# unix_time, cycles_done, cur_path, paths_total, pending_total, pending_favs, map_size, unique_crashes, unique_hangs, max_depth, execs_per_sec
1746611932, 0, 0, 1, 1, 1, 4.88%, 0, 0, 1, 43.48
1746611937, 0, 0, 24, 24, 1, 6.10%, 0, 0, 2, 41.38
1746611942, 0, 0, 48, 48, 1, 6.10%, 0, 0, 2, 42.03
1746611947, 0, 0, 72, 72, 1, 6.10%, 0, 0, 2, 42.67
1746611953, 0, 0, 93, 93, 1, 6.24%, 0, 0, 2, 40.00
1746611958, 0, 0, 109, 109, 1, 6.25%, 0, 0, 2, 36.76
1746611963, 0, 0, 119, 119, 1, 7.25%, 0, 0, 2, 35.05
1746611968, 0, 0, 125, 125, 1, 7.34%, 0, 0, 2, 22.03
1746611973, 0, 0, 141, 141, 1, 7.60%, 0, 0, 2, 32.16
1746611978, 0, 0, 154, 154, 1, 7.68%, 0, 0, 2, 29.26
1746611984, 0, 0, 159, 159, 1, 7.69%, 0, 0, 2, 20.24
1746611989, 0, 0, 170, 170, 1, 7.69%, 0, 0, 2, 27.93
1746611994, 0, 0, 181, 181, 1, 7.69%, 0, 0, 2, 29.88
1746611999, 0, 0, 194, 194, 1, 7.69%, 0, 0, 2, 32.15
1746612004, 0, 0, 204, 204, 1, 7.89%, 0, 0, 2, 31.48
1746612009, 0, 0, 212, 212, 1, 7.89%, 0, 0, 2, 25.51
1746612014, 0, 0, 219, 219, 1, 8.03%, 0, 0, 2, 23.45
1746612019, 0, 0, 229, 229, 1, 8.03%, 0, 0, 2, 31.53
1746612025, 0, 0, 237, 237, 1, 8.03%, 0, 0, 2, 24.82
1746612030, 0, 0, 243, 243, 1, 8.18%, 0, 0, 2, 22.09
1746612035, 0, 0, 250, 250, 1, 8.19%, 0, 0, 2, 21.76
1746612040, 0, 0, 254, 254, 1, 8.19%, 0, 0, 2, 18.91
1746612045, 0, 0, 261, 261, 1, 8.19%, 0, 0, 2, 22.99
1746612050, 0, 0, 267, 267, 1, 8.19%, 0, 0, 2, 23.48
1746612055, 0, 0, 273, 273, 1, 8.20%, 0, 0, 2, 22.84
1746612060, 0, 0, 281, 281, 1, 8.20%, 0, 0, 2, 26.65
1746612065, 0, 0, 290, 290, 1, 8.20%, 0, 0, 2, 26.55
1746612071, 0, 0, 293, 293, 1, 8.20%, 0, 0, 2, 24.75
1746612076, 0, 0, 297, 297, 1, 8.20%, 0, 0, 2, 19.97
1746612081, 0, 0, 305, 305, 1, 8.20%, 0, 0, 2, 24.70
1746612086, 0, 0, 312, 312, 1, 8.20%, 0, 0, 2, 23.70
1746612091, 0, 0, 316, 316, 1, 8.35%, 0, 0, 2, 17.74
1746612096, 0, 0, 321, 321, 1, 8.35%, 0, 0, 2, 23.50
1746612101, 0, 0, 327, 327, 1, 8.35%, 0, 0, 2, 23.15
1746612107, 0, 0, 332, 332, 1, 8.35%, 0, 0, 2, 24.64
1746612112, 0, 0, 335, 335, 1, 8.35%, 0, 0, 2, 24.96
1746612117, 0, 0, 340, 340, 1, 8.35%, 0, 0, 2, 25.97
1746612122, 0, 0, 344, 344, 1, 8.35%, 0, 0, 2, 30.12
1746612127, 0, 0, 348, 348, 1, 8.35%, 0, 0, 2, 22.85
1746612132, 0, 0, 352, 352, 1, 8.35%, 0, 0, 2, 20.47
1746612137, 0, 0, 358, 358, 1, 8.43%, 0, 0, 2, 4.93
1746612142, 0, 0, 362, 362, 1, 8.43%, 0, 0, 2, 25.90
1746612147, 0, 0, 368, 368, 1, 8.43%, 0, 0, 2, 26.40
1746612152, 0, 0, 370, 370, 1, 8.43%, 0, 0, 2, 28.31
1746612158, 0, 0, 375, 375, 1, 8.43%, 0, 0, 2, 24.60
1746612163, 0, 0, 380, 380, 1, 8.43%, 0, 0, 2, 16.55
1746612168, 0, 0, 384, 384, 1, 8.43%, 0, 0, 2, 23.24
1746612173, 0, 0, 389, 389, 1, 8.43%, 0, 0, 2, 20.52
1746612178, 0, 0, 393, 393, 1, 8.43%, 0, 0, 2, 23.35
1746612183, 0, 0, 394, 394, 1, 8.43%, 0, 0, 2, 25.69
1746612188, 0, 0, 399, 399, 1, 8.43%, 0, 0, 2, 22.06
1746612193, 0, 0, 405, 405, 1, 8.43%, 0, 0, 2, 14.95
1746612199, 0, 0, 410, 410, 1, 8.43%, 0, 0, 2, 23.11
1746612204, 0, 0, 411, 411, 1, 8.43%, 0, 0, 2, 27.27
1746612209, 0, 0, 416, 416, 1, 8.43%, 0, 0, 2, 25.41
1746612214, 0, 0, 419, 419, 1, 8.44%, 0, 0, 2, 28.61
1746612220, 0, 0, 424, 424, 1, 8.44%, 0, 0, 2, 23.69
1746612225, 0, 0, 426, 426, 1, 8.44%, 0, 0, 2, 25.74
1746612230, 0, 0, 430, 430, 1, 8.44%, 0, 0, 2, 26.91
1746612235, 0, 0, 433, 433, 1, 8.44%, 0, 0, 2, 25.96
1746612240, 0, 0, 436, 436, 1, 8.44%, 0, 0, 2, 25.88
1746612245, 0, 0, 439, 439, 1, 8.44%, 0, 0, 2, 20.40
1746612250, 0, 0, 442, 442, 1, 8.44%, 0, 0, 2, 21.69
1746612255, 0, 0, 446, 446, 1, 8.44%, 0, 0, 2, 24.07
1746612260, 0, 0, 448, 448, 1, 8.44%, 0, 0, 2, 24.86
1746612265, 0, 0, 451, 451, 1, 8.44%, 0, 0, 2, 24.15
1746612271, 0, 0, 454, 454, 1, 8.44%, 0, 0, 2, 22.67
1746612276, 0, 0, 457, 457, 1, 8.44%, 0, 0, 2, 24.82
1746612281, 0, 0, 459, 459, 1, 8.45%, 0, 0, 2, 25.08
1746612286, 0, 0, 462, 462, 1, 8.45%, 0, 0, 2, 25.35
1746612291, 0, 0, 464, 464, 1, 8.45%, 0, 0, 2, 26.74
1746612296, 0, 0, 467, 467, 1, 8.45%, 0, 0, 2, 24.13
1746612301, 0, 0, 469, 469, 1, 8.45%, 0, 0, 2, 26.37
1746612306, 0, 0, 472, 472, 1, 8.45%, 0, 0, 2, 24.22
1746612311, 0, 0, 474, 474, 1, 8.45%, 0, 0, 2, 24.94
1746612316, 0, 0, 477, 477, 1, 8.45%, 0, 0, 2, 4.92
1746612321, 0, 0, 480, 480, 1, 8.45%, 0, 0, 2, 25.21
1746612327, 0, 0, 482, 482, 1, 8.45%, 0, 0, 2, 4.78
1746612332, 0, 0, 484, 484, 1, 8.45%, 0, 0, 2, 28.50
1746612337, 0, 0, 486, 486, 1, 8.45%, 0, 0, 2, 26.80
1746612342, 0, 0, 489, 489, 1, 8.45%, 0, 0, 2, 20.44
1746612357, 0, 0, 491, 491, 1, 8.45%, 0, 0, 2, 27.94
1746612362, 0, 0, 494, 494, 1, 8.45%, 0, 0, 2, 23.16
1746612367, 0, 0, 499, 499, 1, 8.45%, 0, 0, 2, 20.00
1746612373, 0, 0, 502, 502, 1, 8.45%, 0, 0, 2, 18.61
1746612378, 0, 1, 503, 502, 19, 8.45%, 0, 0, 3, 23.39
1746612383, 0, 1, 507, 506, 19, 8.45%, 0, 0, 3, 24.68
1746612388, 0, 1, 510, 509, 19, 8.45%, 0, 0, 3, 19.28
1746612393, 0, 1, 511, 510, 19, 8.45%, 0, 0, 3, 26.46
1746612398, 0, 1, 513, 512, 19, 8.45%, 0, 0, 3, 21.36
1746612403, 0, 1, 516, 515, 19, 8.45%, 0, 0, 3, 19.39
1746612409, 0, 1, 518, 517, 19, 8.45%, 0, 0, 3, 21.19
1746612414, 0, 1, 521, 520, 19, 8.45%, 0, 0, 3, 22.72
1746612419, 0, 1, 522, 521, 19, 8.45%, 0, 0, 3, 23.89
1746612424, 0, 1, 525, 524, 19, 8.45%, 0, 0, 3, 23.26
1746612434, 0, 1, 528, 527, 19, 8.45%, 0, 0, 3, 23.14
1746612439, 0, 1, 531, 530, 19, 8.45%, 0, 0, 3, 25.35
1746612444, 0, 1, 532, 531, 19, 8.45%, 0, 0, 3, 28.60
1746612449, 0, 1, 534, 533, 19, 8.45%, 0, 0, 3, 27.75
1746612454, 0, 1, 535, 534, 19, 8.45%, 0, 0, 3, 25.80
1746612460, 0, 1, 537, 536, 19, 8.45%, 0, 0, 3, 25.77
1746612470, 0, 1, 540, 539, 19, 8.45%, 0, 0, 3, 23.96
1746612475, 0, 1, 542, 541, 19, 8.45%, 0, 0, 3, 22.63
1746612480, 0, 1, 543, 542, 19, 8.45%, 0, 0, 3, 25.52
1746612485, 0, 1, 545, 544, 19, 8.45%, 0, 0, 3, 24.57
1746612490, 0, 1, 546, 545, 19, 8.45%, 0, 0, 3, 27.45
1746612496, 0, 1, 548, 547, 19, 8.45%, 0, 0, 3, 25.61
1746612501, 0, 1, 549, 548, 19, 8.45%, 0, 0, 3, 21.14
1746612506, 0, 1, 552, 551, 19, 8.45%, 0, 0, 3, 22.17
1746612511, 0, 1, 554, 553, 19, 8.45%, 0, 0, 3, 18.72
1746612516, 0, 1, 556, 555, 19, 8.45%, 0, 0, 3, 26.49
1746612521, 0, 1, 559, 558, 19, 8.45%, 0, 0, 3, 19.47
1746612526, 0, 1, 561, 560, 19, 8.45%, 0, 0, 3, 19.57
1746612531, 0, 1, 562, 561, 19, 8.45%, 0, 0, 3, 25.06
1746612537, 0, 1, 563, 562, 19, 8.45%, 0, 0, 3, 26.11
1746612547, 0, 1, 565, 564, 19, 8.45%, 0, 0, 3, 25.21
1746612552, 0, 1, 567, 566, 19, 8.45%, 0, 0, 3, 19.91
1746612557, 0, 1, 569, 568, 19, 8.45%, 0, 0, 3, 22.83
1746612562, 0, 1, 570, 569, 19, 8.45%, 0, 0, 3, 26.20
1746612567, 0, 1, 571, 570, 19, 8.45%, 0, 0, 3, 29.50
1746612573, 0, 1, 574, 573, 19, 8.45%, 0, 0, 3, 31.19
1746612578, 0, 1, 575, 574, 19, 8.45%, 0, 0, 3, 26.16
1746612583, 0, 1, 577, 576, 19, 8.45%, 0, 0, 3, 23.09
1746612588, 0, 1, 578, 577, 19, 8.45%, 0, 0, 3, 27.25
1746612593, 0, 1, 579, 578, 19, 8.45%, 0, 0, 3, 27.64
1746612598, 0, 1, 580, 579, 19, 8.45%, 0, 0, 3, 29.32
1746612603, 0, 1, 581, 580, 19, 8.45%, 0, 0, 3, 24.15
1746612609, 0, 1, 582, 581, 19, 8.45%, 0, 0, 3, 24.31
1746612614, 0, 1, 583, 582, 19, 8.45%, 0, 0, 3, 25.14
1746612619, 0, 1, 585, 584, 19, 8.45%, 0, 0, 3, 24.40
1746612624, 0, 1, 586, 585, 19, 8.45%, 0, 0, 3, 26.10
1746612629, 0, 1, 587, 586, 19, 8.45%, 0, 0, 3, 26.56
1746612639, 0, 1, 589, 588, 19, 8.45%, 0, 0, 3, 23.31
1746612644, 0, 1, 590, 589, 19, 8.45%, 0, 0, 3, 28.92
1746612649, 0, 1, 591, 590, 19, 8.45%, 0, 0, 3, 27.37
1746612654, 0, 1, 593, 592, 19, 8.45%, 0, 0, 3, 23.31
1746612659, 0, 1, 594, 593, 19, 8.45%, 0, 0, 3, 26.98
1746612665, 0, 1, 597, 596, 19, 8.45%, 0, 0, 3, 26.37
1746612675, 0, 1, 598, 597, 19, 8.45%, 0, 0, 3, 28.34
1746612680, 0, 78, 599, 597, 21, 8.45%, 0, 0, 3, 28.96
1746612690, 0, 78, 601, 599, 21, 8.45%, 0, 0, 3, 31.21
1746612701, 0, 78, 602, 600, 21, 8.45%, 0, 0, 3, 32.86
1746612706, 0, 78, 603, 601, 21, 8.45%, 0, 0, 3, 31.74
1746612711, 0, 78, 604, 602, 21, 8.45%, 0, 0, 3, 33.19
1746612716, 0, 78, 606, 604, 21, 8.45%, 0, 0, 3, 29.66
1746612721, 0, 78, 608, 606, 21, 8.45%, 0, 0, 3, 22.55
1746612726, 0, 78, 609, 607, 21, 8.45%, 0, 0, 3, 29.51
1746612731, 0, 78, 610, 608, 21, 8.45%, 0, 0, 3, 30.27
1746612737, 0, 78, 611, 609, 21, 8.46%, 0, 0, 3, 2.64
1746612747, 0, 78, 613, 611, 21, 8.46%, 0, 0, 3, 29.53
1746612757, 0, 78, 614, 612, 21, 8.46%, 0, 0, 3, 28.55
1746612762, 0, 78, 615, 613, 21, 8.46%, 0, 0, 3, 26.45
1746612767, 0, 78, 616, 614, 21, 8.46%, 0, 0, 3, 32.05
1746612772, 0, 78, 620, 618, 21, 8.46%, 0, 0, 3, 25.63
1746612788, 0, 78, 623, 621, 21, 8.46%, 0, 0, 3, 27.08
1746612793, 0, 78, 624, 622, 21, 8.46%, 0, 0, 3, 30.11
1746612803, 0, 78, 627, 625, 21, 8.46%, 0, 0, 3, 20.82
1746612814, 0, 78, 629, 627, 21, 8.46%, 0, 0, 3, 30.46
1746612819, 0, 102, 631, 628, 21, 8.46%, 0, 0, 3, 31.12
1746612839, 0, 102, 632, 629, 21, 8.46%, 0, 0, 3, 27.54
1746612844, 0, 102, 633, 630, 21, 8.46%, 0, 0, 3, 29.16
1746612849, 0, 102, 635, 632, 21, 8.46%, 0, 0, 3, 28.40
1746612855, 0, 102, 637, 634, 21, 8.46%, 0, 0, 3, 16.28
1746612870, 0, 102, 639, 636, 21, 8.46%, 0, 0, 3, 27.16
1746612875, 0, 102, 641, 638, 21, 8.46%, 0, 0, 3, 23.71
1746612885, 0, 102, 643, 640, 21, 8.46%, 0, 0, 3, 23.20
1746612890, 0, 102, 644, 641, 21, 8.46%, 0, 0, 3, 23.42
1746612895, 0, 102, 645, 642, 21, 8.46%, 0, 0, 3, 26.51
1746612901, 0, 102, 647, 644, 21, 8.46%, 0, 0, 3, 18.54
1746612921, 0, 102, 648, 645, 21, 8.46%, 0, 0, 3, 29.36
1746612931, 0, 102, 650, 647, 21, 8.46%, 0, 0, 3, 26.27
1746612936, 0, 102, 651, 648, 21, 8.46%, 0, 0, 3, 29.47
1746612941, 0, 102, 652, 649, 21, 8.46%, 0, 0, 3, 25.19
1746612947, 0, 102, 654, 651, 21, 8.46%, 0, 0, 3, 27.86
1746612952, 0, 102, 655, 652, 21, 8.46%, 0, 0, 3, 26.03
1746612962, 0, 102, 656, 653, 21, 8.46%, 0, 0, 3, 24.79
1746612983, 0, 102, 657, 654, 21, 8.46%, 0, 0, 3, 27.34
1746612988, 0, 102, 659, 656, 21, 8.46%, 0, 0, 3, 24.83
1746612993, 0, 102, 660, 657, 21, 8.46%, 0, 0, 3, 27.73
1746612998, 0, 102, 662, 659, 21, 8.46%, 0, 0, 3, 25.70
1746613003, 0, 102, 664, 661, 21, 8.46%, 0, 0, 3, 21.90
1746613013, 0, 102, 665, 662, 21, 8.46%, 0, 0, 3, 28.59
1746613019, 0, 102, 666, 663, 21, 8.46%, 0, 0, 3, 4.62
1746613024, 0, 102, 668, 665, 21, 8.46%, 0, 0, 3, 4.85
1746613029, 0, 102, 669, 666, 21, 8.46%, 0, 0, 3, 28.42
1746613034, 0, 102, 670, 667, 21, 8.46%, 0, 0, 3, 27.00
1746613039, 0, 102, 671, 668, 21, 8.46%, 0, 0, 3, 26.93
1746613044, 0, 102, 673, 670, 21, 8.46%, 0, 0, 3, 23.98
1746613049, 0, 102, 675, 672, 21, 8.46%, 0, 0, 3, 26.17
1746613054, 0, 102, 677, 674, 21, 8.46%, 0, 0, 3, 26.24
1746613059, 0, 102, 679, 676, 21, 8.46%, 0, 0, 3, 25.56
1746613065, 0, 102, 680, 677, 21, 8.46%, 0, 0, 3, 23.77
1746613080, 0, 102, 681, 678, 21, 8.46%, 0, 0, 3, 27.23
1746613085, 0, 102, 682, 679, 21, 8.46%, 0, 0, 3, 26.84
1746613095, 0, 102, 684, 681, 21, 8.46%, 0, 0, 3, 28.60
1746613100, 0, 102, 685, 682, 21, 8.46%, 0, 0, 3, 27.41
1746613105, 0, 102, 686, 683, 21, 8.46%, 0, 0, 3, 25.76
1746613110, 0, 102, 687, 684, 21, 8.46%, 0, 0, 3, 25.74
1746613116, 0, 154, 688, 684, 21, 8.46%, 0, 0, 3, 15.98
1746613126, 0, 154, 691, 687, 21, 8.46%, 0, 0, 3, 11.71
1746613136, 0, 154, 693, 689, 21, 8.46%, 0, 0, 3, 10.70
1746613141, 0, 154, 694, 690, 21, 8.46%, 0, 0, 3, 13.00
1746613146, 0, 154, 695, 691, 21, 8.46%, 0, 0, 3, 12.89
1746613167, 0, 154, 696, 692, 21, 8.46%, 0, 0, 3, 10.24
1746613172, 0, 154, 700, 696, 21, 8.46%, 0, 0, 3, 9.88
1746613177, 0, 154, 703, 699, 21, 8.46%, 0, 0, 3, 9.81
1746613187, 0, 154, 705, 701, 21, 8.46%, 0, 0, 3, 12.24
1746613198, 0, 154, 706, 702, 21, 8.46%, 0, 0, 3, 12.27
1746613208, 0, 154, 707, 703, 21, 8.46%, 0, 0, 3, 17.93
1746613213, 0, 154, 708, 704, 21, 8.46%, 0, 0, 3, 14.72
1746613218, 0, 154, 709, 705, 21, 8.46%, 0, 0, 3, 13.20
1746613228, 0, 241, 710, 705, 21, 8.46%, 0, 0, 3, 15.99
1746613233, 0, 241, 713, 708, 21, 8.46%, 0, 0, 3, 9.79
1746613239, 0, 241, 715, 710, 21, 8.46%, 0, 0, 3, 7.57
1746613249, 0, 241, 718, 713, 21, 8.46%, 0, 0, 3, 6.91
1746613254, 0, 241, 719, 714, 21, 8.46%, 0, 0, 3, 6.55
1746613259, 0, 241, 720, 715, 21, 8.46%, 0, 0, 3, 7.82
1746613265, 0, 241, 722, 717, 21, 8.46%, 0, 0, 3, 6.72
1746613270, 0, 241, 723, 718, 21, 8.46%, 0, 0, 3, 7.01
1746613275, 0, 241, 724, 719, 21, 8.46%, 0, 0, 3, 7.53
1746613290, 0, 241, 725, 720, 21, 8.46%, 0, 0, 3, 8.35
1746613342, 0, 241, 726, 721, 21, 8.46%, 0, 0, 3, 9.05
1746613347, 0, 241, 727, 722, 21, 8.46%, 0, 0, 3, 7.50
1746613352, 0, 241, 728, 723, 21, 8.46%, 0, 0, 3, 12.10
1746613357, 0, 241, 730, 725, 21, 8.46%, 0, 0, 3, 8.65
1746613363, 0, 241, 732, 727, 21, 8.46%, 0, 0, 3, 7.33
1746613368, 0, 241, 734, 729, 21, 8.46%, 0, 0, 3, 6.78
1746613373, 0, 241, 736, 731, 21, 8.46%, 0, 0, 3, 6.69
1746613378, 0, 241, 737, 732, 21, 8.46%, 0, 0, 3, 6.77
1746613393, 0, 241, 738, 733, 21, 8.46%, 0, 0, 3, 9.13
1746613399, 0, 241, 739, 734, 21, 8.46%, 0, 0, 3, 7.10
1746613404, 0, 241, 742, 737, 21, 8.46%, 0, 0, 3, 7.73
1746613409, 0, 241, 745, 740, 21, 8.46%, 0, 0, 3, 7.82
1746613414, 0, 241, 746, 741, 21, 8.46%, 0, 0, 3, 10.28
1746613419, 0, 241, 748, 743, 21, 8.46%, 0, 0, 3, 12.49
1746613429, 0, 241, 749, 744, 21, 8.46%, 0, 0, 3, 17.06
1746613440, 0, 241, 750, 745, 21, 8.46%, 0, 0, 3, 17.36
1746613445, 0, 241, 751, 746, 21, 8.46%, 0, 0, 3, 19.40
1746613455, 0, 241, 754, 749, 21, 8.46%, 0, 0, 3, 17.03
1746613460, 0, 241, 756, 751, 21, 8.46%, 0, 0, 3, 14.23
1746613470, 0, 241, 757, 752, 21, 8.46%, 0, 0, 3, 15.78
1746613475, 0, 241, 759, 754, 21, 8.46%, 0, 0, 3, 16.51
1746613480, 0, 241, 761, 756, 21, 8.46%, 0, 0, 3, 14.22
1746613501, 0, 241, 762, 757, 21, 8.46%, 0, 0, 3, 16.84
1746613517, 0, 241, 764, 759, 21, 8.46%, 0, 0, 3, 15.17
1746613522, 0, 241, 766, 761, 21, 8.46%, 0, 0, 3, 15.75
1746613527, 0, 241, 767, 762, 21, 8.46%, 0, 0, 3, 14.72
1746613548, 0, 241, 768, 763, 21, 8.46%, 0, 0, 3, 18.15
1746613553, 0, 241, 769, 764, 21, 8.46%, 0, 0, 3, 16.48
1746613558, 0, 241, 770, 765, 21, 8.46%, 0, 0, 3, 19.02
1746613573, 0, 241, 771, 766, 21, 8.46%, 0, 0, 3, 20.99
1746613579, 0, 241, 772, 767, 21, 8.46%, 0, 0, 3, 18.54
1746613584, 0, 241, 773, 768, 21, 8.46%, 0, 0, 3, 21.17
1746613589, 0, 241, 774, 769, 21, 8.46%, 0, 0, 3, 17.76
1746613594, 0, 241, 775, 770, 21, 8.46%, 0, 0, 3, 17.95
1746613604, 0, 241, 776, 771, 21, 8.46%, 0, 0, 3, 15.82
1746613615, 0, 241, 777, 772, 21, 8.46%, 0, 0, 3, 4.27
1746613630, 0, 241, 779, 774, 21, 8.46%, 0, 0, 3, 17.51
1746613635, 0, 241, 780, 775, 21, 8.46%, 0, 0, 3, 16.80
1746613645, 0, 241, 781, 776, 21, 8.46%, 0, 0, 3, 16.19
1746613650, 0, 241, 782, 777, 21, 8.46%, 0, 0, 3, 16.70
1746613665, 0, 241, 783, 778, 21, 8.46%, 0, 0, 3, 17.90
1746613686, 0, 241, 785, 780, 21, 8.46%, 0, 0, 3, 14.89
1746613696, 0, 241, 787, 782, 21, 8.46%, 0, 0, 3, 18.34
1746613706, 0, 241, 789, 784, 21, 8.46%, 0, 0, 3, 18.95
1746613711, 0, 241, 790, 785, 21, 8.46%, 0, 0, 3, 18.54
1746613716, 0, 241, 791, 786, 21, 8.46%, 0, 0, 3, 17.94
1746613742, 0, 241, 792, 787, 21, 8.46%, 0, 0, 3, 18.87
1746613752, 0, 241, 794, 789, 21, 8.46%, 0, 0, 3, 15.71
1746613757, 0, 241, 795, 790, 21, 8.46%, 0, 0, 3, 15.47
1746613767, 0, 241, 796, 791, 21, 8.46%, 0, 0, 3, 14.93
1746613798, 0, 241, 797, 792, 21, 8.46%, 0, 0, 3, 17.58
1746613813, 0, 256, 797, 791, 23, 8.46%, 0, 0, 3, 23.14
1746613829, 0, 315, 798, 791, 23, 8.46%, 0, 0, 3, 20.84
1746613834, 0, 315, 800, 793, 23, 8.46%, 0, 0, 3, 11.93
1746613854, 0, 315, 801, 794, 23, 8.46%, 0, 0, 3, 15.61
1746613859, 0, 315, 802, 795, 23, 8.46%, 0, 0, 3, 16.94
1746613890, 0, 315, 803, 796, 23, 8.46%, 0, 0, 3, 8.84
1746613901, 0, 315, 804, 797, 23, 8.46%, 0, 0, 3, 13.14
1746613926, 0, 315, 805, 798, 23, 8.46%, 0, 0, 3, 15.78
1746613937, 0, 315, 807, 800, 23, 8.46%, 0, 0, 3, 13.75
1746613942, 0, 315, 810, 803, 23, 8.46%, 0, 0, 3, 13.46
1746613952, 0, 333, 815, 807, 23, 8.46%, 0, 0, 3, 25.41
1746613957, 0, 333, 816, 808, 23, 8.46%, 0, 0, 3, 26.19
1746613962, 0, 333, 819, 811, 23, 8.46%, 0, 0, 3, 25.78
1746613972, 0, 333, 821, 813, 23, 8.46%, 0, 0, 3, 27.76
1746613977, 0, 333, 822, 814, 23, 8.46%, 0, 0, 3, 27.68
1746614023, 0, 345, 822, 813, 24, 8.46%, 0, 0, 3, 22.12
1746614100, 0, 345, 823, 814, 24, 8.46%, 0, 0, 3, 10.42
1746614110, 0, 345, 824, 815, 24, 8.46%, 0, 0, 3, 17.18
1746614131, 0, 401, 825, 815, 23, 8.46%, 0, 0, 3, 17.14
1746614136, 0, 401, 828, 818, 23, 8.46%, 0, 0, 3, 15.14
1746614141, 0, 401, 829, 819, 23, 8.46%, 0, 0, 3, 14.42
1746614146, 0, 401, 830, 820, 23, 8.46%, 0, 0, 3, 16.22
1746614171, 0, 401, 831, 821, 23, 8.46%, 0, 0, 3, 13.99
1746614197, 0, 401, 833, 823, 23, 8.46%, 0, 0, 3, 18.05
1746614202, 0, 401, 835, 825, 23, 8.46%, 0, 0, 3, 14.63
1746614207, 0, 401, 836, 826, 23, 8.46%, 0, 0, 3, 12.28
1746614212, 0, 401, 837, 827, 23, 8.46%, 0, 0, 3, 20.19
1746614217, 0, 401, 839, 829, 23, 8.46%, 0, 0, 3, 15.49
1746614223, 0, 401, 840, 830, 23, 8.46%, 0, 0, 3, 12.06
1746614228, 0, 401, 842, 832, 23, 8.46%, 0, 0, 3, 11.17
1746614238, 0, 401, 843, 833, 23, 8.46%, 0, 0, 3, 19.36
1746614243, 0, 401, 845, 835, 23, 8.46%, 0, 0, 3, 22.69
1746614279, 0, 401, 846, 836, 23, 8.46%, 0, 0, 3, 20.06
1746614284, 0, 401, 847, 837, 23, 8.46%, 0, 0, 3, 21.12
1746614310, 0, 401, 848, 838, 23, 8.46%, 0, 0, 3, 19.81
1746614320, 0, 401, 849, 839, 23, 8.46%, 0, 0, 3, 20.77
1746614341, 0, 401, 850, 840, 23, 8.46%, 0, 0, 3, 23.33
1746614366, 0, 401, 851, 841, 23, 8.46%, 0, 0, 3, 21.32
1746614381, 0, 401, 852, 842, 23, 8.46%, 0, 0, 3, 3.71
1746614397, 0, 401, 853, 843, 23, 8.46%, 0, 0, 3, 22.46
1746614402, 0, 401, 854, 844, 23, 8.46%, 0, 0, 3, 3.05
1746614407, 0, 401, 855, 845, 23, 8.46%, 0, 0, 3, 20.44
1746614417, 0, 401, 856, 846, 23, 8.46%, 0, 0, 3, 18.71
1746614437, 0, 401, 857, 847, 23, 8.46%, 0, 0, 3, 22.69
1746614442, 0, 401, 858, 848, 23, 8.46%, 0, 0, 3, 16.71
1746614453, 0, 401, 859, 849, 23, 8.46%, 0, 0, 3, 19.85
1746614499, 0, 401, 860, 850, 23, 8.46%, 0, 0, 3, 22.64
1746614514, 0, 401, 861, 851, 23, 8.46%, 0, 0, 3, 21.21
1746614530, 0, 401, 862, 852, 23, 8.46%, 0, 0, 3, 21.42
1746614550, 0, 402, 863, 852, 24, 8.46%, 0, 0, 3, 12.74
1746614596, 0, 402, 864, 853, 24, 8.46%, 0, 0, 3, 9.90
1746614606, 0, 402, 866, 855, 24, 8.46%, 0, 0, 3, 12.07
1746614611, 0, 402, 868, 857, 24, 8.46%, 0, 0, 3, 12.75
1746614621, 0, 402, 869, 858, 24, 8.46%, 0, 0, 3, 17.54
1746614627, 0, 429, 869, 857, 23, 8.46%, 0, 0, 3, 20.32
1746614647, 0, 429, 871, 859, 23, 8.47%, 0, 0, 3, 14.18
1746614652, 0, 429, 873, 861, 23, 8.47%, 0, 0, 3, 14.97
1746614713, 0, 429, 874, 862, 23, 8.47%, 0, 0, 3, 14.23
1746614734, 0, 429, 875, 863, 23, 8.47%, 0, 0, 3, 17.98
1746614749, 0, 457, 875, 862, 23, 8.47%, 0, 0, 3, 18.75
1746614754, 0, 457, 876, 863, 23, 8.47%, 0, 0, 3, 15.17
1746614765, 0, 457, 878, 865, 23, 8.47%, 0, 0, 3, 13.72
1746614770, 0, 457, 880, 867, 23, 8.47%, 0, 0, 3, 15.80
1746614780, 0, 457, 881, 868, 23, 8.47%, 0, 0, 3, 16.82
1746614785, 0, 457, 883, 870, 23, 8.47%, 0, 0, 3, 14.62
1746614826, 0, 457, 884, 871, 23, 8.47%, 0, 0, 3, 15.70
1746614831, 0, 457, 885, 872, 23, 8.47%, 0, 0, 3, 18.90
1746614851, 0, 460, 885, 871, 23, 8.47%, 0, 0, 3, 16.43
1746614908, 0, 473, 885, 870, 22, 8.47%, 0, 0, 3, 24.75
1746614913, 0, 473, 886, 871, 22, 8.47%, 0, 0, 3, 20.77
1746614933, 0, 473, 887, 872, 22, 8.47%, 0, 0, 3, 26.48
1746614943, 0, 480, 888, 872, 21, 8.47%, 0, 0, 3, 23.53
1746614948, 0, 480, 890, 874, 21, 8.47%, 0, 0, 3, 22.20
1746614963, 0, 504, 890, 873, 21, 8.47%, 0, 0, 3, 27.75
1746614989, 0, 536, 890, 872, 21, 8.47%, 0, 0, 3, 24.53
1746614994, 0, 536, 891, 873, 21, 8.47%, 0, 0, 4, 22.00
1746615009, 0, 541, 891, 872, 20, 8.47%, 0, 0, 4, 24.27
1746615014, 0, 541, 894, 875, 20, 8.47%, 0, 0, 4, 20.12
1746615019, 0, 541, 895, 876, 20, 8.47%, 0, 0, 4, 20.46
1746615030, 0, 541, 896, 877, 20, 8.47%, 0, 0, 4, 34.46
1746615035, 0, 541, 898, 879, 20, 8.47%, 0, 0, 4, 26.84
1746615081, 0, 541, 899, 880, 20, 8.47%, 0, 0, 4, 23.75
1746615126, 0, 541, 901, 882, 20, 8.47%, 0, 0, 4, 23.24
1746615142, 0, 541, 902, 883, 20, 8.47%, 0, 0, 4, 23.76
1746615178, 0, 541, 903, 884, 20, 8.47%, 0, 0, 4, 24.48
1746615254, 0, 541, 904, 885, 20, 8.47%, 0, 0, 4, 23.49
1746615285, 0, 557, 904, 884, 20, 8.47%, 0, 0, 4, 23.97
1746615290, 0, 557, 906, 886, 20, 8.47%, 0, 0, 4, 13.61
1746615316, 0, 557, 907, 887, 20, 8.47%, 0, 0, 4, 9.42
1746615332, 0, 557, 908, 888, 20, 8.47%, 0, 0, 4, 8.16
1746615444, 0, 557, 909, 889, 20, 8.47%, 0, 0, 4, 9.10
1746615521, 0, 557, 910, 890, 20, 8.47%, 0, 0, 4, 8.99
1746615532, 0, 579, 910, 889, 20, 8.47%, 0, 0, 4, 19.80
1746615557, 0, 610, 910, 888, 19, 8.47%, 0, 0, 4, 3.33
1746615563, 0, 610, 911, 889, 19, 8.47%, 0, 0, 4, 2.93
1746615568, 0, 610, 912, 890, 19, 8.47%, 0, 0, 4, 3.80
1746615578, 0, 610, 914, 892, 19, 8.47%, 0, 0, 4, 4.80
1746615589, 0, 610, 915, 893, 19, 8.47%, 0, 0, 4, 4.26
1746615599, 0, 610, 916, 894, 19, 8.47%, 0, 0, 4, 3.63
1746615604, 0, 610, 917, 895, 19, 8.47%, 0, 0, 4, 3.63
1746615609, 0, 610, 918, 896, 19, 8.47%, 0, 0, 4, 3.54
1746615620, 0, 610, 919, 897, 19, 8.47%, 0, 0, 4, 3.20
1746615625, 0, 610, 921, 899, 19, 8.47%, 0, 0, 4, 3.37
1746615630, 0, 610, 922, 900, 19, 8.47%, 0, 0, 4, 3.31
1746615636, 0, 610, 924, 902, 19, 8.47%, 0, 0, 4, 3.12
1746615641, 0, 610, 925, 903, 19, 8.47%, 0, 0, 4, 2.95
1746615646, 0, 610, 926, 904, 19, 8.47%, 0, 0, 4, 2.90
1746615651, 0, 610, 927, 905, 19, 8.47%, 0, 0, 4, 2.95
1746615662, 0, 610, 929, 907, 19, 8.47%, 0, 0, 4, 2.75
1746615667, 0, 610, 930, 908, 19, 8.47%, 0, 0, 4, 2.68
1746615672, 0, 610, 931, 909, 19, 8.47%, 0, 0, 4, 2.63
1746615682, 0, 610, 933, 911, 19, 8.47%, 0, 0, 4, 2.55
1746615688, 0, 610, 934, 912, 19, 8.47%, 0, 0, 4, 2.60
1746615698, 0, 610, 935, 913, 19, 8.47%, 0, 0, 4, 4.75
1746615719, 0, 610, 936, 914, 19, 8.47%, 0, 0, 4, 3.98
1746615740, 0, 610, 937, 915, 19, 8.47%, 0, 0, 4, 3.48
1746615745, 0, 610, 938, 916, 19, 8.47%, 0, 0, 4, 2.95
1746615750, 0, 610, 939, 917, 19, 8.47%, 0, 0, 4, 2.83
1746615755, 0, 610, 940, 918, 19, 8.47%, 0, 0, 4, 2.88
1746615760, 0, 610, 941, 919, 19, 8.47%, 0, 0, 4, 2.99
1746615766, 0, 610, 942, 920, 19, 8.47%, 0, 0, 4, 2.75
1746615776, 0, 610, 944, 922, 19, 8.47%, 0, 0, 4, 2.58
1746615802, 0, 610, 945, 923, 19, 8.47%, 0, 0, 4, 5.70
1746615827, 0, 610, 946, 924, 19, 8.47%, 0, 0, 4, 3.76
1746615833, 0, 610, 947, 925, 19, 8.47%, 0, 0, 4, 3.07
1746615838, 0, 610, 948, 926, 19, 8.47%, 0, 0, 4, 2.97
1746615843, 0, 610, 950, 928, 19, 8.47%, 0, 0, 4, 3.13
1746615848, 0, 610, 951, 929, 19, 8.47%, 0, 0, 4, 3.06
1746615859, 0, 610, 952, 930, 19, 8.47%, 0, 0, 4, 2.67
1746615869, 0, 610, 953, 931, 19, 8.47%, 0, 0, 4, 2.54
1746615874, 0, 610, 955, 933, 19, 8.47%, 0, 0, 4, 2.65
1746615900, 0, 610, 956, 934, 19, 8.47%, 0, 0, 4, 3.18
1746615952, 0, 610, 957, 935, 19, 8.47%, 0, 0, 4, 5.69
1746615957, 0, 610, 958, 936, 19, 8.47%, 0, 0, 4, 5.17
1746615992, 0, 610, 959, 937, 19, 8.47%, 0, 0, 4, 4.61
1746616055, 0, 610, 960, 938, 19, 8.47%, 0, 0, 4, 3.90
1746616147, 0, 610, 961, 939, 19, 8.47%, 0, 0, 4, 4.18
1746616152, 0, 610, 962, 940, 19, 8.47%, 0, 0, 4, 3.67
1746616168, 0, 610, 963, 941, 19, 8.47%, 0, 0, 4, 3.85
1746616183, 0, 610, 964, 942, 19, 8.47%, 0, 0, 4, 3.18
1746616188, 0, 610, 965, 943, 19, 8.47%, 0, 0, 4, 2.93
1746616193, 0, 610, 966, 944, 19, 8.47%, 0, 0, 4, 2.86
1746616199, 0, 610, 967, 945, 19, 8.47%, 0, 0, 4, 2.83
1746616204, 0, 610, 968, 946, 19, 8.47%, 0, 0, 4, 2.89
1746616209, 0, 610, 969, 947, 19, 8.47%, 0, 0, 4, 2.77
1746616214, 0, 610, 970, 948, 19, 8.47%, 0, 0, 4, 2.61
1746616256, 0, 610, 971, 949, 19, 8.47%, 0, 0, 4, 3.07
1746616328, 0, 610, 972, 950, 19, 8.47%, 0, 0, 4, 2.49
1746616333, 0, 610, 973, 951, 19, 8.47%, 0, 0, 4, 2.45
1746616412, 0, 610, 974, 952, 19, 8.47%, 0, 0, 4, 3.62
1746616474, 0, 610, 975, 953, 19, 8.47%, 0, 0, 4, 4.34
1746616567, 0, 610, 976, 954, 19, 8.47%, 0, 0, 4, 3.44
1746616634, 0, 610, 977, 955, 19, 8.47%, 0, 0, 4, 3.13
1746616645, 0, 610, 978, 956, 19, 8.47%, 0, 0, 4, 3.04
1746616676, 0, 610, 979, 957, 19, 8.47%, 0, 0, 4, 2.55
1746616681, 0, 610, 981, 959, 19, 8.47%, 0, 0, 4, 2.54
1746616701, 0, 610, 982, 960, 19, 8.47%, 0, 0, 4, 2.40
1746616805, 0, 610, 983, 961, 19, 8.47%, 0, 0, 4, 3.13
1746616873, 0, 610, 984, 962, 19, 8.47%, 0, 0, 4, 3.48
1746616914, 0, 610, 985, 963, 19, 8.47%, 0, 0, 4, 4.55
1746617002, 0, 610, 986, 964, 19, 8.48%, 0, 0, 4, 2.65
1746617090, 0, 610, 987, 965, 19, 8.48%, 0, 0, 4, 3.67
1746617116, 0, 610, 988, 966, 19, 8.48%, 0, 0, 4, 4.05
1746617239, 0, 610, 989, 967, 19, 8.48%, 0, 0, 4, 2.69
1746617250, 0, 610, 990, 968, 19, 8.48%, 0, 0, 4, 2.63
1746617302, 0, 675, 990, 967, 19, 8.48%, 0, 0, 4, 15.38
1746617338, 0, 678, 990, 966, 19, 8.48%, 0, 0, 4, 20.67
1746617363, 0, 678, 991, 967, 19, 8.48%, 0, 0, 4, 10.05
1746617368, 0, 678, 994, 970, 19, 8.48%, 0, 0, 4, 11.79
1746617389, 0, 695, 994, 969, 18, 8.48%, 0, 0, 4, 22.55
1746617409, 0, 695, 995, 970, 18, 8.48%, 0, 0, 4, 11.88
1746617492, 0, 736, 995, 969, 17, 8.48%, 0, 0, 4, 14.12
1746617635, 0, 746, 995, 968, 16, 8.48%, 0, 0, 4, 15.70
1746617661, 0, 746, 996, 969, 16, 8.48%, 0, 0, 4, 13.86
1746617759, 0, 749, 996, 968, 16, 8.48%, 0, 0, 4, 14.85
1746617789, 0, 749, 997, 969, 16, 8.48%, 0, 0, 4, 10.78
1746617815, 0, 791, 998, 969, 15, 8.48%, 0, 0, 4, 21.34
1746617835, 0, 808, 998, 968, 15, 8.48%, 0, 0, 4, 25.90
1746617840, 0, 808, 1000, 970, 15, 8.48%, 0, 0, 4, 21.61
1746617948, 0, 813, 1000, 969, 15, 8.48%, 0, 0, 4, 25.41
1746617958, 0, 813, 1001, 970, 15, 8.48%, 0, 0, 4, 27.83
1746617973, 0, 814, 1001, 969, 14, 8.48%, 0, 0, 4, 29.80
1746617994, 0, 825, 1001, 968, 13, 8.48%, 0, 0, 4, 29.42
1746618004, 0, 825, 1002, 969, 13, 8.48%, 0, 0, 4, 16.26
1746618019, 0, 825, 1004, 971, 13, 8.48%, 0, 0, 4, 15.69
1746618025, 0, 825, 1005, 972, 13, 8.48%, 0, 0, 4, 13.96
1746618096, 0, 828, 1005, 971, 12, 8.48%, 0, 0, 4, 21.17
1746618183, 0, 828, 1006, 972, 12, 8.48%, 0, 0, 4, 15.01
1746618199, 0, 835, 1006, 971, 12, 8.48%, 0, 0, 4, 18.21
1746618209, 0, 835, 1007, 972, 12, 8.48%, 0, 0, 4, 9.53
1746618338, 0, 866, 1007, 971, 12, 8.48%, 0, 0, 4, 15.61
1746618415, 0, 869, 1008, 971, 11, 8.48%, 0, 0, 4, 18.98
1746618497, 0, 869, 1009, 972, 11, 8.48%, 0, 0, 4, 22.21
1746618507, 0, 883, 1010, 972, 11, 8.48%, 0, 0, 4, 22.05
1746618600, 0, 884, 1010, 971, 11, 8.48%, 0, 0, 4, 16.48
1746618605, 0, 884, 1011, 972, 11, 8.48%, 0, 0, 4, 14.27
1746618610, 0, 884, 1012, 973, 11, 8.48%, 0, 0, 4, 13.10
1746618631, 0, 884, 1013, 974, 11, 8.48%, 0, 0, 4, 15.99
1746618672, 0, 884, 1014, 975, 11, 8.48%, 0, 0, 4, 13.47
1746618677, 0, 884, 1015, 976, 11, 8.48%, 0, 0, 4, 17.55
1746618703, 0, 894, 1015, 975, 11, 8.48%, 0, 0, 4, 21.06
1746618728, 0, 894, 1016, 976, 11, 8.48%, 0, 0, 5, 23.39
1746618749, 0, 906, 1016, 975, 10, 8.48%, 0, 0, 5, 21.81
1746618790, 0, 906, 1017, 976, 10, 8.48%, 0, 0, 5, 9.33
1746618892, 0, 906, 1019, 978, 10, 8.48%, 0, 0, 5, 8.28
1746619005, 0, 982, 1019, 977, 10, 8.48%, 0, 0, 5, 13.06
1746619036, 0, 982, 1020, 978, 10, 8.48%, 0, 0, 5, 3.80
1746619108, 0, 982, 1021, 979, 10, 8.48%, 0, 0, 5, 3.72
1746619191, 0, 982, 1022, 980, 10, 8.48%, 0, 0, 5, 3.12
1746619222, 0, 982, 1023, 981, 10, 8.48%, 0, 0, 5, 6.30
1746619459, 0, 982, 1024, 982, 10, 8.64%, 0, 0, 5, 3.97
1746620208, 0, 982, 1025, 983, 10, 8.64%, 0, 0, 5, 6.22
1746620249, 0, 982, 1026, 984, 10, 8.64%, 0, 0, 5, 3.54
1746620434, 0, 982, 1027, 985, 10, 8.64%, 0, 0, 5, 3.49
1746620460, 0, 982, 1028, 986, 10, 8.64%, 0, 0, 5, 4.20
1746620465, 0, 982, 1029, 987, 10, 8.64%, 0, 0, 5, 3.10
1746620475, 0, 982, 1030, 988, 10, 8.64%, 0, 0, 5, 12.99
1746620532, 0, 982, 1031, 989, 10, 8.64%, 0, 0, 5, 13.10
1746620563, 0, 982, 1032, 990, 10, 8.64%, 0, 0, 5, 8.31
1746620583, 0, 982, 1033, 991, 10, 8.64%, 0, 0, 5, 10.21
1746620706, 0, 982, 1034, 992, 10, 8.64%, 0, 0, 5, 9.48
1746620768, 0, 982, 1035, 993, 10, 8.64%, 0, 0, 5, 9.23
1746620804, 0, 982, 1036, 994, 10, 8.65%, 0, 0, 5, 9.29
1746620814, 0, 982, 1037, 995, 10, 8.65%, 0, 0, 5, 8.34
1746620866, 0, 982, 1038, 996, 10, 8.65%, 0, 0, 5, 9.47
1746620892, 0, 982, 1039, 997, 10, 8.65%, 0, 0, 5, 11.01
1746620984, 0, 982, 1040, 998, 10, 8.65%, 0, 0, 5, 10.81
1746620999, 0, 982, 1041, 999, 10, 8.65%, 0, 0, 5, 8.64
1746621071, 0, 983, 1041, 998, 10, 8.65%, 0, 0, 5, 11.09
1746622212, 0, 983, 1042, 999, 10, 8.65%, 0, 0, 5, 3.30
1746622511, 0, 983, 1043, 1000, 10, 8.65%, 0, 0, 5, 4.29
1746622532, 0, 983, 1044, 1001, 10, 8.65%, 0, 0, 5, 10.95
1746622537, 0, 983, 1045, 1002, 10, 8.65%, 0, 0, 5, 8.09
1746622573, 0, 983, 1046, 1003, 10, 8.65%, 0, 0, 5, 7.72
1746622583, 0, 983, 1047, 1004, 10, 8.65%, 0, 0, 5, 10.18
1746622640, 0, 983, 1048, 1005, 10, 8.65%, 0, 0, 5, 12.53
1746622737, 0, 983, 1049, 1006, 10, 8.65%, 0, 0, 5, 9.73
1746622789, 0, 983, 1050, 1007, 10, 8.65%, 0, 0, 5, 13.65
1746622887, 0, 983, 1051, 1008, 10, 8.65%, 0, 0, 5, 11.90
1746623119, 0, 1000, 1051, 1007, 10, 8.65%, 0, 0, 5, 20.60
1746623164, 0, 1001, 1051, 1006, 9, 8.65%, 0, 0, 5, 20.66
1746623277, 0, 1005, 1051, 1005, 8, 8.65%, 0, 0, 5, 16.15
1746623282, 0, 1005, 1053, 1007, 8, 8.65%, 0, 0, 5, 8.79
1746623293, 0, 1005, 1054, 1008, 8, 8.65%, 0, 0, 5, 5.77
1746623308, 0, 1005, 1055, 1009, 8, 8.66%, 0, 0, 5, 5.49
1746623313, 0, 1005, 1057, 1011, 8, 8.66%, 0, 0, 5, 5.19
1746623318, 0, 1005, 1059, 1013, 8, 8.66%, 0, 0, 5, 4.89
1746623324, 0, 1005, 1060, 1014, 8, 8.66%, 0, 0, 5, 4.81
1746623339, 0, 1005, 1062, 1016, 8, 8.67%, 0, 0, 5, 4.72
1746623344, 0, 1005, 1063, 1017, 8, 8.67%, 0, 0, 5, 4.88
1746623390, 0, 1005, 1064, 1018, 8, 8.67%, 0, 0, 5, 4.75
1746623447, 0, 1005, 1065, 1019, 8, 8.67%, 0, 0, 5, 4.61
1746623452, 0, 1005, 1067, 1021, 8, 8.68%, 0, 0, 5, 4.46
1746623488, 0, 1005, 1068, 1022, 8, 8.69%, 0, 0, 5, 5.52
1746623493, 0, 1005, 1069, 1023, 8, 8.70%, 0, 0, 5, 3.94
1746623674, 0, 1005, 1070, 1024, 8, 8.70%, 0, 0, 5, 5.48
1746623694, 0, 1005, 1071, 1025, 8, 8.70%, 0, 0, 5, 5.02
1746623771, 0, 1005, 1073, 1027, 8, 8.70%, 0, 0, 5, 4.29
1746623868, 0, 1005, 1074, 1028, 8, 8.70%, 0, 0, 5, 4.81
1746624018, 0, 1005, 1075, 1029, 8, 8.70%, 0, 0, 5, 3.94
1746624497, 0, 1005, 1076, 1030, 8, 8.70%, 0, 0, 5, 3.80
1746624518, 0, 1005, 1077, 1031, 8, 8.70%, 0, 0, 5, 4.29
1746624683, 0, 1007, 1077, 1030, 12, 8.70%, 0, 0, 5, 10.41
1746624837, 0, 1009, 1077, 1029, 11, 8.70%, 0, 0, 5, 14.56
1746624842, 0, 1009, 1078, 1030, 11, 8.70%, 0, 0, 5, 14.62
1746624852, 0, 1009, 1079, 1031, 11, 8.70%, 0, 0, 5, 12.00
1746625011, 0, 1014, 1080, 1031, 10, 8.70%, 0, 0, 5, 14.71
1746625016, 0, 1014, 1081, 1032, 10, 8.70%, 0, 0, 5, 13.78
1746625021, 0, 1014, 1082, 1033, 10, 8.70%, 0, 0, 5, 13.84
1746625180, 0, 1021, 1082, 1032, 9, 8.70%, 0, 0, 5, 14.72
1746627337, 0, 1028, 1082, 1031, 9, 8.70%, 0, 0, 5, 8.68
1746627348, 0, 1028, 1083, 1032, 9, 8.70%, 0, 0, 6, 4.34
1746627353, 0, 1028, 1084, 1033, 9, 8.70%, 0, 0, 6, 3.19
1746627374, 0, 1028, 1085, 1034, 9, 8.70%, 0, 0, 6, 2.84
1746627396, 0, 1028, 1086, 1035, 9, 8.70%, 0, 0, 6, 2.29
1746627406, 0, 1028, 1087, 1036, 9, 8.70%, 0, 0, 6, 2.38
1746627411, 0, 1028, 1088, 1037, 9, 8.70%, 0, 0, 6, 2.21
1746627427, 0, 1028, 1089, 1038, 9, 8.70%, 0, 0, 6, 2.36
1746627432, 0, 1028, 1090, 1039, 9, 8.70%, 0, 0, 6, 2.18
1746627448, 0, 1028, 1091, 1040, 9, 8.71%, 0, 0, 6, 2.07
1746627453, 0, 1028, 1092, 1041, 9, 8.71%, 0, 0, 6, 2.06
1746627526, 0, 1028, 1093, 1042, 9, 8.71%, 0, 0, 6, 2.60
1746627547, 0, 1028, 1094, 1043, 9, 8.71%, 0, 0, 6, 2.34
1746627552, 0, 1028, 1095, 1044, 9, 8.71%, 0, 0, 6, 2.15
1746627797, 0, 1028, 1096, 1045, 9, 8.71%, 0, 0, 6, 3.26
1746628084, 0, 1028, 1097, 1046, 9, 8.71%, 0, 0, 6, 2.12
1746629220, 0, 1028, 1098, 1047, 9, 8.71%, 0, 0, 6, 2.20
1746629225, 0, 1028, 1099, 1048, 9, 8.71%, 0, 0, 6, 2.32
1746629236, 0, 1028, 1100, 1049, 9, 8.71%, 0, 0, 6, 2.33
1746629521, 0, 1028, 1101, 1050, 9, 8.71%, 0, 0, 6, 1.95
1746629568, 0, 1028, 1102, 1051, 9, 8.71%, 0, 0, 6, 1.97
1746629673, 0, 1028, 1103, 1052, 9, 8.71%, 0, 0, 6, 2.36
1746629704, 0, 1042, 1103, 1051, 9, 8.71%, 0, 0, 6, 6.89
1746629771, 0, 1042, 1104, 1052, 9, 8.71%, 0, 0, 6, 2.31
1746631408, 0, 1042, 1105, 1053, 9, 8.71%, 0, 0, 6, 2.57
1746631718, 0, 1042, 1106, 1054, 9, 8.71%, 0, 0, 6, 2.68
1746631849, 0, 1052, 1106, 1053, 8, 8.71%, 0, 0, 6, 14.91
1746631869, 0, 1052, 1107, 1054, 8, 8.71%, 0, 0, 6, 3.62
1746631900, 0, 1052, 1108, 1055, 8, 8.71%, 0, 0, 6, 3.22
1746631911, 0, 1052, 1109, 1056, 8, 8.71%, 0, 0, 6, 3.02
1746631916, 0, 1052, 1110, 1057, 8, 8.71%, 0, 0, 6, 2.96
1746631926, 0, 1052, 1111, 1058, 8, 8.71%, 0, 0, 6, 3.02
1746632133, 0, 1052, 1112, 1059, 8, 8.71%, 0, 0, 6, 2.93
1746632174, 0, 1052, 1113, 1060, 8, 8.71%, 0, 0, 6, 2.94
1746633032, 0, 1052, 1114, 1061, 8, 8.71%, 0, 0, 6, 2.62
1746633269, 0, 1052, 1115, 1062, 8, 8.71%, 0, 0, 6, 2.95
1746633279, 0, 1052, 1116, 1063, 8, 8.81%, 0, 0, 6, 2.47
1746633361, 0, 1052, 1117, 1064, 8, 8.81%, 0, 0, 6, 4.37
1746633449, 0, 1052, 1118, 1065, 8, 8.81%, 0, 0, 6, 4.55
1746633486, 0, 1052, 1119, 1066, 8, 8.81%, 0, 0, 6, 2.81
1746633842, 0, 1052, 1120, 1067, 8, 8.81%, 0, 0, 6, 2.73
1746633930, 0, 1052, 1121, 1068, 8, 8.81%, 0, 0, 6, 2.54
1746634138, 0, 1052, 1122, 1069, 8, 8.81%, 0, 0, 6, 5.51
1746634168, 0, 1052, 1123, 1070, 8, 9.08%, 0, 0, 6, 7.07
1746634302, 0, 1058, 1123, 1069, 9, 9.08%, 0, 0, 6, 6.11
1746634554, 0, 1058, 1124, 1070, 9, 9.08%, 0, 0, 6, 3.16
1746635042, 0, 1058, 1125, 1071, 9, 9.08%, 0, 0, 6, 2.47
1746636546, 0, 1058, 1126, 1072, 9, 9.08%, 0, 0, 6, 2.13
1746636870, 0, 1060, 1126, 1071, 10, 9.08%, 0, 0, 6, 5.26
1746636932, 0, 1060, 1127, 1072, 10, 9.08%, 0, 0, 6, 2.57
1746636974, 0, 1060, 1128, 1073, 10, 9.08%, 0, 0, 6, 2.19
1746636994, 0, 1060, 1129, 1074, 10, 9.08%, 0, 0, 6, 2.17
1746637187, 0, 1060, 1130, 1075, 10, 9.08%, 0, 0, 6, 2.27
1746637961, 0, 1060, 1131, 1076, 10, 9.08%, 0, 0, 6, 2.16
1746638049, 0, 1060, 1132, 1077, 10, 9.08%, 0, 0, 6, 2.16
1746638060, 0, 1060, 1134, 1079, 10, 9.08%, 0, 0, 6, 2.21
1746638065, 0, 1060, 1135, 1080, 10, 9.08%, 0, 0, 6, 2.21
1746639579, 0, 1062, 1135, 1079, 9, 9.08%, 0, 0, 6, 5.52
1746640870, 0, 1062, 1136, 1080, 9, 9.08%, 0, 0, 6, 2.70
1746641826, 0, 1065, 1136, 1079, 8, 9.08%, 0, 0, 6, 7.52
1746641877, 0, 1065, 1137, 1080, 8, 9.08%, 0, 0, 6, 2.96
1746641903, 0, 1065, 1138, 1081, 8, 9.08%, 0, 0, 6, 2.81
1746641919, 0, 1065, 1139, 1082, 8, 9.08%, 0, 0, 6, 2.68
1746642002, 0, 1065, 1140, 1083, 8, 9.08%, 0, 0, 6, 2.77
1746642105, 0, 1065, 1141, 1084, 8, 9.08%, 0, 0, 6, 2.67
1746642111, 0, 1065, 1142, 1085, 8, 9.08%, 0, 0, 6, 2.65
1746642333, 0, 1065, 1143, 1086, 8, 9.08%, 0, 0, 6, 3.03
1746642622, 0, 1065, 1144, 1087, 8, 9.08%, 0, 0, 6, 2.78
1746642673, 0, 1065, 1145, 1088, 8, 9.08%, 0, 0, 6, 2.72
1746642679, 0, 1065, 1146, 1089, 8, 9.08%, 0, 0, 6, 2.71
1746642694, 0, 1065, 1147, 1090, 8, 9.08%, 0, 0, 6, 2.73
1746642709, 0, 1065, 1148, 1091, 8, 9.08%, 0, 0, 6, 2.74
1746642714, 0, 1065, 1149, 1092, 8, 9.08%, 0, 0, 6, 2.74
1746643480, 0, 1065, 1150, 1093, 8, 9.08%, 0, 0, 6, 2.70
1746643516, 0, 1065, 1151, 1094, 8, 9.08%, 0, 0, 6, 4.86
1746643992, 0, 1068, 1151, 1093, 7, 9.08%, 0, 0, 6, 7.41
1746644070, 0, 1068, 1152, 1094, 7, 9.10%, 0, 0, 6, 2.08
1746644086, 0, 1068, 1153, 1095, 7, 9.10%, 0, 0, 6, 2.01
1746644096, 0, 1068, 1154, 1096, 7, 9.10%, 0, 0, 6, 2.02
1746644148, 0, 1068, 1155, 1097, 7, 9.10%, 0, 0, 6, 3.12
1746644217, 0, 1068, 1156, 1098, 7, 9.10%, 0, 0, 6, 2.00
1746644227, 0, 1068, 1157, 1099, 7, 9.10%, 0, 0, 6, 1.99
1746644232, 0, 1068, 1158, 1100, 7, 9.10%, 0, 0, 6, 1.96
1746644400, 0, 1068, 1159, 1101, 7, 9.10%, 0, 0, 6, 2.79
1746645689, 0, 1068, 1160, 1102, 7, 9.10%, 0, 0, 6, 2.58
1746645700, 0, 1068, 1161, 1103, 7, 9.10%, 0, 0, 6, 2.16
1746645871, 0, 1068, 1162, 1104, 7, 9.10%, 0, 0, 6, 2.53
1746645876, 0, 1068, 1163, 1105, 7, 9.10%, 0, 0, 6, 2.45
1746645998, 0, 1068, 1164, 1106, 7, 9.10%, 0, 0, 6, 2.01
1746646003, 0, 1068, 1165, 1107, 7, 9.10%, 0, 0, 6, 1.99
1746646045, 0, 1068, 1166, 1108, 7, 9.13%, 0, 0, 6, 1.93
1746646050, 0, 1068, 1167, 1109, 7, 9.13%, 0, 0, 6, 1.92
1746646065, 0, 1068, 1168, 1110, 7, 9.13%, 0, 0, 6, 1.47
1746646410, 0, 1068, 1169, 1111, 7, 9.13%, 0, 0, 6, 2.08
1746646517, 0, 1068, 1170, 1112, 7, 9.13%, 0, 0, 6, 2.04
1746646554, 0, 1068, 1171, 1113, 7, 9.13%, 0, 0, 6, 2.03
1746646590, 0, 1068, 1172, 1114, 7, 9.13%, 0, 0, 6, 3.28
1746646616, 0, 1082, 1172, 1113, 5, 9.13%, 0, 0, 6, 10.85
1746646673, 0, 1082, 1173, 1114, 5, 9.13%, 0, 0, 7, 3.08
1746648048, 0, 1082, 1174, 1115, 5, 9.13%, 0, 0, 7, 2.60
1746648162, 0, 1108, 1174, 1114, 4, 9.13%, 0, 0, 7, 10.10
1746648198, 0, 1108, 1175, 1115, 4, 9.13%, 0, 0, 7, 4.36
1746648305, 0, 1108, 1176, 1116, 4, 9.13%, 0, 0, 7, 4.96
1746648351, 0, 1108, 1177, 1117, 4, 9.13%, 0, 0, 7, 4.18
1746648653, 0, 1108, 1178, 1118, 4, 9.13%, 0, 0, 7, 4.17
1746648973, 0, 1108, 1179, 1119, 4, 9.13%, 0, 0, 7, 3.88
1746649029, 0, 1108, 1180, 1120, 4, 9.13%, 0, 0, 7, 3.75
1746649595, 0, 1108, 1181, 1121, 4, 9.13%, 0, 0, 7, 3.73
1746649605, 0, 1108, 1182, 1122, 4, 9.13%, 0, 0, 7, 3.63
1746649636, 0, 1108, 1183, 1123, 4, 9.13%, 0, 0, 7, 4.17
1746649703, 0, 1108, 1184, 1124, 4, 9.13%, 0, 0, 7, 7.87
1746649739, 0, 1122, 1184, 1123, 5, 9.13%, 0, 0, 7, 8.40
1746649744, 0, 1122, 1185, 1124, 5, 9.13%, 0, 0, 7, 5.96
1746649749, 0, 1122, 1186, 1125, 5, 9.13%, 0, 0, 7, 5.17
1746649754, 0, 1122, 1188, 1127, 5, 9.13%, 0, 0, 7, 4.22
1746649764, 0, 1122, 1189, 1128, 5, 9.13%, 0, 0, 7, 4.03
1746649774, 0, 1122, 1190, 1129, 5, 9.13%, 0, 0, 7, 4.14
1746649785, 0, 1122, 1192, 1131, 5, 9.18%, 0, 0, 7, 4.64
1746649790, 0, 1122, 1193, 1132, 5, 9.18%, 0, 0, 7, 3.87
1746649795, 0, 1122, 1194, 1133, 5, 9.18%, 0, 0, 7, 3.58
1746649800, 0, 1122, 1195, 1134, 5, 9.18%, 0, 0, 7, 3.57
1746649805, 0, 1122, 1196, 1135, 5, 9.18%, 0, 0, 7, 3.63
1746649810, 0, 1122, 1197, 1136, 5, 9.18%, 0, 0, 7, 3.64
1746649815, 0, 1122, 1199, 1138, 5, 9.18%, 0, 0, 7, 3.71
1746649821, 0, 1122, 1200, 1139, 5, 9.19%, 0, 0, 7, 3.66
1746649826, 0, 1122, 1201, 1140, 5, 9.19%, 0, 0, 7, 3.56
1746649836, 0, 1122, 1202, 1141, 5, 9.19%, 0, 0, 7, 3.67
1746649857, 0, 1122, 1203, 1142, 5, 9.19%, 0, 0, 7, 3.74
1746649862, 0, 1122, 1204, 1143, 5, 9.19%, 0, 0, 7, 3.77
1746649867, 0, 1122, 1205, 1144, 5, 9.19%, 0, 0, 7, 3.52
1746649872, 0, 1122, 1206, 1145, 5, 9.19%, 0, 0, 7, 3.42
1746649877, 0, 1122, 1207, 1146, 5, 9.19%, 0, 0, 7, 3.51
1746649882, 0, 1122, 1208, 1147, 5, 9.19%, 0, 0, 7, 3.54
1746649887, 0, 1122, 1210, 1149, 5, 9.19%, 0, 0, 7, 3.54
1746649893, 0, 1122, 1211, 1150, 5, 9.19%, 0, 0, 7, 3.47
1746649898, 0, 1122, 1213, 1152, 5, 9.19%, 0, 0, 7, 3.46
1746649918, 0, 1122, 1214, 1153, 5, 9.19%, 0, 0, 7, 4.50
1746649934, 0, 1122, 1216, 1155, 5, 9.19%, 0, 0, 7, 3.89
1746649954, 0, 1122, 1217, 1156, 5, 9.19%, 0, 0, 7, 3.94
1746649960, 0, 1122, 1218, 1157, 5, 9.19%, 0, 0, 7, 3.68
1746649970, 0, 1122, 1219, 1158, 5, 9.19%, 0, 0, 7, 3.62
1746649975, 0, 1122, 1220, 1159, 5, 9.19%, 0, 0, 7, 3.72
1746650000, 0, 1122, 1221, 1160, 5, 9.19%, 0, 0, 7, 3.86
1746650006, 0, 1122, 1222, 1161, 5, 9.19%, 0, 0, 7, 3.57
1746650016, 0, 1122, 1223, 1162, 5, 9.19%, 0, 0, 7, 3.52
1746650021, 0, 1122, 1224, 1163, 5, 9.19%, 0, 0, 7, 3.52
1746650047, 0, 1122, 1225, 1164, 5, 9.19%, 0, 0, 7, 4.57
1746650078, 0, 1122, 1226, 1165, 5, 9.19%, 0, 0, 7, 3.62
1746650083, 0, 1122, 1227, 1166, 5, 9.19%, 0, 0, 7, 3.43
1746650088, 0, 1122, 1228, 1167, 5, 9.19%, 0, 0, 7, 3.55
1746650098, 0, 1122, 1229, 1168, 5, 9.19%, 0, 0, 7, 3.88
1746650124, 0, 1122, 1230, 1169, 5, 9.21%, 0, 0, 7, 3.49
1746650129, 0, 1122, 1231, 1170, 5, 9.21%, 0, 0, 7, 3.26
1746650134, 0, 1122, 1232, 1171, 5, 9.21%, 0, 0, 7, 3.19
1746650149, 0, 1122, 1233, 1172, 5, 9.21%, 0, 0, 7, 3.53
1746650159, 0, 1122, 1234, 1173, 5, 9.21%, 0, 0, 7, 3.98
1746650185, 0, 1122, 1236, 1175, 5, 9.27%, 0, 0, 7, 3.44
1746650201, 0, 1122, 1237, 1176, 5, 9.27%, 0, 0, 7, 3.62
1746650206, 0, 1122, 1238, 1177, 5, 9.27%, 0, 0, 7, 3.04
1746650273, 0, 1122, 1239, 1178, 5, 9.27%, 0, 0, 7, 3.72
1746650304, 0, 1122, 1240, 1179, 5, 9.27%, 0, 0, 7, 4.20
1746650330, 0, 1122, 1241, 1180, 5, 9.27%, 0, 0, 7, 4.57
1746650443, 0, 1122, 1242, 1181, 5, 9.27%, 0, 0, 7, 3.48
1746650449, 0, 1122, 1243, 1182, 5, 9.27%, 0, 0, 7, 3.46
1746650464, 0, 1122, 1244, 1183, 5, 9.27%, 0, 0, 7, 3.72
1746650479, 0, 1122, 1245, 1184, 5, 9.27%, 0, 0, 7, 3.71
1746650561, 0, 1122, 1246, 1185, 5, 9.27%, 0, 0, 7, 3.63
1746650597, 0, 1122, 1247, 1186, 5, 9.27%, 0, 0, 7, 3.62
1746650741, 0, 1122, 1248, 1187, 5, 9.27%, 0, 0, 7, 3.80
1746650824, 0, 1122, 1249, 1188, 5, 9.27%, 0, 0, 7, 3.50
1746650829, 0, 1122, 1250, 1189, 5, 9.27%, 0, 0, 7, 3.46
1746650865, 0, 1122, 1251, 1190, 5, 9.27%, 0, 0, 7, 3.48
1746650870, 0, 1122, 1252, 1191, 5, 9.27%, 0, 0, 7, 3.46
1746650972, 0, 1122, 1253, 1192, 5, 9.27%, 0, 0, 7, 3.40
1746651096, 0, 1122, 1254, 1193, 5, 9.27%, 0, 0, 7, 3.26
1746651101, 0, 1122, 1255, 1194, 5, 9.27%, 0, 0, 7, 3.37
1746651223, 0, 1122, 1256, 1195, 5, 9.27%, 0, 0, 7, 3.44
1746651234, 0, 1122, 1257, 1196, 5, 9.27%, 0, 0, 7, 3.38
1746651239, 0, 1122, 1258, 1197, 5, 9.27%, 0, 0, 7, 3.23
1746651336, 0, 1122, 1259, 1198, 5, 9.27%, 0, 0, 7, 3.15
1746651459, 0, 1122, 1260, 1199, 5, 9.27%, 0, 0, 7, 4.45
1746651675, 0, 1122, 1261, 1200, 5, 9.27%, 0, 0, 7, 3.51
1746651685, 0, 1122, 1262, 1201, 5, 9.27%, 0, 0, 7, 3.52
1746651710, 0, 1122, 1263, 1202, 5, 9.27%, 0, 0, 7, 3.56
1746651720, 0, 1122, 1265, 1204, 5, 9.27%, 0, 0, 7, 3.45
1746651901, 0, 1122, 1266, 1205, 5, 9.27%, 0, 0, 7, 3.77
1746652112, 0, 1122, 1267, 1206, 5, 9.27%, 0, 0, 7, 3.17
1746652117, 0, 1122, 1268, 1207, 5, 9.27%, 0, 0, 7, 2.97
1746652138, 0, 1122, 1269, 1208, 5, 9.27%, 0, 0, 7, 2.98
1746652143, 0, 1122, 1270, 1209, 5, 9.27%, 0, 0, 7, 3.08
1746652154, 0, 1122, 1271, 1210, 5, 9.27%, 0, 0, 7, 3.07
1746652164, 0, 1122, 1272, 1211, 5, 9.27%, 0, 0, 7, 3.07
1746652303, 0, 1122, 1273, 1212, 5, 9.27%, 0, 0, 7, 7.45
1746652313, 0, 1122, 1274, 1213, 5, 9.27%, 0, 0, 7, 6.81
1746652364, 0, 1122, 1275, 1214, 5, 9.27%, 0, 0, 7, 8.02
1746652473, 0, 1163, 1275, 1213, 14, 9.27%, 0, 0, 7, 8.80
1746652499, 0, 1163, 1276, 1214, 14, 9.27%, 0, 0, 7, 5.80
1746652520, 0, 1163, 1277, 1215, 14, 9.27%, 0, 0, 7, 3.17
1746652638, 0, 1163, 1278, 1216, 14, 9.27%, 0, 0, 7, 3.57
1746652701, 0, 1163, 1279, 1217, 14, 9.27%, 0, 0, 7, 3.04
1746653265, 0, 1163, 1280, 1218, 14, 9.27%, 0, 0, 7, 2.97
1746653270, 0, 1163, 1281, 1219, 14, 9.27%, 0, 0, 7, 2.98
1746654235, 0, 1172, 1281, 1218, 14, 9.27%, 0, 0, 7, 10.14
