# unix_time, cycles_done, cur_path, paths_total, pending_total, pending_favs, map_size, unique_crashes, unique_hangs, max_depth, execs_per_sec
1747410180, 0, 0, 1, 1, 1, 0.03%, 0, 0, 1, 727.27
1747410186, 0, 7, 12, 7, 0, 0.05%, 0, 0, 4, 2233.35
1747410191, 0, 12, 16, 8, 1, 0.06%, 0, 0, 5, 2475.70
1747410196, 3, 12, 16, 4, 0, 0.06%, 0, 0, 5, 2525.99
1747410201, 6, 14, 19, 6, 0, 0.06%, 0, 0, 6, 2505.35
1747410206, 6, 14, 20, 7, 0, 0.06%, 0, 0, 6, 2507.16
1747410211, 6, 14, 21, 8, 0, 0.06%, 0, 0, 6, 2355.30
1747410216, 6, 16, 21, 7, 0, 0.06%, 0, 0, 6, 2449.86
1747410221, 6, 20, 22, 7, 0, 0.06%, 0, 0, 7, 2439.10
1747410226, 7, 15, 22, 6, 0, 0.06%, 0, 0, 7, 2475.98
1747410231, 8, 18, 22, 5, 0, 0.06%, 0, 0, 7, 2473.30
1747410236, 11, 12, 23, 4, 0, 0.06%, 0, 0, 7, 2531.43
1747410241, 12, 12, 23, 3, 0, 0.06%, 0, 0, 7, 2513.94
1747410246, 14, 22, 25, 5, 0, 0.06%, 0, 0, 7, 2500.18
1747410251, 14, 24, 27, 6, 1, 0.06%, 0, 0, 8, 2477.21
1747410257, 14, 25, 28, 6, 1, 0.07%, 0, 0, 9, 2481.70
1747410267, 14, 28, 30, 7, 1, 0.07%, 0, 0, 10, 2419.82
1747410272, 14, 28, 31, 8, 1, 0.08%, 0, 0, 10, 2437.79
1747410277, 14, 28, 32, 9, 1, 0.09%, 0, 0, 10, 2447.93
1747410282, 14, 30, 33, 9, 2, 0.09%, 0, 0, 11, 2336.94
1747410287, 14, 30, 35, 11, 2, 0.09%, 0, 0, 11, 2386.48
1747410298, 14, 31, 36, 11, 1, 0.09%, 0, 0, 11, 2311.82
1747410308, 14, 35, 38, 12, 1, 0.09%, 0, 0, 12, 2313.53
1747410318, 14, 37, 39, 12, 1, 0.09%, 0, 0, 13, 2331.06
1747410323, 14, 37, 41, 14, 1, 0.09%, 0, 0, 13, 2384.38
1747410333, 14, 38, 42, 14, 1, 0.09%, 0, 0, 14, 2325.21
1747410343, 14, 42, 45, 16, 1, 0.10%, 0, 0, 15, 2304.76
1747410349, 14, 42, 47, 18, 1, 0.11%, 0, 0, 15, 2351.53
1747410359, 14, 44, 47, 17, 2, 0.11%, 0, 0, 15, 2266.93
1747410364, 14, 44, 48, 18, 2, 0.11%, 0, 0, 16, 2335.67
1747410374, 14, 46, 49, 18, 2, 0.11%, 0, 0, 16, 2198.01
1747410379, 14, 46, 53, 22, 2, 0.11%, 0, 0, 16, 2282.88
1747410384, 14, 46, 54, 23, 2, 0.12%, 0, 0, 16, 2291.88
1747410389, 14, 46, 56, 25, 2, 0.12%, 0, 0, 16, 2320.50
1747410394, 14, 47, 56, 24, 4, 0.12%, 0, 0, 16, 2211.73
1747410399, 14, 47, 57, 25, 4, 0.13%, 0, 0, 17, 2281.58
1747410410, 14, 54, 58, 25, 3, 0.13%, 0, 0, 17, 2089.23
1747410415, 14, 54, 60, 27, 3, 0.13%, 0, 0, 17, 2231.91
1747410425, 14, 56, 60, 26, 2, 0.13%, 0, 0, 17, 2205.96
1747410430, 14, 56, 61, 27, 2, 0.13%, 0, 0, 18, 2135.99
1747410440, 14, 59, 61, 26, 2, 0.13%, 0, 0, 18, 2149.38
1747410450, 14, 60, 61, 25, 1, 0.13%, 0, 0, 18, 1990.44
1747410460, 15, 19, 61, 24, 0, 0.13%, 0, 0, 18, 2307.81
1747410466, 15, 26, 61, 23, 0, 0.13%, 0, 0, 18, 2403.29
1747410471, 15, 29, 61, 22, 0, 0.13%, 0, 0, 18, 2345.17
1747410476, 15, 30, 61, 21, 0, 0.13%, 0, 0, 18, 2330.16
1747410481, 15, 32, 61, 21, 0, 0.13%, 0, 0, 18, 2214.29
1747410491, 15, 36, 61, 20, 0, 0.13%, 0, 0, 18, 2227.99
1747410496, 15, 37, 61, 19, 0, 0.13%, 0, 0, 18, 2298.96
1747410501, 15, 44, 61, 19, 0, 0.13%, 0, 0, 18, 2326.65
1747410506, 15, 59, 61, 19, 0, 0.13%, 0, 0, 18, 2242.92
1747410512, 16, 27, 61, 19, 0, 0.13%, 0, 0, 18, 2281.18
1747410517, 16, 30, 61, 18, 0, 0.13%, 0, 0, 18, 2340.59
1747410522, 16, 40, 61, 18, 0, 0.13%, 0, 0, 18, 2257.53
1747410532, 16, 44, 61, 17, 0, 0.13%, 0, 0, 18, 2293.88
1747410537, 16, 45, 61, 17, 0, 0.13%, 0, 0, 18, 2176.89
1747410547, 16, 51, 61, 16, 0, 0.13%, 0, 0, 18, 2151.94
1747410562, 16, 60, 61, 15, 0, 0.13%, 0, 0, 18, 2121.69
1747410567, 17, 33, 61, 15, 0, 0.13%, 0, 0, 18, 2228.16
1747410578, 17, 44, 61, 14, 0, 0.13%, 0, 0, 18, 2288.71
1747410583, 17, 49, 61, 14, 0, 0.13%, 0, 0, 18, 2008.85
1747410593, 17, 50, 61, 13, 0, 0.13%, 0, 0, 18, 2047.53
1747410603, 17, 55, 61, 12, 0, 0.13%, 0, 0, 18, 2052.14
1747410618, 17, 57, 61, 11, 0, 0.13%, 0, 0, 18, 2011.50
1747410628, 17, 59, 61, 10, 0, 0.13%, 0, 0, 18, 2211.96
1747410633, 18, 21, 61, 10, 0, 0.13%, 0, 0, 18, 2202.71
1747410638, 18, 34, 61, 9, 0, 0.13%, 0, 0, 18, 2189.12
1747410648, 18, 41, 61, 8, 0, 0.13%, 0, 0, 18, 2168.01
1747410659, 18, 46, 61, 7, 0, 0.13%, 0, 0, 18, 2180.49
1747410664, 18, 59, 61, 7, 0, 0.13%, 0, 0, 18, 2231.56
1747410669, 19, 24, 61, 7, 0, 0.13%, 0, 0, 18, 2252.66
1747410674, 19, 36, 61, 7, 0, 0.13%, 0, 0, 18, 2273.55
1747410679, 19, 53, 61, 7, 0, 0.13%, 0, 0, 18, 2220.68
1747410694, 19, 58, 61, 6, 0, 0.13%, 0, 0, 18, 1689.10
1747410704, 19, 58, 62, 7, 0, 0.13%, 0, 0, 18, 1862.77
1747410715, 19, 60, 62, 6, 0, 0.13%, 0, 0, 18, 2068.64
1747410720, 19, 61, 62, 6, 0, 0.13%, 0, 0, 18, 1787.86
1747410730, 20, 46, 62, 5, 0, 0.13%, 0, 0, 18, 2247.55
1747410735, 20, 60, 62, 5, 0, 0.13%, 0, 0, 18, 2169.80
1747410740, 21, 41, 62, 5, 0, 0.13%, 0, 0, 18, 2135.62
1747410745, 22, 7, 62, 5, 0, 0.13%, 0, 0, 18, 2227.93
1747410750, 22, 44, 62, 5, 0, 0.13%, 0, 0, 18, 2289.09
1747410755, 22, 52, 62, 5, 0, 0.13%, 0, 0, 18, 2033.38
1747410765, 23, 35, 62, 4, 0, 0.13%, 0, 0, 18, 2287.24
1747410770, 23, 42, 62, 4, 0, 0.13%, 0, 0, 18, 2292.49
1747410775, 24, 30, 62, 4, 0, 0.13%, 0, 0, 18, 2277.22
1747410781, 24, 43, 62, 4, 0, 0.13%, 0, 0, 18, 2194.68
1747410791, 24, 52, 62, 3, 0, 0.13%, 0, 0, 18, 2253.76
1747410796, 25, 32, 62, 3, 0, 0.13%, 0, 0, 18, 2234.23
1747410801, 25, 50, 62, 3, 0, 0.13%, 0, 0, 18, 2247.62
1747410806, 25, 62, 63, 4, 1, 0.13%, 0, 0, 19, 2161.93
1747410811, 25, 62, 65, 6, 1, 0.14%, 0, 0, 20, 1835.01
1747410816, 25, 62, 66, 7, 1, 0.14%, 0, 0, 20, 2042.50
1747410821, 25, 62, 67, 8, 1, 0.15%, 0, 0, 20, 2114.62
1747410826, 25, 66, 67, 7, 1, 0.15%, 0, 0, 20, 2011.30
1747410831, 25, 66, 68, 8, 1, 0.15%, 0, 0, 21, 1614.03
1747410841, 25, 67, 68, 7, 1, 0.15%, 0, 0, 21, 2000.02
1747410847, 25, 67, 69, 8, 1, 0.15%, 0, 0, 22, 1940.65
1747410857, 25, 68, 70, 8, 1, 0.16%, 0, 0, 23, 1784.48
1747410867, 25, 69, 70, 7, 1, 0.16%, 0, 0, 23, 1987.96
1747410872, 25, 69, 71, 8, 1, 0.16%, 0, 0, 24, 1923.02
1747410877, 25, 69, 72, 9, 1, 0.16%, 0, 0, 24, 2086.87
1747410887, 25, 71, 73, 9, 1, 0.16%, 0, 0, 25, 1950.36
1747410902, 25, 72, 74, 9, 1, 0.16%, 0, 0, 26, 1695.12
1747410912, 25, 73, 74, 8, 1, 0.16%, 0, 0, 26, 2117.63
1747410927, 26, 39, 74, 7, 0, 0.16%, 0, 0, 26, 2156.93
1747410938, 26, 47, 74, 6, 0, 0.16%, 0, 0, 26, 2268.12
1747410943, 26, 50, 74, 6, 0, 0.16%, 0, 0, 26, 2246.35
1747410948, 26, 71, 74, 6, 0, 0.16%, 0, 0, 26, 2200.26
1747410953, 26, 72, 74, 6, 0, 0.16%, 0, 0, 26, 2163.06
1747410958, 27, 35, 74, 6, 0, 0.16%, 0, 0, 26, 2237.17
1747410963, 27, 52, 74, 6, 0, 0.16%, 0, 0, 26, 2157.36
1747410968, 27, 63, 74, 6, 0, 0.16%, 0, 0, 26, 1888.07
1747410978, 27, 66, 74, 5, 0, 0.16%, 0, 0, 26, 2079.87
1747410984, 27, 72, 74, 5, 0, 0.16%, 0, 0, 26, 2109.56
1747410989, 28, 31, 74, 5, 0, 0.16%, 0, 0, 26, 2160.39
1747410994, 28, 48, 74, 5, 0, 0.16%, 0, 0, 26, 2031.92
1747411004, 28, 65, 74, 4, 0, 0.16%, 0, 0, 26, 2174.12
1747411019, 28, 66, 74, 3, 0, 0.16%, 0, 0, 26, 2015.99
1747411024, 28, 72, 74, 3, 0, 0.16%, 0, 0, 26, 2018.66
1747411029, 29, 23, 74, 3, 0, 0.16%, 0, 0, 26, 2230.82
1747411035, 29, 44, 75, 3, 0, 0.16%, 0, 0, 26, 2298.16
1747411040, 29, 69, 75, 3, 0, 0.16%, 0, 0, 26, 2191.78
1747411045, 29, 72, 75, 3, 0, 0.16%, 0, 0, 26, 2080.55
1747411050, 29, 73, 75, 3, 0, 0.16%, 0, 0, 26, 2006.31
1747411055, 30, 54, 75, 3, 0, 0.16%, 0, 0, 26, 2204.03
1747411060, 30, 63, 75, 3, 0, 0.16%, 0, 0, 26, 2157.00
1747411065, 30, 64, 75, 3, 0, 0.16%, 0, 0, 26, 1905.54
1747411076, 30, 66, 75, 2, 0, 0.16%, 0, 0, 26, 2163.81
1747411081, 30, 72, 75, 2, 0, 0.16%, 0, 0, 26, 2111.25
1747411086, 31, 19, 75, 2, 0, 0.16%, 0, 0, 26, 2172.30
1747411091, 31, 42, 75, 2, 0, 0.16%, 0, 0, 26, 2114.21
1747411096, 31, 65, 75, 2, 0, 0.16%, 0, 0, 26, 2191.63
1747411101, 31, 71, 75, 2, 0, 0.16%, 0, 0, 26, 2087.95
1747411106, 32, 27, 75, 2, 0, 0.16%, 0, 0, 26, 2162.49
1747411111, 32, 65, 75, 2, 0, 0.16%, 0, 0, 26, 2232.79
1747411116, 33, 30, 75, 2, 0, 0.16%, 0, 0, 26, 2203.54
1747411121, 33, 71, 77, 4, 0, 0.16%, 0, 0, 26, 2216.66
1747411126, 34, 41, 77, 4, 0, 0.16%, 0, 0, 26, 2225.56
1747411131, 34, 59, 77, 4, 0, 0.16%, 0, 0, 26, 2137.70
1747411136, 34, 75, 78, 5, 0, 0.16%, 0, 0, 26, 1808.06
1747411157, 34, 75, 79, 6, 0, 0.16%, 0, 0, 26, 1581.96
1747411167, 34, 78, 79, 5, 0, 0.16%, 0, 0, 26, 1806.91
1747411172, 34, 78, 80, 6, 0, 0.16%, 0, 0, 26, 1257.66
1747411203, 35, 22, 80, 5, 0, 0.16%, 0, 0, 26, 1641.16
1747411208, 35, 43, 80, 5, 0, 0.16%, 0, 0, 26, 2148.98
1747411213, 35, 66, 80, 5, 0, 0.16%, 0, 0, 26, 2196.34
1747411218, 35, 73, 80, 5, 0, 0.16%, 0, 0, 26, 2163.59
1747411223, 36, 43, 80, 5, 0, 0.16%, 0, 0, 26, 2273.33
1747411228, 36, 59, 80, 5, 0, 0.16%, 0, 0, 26, 2233.10
1747411233, 36, 73, 84, 9, 0, 0.17%, 0, 0, 27, 2137.05
1747411239, 36, 79, 84, 9, 2, 0.17%, 0, 0, 27, 1270.56
1747411269, 36, 80, 84, 8, 2, 0.17%, 0, 0, 27, 1585.27
1747411279, 36, 80, 85, 9, 2, 0.17%, 0, 0, 28, 1912.12
1747411294, 36, 83, 85, 8, 2, 0.17%, 0, 0, 28, 1586.35
1747411310, 36, 84, 85, 7, 1, 0.17%, 0, 0, 28, 1629.11
1747411315, 36, 84, 86, 8, 1, 0.17%, 0, 0, 29, 1631.50
1747411325, 36, 85, 86, 7, 1, 0.17%, 0, 0, 29, 1742.33
1747411330, 36, 85, 87, 8, 1, 0.18%, 0, 0, 30, 1601.63
1747411340, 36, 85, 88, 9, 1, 0.18%, 0, 0, 30, 1717.92
1747411351, 36, 86, 88, 8, 2, 0.18%, 0, 0, 30, 1627.89
1747411366, 36, 87, 88, 7, 1, 0.18%, 0, 0, 30, 1534.59
1747411371, 36, 87, 89, 8, 1, 0.19%, 0, 0, 31, 1336.16
1747411376, 36, 87, 90, 9, 1, 0.19%, 0, 0, 31, 1818.34
1747411381, 36, 88, 90, 8, 1, 0.19%, 0, 0, 31, 1777.19
1747411386, 36, 88, 91, 9, 1, 0.19%, 0, 0, 32, 1298.75
1747411401, 36, 90, 91, 8, 1, 0.19%, 0, 0, 32, 1713.48
1747411412, 36, 90, 92, 9, 1, 0.19%, 0, 0, 33, 1673.33
1747411427, 36, 91, 92, 8, 1, 0.19%, 0, 0, 33, 1555.59
1747411432, 36, 91, 93, 9, 1, 0.19%, 0, 0, 34, 1403.64
1747411443, 36, 92, 93, 8, 1, 0.19%, 0, 0, 34, 1781.21
1747411448, 36, 92, 93, 8, 1, 0.19%, 1, 0, 34, 1483.10
1747411463, 37, 66, 93, 7, 0, 0.19%, 1, 0, 34, 2154.75
1747411468, 37, 70, 93, 7, 0, 0.19%, 1, 0, 34, 1739.60
1747411478, 37, 80, 93, 6, 0, 0.19%, 1, 0, 34, 2088.10
1747411483, 37, 82, 93, 6, 0, 0.19%, 1, 0, 34, 1693.49
1747411498, 37, 89, 93, 5, 0, 0.19%, 1, 0, 34, 1887.47
1747411513, 37, 91, 93, 4, 0, 0.19%, 1, 0, 34, 1946.56
1747411518, 37, 92, 93, 4, 0, 0.19%, 1, 0, 34, 1997.73
1747411523, 38, 46, 93, 4, 0, 0.19%, 1, 0, 34, 2169.92
1747411529, 38, 73, 93, 4, 0, 0.19%, 1, 0, 34, 2143.95
1747411534, 38, 74, 93, 4, 0, 0.19%, 1, 0, 34, 1614.35
1747411544, 38, 77, 93, 3, 0, 0.19%, 1, 0, 34, 1547.67
1747411564, 38, 80, 93, 2, 0, 0.19%, 1, 0, 34, 1865.94
1747411569, 38, 91, 93, 2, 0, 0.19%, 1, 0, 34, 2013.78
1747411574, 39, 30, 93, 2, 0, 0.19%, 1, 0, 34, 2046.09
1747411579, 39, 59, 93, 2, 0, 0.19%, 1, 0, 34, 2171.46
1747411584, 39, 80, 94, 3, 0, 0.19%, 1, 0, 34, 1904.51
1747411589, 39, 91, 94, 3, 0, 0.19%, 1, 0, 34, 2035.57
1747411595, 39, 92, 94, 3, 0, 0.19%, 1, 0, 34, 2005.76
1747411600, 40, 48, 94, 3, 0, 0.19%, 1, 0, 34, 2171.71
1747411605, 40, 64, 94, 3, 0, 0.19%, 1, 0, 34, 2163.33
1747411610, 40, 80, 94, 3, 0, 0.19%, 1, 0, 34, 2115.06
1747411615, 40, 81, 94, 3, 0, 0.19%, 1, 0, 34, 1745.09
1747411630, 40, 91, 94, 2, 0, 0.19%, 1, 0, 34, 1998.53
1747411635, 40, 92, 94, 2, 0, 0.19%, 1, 0, 34, 2025.04
1747411640, 41, 72, 94, 2, 0, 0.19%, 1, 0, 34, 2108.44
1747411645, 41, 86, 94, 2, 0, 0.19%, 1, 0, 34, 2020.26
1747411651, 41, 92, 94, 2, 0, 0.19%, 1, 0, 34, 1999.95
1747411656, 42, 44, 94, 2, 0, 0.19%, 1, 0, 34, 2117.03
1747411661, 42, 77, 94, 2, 0, 0.19%, 1, 0, 34, 2026.90
1747411666, 42, 86, 94, 2, 0, 0.19%, 1, 0, 34, 2054.15
1747411671, 42, 92, 94, 2, 0, 0.19%, 1, 0, 34, 1828.63
1747411676, 43, 39, 94, 2, 0, 0.19%, 1, 0, 34, 1959.85
1747411681, 43, 65, 94, 2, 0, 0.19%, 1, 0, 34, 2009.50
1747411686, 43, 80, 94, 2, 0, 0.19%, 1, 0, 34, 2028.59
1747411691, 43, 86, 94, 2, 0, 0.19%, 1, 0, 34, 1962.14
1747411696, 43, 92, 94, 2, 0, 0.19%, 1, 0, 34, 1930.39
1747411701, 44, 59, 94, 2, 0, 0.19%, 1, 0, 34, 2058.86
1747411707, 44, 80, 94, 2, 0, 0.19%, 1, 0, 34, 2053.76
1747411712, 44, 86, 94, 2, 0, 0.19%, 1, 0, 34, 2058.39
1747411717, 44, 92, 94, 2, 0, 0.19%, 1, 0, 34, 1995.39
1747411722, 45, 44, 94, 2, 0, 0.19%, 1, 0, 34, 2121.50
1747411727, 45, 59, 94, 2, 0, 0.19%, 1, 0, 34, 2169.35
1747411732, 45, 84, 94, 2, 0, 0.19%, 1, 0, 34, 2098.02
1747411737, 45, 87, 94, 2, 0, 0.19%, 1, 0, 34, 2031.38
1747411742, 45, 91, 94, 2, 0, 0.19%, 1, 0, 34, 1837.31
1747411747, 46, 44, 94, 2, 0, 0.19%, 1, 0, 34, 2045.29
1747411753, 46, 66, 94, 2, 0, 0.19%, 1, 0, 34, 1900.70
1747411758, 46, 74, 94, 2, 0, 0.19%, 1, 0, 34, 1863.95
1747411763, 46, 92, 94, 2, 0, 0.19%, 1, 0, 34, 1800.56
1747411768, 47, 60, 94, 2, 0, 0.19%, 1, 0, 34, 2082.53
1747411773, 47, 76, 94, 2, 0, 0.19%, 1, 0, 34, 1683.93
1747411793, 47, 91, 94, 1, 0, 0.19%, 1, 0, 34, 1906.23
1747411798, 47, 93, 94, 1, 0, 0.19%, 1, 0, 34, 1157.65
1747411849, 47, 93, 95, 2, 0, 0.19%, 1, 0, 34, 1109.96
1747411859, 48, 37, 95, 1, 0, 0.19%, 1, 0, 34, 1753.28
1747411865, 48, 66, 95, 1, 0, 0.19%, 1, 0, 34, 1943.81
1747411870, 48, 86, 95, 1, 0, 0.19%, 1, 0, 34, 1997.09
1747411875, 48, 88, 95, 1, 0, 0.19%, 1, 0, 34, 1959.48
1747411880, 49, 30, 95, 1, 0, 0.19%, 1, 0, 34, 2058.44
1747411885, 49, 66, 95, 1, 0, 0.19%, 1, 0, 34, 2050.00
1747411890, 49, 81, 95, 1, 0, 0.19%, 1, 0, 34, 2013.23
1747411895, 49, 91, 95, 1, 0, 0.19%, 1, 0, 34, 2023.85
1747411900, 49, 94, 95, 1, 0, 0.19%, 1, 0, 34, 492.48
1747412007, 50, 51, 95, 0, 0, 0.19%, 1, 0, 34, 1797.78
1747412012, 50, 80, 95, 0, 0, 0.19%, 1, 0, 34, 1814.37
1747412018, 50, 93, 95, 0, 0, 0.19%, 1, 0, 34, 1758.03
1747412023, 51, 49, 95, 0, 0, 0.19%, 1, 0, 34, 2072.99
1747412028, 51, 86, 95, 0, 0, 0.19%, 1, 0, 34, 1950.75
1747412033, 52, 44, 95, 0, 0, 0.19%, 1, 0, 34, 2102.59
1747412038, 52, 66, 95, 0, 0, 0.19%, 1, 0, 34, 2065.34
1747412043, 53, 23, 95, 0, 0, 0.19%, 1, 0, 34, 1931.23
1747412048, 53, 44, 95, 0, 0, 0.19%, 1, 0, 34, 2116.26
1747412053, 53, 66, 95, 0, 0, 0.19%, 1, 0, 34, 2016.06
1747412058, 54, 3, 95, 0, 0, 0.19%, 1, 0, 34, 1975.09
1747412063, 54, 59, 95, 0, 0, 0.19%, 1, 0, 34, 2037.21
1747412068, 54, 91, 95, 0, 0, 0.19%, 1, 0, 34, 1914.89
1747412073, 55, 44, 95, 0, 0, 0.19%, 1, 0, 34, 1781.51
1747412078, 55, 86, 95, 0, 0, 0.19%, 1, 0, 34, 1977.21
1747412083, 56, 42, 95, 0, 0, 0.19%, 1, 0, 34, 2129.88
1747412088, 56, 69, 95, 0, 0, 0.19%, 1, 0, 34, 2027.02
1747412093, 56, 91, 95, 0, 0, 0.19%, 1, 0, 34, 1876.30
1747412099, 57, 42, 95, 0, 0, 0.19%, 1, 0, 34, 2096.10
1747412104, 57, 76, 95, 0, 0, 0.19%, 1, 0, 34, 1992.92
1747412109, 58, 3, 95, 0, 0, 0.19%, 1, 0, 34, 1980.81
1747412114, 58, 59, 95, 0, 0, 0.19%, 1, 0, 34, 2112.15
1747412119, 58, 72, 95, 0, 0, 0.19%, 1, 0, 34, 2081.63
1747412124, 58, 88, 95, 0, 0, 0.19%, 1, 0, 34, 1997.82
1747412129, 59, 42, 95, 0, 0, 0.19%, 1, 0, 34, 2107.60
1747412134, 59, 53, 95, 0, 0, 0.19%, 1, 0, 34, 2133.11
1747412139, 59, 80, 95, 0, 0, 0.19%, 1, 0, 34, 2003.49
1747412145, 60, 32, 95, 0, 0, 0.19%, 1, 0, 34, 2072.24
1747412150, 60, 80, 95, 0, 0, 0.19%, 1, 0, 34, 2071.28
1747412155, 61, 27, 95, 0, 0, 0.19%, 1, 0, 34, 2077.11
1747412160, 61, 51, 95, 0, 0, 0.19%, 1, 0, 34, 2132.38
1747412165, 61, 64, 95, 0, 0, 0.19%, 1, 0, 34, 2008.67
1747412170, 61, 80, 95, 0, 0, 0.19%, 1, 0, 34, 1933.75
1747412175, 62, 28, 95, 0, 0, 0.19%, 1, 0, 34, 1898.51
1747412180, 62, 53, 95, 0, 0, 0.19%, 1, 0, 34, 2021.99
1747412185, 62, 75, 95, 0, 0, 0.19%, 1, 0, 34, 1961.26
1747412190, 62, 81, 95, 0, 0, 0.19%, 1, 0, 34, 1966.63
1747412196, 62, 89, 95, 0, 0, 0.19%, 1, 0, 34, 1999.28
1747412201, 63, 44, 95, 0, 0, 0.19%, 1, 0, 34, 2099.04
1747412206, 63, 80, 95, 0, 0, 0.19%, 1, 0, 34, 2049.54
1747412211, 64, 30, 95, 0, 0, 0.19%, 1, 0, 34, 2091.39
1747412216, 64, 80, 95, 0, 0, 0.19%, 1, 0, 34, 2090.38
1747412221, 65, 31, 95, 0, 0, 0.19%, 1, 0, 34, 2049.69
1747412226, 65, 54, 95, 0, 0, 0.19%, 1, 0, 34, 2138.69
1747412231, 65, 69, 95, 0, 0, 0.19%, 1, 0, 34, 2088.60
1747412237, 65, 88, 95, 0, 0, 0.19%, 1, 0, 34, 2005.28
1747412242, 66, 44, 95, 0, 0, 0.19%, 1, 0, 34, 2097.99
1747412247, 66, 50, 95, 0, 0, 0.19%, 1, 0, 34, 2024.20
1747412252, 66, 66, 95, 0, 0, 0.19%, 1, 0, 34, 1904.56
1747412257, 67, 16, 95, 0, 0, 0.19%, 1, 0, 34, 1990.02
1747412262, 67, 37, 95, 0, 0, 0.19%, 1, 0, 34, 2146.13
1747412267, 67, 57, 95, 0, 0, 0.19%, 1, 0, 34, 1932.61
1747412272, 67, 66, 95, 0, 0, 0.19%, 1, 0, 34, 1856.07
1747412277, 68, 30, 95, 0, 0, 0.19%, 1, 0, 34, 1986.06
1747412282, 68, 58, 95, 0, 0, 0.19%, 1, 0, 34, 2061.55
1747412288, 68, 80, 95, 0, 0, 0.19%, 1, 0, 34, 1988.98
1747412293, 68, 91, 95, 0, 0, 0.19%, 1, 0, 34, 1923.11
1747412298, 69, 56, 95, 0, 0, 0.19%, 1, 0, 34, 2044.72
1747412303, 69, 66, 95, 0, 0, 0.19%, 1, 0, 34, 2062.00
1747412308, 69, 88, 95, 0, 0, 0.19%, 1, 0, 34, 1980.72
1747412313, 70, 42, 95, 0, 0, 0.19%, 1, 0, 34, 2049.39
1747412318, 70, 81, 95, 0, 0, 0.19%, 1, 0, 34, 1938.71
1747412323, 70, 92, 95, 0, 0, 0.19%, 1, 0, 34, 1965.19
1747412328, 71, 66, 95, 0, 0, 0.19%, 1, 0, 34, 2087.92
1747412333, 71, 84, 95, 0, 0, 0.19%, 1, 0, 34, 2024.24
1747412338, 71, 89, 95, 0, 0, 0.19%, 1, 0, 34, 1960.40
1747412344, 72, 37, 95, 0, 0, 0.19%, 1, 0, 34, 2092.51
1747412349, 72, 59, 95, 0, 0, 0.19%, 1, 0, 34, 1992.91
1747412354, 72, 92, 95, 0, 0, 0.19%, 1, 0, 34, 2017.46
1747412359, 73, 66, 95, 0, 0, 0.19%, 1, 0, 34, 2090.49
1747412364, 73, 86, 95, 0, 0, 0.19%, 1, 0, 34, 2061.59
1747412369, 73, 92, 95, 0, 0, 0.19%, 1, 0, 34, 2005.50
1747412374, 74, 33, 95, 0, 0, 0.19%, 1, 0, 34, 2049.37
1747412379, 74, 80, 95, 0, 0, 0.19%, 1, 0, 34, 2106.73
1747412384, 75, 37, 95, 0, 0, 0.19%, 1, 0, 34, 2105.15
1747412389, 75, 86, 95, 0, 0, 0.19%, 1, 0, 34, 2057.17
1747412394, 76, 42, 95, 0, 0, 0.19%, 1, 0, 34, 2108.25
1747412400, 76, 86, 95, 0, 0, 0.19%, 1, 0, 34, 2027.25
1747412405, 77, 34, 95, 0, 0, 0.19%, 1, 0, 34, 2110.02
1747412410, 77, 77, 95, 0, 0, 0.19%, 1, 0, 34, 2014.46
1747412415, 77, 91, 95, 0, 0, 0.19%, 1, 0, 34, 1941.30
1747412420, 78, 59, 95, 0, 0, 0.19%, 1, 0, 34, 2084.47
1747412425, 78, 88, 95, 0, 0, 0.19%, 1, 0, 34, 2054.26
1747412430, 78, 90, 95, 0, 0, 0.19%, 1, 0, 34, 1976.98
1747412435, 79, 44, 95, 0, 0, 0.19%, 1, 0, 34, 2080.73
1747412441, 79, 84, 95, 0, 0, 0.19%, 1, 0, 34, 2007.67
1747412446, 80, 30, 95, 0, 0, 0.19%, 1, 0, 34, 2039.99
1747412451, 80, 80, 95, 0, 0, 0.19%, 1, 0, 34, 2064.61
1747412456, 80, 91, 95, 0, 0, 0.19%, 1, 0, 34, 2001.89
1747412461, 81, 59, 95, 0, 0, 0.19%, 1, 0, 34, 2089.54
1747412466, 81, 70, 95, 0, 0, 0.19%, 1, 0, 34, 2076.06
1747412471, 81, 91, 95, 0, 0, 0.19%, 1, 0, 34, 2045.89
1747412477, 82, 44, 95, 0, 0, 0.19%, 1, 0, 34, 2123.26
1747412482, 82, 66, 95, 0, 0, 0.19%, 1, 0, 34, 2092.10
1747412487, 83, 3, 95, 0, 0, 0.19%, 1, 0, 34, 2029.64
1747412492, 83, 59, 95, 0, 0, 0.19%, 1, 0, 34, 2101.86
1747412497, 83, 80, 95, 0, 0, 0.19%, 1, 0, 34, 2053.01
1747412502, 84, 31, 95, 0, 0, 0.19%, 1, 0, 34, 1957.83
1747412507, 84, 63, 95, 0, 0, 0.19%, 1, 0, 34, 2073.46
1747412512, 84, 91, 95, 0, 0, 0.19%, 1, 0, 34, 2002.31
1747412517, 85, 37, 95, 0, 0, 0.19%, 1, 0, 34, 1905.51
1747412523, 85, 76, 95, 0, 0, 0.19%, 1, 0, 34, 2013.28
1747412528, 85, 91, 95, 0, 0, 0.19%, 1, 0, 34, 1993.95
1747412533, 86, 66, 95, 0, 0, 0.19%, 1, 0, 34, 2106.72
1747412538, 86, 92, 95, 0, 0, 0.19%, 1, 0, 34, 2010.35
1747412543, 87, 66, 95, 0, 0, 0.19%, 1, 0, 34, 2114.08
1747412548, 87, 80, 95, 0, 0, 0.19%, 1, 0, 34, 2083.65
1747412553, 87, 93, 95, 0, 0, 0.19%, 1, 0, 34, 1800.08
1747412558, 88, 42, 95, 0, 0, 0.19%, 1, 0, 34, 2106.92
1747412563, 88, 66, 95, 0, 0, 0.19%, 1, 0, 34, 2098.17
1747412568, 88, 86, 95, 0, 0, 0.19%, 1, 0, 34, 2017.71
1747412573, 89, 37, 95, 0, 0, 0.19%, 1, 0, 34, 2119.23
1747412578, 89, 75, 95, 0, 0, 0.19%, 1, 0, 34, 1956.86
1747412583, 89, 92, 95, 0, 0, 0.19%, 1, 0, 34, 2005.56
1747412589, 90, 44, 95, 0, 0, 0.19%, 1, 0, 34, 2145.53
1747412594, 90, 80, 95, 0, 0, 0.19%, 1, 0, 34, 2056.23
1747412599, 90, 86, 95, 0, 0, 0.19%, 1, 0, 34, 2058.68
1747412604, 91, 44, 95, 0, 0, 0.19%, 1, 0, 34, 2031.91
1747412609, 91, 86, 95, 0, 0, 0.19%, 1, 0, 34, 1904.58
1747412614, 92, 42, 95, 0, 0, 0.19%, 1, 0, 34, 1997.87
1747412619, 92, 59, 95, 0, 0, 0.19%, 1, 0, 34, 2018.69
1747412624, 92, 74, 95, 0, 0, 0.19%, 1, 0, 34, 2038.36
1747412629, 92, 91, 95, 0, 0, 0.19%, 1, 0, 34, 1990.93
1747412634, 93, 44, 95, 0, 0, 0.19%, 1, 0, 34, 2094.35
1747412639, 93, 91, 95, 0, 0, 0.19%, 1, 0, 34, 1948.20
1747412645, 94, 54, 95, 0, 0, 0.19%, 1, 0, 34, 2102.01
1747412650, 94, 91, 95, 0, 0, 0.19%, 1, 0, 34, 2062.96
1747412655, 95, 42, 95, 0, 0, 0.19%, 1, 0, 34, 2053.82
1747412660, 95, 86, 95, 0, 0, 0.19%, 1, 0, 34, 1924.53
1747412665, 96, 42, 95, 0, 0, 0.19%, 1, 0, 34, 1987.54
1747412670, 96, 86, 95, 0, 0, 0.19%, 1, 0, 34, 2010.66
1747412675, 97, 44, 95, 0, 0, 0.19%, 1, 0, 34, 2041.92
1747412680, 97, 76, 95, 0, 0, 0.19%, 1, 0, 34, 1984.25
1747412685, 98, 10, 95, 0, 0, 0.19%, 1, 0, 34, 1971.49
1747412690, 98, 66, 95, 0, 0, 0.19%, 1, 0, 34, 1962.35
1747412695, 98, 86, 95, 0, 0, 0.19%, 1, 0, 34, 1890.61
1747412700, 99, 31, 95, 0, 0, 0.19%, 1, 0, 34, 1990.74
1747412706, 99, 75, 95, 0, 0, 0.19%, 1, 0, 34, 1907.88
1747412711, 99, 80, 95, 0, 0, 0.19%, 1, 0, 34, 1964.66
1747412716, 100, 37, 95, 0, 0, 0.19%, 1, 0, 34, 2136.21
1747412721, 100, 66, 95, 0, 0, 0.19%, 1, 0, 34, 2196.56
1747412726, 101, 23, 95, 0, 0, 0.19%, 1, 0, 34, 2106.63
1747412731, 101, 63, 95, 0, 0, 0.19%, 1, 0, 34, 2213.16
1747412736, 101, 80, 95, 0, 0, 0.19%, 1, 0, 34, 2126.07
1747412741, 101, 91, 95, 0, 0, 0.19%, 1, 0, 34, 2012.19
1747412746, 102, 59, 95, 0, 0, 0.19%, 1, 0, 34, 1932.68
1747412751, 102, 91, 95, 0, 0, 0.19%, 1, 0, 34, 1967.80
1747412757, 103, 42, 95, 0, 0, 0.19%, 1, 0, 34, 1902.05
1747412762, 103, 66, 95, 0, 0, 0.19%, 1, 0, 34, 2088.16
1747412767, 103, 86, 95, 0, 0, 0.19%, 1, 0, 34, 1978.20
1747412772, 104, 37, 95, 0, 0, 0.19%, 1, 0, 34, 2115.40
1747412777, 104, 63, 95, 0, 0, 0.19%, 1, 0, 34, 2130.51
1747412782, 104, 79, 95, 0, 0, 0.19%, 1, 0, 34, 2092.93
1747412787, 104, 91, 95, 0, 0, 0.19%, 1, 0, 34, 2014.79
1747412792, 105, 44, 95, 0, 0, 0.19%, 1, 0, 34, 2168.90
1747412797, 105, 67, 95, 0, 0, 0.19%, 1, 0, 34, 2124.69
1747412802, 105, 86, 95, 0, 0, 0.19%, 1, 0, 34, 2027.04
1747412807, 106, 6, 95, 0, 0, 0.19%, 1, 0, 34, 1980.50
1747412812, 106, 59, 95, 0, 0, 0.19%, 1, 0, 34, 1987.82
1747412817, 106, 86, 95, 0, 0, 0.19%, 1, 0, 34, 1890.99
1747412822, 107, 44, 95, 0, 0, 0.19%, 1, 0, 34, 2044.47
1747412828, 107, 80, 95, 0, 0, 0.19%, 1, 0, 34, 2061.77
1747412833, 107, 91, 95, 0, 0, 0.19%, 1, 0, 34, 2038.49
1747412838, 108, 37, 95, 0, 0, 0.19%, 1, 0, 34, 1891.60
1747412843, 108, 79, 95, 0, 0, 0.19%, 1, 0, 34, 1886.66
1747412848, 108, 92, 95, 0, 0, 0.19%, 1, 0, 34, 1984.84
1747412853, 109, 42, 95, 0, 0, 0.19%, 1, 0, 34, 2034.87
1747412858, 109, 80, 95, 0, 0, 0.19%, 1, 0, 34, 2062.58
1747412863, 110, 37, 95, 0, 0, 0.19%, 1, 0, 34, 2062.39
1747412868, 110, 64, 95, 0, 0, 0.19%, 1, 0, 34, 2000.30
1747412873, 110, 86, 95, 0, 0, 0.19%, 1, 0, 34, 1929.40
1747412879, 111, 39, 95, 0, 0, 0.19%, 1, 0, 34, 2014.97
1747412884, 111, 45, 95, 0, 0, 0.19%, 1, 0, 34, 1969.16
1747412889, 111, 86, 95, 0, 0, 0.19%, 1, 0, 34, 2020.31
1747412894, 112, 35, 95, 0, 0, 0.19%, 1, 0, 34, 2098.26
1747412899, 112, 66, 95, 0, 0, 0.19%, 1, 0, 34, 2116.95
1747412904, 113, 30, 95, 0, 0, 0.19%, 1, 0, 34, 2084.85
1747412909, 113, 66, 95, 0, 0, 0.19%, 1, 0, 34, 2119.79
1747412914, 114, 30, 95, 0, 0, 0.19%, 1, 0, 34, 2091.43
1747412919, 114, 66, 95, 0, 0, 0.19%, 1, 0, 34, 2049.74
1747412924, 114, 81, 95, 0, 0, 0.19%, 1, 0, 34, 2010.21
1747412930, 114, 93, 95, 0, 0, 0.19%, 1, 0, 34, 1842.33
1747412935, 115, 66, 95, 0, 0, 0.19%, 1, 0, 34, 2083.38
1747412940, 115, 88, 95, 0, 0, 0.19%, 1, 0, 34, 2023.59
1747412945, 116, 30, 95, 0, 0, 0.19%, 1, 0, 34, 2077.36
1747412950, 116, 59, 95, 0, 0, 0.19%, 1, 0, 34, 2161.25
1747412955, 116, 91, 95, 0, 0, 0.19%, 1, 0, 34, 2052.59
1747412960, 117, 48, 95, 0, 0, 0.19%, 1, 0, 34, 2144.77
1747412965, 117, 82, 95, 0, 0, 0.19%, 1, 0, 34, 2069.68
1747412970, 118, 31, 95, 0, 0, 0.19%, 1, 0, 34, 2081.65
1747412975, 118, 77, 95, 0, 0, 0.19%, 1, 0, 34, 2057.76
1747412980, 118, 91, 95, 0, 0, 0.19%, 1, 0, 34, 1974.79
1747412985, 119, 37, 95, 0, 0, 0.19%, 1, 0, 34, 1940.83
1747412991, 119, 66, 95, 0, 0, 0.19%, 1, 0, 34, 2036.47
1747412996, 119, 92, 95, 0, 0, 0.19%, 1, 0, 34, 1975.71
1747413001, 120, 52, 95, 0, 0, 0.19%, 1, 0, 34, 2104.70
1747413006, 120, 86, 95, 0, 0, 0.19%, 1, 0, 34, 2054.79
1747413011, 121, 40, 95, 0, 0, 0.19%, 1, 0, 34, 2117.72
1747413016, 121, 61, 95, 0, 0, 0.19%, 1, 0, 34, 2110.51
1747413021, 121, 86, 95, 0, 0, 0.19%, 1, 0, 34, 2046.21
1747413026, 122, 29, 95, 0, 0, 0.19%, 1, 0, 34, 2045.89
1747413032, 122, 66, 95, 0, 0, 0.19%, 1, 0, 34, 2080.40
1747413037, 122, 86, 95, 0, 0, 0.19%, 1, 0, 34, 2086.13
1747413042, 123, 44, 95, 0, 0, 0.19%, 1, 0, 34, 2147.88
1747413047, 123, 78, 95, 0, 0, 0.19%, 1, 0, 34, 1979.39
1747413052, 123, 92, 95, 0, 0, 0.19%, 1, 0, 34, 2009.01
1747413057, 124, 59, 95, 0, 0, 0.19%, 1, 0, 34, 2128.33
1747413062, 124, 91, 95, 0, 0, 0.19%, 1, 0, 34, 2041.65
1747413067, 125, 59, 95, 0, 0, 0.19%, 1, 0, 34, 2146.42
1747413072, 125, 80, 95, 0, 0, 0.19%, 1, 0, 34, 1981.96
1747413077, 126, 31, 95, 0, 0, 0.19%, 1, 0, 34, 2087.69
1747413083, 126, 66, 95, 0, 0, 0.19%, 1, 0, 34, 2112.95
1747413088, 127, 30, 95, 0, 0, 0.19%, 1, 0, 34, 2043.43
1747413093, 127, 57, 95, 0, 0, 0.19%, 1, 0, 34, 2133.93
1747413098, 127, 86, 95, 0, 0, 0.19%, 1, 0, 34, 2061.67
1747413103, 127, 92, 95, 0, 0, 0.19%, 1, 0, 34, 2009.07
1747413108, 128, 33, 95, 0, 0, 0.19%, 1, 0, 34, 2029.47
1747413113, 128, 80, 95, 0, 0, 0.19%, 1, 0, 34, 2046.66
1747413118, 129, 30, 95, 0, 0, 0.19%, 1, 0, 34, 2056.71
1747413124, 129, 67, 95, 0, 0, 0.19%, 1, 0, 34, 2088.34
1747413129, 129, 91, 95, 0, 0, 0.19%, 1, 0, 34, 2017.36
1747413134, 130, 52, 95, 0, 0, 0.19%, 1, 0, 34, 2114.29
1747413139, 130, 91, 95, 0, 0, 0.19%, 1, 0, 34, 2023.77
1747413144, 131, 66, 95, 0, 0, 0.19%, 1, 0, 34, 2103.16
1747413149, 131, 84, 95, 0, 0, 0.19%, 1, 0, 34, 2034.62
1747413154, 132, 31, 95, 0, 0, 0.19%, 1, 0, 34, 2064.53
1747413160, 132, 66, 95, 0, 0, 0.19%, 1, 0, 34, 2114.30
1747413165, 132, 92, 95, 0, 0, 0.19%, 1, 0, 34, 1974.60
1747413170, 133, 59, 95, 0, 0, 0.19%, 1, 0, 34, 2073.58
1747413175, 133, 92, 95, 0, 0, 0.19%, 1, 0, 34, 2012.38
1747413180, 134, 66, 95, 0, 0, 0.19%, 1, 0, 34, 2008.00
1747413185, 134, 83, 95, 0, 0, 0.19%, 1, 0, 34, 1989.09
1747413190, 134, 91, 95, 0, 0, 0.19%, 1, 0, 34, 1988.85
1747413195, 135, 66, 95, 0, 0, 0.19%, 1, 0, 34, 2079.52
1747413201, 135, 86, 95, 0, 0, 0.19%, 1, 0, 34, 1991.62
1747413206, 135, 92, 95, 0, 0, 0.19%, 1, 0, 34, 1977.17
1747413211, 136, 66, 95, 0, 0, 0.19%, 1, 0, 34, 2087.97
1747413216, 136, 84, 95, 0, 0, 0.19%, 1, 0, 34, 1992.96
1747413221, 137, 31, 95, 0, 0, 0.19%, 1, 0, 34, 2030.23
1747413226, 137, 80, 95, 0, 0, 0.19%, 1, 0, 34, 2039.67
1747413231, 138, 30, 95, 0, 0, 0.19%, 1, 0, 34, 2018.50
1747413237, 138, 59, 95, 0, 0, 0.19%, 1, 0, 34, 2116.14
1747413242, 138, 89, 95, 0, 0, 0.19%, 1, 0, 34, 2033.88
1747413247, 139, 37, 95, 0, 0, 0.19%, 1, 0, 34, 2065.80
1747413252, 139, 80, 95, 0, 0, 0.19%, 1, 0, 34, 2075.00
1747413257, 140, 31, 95, 0, 0, 0.19%, 1, 0, 34, 2091.51
1747413262, 140, 83, 95, 0, 0, 0.19%, 1, 0, 34, 2070.50
1747413267, 140, 87, 95, 0, 0, 0.19%, 1, 0, 34, 2007.77
1747413273, 141, 31, 95, 0, 0, 0.19%, 1, 0, 34, 2070.90
1747413278, 141, 80, 95, 0, 0, 0.19%, 1, 0, 34, 2099.78
1747413283, 141, 89, 95, 0, 0, 0.19%, 1, 0, 34, 2008.37
1747413288, 142, 15, 95, 0, 0, 0.19%, 1, 0, 34, 2030.73
1747413293, 142, 68, 95, 0, 0, 0.19%, 1, 0, 34, 2091.19
1747413298, 142, 91, 95, 0, 0, 0.19%, 1, 0, 34, 2039.24
1747413303, 143, 46, 95, 0, 0, 0.19%, 1, 0, 34, 2115.09
1747413308, 143, 80, 95, 0, 0, 0.19%, 1, 0, 34, 1960.85
1747413313, 143, 85, 95, 0, 0, 0.19%, 1, 0, 34, 1990.03
1747413319, 144, 31, 95, 0, 0, 0.19%, 1, 0, 34, 2078.42
1747413324, 144, 74, 95, 0, 0, 0.19%, 1, 0, 34, 2071.04
1747413329, 144, 80, 95, 0, 0, 0.19%, 1, 0, 34, 1949.09
1747413334, 144, 91, 95, 0, 0, 0.19%, 1, 0, 34, 2012.65
1747413339, 145, 44, 95, 0, 0, 0.19%, 1, 0, 34, 2091.02
1747413344, 145, 84, 95, 0, 0, 0.19%, 1, 0, 34, 2047.63
1747413349, 146, 15, 95, 0, 0, 0.19%, 1, 0, 34, 2034.57
1747413354, 146, 59, 95, 0, 0, 0.19%, 1, 0, 34, 2140.51
1747413359, 146, 91, 95, 0, 0, 0.19%, 1, 0, 34, 2018.78
1747413364, 147, 47, 95, 0, 0, 0.19%, 1, 0, 34, 2078.86
1747413369, 147, 80, 95, 0, 0, 0.19%, 1, 0, 34, 2070.91
1747413374, 148, 30, 95, 0, 0, 0.19%, 1, 0, 34, 2071.71
1747413380, 148, 66, 95, 0, 0, 0.19%, 1, 0, 34, 2099.85
1747413385, 148, 92, 95, 0, 0, 0.19%, 1, 0, 34, 2010.49
1747413390, 149, 44, 95, 0, 0, 0.19%, 1, 0, 34, 1997.59
1747413395, 149, 86, 95, 0, 0, 0.19%, 1, 0, 34, 2054.90
1747413400, 150, 37, 95, 0, 0, 0.19%, 1, 0, 34, 2130.48
1747413405, 150, 83, 95, 0, 0, 0.19%, 1, 0, 34, 2056.04
1747413410, 150, 92, 95, 0, 0, 0.19%, 1, 0, 34, 2013.27
1747413415, 151, 59, 95, 0, 0, 0.19%, 1, 0, 34, 2146.10
1747413420, 151, 71, 95, 0, 0, 0.19%, 1, 0, 34, 2103.33
1747413426, 151, 92, 95, 0, 0, 0.19%, 1, 0, 34, 2019.57
1747413431, 152, 44, 95, 0, 0, 0.19%, 1, 0, 34, 1993.18
1747413436, 152, 91, 95, 0, 0, 0.19%, 1, 0, 34, 2027.96
1747413441, 153, 44, 95, 0, 0, 0.19%, 1, 0, 34, 2079.67
1747413446, 153, 74, 95, 0, 0, 0.19%, 1, 0, 34, 2032.85
1747413451, 153, 91, 95, 0, 0, 0.19%, 1, 0, 34, 2024.06
1747413456, 154, 59, 95, 0, 0, 0.19%, 1, 0, 34, 2090.76
1747413461, 154, 80, 95, 0, 0, 0.19%, 1, 0, 34, 2035.05
1747413466, 155, 37, 95, 0, 0, 0.19%, 1, 0, 34, 2032.20
1747413471, 155, 83, 95, 0, 0, 0.19%, 1, 0, 34, 2043.09
1747413476, 155, 87, 95, 0, 0, 0.19%, 1, 0, 34, 1989.63
1747413481, 156, 31, 95, 0, 0, 0.19%, 1, 0, 34, 1947.73
1747413486, 156, 66, 95, 0, 0, 0.19%, 1, 0, 34, 2078.48
1747413491, 156, 91, 95, 0, 0, 0.19%, 1, 0, 34, 2038.63
1747413497, 157, 59, 95, 0, 0, 0.19%, 1, 0, 34, 2112.58
1747413502, 157, 81, 95, 0, 0, 0.19%, 1, 0, 34, 2054.92
1747413507, 157, 86, 95, 0, 0, 0.19%, 1, 0, 34, 2033.80
1747413512, 158, 42, 95, 0, 0, 0.19%, 1, 0, 34, 2073.15
1747413517, 158, 67, 95, 0, 0, 0.19%, 1, 0, 34, 2068.51
1747413522, 158, 80, 95, 0, 0, 0.19%, 1, 0, 34, 2001.29
1747413527, 159, 31, 95, 0, 0, 0.19%, 1, 0, 34, 2134.28
1747413532, 159, 73, 95, 0, 0, 0.19%, 1, 0, 34, 2129.88
1747413538, 159, 86, 95, 0, 0, 0.19%, 1, 0, 34, 2017.20
1747413543, 160, 30, 95, 0, 0, 0.19%, 1, 0, 34, 1932.29
1747413548, 160, 64, 95, 0, 0, 0.19%, 1, 0, 34, 2095.29
1747413553, 160, 86, 95, 0, 0, 0.19%, 1, 0, 34, 2011.85
1747413558, 161, 57, 95, 0, 0, 0.19%, 1, 0, 34, 2124.10
1747413563, 161, 80, 95, 0, 0, 0.19%, 1, 0, 34, 2059.29
1747413568, 162, 31, 95, 0, 0, 0.19%, 1, 0, 34, 2083.76
1747413573, 162, 80, 95, 0, 0, 0.19%, 1, 0, 34, 2112.40
1747413578, 162, 91, 95, 0, 0, 0.19%, 1, 0, 34, 2023.29
1747413584, 163, 44, 95, 0, 0, 0.19%, 1, 0, 34, 2112.18
1747413589, 163, 80, 95, 0, 0, 0.19%, 1, 0, 34, 2107.60
1747413594, 163, 90, 95, 0, 0, 0.19%, 1, 0, 34, 2053.26
1747413599, 164, 31, 95, 0, 0, 0.19%, 1, 0, 34, 2113.09
1747413604, 164, 80, 95, 0, 0, 0.19%, 1, 0, 34, 2164.07
1747413609, 165, 30, 95, 0, 0, 0.19%, 1, 0, 34, 2164.00
1747413614, 165, 69, 95, 0, 0, 0.19%, 1, 0, 34, 2236.47
1747413619, 165, 84, 95, 0, 0, 0.19%, 1, 0, 34, 2198.16
1747413624, 166, 37, 95, 0, 0, 0.19%, 1, 0, 34, 2168.63
1747413629, 166, 61, 95, 0, 0, 0.19%, 1, 0, 34, 2211.23
1747413635, 166, 78, 95, 0, 0, 0.19%, 1, 0, 34, 1977.88
1747413640, 167, 27, 95, 0, 0, 0.19%, 1, 0, 34, 2125.11
1747413645, 167, 63, 95, 0, 0, 0.19%, 1, 0, 34, 2251.92
1747413650, 167, 80, 95, 0, 0, 0.19%, 1, 0, 34, 2196.34
1747413655, 168, 30, 95, 0, 0, 0.19%, 1, 0, 34, 2221.94
1747413660, 168, 69, 95, 0, 0, 0.19%, 1, 0, 34, 2238.88
1747413665, 168, 92, 95, 0, 0, 0.19%, 1, 0, 34, 2202.61
1747413670, 169, 41, 95, 0, 0, 0.19%, 1, 0, 34, 2104.90
1747413675, 169, 84, 95, 0, 0, 0.19%, 1, 0, 34, 2167.17
1747413681, 170, 42, 95, 0, 0, 0.19%, 1, 0, 34, 2236.36
1747413686, 170, 80, 95, 0, 0, 0.19%, 1, 0, 34, 2233.37
1747413691, 170, 91, 95, 0, 0, 0.19%, 1, 0, 34, 2192.79
1747413696, 171, 59, 95, 0, 0, 0.19%, 1, 0, 34, 2305.24
1747413701, 171, 92, 95, 0, 0, 0.19%, 1, 0, 34, 2216.82
1747413706, 172, 66, 95, 0, 0, 0.19%, 1, 0, 34, 2298.77
1747413711, 172, 91, 95, 0, 0, 0.19%, 1, 0, 34, 2245.24
1747413717, 173, 59, 95, 0, 0, 0.19%, 1, 0, 34, 2339.14
1747413722, 173, 86, 95, 0, 0, 0.19%, 1, 0, 34, 2302.88
1747413727, 174, 37, 95, 0, 0, 0.19%, 1, 0, 34, 2315.90
1747413732, 174, 68, 95, 0, 0, 0.19%, 1, 0, 34, 2271.81
1747413737, 175, 30, 95, 0, 0, 0.19%, 1, 0, 34, 2245.47
1747413742, 175, 66, 95, 0, 0, 0.19%, 1, 0, 34, 2301.84
1747413747, 176, 30, 95, 0, 0, 0.19%, 1, 0, 34, 2280.82
1747413752, 176, 78, 95, 0, 0, 0.19%, 1, 0, 34, 2159.69
1747413758, 176, 86, 95, 0, 0, 0.19%, 1, 0, 34, 2232.01
1747413763, 176, 92, 95, 0, 0, 0.19%, 1, 0, 34, 2248.96
1747413768, 177, 66, 95, 0, 0, 0.19%, 1, 0, 34, 2394.02
1747413773, 177, 91, 95, 0, 0, 0.19%, 1, 0, 34, 2301.10
1747413778, 178, 59, 95, 0, 0, 0.19%, 1, 0, 34, 2427.24
