# unix_time, cycles_done, cur_path, paths_total, pending_total, pending_favs, map_size, unique_crashes, unique_hangs, max_depth, execs_per_sec
1746712463, 0, 0, 1, 1, 1, 3.78%, 0, 0, 1, 140.35
1746712468, 0, 0, 46, 46, 1, 5.48%, 0, 0, 2, 138.08
1746712473, 0, 0, 71, 71, 1, 5.48%, 0, 0, 2, 138.30
1746712478, 0, 0, 93, 93, 1, 5.63%, 0, 0, 2, 138.16
1746712483, 0, 0, 113, 113, 1, 5.71%, 0, 0, 2, 136.26
1746712489, 0, 0, 130, 130, 1, 5.75%, 0, 0, 2, 138.30
1746712494, 0, 0, 144, 144, 1, 5.75%, 0, 0, 2, 141.84
1746712499, 0, 0, 157, 157, 1, 5.75%, 0, 0, 2, 139.88
1746712504, 0, 0, 165, 165, 1, 5.75%, 0, 0, 2, 139.72
1746712509, 0, 0, 175, 175, 1, 5.75%, 0, 0, 2, 137.94
1746712514, 0, 0, 184, 184, 1, 5.76%, 0, 0, 2, 140.28
1746712520, 0, 0, 191, 191, 1, 5.76%, 0, 0, 2, 143.98
1746712525, 0, 0, 195, 195, 1, 5.76%, 0, 0, 2, 144.55
1746712530, 0, 0, 202, 202, 1, 5.78%, 0, 0, 2, 142.05
1746712535, 0, 0, 206, 206, 1, 5.78%, 0, 0, 2, 146.21
1746712540, 0, 0, 213, 213, 1, 5.78%, 0, 0, 2, 143.79
1746712546, 0, 0, 218, 218, 1, 5.78%, 0, 0, 2, 143.17
1746712551, 0, 0, 224, 224, 1, 5.78%, 0, 0, 2, 143.06
1746712556, 0, 0, 231, 231, 1, 5.78%, 0, 0, 2, 143.70
1746712561, 0, 0, 241, 241, 1, 5.78%, 0, 0, 2, 140.06
1746712566, 0, 0, 242, 242, 1, 5.78%, 0, 0, 2, 145.13
1746712571, 0, 0, 247, 247, 1, 5.78%, 0, 0, 2, 143.68
1746712576, 0, 0, 250, 250, 1, 5.78%, 0, 0, 2, 143.83
1746712582, 0, 0, 253, 253, 1, 5.78%, 0, 0, 2, 144.20
1746712587, 0, 0, 255, 255, 1, 5.85%, 0, 0, 2, 140.47
1746712592, 0, 0, 259, 259, 1, 5.85%, 0, 0, 2, 143.96
1746712597, 0, 0, 265, 265, 1, 5.85%, 0, 0, 2, 139.04
1746712602, 0, 0, 270, 270, 1, 5.85%, 0, 0, 2, 143.13
1746712607, 0, 0, 273, 273, 1, 5.85%, 0, 0, 2, 144.67
1746712613, 0, 0, 279, 279, 1, 5.85%, 0, 0, 2, 144.97
1746712618, 0, 0, 281, 281, 1, 5.85%, 0, 0, 2, 147.37
1746712623, 0, 0, 283, 283, 1, 5.85%, 0, 0, 2, 145.22
1746712633, 0, 0, 286, 286, 1, 5.85%, 0, 0, 2, 143.74
1746712639, 0, 0, 288, 288, 1, 5.85%, 0, 0, 2, 145.49
1746712644, 0, 0, 289, 289, 1, 5.85%, 0, 0, 2, 148.52
1746712649, 0, 0, 290, 290, 1, 5.85%, 0, 0, 2, 148.38
1746712654, 0, 0, 292, 292, 1, 5.85%, 0, 0, 2, 144.39
1746712659, 0, 0, 293, 293, 1, 5.86%, 0, 0, 2, 144.18
1746712664, 0, 0, 294, 294, 1, 5.86%, 0, 0, 2, 150.10
1746712674, 0, 0, 297, 297, 1, 5.86%, 0, 0, 2, 145.86
1746712680, 0, 0, 299, 299, 1, 5.86%, 0, 0, 2, 145.59
1746712685, 0, 0, 302, 302, 1, 5.86%, 0, 0, 2, 145.96
1746712690, 0, 0, 306, 306, 1, 5.86%, 0, 0, 2, 143.32
1746712695, 0, 0, 307, 307, 1, 5.87%, 0, 0, 2, 149.57
1746712705, 0, 0, 309, 309, 1, 5.87%, 0, 0, 2, 148.03
1746712711, 0, 2, 309, 308, 13, 5.87%, 0, 0, 2, 146.71
1746712716, 0, 2, 310, 309, 13, 5.87%, 0, 0, 3, 144.92
1746712721, 0, 2, 311, 310, 13, 5.87%, 0, 0, 3, 147.29
1746712731, 0, 2, 314, 313, 13, 5.87%, 0, 0, 3, 144.91
1746712741, 0, 2, 317, 316, 13, 5.87%, 0, 0, 3, 149.16
1746712747, 0, 2, 318, 317, 13, 5.87%, 0, 0, 3, 150.15
1746712752, 0, 2, 319, 318, 13, 5.87%, 0, 0, 3, 150.22
1746712778, 0, 2, 320, 319, 13, 5.87%, 0, 0, 3, 146.09
1746712783, 0, 2, 322, 321, 13, 5.87%, 0, 0, 3, 149.20
1746712788, 0, 2, 324, 323, 13, 5.87%, 0, 0, 3, 148.42
1746712793, 0, 2, 325, 324, 13, 5.87%, 0, 0, 3, 149.72
1746712798, 0, 2, 327, 326, 13, 5.87%, 0, 0, 3, 149.64
1746712803, 0, 2, 328, 327, 13, 5.87%, 0, 0, 3, 148.51
1746712829, 0, 2, 329, 328, 13, 5.88%, 0, 0, 3, 145.43
1746712839, 0, 2, 330, 329, 13, 5.88%, 0, 0, 3, 146.80
1746712860, 0, 2, 331, 330, 13, 5.88%, 0, 0, 3, 142.67
1746712865, 0, 2, 332, 331, 13, 5.88%, 0, 0, 3, 150.09
1746712875, 0, 2, 333, 332, 13, 5.88%, 0, 0, 3, 149.26
1746712880, 0, 2, 334, 333, 13, 5.88%, 0, 0, 3, 149.60
1746712890, 0, 2, 335, 334, 13, 5.88%, 0, 0, 3, 150.63
1746712895, 0, 2, 336, 335, 13, 5.88%, 0, 0, 3, 150.12
1746712900, 0, 2, 337, 336, 13, 5.88%, 0, 0, 3, 150.73
1746712910, 0, 2, 340, 339, 13, 5.88%, 0, 0, 3, 148.97
1746712915, 0, 2, 341, 340, 13, 5.88%, 0, 0, 3, 151.32
1746712921, 0, 2, 343, 342, 13, 5.88%, 0, 0, 3, 145.46
1746712936, 0, 42, 344, 342, 14, 5.88%, 0, 0, 3, 120.71
1746712972, 0, 42, 346, 344, 14, 5.88%, 0, 0, 3, 117.95
1746712977, 0, 42, 349, 347, 14, 5.88%, 0, 0, 3, 121.94
1746712982, 0, 42, 353, 351, 14, 5.88%, 0, 0, 3, 119.69
1746712992, 0, 42, 354, 352, 14, 5.88%, 0, 0, 3, 122.86
1746712997, 0, 42, 356, 354, 14, 5.88%, 0, 0, 3, 119.86
1746713003, 0, 42, 357, 355, 14, 5.88%, 0, 0, 3, 123.27
1746713008, 0, 42, 358, 356, 14, 5.88%, 0, 0, 3, 123.30
1746713013, 0, 42, 359, 357, 14, 5.88%, 0, 0, 3, 123.28
1746713018, 0, 42, 360, 358, 14, 5.88%, 0, 0, 3, 122.65
1746713034, 0, 42, 361, 359, 14, 5.88%, 0, 0, 3, 124.10
1746713039, 0, 42, 363, 361, 14, 5.88%, 0, 0, 3, 124.95
1746713044, 0, 42, 365, 363, 14, 5.88%, 0, 0, 3, 121.62
1746713054, 0, 42, 366, 364, 14, 5.88%, 0, 0, 3, 126.71
1746713059, 0, 42, 368, 366, 14, 5.88%, 0, 0, 3, 122.89
1746713065, 0, 42, 369, 367, 14, 5.88%, 0, 0, 3, 123.86
1746713070, 0, 42, 371, 369, 14, 5.90%, 0, 0, 3, 121.59
1746713090, 0, 42, 372, 370, 14, 5.90%, 0, 0, 3, 123.31
1746713095, 0, 42, 373, 371, 14, 5.90%, 0, 0, 3, 123.26
1746713106, 0, 42, 374, 372, 14, 5.90%, 0, 0, 3, 122.40
1746713116, 0, 42, 375, 373, 14, 5.90%, 0, 0, 3, 123.28
1746713126, 0, 42, 377, 375, 14, 5.90%, 0, 0, 3, 119.93
1746713141, 0, 42, 380, 378, 14, 5.90%, 0, 0, 3, 121.24
1746713147, 0, 42, 381, 379, 14, 5.90%, 0, 0, 3, 123.38
1746713162, 0, 42, 382, 380, 14, 5.90%, 0, 0, 3, 123.71
1746713167, 0, 42, 383, 381, 14, 5.90%, 0, 0, 3, 124.63
1746713177, 0, 42, 384, 382, 14, 5.90%, 0, 0, 3, 123.72
1746713182, 0, 42, 386, 384, 14, 5.90%, 0, 0, 3, 120.62
1746713187, 0, 42, 387, 385, 14, 5.90%, 0, 0, 3, 124.48
1746713198, 0, 42, 390, 388, 14, 5.90%, 0, 0, 3, 122.16
1746713203, 0, 42, 391, 389, 14, 5.90%, 0, 0, 3, 124.00
1746713208, 0, 42, 392, 390, 14, 5.90%, 0, 0, 3, 124.37
1746713224, 0, 42, 393, 391, 14, 5.90%, 0, 0, 3, 123.70
1746713229, 0, 42, 394, 392, 14, 5.90%, 0, 0, 3, 122.99
1746713239, 0, 75, 394, 391, 14, 5.90%, 0, 0, 3, 120.96
1746713290, 0, 79, 394, 390, 13, 5.90%, 0, 0, 3, 115.39
1746713459, 0, 79, 396, 392, 13, 5.91%, 0, 0, 3, 95.33
1746713464, 0, 79, 402, 398, 13, 5.91%, 0, 0, 3, 95.57
1746713469, 0, 79, 405, 401, 13, 5.91%, 0, 0, 3, 98.42
1746713474, 0, 79, 407, 403, 13, 5.91%, 0, 0, 3, 97.14
1746713479, 0, 79, 410, 406, 13, 5.91%, 0, 0, 3, 96.22
1746713484, 0, 79, 415, 411, 13, 5.91%, 0, 0, 3, 94.98
1746713489, 0, 79, 419, 415, 13, 5.91%, 0, 0, 3, 96.09
1746713495, 0, 79, 420, 416, 13, 5.91%, 0, 0, 3, 98.25
1746713500, 0, 79, 424, 420, 13, 5.91%, 0, 0, 3, 99.06
1746713505, 0, 79, 426, 422, 13, 5.91%, 0, 0, 3, 98.58
1746713510, 0, 79, 427, 423, 13, 5.91%, 0, 0, 3, 98.17
1746713515, 0, 79, 430, 426, 13, 5.91%, 0, 0, 3, 98.42
1746713520, 0, 79, 432, 428, 13, 5.91%, 0, 0, 3, 98.37
1746713525, 0, 79, 433, 429, 13, 5.91%, 0, 0, 3, 100.14
1746713531, 0, 79, 436, 432, 13, 5.91%, 0, 0, 3, 96.98
1746713536, 0, 79, 439, 435, 13, 5.91%, 0, 0, 3, 96.81
1746713541, 0, 79, 440, 436, 13, 5.91%, 0, 0, 3, 99.92
1746713546, 0, 79, 441, 437, 13, 5.91%, 0, 0, 3, 99.78
1746713551, 0, 79, 442, 438, 13, 5.91%, 0, 0, 3, 99.32
1746713556, 0, 79, 443, 439, 13, 5.91%, 0, 0, 3, 99.14
1746713561, 0, 79, 445, 441, 13, 5.91%, 0, 0, 3, 97.61
1746713566, 0, 79, 448, 444, 13, 5.91%, 0, 0, 3, 97.48
1746713571, 0, 79, 450, 446, 13, 5.91%, 0, 0, 3, 97.46
1746713576, 0, 79, 451, 447, 13, 5.97%, 0, 0, 3, 98.78
1746713582, 0, 79, 452, 448, 13, 5.97%, 0, 0, 3, 99.39
1746713587, 0, 79, 453, 449, 13, 5.97%, 0, 0, 3, 94.29
1746713592, 0, 79, 455, 451, 13, 5.97%, 0, 0, 3, 95.63
1746713602, 0, 79, 457, 453, 13, 5.97%, 0, 0, 3, 97.84
1746713607, 0, 79, 458, 454, 13, 5.97%, 0, 0, 3, 97.58
1746713618, 0, 79, 459, 455, 13, 5.97%, 0, 0, 3, 98.03
1746713623, 0, 79, 462, 458, 13, 5.97%, 0, 0, 3, 98.45
1746713628, 0, 79, 463, 459, 13, 5.97%, 0, 0, 3, 98.31
1746713633, 0, 79, 465, 461, 13, 5.97%, 0, 0, 3, 98.79
1746713643, 0, 79, 466, 462, 13, 5.97%, 0, 0, 3, 97.98
1746713653, 0, 79, 467, 463, 13, 5.97%, 0, 0, 3, 98.39
1746713658, 0, 79, 470, 466, 13, 5.97%, 0, 0, 3, 97.19
1746713664, 0, 79, 471, 467, 13, 5.97%, 0, 0, 3, 98.15
1746713679, 0, 79, 473, 469, 13, 5.97%, 0, 0, 3, 97.33
1746713684, 0, 79, 475, 471, 13, 5.97%, 0, 0, 3, 97.34
1746713689, 0, 79, 476, 472, 13, 5.97%, 0, 0, 3, 97.93
1746713694, 0, 79, 477, 473, 13, 5.97%, 0, 0, 3, 99.13
1746713699, 0, 79, 479, 475, 13, 5.97%, 0, 0, 3, 99.83
1746713705, 0, 79, 480, 476, 13, 5.97%, 0, 0, 3, 99.00
1746713710, 0, 79, 481, 477, 13, 5.97%, 0, 0, 3, 98.96
1746713725, 0, 79, 482, 478, 13, 5.97%, 0, 0, 3, 98.38
1746713730, 0, 79, 483, 479, 13, 5.97%, 0, 0, 3, 98.57
1746713740, 0, 79, 484, 480, 13, 5.97%, 0, 0, 3, 100.25
1746713761, 0, 79, 485, 481, 13, 5.97%, 0, 0, 3, 99.85
1746713766, 0, 79, 487, 483, 13, 5.97%, 0, 0, 3, 96.72
1746713776, 0, 79, 488, 484, 13, 5.97%, 0, 0, 3, 100.81
1746713781, 0, 79, 490, 486, 13, 5.97%, 0, 0, 3, 98.64
1746713797, 0, 146, 490, 485, 19, 5.97%, 0, 0, 3, 101.30
1746713883, 0, 147, 490, 484, 19, 5.97%, 0, 0, 3, 108.60
1746713960, 0, 147, 494, 488, 19, 5.97%, 0, 0, 3, 109.35
1746713970, 0, 147, 495, 489, 19, 5.97%, 0, 0, 3, 116.30
1746713975, 0, 147, 496, 490, 19, 5.97%, 0, 0, 3, 115.13
1746714005, 0, 147, 497, 491, 19, 5.97%, 0, 0, 3, 112.83
1746714026, 0, 147, 498, 492, 19, 5.97%, 0, 0, 3, 113.31
1746714046, 0, 147, 499, 493, 19, 5.97%, 0, 0, 3, 113.64
1746714056, 0, 147, 500, 494, 19, 5.97%, 0, 0, 3, 112.86
1746714108, 0, 147, 501, 495, 19, 5.97%, 0, 0, 3, 111.77
1746714128, 0, 147, 502, 496, 19, 5.97%, 0, 0, 3, 113.38
1746714168, 0, 147, 503, 497, 19, 5.97%, 0, 0, 3, 115.51
1746714173, 0, 147, 504, 498, 19, 5.97%, 0, 0, 3, 113.87
1746714239, 0, 181, 504, 497, 18, 5.97%, 0, 0, 3, 77.33
1746714260, 0, 181, 505, 498, 18, 5.97%, 0, 0, 3, 63.79
1746714296, 0, 181, 506, 499, 18, 5.97%, 0, 0, 3, 64.23
1746714571, 0, 181, 512, 505, 18, 5.98%, 0, 0, 3, 67.46
1746714576, 0, 181, 516, 509, 18, 5.98%, 0, 0, 3, 70.95
1746714581, 0, 181, 521, 514, 18, 6.05%, 0, 0, 3, 68.44
1746714587, 0, 181, 529, 522, 18, 6.05%, 0, 0, 3, 68.24
1746714592, 0, 181, 530, 523, 18, 6.05%, 0, 0, 3, 72.07
1746714597, 0, 181, 533, 526, 18, 6.05%, 0, 0, 3, 71.65
1746714602, 0, 181, 535, 528, 18, 6.05%, 0, 0, 3, 72.43
1746714607, 0, 181, 538, 531, 18, 6.05%, 0, 0, 3, 71.30
1746714612, 0, 181, 542, 535, 18, 6.05%, 0, 0, 3, 68.75
1746714618, 0, 181, 543, 536, 18, 6.05%, 0, 0, 3, 73.26
1746714623, 0, 181, 545, 538, 18, 6.05%, 0, 0, 3, 72.12
1746714628, 0, 181, 547, 540, 18, 6.05%, 0, 0, 3, 73.24
1746714633, 0, 181, 549, 542, 18, 6.05%, 0, 0, 3, 73.52
1746714648, 0, 181, 552, 545, 18, 6.05%, 0, 0, 3, 71.75
1746714654, 0, 181, 553, 546, 18, 6.05%, 0, 0, 3, 72.10
1746714659, 0, 181, 556, 549, 18, 6.05%, 0, 0, 3, 70.07
1746714664, 0, 181, 559, 552, 18, 6.05%, 0, 0, 3, 71.96
1746714669, 0, 181, 561, 554, 18, 6.05%, 0, 0, 3, 72.22
1746714674, 0, 181, 564, 557, 18, 6.05%, 0, 0, 3, 72.30
1746714679, 0, 181, 565, 558, 18, 6.05%, 0, 0, 3, 72.32
1746714685, 0, 181, 567, 560, 18, 6.05%, 0, 0, 3, 71.63
1746714705, 0, 181, 569, 562, 18, 6.05%, 0, 0, 3, 72.02
1746714726, 0, 181, 571, 564, 18, 6.05%, 0, 0, 3, 74.29
1746714731, 0, 181, 572, 565, 18, 6.05%, 0, 0, 3, 71.14
1746714736, 0, 181, 575, 568, 18, 6.05%, 0, 0, 3, 70.22
1746714741, 0, 181, 576, 569, 18, 6.05%, 0, 0, 3, 72.09
1746714747, 0, 181, 577, 570, 18, 6.05%, 0, 0, 3, 72.73
1746714757, 0, 181, 578, 571, 18, 6.05%, 0, 0, 3, 72.00
1746714762, 0, 181, 579, 572, 18, 6.05%, 0, 0, 3, 74.01
1746714767, 0, 181, 581, 574, 18, 6.05%, 0, 0, 3, 73.87
1746714783, 0, 181, 582, 575, 18, 6.05%, 0, 0, 3, 72.11
1746714788, 0, 181, 584, 577, 18, 6.05%, 0, 0, 3, 69.40
1746714793, 0, 181, 587, 580, 18, 6.05%, 0, 0, 3, 67.91
1746714798, 0, 181, 588, 581, 18, 6.05%, 0, 0, 3, 72.28
1746714814, 0, 181, 589, 582, 18, 6.05%, 0, 0, 3, 73.95
1746714819, 0, 181, 590, 583, 18, 6.05%, 0, 0, 3, 72.13
1746714824, 0, 181, 591, 584, 18, 6.05%, 0, 0, 3, 72.62
1746714834, 0, 181, 592, 585, 18, 6.05%, 0, 0, 3, 72.28
1746714845, 0, 181, 593, 586, 18, 6.05%, 0, 0, 3, 71.68
1746714855, 0, 181, 595, 588, 18, 6.05%, 0, 0, 3, 74.76
1746714865, 0, 181, 597, 590, 18, 6.05%, 0, 0, 3, 70.96
1746714875, 0, 181, 599, 592, 18, 6.05%, 0, 0, 3, 71.08
1746714886, 0, 181, 600, 593, 18, 6.05%, 0, 0, 3, 72.42
1746714901, 0, 181, 601, 594, 18, 6.05%, 0, 0, 3, 73.53
1746714906, 0, 181, 603, 596, 18, 6.05%, 0, 0, 3, 72.70
1746714911, 0, 181, 605, 598, 18, 6.05%, 0, 0, 3, 72.11
1746714922, 0, 181, 606, 599, 18, 6.05%, 0, 0, 3, 73.04
1746714937, 0, 181, 607, 600, 18, 6.05%, 0, 0, 3, 72.15
1746714958, 0, 181, 608, 601, 18, 6.05%, 0, 0, 3, 71.29
1746714974, 0, 181, 609, 602, 18, 6.05%, 0, 0, 3, 71.23
1746714979, 0, 181, 610, 603, 18, 6.05%, 0, 0, 3, 70.13
1746714994, 0, 181, 611, 604, 18, 6.05%, 0, 0, 3, 73.43
1746714999, 0, 181, 612, 605, 18, 6.05%, 0, 0, 3, 73.40
1746715010, 0, 181, 614, 607, 18, 6.10%, 0, 0, 3, 70.56
1746715015, 0, 181, 615, 608, 18, 6.10%, 0, 0, 3, 71.56
1746715030, 0, 181, 617, 610, 18, 6.10%, 0, 0, 3, 70.99
1746715036, 0, 205, 617, 609, 13, 6.10%, 0, 0, 3, 77.14
1746715274, 0, 230, 617, 608, 13, 6.10%, 0, 0, 3, 77.06
1746715599, 0, 241, 617, 607, 13, 6.10%, 0, 0, 3, 82.65
1746715785, 0, 243, 617, 606, 12, 6.10%, 0, 0, 3, 88.63
1746715913, 0, 254, 617, 605, 11, 6.10%, 0, 0, 3, 99.00
1746716270, 0, 268, 617, 604, 11, 6.10%, 0, 0, 3, 68.77
1746716578, 0, 268, 618, 605, 11, 6.10%, 0, 0, 3, 77.94
1746716589, 0, 268, 620, 607, 11, 6.10%, 0, 0, 3, 75.71
1746716614, 0, 268, 621, 608, 11, 6.10%, 0, 0, 3, 75.56
1746716671, 0, 268, 622, 609, 11, 6.10%, 0, 0, 3, 79.15
1746716676, 0, 268, 623, 610, 11, 6.10%, 0, 0, 3, 77.61
1746716687, 0, 268, 624, 611, 11, 6.10%, 0, 0, 3, 77.31
1746716718, 0, 268, 625, 612, 11, 6.10%, 0, 0, 3, 79.47
1746716749, 0, 268, 626, 613, 11, 6.10%, 0, 0, 3, 77.94
1746716774, 0, 268, 628, 615, 11, 6.11%, 0, 0, 3, 74.07
1746716800, 0, 268, 629, 616, 11, 6.11%, 0, 0, 3, 77.72
1746716852, 0, 268, 630, 617, 11, 6.11%, 0, 0, 3, 77.25
1746716877, 0, 268, 631, 618, 11, 6.11%, 0, 0, 3, 78.42
1746716893, 0, 268, 633, 620, 11, 6.11%, 0, 0, 3, 75.55
1746716913, 0, 268, 635, 622, 11, 6.11%, 0, 0, 3, 78.43
1746716934, 0, 268, 636, 623, 11, 6.11%, 0, 0, 3, 77.10
1746716960, 0, 268, 637, 624, 11, 6.11%, 0, 0, 3, 76.92
1746716991, 0, 310, 637, 623, 11, 6.11%, 0, 0, 3, 75.88
1746717253, 0, 325, 637, 622, 10, 6.11%, 0, 0, 3, 81.79
1746717442, 0, 365, 637, 621, 10, 6.11%, 0, 0, 3, 89.29
1746717569, 0, 369, 637, 620, 9, 6.11%, 0, 0, 3, 93.63
1746717579, 0, 369, 639, 622, 9, 6.11%, 0, 0, 4, 44.09
1746717584, 0, 369, 640, 623, 9, 6.11%, 0, 0, 4, 42.19
1746717595, 0, 369, 641, 624, 9, 6.11%, 0, 0, 4, 41.57
1746717631, 0, 369, 642, 625, 9, 6.11%, 0, 0, 4, 41.99
1746717729, 0, 369, 643, 626, 9, 6.11%, 0, 0, 4, 41.61
1746718540, 0, 369, 644, 627, 9, 6.11%, 0, 0, 4, 42.12
1746718654, 0, 369, 647, 630, 9, 6.11%, 0, 0, 4, 42.75
1746718659, 0, 369, 653, 636, 9, 6.11%, 0, 0, 4, 44.18
1746718664, 0, 369, 659, 642, 9, 6.11%, 0, 0, 4, 46.60
1746718669, 0, 369, 665, 648, 9, 6.11%, 0, 0, 4, 45.76
1746718675, 0, 369, 668, 651, 9, 6.11%, 0, 0, 4, 47.45
1746718680, 0, 369, 673, 656, 9, 6.11%, 0, 0, 4, 47.46
1746718685, 0, 369, 675, 658, 9, 6.11%, 0, 0, 4, 47.71
1746718690, 0, 369, 680, 663, 9, 6.11%, 0, 0, 4, 46.84
1746718695, 0, 369, 681, 664, 9, 6.11%, 0, 0, 4, 47.97
1746718700, 0, 369, 682, 665, 9, 6.11%, 0, 0, 4, 46.75
1746718705, 0, 369, 686, 669, 9, 6.11%, 0, 0, 4, 47.50
1746718710, 0, 369, 687, 670, 9, 6.11%, 0, 0, 4, 47.36
1746718715, 0, 369, 689, 672, 9, 6.11%, 0, 0, 4, 47.88
1746718720, 0, 369, 691, 674, 9, 6.11%, 0, 0, 4, 47.93
1746718725, 0, 369, 693, 676, 9, 6.11%, 0, 0, 4, 47.26
1746718730, 0, 369, 694, 677, 9, 6.11%, 0, 0, 4, 47.19
1746718745, 0, 369, 697, 680, 9, 6.11%, 0, 0, 4, 46.59
1746718756, 0, 369, 698, 681, 9, 6.11%, 0, 0, 4, 47.47
1746718761, 0, 369, 700, 683, 9, 6.11%, 0, 0, 4, 48.04
1746718766, 0, 369, 703, 686, 9, 6.11%, 0, 0, 4, 46.43
1746718776, 0, 369, 705, 688, 9, 6.11%, 0, 0, 4, 47.83
1746718786, 0, 369, 707, 690, 9, 6.11%, 0, 0, 4, 46.79
1746718796, 0, 369, 708, 691, 9, 6.11%, 0, 0, 4, 46.62
1746718801, 0, 369, 709, 692, 9, 6.11%, 0, 0, 4, 46.85
1746718842, 0, 369, 710, 693, 9, 6.11%, 0, 0, 4, 47.52
1746718847, 0, 369, 711, 694, 9, 6.11%, 0, 0, 4, 47.01
1746718852, 0, 369, 713, 696, 9, 6.12%, 0, 0, 4, 47.15
1746718867, 0, 369, 714, 697, 9, 6.12%, 0, 0, 4, 46.86
1746718898, 0, 369, 715, 698, 9, 6.12%, 0, 0, 4, 48.09
1746718908, 0, 369, 716, 699, 9, 6.12%, 0, 0, 4, 46.80
1746718913, 0, 369, 717, 700, 9, 6.12%, 0, 0, 4, 47.93
1746718918, 0, 369, 718, 701, 9, 6.12%, 0, 0, 4, 47.65
1746718923, 0, 369, 719, 702, 9, 6.12%, 0, 0, 4, 47.40
1746718953, 0, 369, 720, 703, 9, 6.12%, 0, 0, 4, 47.32
1746718973, 0, 369, 721, 704, 9, 6.12%, 0, 0, 4, 48.09
1746719054, 0, 369, 722, 705, 9, 6.12%, 0, 0, 4, 47.32
1746719059, 0, 369, 723, 706, 9, 6.12%, 0, 0, 4, 47.91
1746719070, 0, 369, 724, 707, 9, 6.12%, 0, 0, 4, 47.73
1746719090, 0, 369, 725, 708, 9, 6.12%, 0, 0, 4, 46.97
1746719166, 0, 369, 726, 709, 9, 6.12%, 0, 0, 4, 48.42
1746719186, 0, 446, 726, 708, 11, 6.12%, 0, 0, 4, 55.28
1746719678, 0, 452, 726, 707, 11, 6.12%, 0, 0, 4, 60.95
1746720515, 0, 452, 727, 708, 11, 6.12%, 0, 0, 4, 55.00
1746720540, 0, 510, 727, 707, 10, 6.12%, 0, 0, 4, 57.17
1746721059, 0, 515, 727, 706, 9, 6.12%, 0, 0, 4, 59.62
1746721713, 0, 516, 727, 705, 8, 6.12%, 0, 0, 4, 74.89
1746721916, 0, 594, 727, 704, 7, 6.12%, 0, 0, 4, 89.62
1746722048, 0, 643, 727, 703, 6, 6.12%, 0, 0, 4, 71.43
1746723169, 0, 690, 727, 702, 5, 6.12%, 0, 0, 4, 47.98
1746724016, 0, 712, 727, 701, 4, 6.12%, 0, 0, 4, 52.66
1746724026, 0, 712, 728, 702, 4, 6.12%, 0, 0, 5, 39.19
1746724072, 0, 712, 730, 704, 4, 6.12%, 0, 0, 5, 38.19
1746724199, 0, 712, 731, 705, 4, 6.55%, 0, 0, 5, 39.06
1746724204, 0, 712, 732, 706, 4, 6.55%, 0, 0, 5, 38.68
1746725222, 0, 712, 733, 707, 4, 6.55%, 0, 0, 5, 38.52
1746725298, 0, 712, 737, 711, 4, 6.55%, 0, 0, 5, 43.10
1746725303, 0, 712, 740, 714, 4, 6.55%, 0, 0, 5, 45.37
1746725308, 0, 712, 742, 716, 4, 6.55%, 0, 0, 5, 45.56
1746725313, 0, 712, 743, 717, 4, 6.55%, 0, 0, 5, 47.65
1746725318, 0, 712, 747, 721, 4, 6.74%, 0, 0, 5, 47.42
1746725323, 0, 712, 750, 724, 4, 6.74%, 0, 0, 5, 46.98
1746725344, 0, 712, 751, 725, 4, 6.74%, 0, 0, 5, 45.61
1746725349, 0, 712, 752, 726, 4, 6.74%, 0, 0, 5, 46.15
1746725354, 0, 712, 754, 728, 4, 6.74%, 0, 0, 5, 45.37
1746725359, 0, 712, 755, 729, 4, 6.74%, 0, 0, 5, 46.06
1746725374, 0, 712, 758, 732, 4, 6.74%, 0, 0, 5, 46.00
1746725384, 0, 712, 759, 733, 4, 6.74%, 0, 0, 5, 46.34
1746725389, 0, 712, 762, 736, 4, 6.74%, 0, 0, 5, 45.45
1746725394, 0, 712, 763, 737, 4, 6.74%, 0, 0, 5, 44.99
1746725415, 0, 712, 766, 740, 4, 6.75%, 0, 0, 5, 46.13
1746725420, 0, 712, 768, 742, 4, 6.75%, 0, 0, 5, 45.27
1746725430, 0, 712, 769, 743, 4, 6.75%, 0, 0, 5, 45.77
1746725435, 0, 712, 770, 744, 4, 6.75%, 0, 0, 5, 46.68
1746725440, 0, 712, 771, 745, 4, 6.75%, 0, 0, 5, 47.31
1746725445, 0, 712, 772, 746, 4, 6.75%, 0, 0, 5, 46.54
1746725460, 0, 712, 773, 747, 4, 6.75%, 0, 0, 5, 46.92
1746725465, 0, 712, 775, 749, 4, 6.75%, 0, 0, 5, 47.00
1746725495, 0, 712, 776, 750, 4, 6.75%, 0, 0, 5, 46.26
1746725521, 0, 712, 777, 751, 4, 6.75%, 0, 0, 5, 45.83
1746725571, 0, 712, 778, 752, 4, 6.75%, 0, 0, 5, 46.46
1746725581, 0, 712, 779, 753, 4, 6.75%, 0, 0, 5, 46.18
1746725607, 0, 712, 780, 754, 4, 6.75%, 0, 0, 5, 46.30
1746725627, 0, 712, 781, 755, 4, 6.75%, 0, 0, 5, 48.32
1746725668, 0, 712, 782, 756, 4, 6.75%, 0, 0, 5, 46.81
1746725718, 0, 712, 783, 757, 4, 6.75%, 0, 0, 5, 46.60
1746725723, 0, 712, 784, 758, 4, 6.75%, 0, 0, 5, 46.19
1746725754, 0, 712, 785, 759, 4, 6.75%, 0, 0, 5, 46.03
1746725764, 0, 712, 786, 760, 4, 6.75%, 0, 0, 5, 45.79
1746725794, 0, 712, 787, 761, 4, 6.75%, 0, 0, 5, 45.20
1746725809, 0, 712, 788, 762, 4, 6.75%, 0, 0, 5, 45.18
1746725819, 0, 712, 789, 763, 4, 6.77%, 0, 0, 5, 45.39
1746725835, 0, 716, 789, 762, 6, 6.77%, 0, 0, 5, 46.87
1746726677, 0, 716, 790, 763, 6, 6.77%, 0, 0, 5, 52.51
1746726728, 0, 730, 790, 762, 5, 6.77%, 0, 0, 5, 50.38
1746728031, 0, 730, 791, 763, 5, 6.77%, 0, 0, 6, 45.65
1746728036, 0, 730, 792, 764, 5, 6.77%, 0, 0, 6, 45.63
1746728082, 0, 730, 793, 765, 5, 6.77%, 0, 0, 6, 47.28
1746728107, 0, 730, 795, 767, 5, 6.77%, 0, 0, 6, 45.97
1746728142, 0, 730, 796, 768, 5, 6.77%, 0, 0, 6, 46.83
1746728147, 0, 730, 797, 769, 5, 6.77%, 0, 0, 6, 46.56
1746728158, 0, 730, 798, 770, 5, 6.77%, 0, 0, 6, 46.05
1746728173, 0, 730, 800, 772, 5, 6.77%, 0, 0, 6, 46.23
1746728188, 0, 730, 801, 773, 5, 6.77%, 0, 0, 6, 45.46
1746728218, 0, 730, 802, 774, 5, 6.77%, 0, 0, 6, 46.85
1746728259, 0, 730, 804, 776, 5, 6.77%, 0, 0, 6, 45.27
1746728269, 0, 730, 805, 777, 5, 6.77%, 0, 0, 6, 47.27
1746728274, 0, 730, 806, 778, 5, 6.77%, 0, 0, 6, 46.28
1746728436, 0, 730, 807, 779, 5, 6.77%, 0, 0, 6, 47.56
1746728476, 0, 730, 808, 780, 5, 6.77%, 0, 0, 6, 47.78
1746728507, 0, 730, 809, 781, 5, 6.78%, 0, 0, 6, 45.78
1746728532, 0, 765, 809, 780, 5, 6.78%, 0, 0, 6, 45.85
1746729999, 0, 765, 810, 781, 5, 6.78%, 0, 0, 6, 41.32
1746730004, 0, 765, 811, 782, 5, 6.78%, 0, 0, 6, 43.71
1746730014, 0, 765, 812, 783, 5, 6.78%, 0, 0, 6, 44.33
1746730024, 0, 765, 813, 784, 5, 6.78%, 0, 0, 6, 44.09
1746730045, 0, 765, 814, 785, 5, 6.78%, 0, 0, 6, 45.79
1746730065, 0, 765, 815, 786, 5, 6.78%, 0, 0, 6, 43.88
1746730075, 0, 765, 816, 787, 5, 6.78%, 0, 0, 6, 44.10
1746730100, 0, 765, 820, 791, 5, 6.78%, 0, 0, 6, 42.01
1746730126, 0, 765, 821, 792, 5, 6.78%, 0, 0, 6, 44.49
1746730146, 0, 765, 822, 793, 5, 6.78%, 0, 0, 6, 43.67
1746730207, 0, 765, 823, 794, 5, 6.78%, 0, 0, 6, 44.13
1746730217, 0, 765, 824, 795, 5, 6.78%, 0, 0, 6, 45.16
1746730253, 0, 765, 825, 796, 5, 6.99%, 0, 0, 6, 43.98
1746730263, 0, 765, 826, 797, 5, 6.99%, 0, 0, 6, 44.55
1746730299, 0, 765, 827, 798, 5, 6.99%, 0, 0, 6, 44.44
1746730360, 0, 765, 828, 799, 5, 6.99%, 0, 0, 6, 44.61
1746730370, 0, 765, 829, 800, 5, 6.99%, 0, 0, 6, 45.95
1746730471, 0, 765, 830, 801, 5, 6.99%, 0, 0, 6, 45.39
1746730527, 0, 765, 831, 802, 5, 6.99%, 0, 0, 6, 43.94
1746730552, 0, 797, 831, 801, 7, 6.99%, 0, 0, 6, 39.23
1746730562, 0, 797, 833, 803, 7, 6.99%, 0, 0, 7, 36.30
1746732145, 0, 797, 834, 804, 7, 6.99%, 0, 0, 7, 39.36
1746732151, 0, 797, 835, 805, 7, 6.99%, 0, 0, 7, 39.57
1746732186, 0, 797, 836, 806, 7, 6.99%, 0, 0, 7, 40.61
1746732237, 0, 797, 837, 807, 7, 6.99%, 0, 0, 7, 39.68
1746732257, 0, 797, 838, 808, 7, 6.99%, 0, 0, 7, 40.84
1746732303, 0, 797, 839, 809, 7, 6.99%, 0, 0, 7, 40.84
1746732319, 0, 797, 840, 810, 7, 6.99%, 0, 0, 7, 39.63
1746732349, 0, 797, 841, 811, 7, 6.99%, 0, 0, 7, 39.54
1746732512, 0, 797, 842, 812, 7, 6.99%, 0, 0, 7, 40.17
1746732547, 0, 797, 843, 813, 7, 6.99%, 0, 0, 7, 40.87
1746732553, 0, 797, 844, 814, 7, 6.99%, 0, 0, 7, 38.89
1746732558, 0, 797, 845, 815, 7, 6.99%, 0, 0, 7, 39.56
1746732573, 0, 797, 846, 816, 7, 6.99%, 0, 0, 7, 39.78
1746732659, 0, 797, 847, 817, 7, 6.99%, 0, 0, 7, 40.68
1746732669, 0, 797, 848, 818, 7, 6.99%, 0, 0, 7, 40.31
1746732741, 0, 806, 848, 817, 7, 6.99%, 0, 0, 7, 42.25
1746732899, 0, 806, 849, 818, 7, 6.99%, 0, 0, 7, 39.22
1746733940, 0, 806, 850, 819, 7, 6.99%, 0, 0, 7, 45.51
1746733945, 0, 806, 851, 820, 7, 6.99%, 0, 0, 7, 47.09
1746734027, 0, 806, 852, 821, 7, 6.99%, 0, 0, 7, 47.07
1746734199, 0, 808, 852, 820, 7, 6.99%, 0, 0, 7, 40.25
1746734244, 0, 808, 853, 821, 7, 6.99%, 0, 0, 7, 36.42
1746734249, 0, 808, 856, 824, 7, 6.99%, 0, 0, 7, 36.62
1746734254, 0, 808, 857, 825, 7, 6.99%, 0, 0, 7, 36.56
1746735553, 0, 808, 858, 826, 7, 7.00%, 0, 0, 7, 38.28
1746735635, 0, 808, 859, 827, 7, 7.00%, 0, 0, 7, 45.00
1746735640, 0, 808, 860, 828, 7, 7.00%, 0, 0, 7, 44.85
1746735660, 0, 808, 861, 829, 7, 7.00%, 0, 0, 7, 44.87
1746735665, 0, 808, 862, 830, 7, 7.00%, 0, 0, 7, 45.52
1746735670, 0, 808, 863, 831, 7, 7.00%, 0, 0, 7, 45.67
1746735701, 0, 808, 864, 832, 7, 7.00%, 0, 0, 7, 45.25
1746735711, 0, 808, 866, 834, 7, 7.00%, 0, 0, 7, 43.94
1746735721, 0, 808, 867, 835, 7, 7.00%, 0, 0, 7, 44.66
1746735751, 0, 808, 868, 836, 7, 7.00%, 0, 0, 7, 44.62
1746735771, 0, 808, 869, 837, 7, 7.00%, 0, 0, 7, 44.82
1746735878, 0, 808, 870, 838, 7, 7.00%, 0, 0, 7, 44.85
1746735883, 0, 808, 871, 839, 7, 7.00%, 0, 0, 7, 45.04
1746735989, 0, 808, 872, 840, 7, 7.00%, 0, 0, 7, 45.75
1746736035, 0, 808, 873, 841, 7, 7.00%, 0, 0, 7, 45.10
1746736151, 0, 813, 873, 840, 10, 7.00%, 0, 0, 7, 39.32
1746737705, 0, 813, 874, 841, 10, 7.00%, 0, 0, 7, 40.45
1746737715, 0, 813, 875, 842, 10, 7.00%, 0, 0, 7, 43.30
1746737745, 0, 813, 876, 843, 10, 7.00%, 0, 0, 7, 44.25
1746737827, 0, 813, 877, 844, 10, 7.00%, 0, 0, 7, 43.37
1746738030, 0, 813, 878, 845, 10, 7.00%, 0, 0, 7, 43.72
1746738263, 0, 816, 878, 844, 9, 7.00%, 0, 0, 7, 43.26
1746738273, 0, 816, 879, 845, 9, 7.00%, 0, 0, 7, 36.90
1746738279, 0, 816, 880, 846, 9, 7.00%, 0, 0, 7, 36.45
1746739725, 0, 816, 881, 847, 9, 7.00%, 0, 0, 7, 45.22
1746739776, 0, 817, 881, 846, 9, 7.00%, 0, 0, 7, 43.95
1746741431, 0, 824, 881, 845, 8, 7.00%, 0, 0, 7, 40.56
1746741442, 0, 824, 884, 848, 8, 7.00%, 0, 0, 7, 31.58
1746741452, 0, 824, 886, 850, 8, 7.00%, 0, 0, 7, 31.43
1746741508, 0, 824, 887, 851, 8, 7.02%, 0, 0, 7, 30.97
1746741513, 0, 824, 888, 852, 8, 7.02%, 0, 0, 7, 31.40
1746741534, 0, 824, 889, 853, 8, 7.02%, 0, 0, 7, 31.37
1746741580, 0, 824, 890, 854, 8, 7.02%, 0, 0, 7, 31.50
1746741708, 0, 824, 891, 855, 8, 7.02%, 0, 0, 7, 31.74
1746741714, 0, 824, 892, 856, 8, 7.02%, 0, 0, 7, 33.75
1746742825, 0, 824, 893, 857, 8, 7.02%, 0, 0, 7, 34.15
1746743370, 0, 824, 894, 858, 8, 7.02%, 0, 0, 7, 30.97
1746743411, 0, 824, 895, 859, 8, 7.02%, 0, 0, 7, 30.90
1746743448, 0, 824, 899, 863, 8, 7.03%, 0, 0, 7, 38.58
1746743453, 0, 824, 904, 868, 8, 7.05%, 0, 0, 7, 38.74
1746743458, 0, 824, 905, 869, 8, 7.05%, 0, 0, 7, 40.96
1746743463, 0, 824, 906, 870, 8, 7.05%, 0, 0, 7, 41.18
1746743468, 0, 824, 907, 871, 8, 7.05%, 0, 0, 7, 40.95
1746743483, 0, 824, 908, 872, 8, 7.05%, 0, 0, 7, 41.09
1746743498, 0, 824, 909, 873, 8, 7.05%, 0, 0, 7, 42.75
1746743504, 0, 824, 910, 874, 8, 7.05%, 0, 0, 7, 40.96
1746743509, 0, 824, 912, 876, 8, 7.05%, 0, 0, 7, 41.31
1746743519, 0, 824, 913, 877, 8, 7.05%, 0, 0, 7, 41.03
1746743529, 0, 824, 914, 878, 8, 7.05%, 0, 0, 7, 42.10
1746743539, 0, 824, 915, 879, 8, 7.05%, 0, 0, 7, 42.77
1746743554, 0, 824, 916, 880, 8, 7.05%, 0, 0, 7, 42.52
1746743570, 0, 824, 917, 881, 8, 7.05%, 0, 0, 7, 41.97
1746743575, 0, 824, 918, 882, 8, 7.05%, 0, 0, 7, 43.03
1746743585, 0, 824, 919, 883, 8, 7.05%, 0, 0, 7, 41.52
1746743590, 0, 824, 921, 885, 8, 7.05%, 0, 0, 7, 41.24
1746743595, 0, 824, 922, 886, 8, 7.05%, 0, 0, 7, 41.14
1746743616, 0, 824, 923, 887, 8, 7.05%, 0, 0, 7, 42.06
1746743621, 0, 824, 924, 888, 8, 7.05%, 0, 0, 7, 41.58
1746743631, 0, 824, 925, 889, 8, 7.05%, 0, 0, 7, 40.84
1746743651, 0, 824, 926, 890, 8, 7.05%, 0, 0, 7, 41.36
1746743702, 0, 824, 927, 891, 8, 7.27%, 0, 0, 7, 41.45
1746743737, 0, 824, 928, 892, 8, 7.27%, 0, 0, 7, 39.51
1746743783, 0, 824, 929, 893, 8, 7.27%, 0, 0, 7, 40.95
1746743788, 0, 824, 930, 894, 8, 7.27%, 0, 0, 7, 41.29
1746743834, 0, 824, 931, 895, 8, 7.27%, 0, 0, 7, 41.46
1746743885, 0, 824, 932, 896, 8, 7.27%, 0, 0, 7, 40.78
1746743906, 0, 824, 934, 898, 8, 7.27%, 0, 0, 7, 39.60
1746743936, 0, 824, 935, 899, 8, 7.27%, 0, 0, 7, 40.28
1746744007, 0, 824, 936, 900, 8, 7.27%, 0, 0, 7, 39.85
1746744038, 0, 827, 936, 899, 10, 7.27%, 0, 0, 7, 42.07
1746744268, 0, 827, 937, 900, 10, 7.27%, 0, 0, 7, 34.81
1746745618, 0, 829, 937, 899, 9, 7.27%, 0, 0, 7, 43.00
1746747084, 0, 829, 938, 900, 9, 7.27%, 0, 0, 7, 35.28
1746747104, 0, 829, 939, 901, 9, 7.27%, 0, 0, 7, 44.46
1746747155, 0, 850, 939, 900, 8, 7.27%, 0, 0, 7, 45.08
1746747838, 0, 855, 939, 899, 7, 7.27%, 0, 0, 7, 54.34
1746748988, 0, 855, 940, 900, 7, 7.27%, 0, 0, 8, 47.94
1746749033, 0, 857, 940, 899, 7, 7.27%, 0, 0, 8, 45.12
1746750484, 0, 862, 940, 898, 6, 7.27%, 0, 0, 8, 41.12
1746752328, 0, 862, 941, 899, 6, 7.27%, 0, 0, 8, 42.89
1746752339, 0, 862, 942, 900, 6, 7.27%, 0, 0, 8, 40.98
1746752445, 0, 880, 942, 899, 5, 7.27%, 0, 0, 8, 38.34
1746752496, 0, 880, 943, 900, 5, 7.27%, 0, 0, 8, 35.69
1746752660, 0, 880, 944, 901, 5, 7.27%, 0, 0, 8, 36.71
1746753921, 0, 921, 944, 900, 4, 7.27%, 0, 0, 8, 42.73
