# unix_time, cycles_done, cur_path, paths_total, pending_total, pending_favs, map_size, unique_crashes, unique_hangs, max_depth, execs_per_sec
1746558786, 0, 0, 1, 1, 1, 5.03%, 0, 0, 1, 80.81
1746558791, 0, 0, 48, 48, 1, 5.24%, 0, 0, 2, 81.37
1746558796, 0, 0, 87, 87, 1, 5.93%, 0, 0, 2, 15.10
1746558802, 0, 0, 106, 106, 1, 5.98%, 0, 0, 2, 32.76
1746558807, 0, 0, 124, 124, 1, 6.00%, 0, 0, 2, 34.48
1746558812, 0, 0, 146, 146, 1, 6.00%, 0, 0, 2, 38.93
1746558817, 0, 0, 167, 167, 1, 6.26%, 0, 0, 2, 39.63
1746558822, 0, 0, 186, 186, 1, 6.26%, 0, 0, 2, 39.14
1746558827, 0, 0, 209, 209, 1, 7.12%, 0, 0, 2, 45.59
1746558832, 0, 0, 229, 229, 1, 7.12%, 0, 0, 2, 44.62
1746558837, 0, 0, 247, 247, 1, 7.12%, 0, 0, 2, 45.44
1746558842, 0, 0, 266, 266, 1, 7.12%, 0, 0, 2, 41.66
1746558847, 0, 0, 281, 281, 1, 7.41%, 0, 0, 2, 36.28
1746558853, 0, 0, 297, 297, 1, 7.58%, 0, 0, 2, 43.05
1746558858, 0, 0, 309, 309, 1, 7.64%, 0, 0, 2, 41.06
1746558863, 0, 0, 324, 324, 1, 7.64%, 0, 0, 2, 33.79
1746558868, 0, 0, 339, 339, 1, 7.65%, 0, 0, 2, 34.77
1746558873, 0, 0, 354, 354, 1, 7.65%, 0, 0, 2, 36.51
1746558878, 0, 0, 368, 368, 1, 7.65%, 0, 0, 2, 39.26
1746558883, 0, 0, 380, 380, 1, 7.68%, 0, 0, 2, 39.59
1746558888, 0, 0, 396, 396, 1, 7.70%, 0, 0, 2, 40.73
1746558893, 0, 0, 408, 408, 1, 7.70%, 0, 0, 2, 40.02
1746558898, 0, 0, 417, 417, 1, 7.70%, 0, 0, 2, 39.28
1746558904, 0, 0, 427, 427, 1, 7.87%, 0, 0, 2, 31.14
1746558909, 0, 0, 436, 436, 1, 7.88%, 0, 0, 2, 34.18
1746558914, 0, 0, 448, 448, 1, 7.88%, 0, 0, 2, 39.79
1746558919, 0, 0, 456, 456, 1, 7.88%, 0, 0, 2, 34.32
1746558924, 0, 0, 463, 463, 1, 7.88%, 0, 0, 2, 39.23
1746558929, 0, 0, 470, 470, 1, 7.88%, 0, 0, 2, 44.58
1746558934, 0, 0, 477, 477, 1, 7.89%, 0, 0, 2, 42.64
1746558940, 0, 0, 485, 485, 1, 7.89%, 0, 0, 2, 32.30
1746558945, 0, 0, 490, 490, 1, 7.89%, 0, 0, 2, 34.61
1746558950, 0, 0, 499, 499, 1, 7.89%, 0, 0, 2, 43.99
1746558955, 0, 0, 510, 510, 1, 7.89%, 0, 0, 2, 45.60
1746558960, 0, 0, 514, 514, 1, 7.89%, 0, 0, 2, 41.35
1746558965, 0, 0, 518, 518, 1, 7.89%, 0, 0, 2, 39.22
1746558970, 0, 0, 523, 523, 1, 7.89%, 0, 0, 2, 42.57
1746558975, 0, 0, 528, 528, 1, 7.89%, 0, 0, 2, 44.76
1746558980, 0, 0, 535, 535, 1, 7.89%, 0, 0, 2, 32.30
1746558985, 0, 0, 540, 540, 1, 7.89%, 0, 0, 2, 34.63
1746558991, 0, 0, 546, 546, 1, 7.89%, 0, 0, 2, 40.35
1746558996, 0, 0, 550, 550, 1, 8.08%, 0, 0, 2, 40.42
1746559001, 0, 0, 555, 555, 1, 8.08%, 0, 0, 2, 38.23
1746559006, 0, 0, 562, 562, 1, 8.08%, 0, 0, 2, 8.23
1746559011, 0, 0, 566, 566, 1, 8.08%, 0, 0, 2, 30.25
1746559016, 0, 0, 568, 568, 1, 8.08%, 0, 0, 2, 43.42
1746559021, 0, 0, 569, 569, 1, 8.08%, 0, 0, 2, 52.16
1746559027, 0, 0, 571, 571, 1, 8.13%, 0, 0, 2, 44.83
1746559032, 0, 0, 575, 575, 1, 8.13%, 0, 0, 2, 42.81
1746559037, 0, 0, 577, 577, 1, 8.13%, 0, 0, 2, 43.37
1746559042, 0, 0, 580, 580, 1, 8.13%, 0, 0, 2, 50.19
1746559047, 0, 0, 582, 582, 1, 8.13%, 0, 0, 2, 43.54
1746559052, 0, 0, 585, 585, 1, 8.21%, 0, 0, 2, 38.77
1746559057, 0, 0, 588, 588, 1, 8.21%, 0, 0, 2, 44.59
1746559062, 0, 0, 591, 591, 1, 8.21%, 0, 0, 2, 45.38
1746559067, 0, 0, 595, 595, 1, 8.21%, 0, 0, 2, 49.36
1746559072, 0, 0, 597, 597, 1, 8.21%, 0, 0, 2, 47.79
1746559078, 0, 0, 599, 599, 1, 8.22%, 0, 0, 2, 44.65
1746559083, 0, 0, 602, 602, 1, 8.22%, 0, 0, 2, 44.91
1746559088, 0, 0, 605, 605, 1, 8.22%, 0, 0, 2, 45.17
1746559093, 0, 0, 607, 607, 1, 8.22%, 0, 0, 2, 48.15
1746559098, 0, 0, 609, 609, 1, 8.22%, 0, 0, 2, 46.58
1746559103, 0, 0, 613, 613, 1, 8.22%, 0, 0, 2, 45.56
1746559108, 0, 0, 615, 615, 1, 8.22%, 0, 0, 2, 49.76
1746559113, 0, 0, 617, 617, 1, 8.22%, 0, 0, 2, 47.64
1746559119, 0, 0, 620, 620, 1, 8.22%, 0, 0, 2, 44.91
1746559124, 0, 0, 622, 622, 1, 8.22%, 0, 0, 2, 44.93
1746559129, 0, 0, 624, 624, 1, 8.22%, 0, 0, 2, 53.84
1746559134, 0, 0, 626, 626, 1, 8.22%, 0, 0, 2, 43.53
1746559139, 0, 0, 628, 628, 1, 8.22%, 0, 0, 2, 6.14
1746559144, 0, 0, 629, 629, 1, 8.22%, 0, 0, 2, 50.80
1746559154, 0, 0, 630, 630, 1, 8.22%, 0, 0, 2, 62.83
1746559159, 0, 0, 631, 631, 1, 8.22%, 0, 0, 2, 53.48
1746559165, 0, 0, 632, 632, 1, 8.22%, 0, 0, 2, 52.76
1746559170, 0, 0, 633, 633, 1, 8.22%, 0, 0, 2, 52.32
1746559180, 0, 0, 634, 634, 1, 8.22%, 0, 0, 2, 65.29
1746559185, 0, 0, 636, 636, 1, 8.22%, 0, 0, 2, 53.70
1746559195, 0, 0, 638, 638, 1, 8.22%, 0, 0, 2, 56.87
1746559200, 0, 0, 640, 640, 1, 8.22%, 0, 0, 2, 51.91
1746559206, 0, 0, 642, 642, 1, 8.22%, 0, 0, 2, 46.10
1746559216, 0, 0, 643, 643, 1, 8.22%, 0, 0, 2, 48.42
1746559221, 0, 0, 645, 645, 1, 8.22%, 0, 0, 2, 43.14
1746559226, 0, 0, 648, 648, 1, 8.29%, 0, 0, 2, 45.42
1746559231, 0, 0, 649, 649, 1, 8.29%, 0, 0, 2, 46.08
1746559236, 0, 0, 651, 651, 1, 8.29%, 0, 0, 2, 45.01
1746559246, 0, 0, 652, 652, 1, 8.29%, 0, 0, 2, 48.71
1746559251, 0, 0, 653, 653, 1, 8.29%, 0, 0, 2, 48.73
1746559257, 0, 0, 654, 654, 1, 8.30%, 0, 0, 2, 47.44
1746559262, 0, 0, 655, 655, 1, 8.30%, 0, 0, 2, 50.74
1746559272, 0, 0, 657, 657, 1, 8.30%, 0, 0, 2, 51.20
1746559277, 0, 0, 660, 660, 1, 8.30%, 0, 0, 2, 40.08
1746559282, 0, 0, 662, 662, 1, 8.30%, 0, 0, 2, 39.04
1746559287, 0, 47, 663, 662, 22, 8.31%, 0, 0, 3, 9.35
1746559292, 0, 47, 666, 665, 22, 8.31%, 0, 0, 3, 41.99
1746559298, 0, 47, 669, 668, 22, 8.31%, 0, 0, 3, 36.41
1746559303, 0, 47, 671, 670, 22, 8.31%, 0, 0, 3, 44.65
1746559308, 0, 47, 672, 671, 22, 8.31%, 0, 0, 3, 45.30
1746559318, 0, 47, 673, 672, 22, 8.31%, 0, 0, 3, 52.51
1746559323, 0, 47, 675, 674, 22, 8.31%, 0, 0, 3, 51.00
1746559328, 0, 47, 676, 675, 22, 8.31%, 0, 0, 3, 52.50
1746559344, 0, 47, 678, 677, 22, 8.31%, 0, 0, 3, 47.04
1746559349, 0, 47, 680, 679, 22, 8.31%, 0, 0, 3, 47.54
1746559359, 0, 47, 682, 681, 22, 8.31%, 0, 0, 3, 49.70
1746559369, 0, 47, 683, 682, 22, 8.31%, 0, 0, 3, 54.31
1746559374, 0, 47, 685, 684, 22, 8.31%, 0, 0, 3, 50.60
1746559385, 0, 47, 687, 686, 22, 8.31%, 0, 0, 3, 42.69
1746559390, 0, 47, 688, 687, 22, 8.40%, 0, 0, 3, 47.44
1746559400, 0, 47, 690, 689, 22, 8.40%, 0, 0, 3, 51.71
1746559405, 0, 47, 691, 690, 22, 8.40%, 0, 0, 3, 51.15
1746559410, 0, 47, 692, 691, 22, 8.40%, 0, 0, 3, 51.65
1746559425, 0, 47, 694, 693, 22, 8.40%, 0, 0, 3, 46.78
1746559430, 0, 47, 696, 695, 22, 8.40%, 0, 0, 3, 49.21
1746559436, 0, 47, 697, 696, 22, 8.40%, 0, 0, 3, 51.46
1746559446, 0, 47, 698, 697, 22, 8.40%, 0, 0, 3, 45.52
1746559451, 0, 47, 699, 698, 22, 8.40%, 0, 0, 3, 51.21
1746559471, 0, 47, 701, 700, 22, 8.40%, 0, 0, 3, 45.33
1746559476, 0, 47, 703, 702, 22, 8.40%, 0, 0, 3, 57.24
1746559481, 0, 47, 704, 703, 22, 8.40%, 0, 0, 3, 51.37
1746559512, 0, 47, 705, 704, 22, 8.40%, 0, 0, 3, 47.51
1746559517, 0, 47, 707, 706, 22, 8.40%, 0, 0, 3, 47.87
1746559523, 0, 47, 709, 708, 22, 8.40%, 0, 0, 3, 42.90
1746559528, 0, 47, 711, 710, 22, 8.40%, 0, 0, 3, 39.36
1746559533, 0, 47, 712, 711, 22, 8.40%, 0, 0, 3, 48.10
1746559538, 0, 47, 714, 713, 22, 8.40%, 0, 0, 3, 43.10
1746559543, 0, 47, 716, 715, 22, 8.40%, 0, 0, 3, 35.68
1746559548, 0, 47, 717, 716, 22, 8.40%, 0, 0, 3, 44.96
1746559553, 0, 79, 717, 715, 25, 8.40%, 0, 0, 3, 59.00
1746559558, 0, 79, 719, 717, 25, 8.40%, 0, 0, 3, 50.56
1746559564, 0, 79, 720, 718, 25, 8.40%, 0, 0, 3, 50.09
1746559569, 0, 79, 722, 720, 25, 8.40%, 0, 0, 3, 48.92
1746559579, 0, 79, 723, 721, 25, 8.40%, 0, 0, 3, 54.41
1746559584, 0, 79, 724, 722, 25, 8.40%, 0, 0, 3, 31.82
1746559589, 0, 79, 726, 724, 25, 8.40%, 0, 0, 3, 43.10
1746559594, 0, 79, 727, 725, 25, 8.40%, 0, 0, 3, 51.21
1746559599, 0, 79, 728, 726, 25, 8.40%, 0, 0, 3, 48.80
1746559604, 0, 79, 729, 727, 25, 8.40%, 0, 0, 3, 47.17
1746559609, 0, 79, 730, 728, 25, 8.40%, 0, 0, 3, 46.62
1746559620, 0, 79, 731, 729, 25, 8.40%, 0, 0, 3, 55.09
1746559625, 0, 79, 733, 731, 25, 8.40%, 0, 0, 3, 47.42
1746559630, 0, 79, 734, 732, 25, 8.40%, 0, 0, 3, 47.33
1746559635, 0, 79, 735, 733, 25, 8.40%, 0, 0, 3, 55.97
1746559640, 0, 79, 736, 734, 25, 8.40%, 0, 0, 3, 50.97
1746559645, 0, 79, 737, 735, 25, 8.40%, 0, 0, 3, 60.97
1746559650, 0, 79, 738, 736, 25, 8.40%, 0, 0, 3, 64.48
1746559655, 0, 79, 739, 737, 25, 8.40%, 0, 0, 3, 58.46
1746559660, 0, 79, 741, 739, 25, 8.40%, 0, 0, 3, 49.53
1746559671, 0, 79, 742, 740, 25, 8.40%, 0, 0, 3, 10.63
1746559681, 0, 79, 743, 741, 25, 8.40%, 0, 0, 3, 51.37
1746559696, 0, 79, 744, 742, 25, 8.40%, 0, 0, 3, 55.23
1746559706, 0, 79, 745, 743, 25, 8.40%, 0, 0, 3, 51.22
1746559711, 0, 79, 746, 744, 25, 8.40%, 0, 0, 3, 47.32
1746559722, 0, 79, 747, 745, 25, 8.40%, 0, 0, 3, 54.39
1746559727, 0, 79, 748, 746, 25, 8.40%, 0, 0, 3, 53.57
1746559732, 0, 79, 749, 747, 25, 8.40%, 0, 0, 3, 53.22
1746559737, 0, 98, 751, 748, 26, 8.40%, 0, 0, 3, 45.74
1746559804, 0, 98, 752, 749, 26, 8.40%, 0, 0, 3, 16.58
1746559819, 0, 98, 753, 750, 26, 8.40%, 0, 0, 3, 25.41
1746559834, 0, 116, 754, 750, 26, 8.40%, 0, 0, 3, 47.12
1746559844, 0, 116, 755, 751, 26, 8.40%, 0, 0, 3, 47.83
1746559849, 0, 116, 757, 753, 26, 8.40%, 0, 0, 3, 46.84
1746559854, 0, 116, 758, 754, 26, 8.40%, 0, 0, 3, 50.97
1746559860, 0, 116, 760, 756, 26, 8.67%, 0, 0, 3, 79.60
1746559865, 0, 116, 762, 758, 26, 8.67%, 0, 0, 3, 50.74
1746559875, 0, 116, 764, 760, 26, 8.67%, 0, 0, 3, 47.20
1746559880, 0, 116, 765, 761, 26, 8.67%, 0, 0, 3, 50.66
1746559885, 0, 116, 766, 762, 26, 8.67%, 0, 0, 3, 51.97
1746559901, 0, 116, 767, 763, 26, 8.67%, 0, 0, 3, 56.13
1746559921, 0, 116, 770, 766, 26, 8.67%, 0, 0, 3, 45.10
1746559926, 0, 116, 771, 767, 26, 8.67%, 0, 0, 3, 47.56
1746559941, 0, 116, 772, 768, 26, 8.67%, 0, 0, 3, 54.92
1746559957, 0, 116, 774, 770, 26, 8.67%, 0, 0, 3, 7.90
1746559962, 0, 116, 775, 771, 26, 8.67%, 0, 0, 3, 56.65
1746559967, 0, 116, 777, 773, 26, 8.67%, 0, 0, 3, 72.56
1746559972, 0, 116, 778, 774, 26, 8.67%, 0, 0, 3, 55.12
1746559983, 0, 116, 779, 775, 26, 8.67%, 0, 0, 3, 51.19
1746559988, 0, 116, 781, 777, 26, 8.67%, 0, 0, 3, 47.37
1746559993, 0, 116, 782, 778, 26, 8.67%, 0, 0, 3, 51.35
1746560013, 0, 116, 784, 780, 26, 8.67%, 0, 0, 3, 34.91
1746560019, 0, 116, 785, 781, 26, 8.67%, 0, 0, 3, 49.17
1746560029, 0, 116, 786, 782, 26, 8.67%, 0, 0, 3, 56.78
1746560049, 0, 116, 788, 784, 26, 8.67%, 0, 0, 3, 44.22
1746560059, 0, 116, 790, 786, 26, 8.67%, 0, 0, 3, 54.57
1746560064, 0, 116, 791, 787, 26, 8.67%, 0, 0, 3, 53.09
1746560070, 0, 116, 793, 789, 26, 8.67%, 0, 0, 3, 50.87
1746560080, 0, 181, 793, 788, 26, 8.67%, 0, 0, 3, 49.77
1746560095, 0, 181, 794, 789, 26, 8.67%, 0, 0, 3, 47.60
1746560100, 0, 181, 795, 790, 26, 8.67%, 0, 0, 3, 39.14
1746560105, 0, 181, 796, 791, 26, 8.67%, 0, 0, 3, 41.60
1746560121, 0, 181, 797, 792, 26, 8.67%, 0, 0, 3, 36.53
1746560162, 0, 181, 798, 793, 26, 8.67%, 0, 0, 3, 8.33
1746560172, 0, 181, 799, 794, 26, 8.67%, 0, 0, 3, 44.38
1746560182, 0, 181, 801, 796, 26, 8.67%, 0, 0, 3, 41.98
1746560218, 0, 181, 802, 797, 26, 8.67%, 0, 0, 3, 41.74
1746560228, 0, 181, 803, 798, 26, 8.67%, 0, 0, 3, 41.87
1746560263, 0, 181, 804, 799, 26, 8.67%, 0, 0, 3, 27.17
1746560284, 0, 181, 805, 800, 26, 8.67%, 0, 0, 3, 41.13
1746560310, 0, 181, 807, 802, 26, 8.67%, 0, 0, 3, 36.78
1746560320, 0, 181, 809, 804, 26, 8.67%, 0, 0, 3, 38.77
1746560335, 0, 181, 810, 805, 26, 8.67%, 0, 0, 3, 48.15
1746560351, 0, 181, 812, 807, 26, 8.67%, 0, 0, 3, 35.19
1746560366, 0, 181, 813, 808, 26, 8.67%, 0, 0, 3, 43.68
1746560371, 0, 181, 815, 810, 26, 8.67%, 0, 0, 3, 43.68
1746560381, 0, 181, 817, 812, 26, 8.67%, 0, 0, 3, 39.94
1746560386, 0, 181, 818, 813, 26, 8.67%, 0, 0, 3, 44.26
1746560406, 0, 181, 819, 814, 26, 8.67%, 0, 0, 3, 41.61
1746560437, 0, 181, 820, 815, 26, 8.67%, 0, 0, 3, 41.55
1746560442, 0, 181, 821, 816, 26, 8.67%, 0, 0, 3, 40.14
1746560447, 0, 181, 822, 817, 26, 8.67%, 0, 0, 3, 45.28
1746560463, 0, 181, 824, 819, 26, 8.67%, 0, 0, 3, 6.42
1746560468, 0, 181, 825, 820, 26, 8.67%, 0, 0, 3, 54.69
1746560483, 0, 279, 827, 821, 25, 8.67%, 0, 0, 3, 28.52
1746560489, 0, 279, 830, 824, 25, 8.67%, 0, 0, 3, 19.19
1746560499, 0, 279, 832, 826, 25, 8.67%, 0, 0, 3, 18.94
1746560504, 0, 279, 833, 827, 25, 8.67%, 0, 0, 3, 16.88
1746560509, 0, 279, 834, 828, 25, 8.67%, 0, 0, 3, 20.35
1746560514, 0, 279, 836, 830, 25, 8.67%, 0, 0, 3, 21.33
1746560519, 0, 279, 838, 832, 25, 8.67%, 0, 0, 3, 21.11
1746560530, 0, 279, 840, 834, 25, 8.67%, 0, 0, 3, 17.47
1746560535, 0, 279, 842, 836, 25, 8.67%, 0, 0, 3, 17.35
1746560545, 0, 279, 845, 839, 25, 8.67%, 0, 0, 3, 16.91
1746560555, 0, 279, 846, 840, 25, 8.67%, 0, 0, 3, 15.74
1746560560, 0, 279, 851, 845, 25, 8.67%, 0, 0, 3, 15.80
1746560565, 0, 279, 856, 850, 25, 8.67%, 0, 0, 3, 19.03
1746560570, 0, 279, 857, 851, 25, 8.67%, 0, 0, 3, 19.90
1746560575, 0, 279, 858, 852, 25, 8.67%, 0, 0, 3, 20.50
1746560585, 0, 279, 859, 853, 25, 8.67%, 0, 0, 3, 21.08
1746560596, 0, 279, 860, 854, 25, 8.67%, 0, 0, 3, 19.86
1746560601, 0, 279, 861, 855, 25, 8.67%, 0, 0, 3, 22.47
1746560616, 0, 279, 863, 857, 25, 8.67%, 0, 0, 3, 21.78
1746560621, 0, 279, 865, 859, 25, 8.67%, 0, 0, 3, 17.27
1746560626, 0, 279, 866, 860, 25, 8.67%, 0, 0, 3, 25.93
1746560647, 0, 279, 867, 861, 25, 8.67%, 0, 0, 3, 28.35
1746560652, 0, 279, 869, 863, 25, 8.67%, 0, 0, 3, 27.17
1746560657, 0, 279, 870, 864, 25, 8.67%, 0, 0, 3, 26.53
1746560662, 0, 279, 871, 865, 25, 8.67%, 0, 0, 3, 28.34
1746560678, 0, 279, 872, 866, 25, 8.67%, 0, 0, 3, 26.69
1746560688, 0, 279, 875, 869, 25, 8.67%, 0, 0, 3, 25.66
1746560693, 0, 279, 876, 870, 25, 8.67%, 0, 0, 3, 27.56
1746560698, 0, 279, 877, 871, 25, 8.67%, 0, 0, 3, 30.48
1746560708, 0, 279, 878, 872, 25, 8.67%, 0, 0, 3, 27.45
1746560713, 0, 279, 880, 874, 25, 8.67%, 0, 0, 3, 28.20
1746560718, 0, 279, 881, 875, 25, 8.67%, 0, 0, 3, 27.22
1746560734, 0, 279, 883, 877, 25, 8.67%, 0, 0, 3, 24.70
1746560739, 0, 279, 884, 878, 25, 8.67%, 0, 0, 3, 26.48
1746560744, 0, 279, 886, 880, 25, 8.67%, 0, 0, 3, 25.27
1746560759, 0, 279, 888, 882, 25, 8.67%, 0, 0, 3, 22.02
1746560765, 0, 279, 889, 883, 25, 8.67%, 0, 0, 3, 26.16
1746560770, 0, 279, 890, 884, 25, 8.67%, 0, 0, 3, 27.02
1746560780, 0, 279, 891, 885, 25, 8.67%, 0, 0, 3, 27.91
1746560785, 0, 279, 892, 886, 25, 8.67%, 0, 0, 3, 30.32
1746560806, 0, 279, 893, 887, 25, 8.67%, 0, 0, 3, 29.30
1746560821, 0, 279, 894, 888, 25, 8.67%, 0, 0, 3, 25.45
1746560836, 0, 279, 895, 889, 25, 8.67%, 0, 0, 3, 26.42
1746560846, 0, 279, 896, 890, 25, 8.67%, 0, 0, 3, 26.75
1746560856, 0, 279, 897, 891, 25, 8.67%, 0, 0, 3, 26.13
1746560907, 0, 279, 898, 892, 25, 8.67%, 0, 0, 3, 29.89
1746560912, 0, 279, 899, 893, 25, 8.67%, 0, 0, 3, 29.15
1746560923, 0, 279, 900, 894, 25, 8.67%, 0, 0, 3, 30.24
1746560963, 0, 279, 901, 895, 25, 8.67%, 0, 0, 3, 28.06
1746560974, 0, 279, 902, 896, 25, 8.67%, 0, 0, 3, 27.41
1746560984, 0, 279, 903, 897, 25, 8.67%, 0, 0, 3, 29.22
1746560989, 0, 279, 904, 898, 25, 8.67%, 0, 0, 3, 26.81
1746561000, 0, 279, 905, 899, 25, 8.67%, 0, 0, 3, 27.59
1746561005, 0, 279, 906, 900, 25, 8.67%, 0, 0, 3, 27.70
1746561015, 0, 279, 907, 901, 25, 8.67%, 0, 0, 3, 27.92
1746561030, 0, 279, 908, 902, 25, 8.67%, 0, 0, 3, 27.86
1746561040, 0, 279, 909, 903, 25, 8.67%, 0, 0, 3, 4.41
1746561046, 0, 279, 910, 904, 25, 8.67%, 0, 0, 3, 29.75
1746561071, 0, 323, 910, 903, 25, 8.67%, 0, 0, 3, 36.01
1746561097, 0, 323, 912, 905, 25, 8.67%, 0, 0, 3, 27.76
1746561112, 0, 323, 913, 906, 25, 8.67%, 0, 0, 3, 32.39
1746561138, 0, 323, 914, 907, 25, 8.67%, 0, 0, 3, 33.58
1746561153, 0, 323, 915, 908, 25, 8.67%, 0, 0, 3, 36.67
1746561204, 0, 323, 916, 909, 25, 8.67%, 0, 0, 3, 35.07
1746561224, 0, 323, 917, 910, 25, 8.67%, 0, 0, 3, 36.11
1746561240, 0, 323, 918, 911, 25, 8.67%, 0, 0, 3, 35.47
1746561245, 0, 323, 919, 912, 25, 8.67%, 0, 0, 3, 36.17
1746561260, 0, 323, 920, 913, 25, 8.67%, 0, 0, 3, 33.67
1746561271, 0, 323, 921, 914, 25, 8.67%, 0, 0, 3, 31.19
1746561363, 0, 323, 922, 915, 25, 8.67%, 0, 0, 3, 38.46
1746561383, 0, 323, 923, 916, 25, 8.67%, 0, 0, 3, 30.72
1746561409, 0, 323, 924, 917, 25, 8.67%, 0, 0, 3, 37.79
1746561465, 0, 323, 925, 918, 25, 8.67%, 0, 0, 3, 34.30
1746561486, 0, 323, 926, 919, 25, 8.67%, 0, 0, 3, 36.87
1746561496, 0, 323, 927, 920, 25, 8.67%, 0, 0, 3, 36.62
1746561511, 0, 323, 928, 921, 25, 8.67%, 0, 0, 3, 32.37
1746561552, 0, 336, 928, 920, 22, 8.67%, 0, 0, 3, 27.17
1746561633, 0, 385, 928, 919, 22, 8.67%, 0, 0, 3, 30.72
1746561659, 0, 385, 929, 920, 22, 8.67%, 0, 0, 3, 35.44
1746561674, 0, 408, 929, 919, 22, 8.67%, 0, 0, 3, 31.73
1746561679, 0, 408, 930, 920, 22, 8.67%, 0, 0, 3, 25.72
1746561684, 0, 408, 932, 922, 22, 8.67%, 0, 0, 3, 24.50
1746561710, 0, 408, 933, 923, 22, 8.67%, 0, 0, 3, 24.42
1746561730, 0, 408, 934, 924, 22, 8.67%, 0, 0, 3, 25.32
1746561781, 0, 408, 935, 925, 22, 8.67%, 0, 0, 3, 25.24
1746561786, 0, 408, 936, 926, 22, 8.67%, 0, 0, 3, 23.97
1746561827, 0, 438, 936, 925, 21, 8.67%, 0, 0, 3, 32.84
1746561858, 0, 438, 937, 926, 21, 8.67%, 0, 0, 3, 22.22
1746561909, 0, 438, 938, 927, 21, 8.67%, 0, 0, 3, 28.60
1746561935, 0, 549, 939, 927, 20, 8.67%, 0, 0, 3, 22.54
1746561940, 0, 549, 942, 930, 20, 8.68%, 0, 0, 3, 17.30
1746561945, 0, 549, 945, 933, 20, 8.68%, 0, 0, 3, 14.18
1746561950, 0, 549, 946, 934, 20, 8.68%, 0, 0, 3, 13.54
1746561955, 0, 549, 947, 935, 20, 8.68%, 0, 0, 3, 18.96
1746561970, 0, 549, 948, 936, 20, 8.68%, 0, 0, 3, 18.87
1746561975, 0, 549, 950, 938, 20, 8.68%, 0, 0, 3, 14.53
1746561986, 0, 549, 952, 940, 20, 8.68%, 0, 0, 3, 13.36
1746561991, 0, 549, 955, 943, 20, 8.68%, 0, 0, 3, 13.72
1746562001, 0, 549, 956, 944, 20, 8.68%, 0, 0, 3, 17.06
1746562011, 0, 549, 957, 945, 20, 8.69%, 0, 0, 3, 19.01
1746562036, 0, 549, 958, 946, 20, 8.69%, 0, 0, 3, 16.15
1746562067, 0, 549, 959, 947, 20, 8.69%, 0, 0, 3, 14.50
1746562072, 0, 549, 960, 948, 20, 8.69%, 0, 0, 3, 13.42
1746562083, 0, 549, 961, 949, 20, 8.69%, 0, 0, 3, 12.75
1746562093, 0, 549, 962, 950, 20, 8.69%, 0, 0, 3, 16.07
1746562124, 0, 549, 963, 951, 20, 8.69%, 0, 0, 3, 19.96
1746562134, 0, 549, 964, 952, 20, 8.69%, 0, 0, 3, 15.24
1746562154, 0, 549, 967, 955, 20, 8.69%, 0, 0, 3, 12.25
1746562165, 0, 549, 968, 956, 20, 8.69%, 0, 0, 3, 15.52
1746562175, 0, 549, 969, 957, 20, 8.69%, 0, 0, 3, 18.93
1746562200, 0, 549, 970, 958, 20, 8.69%, 0, 0, 3, 14.63
1746562226, 0, 549, 971, 959, 20, 8.69%, 0, 0, 3, 12.83
1746562231, 0, 549, 972, 960, 20, 8.69%, 0, 0, 3, 11.33
1746562236, 0, 549, 973, 961, 20, 8.69%, 0, 0, 3, 11.97
1746562257, 0, 565, 973, 960, 22, 8.69%, 0, 0, 3, 19.63
1746562267, 0, 565, 974, 961, 22, 8.69%, 0, 0, 3, 13.74
1746562282, 0, 565, 975, 962, 22, 8.69%, 0, 0, 3, 14.85
1746562421, 0, 565, 976, 963, 22, 8.69%, 0, 0, 3, 22.02
1746562441, 0, 583, 976, 962, 22, 8.69%, 0, 0, 3, 22.87
1746562451, 0, 583, 977, 963, 22, 8.69%, 0, 0, 3, 12.61
1746562467, 0, 583, 979, 965, 22, 8.69%, 0, 0, 3, 11.64
1746562477, 0, 583, 980, 966, 22, 8.69%, 0, 0, 3, 14.22
1746562482, 0, 583, 981, 967, 22, 8.69%, 0, 0, 3, 11.45
1746562488, 0, 583, 982, 968, 22, 8.69%, 0, 0, 3, 13.40
1746562529, 0, 583, 983, 969, 22, 8.69%, 0, 0, 3, 14.93
1746562673, 0, 583, 985, 971, 22, 8.69%, 0, 0, 3, 11.00
1746562678, 0, 583, 986, 972, 22, 8.69%, 0, 0, 3, 10.59
1746562740, 0, 583, 987, 973, 22, 8.69%, 0, 0, 3, 21.85
1746562750, 0, 583, 988, 974, 22, 8.69%, 0, 0, 3, 27.47
1746562755, 0, 583, 989, 975, 22, 8.69%, 0, 0, 3, 22.41
1746562775, 0, 583, 990, 976, 22, 8.69%, 0, 0, 3, 26.07
1746562888, 0, 598, 990, 975, 22, 8.69%, 0, 0, 3, 25.54
1746562893, 0, 598, 991, 976, 22, 8.69%, 0, 0, 3, 19.41
1746562898, 0, 598, 992, 977, 22, 8.69%, 0, 0, 3, 16.55
1746562903, 0, 598, 994, 979, 22, 8.69%, 0, 0, 3, 14.45
1746562908, 0, 598, 995, 980, 22, 8.69%, 0, 0, 3, 17.83
1746562913, 0, 598, 996, 981, 22, 8.69%, 0, 0, 3, 17.17
1746562924, 0, 598, 998, 983, 22, 8.69%, 0, 0, 3, 19.63
1746562944, 0, 598, 1000, 985, 22, 8.69%, 0, 0, 3, 18.56
1746562975, 0, 598, 1001, 986, 22, 8.69%, 0, 0, 3, 16.47
1746562985, 0, 598, 1003, 988, 22, 8.69%, 0, 0, 3, 17.57
1746563082, 0, 598, 1004, 989, 22, 8.69%, 0, 0, 3, 20.75
1746563108, 0, 598, 1005, 990, 22, 8.69%, 0, 0, 3, 15.74
1746563175, 0, 598, 1006, 991, 22, 8.69%, 0, 0, 3, 23.77
1746563180, 0, 598, 1007, 992, 22, 8.69%, 0, 0, 3, 23.76
1746563190, 0, 598, 1008, 993, 22, 8.69%, 0, 0, 3, 23.76
1746563196, 0, 598, 1010, 995, 22, 8.69%, 0, 0, 3, 20.98
1746563211, 0, 598, 1011, 996, 22, 8.69%, 0, 0, 3, 26.85
1746563221, 0, 598, 1012, 997, 22, 8.69%, 0, 0, 3, 27.84
1746563231, 0, 598, 1013, 998, 22, 8.70%, 0, 0, 3, 25.42
1746563282, 0, 598, 1014, 999, 22, 8.70%, 0, 0, 3, 24.07
1746563287, 0, 598, 1015, 1000, 22, 8.70%, 0, 0, 3, 23.45
1746563292, 0, 598, 1016, 1001, 22, 8.70%, 0, 0, 3, 22.90
1746563297, 0, 598, 1017, 1002, 22, 8.73%, 0, 0, 3, 24.58
1746563303, 0, 598, 1018, 1003, 22, 8.73%, 0, 0, 3, 24.84
1746563308, 0, 598, 1019, 1004, 22, 8.73%, 0, 0, 3, 24.55
1746563323, 0, 598, 1020, 1005, 22, 8.73%, 0, 0, 3, 27.45
1746563328, 0, 598, 1022, 1007, 22, 8.73%, 0, 0, 3, 22.90
1746563333, 0, 598, 1023, 1008, 22, 8.73%, 0, 0, 3, 26.35
1746563400, 0, 598, 1024, 1009, 22, 8.73%, 0, 0, 3, 25.40
1746563430, 0, 598, 1025, 1010, 22, 8.73%, 0, 0, 3, 26.49
1746563435, 0, 598, 1026, 1011, 22, 8.73%, 0, 0, 3, 23.60
1746563446, 0, 598, 1027, 1012, 22, 8.73%, 0, 0, 3, 23.20
1746563461, 0, 598, 1028, 1013, 22, 8.73%, 0, 0, 3, 21.89
1746563476, 0, 598, 1029, 1014, 22, 8.74%, 0, 0, 3, 27.13
1746563497, 0, 598, 1030, 1015, 22, 8.74%, 0, 0, 3, 26.69
1746563522, 0, 598, 1032, 1017, 22, 8.74%, 0, 0, 3, 19.13
1746563553, 0, 598, 1033, 1018, 22, 8.74%, 0, 0, 3, 25.82
1746563568, 0, 598, 1034, 1019, 22, 8.74%, 0, 0, 3, 24.52
1746563573, 0, 598, 1035, 1020, 22, 8.74%, 0, 0, 3, 24.60
1746563614, 0, 598, 1036, 1021, 22, 8.79%, 0, 0, 3, 4.81
1746563650, 0, 646, 1036, 1020, 26, 8.79%, 0, 0, 3, 26.74
1746563671, 0, 646, 1037, 1021, 26, 8.79%, 0, 0, 3, 20.02
1746563778, 0, 646, 1038, 1022, 26, 8.79%, 0, 0, 3, 22.02
1746563808, 0, 646, 1039, 1023, 26, 8.79%, 0, 0, 3, 20.95
1746563829, 0, 646, 1040, 1024, 26, 8.79%, 0, 0, 3, 28.43
1746563844, 0, 646, 1041, 1025, 26, 8.79%, 0, 0, 3, 25.43
1746563885, 0, 653, 1042, 1025, 25, 8.79%, 0, 0, 3, 21.42
1746563916, 0, 653, 1043, 1026, 25, 8.79%, 0, 0, 3, 17.64
1746563921, 0, 653, 1044, 1027, 25, 8.79%, 0, 0, 3, 15.52
1746563983, 0, 653, 1045, 1028, 25, 8.79%, 0, 0, 3, 19.46
1746564013, 0, 653, 1046, 1029, 25, 8.79%, 0, 0, 3, 17.23
1746564034, 0, 653, 1047, 1030, 25, 8.79%, 0, 0, 3, 15.15
1746564049, 0, 653, 1048, 1031, 25, 8.79%, 0, 0, 3, 15.81
1746564075, 0, 653, 1049, 1032, 25, 8.79%, 0, 0, 3, 13.88
1746564090, 0, 653, 1050, 1033, 25, 8.79%, 0, 0, 3, 13.38
1746564121, 0, 653, 1051, 1034, 25, 8.79%, 0, 0, 3, 11.72
1746564321, 0, 653, 1052, 1035, 25, 8.79%, 0, 0, 3, 17.99
1746564455, 0, 653, 1053, 1036, 25, 8.79%, 0, 0, 3, 13.44
1746564501, 0, 653, 1054, 1037, 25, 8.79%, 0, 0, 3, 15.57
1746564506, 0, 653, 1055, 1038, 25, 8.79%, 0, 0, 3, 23.74
1746564531, 0, 682, 1055, 1037, 25, 8.79%, 0, 0, 3, 33.98
1746564562, 0, 695, 1055, 1036, 24, 8.79%, 0, 0, 3, 33.72
1746564582, 0, 695, 1056, 1037, 24, 8.79%, 0, 0, 4, 9.39
1746564593, 0, 695, 1057, 1038, 24, 8.79%, 0, 0, 4, 11.18
1746564598, 0, 695, 1058, 1039, 24, 8.79%, 0, 0, 4, 8.83
1746564608, 0, 695, 1059, 1040, 24, 8.79%, 0, 0, 4, 22.48
1746564649, 0, 695, 1061, 1042, 24, 8.79%, 0, 0, 4, 8.51
1746564827, 0, 697, 1061, 1041, 24, 8.79%, 0, 0, 4, 18.16
1746565037, 0, 697, 1062, 1042, 24, 8.79%, 0, 0, 4, 20.19
1746565043, 0, 697, 1063, 1043, 24, 8.79%, 0, 0, 4, 26.15
1746565058, 0, 697, 1064, 1044, 24, 8.79%, 0, 0, 4, 23.43
1746565155, 0, 744, 1065, 1044, 23, 8.79%, 0, 0, 4, 22.29
1746565160, 0, 744, 1066, 1045, 23, 8.79%, 0, 0, 4, 17.80
1746565278, 0, 759, 1066, 1044, 25, 8.79%, 0, 0, 4, 23.61
1746565283, 0, 759, 1067, 1045, 25, 8.80%, 0, 0, 4, 15.84
1746565288, 0, 759, 1069, 1047, 25, 8.80%, 0, 0, 4, 12.87
1746565294, 0, 759, 1072, 1050, 25, 8.80%, 0, 0, 4, 10.17
1746565299, 0, 759, 1075, 1053, 25, 8.80%, 0, 0, 4, 8.48
1746565304, 0, 759, 1079, 1057, 25, 8.80%, 0, 0, 4, 8.87
1746565309, 0, 759, 1081, 1059, 25, 8.80%, 0, 0, 4, 8.95
1746565314, 0, 759, 1083, 1061, 25, 8.80%, 0, 0, 4, 10.72
1746565319, 0, 759, 1085, 1063, 25, 8.80%, 0, 0, 4, 7.92
1746565324, 0, 759, 1087, 1065, 25, 8.80%, 0, 0, 4, 8.33
1746565329, 0, 759, 1090, 1068, 25, 8.80%, 0, 0, 4, 8.14
1746565334, 0, 759, 1091, 1069, 25, 8.80%, 0, 0, 4, 8.90
1746565340, 0, 759, 1094, 1072, 25, 8.80%, 0, 0, 4, 7.69
1746565345, 0, 759, 1095, 1073, 25, 8.80%, 0, 0, 4, 7.43
1746565350, 0, 759, 1097, 1075, 25, 8.80%, 0, 0, 4, 7.25
1746565355, 0, 759, 1099, 1077, 25, 8.80%, 0, 0, 4, 6.98
1746565360, 0, 759, 1100, 1078, 25, 8.80%, 0, 0, 4, 6.97
1746565365, 0, 759, 1103, 1081, 25, 8.80%, 0, 0, 4, 6.54
1746565371, 0, 759, 1105, 1083, 25, 8.80%, 0, 0, 4, 6.58
1746565376, 0, 759, 1108, 1086, 25, 8.81%, 0, 0, 4, 6.38
1746565381, 0, 759, 1110, 1088, 25, 8.81%, 0, 0, 4, 6.15
1746565386, 0, 759, 1112, 1090, 25, 8.81%, 0, 0, 4, 5.97
1746565391, 0, 759, 1114, 1092, 25, 8.81%, 0, 0, 4, 5.94
1746565396, 0, 759, 1116, 1094, 25, 8.81%, 0, 0, 4, 5.90
1746565402, 0, 759, 1118, 1096, 25, 8.81%, 0, 0, 4, 5.83
1746565412, 0, 759, 1119, 1097, 25, 8.81%, 0, 0, 4, 8.27
1746565417, 0, 759, 1120, 1098, 25, 8.81%, 0, 0, 4, 12.09
1746565422, 0, 759, 1121, 1099, 25, 8.81%, 0, 0, 4, 13.34
1746565428, 0, 759, 1122, 1100, 25, 8.81%, 0, 0, 4, 11.05
1746565433, 0, 759, 1123, 1101, 25, 8.81%, 0, 0, 4, 10.32
1746565438, 0, 759, 1124, 1102, 25, 8.81%, 0, 0, 4, 8.63
1746565443, 0, 759, 1126, 1104, 25, 8.81%, 0, 0, 4, 8.96
1746565448, 0, 759, 1127, 1105, 25, 8.81%, 0, 0, 4, 8.58
1746565453, 0, 759, 1129, 1107, 25, 8.81%, 0, 0, 4, 8.21
1746565458, 0, 759, 1130, 1108, 25, 8.81%, 0, 0, 4, 7.69
1746565468, 0, 759, 1132, 1110, 25, 8.81%, 0, 0, 4, 6.69
1746565474, 0, 759, 1134, 1112, 25, 8.81%, 0, 0, 4, 6.87
1746565479, 0, 759, 1135, 1113, 25, 8.81%, 0, 0, 4, 6.43
1746565484, 0, 759, 1137, 1115, 25, 8.81%, 0, 0, 4, 5.99
1746565489, 0, 759, 1138, 1116, 25, 8.81%, 1, 0, 4, 5.90
1746565505, 0, 759, 1139, 1117, 25, 8.81%, 1, 0, 4, 11.54
1746565510, 0, 759, 1140, 1118, 25, 8.81%, 2, 0, 4, 12.99
1746565515, 0, 759, 1142, 1120, 25, 8.81%, 2, 0, 4, 10.32
1746565520, 0, 759, 1143, 1121, 25, 8.81%, 2, 0, 4, 11.05
1746565525, 0, 759, 1144, 1122, 25, 8.81%, 3, 0, 4, 9.45
1746565530, 0, 759, 1145, 1123, 25, 8.81%, 3, 0, 4, 8.62
1746565535, 0, 759, 1146, 1124, 25, 8.81%, 3, 0, 4, 8.34
1746565541, 0, 759, 1147, 1125, 25, 8.81%, 3, 0, 4, 7.91
1746565546, 0, 759, 1149, 1127, 25, 8.81%, 3, 0, 4, 7.97
1746565551, 0, 759, 1150, 1128, 25, 8.81%, 3, 0, 4, 7.47
1746565566, 0, 759, 1150, 1128, 25, 8.81%, 4, 0, 4, 6.38
1746565571, 0, 759, 1151, 1129, 25, 8.81%, 5, 0, 4, 6.05
1746565592, 0, 759, 1152, 1130, 25, 8.81%, 5, 0, 4, 7.33
1746565597, 0, 759, 1153, 1131, 25, 8.81%, 5, 0, 4, 8.95
1746565602, 0, 759, 1155, 1133, 25, 8.81%, 5, 0, 4, 7.34
1746565608, 0, 759, 1156, 1134, 25, 8.81%, 5, 0, 4, 8.74
1746565613, 0, 759, 1158, 1136, 25, 8.81%, 5, 0, 4, 7.03
1746565618, 0, 759, 1160, 1138, 25, 8.81%, 5, 0, 4, 6.66
1746565623, 0, 759, 1162, 1140, 25, 8.81%, 5, 0, 4, 5.15
1746565633, 0, 759, 1163, 1141, 25, 8.81%, 5, 0, 4, 14.92
1746565649, 0, 759, 1164, 1142, 25, 8.81%, 5, 0, 4, 16.27
1746565654, 0, 759, 1166, 1144, 25, 8.81%, 5, 0, 4, 15.29
1746565659, 0, 759, 1167, 1145, 25, 8.81%, 5, 0, 4, 13.76
1746565669, 0, 759, 1168, 1146, 25, 8.81%, 5, 0, 4, 14.25
1746565690, 0, 759, 1169, 1147, 25, 8.81%, 5, 0, 4, 12.85
1746565695, 0, 759, 1170, 1148, 25, 8.81%, 5, 0, 4, 11.61
1746565710, 0, 759, 1171, 1149, 25, 8.81%, 5, 0, 4, 10.64
1746565715, 0, 759, 1172, 1150, 25, 8.81%, 6, 0, 4, 11.54
1746565726, 0, 759, 1173, 1151, 25, 8.81%, 6, 0, 4, 9.56
1746565746, 0, 759, 1174, 1152, 25, 8.81%, 6, 0, 4, 10.32
1746565751, 0, 759, 1175, 1153, 25, 8.81%, 6, 0, 4, 8.91
1746565762, 0, 759, 1176, 1154, 25, 8.81%, 6, 0, 4, 7.85
1746565767, 0, 759, 1178, 1156, 25, 8.81%, 6, 0, 4, 7.36
1746565772, 0, 759, 1179, 1157, 25, 8.81%, 6, 0, 4, 7.33
1746565803, 0, 759, 1180, 1158, 25, 8.81%, 6, 0, 4, 10.27
1746565808, 0, 759, 1181, 1159, 25, 8.83%, 6, 0, 4, 9.23
1746565813, 0, 759, 1182, 1160, 25, 8.83%, 6, 0, 4, 8.72
1746565834, 0, 759, 1183, 1161, 25, 8.83%, 6, 0, 4, 7.62
1746565844, 0, 759, 1183, 1161, 25, 8.83%, 7, 0, 4, 7.81
1746565849, 0, 759, 1183, 1161, 25, 8.83%, 8, 0, 4, 7.31
1746565859, 0, 759, 1184, 1162, 25, 8.83%, 8, 0, 4, 8.34
1746565880, 0, 759, 1185, 1163, 25, 8.83%, 9, 0, 4, 7.21
1746565901, 0, 759, 1186, 1164, 25, 8.83%, 11, 0, 4, 7.31
1746565906, 0, 759, 1187, 1165, 25, 8.83%, 11, 0, 4, 6.96
1746565911, 0, 759, 1187, 1165, 25, 8.83%, 13, 0, 4, 7.09
1746565916, 0, 759, 1188, 1166, 25, 8.83%, 13, 0, 4, 6.88
1746565921, 0, 759, 1188, 1166, 25, 8.83%, 15, 0, 4, 6.97
1746565926, 0, 759, 1188, 1166, 25, 8.83%, 16, 0, 4, 7.17
1746565952, 0, 759, 1189, 1167, 25, 8.83%, 16, 0, 4, 6.50
1746565957, 0, 759, 1191, 1169, 25, 8.83%, 16, 0, 4, 6.72
1746565962, 0, 759, 1192, 1170, 25, 8.83%, 16, 0, 4, 6.63
1746565988, 0, 759, 1194, 1172, 25, 8.83%, 16, 0, 4, 6.48
1746565993, 0, 759, 1195, 1173, 25, 8.83%, 16, 0, 4, 6.31
1746565998, 0, 759, 1195, 1173, 25, 8.83%, 18, 0, 4, 6.16
1746566009, 0, 759, 1195, 1173, 25, 8.83%, 20, 0, 4, 6.00
1746566034, 0, 759, 1196, 1174, 25, 8.83%, 20, 0, 4, 5.71
1746566040, 0, 759, 1197, 1175, 25, 8.83%, 20, 0, 4, 5.68
1746566055, 0, 759, 1198, 1176, 25, 8.83%, 20, 0, 4, 5.94
1746566060, 0, 759, 1199, 1177, 25, 8.83%, 20, 0, 4, 5.88
1746566081, 0, 759, 1200, 1178, 25, 8.83%, 20, 0, 4, 5.88
1746566148, 0, 759, 1201, 1179, 25, 8.83%, 20, 0, 4, 10.28
1746566164, 0, 759, 1202, 1180, 25, 8.83%, 20, 0, 4, 11.09
1746566174, 0, 759, 1203, 1181, 25, 8.83%, 20, 0, 4, 10.83
1746566195, 0, 759, 1204, 1182, 25, 8.83%, 20, 0, 4, 7.13
1746566205, 0, 759, 1205, 1183, 25, 8.83%, 20, 0, 4, 7.37
1746566303, 0, 759, 1206, 1184, 25, 8.84%, 20, 0, 4, 11.17
1746566308, 0, 759, 1207, 1185, 25, 8.84%, 20, 0, 4, 9.09
1746566324, 0, 759, 1207, 1185, 25, 8.84%, 21, 0, 4, 6.58
1746566329, 0, 759, 1207, 1185, 25, 8.84%, 23, 0, 4, 6.18
1746566334, 0, 759, 1208, 1186, 25, 8.98%, 23, 0, 4, 11.88
1746566344, 0, 759, 1210, 1188, 25, 8.98%, 23, 0, 4, 13.74
1746566360, 0, 759, 1211, 1189, 25, 8.98%, 23, 0, 4, 11.86
1746566390, 0, 759, 1212, 1190, 25, 8.98%, 23, 0, 4, 10.26
1746566396, 0, 759, 1213, 1191, 25, 8.98%, 23, 0, 4, 8.50
1746566406, 0, 759, 1214, 1192, 25, 8.98%, 23, 0, 4, 8.08
1746566457, 0, 759, 1214, 1192, 25, 8.98%, 24, 0, 4, 7.25
1746566463, 0, 759, 1215, 1193, 25, 8.98%, 24, 0, 4, 6.95
1746566468, 0, 759, 1216, 1194, 25, 8.98%, 24, 0, 4, 7.09
1746566473, 0, 759, 1216, 1194, 25, 8.98%, 25, 0, 4, 6.81
1746566504, 0, 759, 1218, 1196, 25, 8.98%, 25, 0, 4, 6.64
1746566509, 0, 759, 1218, 1196, 25, 8.98%, 26, 0, 4, 6.46
1746566519, 0, 759, 1218, 1196, 25, 8.98%, 27, 0, 4, 5.95
1746566524, 0, 759, 1219, 1197, 25, 8.98%, 27, 0, 4, 5.67
1746566545, 0, 759, 1219, 1197, 25, 8.98%, 28, 0, 4, 5.89
1746566581, 0, 759, 1220, 1198, 25, 8.98%, 28, 0, 4, 10.03
1746566606, 0, 759, 1221, 1199, 25, 8.98%, 28, 0, 4, 16.29
1746566612, 0, 759, 1222, 1200, 25, 8.98%, 28, 0, 4, 12.53
1746566627, 0, 759, 1223, 1201, 25, 8.98%, 28, 0, 4, 12.71
1746566658, 0, 759, 1224, 1202, 25, 8.98%, 28, 0, 4, 9.51
1746566663, 0, 759, 1225, 1203, 25, 8.98%, 28, 0, 4, 8.55
1746566669, 0, 759, 1226, 1204, 25, 8.98%, 28, 0, 4, 7.54
1746566679, 0, 759, 1227, 1205, 25, 8.98%, 28, 0, 4, 7.16
1746566694, 0, 759, 1228, 1206, 25, 8.98%, 29, 0, 4, 6.63
1746566700, 0, 759, 1229, 1207, 25, 8.98%, 29, 0, 4, 5.74
1746566710, 0, 759, 1230, 1208, 25, 8.98%, 29, 0, 4, 9.30
1746566761, 0, 759, 1232, 1210, 25, 8.98%, 29, 0, 4, 6.70
1746566787, 0, 759, 1233, 1211, 25, 8.98%, 29, 0, 4, 6.77
1746566797, 0, 759, 1234, 1212, 25, 8.98%, 29, 0, 4, 7.31
1746566802, 0, 759, 1235, 1213, 25, 8.98%, 29, 0, 4, 7.12
1746566834, 0, 759, 1236, 1214, 25, 8.98%, 29, 0, 4, 6.96
1746566854, 0, 759, 1236, 1214, 25, 8.98%, 31, 0, 4, 6.54
1746566859, 0, 759, 1236, 1214, 25, 8.98%, 32, 0, 4, 6.38
1746566864, 0, 759, 1237, 1215, 25, 8.98%, 32, 0, 4, 6.07
1746566870, 0, 759, 1238, 1216, 25, 8.98%, 33, 0, 4, 5.95
1746566880, 0, 759, 1239, 1217, 25, 8.98%, 33, 0, 4, 5.12
1746566890, 0, 759, 1240, 1218, 25, 8.98%, 33, 0, 4, 4.84
1746566901, 0, 759, 1240, 1218, 25, 8.98%, 34, 0, 4, 5.50
1746566911, 0, 759, 1241, 1219, 25, 8.98%, 34, 0, 4, 5.88
1746566937, 0, 759, 1242, 1220, 25, 8.98%, 34, 0, 4, 5.50
1746566968, 0, 759, 1242, 1220, 25, 8.98%, 35, 0, 4, 7.38
1746566973, 0, 759, 1242, 1220, 25, 8.98%, 36, 0, 4, 15.62
1746566984, 0, 813, 1242, 1219, 30, 8.98%, 36, 0, 4, 18.92
1746567152, 0, 816, 1242, 1218, 30, 8.98%, 36, 0, 4, 19.65
1746567300, 0, 870, 1242, 1217, 30, 8.98%, 36, 0, 4, 21.33
1746567439, 0, 872, 1242, 1216, 29, 8.98%, 36, 0, 4, 23.54
1746567561, 0, 877, 1242, 1215, 28, 8.98%, 36, 0, 4, 26.69
1746567576, 0, 877, 1243, 1216, 28, 8.98%, 36, 0, 4, 26.43
1746567627, 0, 934, 1243, 1215, 28, 8.98%, 36, 0, 4, 28.27
1746567781, 0, 934, 1244, 1216, 28, 8.98%, 36, 0, 4, 29.14
1746567801, 0, 940, 1244, 1215, 27, 8.98%, 36, 0, 4, 24.92
1746567811, 0, 940, 1245, 1216, 27, 8.98%, 36, 0, 4, 14.82
1746567913, 0, 940, 1246, 1217, 27, 8.98%, 36, 0, 4, 14.28
1746568062, 0, 946, 1246, 1216, 26, 8.98%, 36, 0, 4, 21.73
1746568072, 0, 946, 1247, 1217, 26, 8.98%, 36, 0, 4, 13.90
1746568200, 0, 946, 1248, 1218, 26, 8.98%, 36, 0, 4, 12.83
1746568205, 0, 946, 1249, 1219, 26, 8.98%, 36, 0, 4, 12.79
1746568292, 0, 946, 1250, 1220, 26, 8.98%, 36, 0, 4, 21.73
1746568369, 0, 956, 1250, 1219, 26, 8.98%, 36, 0, 4, 22.22
1746568620, 0, 969, 1250, 1218, 25, 8.98%, 36, 0, 4, 24.92
1746568927, 0, 969, 1250, 1218, 25, 8.98%, 37, 0, 4, 22.33
1746568948, 0, 990, 1250, 1217, 24, 8.98%, 37, 0, 4, 21.36
1746569234, 0, 998, 1250, 1216, 23, 8.98%, 37, 0, 4, 22.99
1746569490, 0, 998, 1251, 1217, 23, 8.98%, 37, 0, 4, 15.12
1746569521, 0, 999, 1251, 1216, 22, 8.98%, 37, 0, 4, 23.90
1746569691, 0, 999, 1252, 1217, 22, 8.98%, 37, 0, 4, 15.54
1746569768, 0, 1008, 1252, 1216, 21, 8.98%, 37, 0, 4, 19.65
1746569788, 0, 1008, 1253, 1217, 21, 8.98%, 37, 0, 4, 8.63
1746569824, 0, 1008, 1254, 1218, 21, 8.98%, 37, 0, 4, 9.04
1746569860, 0, 1008, 1255, 1219, 21, 8.98%, 37, 0, 4, 9.69
1746569896, 0, 1008, 1256, 1220, 21, 8.98%, 37, 0, 4, 10.64
1746569901, 0, 1008, 1257, 1221, 21, 8.98%, 37, 0, 4, 15.44
1746570238, 0, 1008, 1258, 1222, 21, 8.98%, 37, 0, 4, 13.82
1746570428, 0, 1008, 1259, 1223, 21, 8.98%, 37, 0, 4, 13.71
1746570545, 0, 1008, 1260, 1224, 21, 8.98%, 37, 0, 4, 6.96
1746570550, 0, 1008, 1261, 1225, 21, 8.98%, 37, 0, 4, 6.67
1746570602, 0, 1012, 1261, 1224, 20, 8.98%, 37, 0, 4, 19.28
1746570694, 0, 1012, 1262, 1225, 20, 8.98%, 37, 0, 4, 11.36
1746570971, 0, 1012, 1263, 1226, 20, 8.98%, 37, 0, 4, 13.58
1746571155, 0, 1014, 1263, 1225, 19, 8.98%, 37, 0, 4, 18.97
1746571166, 0, 1014, 1264, 1226, 19, 8.98%, 37, 0, 4, 12.26
1746571186, 0, 1014, 1265, 1227, 19, 8.98%, 37, 0, 4, 7.43
1746571196, 0, 1014, 1266, 1228, 19, 8.98%, 37, 0, 4, 6.87
1746571201, 0, 1014, 1267, 1229, 19, 8.98%, 37, 0, 4, 6.70
1746571237, 0, 1014, 1268, 1230, 19, 8.98%, 37, 0, 4, 7.66
1746571242, 0, 1014, 1269, 1231, 19, 8.98%, 37, 0, 4, 7.10
1746571258, 0, 1014, 1270, 1232, 19, 8.98%, 37, 0, 4, 6.65
1746571289, 0, 1014, 1271, 1233, 19, 8.98%, 37, 0, 4, 7.44
1746571325, 0, 1014, 1272, 1234, 19, 8.98%, 37, 0, 4, 8.03
1746571330, 0, 1014, 1273, 1235, 19, 8.98%, 37, 0, 4, 10.86
1746571391, 0, 1014, 1274, 1236, 19, 8.98%, 37, 0, 4, 10.02
1746571402, 0, 1014, 1275, 1237, 19, 8.98%, 37, 0, 4, 10.14
1746571417, 0, 1014, 1276, 1238, 19, 8.98%, 37, 0, 4, 8.97
1746571423, 0, 1014, 1277, 1239, 19, 8.98%, 37, 0, 4, 9.05
1746571448, 0, 1014, 1278, 1240, 19, 8.98%, 37, 0, 4, 8.55
1746571505, 0, 1014, 1279, 1241, 19, 8.98%, 37, 0, 4, 6.92
1746571541, 0, 1014, 1281, 1243, 19, 8.98%, 37, 0, 4, 6.79
1746571582, 0, 1014, 1282, 1244, 19, 8.98%, 37, 0, 4, 7.39
1746571685, 0, 1014, 1283, 1245, 19, 8.98%, 37, 0, 4, 16.23
1746571690, 0, 1014, 1284, 1246, 19, 8.98%, 37, 0, 4, 11.58
1746571848, 0, 1014, 1285, 1247, 19, 8.98%, 37, 0, 4, 8.39
1746572105, 0, 1014, 1286, 1248, 19, 8.98%, 37, 0, 4, 6.55
1746572167, 0, 1014, 1287, 1249, 19, 8.98%, 37, 0, 4, 6.95
1746572213, 0, 1021, 1287, 1248, 20, 8.98%, 37, 0, 4, 17.76
1746572239, 0, 1021, 1289, 1250, 20, 8.98%, 37, 0, 4, 9.24
1746572300, 0, 1021, 1290, 1251, 20, 8.98%, 37, 0, 4, 9.02
1746572679, 0, 1021, 1291, 1252, 20, 8.98%, 37, 0, 4, 8.34
1746572690, 0, 1021, 1292, 1253, 20, 8.98%, 37, 0, 4, 8.36
1746572756, 0, 1021, 1293, 1254, 20, 8.98%, 37, 0, 4, 13.37
1746572823, 0, 1021, 1294, 1255, 20, 8.99%, 37, 0, 4, 8.44
1746572864, 0, 1028, 1294, 1254, 21, 8.99%, 37, 0, 4, 20.56
1746572941, 0, 1028, 1295, 1255, 21, 8.99%, 37, 0, 4, 19.59
1746573002, 0, 1028, 1296, 1256, 21, 8.99%, 37, 0, 4, 20.37
1746573047, 0, 1028, 1297, 1257, 21, 8.99%, 37, 0, 4, 23.71
1746573063, 0, 1058, 1297, 1256, 21, 8.99%, 37, 0, 4, 24.74
1746573232, 0, 1064, 1297, 1255, 20, 8.99%, 37, 0, 4, 24.55
1746573349, 0, 1093, 1297, 1254, 19, 8.99%, 37, 0, 4, 20.12
1746573391, 0, 1093, 1297, 1254, 19, 8.99%, 39, 0, 4, 6.94
1746573396, 0, 1093, 1297, 1254, 19, 8.99%, 43, 0, 4, 6.41
1746573401, 0, 1093, 1298, 1255, 19, 8.99%, 49, 0, 5, 6.14
1746573406, 0, 1093, 1298, 1255, 19, 8.99%, 51, 0, 5, 6.03
1746573416, 0, 1093, 1298, 1255, 19, 8.99%, 57, 0, 5, 6.06
1746573422, 0, 1093, 1299, 1256, 19, 8.99%, 58, 0, 5, 6.86
1746573432, 0, 1093, 1299, 1256, 19, 8.99%, 59, 0, 5, 13.70
1746573457, 0, 1093, 1299, 1256, 19, 8.99%, 60, 0, 5, 7.44
1746573462, 0, 1093, 1299, 1256, 19, 8.99%, 61, 0, 5, 6.98
1746573467, 0, 1093, 1299, 1256, 19, 8.99%, 68, 0, 5, 6.45
1746573473, 0, 1093, 1301, 1258, 19, 8.99%, 70, 0, 5, 6.25
1746573478, 0, 1093, 1302, 1259, 19, 8.99%, 71, 0, 5, 6.18
1746573483, 0, 1093, 1302, 1259, 19, 8.99%, 73, 0, 5, 6.15
1746573488, 0, 1093, 1302, 1259, 19, 8.99%, 76, 0, 5, 6.01
1746573493, 0, 1093, 1302, 1259, 19, 8.99%, 79, 0, 5, 8.02
1746573540, 0, 1093, 1302, 1259, 19, 8.99%, 83, 0, 5, 6.43
1746573545, 0, 1093, 1302, 1259, 19, 8.99%, 85, 0, 5, 6.22
1746573550, 0, 1093, 1302, 1259, 19, 8.99%, 86, 0, 5, 6.14
1746573555, 0, 1093, 1302, 1259, 19, 8.99%, 90, 0, 5, 5.96
1746573560, 0, 1093, 1302, 1259, 19, 8.99%, 92, 0, 5, 8.59
1746573566, 0, 1093, 1302, 1259, 19, 8.99%, 95, 0, 5, 7.80
1746573571, 0, 1093, 1302, 1259, 19, 8.99%, 96, 0, 5, 9.33
1746573576, 0, 1093, 1302, 1259, 19, 8.99%, 99, 0, 5, 7.37
1746573587, 0, 1093, 1302, 1259, 19, 8.99%, 102, 0, 5, 9.94
1746573592, 0, 1093, 1302, 1259, 19, 8.99%, 103, 0, 5, 15.15
1746573674, 0, 1093, 1303, 1260, 19, 8.99%, 103, 0, 5, 9.27
1746573710, 0, 1093, 1304, 1261, 19, 8.99%, 103, 0, 5, 7.19
1746573781, 0, 1093, 1304, 1261, 19, 8.99%, 104, 0, 5, 7.86
1746573817, 0, 1093, 1304, 1261, 19, 8.99%, 105, 0, 5, 7.52
1746573832, 0, 1093, 1304, 1261, 19, 8.99%, 106, 0, 5, 6.99
1746573842, 0, 1093, 1304, 1261, 19, 8.99%, 107, 0, 5, 7.01
1746573858, 0, 1093, 1304, 1261, 19, 8.99%, 108, 0, 5, 7.00
1746573873, 0, 1093, 1304, 1261, 19, 8.99%, 109, 0, 5, 6.97
1746573879, 0, 1093, 1305, 1262, 19, 9.00%, 109, 0, 5, 6.58
1746573884, 0, 1093, 1305, 1262, 19, 9.00%, 110, 0, 5, 6.51
1746573889, 0, 1093, 1305, 1262, 19, 9.00%, 111, 0, 5, 6.30
1746573899, 0, 1093, 1305, 1262, 19, 9.00%, 114, 0, 5, 6.28
1746573904, 0, 1093, 1305, 1262, 19, 9.00%, 127, 0, 5, 6.09
1746573909, 0, 1093, 1305, 1262, 19, 9.00%, 136, 0, 5, 6.13
1746573914, 0, 1093, 1305, 1262, 19, 9.00%, 147, 0, 5, 6.00
1746573919, 0, 1093, 1305, 1262, 19, 9.00%, 148, 0, 5, 6.08
1746573935, 0, 1093, 1305, 1262, 19, 9.00%, 149, 0, 5, 6.13
1746573940, 0, 1093, 1305, 1262, 19, 9.00%, 157, 0, 5, 6.19
1746573945, 0, 1093, 1305, 1262, 19, 9.00%, 163, 0, 5, 6.21
1746573951, 0, 1093, 1305, 1262, 19, 9.00%, 170, 0, 5, 6.23
1746573966, 0, 1093, 1305, 1262, 19, 9.00%, 172, 0, 5, 6.46
1746573971, 0, 1093, 1305, 1262, 19, 9.00%, 174, 0, 5, 6.46
1746573987, 0, 1093, 1305, 1262, 19, 9.00%, 175, 0, 5, 6.44
1746573992, 0, 1093, 1305, 1262, 19, 9.00%, 176, 0, 5, 6.21
1746574008, 0, 1093, 1305, 1262, 19, 9.00%, 177, 0, 5, 6.00
1746574028, 0, 1093, 1306, 1263, 19, 9.01%, 178, 0, 5, 6.09
1746574034, 0, 1093, 1306, 1263, 19, 9.01%, 184, 0, 5, 5.98
1746574039, 0, 1093, 1306, 1263, 19, 9.01%, 186, 0, 5, 5.96
1746574044, 0, 1093, 1306, 1263, 19, 9.01%, 190, 0, 5, 5.90
1746574126, 0, 1093, 1306, 1263, 19, 9.01%, 191, 0, 5, 7.78
1746574157, 0, 1093, 1306, 1263, 19, 9.01%, 192, 0, 5, 6.70
1746574162, 0, 1093, 1306, 1263, 19, 9.01%, 195, 0, 5, 6.05
1746574188, 0, 1093, 1306, 1263, 19, 9.01%, 197, 0, 5, 5.94
1746574193, 0, 1093, 1306, 1263, 19, 9.01%, 200, 0, 5, 5.72
1746574199, 0, 1093, 1306, 1263, 19, 9.01%, 206, 0, 5, 5.73
1746574214, 0, 1093, 1307, 1264, 19, 9.01%, 206, 0, 5, 9.84
1746574230, 0, 1093, 1307, 1264, 19, 9.01%, 211, 0, 5, 6.83
1746574235, 0, 1093, 1307, 1264, 19, 9.01%, 213, 0, 5, 6.39
1746574240, 0, 1093, 1307, 1264, 19, 9.01%, 217, 0, 5, 6.34
1746574337, 0, 1093, 1307, 1264, 19, 9.01%, 218, 0, 5, 8.12
1746574389, 0, 1093, 1307, 1264, 19, 9.01%, 219, 0, 5, 6.81
1746574394, 0, 1093, 1307, 1264, 19, 9.01%, 222, 0, 5, 6.47
1746574400, 0, 1093, 1307, 1264, 19, 9.01%, 224, 0, 5, 6.20
1746574405, 0, 1093, 1307, 1264, 19, 9.01%, 226, 0, 5, 6.15
1746574410, 0, 1093, 1307, 1264, 19, 9.01%, 228, 0, 5, 6.23
1746574415, 0, 1093, 1307, 1264, 19, 9.01%, 229, 0, 5, 6.30
1746574426, 0, 1093, 1307, 1264, 19, 9.01%, 231, 0, 5, 6.49
1746574441, 0, 1093, 1308, 1265, 19, 9.01%, 234, 0, 5, 6.07
1746574446, 0, 1093, 1308, 1265, 19, 9.01%, 236, 0, 5, 6.00
1746574451, 0, 1093, 1308, 1265, 19, 9.01%, 238, 0, 5, 5.99
1746574457, 0, 1093, 1308, 1265, 19, 9.01%, 240, 0, 5, 6.02
1746574462, 0, 1093, 1308, 1265, 19, 9.01%, 243, 0, 5, 6.05
1746574534, 0, 1093, 1309, 1266, 19, 9.01%, 243, 0, 5, 10.95
1746574550, 0, 1093, 1309, 1266, 19, 9.01%, 244, 0, 5, 9.43
1746574555, 0, 1093, 1310, 1267, 19, 9.01%, 244, 0, 5, 8.24
1746574709, 0, 1093, 1310, 1267, 19, 9.01%, 245, 0, 5, 6.40
1746574714, 0, 1093, 1310, 1267, 19, 9.01%, 246, 0, 5, 6.22
1746574719, 0, 1093, 1310, 1267, 19, 9.01%, 247, 0, 5, 6.13
1746574724, 0, 1093, 1310, 1267, 19, 9.01%, 248, 0, 5, 6.00
1746574730, 0, 1093, 1311, 1268, 19, 9.01%, 249, 0, 5, 6.10
1746574735, 0, 1093, 1311, 1268, 19, 9.01%, 250, 0, 5, 6.14
1746574740, 0, 1093, 1311, 1268, 19, 9.01%, 252, 0, 5, 6.18
1746574745, 0, 1093, 1311, 1268, 19, 9.01%, 253, 0, 5, 6.22
1746574776, 0, 1093, 1312, 1269, 19, 9.01%, 253, 0, 5, 5.69
1746574781, 0, 1093, 1312, 1269, 19, 9.01%, 254, 0, 5, 5.70
1746574786, 0, 1093, 1314, 1271, 19, 9.01%, 254, 0, 5, 5.44
1746574792, 0, 1093, 1314, 1271, 19, 9.01%, 256, 0, 5, 5.63
1746574797, 0, 1093, 1314, 1271, 19, 9.01%, 259, 0, 5, 5.69
1746574802, 0, 1093, 1314, 1271, 19, 9.01%, 261, 0, 5, 5.63
1746574807, 0, 1093, 1314, 1271, 19, 9.01%, 263, 0, 5, 5.76
1746574812, 0, 1093, 1314, 1271, 19, 9.01%, 264, 0, 5, 5.79
1746574828, 0, 1093, 1314, 1271, 19, 9.01%, 265, 0, 5, 10.63
1746574843, 0, 1093, 1314, 1271, 19, 9.01%, 272, 0, 5, 6.69
1746574848, 0, 1093, 1314, 1271, 19, 9.01%, 275, 0, 5, 6.31
1746574879, 0, 1107, 1314, 1270, 22, 9.01%, 275, 0, 5, 14.03
1746574905, 0, 1107, 1314, 1270, 22, 9.01%, 276, 0, 5, 9.19
1746574931, 0, 1107, 1314, 1270, 22, 9.01%, 277, 0, 5, 6.32
1746574936, 0, 1107, 1314, 1270, 22, 9.01%, 278, 0, 5, 6.13
1746574998, 0, 1107, 1314, 1270, 22, 9.01%, 279, 0, 5, 6.36
1746575029, 0, 1107, 1314, 1270, 22, 9.01%, 280, 0, 5, 12.65
1746575070, 0, 1107, 1314, 1270, 22, 9.01%, 281, 0, 5, 6.08
1746575117, 0, 1107, 1314, 1270, 22, 9.01%, 282, 0, 5, 15.94
1746575229, 0, 1107, 1314, 1270, 22, 9.01%, 283, 0, 5, 7.89
1746575301, 0, 1107, 1315, 1271, 22, 9.01%, 283, 0, 5, 7.36
1746575352, 0, 1107, 1315, 1271, 22, 9.01%, 284, 0, 5, 7.06
1746575373, 0, 1107, 1315, 1271, 22, 9.01%, 285, 0, 5, 7.17
1746575470, 0, 1107, 1315, 1271, 22, 9.01%, 286, 0, 5, 6.05
1746575625, 0, 1107, 1315, 1271, 22, 9.01%, 287, 0, 5, 7.19
1746575857, 0, 1107, 1315, 1271, 22, 9.01%, 288, 0, 5, 7.64
1746575877, 0, 1107, 1315, 1271, 22, 9.01%, 289, 0, 5, 7.31
1746575934, 0, 1107, 1315, 1271, 22, 9.01%, 290, 0, 5, 5.96
1746576257, 0, 1107, 1316, 1272, 22, 9.01%, 290, 0, 5, 5.94
1746576294, 0, 1107, 1316, 1272, 22, 9.01%, 291, 0, 5, 5.81
1746576299, 0, 1107, 1316, 1272, 22, 9.01%, 292, 0, 5, 5.88
1746576345, 0, 1107, 1316, 1272, 22, 9.01%, 293, 0, 5, 11.70
1746576361, 0, 1107, 1316, 1272, 22, 9.01%, 294, 0, 5, 6.92
1746576376, 0, 1107, 1316, 1272, 22, 9.01%, 295, 0, 5, 16.39
1746576391, 0, 1107, 1316, 1272, 22, 9.01%, 296, 0, 5, 18.32
1746576396, 0, 1179, 1316, 1271, 22, 9.01%, 296, 0, 5, 18.49
1746576929, 0, 1179, 1317, 1272, 22, 9.01%, 296, 0, 5, 22.15
1746576964, 0, 1179, 1318, 1273, 22, 9.01%, 296, 0, 5, 22.74
1746577056, 0, 1179, 1319, 1274, 22, 9.01%, 296, 0, 5, 24.59
1746577097, 0, 1179, 1320, 1275, 22, 9.01%, 296, 0, 5, 19.45
1746577241, 0, 1179, 1321, 1276, 22, 9.01%, 296, 0, 5, 21.01
1746577281, 0, 1179, 1322, 1277, 22, 9.01%, 296, 0, 5, 21.16
1746577440, 0, 1179, 1323, 1278, 22, 9.01%, 296, 0, 5, 20.20
1746577563, 0, 1179, 1324, 1279, 22, 9.01%, 296, 0, 5, 23.36
1746577568, 0, 1179, 1324, 1279, 22, 9.01%, 297, 0, 5, 24.40
1746577609, 0, 1205, 1324, 1278, 21, 9.01%, 297, 0, 5, 20.95
1746578102, 0, 1207, 1324, 1277, 20, 9.01%, 297, 0, 5, 17.19
1746578122, 0, 1207, 1326, 1279, 20, 9.01%, 297, 0, 5, 9.21
1746578127, 0, 1207, 1329, 1282, 20, 9.01%, 297, 0, 5, 8.49
1746578158, 0, 1207, 1330, 1283, 20, 9.09%, 297, 0, 5, 8.86
1746578163, 0, 1207, 1332, 1285, 20, 9.09%, 297, 0, 5, 8.32
1746578194, 0, 1207, 1333, 1286, 20, 9.09%, 297, 0, 5, 8.43
1746578368, 0, 1207, 1335, 1288, 20, 9.09%, 297, 0, 5, 8.46
1746578501, 0, 1207, 1336, 1289, 20, 9.09%, 297, 0, 5, 8.72
1746578578, 0, 1207, 1337, 1290, 20, 9.09%, 297, 0, 5, 8.71
1746578583, 0, 1207, 1338, 1291, 20, 9.09%, 297, 0, 5, 8.08
1746578820, 0, 1231, 1338, 1290, 21, 9.09%, 297, 0, 5, 15.11
1746578892, 0, 1231, 1340, 1292, 21, 9.09%, 297, 0, 5, 9.72
1746578960, 0, 1231, 1341, 1293, 21, 9.09%, 297, 0, 5, 11.75
1746579032, 0, 1231, 1342, 1294, 21, 9.09%, 297, 0, 5, 7.54
1746579515, 0, 1231, 1344, 1296, 21, 9.09%, 297, 0, 5, 6.14
1746579582, 0, 1231, 1345, 1297, 21, 9.09%, 297, 0, 5, 6.90
1746579597, 0, 1231, 1345, 1297, 21, 9.09%, 298, 0, 5, 5.81
1746580237, 0, 1231, 1346, 1298, 21, 9.09%, 298, 0, 5, 6.45
1746580253, 0, 1231, 1347, 1299, 21, 9.09%, 298, 0, 5, 5.67
1746580361, 0, 1231, 1347, 1299, 21, 9.09%, 299, 0, 5, 18.21
1746580367, 0, 1231, 1347, 1299, 21, 9.09%, 300, 0, 5, 18.00
1746580372, 0, 1242, 1347, 1298, 20, 9.09%, 300, 0, 5, 22.90
1746580473, 0, 1248, 1347, 1297, 19, 9.09%, 300, 0, 5, 24.86
1746580800, 0, 1251, 1347, 1296, 18, 9.09%, 300, 0, 5, 18.60
1746581107, 0, 1251, 1348, 1297, 18, 9.09%, 300, 0, 5, 24.84
1746581158, 0, 1252, 1348, 1296, 17, 9.09%, 300, 0, 5, 24.93
1746582030, 0, 1256, 1348, 1295, 16, 9.09%, 300, 0, 5, 19.02
1746582076, 0, 1256, 1349, 1296, 16, 9.09%, 300, 0, 5, 12.50
1746582112, 0, 1256, 1350, 1297, 16, 9.09%, 300, 0, 5, 11.80
1746582312, 0, 1256, 1351, 1298, 16, 9.09%, 300, 0, 5, 8.56
1746582322, 0, 1256, 1352, 1299, 16, 9.09%, 300, 0, 5, 8.90
1746582358, 0, 1256, 1353, 1300, 16, 9.09%, 300, 0, 5, 8.67
1746582404, 0, 1256, 1354, 1301, 16, 9.09%, 300, 0, 5, 8.36
1746582486, 0, 1256, 1355, 1302, 16, 9.09%, 300, 0, 5, 14.18
1746582737, 0, 1256, 1356, 1303, 16, 9.09%, 300, 0, 5, 9.12
1746582752, 0, 1256, 1357, 1304, 16, 9.09%, 300, 0, 5, 7.66
1746582865, 0, 1273, 1357, 1303, 18, 9.09%, 300, 0, 5, 21.04
1746583004, 0, 1273, 1358, 1304, 18, 9.09%, 300, 0, 5, 7.32
1746583081, 0, 1273, 1359, 1305, 18, 9.09%, 300, 0, 5, 10.93
1746583611, 0, 1273, 1360, 1306, 18, 9.09%, 300, 0, 5, 12.73
1746583770, 0, 1273, 1361, 1307, 18, 9.09%, 300, 0, 5, 6.56
1746583898, 0, 1286, 1361, 1306, 18, 9.09%, 300, 0, 5, 21.55
1746584972, 0, 1287, 1361, 1305, 17, 9.09%, 300, 0, 5, 17.00
1746585582, 0, 1289, 1361, 1304, 16, 9.09%, 300, 0, 5, 18.38
1746586274, 0, 1293, 1361, 1303, 16, 9.09%, 300, 0, 5, 18.10
1746586879, 0, 1293, 1362, 1304, 16, 9.09%, 300, 0, 5, 10.50
1746586987, 0, 1295, 1362, 1303, 15, 9.09%, 300, 0, 5, 23.74
1746587207, 0, 1300, 1362, 1302, 14, 9.09%, 300, 0, 5, 18.55
1746587314, 0, 1300, 1362, 1302, 14, 9.09%, 301, 0, 5, 6.65
1746587319, 0, 1300, 1362, 1302, 14, 9.09%, 302, 0, 5, 6.44
1746587499, 0, 1300, 1363, 1303, 14, 9.09%, 302, 0, 6, 9.07
1746587729, 0, 1300, 1363, 1303, 14, 9.09%, 303, 0, 6, 6.29
1746587765, 0, 1300, 1363, 1303, 14, 9.09%, 304, 0, 6, 6.36
1746588479, 0, 1300, 1363, 1303, 14, 9.09%, 305, 0, 6, 6.37
1746588587, 0, 1304, 1363, 1302, 13, 9.09%, 305, 0, 6, 14.82
1746588592, 0, 1304, 1363, 1302, 13, 9.09%, 306, 0, 6, 14.70
1746588623, 0, 1304, 1363, 1302, 13, 9.09%, 307, 0, 6, 7.38
1746588644, 0, 1304, 1363, 1302, 13, 9.09%, 310, 0, 6, 6.11
1746588649, 0, 1304, 1363, 1302, 13, 9.09%, 314, 0, 6, 6.03
1746588654, 0, 1304, 1363, 1302, 13, 9.09%, 316, 0, 6, 7.88
1746588705, 0, 1304, 1363, 1302, 13, 9.09%, 317, 0, 6, 6.36
1746588710, 0, 1304, 1363, 1302, 13, 9.09%, 318, 0, 6, 6.23
1746588715, 0, 1304, 1363, 1302, 13, 9.09%, 319, 0, 6, 6.09
1746588772, 0, 1304, 1363, 1302, 13, 9.09%, 320, 0, 6, 6.27
1746588777, 0, 1304, 1363, 1302, 13, 9.09%, 321, 0, 6, 6.12
1746588782, 0, 1304, 1363, 1302, 13, 9.09%, 322, 0, 6, 5.96
1746588803, 0, 1304, 1363, 1302, 13, 9.09%, 323, 0, 6, 9.98
1746588813, 0, 1304, 1363, 1302, 13, 9.09%, 324, 0, 6, 10.47
1746588818, 0, 1304, 1363, 1302, 13, 9.09%, 325, 0, 6, 16.42
1746588890, 0, 1304, 1363, 1302, 13, 9.09%, 326, 0, 6, 11.69
1746589121, 0, 1304, 1363, 1302, 13, 9.09%, 327, 0, 6, 6.15
1746589182, 0, 1304, 1363, 1302, 13, 9.09%, 328, 0, 6, 6.05
1746589203, 0, 1304, 1363, 1302, 13, 9.09%, 330, 0, 6, 6.06
1746589229, 0, 1304, 1363, 1302, 13, 9.09%, 331, 0, 6, 5.97
1746589234, 0, 1304, 1363, 1302, 13, 9.09%, 333, 0, 6, 5.83
1746589239, 0, 1304, 1363, 1302, 13, 9.09%, 334, 0, 6, 5.85
1746589244, 0, 1304, 1363, 1302, 13, 9.09%, 335, 0, 6, 5.76
1746589265, 0, 1304, 1363, 1302, 13, 9.09%, 338, 0, 6, 5.81
1746589285, 0, 1304, 1363, 1302, 13, 9.09%, 339, 0, 6, 10.71
1746589352, 0, 1304, 1363, 1302, 13, 9.09%, 340, 0, 6, 7.72
1746589424, 0, 1304, 1363, 1302, 13, 9.09%, 341, 0, 6, 5.71
1746589450, 0, 1304, 1363, 1302, 13, 9.09%, 342, 0, 6, 7.93
1746589460, 0, 1304, 1363, 1302, 13, 9.09%, 345, 0, 6, 6.33
1746589465, 0, 1304, 1363, 1302, 13, 9.09%, 346, 0, 6, 6.10
1746589491, 0, 1304, 1363, 1302, 13, 9.09%, 347, 0, 6, 13.26
1746589655, 0, 1304, 1363, 1302, 13, 9.09%, 348, 0, 6, 5.97
1746589665, 0, 1304, 1363, 1302, 13, 9.09%, 349, 0, 6, 6.03
1746589681, 0, 1304, 1363, 1302, 13, 9.09%, 350, 0, 6, 5.92
1746589686, 0, 1304, 1363, 1302, 13, 9.09%, 351, 0, 6, 5.97
1746589691, 0, 1304, 1363, 1302, 13, 9.09%, 352, 0, 6, 5.89
1746589959, 0, 1304, 1363, 1302, 13, 9.09%, 353, 0, 6, 6.14
1746590021, 0, 1304, 1363, 1302, 13, 9.09%, 356, 0, 6, 5.76
1746590026, 0, 1304, 1363, 1302, 13, 9.09%, 357, 0, 6, 5.84
1746590037, 0, 1304, 1363, 1302, 13, 9.09%, 358, 0, 6, 9.66
1746590063, 0, 1304, 1363, 1302, 13, 9.09%, 359, 0, 6, 6.93
1746590104, 0, 1305, 1363, 1301, 13, 9.09%, 359, 0, 6, 15.89
1746590285, 0, 1305, 1363, 1301, 13, 9.09%, 360, 0, 6, 6.53
1746590300, 0, 1305, 1363, 1301, 13, 9.09%, 362, 0, 6, 6.06
1746590332, 0, 1305, 1363, 1301, 13, 9.09%, 363, 0, 6, 10.06
1746590528, 0, 1305, 1363, 1301, 13, 9.09%, 364, 0, 6, 8.17
1746590646, 0, 1305, 1363, 1301, 13, 9.09%, 365, 0, 6, 6.23
1746590651, 0, 1305, 1363, 1301, 13, 9.09%, 366, 0, 6, 6.13
1746590667, 0, 1305, 1363, 1301, 13, 9.09%, 367, 0, 6, 6.07
1746590754, 0, 1305, 1363, 1301, 13, 9.09%, 368, 0, 6, 6.12
1746590935, 0, 1305, 1363, 1301, 13, 9.09%, 369, 0, 6, 5.70
1746591002, 0, 1305, 1364, 1302, 13, 9.09%, 369, 0, 6, 14.83
1746591115, 0, 1305, 1364, 1302, 13, 9.09%, 370, 0, 6, 7.43
1746591136, 0, 1305, 1364, 1302, 13, 9.09%, 371, 0, 6, 6.51
1746591141, 0, 1305, 1364, 1302, 13, 9.09%, 373, 0, 6, 6.21
1746591146, 0, 1305, 1364, 1302, 13, 9.09%, 374, 0, 6, 6.05
1746591151, 0, 1305, 1364, 1302, 13, 9.09%, 377, 0, 6, 6.09
1746591162, 0, 1305, 1364, 1302, 13, 9.09%, 378, 0, 6, 6.29
1746591193, 0, 1305, 1364, 1302, 13, 9.09%, 379, 0, 6, 5.92
1746591516, 0, 1305, 1364, 1302, 13, 9.09%, 380, 0, 6, 6.18
1746591598, 0, 1305, 1364, 1302, 13, 9.09%, 381, 0, 6, 16.84
1746591619, 0, 1308, 1364, 1301, 12, 9.09%, 381, 0, 6, 14.17
1746592825, 0, 1308, 1364, 1301, 12, 9.09%, 382, 0, 6, 8.24
1746593104, 0, 1308, 1365, 1302, 12, 9.09%, 382, 0, 6, 15.09
1746593130, 0, 1308, 1365, 1302, 12, 9.09%, 383, 0, 6, 19.46
1746593150, 0, 1310, 1365, 1301, 11, 9.09%, 383, 0, 6, 18.32
1746593176, 0, 1310, 1365, 1301, 11, 9.09%, 384, 0, 6, 9.51
1746593206, 0, 1310, 1365, 1301, 11, 9.09%, 385, 0, 6, 6.33
1746593232, 0, 1310, 1366, 1302, 11, 9.09%, 385, 0, 6, 12.51
1746593258, 0, 1310, 1366, 1302, 11, 9.09%, 386, 0, 6, 7.40
1746593268, 0, 1310, 1366, 1302, 11, 9.09%, 387, 0, 6, 6.57
1746593319, 0, 1310, 1367, 1303, 11, 9.09%, 387, 0, 6, 7.66
1746593365, 0, 1310, 1368, 1304, 11, 9.12%, 388, 0, 6, 9.03
1746593371, 0, 1310, 1368, 1304, 11, 9.12%, 389, 0, 6, 7.22
1746593602, 0, 1310, 1368, 1304, 11, 9.12%, 390, 0, 6, 7.31
1746593757, 0, 1310, 1368, 1304, 11, 9.12%, 391, 0, 6, 6.42
1746593767, 0, 1310, 1368, 1304, 11, 9.12%, 392, 0, 6, 6.45
1746593948, 0, 1310, 1368, 1304, 11, 9.12%, 393, 0, 6, 5.85
1746593985, 0, 1310, 1368, 1304, 11, 9.12%, 394, 0, 6, 6.45
1746594010, 0, 1310, 1368, 1304, 11, 9.12%, 395, 0, 6, 5.89
1746594210, 0, 1310, 1368, 1304, 11, 9.12%, 396, 0, 6, 7.41
1746594277, 0, 1310, 1368, 1304, 11, 9.12%, 397, 0, 6, 6.33
1746594544, 0, 1310, 1368, 1304, 11, 9.12%, 398, 0, 6, 6.05
1746594549, 0, 1310, 1368, 1304, 11, 9.12%, 399, 0, 6, 6.17
1746594555, 0, 1310, 1368, 1304, 11, 9.12%, 400, 0, 6, 6.28
1746594565, 0, 1310, 1368, 1304, 11, 9.12%, 401, 0, 6, 6.32
1746594678, 0, 1310, 1368, 1304, 11, 9.12%, 402, 0, 6, 20.58
1746594688, 0, 1316, 1368, 1303, 9, 9.12%, 402, 0, 6, 17.99
1746594698, 0, 1316, 1369, 1304, 9, 9.12%, 402, 0, 6, 11.87
1746594704, 0, 1316, 1370, 1305, 9, 9.12%, 402, 0, 6, 8.85
1746595365, 0, 1316, 1371, 1306, 9, 9.12%, 402, 0, 6, 5.98
1746595381, 0, 1316, 1372, 1307, 9, 9.12%, 402, 0, 6, 5.21
1746595391, 0, 1316, 1373, 1308, 9, 9.12%, 402, 0, 6, 5.39
1746595396, 0, 1316, 1374, 1309, 9, 9.12%, 402, 0, 6, 5.20
1746595473, 0, 1316, 1374, 1309, 9, 9.12%, 403, 0, 6, 24.04
1746595488, 0, 1322, 1374, 1308, 9, 9.12%, 403, 0, 6, 14.98
1746595509, 0, 1322, 1374, 1308, 9, 9.12%, 406, 0, 6, 8.59
1746595514, 0, 1322, 1374, 1308, 9, 9.12%, 407, 0, 6, 8.05
1746595535, 0, 1322, 1374, 1308, 9, 9.12%, 408, 0, 6, 6.47
1746595540, 0, 1322, 1374, 1308, 9, 9.12%, 410, 0, 6, 6.21
1746595566, 0, 1322, 1375, 1309, 9, 9.12%, 410, 0, 6, 5.70
1746595571, 0, 1322, 1375, 1309, 9, 9.12%, 411, 0, 6, 11.99
1746595581, 0, 1322, 1375, 1309, 9, 9.12%, 412, 0, 6, 10.98
1746595586, 0, 1322, 1375, 1309, 9, 9.12%, 413, 0, 6, 9.49
1746595638, 0, 1322, 1376, 1310, 9, 9.12%, 413, 0, 6, 5.78
1746595649, 0, 1322, 1376, 1310, 9, 9.12%, 414, 0, 6, 10.90
1746595654, 0, 1322, 1376, 1310, 9, 9.12%, 415, 0, 6, 13.61
1746595664, 0, 1322, 1376, 1310, 9, 9.12%, 416, 0, 6, 9.73
1746595669, 0, 1322, 1376, 1310, 9, 9.12%, 417, 0, 6, 8.47
1746595690, 0, 1322, 1376, 1310, 9, 9.12%, 418, 0, 6, 7.00
1746595720, 0, 1322, 1377, 1311, 9, 9.12%, 418, 0, 6, 5.64
1746595746, 0, 1322, 1377, 1311, 9, 9.12%, 419, 0, 6, 7.43
1746595751, 0, 1322, 1377, 1311, 9, 9.12%, 421, 0, 6, 7.33
1746595756, 0, 1322, 1377, 1311, 9, 9.12%, 424, 0, 6, 10.57
1746595762, 0, 1322, 1377, 1311, 9, 9.12%, 425, 0, 6, 14.83
1746595767, 0, 1322, 1377, 1311, 9, 9.12%, 426, 0, 6, 14.92
1746595772, 0, 1322, 1377, 1311, 9, 9.12%, 428, 0, 6, 19.38
1746595777, 0, 1322, 1377, 1311, 9, 9.12%, 429, 0, 6, 18.31
1746595792, 0, 1322, 1378, 1312, 9, 9.12%, 429, 0, 6, 15.73
1746595869, 0, 1322, 1378, 1312, 9, 9.12%, 430, 0, 6, 8.91
1746595905, 0, 1322, 1378, 1312, 9, 9.12%, 431, 0, 6, 7.98
1746595982, 0, 1322, 1378, 1312, 9, 9.12%, 432, 0, 6, 6.87
1746596018, 0, 1322, 1378, 1312, 9, 9.12%, 434, 0, 6, 6.62
1746596024, 0, 1322, 1378, 1312, 9, 9.12%, 435, 0, 6, 6.73
1746596029, 0, 1322, 1378, 1312, 9, 9.12%, 436, 0, 6, 6.70
1746596090, 0, 1322, 1378, 1312, 9, 9.12%, 437, 0, 6, 6.34
1746596178, 0, 1322, 1378, 1312, 9, 9.12%, 438, 0, 6, 5.88
1746596282, 0, 1322, 1379, 1313, 9, 9.12%, 438, 0, 6, 5.65
1746596292, 0, 1322, 1379, 1313, 9, 9.12%, 439, 0, 6, 11.18
1746596390, 0, 1322, 1379, 1313, 9, 9.12%, 440, 0, 6, 7.31
1746596462, 0, 1322, 1379, 1313, 9, 9.12%, 441, 0, 6, 5.22
1746596473, 0, 1322, 1379, 1313, 9, 9.12%, 442, 0, 6, 5.09
1746596509, 0, 1322, 1379, 1313, 9, 9.12%, 443, 0, 6, 10.87
1746596524, 0, 1322, 1379, 1313, 9, 9.12%, 444, 0, 6, 7.12
1746596540, 0, 1322, 1379, 1313, 9, 9.12%, 445, 0, 6, 9.14
1746596787, 0, 1322, 1379, 1313, 9, 9.12%, 446, 0, 6, 5.62
1746596874, 0, 1322, 1379, 1313, 9, 9.12%, 447, 0, 6, 9.23
1746596930, 0, 1322, 1380, 1314, 9, 9.12%, 447, 0, 6, 6.61
1746596945, 0, 1322, 1380, 1314, 9, 9.12%, 448, 0, 6, 6.99
1746596951, 0, 1322, 1380, 1314, 9, 9.12%, 449, 0, 6, 7.15
1746597157, 0, 1322, 1380, 1314, 9, 9.12%, 450, 0, 6, 5.39
1746597173, 0, 1322, 1380, 1314, 9, 9.12%, 451, 0, 6, 5.24
1746597199, 0, 1322, 1380, 1314, 9, 9.12%, 452, 0, 6, 8.00
1746597225, 0, 1322, 1380, 1314, 9, 9.12%, 453, 0, 6, 5.71
1746597250, 0, 1322, 1380, 1314, 9, 9.12%, 454, 0, 6, 18.79
1746597255, 0, 1329, 1380, 1313, 9, 9.12%, 454, 0, 6, 16.68
1746597758, 0, 1329, 1381, 1314, 9, 9.12%, 454, 0, 6, 7.65
1746598010, 0, 1332, 1381, 1313, 8, 9.12%, 454, 0, 6, 16.01
1746598030, 0, 1332, 1382, 1314, 8, 9.12%, 454, 0, 6, 9.28
1746598035, 0, 1332, 1384, 1316, 8, 9.12%, 454, 0, 6, 8.36
1746598097, 0, 1332, 1385, 1317, 8, 9.12%, 454, 0, 6, 8.74
1746598102, 0, 1332, 1386, 1318, 8, 9.12%, 454, 0, 6, 7.83
1746598267, 0, 1332, 1387, 1319, 8, 9.12%, 454, 0, 6, 9.21
1746598272, 0, 1332, 1389, 1321, 8, 9.12%, 454, 0, 6, 8.18
1746598288, 0, 1332, 1390, 1322, 8, 9.12%, 454, 0, 6, 8.07
1746598739, 0, 1350, 1390, 1321, 8, 9.12%, 454, 0, 6, 17.31
1746599456, 0, 1350, 1391, 1322, 8, 9.12%, 454, 0, 6, 9.02
1746599547, 0, 1352, 1391, 1321, 8, 9.12%, 454, 0, 6, 19.75
1746599568, 0, 1352, 1392, 1322, 8, 9.12%, 454, 0, 6, 10.16
1746600376, 0, 1357, 1392, 1321, 7, 9.12%, 454, 0, 6, 20.12
1746600416, 0, 1357, 1393, 1322, 7, 9.12%, 454, 0, 6, 6.74
1746600463, 0, 1357, 1394, 1323, 7, 9.12%, 454, 0, 6, 6.72
1746600514, 0, 1357, 1395, 1324, 7, 9.12%, 454, 0, 6, 9.65
1746600843, 0, 1357, 1398, 1327, 7, 9.12%, 454, 0, 6, 6.62
1746601408, 0, 1357, 1399, 1328, 7, 9.12%, 454, 0, 6, 20.15
1746601460, 0, 1360, 1399, 1327, 7, 9.12%, 454, 0, 6, 19.44
1746601696, 0, 1360, 1400, 1328, 7, 9.12%, 454, 0, 6, 10.98
