# unix_time, cycles_done, cur_path, paths_total, pending_total, pending_favs, map_size, unique_crashes, unique_hangs, max_depth, execs_per_sec
1746712461, 0, 0, 1, 1, 1, 3.78%, 0, 0, 1, 142.86
1746712467, 0, 0, 39, 39, 1, 5.06%, 0, 0, 2, 135.96
1746712472, 0, 0, 62, 62, 1, 5.09%, 0, 0, 2, 134.11
1746712477, 0, 0, 78, 78, 1, 5.10%, 0, 0, 2, 135.49
1746712482, 0, 0, 89, 89, 1, 5.10%, 0, 0, 2, 134.36
1746712487, 0, 0, 99, 99, 1, 5.12%, 0, 0, 2, 133.62
1746712492, 0, 0, 108, 108, 1, 5.17%, 0, 0, 2, 133.76
1746712497, 0, 0, 114, 114, 1, 5.21%, 0, 0, 2, 139.10
1746712503, 0, 0, 119, 119, 1, 5.21%, 0, 0, 2, 143.83
1746712508, 0, 0, 122, 122, 1, 5.21%, 0, 0, 2, 146.37
1746712513, 0, 0, 126, 126, 1, 5.21%, 0, 0, 2, 147.34
1746712518, 0, 0, 127, 127, 1, 5.21%, 0, 0, 2, 149.47
1746712523, 0, 0, 132, 132, 1, 5.21%, 0, 0, 2, 144.07
1746712528, 0, 0, 135, 135, 1, 5.21%, 0, 0, 2, 146.02
1746712534, 0, 0, 138, 138, 1, 5.21%, 0, 0, 2, 145.40
1746712539, 0, 0, 141, 141, 1, 5.21%, 0, 0, 2, 144.55
1746712544, 0, 0, 143, 143, 1, 5.21%, 0, 0, 2, 146.36
1746712549, 0, 0, 146, 146, 1, 5.21%, 0, 0, 2, 142.88
1746712554, 0, 0, 149, 149, 1, 5.21%, 0, 0, 2, 142.74
1746712559, 0, 0, 152, 152, 1, 5.21%, 0, 0, 2, 143.48
1746712564, 0, 0, 154, 154, 1, 5.21%, 0, 0, 2, 148.48
1746712570, 0, 0, 155, 155, 1, 5.21%, 0, 0, 2, 149.86
1746712575, 0, 0, 157, 157, 1, 5.21%, 0, 0, 2, 148.44
1746712580, 0, 0, 159, 159, 1, 5.21%, 0, 0, 2, 146.06
1746712585, 0, 0, 162, 162, 1, 5.21%, 0, 0, 2, 146.41
1746712590, 0, 0, 166, 166, 1, 5.21%, 0, 0, 2, 143.14
1746712595, 0, 0, 168, 168, 1, 5.21%, 0, 0, 2, 145.94
1746712601, 0, 0, 170, 170, 1, 5.21%, 0, 0, 2, 146.09
1746712606, 0, 0, 171, 171, 1, 5.21%, 0, 0, 2, 146.26
1746712611, 0, 0, 174, 174, 1, 5.21%, 0, 0, 2, 142.28
1746712616, 0, 0, 179, 179, 1, 5.22%, 0, 0, 2, 138.96
1746712621, 0, 0, 182, 182, 1, 5.22%, 0, 0, 2, 142.70
1746712626, 0, 0, 185, 185, 1, 5.22%, 0, 0, 2, 143.76
1746712637, 0, 0, 187, 187, 1, 5.22%, 0, 0, 2, 145.53
1746712642, 0, 0, 188, 188, 1, 5.22%, 0, 0, 2, 144.80
1746712647, 0, 0, 189, 189, 1, 5.22%, 0, 0, 2, 143.44
1746712652, 0, 0, 192, 192, 1, 5.22%, 0, 0, 2, 145.13
1746712657, 0, 0, 194, 194, 1, 5.22%, 0, 0, 2, 146.73
1746712663, 0, 0, 199, 199, 1, 5.22%, 0, 0, 2, 141.67
1746712668, 0, 0, 201, 201, 1, 5.22%, 0, 0, 2, 143.90
1746712673, 0, 0, 203, 203, 1, 5.22%, 0, 0, 2, 144.14
1746712678, 0, 0, 204, 204, 1, 5.22%, 0, 0, 2, 144.83
1746712688, 0, 0, 207, 207, 1, 5.22%, 0, 0, 2, 143.74
1746712693, 0, 0, 212, 212, 1, 5.22%, 0, 0, 2, 140.40
1746712699, 0, 0, 213, 213, 1, 5.22%, 0, 0, 2, 144.74
1746712704, 0, 2, 216, 215, 11, 5.23%, 0, 0, 2, 143.56
1746712709, 0, 2, 217, 216, 11, 5.23%, 0, 0, 3, 145.86
1746712714, 0, 2, 221, 220, 11, 5.23%, 0, 0, 3, 143.84
1746712719, 0, 2, 223, 222, 11, 5.24%, 0, 0, 3, 142.01
1746712724, 0, 2, 225, 224, 11, 5.26%, 0, 0, 3, 141.13
1746712730, 0, 2, 227, 226, 11, 5.26%, 0, 0, 3, 141.01
1746712735, 0, 2, 230, 229, 11, 5.26%, 0, 0, 3, 140.18
1746712740, 0, 2, 231, 230, 11, 5.26%, 0, 0, 3, 142.15
1746712745, 0, 2, 234, 233, 11, 5.26%, 0, 0, 3, 139.15
1746712750, 0, 2, 237, 236, 11, 5.26%, 0, 0, 3, 141.20
1746712761, 0, 2, 238, 237, 11, 5.26%, 0, 0, 3, 147.12
1746712766, 0, 2, 239, 238, 11, 5.26%, 0, 0, 3, 147.51
1746712771, 0, 2, 241, 240, 11, 5.26%, 0, 0, 3, 148.20
1746712776, 0, 2, 243, 242, 11, 5.26%, 0, 0, 3, 148.15
1746712781, 0, 2, 244, 243, 11, 5.26%, 0, 0, 3, 148.32
1746712786, 0, 2, 245, 244, 11, 5.26%, 0, 0, 3, 147.05
1746712802, 0, 2, 246, 245, 11, 5.26%, 0, 0, 3, 147.49
1746712822, 0, 2, 247, 246, 11, 5.26%, 0, 0, 3, 148.20
1746712828, 0, 2, 248, 247, 11, 5.26%, 0, 0, 3, 148.46
1746712843, 0, 2, 250, 249, 11, 5.26%, 0, 0, 3, 144.48
1746712848, 0, 2, 251, 250, 11, 5.26%, 0, 0, 3, 146.55
1746712853, 0, 2, 253, 252, 11, 5.26%, 0, 0, 3, 146.06
1746712858, 0, 2, 255, 254, 11, 5.26%, 0, 0, 3, 147.16
1746712864, 0, 2, 257, 256, 11, 5.26%, 0, 0, 3, 143.71
1746712869, 0, 2, 258, 257, 11, 5.26%, 0, 0, 3, 142.41
1746712874, 0, 2, 259, 258, 11, 5.26%, 0, 0, 3, 142.50
1746712879, 0, 2, 260, 259, 11, 5.26%, 0, 0, 3, 141.24
1746712884, 0, 2, 261, 260, 11, 5.26%, 0, 0, 3, 141.68
1746712900, 0, 2, 262, 261, 11, 5.26%, 0, 0, 3, 142.18
1746712910, 0, 2, 263, 262, 11, 5.26%, 0, 0, 3, 143.90
1746712920, 0, 2, 265, 264, 11, 5.26%, 0, 0, 3, 142.56
1746712931, 0, 2, 266, 265, 11, 5.26%, 0, 0, 3, 132.72
1746712936, 0, 29, 267, 265, 15, 5.26%, 0, 0, 3, 124.34
1746712988, 0, 29, 269, 267, 15, 5.26%, 0, 0, 3, 124.22
1746712993, 0, 29, 271, 269, 15, 5.26%, 0, 0, 3, 121.06
1746712998, 0, 29, 273, 271, 15, 5.26%, 0, 0, 3, 120.37
1746713008, 0, 29, 274, 272, 15, 5.26%, 0, 0, 3, 123.62
1746713019, 0, 29, 275, 273, 15, 5.26%, 0, 0, 3, 125.73
1746713024, 0, 29, 280, 278, 15, 5.27%, 0, 0, 3, 124.06
1746713029, 0, 29, 281, 279, 15, 5.27%, 0, 0, 3, 122.67
1746713039, 0, 29, 283, 281, 15, 5.27%, 0, 0, 3, 121.47
1746713044, 0, 29, 286, 284, 15, 5.27%, 0, 0, 3, 119.76
1746713049, 0, 29, 288, 286, 15, 5.28%, 0, 0, 3, 120.03
1746713054, 0, 29, 289, 287, 15, 5.28%, 0, 0, 3, 121.97
1746713059, 0, 29, 290, 288, 15, 5.28%, 0, 0, 3, 122.50
1746713069, 0, 29, 292, 290, 15, 5.28%, 0, 0, 3, 122.48
1746713074, 0, 29, 293, 291, 15, 5.28%, 0, 0, 3, 123.11
1746713085, 0, 29, 296, 294, 15, 5.28%, 0, 0, 3, 120.59
1746713090, 0, 29, 300, 298, 15, 5.28%, 0, 0, 3, 118.84
1746713095, 0, 29, 301, 299, 15, 5.28%, 0, 0, 3, 122.99
1746713100, 0, 29, 303, 301, 15, 5.28%, 0, 0, 3, 124.74
1746713110, 0, 29, 304, 302, 15, 5.28%, 0, 0, 3, 125.26
1746713115, 0, 29, 306, 304, 15, 5.28%, 0, 0, 3, 121.74
1746713131, 0, 29, 307, 305, 15, 5.28%, 0, 0, 3, 122.72
1746713141, 0, 29, 308, 306, 15, 5.28%, 0, 0, 3, 121.84
1746713146, 0, 29, 309, 307, 15, 5.28%, 0, 0, 3, 122.13
1746713152, 0, 29, 311, 309, 15, 5.28%, 0, 0, 3, 120.59
1746713162, 0, 29, 314, 312, 15, 5.28%, 0, 0, 3, 119.92
1746713172, 0, 29, 315, 313, 15, 5.28%, 0, 0, 3, 124.15
1746713177, 0, 29, 316, 314, 15, 5.28%, 0, 0, 3, 123.59
1746713183, 0, 29, 317, 315, 15, 5.28%, 0, 0, 3, 124.80
1746713193, 0, 29, 318, 316, 15, 5.28%, 0, 0, 3, 124.38
1746713203, 0, 29, 320, 318, 15, 5.28%, 0, 0, 3, 122.94
1746713213, 0, 29, 321, 319, 15, 5.28%, 0, 0, 3, 123.40
1746713218, 0, 29, 322, 320, 15, 5.28%, 0, 0, 3, 125.27
1746713223, 0, 29, 323, 321, 15, 5.28%, 0, 0, 3, 122.89
1746713229, 0, 29, 324, 322, 15, 5.28%, 0, 0, 3, 123.93
1746713239, 0, 29, 327, 325, 15, 5.28%, 0, 0, 3, 123.33
1746713244, 0, 29, 328, 326, 15, 5.28%, 0, 0, 3, 122.21
1746713249, 0, 101, 329, 326, 16, 5.28%, 0, 0, 3, 121.30
1746713422, 0, 101, 331, 328, 16, 5.93%, 0, 0, 3, 95.15
1746713427, 0, 101, 335, 332, 16, 5.93%, 0, 0, 3, 94.73
1746713432, 0, 101, 341, 338, 16, 5.93%, 0, 0, 3, 93.86
1746713437, 0, 101, 344, 341, 16, 5.93%, 0, 0, 3, 95.42
1746713442, 0, 101, 350, 347, 16, 5.93%, 0, 0, 3, 94.97
1746713447, 0, 101, 351, 348, 16, 5.93%, 0, 0, 3, 97.68
1746713453, 0, 101, 352, 349, 16, 5.93%, 0, 0, 3, 96.06
1746713458, 0, 101, 354, 351, 16, 5.93%, 0, 0, 3, 97.51
1746713463, 0, 101, 356, 353, 16, 5.93%, 0, 0, 3, 97.92
1746713468, 0, 101, 357, 354, 16, 5.93%, 0, 0, 3, 98.50
1746713473, 0, 101, 358, 355, 16, 5.93%, 0, 0, 3, 98.70
1746713478, 0, 101, 360, 357, 16, 5.93%, 0, 0, 3, 98.80
1746713483, 0, 101, 361, 358, 16, 5.93%, 0, 0, 3, 100.23
1746713488, 0, 101, 365, 362, 16, 5.93%, 0, 0, 3, 95.05
1746713494, 0, 101, 369, 366, 16, 5.93%, 0, 0, 3, 94.14
1746713504, 0, 101, 370, 367, 16, 5.93%, 0, 0, 3, 98.78
1746713514, 0, 101, 371, 368, 16, 5.93%, 0, 0, 3, 98.02
1746713519, 0, 101, 373, 370, 16, 5.93%, 0, 0, 3, 94.77
1746713524, 0, 101, 375, 372, 16, 5.93%, 0, 0, 3, 96.95
1746713529, 0, 101, 376, 373, 16, 5.93%, 0, 0, 3, 96.80
1746713535, 0, 101, 379, 376, 16, 5.93%, 0, 0, 3, 95.13
1746713540, 0, 101, 380, 377, 16, 5.94%, 0, 0, 3, 96.49
1746713545, 0, 101, 382, 379, 16, 5.94%, 0, 0, 3, 96.46
1746713550, 0, 101, 384, 381, 16, 5.94%, 0, 0, 3, 93.35
1746713555, 0, 101, 385, 382, 16, 5.94%, 0, 0, 3, 98.45
1746713575, 0, 101, 386, 383, 16, 5.94%, 0, 0, 3, 96.34
1746713581, 0, 101, 388, 385, 16, 5.94%, 0, 0, 3, 97.50
1746713586, 0, 101, 389, 386, 16, 5.94%, 0, 0, 3, 99.43
1746713591, 0, 101, 390, 387, 16, 5.94%, 0, 0, 3, 99.29
1746713596, 0, 101, 391, 388, 16, 5.94%, 0, 0, 3, 100.47
1746713601, 0, 101, 392, 389, 16, 5.94%, 0, 0, 3, 98.97
1746713606, 0, 101, 393, 390, 16, 5.94%, 0, 0, 3, 98.68
1746713627, 0, 101, 395, 392, 16, 5.94%, 0, 0, 3, 95.28
1746713637, 0, 101, 396, 393, 16, 5.94%, 0, 0, 3, 97.48
1746713642, 0, 101, 397, 394, 16, 5.94%, 0, 0, 3, 97.54
1746713647, 0, 101, 398, 395, 16, 5.94%, 0, 0, 3, 96.59
1746713658, 0, 101, 399, 396, 16, 5.94%, 0, 0, 3, 96.57
1746713663, 0, 101, 402, 399, 16, 5.94%, 0, 0, 3, 94.27
1746713668, 0, 101, 403, 400, 16, 5.94%, 0, 0, 3, 96.60
1746713734, 0, 101, 404, 401, 16, 5.94%, 0, 0, 3, 98.55
1746713745, 0, 101, 405, 402, 16, 5.94%, 0, 0, 3, 98.55
1746713750, 0, 101, 406, 403, 16, 5.94%, 0, 0, 3, 97.21
1746713760, 0, 120, 406, 402, 13, 5.94%, 0, 0, 3, 85.64
1746714109, 0, 120, 407, 403, 13, 5.94%, 0, 0, 3, 71.78
1746714115, 0, 120, 409, 405, 13, 5.94%, 0, 0, 3, 75.52
1746714120, 0, 120, 411, 407, 13, 5.94%, 0, 0, 3, 77.38
1746714125, 0, 120, 413, 409, 13, 5.94%, 0, 0, 3, 76.58
1746714130, 0, 120, 415, 411, 13, 5.94%, 0, 0, 3, 76.17
1746714135, 0, 120, 419, 415, 13, 5.94%, 0, 0, 3, 72.51
1746714140, 0, 120, 422, 418, 13, 5.94%, 0, 0, 3, 72.43
1746714146, 0, 120, 426, 422, 13, 5.94%, 0, 0, 3, 74.82
1746714156, 0, 120, 428, 424, 13, 5.94%, 0, 0, 3, 76.84
1746714161, 0, 120, 429, 425, 13, 5.94%, 0, 0, 3, 77.50
1746714171, 0, 120, 432, 428, 13, 5.94%, 0, 0, 3, 77.48
1746714187, 0, 120, 434, 430, 13, 5.94%, 0, 0, 3, 77.52
1746714192, 0, 120, 436, 432, 13, 5.94%, 0, 0, 3, 77.15
1746714197, 0, 120, 437, 433, 13, 5.94%, 0, 0, 3, 77.86
1746714202, 0, 120, 438, 434, 13, 5.94%, 0, 0, 3, 76.31
1746714208, 0, 120, 439, 435, 13, 5.94%, 0, 0, 3, 78.70
1746714213, 0, 120, 441, 437, 13, 5.94%, 0, 0, 3, 75.95
1746714238, 0, 120, 443, 439, 13, 5.94%, 0, 0, 3, 76.79
1746714249, 0, 120, 444, 440, 13, 5.94%, 0, 0, 3, 76.47
1746714254, 0, 120, 446, 442, 13, 5.94%, 0, 0, 3, 77.69
1746714259, 0, 120, 449, 445, 13, 5.94%, 0, 0, 3, 77.58
1746714264, 0, 120, 450, 446, 13, 5.94%, 0, 0, 3, 78.44
1746714269, 0, 120, 451, 447, 13, 5.94%, 0, 0, 3, 77.42
1746714275, 0, 120, 452, 448, 13, 5.94%, 0, 0, 3, 76.34
1746714285, 0, 120, 454, 450, 13, 5.94%, 0, 0, 3, 77.49
1746714295, 0, 120, 456, 452, 13, 5.94%, 0, 0, 3, 75.83
1746714300, 0, 120, 457, 453, 13, 5.94%, 0, 0, 3, 77.91
1746714311, 0, 120, 458, 454, 13, 5.94%, 0, 0, 3, 78.58
1746714316, 0, 120, 460, 456, 13, 5.94%, 0, 0, 3, 78.28
1746714321, 0, 120, 462, 458, 13, 5.94%, 0, 0, 3, 76.90
1746714326, 0, 120, 464, 460, 13, 5.94%, 0, 0, 3, 78.78
1746714336, 0, 120, 465, 461, 13, 5.94%, 0, 0, 3, 78.42
1746714341, 0, 120, 468, 464, 13, 5.94%, 0, 0, 3, 76.85
1746714357, 0, 120, 469, 465, 13, 5.94%, 0, 0, 3, 78.09
1746714362, 0, 120, 471, 467, 13, 5.94%, 0, 0, 3, 76.04
1746714367, 0, 120, 473, 469, 13, 5.94%, 0, 0, 3, 78.39
1746714378, 0, 120, 474, 470, 13, 5.94%, 0, 0, 3, 78.31
1746714398, 0, 120, 475, 471, 13, 5.94%, 0, 0, 3, 76.99
1746714403, 0, 120, 477, 473, 13, 5.94%, 0, 0, 3, 77.11
1746714408, 0, 120, 478, 474, 13, 5.94%, 0, 0, 3, 77.27
1746714414, 0, 120, 479, 475, 13, 5.94%, 0, 0, 3, 76.64
1746714434, 0, 120, 483, 479, 13, 5.94%, 0, 0, 3, 76.23
1746714439, 0, 120, 487, 483, 13, 5.94%, 0, 0, 3, 75.73
1746714445, 0, 120, 488, 484, 13, 5.94%, 0, 0, 3, 77.32
1746714460, 0, 120, 491, 487, 13, 5.94%, 0, 0, 3, 77.46
1746714465, 0, 120, 492, 488, 13, 5.94%, 0, 0, 3, 78.31
1746714476, 0, 120, 493, 489, 13, 5.94%, 0, 0, 3, 79.25
1746714506, 0, 120, 494, 490, 13, 5.94%, 0, 0, 3, 77.73
1746714512, 0, 120, 495, 491, 13, 5.94%, 0, 0, 3, 77.40
1746714517, 0, 120, 496, 492, 13, 5.94%, 0, 0, 3, 78.65
1746714532, 0, 120, 497, 493, 13, 5.94%, 0, 0, 3, 80.39
1746714537, 0, 120, 499, 495, 13, 5.94%, 0, 0, 3, 76.96
1746714543, 0, 145, 499, 494, 16, 5.94%, 0, 0, 3, 66.74
1746714848, 0, 145, 503, 498, 16, 5.94%, 0, 0, 3, 67.05
1746714853, 0, 145, 508, 503, 16, 5.94%, 0, 0, 3, 71.10
1746714858, 0, 145, 511, 506, 16, 5.94%, 0, 0, 3, 67.95
1746714864, 0, 145, 512, 507, 16, 5.95%, 0, 0, 3, 72.25
1746714874, 0, 145, 514, 509, 16, 5.95%, 0, 0, 3, 72.69
1746714879, 0, 145, 515, 510, 16, 5.95%, 0, 0, 3, 73.25
1746714884, 0, 145, 516, 511, 16, 5.95%, 0, 0, 3, 70.97
1746714889, 0, 145, 517, 512, 16, 5.95%, 0, 0, 3, 70.58
1746714894, 0, 145, 518, 513, 16, 5.95%, 0, 0, 3, 70.17
1746714900, 0, 145, 519, 514, 16, 5.95%, 0, 0, 3, 71.35
1746714905, 0, 145, 520, 515, 16, 5.95%, 0, 0, 3, 68.87
1746714910, 0, 145, 522, 517, 16, 5.95%, 0, 0, 3, 68.56
1746714920, 0, 145, 523, 518, 16, 5.95%, 0, 0, 3, 71.95
1746714931, 0, 145, 525, 520, 16, 5.95%, 0, 0, 3, 72.06
1746714936, 0, 145, 526, 521, 16, 5.95%, 0, 0, 3, 72.38
1746714941, 0, 145, 528, 523, 16, 5.95%, 0, 0, 3, 71.02
1746714946, 0, 145, 530, 525, 16, 5.95%, 0, 0, 3, 69.17
1746714956, 0, 145, 531, 526, 16, 5.95%, 0, 0, 3, 72.12
1746714961, 0, 145, 532, 527, 16, 5.95%, 0, 0, 3, 71.71
1746714967, 0, 145, 533, 528, 16, 5.95%, 0, 0, 3, 72.45
1746714982, 0, 145, 534, 529, 16, 5.95%, 0, 0, 3, 70.95
1746714992, 0, 145, 536, 531, 16, 5.95%, 0, 0, 3, 71.80
1746714998, 0, 145, 537, 532, 16, 5.95%, 0, 0, 3, 70.85
1746715003, 0, 145, 538, 533, 16, 5.95%, 0, 0, 3, 71.82
1746715008, 0, 145, 540, 535, 16, 5.95%, 0, 0, 3, 70.11
1746715013, 0, 145, 541, 536, 16, 5.95%, 0, 0, 3, 70.45
1746715023, 0, 145, 542, 537, 16, 5.95%, 0, 0, 3, 71.59
1746715034, 0, 145, 543, 538, 16, 5.95%, 0, 0, 3, 73.50
1746715039, 0, 145, 544, 539, 16, 5.95%, 0, 0, 3, 73.05
1746715049, 0, 145, 546, 541, 16, 5.95%, 0, 0, 3, 71.59
1746715054, 0, 145, 548, 543, 16, 5.95%, 0, 0, 3, 70.37
1746715060, 0, 145, 549, 544, 16, 5.95%, 0, 0, 3, 72.84
1746715111, 0, 145, 550, 545, 16, 5.95%, 0, 0, 3, 71.87
1746715116, 0, 145, 551, 546, 16, 5.95%, 0, 0, 3, 71.40
1746715132, 0, 145, 552, 547, 16, 5.95%, 0, 0, 3, 72.39
1746715147, 0, 145, 553, 548, 16, 5.95%, 0, 0, 3, 71.35
1746715158, 0, 145, 554, 549, 16, 5.95%, 0, 0, 3, 70.99
1746715199, 0, 145, 555, 550, 16, 5.95%, 0, 0, 3, 72.82
1746715204, 0, 145, 557, 552, 16, 5.95%, 0, 0, 3, 70.94
1746715215, 0, 145, 558, 553, 16, 5.95%, 0, 0, 3, 71.94
1746715220, 0, 145, 559, 554, 16, 5.95%, 0, 0, 3, 70.95
1746715225, 0, 145, 560, 555, 16, 5.95%, 0, 0, 3, 68.76
1746715230, 0, 145, 561, 556, 16, 5.95%, 0, 0, 3, 69.80
1746715271, 0, 145, 562, 557, 16, 5.95%, 0, 0, 3, 69.51
1746715312, 0, 205, 562, 556, 14, 5.95%, 0, 0, 3, 68.02
1746715668, 0, 205, 563, 557, 14, 5.95%, 0, 0, 3, 72.47
1746715673, 0, 205, 565, 559, 14, 5.95%, 0, 0, 3, 73.56
1746715704, 0, 205, 566, 560, 14, 5.95%, 0, 0, 3, 74.08
1746715714, 0, 205, 567, 561, 14, 5.95%, 0, 0, 3, 77.24
1746715760, 0, 205, 568, 562, 14, 5.95%, 0, 0, 3, 74.73
1746715765, 0, 205, 569, 563, 14, 5.99%, 0, 0, 3, 74.11
1746715791, 0, 205, 570, 564, 14, 5.99%, 0, 0, 3, 78.52
1746715807, 0, 205, 571, 565, 14, 6.00%, 0, 0, 3, 74.70
1746715812, 0, 205, 572, 566, 14, 6.00%, 0, 0, 3, 75.44
1746715817, 0, 205, 573, 567, 14, 6.00%, 0, 0, 3, 75.39
1746715822, 0, 205, 574, 568, 14, 6.00%, 0, 0, 3, 77.00
1746715853, 0, 205, 576, 570, 14, 6.00%, 0, 0, 3, 74.05
1746715962, 0, 205, 577, 571, 14, 6.00%, 0, 0, 3, 74.59
1746715967, 0, 205, 579, 573, 14, 6.00%, 0, 0, 3, 75.98
1746716055, 0, 205, 580, 574, 14, 6.00%, 0, 0, 3, 75.44
1746716070, 0, 205, 581, 575, 14, 6.00%, 0, 0, 3, 72.57
1746716096, 0, 215, 581, 574, 14, 6.00%, 0, 0, 3, 77.67
1746716295, 0, 241, 581, 573, 13, 6.00%, 0, 0, 3, 86.27
1746716584, 0, 301, 581, 572, 12, 6.00%, 0, 0, 3, 79.76
1746716804, 0, 301, 582, 573, 12, 6.00%, 0, 0, 4, 86.18
1746716824, 0, 301, 583, 574, 12, 6.00%, 0, 0, 4, 87.92
1746716829, 0, 301, 584, 575, 12, 6.00%, 0, 0, 4, 87.70
1746716855, 0, 301, 585, 576, 12, 6.00%, 0, 0, 4, 85.73
1746716860, 0, 301, 586, 577, 12, 6.00%, 0, 0, 4, 87.58
1746716870, 0, 301, 588, 579, 12, 6.00%, 0, 0, 4, 84.51
1746716932, 0, 301, 589, 580, 12, 6.00%, 0, 0, 4, 86.25
1746716942, 0, 301, 590, 581, 12, 6.00%, 0, 0, 4, 87.39
1746717055, 0, 301, 591, 582, 12, 6.00%, 0, 0, 4, 84.22
1746717179, 0, 316, 591, 581, 13, 6.00%, 0, 0, 4, 74.41
1746717523, 0, 317, 591, 580, 13, 6.00%, 0, 0, 4, 74.48
1746717790, 0, 317, 592, 581, 13, 6.00%, 0, 0, 4, 89.08
1746717806, 0, 344, 592, 580, 12, 6.00%, 0, 0, 4, 83.85
1746718071, 0, 344, 593, 581, 12, 6.00%, 0, 0, 4, 73.21
1746718076, 0, 344, 594, 582, 12, 6.00%, 0, 0, 4, 82.48
1746718123, 0, 349, 594, 581, 11, 6.00%, 0, 0, 4, 80.47
1746718378, 0, 362, 594, 580, 10, 6.00%, 0, 0, 4, 77.25
1746718677, 0, 362, 595, 581, 10, 6.00%, 0, 0, 4, 79.94
1746718693, 0, 399, 595, 580, 9, 6.00%, 0, 0, 4, 79.77
1746718928, 0, 435, 595, 579, 8, 6.00%, 0, 0, 4, 72.41
1746718938, 0, 435, 598, 582, 8, 6.00%, 0, 0, 4, 53.86
1746718943, 0, 435, 600, 584, 8, 6.00%, 0, 0, 4, 53.06
1746718969, 0, 435, 601, 585, 8, 6.00%, 0, 0, 4, 53.94
1746719015, 0, 435, 602, 586, 8, 6.00%, 0, 0, 4, 53.18
1746719346, 0, 435, 604, 588, 8, 6.00%, 0, 0, 4, 53.80
1746719428, 0, 435, 610, 594, 8, 6.00%, 0, 0, 4, 59.72
1746719433, 0, 435, 616, 600, 8, 6.00%, 0, 0, 4, 59.57
1746719438, 0, 435, 625, 609, 8, 6.00%, 0, 0, 4, 57.65
1746719443, 0, 435, 628, 612, 8, 6.00%, 0, 0, 4, 60.36
1746719448, 0, 435, 633, 617, 8, 6.00%, 0, 0, 4, 60.40
1746719454, 0, 435, 637, 621, 8, 6.00%, 0, 0, 4, 61.27
1746719459, 0, 435, 638, 622, 8, 6.00%, 0, 0, 4, 62.30
1746719464, 0, 435, 639, 623, 8, 6.00%, 0, 0, 4, 59.95
1746719469, 0, 435, 642, 626, 8, 6.00%, 0, 0, 4, 60.04
1746719479, 0, 435, 644, 628, 8, 6.00%, 0, 0, 4, 60.91
1746719484, 0, 435, 645, 629, 8, 6.00%, 0, 0, 4, 62.19
1746719490, 0, 435, 646, 630, 8, 6.00%, 0, 0, 4, 62.21
1746719500, 0, 435, 647, 631, 8, 6.00%, 0, 0, 4, 62.29
1746719510, 0, 435, 648, 632, 8, 6.00%, 0, 0, 4, 62.68
1746719515, 0, 435, 649, 633, 8, 6.00%, 0, 0, 4, 61.81
1746719525, 0, 435, 650, 634, 8, 6.00%, 0, 0, 4, 61.15
1746719530, 0, 435, 653, 637, 8, 6.00%, 0, 0, 4, 61.85
1746719546, 0, 435, 654, 638, 8, 6.00%, 0, 0, 4, 61.62
1746719551, 0, 435, 655, 639, 8, 6.00%, 0, 0, 4, 61.78
1746719566, 0, 435, 657, 641, 8, 6.00%, 0, 0, 4, 62.32
1746719592, 0, 435, 660, 644, 8, 6.00%, 0, 0, 4, 58.96
1746719597, 0, 435, 661, 645, 8, 6.00%, 0, 0, 4, 60.84
1746719603, 0, 435, 662, 646, 8, 6.00%, 0, 0, 4, 61.05
1746719618, 0, 435, 664, 648, 8, 6.00%, 0, 0, 4, 60.42
1746719623, 0, 435, 665, 649, 8, 6.00%, 0, 0, 4, 60.85
1746719643, 0, 435, 666, 650, 8, 6.00%, 0, 0, 4, 59.75
1746719669, 0, 435, 667, 651, 8, 6.00%, 0, 0, 4, 61.50
1746719689, 0, 435, 668, 652, 8, 6.00%, 0, 0, 4, 63.04
1746719714, 0, 435, 669, 653, 8, 6.00%, 0, 0, 4, 59.44
1746719735, 0, 435, 670, 654, 8, 6.00%, 0, 0, 4, 60.70
1746719771, 0, 435, 671, 655, 8, 6.00%, 0, 0, 4, 61.26
1746719776, 0, 435, 673, 657, 8, 6.00%, 0, 0, 4, 60.79
1746719786, 0, 435, 674, 658, 8, 6.00%, 0, 0, 4, 60.18
1746719811, 0, 435, 675, 659, 8, 6.00%, 0, 0, 4, 60.76
1746719817, 0, 435, 676, 660, 8, 6.00%, 0, 0, 4, 61.45
1746719822, 0, 435, 677, 661, 8, 6.00%, 0, 0, 4, 62.08
1746719827, 0, 435, 678, 662, 8, 6.00%, 0, 0, 4, 60.45
1746719898, 0, 435, 679, 663, 8, 6.00%, 0, 0, 4, 62.22
1746719908, 0, 435, 680, 664, 8, 6.00%, 0, 0, 4, 61.02
1746719924, 0, 435, 681, 665, 8, 6.00%, 0, 0, 4, 59.82
1746719955, 0, 435, 682, 666, 8, 6.00%, 0, 0, 4, 61.13
1746719960, 0, 435, 683, 667, 8, 6.00%, 0, 0, 4, 60.34
1746719970, 0, 467, 683, 666, 9, 6.00%, 0, 0, 4, 58.38
1746720559, 0, 472, 683, 665, 8, 6.00%, 0, 0, 4, 49.90
1746721698, 0, 472, 684, 666, 8, 6.00%, 0, 0, 4, 47.98
1746721708, 0, 472, 685, 667, 8, 6.00%, 0, 0, 4, 48.07
1746721713, 0, 472, 686, 668, 8, 6.00%, 0, 0, 4, 48.72
1746721733, 0, 472, 687, 669, 8, 6.00%, 0, 0, 4, 48.67
1746721738, 0, 472, 689, 671, 8, 6.00%, 0, 0, 4, 47.46
1746721743, 0, 472, 690, 672, 8, 6.00%, 0, 0, 4, 48.93
1746721748, 0, 472, 691, 673, 8, 6.00%, 0, 0, 4, 49.17
1746721759, 0, 472, 692, 674, 8, 6.00%, 0, 0, 4, 48.62
1746721764, 0, 472, 693, 675, 8, 6.00%, 0, 0, 4, 48.73
1746721794, 0, 472, 695, 677, 8, 6.00%, 0, 0, 4, 49.62
1746721799, 0, 472, 697, 679, 8, 6.00%, 0, 0, 4, 48.19
1746721814, 0, 472, 698, 680, 8, 6.00%, 0, 0, 4, 50.47
1746721824, 0, 472, 699, 681, 8, 6.00%, 0, 0, 4, 49.61
1746721850, 0, 472, 700, 682, 8, 6.00%, 0, 0, 4, 49.28
1746721865, 0, 472, 702, 684, 8, 6.00%, 0, 0, 4, 47.97
1746721880, 0, 472, 703, 685, 8, 6.00%, 0, 0, 4, 49.92
1746721885, 0, 472, 704, 686, 8, 6.00%, 0, 0, 4, 48.80
1746721895, 0, 472, 705, 687, 8, 6.00%, 0, 0, 4, 47.24
1746721920, 0, 472, 706, 688, 8, 6.00%, 0, 0, 4, 49.14
1746722001, 0, 472, 707, 689, 8, 6.00%, 0, 0, 4, 49.83
1746722077, 0, 472, 708, 690, 8, 6.00%, 0, 0, 4, 49.21
1746722118, 0, 472, 709, 691, 8, 6.00%, 0, 0, 4, 49.04
1746722159, 0, 472, 710, 692, 8, 6.00%, 0, 0, 4, 48.10
1746722184, 0, 472, 711, 693, 8, 6.00%, 0, 0, 4, 48.29
1746722199, 0, 476, 711, 692, 8, 6.00%, 0, 0, 4, 45.33
1746723097, 0, 476, 712, 693, 8, 6.01%, 0, 0, 4, 46.75
1746723112, 0, 476, 713, 694, 8, 6.01%, 0, 0, 4, 47.98
1746723117, 0, 476, 714, 695, 8, 6.01%, 0, 0, 4, 48.21
1746723157, 0, 476, 715, 696, 8, 6.01%, 0, 0, 4, 48.12
1746723163, 0, 476, 716, 697, 8, 6.01%, 0, 0, 4, 48.48
1746723173, 0, 476, 717, 698, 8, 6.01%, 0, 0, 4, 48.87
1746723178, 0, 476, 718, 699, 8, 6.01%, 0, 0, 4, 48.75
1746723183, 0, 476, 719, 700, 8, 6.01%, 0, 0, 4, 47.12
1746723188, 0, 476, 720, 701, 8, 6.01%, 0, 0, 4, 45.92
1746723223, 0, 476, 721, 702, 8, 6.01%, 0, 0, 4, 48.19
1746723244, 0, 476, 722, 703, 8, 6.01%, 0, 0, 4, 49.15
1746723269, 0, 476, 723, 704, 8, 6.01%, 0, 0, 4, 46.53
1746723279, 0, 476, 724, 705, 8, 6.01%, 0, 0, 4, 47.52
1746723294, 0, 476, 725, 706, 8, 6.01%, 0, 0, 4, 46.55
1746723360, 0, 476, 726, 707, 8, 6.01%, 0, 0, 4, 48.36
1746723375, 0, 476, 727, 708, 8, 6.01%, 0, 0, 4, 48.28
1746723421, 0, 476, 728, 709, 8, 6.01%, 0, 0, 4, 48.31
1746723431, 0, 476, 729, 710, 8, 6.01%, 0, 0, 4, 47.77
1746723517, 0, 476, 730, 711, 8, 6.01%, 0, 0, 4, 49.06
1746723552, 0, 476, 731, 712, 8, 6.08%, 0, 0, 4, 47.80
1746723603, 0, 520, 731, 711, 8, 6.08%, 0, 0, 4, 54.75
1746723940, 0, 553, 731, 710, 8, 6.08%, 0, 0, 4, 61.60
1746724312, 0, 588, 731, 709, 8, 6.08%, 0, 0, 4, 69.55
1746724603, 0, 608, 731, 708, 7, 6.08%, 0, 0, 4, 72.31
1746725227, 0, 608, 732, 709, 7, 6.08%, 0, 0, 5, 61.27
1746725232, 0, 608, 733, 710, 7, 6.08%, 0, 0, 5, 62.22
1746725355, 0, 643, 733, 709, 6, 6.08%, 0, 0, 5, 63.09
1746725868, 0, 655, 733, 708, 5, 6.08%, 0, 0, 5, 50.05
1746726844, 0, 655, 735, 710, 5, 6.08%, 0, 0, 5, 44.25
1746726849, 0, 655, 736, 711, 5, 6.08%, 0, 0, 5, 45.37
1746726855, 0, 655, 738, 713, 5, 6.08%, 0, 0, 5, 46.58
1746726860, 0, 655, 740, 715, 5, 6.08%, 0, 0, 5, 46.80
1746726865, 0, 655, 742, 717, 5, 6.08%, 0, 0, 5, 46.57
1746726870, 0, 655, 743, 718, 5, 6.09%, 0, 0, 5, 46.86
1746726880, 0, 655, 744, 719, 5, 6.09%, 0, 0, 5, 46.72
1746726885, 0, 655, 745, 720, 5, 6.09%, 0, 0, 5, 46.76
1746726890, 0, 655, 746, 721, 5, 6.29%, 0, 0, 5, 47.59
1746726895, 0, 655, 748, 723, 5, 6.29%, 0, 0, 5, 48.58
1746726900, 0, 655, 750, 725, 5, 6.30%, 0, 0, 5, 45.66
1746726905, 0, 655, 751, 726, 5, 6.30%, 0, 0, 5, 46.47
1746726910, 0, 655, 752, 727, 5, 6.30%, 0, 0, 5, 46.43
1746726931, 0, 655, 753, 728, 5, 6.37%, 0, 0, 5, 46.78
1746726941, 0, 655, 755, 730, 5, 6.37%, 0, 0, 5, 46.33
1746726951, 0, 655, 757, 732, 5, 6.37%, 0, 0, 5, 45.33
1746726966, 0, 655, 759, 734, 5, 6.37%, 0, 0, 5, 44.66
1746726971, 0, 655, 760, 735, 5, 6.37%, 0, 0, 5, 45.89
1746727002, 0, 655, 761, 736, 5, 6.37%, 0, 0, 5, 47.37
1746727032, 0, 655, 763, 738, 5, 6.37%, 0, 0, 5, 47.11
1746727062, 0, 655, 764, 739, 5, 6.37%, 0, 0, 5, 48.93
1746727082, 0, 655, 765, 740, 5, 6.37%, 0, 0, 5, 47.13
1746727123, 0, 655, 766, 741, 5, 6.37%, 0, 0, 5, 46.81
1746727143, 0, 655, 767, 742, 5, 6.37%, 0, 0, 5, 46.54
1746727148, 0, 655, 768, 743, 5, 6.37%, 0, 0, 5, 46.03
1746727174, 0, 655, 769, 744, 5, 6.37%, 0, 0, 5, 47.46
1746727219, 0, 655, 770, 745, 5, 6.37%, 0, 0, 5, 46.00
1746727255, 0, 655, 771, 746, 5, 6.37%, 0, 0, 5, 47.14
1746727260, 0, 655, 772, 747, 5, 6.37%, 0, 0, 5, 45.75
1746727265, 0, 655, 773, 748, 5, 6.37%, 0, 0, 5, 47.06
1746727305, 0, 655, 774, 749, 5, 6.37%, 0, 0, 5, 47.72
1746727320, 0, 655, 775, 750, 5, 6.37%, 0, 0, 5, 46.79
1746727330, 0, 655, 776, 751, 5, 6.37%, 0, 0, 5, 46.56
1746727371, 0, 724, 776, 750, 8, 6.37%, 0, 0, 5, 37.20
1746727391, 0, 724, 777, 751, 8, 6.37%, 0, 0, 5, 33.42
1746727396, 0, 724, 778, 752, 8, 6.37%, 0, 0, 5, 33.75
1746727619, 0, 724, 779, 753, 8, 6.37%, 0, 0, 5, 33.64
1746727624, 0, 724, 780, 754, 8, 6.37%, 0, 0, 5, 33.49
1746727629, 0, 724, 781, 755, 8, 6.37%, 0, 0, 5, 33.64
1746728601, 0, 724, 782, 756, 8, 6.37%, 0, 0, 5, 33.46
1746728878, 0, 724, 785, 759, 8, 6.37%, 0, 0, 5, 35.90
1746728883, 0, 724, 787, 761, 8, 6.37%, 0, 0, 5, 37.84
1746728888, 0, 724, 788, 762, 8, 6.37%, 0, 0, 5, 38.08
1746728893, 0, 724, 789, 763, 8, 6.37%, 0, 0, 5, 38.21
1746728899, 0, 724, 791, 765, 8, 6.37%, 0, 0, 5, 37.53
1746728904, 0, 724, 793, 767, 8, 6.38%, 0, 0, 5, 37.41
1746728909, 0, 724, 794, 768, 8, 6.39%, 0, 0, 5, 37.52
1746728914, 0, 724, 796, 770, 8, 6.39%, 0, 0, 5, 37.38
1746728919, 0, 724, 798, 772, 8, 6.39%, 0, 0, 5, 37.18
1746728929, 0, 724, 799, 773, 8, 6.39%, 0, 0, 5, 38.09
1746728934, 0, 724, 800, 774, 8, 6.39%, 0, 0, 5, 38.24
1746728940, 0, 724, 801, 775, 8, 6.39%, 0, 0, 5, 37.92
1746728945, 0, 724, 802, 776, 8, 6.40%, 0, 0, 5, 37.93
1746728950, 0, 724, 803, 777, 8, 6.40%, 0, 0, 5, 38.59
1746728955, 0, 724, 804, 778, 8, 6.40%, 0, 0, 5, 37.19
1746728960, 0, 724, 806, 780, 8, 6.40%, 0, 0, 5, 37.67
1746728965, 0, 724, 807, 781, 8, 6.40%, 0, 0, 5, 37.41
1746728970, 0, 724, 808, 782, 8, 6.40%, 0, 0, 5, 37.99
1746728975, 0, 724, 809, 783, 8, 6.40%, 0, 0, 5, 38.32
1746728980, 0, 724, 812, 786, 8, 6.40%, 0, 0, 5, 37.51
1746728996, 0, 724, 813, 787, 8, 6.40%, 0, 0, 5, 37.72
1746729001, 0, 724, 814, 788, 8, 6.40%, 0, 0, 5, 37.27
1746729006, 0, 724, 816, 790, 8, 6.41%, 0, 0, 5, 36.63
1746729011, 0, 724, 818, 792, 8, 6.41%, 0, 0, 5, 37.16
1746729016, 0, 724, 820, 794, 8, 6.41%, 0, 0, 5, 36.47
1746729032, 0, 724, 822, 796, 8, 6.41%, 0, 0, 5, 38.30
1746729047, 0, 724, 823, 797, 8, 6.41%, 0, 0, 5, 38.06
1746729057, 0, 724, 825, 799, 8, 6.41%, 0, 0, 5, 38.02
1746729062, 0, 724, 827, 801, 8, 6.41%, 0, 0, 5, 38.15
1746729083, 0, 724, 830, 804, 8, 6.41%, 0, 0, 5, 38.06
1746729088, 0, 724, 831, 805, 8, 6.41%, 0, 0, 5, 37.33
1746729093, 0, 724, 832, 806, 8, 6.41%, 0, 0, 5, 37.95
1746729103, 0, 724, 833, 807, 8, 6.41%, 0, 0, 5, 37.29
1746729113, 0, 724, 834, 808, 8, 6.41%, 0, 0, 5, 37.81
1746729119, 0, 724, 835, 809, 8, 6.41%, 0, 0, 5, 38.01
1746729129, 0, 724, 836, 810, 8, 6.41%, 0, 0, 5, 38.26
1746729144, 0, 724, 837, 811, 8, 6.41%, 0, 0, 5, 37.42
1746729149, 0, 724, 838, 812, 8, 6.41%, 0, 0, 5, 37.76
1746729154, 0, 724, 839, 813, 8, 6.41%, 0, 0, 5, 39.04
1746729159, 0, 724, 840, 814, 8, 6.41%, 0, 0, 5, 37.92
1746729164, 0, 724, 841, 815, 8, 6.41%, 0, 0, 5, 37.86
1746729170, 0, 724, 842, 816, 8, 6.41%, 0, 0, 5, 38.08
1746729185, 0, 724, 843, 817, 8, 6.41%, 0, 0, 5, 37.50
1746729190, 0, 724, 845, 819, 8, 6.41%, 0, 0, 5, 37.12
1746729200, 0, 724, 846, 820, 8, 6.41%, 0, 0, 5, 37.08
1746729206, 0, 724, 847, 821, 8, 6.41%, 0, 0, 5, 38.16
1746729226, 0, 724, 848, 822, 8, 6.41%, 0, 0, 5, 38.64
1746729246, 0, 724, 849, 823, 8, 6.41%, 0, 0, 5, 38.79
1746729282, 0, 724, 850, 824, 8, 6.41%, 0, 0, 5, 38.20
1746729293, 0, 724, 851, 825, 8, 6.41%, 0, 0, 5, 38.14
1746729308, 0, 724, 852, 826, 8, 6.41%, 0, 0, 5, 38.17
1746729318, 0, 724, 853, 827, 8, 6.41%, 0, 0, 5, 36.94
1746729344, 0, 724, 854, 828, 8, 6.41%, 0, 0, 5, 37.77
1746729359, 0, 724, 855, 829, 8, 6.41%, 0, 0, 5, 38.18
1746729390, 0, 724, 856, 830, 8, 6.41%, 0, 0, 5, 37.75
1746729426, 0, 724, 857, 831, 8, 6.41%, 0, 0, 5, 37.69
1746729441, 0, 724, 859, 833, 8, 6.41%, 0, 0, 5, 37.47
1746729457, 0, 724, 860, 834, 8, 6.41%, 0, 0, 5, 37.98
1746729462, 0, 724, 861, 835, 8, 6.42%, 0, 0, 5, 38.70
1746729467, 0, 724, 862, 836, 8, 6.42%, 0, 0, 5, 38.24
1746729472, 0, 724, 863, 837, 8, 6.42%, 0, 0, 5, 37.07
1746729482, 0, 724, 864, 838, 8, 6.42%, 0, 0, 5, 38.63
1746729487, 0, 724, 865, 839, 8, 6.42%, 0, 0, 5, 39.20
1746729493, 0, 724, 866, 840, 8, 6.42%, 0, 0, 5, 38.92
1746729528, 0, 724, 867, 841, 8, 6.42%, 0, 0, 5, 39.63
1746729538, 0, 742, 867, 840, 11, 6.42%, 0, 0, 5, 39.69
1746729574, 0, 742, 868, 841, 11, 6.42%, 0, 0, 6, 36.99
1746729697, 0, 742, 869, 842, 11, 6.42%, 0, 0, 6, 37.42
1746730598, 0, 742, 870, 843, 11, 6.42%, 0, 0, 6, 37.65
1746730767, 0, 742, 873, 846, 11, 6.42%, 0, 0, 6, 43.80
1746730772, 0, 742, 875, 848, 11, 6.42%, 0, 0, 6, 42.90
1746730782, 0, 742, 876, 849, 11, 6.42%, 0, 0, 6, 43.23
1746730787, 0, 742, 877, 850, 11, 6.42%, 0, 0, 6, 43.61
1746730798, 0, 742, 878, 851, 11, 6.42%, 0, 0, 6, 41.82
1746730803, 0, 742, 879, 852, 11, 6.42%, 0, 0, 6, 42.93
1746730884, 0, 742, 880, 853, 11, 6.42%, 0, 0, 6, 42.02
1746730889, 0, 742, 881, 854, 11, 6.42%, 0, 0, 6, 42.53
1746730894, 0, 742, 882, 855, 11, 6.42%, 0, 0, 6, 44.15
1746730899, 0, 742, 883, 856, 11, 6.42%, 0, 0, 6, 41.20
1746730914, 0, 742, 884, 857, 11, 6.42%, 0, 0, 6, 43.13
1746730925, 0, 742, 885, 858, 11, 6.42%, 0, 0, 6, 42.36
1746730935, 0, 742, 886, 859, 11, 6.42%, 0, 0, 6, 41.40
1746730945, 0, 742, 887, 860, 11, 6.43%, 0, 0, 6, 41.64
1746731016, 0, 742, 888, 861, 11, 6.43%, 0, 0, 6, 42.53
1746731041, 0, 742, 889, 862, 11, 6.43%, 0, 0, 6, 41.89
1746731052, 0, 742, 890, 863, 11, 6.43%, 0, 0, 6, 42.61
1746731107, 0, 742, 891, 864, 11, 6.43%, 0, 0, 6, 42.98
1746731138, 0, 742, 892, 865, 11, 6.43%, 0, 0, 6, 42.32
1746731148, 0, 742, 893, 866, 11, 6.43%, 0, 0, 6, 42.09
1746731199, 0, 742, 894, 867, 11, 6.43%, 0, 0, 6, 43.00
1746731214, 0, 742, 895, 868, 11, 6.43%, 0, 0, 6, 43.35
1746731229, 0, 742, 896, 869, 11, 6.43%, 0, 0, 6, 41.85
1746731326, 0, 754, 896, 868, 14, 6.43%, 0, 0, 6, 42.86
1746732451, 0, 793, 896, 867, 13, 6.43%, 0, 0, 6, 31.30
1746732482, 0, 793, 898, 869, 13, 6.43%, 0, 0, 6, 24.36
1746734841, 0, 793, 899, 870, 13, 6.43%, 0, 0, 6, 23.95
1746735557, 0, 793, 903, 874, 13, 6.43%, 0, 0, 6, 25.70
1746735562, 0, 793, 908, 879, 13, 6.43%, 0, 0, 6, 26.79
1746735568, 0, 793, 914, 885, 13, 6.43%, 0, 0, 6, 26.76
1746735573, 0, 793, 919, 890, 13, 6.43%, 0, 0, 6, 26.62
1746735578, 0, 793, 921, 892, 13, 6.43%, 0, 0, 6, 26.77
1746735583, 0, 793, 922, 893, 13, 6.43%, 0, 0, 6, 26.94
1746735588, 0, 793, 924, 895, 13, 6.43%, 0, 0, 6, 27.57
1746735593, 0, 793, 927, 898, 13, 6.43%, 0, 0, 6, 27.02
1746735608, 0, 793, 928, 899, 13, 6.43%, 0, 0, 6, 27.23
1746735614, 0, 793, 931, 902, 13, 6.43%, 0, 0, 6, 27.37
1746735619, 0, 793, 933, 904, 13, 6.43%, 0, 0, 6, 26.59
1746735624, 0, 793, 935, 906, 13, 6.43%, 0, 0, 6, 27.01
1746735644, 0, 793, 936, 907, 13, 6.43%, 0, 0, 6, 27.03
1746735649, 0, 793, 938, 909, 13, 6.43%, 0, 0, 6, 28.02
1746735669, 0, 793, 939, 910, 13, 6.43%, 0, 0, 6, 26.89
1746735695, 0, 793, 940, 911, 13, 6.43%, 0, 0, 6, 27.38
1746735705, 0, 793, 941, 912, 13, 6.43%, 0, 0, 6, 27.31
1746735715, 0, 793, 942, 913, 13, 6.43%, 0, 0, 6, 27.07
1746735735, 0, 793, 943, 914, 13, 6.43%, 0, 0, 6, 27.27
1746735746, 0, 793, 944, 915, 13, 6.43%, 0, 0, 6, 27.70
1746735776, 0, 793, 946, 917, 13, 6.43%, 0, 0, 6, 26.34
1746735801, 0, 793, 947, 918, 13, 6.43%, 0, 0, 6, 27.02
1746735847, 0, 793, 948, 919, 13, 6.43%, 0, 0, 6, 27.48
1746735908, 0, 793, 949, 920, 13, 6.43%, 0, 0, 6, 27.08
1746735923, 0, 793, 950, 921, 13, 6.43%, 0, 0, 6, 26.31
1746736000, 0, 793, 951, 922, 13, 6.43%, 0, 0, 6, 28.17
1746736046, 0, 793, 952, 923, 13, 6.43%, 0, 0, 6, 27.95
1746736107, 0, 793, 953, 924, 13, 6.43%, 0, 0, 6, 27.37
1746736142, 0, 793, 954, 925, 13, 6.43%, 0, 0, 6, 27.28
1746736259, 0, 793, 955, 926, 13, 6.43%, 0, 0, 6, 27.01
1746736285, 0, 793, 956, 927, 13, 6.43%, 0, 0, 6, 27.43
1746736386, 0, 793, 957, 928, 13, 6.45%, 0, 0, 6, 26.80
1746736391, 0, 793, 958, 929, 13, 6.45%, 0, 0, 6, 27.02
1746736407, 0, 793, 959, 930, 13, 6.45%, 0, 0, 6, 27.13
1746736458, 0, 793, 960, 931, 13, 6.45%, 0, 0, 6, 27.87
1746736534, 0, 793, 961, 932, 13, 6.45%, 0, 0, 6, 27.80
1746736539, 0, 793, 962, 933, 13, 6.45%, 0, 0, 6, 27.95
1746736703, 0, 793, 963, 934, 13, 6.45%, 0, 0, 6, 27.05
1746736723, 0, 793, 964, 935, 13, 6.45%, 0, 0, 6, 27.03
1746736769, 0, 795, 964, 934, 13, 6.45%, 0, 0, 6, 29.23
1746739171, 0, 860, 964, 933, 13, 6.45%, 0, 0, 6, 33.12
1746739222, 0, 860, 965, 934, 13, 6.45%, 0, 0, 6, 31.27
1746739227, 0, 860, 967, 936, 13, 6.45%, 0, 0, 6, 31.28
1746739252, 0, 860, 968, 937, 13, 6.45%, 0, 0, 6, 31.09
1746739381, 0, 860, 969, 938, 13, 6.45%, 0, 0, 6, 33.06
1746739453, 0, 860, 970, 939, 13, 6.45%, 0, 0, 6, 31.89
1746739459, 0, 860, 971, 940, 13, 6.45%, 0, 0, 6, 32.42
1746739474, 0, 860, 972, 941, 13, 6.45%, 0, 0, 6, 31.93
1746740693, 0, 860, 973, 942, 13, 6.45%, 0, 0, 6, 31.29
1746740919, 0, 860, 974, 943, 13, 6.45%, 0, 0, 6, 33.83
1746740940, 0, 860, 976, 945, 13, 6.45%, 0, 0, 6, 36.26
1746740945, 0, 860, 977, 946, 13, 6.45%, 0, 0, 6, 35.18
1746740961, 0, 860, 979, 948, 13, 6.45%, 0, 0, 6, 36.63
1746740966, 0, 860, 980, 949, 13, 6.45%, 0, 0, 6, 35.67
1746741007, 0, 860, 981, 950, 13, 6.45%, 0, 0, 6, 35.13
1746741027, 0, 860, 982, 951, 13, 6.45%, 0, 0, 6, 35.93
1746741032, 0, 860, 983, 952, 13, 6.45%, 0, 0, 6, 35.63
1746741037, 0, 860, 985, 954, 13, 6.45%, 0, 0, 6, 35.55
1746741083, 0, 860, 987, 956, 13, 6.45%, 0, 0, 6, 35.79
1746741170, 0, 860, 989, 958, 13, 6.45%, 0, 0, 6, 34.72
1746741277, 0, 860, 990, 959, 13, 6.45%, 0, 0, 6, 35.69
1746741313, 0, 860, 991, 960, 13, 6.45%, 0, 0, 6, 35.46
1746741400, 0, 860, 992, 961, 13, 6.45%, 0, 0, 6, 35.75
1746741456, 0, 860, 993, 962, 13, 6.45%, 0, 0, 6, 35.92
1746741497, 0, 860, 994, 963, 13, 6.45%, 0, 0, 6, 35.16
1746741600, 0, 860, 995, 964, 13, 6.45%, 0, 0, 6, 35.67
1746741605, 0, 865, 995, 963, 14, 6.45%, 0, 0, 6, 37.08
1746742627, 0, 869, 995, 962, 12, 6.45%, 0, 0, 6, 44.70
1746743886, 0, 874, 995, 961, 11, 6.45%, 0, 0, 6, 41.51
1746745438, 0, 874, 996, 962, 11, 6.45%, 0, 0, 7, 39.63
1746745529, 0, 876, 996, 961, 10, 6.45%, 0, 0, 7, 39.75
1746745728, 0, 876, 997, 962, 10, 6.45%, 0, 0, 7, 37.45
1746746492, 0, 876, 998, 963, 10, 6.45%, 0, 0, 7, 38.06
1746746768, 0, 881, 998, 962, 9, 6.45%, 0, 0, 7, 40.21
1746747968, 0, 884, 998, 961, 8, 6.45%, 0, 0, 7, 38.21
1746749589, 0, 892, 998, 960, 7, 6.45%, 0, 0, 7, 40.98
1746750508, 0, 892, 999, 961, 7, 6.45%, 0, 0, 7, 44.87
1746750518, 0, 892, 1000, 962, 7, 6.45%, 0, 0, 7, 49.29
1746750680, 0, 907, 1000, 961, 7, 6.45%, 0, 0, 7, 41.44
1746753731, 0, 956, 1000, 960, 6, 6.45%, 0, 0, 7, 22.86
1746753771, 0, 956, 1002, 962, 6, 6.45%, 0, 0, 7, 19.17
