# unix_time, cycles_done, cur_path, paths_total, pending_total, pending_favs, map_size, unique_crashes, unique_hangs, max_depth, execs_per_sec
1746558726, 0, 0, 1, 1, 1, 4.97%, 0, 0, 1, 42.11
1746558731, 0, 0, 26, 26, 1, 5.11%, 0, 0, 2, 43.71
1746558737, 0, 0, 53, 53, 1, 5.11%, 0, 0, 2, 45.74
1746558742, 0, 0, 79, 79, 1, 5.11%, 0, 0, 2, 45.75
1746558747, 0, 0, 91, 91, 1, 6.51%, 0, 0, 2, 8.83
1746558752, 0, 0, 106, 106, 1, 6.52%, 0, 0, 2, 22.51
1746558757, 0, 0, 123, 123, 1, 6.52%, 0, 0, 2, 30.62
1746558762, 0, 0, 136, 136, 1, 6.53%, 0, 0, 2, 26.11
1746558767, 0, 0, 149, 149, 1, 6.53%, 0, 0, 2, 23.01
1746558772, 0, 0, 162, 162, 1, 6.53%, 0, 0, 2, 25.63
1746558777, 0, 0, 173, 173, 1, 6.53%, 0, 0, 2, 23.65
1746558783, 0, 0, 184, 184, 1, 6.54%, 0, 0, 2, 24.53
1746558788, 0, 0, 192, 192, 1, 6.76%, 0, 0, 2, 19.02
1746558793, 0, 0, 201, 201, 1, 6.78%, 0, 0, 2, 19.34
1746558798, 0, 0, 206, 206, 1, 6.78%, 0, 0, 2, 15.70
1746558803, 0, 0, 213, 213, 1, 6.78%, 0, 0, 2, 15.47
1746558808, 0, 0, 223, 223, 1, 6.78%, 0, 0, 2, 20.80
1746558813, 0, 0, 229, 229, 1, 6.79%, 0, 0, 2, 13.79
1746558819, 0, 0, 234, 234, 1, 6.80%, 0, 0, 2, 10.90
1746558824, 0, 0, 242, 242, 1, 6.80%, 0, 0, 2, 11.76
1746558829, 0, 0, 253, 253, 1, 6.80%, 0, 0, 2, 20.67
1746558834, 0, 0, 260, 260, 1, 6.80%, 0, 0, 2, 18.07
1746558839, 0, 0, 269, 269, 1, 6.80%, 0, 0, 2, 16.10
1746558844, 0, 0, 274, 274, 1, 6.80%, 0, 0, 2, 11.83
1746558849, 0, 0, 281, 281, 1, 6.80%, 0, 0, 2, 15.52
1746558854, 0, 0, 286, 286, 1, 6.80%, 0, 0, 2, 13.20
1746558860, 0, 0, 291, 291, 1, 6.80%, 0, 0, 2, 13.93
1746558865, 0, 0, 297, 297, 1, 6.80%, 0, 0, 2, 15.40
1746558870, 0, 0, 303, 303, 1, 6.80%, 0, 0, 2, 15.07
1746558875, 0, 0, 311, 311, 1, 6.80%, 0, 0, 2, 18.48
1746558880, 0, 0, 319, 319, 1, 6.80%, 0, 0, 2, 17.93
1746558885, 0, 0, 324, 324, 1, 6.80%, 0, 0, 2, 13.93
1746558890, 0, 0, 331, 331, 1, 6.80%, 0, 0, 2, 13.91
1746558895, 0, 0, 338, 338, 1, 6.80%, 0, 0, 2, 15.97
1746558901, 0, 0, 346, 346, 1, 6.80%, 0, 0, 2, 17.22
1746558906, 0, 0, 354, 354, 1, 6.80%, 0, 0, 2, 18.14
1746558911, 0, 0, 363, 363, 1, 6.80%, 0, 0, 2, 17.53
1746558916, 0, 0, 371, 371, 1, 6.80%, 0, 0, 2, 17.31
1746558921, 0, 0, 378, 378, 1, 6.80%, 0, 0, 2, 15.37
1746558926, 0, 0, 384, 384, 1, 6.80%, 0, 0, 2, 15.85
1746558931, 0, 0, 391, 391, 1, 6.80%, 0, 0, 2, 16.51
1746558936, 0, 0, 398, 398, 1, 6.80%, 0, 0, 2, 14.82
1746558941, 0, 0, 404, 404, 1, 6.80%, 0, 0, 2, 14.22
1746558947, 0, 0, 410, 410, 1, 6.80%, 0, 0, 2, 16.33
1746558952, 0, 0, 415, 415, 1, 6.80%, 0, 0, 2, 16.25
1746558957, 0, 0, 423, 423, 1, 6.81%, 0, 0, 2, 16.24
1746558962, 0, 0, 430, 430, 1, 6.81%, 0, 0, 2, 16.99
1746558967, 0, 0, 435, 435, 1, 6.81%, 0, 0, 2, 13.76
1746558972, 0, 0, 439, 439, 1, 6.81%, 0, 0, 2, 11.18
1746558977, 0, 0, 446, 446, 1, 6.81%, 0, 0, 2, 13.96
1746558983, 0, 0, 453, 453, 1, 6.81%, 0, 0, 2, 18.00
1746558988, 0, 0, 458, 458, 1, 6.81%, 0, 0, 2, 15.76
1746558993, 0, 0, 465, 465, 1, 6.81%, 0, 0, 2, 18.54
1746558998, 0, 0, 471, 471, 1, 6.81%, 0, 0, 2, 17.24
1746559003, 0, 0, 475, 475, 1, 6.81%, 0, 0, 2, 15.86
1746559008, 0, 0, 480, 480, 1, 6.81%, 0, 0, 2, 18.45
1746559013, 0, 0, 486, 486, 1, 6.81%, 0, 0, 2, 18.30
1746559018, 0, 0, 491, 491, 1, 6.81%, 0, 0, 2, 14.61
1746559023, 0, 0, 497, 497, 1, 6.81%, 0, 0, 2, 15.14
1746559028, 0, 0, 504, 504, 1, 6.81%, 0, 0, 2, 16.24
1746559034, 0, 0, 510, 510, 1, 6.81%, 0, 0, 2, 16.63
1746559039, 0, 0, 513, 513, 1, 6.81%, 0, 0, 2, 18.47
1746559044, 0, 0, 518, 518, 1, 6.81%, 0, 0, 2, 16.63
1746559049, 0, 0, 522, 522, 1, 6.81%, 0, 0, 2, 17.81
1746559054, 0, 0, 525, 525, 1, 6.81%, 0, 0, 2, 13.71
1746559059, 0, 0, 529, 529, 1, 6.81%, 0, 0, 2, 16.28
1746559064, 0, 0, 534, 534, 1, 6.81%, 0, 0, 2, 13.96
1746559069, 0, 0, 539, 539, 1, 6.81%, 0, 0, 2, 17.78
1746559075, 0, 0, 545, 545, 1, 6.81%, 0, 0, 2, 16.30
1746559080, 0, 0, 550, 550, 1, 6.81%, 0, 0, 2, 15.34
1746559085, 0, 0, 554, 554, 1, 6.81%, 0, 0, 2, 20.72
1746559090, 0, 0, 558, 558, 1, 6.81%, 0, 0, 2, 18.61
1746559095, 0, 0, 563, 563, 1, 6.81%, 0, 0, 2, 16.84
1746559101, 0, 0, 567, 567, 1, 6.81%, 0, 0, 2, 15.18
1746559106, 0, 0, 571, 571, 1, 6.81%, 0, 0, 2, 19.04
1746559111, 0, 0, 573, 573, 1, 6.81%, 0, 0, 2, 17.84
1746559116, 0, 0, 577, 577, 1, 6.81%, 0, 0, 2, 18.00
1746559121, 0, 0, 582, 582, 1, 6.81%, 0, 0, 2, 20.24
1746559126, 0, 0, 585, 585, 1, 6.81%, 0, 0, 2, 23.87
1746559132, 0, 0, 590, 590, 1, 6.81%, 0, 0, 2, 18.51
1746559137, 0, 0, 592, 592, 1, 6.81%, 0, 0, 2, 22.70
1746559142, 0, 0, 594, 594, 1, 6.81%, 0, 0, 2, 23.90
1746559147, 0, 0, 597, 597, 1, 6.81%, 0, 0, 2, 17.48
1746559152, 0, 0, 600, 600, 1, 6.81%, 0, 0, 2, 19.44
1746559157, 0, 0, 602, 602, 1, 6.81%, 0, 0, 2, 16.73
1746559167, 0, 0, 604, 604, 1, 6.81%, 0, 0, 2, 20.54
1746559173, 0, 0, 605, 605, 1, 6.81%, 0, 0, 2, 21.28
1746559178, 0, 0, 607, 607, 1, 6.81%, 0, 0, 2, 20.35
1746559183, 0, 0, 610, 610, 1, 6.81%, 0, 0, 2, 19.27
1746559188, 0, 0, 612, 612, 1, 6.81%, 0, 0, 2, 20.61
1746559193, 0, 0, 614, 614, 1, 6.81%, 0, 0, 2, 22.14
1746559198, 0, 0, 617, 617, 1, 6.81%, 0, 0, 2, 18.01
1746559203, 0, 0, 618, 618, 1, 6.81%, 0, 0, 2, 24.49
1746559208, 0, 0, 621, 621, 1, 6.81%, 0, 0, 2, 18.58
1746559214, 0, 0, 624, 624, 1, 6.81%, 0, 0, 2, 19.47
1746559219, 0, 0, 625, 625, 1, 6.81%, 0, 0, 2, 18.31
1746559224, 0, 0, 626, 626, 1, 6.81%, 0, 0, 2, 21.65
1746559229, 0, 0, 627, 627, 1, 6.81%, 0, 0, 2, 19.91
1746559234, 0, 0, 629, 629, 1, 6.81%, 0, 0, 2, 24.46
1746559239, 0, 0, 631, 631, 1, 6.81%, 0, 0, 2, 18.36
1746559244, 0, 0, 633, 633, 1, 6.81%, 0, 0, 2, 18.50
1746559249, 0, 0, 638, 638, 1, 6.81%, 0, 0, 2, 15.45
1746559254, 0, 0, 642, 642, 1, 6.81%, 0, 0, 2, 13.98
1746559260, 0, 0, 644, 644, 1, 6.81%, 0, 0, 2, 14.90
1746559265, 0, 0, 645, 645, 1, 6.81%, 0, 0, 2, 19.88
1746559270, 0, 0, 647, 647, 1, 6.81%, 0, 0, 2, 19.36
1746559275, 0, 0, 650, 650, 1, 6.81%, 0, 0, 2, 20.29
1746559280, 0, 0, 652, 652, 1, 6.81%, 0, 0, 2, 20.44
1746559285, 0, 0, 654, 654, 1, 6.81%, 0, 0, 2, 18.99
1746559291, 0, 0, 656, 656, 1, 6.81%, 0, 0, 2, 18.66
1746559296, 0, 0, 658, 658, 1, 6.81%, 0, 0, 2, 20.70
1746559301, 0, 0, 659, 659, 1, 6.81%, 0, 0, 2, 19.24
1746559311, 0, 0, 660, 660, 1, 6.81%, 0, 0, 2, 23.31
1746559316, 0, 0, 662, 662, 1, 6.81%, 0, 0, 2, 21.25
1746559331, 0, 0, 664, 664, 1, 6.81%, 0, 0, 2, 22.05
1746559336, 0, 0, 665, 665, 1, 6.81%, 0, 0, 2, 21.55
1746559342, 0, 0, 668, 668, 1, 6.81%, 0, 0, 2, 21.48
1746559352, 0, 0, 669, 669, 1, 6.81%, 0, 0, 2, 22.86
1746559357, 0, 0, 670, 670, 1, 6.81%, 0, 0, 2, 24.15
1746559362, 0, 0, 671, 671, 1, 6.81%, 0, 0, 2, 23.08
1746559367, 0, 79, 673, 672, 25, 6.81%, 0, 0, 2, 24.20
1746559372, 0, 79, 675, 674, 25, 6.82%, 0, 0, 3, 25.60
1746559377, 0, 79, 676, 675, 25, 6.82%, 0, 0, 3, 24.41
1746559383, 0, 79, 679, 678, 25, 6.82%, 0, 0, 3, 18.74
1746559388, 0, 79, 680, 679, 25, 6.82%, 0, 0, 3, 24.49
1746559393, 0, 79, 681, 680, 25, 6.82%, 0, 0, 3, 18.71
1746559398, 0, 79, 682, 681, 25, 6.82%, 0, 0, 3, 24.86
1746559403, 0, 79, 685, 684, 25, 6.82%, 0, 0, 3, 8.96
1746559413, 0, 79, 687, 686, 25, 6.82%, 0, 0, 3, 27.45
1746559418, 0, 79, 688, 687, 25, 6.83%, 0, 0, 3, 21.10
1746559429, 0, 79, 690, 689, 25, 6.83%, 0, 0, 3, 22.63
1746559434, 0, 79, 691, 690, 25, 6.83%, 0, 0, 3, 23.44
1746559449, 0, 79, 693, 692, 25, 6.83%, 0, 0, 3, 22.99
1746559454, 0, 79, 694, 693, 25, 6.83%, 0, 0, 3, 25.35
1746559464, 0, 79, 695, 694, 25, 6.83%, 0, 0, 3, 22.78
1746559470, 0, 79, 696, 695, 25, 6.83%, 0, 0, 3, 23.76
1746559485, 0, 79, 697, 696, 25, 6.83%, 0, 0, 3, 24.07
1746559490, 0, 79, 699, 698, 25, 6.83%, 0, 0, 3, 20.65
1746559500, 0, 79, 700, 699, 25, 6.83%, 0, 0, 3, 21.33
1746559505, 0, 79, 701, 700, 25, 6.83%, 0, 0, 3, 22.56
1746559510, 0, 79, 702, 701, 25, 6.83%, 0, 0, 3, 26.02
1746559531, 0, 79, 703, 702, 25, 6.83%, 0, 0, 3, 23.69
1746559541, 0, 79, 704, 703, 25, 6.83%, 0, 0, 3, 27.57
1746559557, 0, 79, 705, 704, 25, 6.83%, 0, 0, 3, 25.42
1746559562, 0, 79, 706, 705, 25, 6.83%, 0, 0, 3, 26.83
1746559582, 0, 79, 707, 706, 25, 6.83%, 0, 0, 3, 23.00
1746559592, 0, 129, 707, 705, 24, 6.83%, 0, 0, 3, 21.52
1746559613, 0, 129, 708, 706, 24, 6.83%, 0, 0, 3, 20.96
1746559628, 0, 129, 709, 707, 24, 6.83%, 0, 0, 3, 16.90
1746559638, 0, 129, 710, 708, 24, 6.83%, 0, 0, 3, 18.15
1746559654, 0, 129, 711, 709, 24, 6.83%, 0, 0, 3, 20.12
1746559659, 0, 129, 712, 710, 24, 6.83%, 0, 0, 3, 18.22
1746559679, 0, 129, 713, 711, 24, 6.83%, 0, 0, 3, 19.90
1746559695, 0, 129, 714, 712, 24, 6.83%, 0, 0, 3, 18.42
1746559700, 0, 129, 715, 713, 24, 6.83%, 0, 0, 3, 20.51
1746559705, 0, 129, 716, 714, 24, 6.83%, 0, 0, 3, 20.39
1746559710, 0, 129, 717, 715, 24, 6.83%, 0, 0, 3, 18.63
1746559720, 0, 129, 718, 716, 24, 6.83%, 0, 0, 3, 17.06
1746559725, 0, 129, 719, 717, 24, 6.83%, 0, 0, 3, 20.67
1746559730, 0, 129, 720, 718, 24, 6.83%, 0, 0, 3, 13.76
1746559751, 0, 129, 721, 719, 24, 6.83%, 0, 0, 3, 18.92
1746559787, 0, 129, 722, 720, 24, 6.83%, 0, 0, 3, 20.76
1746559807, 0, 129, 723, 721, 24, 6.83%, 0, 0, 3, 18.83
1746559838, 0, 129, 724, 722, 24, 6.83%, 0, 0, 3, 20.78
1746559864, 0, 129, 726, 724, 24, 6.83%, 0, 0, 3, 16.73
1746559869, 0, 182, 726, 723, 22, 6.83%, 0, 0, 3, 27.17
1746559895, 0, 252, 726, 722, 21, 6.83%, 0, 0, 3, 28.08
1746559905, 0, 252, 727, 723, 21, 6.83%, 0, 0, 3, 23.94
1746559915, 0, 252, 728, 724, 21, 6.83%, 0, 0, 3, 19.39
1746559936, 0, 284, 728, 723, 21, 6.83%, 0, 0, 3, 25.27
1746559967, 0, 284, 730, 725, 21, 6.83%, 0, 0, 3, 19.65
1746559972, 0, 284, 731, 726, 21, 6.83%, 0, 0, 3, 19.83
1746559997, 0, 284, 732, 727, 21, 6.83%, 0, 0, 3, 20.56
1746560002, 0, 284, 733, 728, 21, 6.83%, 0, 0, 3, 17.30
1746560007, 0, 284, 734, 729, 21, 6.83%, 0, 0, 3, 16.21
1746560023, 0, 284, 735, 730, 21, 6.83%, 0, 0, 3, 20.78
1746560059, 0, 284, 736, 731, 21, 6.83%, 0, 0, 3, 18.53
1746560094, 0, 284, 738, 733, 21, 6.83%, 0, 0, 3, 12.73
1746560115, 0, 284, 739, 734, 21, 6.83%, 0, 0, 3, 20.61
1746560135, 0, 284, 740, 735, 21, 6.83%, 0, 0, 3, 19.93
1746560161, 0, 284, 741, 736, 21, 6.83%, 0, 0, 3, 17.43
1746560191, 0, 284, 742, 737, 21, 6.83%, 0, 0, 3, 20.20
1746560197, 0, 284, 743, 738, 21, 6.83%, 0, 0, 3, 17.76
1746560222, 0, 334, 743, 737, 20, 6.83%, 0, 0, 3, 16.67
1746560253, 0, 344, 743, 736, 19, 6.83%, 0, 0, 3, 17.75
1746560284, 0, 362, 743, 735, 18, 6.83%, 0, 0, 3, 12.98
1746560366, 0, 384, 744, 735, 18, 6.83%, 0, 0, 3, 13.86
1746560376, 0, 384, 745, 736, 18, 6.83%, 0, 0, 3, 12.96
1746560391, 0, 384, 746, 737, 18, 6.83%, 0, 0, 3, 11.40
1746560463, 0, 384, 747, 738, 18, 6.83%, 0, 0, 3, 10.99
1746560524, 0, 384, 748, 739, 18, 6.83%, 0, 0, 3, 13.70
1746560529, 0, 384, 749, 740, 18, 6.83%, 0, 0, 3, 14.45
1746560555, 0, 384, 750, 741, 18, 6.83%, 0, 0, 3, 15.80
1746560560, 0, 384, 751, 742, 18, 6.83%, 0, 0, 3, 14.90
1746560596, 0, 384, 752, 743, 18, 6.83%, 0, 0, 3, 13.14
1746560621, 0, 384, 753, 744, 18, 6.83%, 0, 0, 3, 14.83
1746560627, 0, 384, 754, 745, 18, 6.83%, 0, 0, 3, 16.09
1746560642, 0, 384, 755, 746, 18, 6.83%, 0, 0, 3, 16.34
1746560668, 0, 384, 756, 747, 18, 6.83%, 0, 0, 3, 15.19
1746560843, 0, 384, 757, 748, 18, 6.83%, 0, 0, 3, 14.64
1746560858, 0, 384, 758, 749, 18, 6.83%, 0, 0, 3, 16.25
1746560868, 0, 384, 759, 750, 18, 6.83%, 0, 0, 3, 16.27
1746560879, 0, 384, 760, 751, 18, 6.83%, 0, 0, 3, 14.17
1746560930, 0, 384, 761, 752, 18, 6.83%, 0, 0, 3, 15.46
1746560945, 0, 392, 761, 751, 19, 6.83%, 0, 0, 3, 18.90
1746560955, 0, 392, 762, 752, 19, 6.83%, 0, 0, 3, 18.18
1746560971, 0, 392, 763, 753, 19, 6.83%, 0, 0, 3, 16.82
1746561129, 0, 403, 763, 752, 18, 6.83%, 0, 0, 3, 15.22
1746561165, 0, 425, 763, 751, 17, 6.83%, 0, 0, 3, 23.19
1746561180, 0, 441, 763, 750, 17, 6.83%, 0, 0, 3, 27.07
1746561201, 0, 452, 763, 749, 16, 6.83%, 0, 0, 3, 22.48
1746561247, 0, 452, 764, 750, 16, 6.83%, 0, 0, 3, 11.54
1746561263, 0, 452, 765, 751, 16, 6.83%, 0, 0, 3, 11.44
1746561448, 0, 536, 766, 751, 16, 6.83%, 0, 0, 3, 13.13
1746561453, 0, 536, 767, 752, 16, 6.83%, 0, 0, 3, 11.47
1746561500, 0, 536, 770, 755, 16, 6.83%, 0, 0, 3, 9.96
1746561505, 0, 536, 772, 757, 16, 6.83%, 0, 0, 3, 10.39
1746561546, 0, 559, 772, 756, 16, 6.83%, 0, 0, 3, 18.07
1746561566, 0, 559, 773, 757, 16, 6.83%, 0, 0, 3, 20.66
1746561582, 0, 561, 773, 756, 15, 6.83%, 0, 0, 3, 17.54
1746561618, 0, 579, 773, 755, 14, 6.83%, 0, 0, 3, 13.92
1746561679, 0, 628, 773, 754, 13, 6.83%, 0, 0, 3, 14.85
1746561730, 0, 650, 774, 754, 12, 6.83%, 0, 0, 3, 15.72
1746561736, 0, 650, 775, 755, 12, 6.83%, 0, 0, 3, 13.22
1746561771, 0, 650, 776, 756, 12, 6.83%, 0, 0, 3, 15.40
1746561797, 0, 664, 776, 755, 11, 6.83%, 0, 0, 3, 11.35
1746561807, 0, 664, 777, 756, 11, 6.83%, 0, 0, 3, 8.75
1746562033, 0, 667, 778, 756, 10, 6.83%, 0, 0, 3, 10.72
1746562054, 0, 667, 779, 757, 10, 6.83%, 0, 0, 3, 9.37
1746562084, 0, 667, 780, 758, 10, 6.83%, 0, 0, 3, 10.60
1746562146, 0, 667, 781, 759, 10, 6.83%, 0, 0, 3, 8.27
1746562182, 0, 667, 782, 760, 10, 6.83%, 0, 0, 3, 8.85
1746562187, 0, 667, 783, 761, 10, 6.83%, 0, 0, 3, 9.42
1746562192, 0, 667, 784, 762, 10, 6.83%, 0, 0, 3, 10.23
1746562202, 0, 667, 786, 764, 10, 6.83%, 0, 0, 3, 10.40
1746562228, 0, 667, 787, 765, 10, 6.83%, 0, 0, 3, 9.25
1746562238, 0, 667, 788, 766, 10, 6.83%, 0, 0, 3, 11.12
1746562290, 0, 674, 788, 765, 10, 6.83%, 0, 0, 3, 18.99
1746562454, 0, 679, 788, 764, 9, 6.83%, 0, 0, 3, 18.67
1746562499, 0, 694, 788, 763, 8, 6.83%, 0, 0, 3, 13.91
1746562596, 0, 705, 788, 762, 7, 6.83%, 0, 0, 3, 18.03
1746562612, 0, 705, 789, 763, 7, 6.83%, 0, 0, 4, 20.33
1746562637, 0, 710, 789, 762, 6, 6.83%, 0, 0, 4, 20.67
1746562653, 0, 710, 790, 763, 6, 6.83%, 0, 0, 4, 7.88
1746562658, 0, 710, 791, 764, 6, 6.83%, 0, 0, 4, 7.06
1746562699, 0, 710, 792, 765, 6, 6.88%, 0, 0, 4, 8.75
1746562704, 0, 710, 793, 766, 6, 7.42%, 0, 0, 4, 7.87
1746562709, 0, 710, 794, 767, 6, 7.42%, 0, 0, 4, 6.81
1746562776, 0, 710, 795, 768, 6, 7.42%, 0, 0, 4, 8.46
1746562781, 0, 710, 796, 769, 6, 7.42%, 0, 0, 4, 8.76
1746562797, 0, 710, 797, 770, 6, 7.42%, 0, 0, 4, 8.03
1746562817, 0, 710, 800, 773, 6, 7.43%, 0, 0, 4, 7.25
1746562823, 0, 710, 803, 776, 6, 7.51%, 0, 0, 4, 7.42
1746562828, 0, 710, 804, 777, 6, 7.51%, 0, 0, 4, 7.03
1746562833, 0, 710, 805, 778, 6, 7.51%, 0, 0, 4, 6.65
1746562838, 0, 710, 806, 779, 6, 7.51%, 0, 0, 4, 6.73
1746562858, 0, 710, 807, 780, 6, 7.53%, 0, 0, 4, 6.44
1746562920, 0, 710, 809, 782, 6, 7.53%, 0, 0, 4, 8.39
1746562982, 0, 710, 810, 783, 6, 7.53%, 0, 0, 4, 6.00
1746563002, 0, 710, 811, 784, 6, 7.53%, 0, 0, 4, 8.22
1746563095, 0, 710, 812, 785, 6, 7.53%, 0, 0, 4, 6.63
1746563100, 0, 710, 813, 786, 6, 7.53%, 0, 0, 4, 6.21
1746563121, 0, 713, 813, 785, 11, 7.53%, 0, 0, 4, 12.01
1746563197, 0, 715, 813, 784, 10, 7.53%, 0, 0, 4, 15.21
1746563259, 0, 762, 813, 783, 9, 7.53%, 0, 0, 4, 19.06
1746563351, 0, 768, 813, 782, 8, 7.53%, 0, 0, 4, 15.89
1746563361, 0, 768, 814, 783, 8, 7.53%, 0, 0, 4, 11.64
1746563366, 0, 768, 815, 784, 8, 7.53%, 0, 0, 4, 10.47
1746563402, 0, 768, 818, 787, 8, 7.53%, 0, 0, 4, 10.18
1746563449, 0, 768, 819, 788, 8, 7.53%, 0, 0, 4, 16.07
1746563464, 0, 779, 819, 787, 7, 7.53%, 0, 0, 4, 12.86
1746563469, 0, 779, 820, 788, 7, 7.53%, 0, 0, 4, 10.56
1746563474, 0, 779, 821, 789, 7, 7.53%, 0, 0, 4, 9.18
1746563489, 0, 779, 822, 790, 7, 7.53%, 0, 0, 4, 8.81
1746563592, 0, 779, 823, 791, 7, 7.53%, 0, 0, 4, 8.49
1746563709, 0, 779, 824, 792, 7, 7.53%, 0, 0, 4, 11.75
1746563735, 0, 795, 825, 792, 7, 7.53%, 0, 0, 5, 10.92
1746564001, 0, 795, 826, 793, 7, 7.53%, 0, 0, 5, 9.04
1746564099, 0, 797, 826, 792, 6, 7.53%, 0, 0, 5, 11.79
1746564172, 0, 797, 826, 792, 6, 7.53%, 0, 1, 5, 7.05
1746564533, 0, 797, 827, 793, 6, 7.53%, 0, 1, 5, 6.57
1746564569, 0, 797, 828, 794, 6, 7.53%, 0, 1, 5, 10.96
1746564600, 0, 800, 828, 793, 5, 7.53%, 0, 1, 5, 11.50
1746564615, 0, 800, 829, 794, 5, 7.53%, 0, 1, 5, 8.19
1746564845, 0, 800, 830, 795, 5, 7.53%, 0, 1, 5, 7.47
1746564931, 0, 800, 833, 798, 5, 7.53%, 0, 1, 5, 7.82
1746564962, 0, 806, 833, 797, 5, 7.53%, 0, 1, 5, 12.90
1746564983, 0, 806, 834, 798, 5, 7.54%, 0, 1, 5, 6.65
1746564988, 0, 806, 835, 799, 5, 7.54%, 0, 1, 5, 5.59
1746564993, 0, 806, 836, 800, 5, 7.54%, 0, 1, 5, 5.51
1746565039, 0, 806, 837, 801, 5, 7.54%, 0, 1, 5, 6.37
1746565054, 0, 806, 838, 802, 5, 7.54%, 0, 1, 5, 7.15
1746565183, 0, 806, 839, 803, 5, 7.54%, 0, 1, 5, 5.86
1746565188, 0, 806, 840, 804, 5, 7.54%, 0, 1, 5, 5.56
1746565193, 0, 806, 841, 805, 5, 7.54%, 0, 1, 5, 5.33
1746565198, 0, 806, 842, 806, 5, 7.54%, 0, 1, 5, 5.28
1746565204, 0, 806, 843, 807, 5, 7.54%, 0, 1, 5, 5.28
1746565251, 0, 806, 844, 808, 5, 7.54%, 0, 1, 5, 7.30
1746565256, 0, 806, 845, 809, 5, 7.54%, 0, 1, 5, 6.23
1746565328, 0, 806, 846, 810, 5, 7.54%, 0, 1, 5, 5.97
1746565333, 0, 806, 847, 811, 5, 7.54%, 0, 1, 5, 5.66
1746565338, 0, 806, 848, 812, 5, 7.54%, 0, 1, 5, 5.60
1746565343, 0, 806, 850, 814, 5, 7.54%, 0, 1, 5, 5.65
1746565348, 0, 806, 852, 816, 5, 7.54%, 0, 1, 5, 6.52
1746565451, 0, 806, 854, 818, 5, 7.54%, 0, 1, 5, 6.39
1746565456, 0, 806, 857, 821, 5, 7.54%, 0, 1, 5, 6.05
1746565471, 0, 806, 858, 822, 5, 7.54%, 0, 1, 5, 10.04
1746565497, 0, 806, 859, 823, 5, 7.54%, 0, 1, 5, 11.22
1746565518, 0, 806, 860, 824, 5, 7.54%, 0, 1, 5, 9.49
1746565604, 0, 824, 860, 823, 9, 7.54%, 0, 1, 5, 11.82
1746565625, 0, 824, 862, 825, 9, 7.54%, 0, 1, 6, 6.77
1746565764, 0, 824, 863, 826, 9, 7.54%, 0, 1, 6, 7.12
1746565784, 0, 824, 864, 827, 9, 7.54%, 0, 1, 6, 6.33
1746565815, 0, 824, 866, 829, 9, 7.54%, 0, 1, 6, 8.04
1746565871, 0, 824, 868, 831, 9, 7.54%, 0, 1, 6, 6.88
1746565974, 0, 831, 869, 831, 8, 7.54%, 0, 1, 6, 11.64
1746565990, 0, 831, 872, 834, 8, 7.54%, 0, 1, 6, 8.30
1746566010, 0, 831, 874, 836, 8, 7.54%, 0, 1, 6, 8.26
1746566128, 0, 831, 877, 839, 8, 7.54%, 0, 1, 6, 7.95
1746566133, 0, 831, 881, 843, 8, 7.54%, 0, 1, 6, 8.04
1746566271, 0, 831, 882, 844, 8, 7.54%, 0, 1, 6, 9.05
1746566363, 0, 839, 882, 843, 8, 7.54%, 0, 1, 6, 11.71
1746566640, 0, 839, 883, 844, 8, 7.54%, 0, 1, 6, 7.89
1746566851, 0, 844, 883, 843, 7, 7.54%, 0, 1, 6, 10.73
1746566872, 0, 844, 884, 844, 7, 7.54%, 0, 1, 6, 6.10
1746566924, 0, 844, 885, 845, 7, 7.54%, 0, 1, 6, 5.95
1746567063, 0, 844, 886, 846, 7, 7.54%, 0, 1, 6, 5.87
1746567345, 0, 849, 886, 845, 6, 7.54%, 0, 1, 6, 11.48
1746567546, 0, 849, 887, 846, 6, 7.54%, 0, 1, 6, 6.27
1746567567, 0, 849, 888, 847, 6, 7.54%, 0, 1, 6, 5.76
1746567691, 0, 849, 889, 848, 6, 7.54%, 0, 1, 6, 6.53
1746567696, 0, 849, 890, 849, 6, 7.54%, 0, 1, 6, 6.14
1746567834, 0, 859, 890, 848, 7, 7.54%, 0, 1, 6, 10.65
1746567891, 0, 859, 891, 849, 7, 7.54%, 0, 1, 6, 5.76
1746568024, 0, 859, 892, 850, 7, 7.54%, 0, 1, 6, 6.75
1746568065, 0, 859, 893, 851, 7, 7.54%, 0, 1, 6, 6.31
1746568085, 0, 859, 894, 852, 7, 7.57%, 0, 1, 6, 5.65
1746568091, 0, 859, 895, 853, 7, 7.57%, 0, 1, 6, 5.26
1746568184, 0, 859, 896, 854, 7, 7.57%, 0, 1, 6, 6.15
1746568317, 0, 859, 897, 855, 7, 7.57%, 0, 1, 6, 5.11
1746568477, 0, 862, 897, 854, 6, 7.57%, 0, 1, 6, 11.64
1746568493, 0, 862, 898, 855, 6, 7.57%, 0, 1, 7, 7.85
1746568605, 0, 862, 899, 856, 6, 7.57%, 0, 1, 7, 7.90
1746568610, 0, 862, 900, 857, 6, 7.57%, 0, 1, 7, 8.03
1746568683, 0, 862, 901, 858, 6, 7.57%, 0, 1, 7, 8.30
1746568734, 0, 862, 902, 859, 6, 7.57%, 0, 1, 7, 7.44
1746568739, 0, 862, 905, 862, 6, 7.57%, 0, 1, 7, 7.27
1746568857, 0, 868, 905, 861, 5, 7.57%, 0, 1, 7, 11.87
1746569001, 0, 868, 906, 862, 5, 7.57%, 0, 1, 7, 7.96
1746569235, 0, 888, 906, 861, 4, 7.57%, 0, 1, 7, 12.86
1746569256, 0, 888, 907, 862, 4, 7.57%, 0, 1, 7, 6.77
1746569261, 0, 888, 909, 864, 4, 7.57%, 0, 1, 7, 6.34
1746569287, 0, 888, 910, 865, 4, 7.57%, 0, 1, 7, 6.53
1746569312, 0, 888, 911, 866, 4, 7.57%, 0, 1, 7, 6.45
1746569328, 0, 888, 912, 867, 4, 7.57%, 0, 1, 7, 11.29
1746569461, 0, 888, 913, 868, 4, 7.57%, 0, 1, 7, 5.36
1746569471, 0, 888, 914, 869, 4, 7.57%, 0, 1, 7, 5.66
1746569476, 0, 888, 915, 870, 4, 7.57%, 0, 1, 7, 6.04
1746569482, 0, 888, 916, 871, 4, 7.57%, 0, 1, 7, 6.19
1746569487, 0, 888, 918, 873, 4, 7.57%, 0, 1, 7, 6.16
1746569626, 0, 888, 919, 874, 4, 7.57%, 0, 1, 7, 6.28
1746569708, 0, 888, 920, 875, 4, 7.57%, 0, 1, 7, 7.47
1746569775, 0, 893, 920, 874, 4, 7.57%, 0, 1, 7, 10.94
1746570063, 0, 893, 921, 875, 4, 7.57%, 0, 1, 7, 5.17
1746570253, 0, 893, 922, 876, 4, 7.57%, 0, 1, 7, 5.11
1746570427, 0, 907, 922, 875, 3, 7.57%, 0, 1, 7, 11.03
1746570633, 0, 907, 924, 877, 3, 7.57%, 0, 1, 8, 6.38
1746570653, 0, 907, 925, 878, 3, 7.57%, 0, 1, 8, 5.59
1746570658, 0, 907, 927, 880, 3, 7.57%, 0, 1, 8, 5.95
1746570952, 0, 914, 927, 879, 2, 7.57%, 0, 1, 8, 11.18
1746571189, 0, 914, 928, 880, 2, 7.57%, 0, 1, 8, 5.94
1746571476, 0, 922, 928, 879, 1, 7.57%, 0, 1, 8, 11.01
1746572007, 1, 106, 928, 878, 1, 7.57%, 0, 1, 8, 25.14
1746572022, 1, 106, 929, 879, 1, 7.57%, 0, 1, 8, 19.70
1746572038, 1, 106, 930, 880, 1, 7.57%, 0, 1, 8, 17.86
1746572135, 1, 116, 930, 879, 1, 7.57%, 0, 1, 8, 30.88
1746572145, 1, 116, 931, 880, 1, 7.57%, 0, 1, 8, 19.78
1746572197, 1, 116, 932, 881, 1, 7.57%, 0, 1, 8, 15.80
1746572207, 1, 116, 933, 882, 1, 7.57%, 0, 1, 8, 19.34
1746572407, 1, 157, 933, 881, 1, 7.57%, 0, 1, 8, 23.44
1746572427, 1, 254, 934, 881, 1, 7.57%, 0, 1, 8, 11.76
1746572531, 1, 254, 935, 882, 1, 7.57%, 0, 1, 8, 8.13
1746572562, 1, 527, 935, 881, 1, 7.57%, 0, 1, 8, 18.37
1746572583, 1, 750, 935, 880, 1, 7.57%, 0, 1, 8, 14.11
1746572742, 1, 754, 935, 879, 0, 7.57%, 0, 1, 8, 12.68
1746572989, 1, 754, 936, 880, 0, 7.57%, 0, 1, 8, 11.18
1746573020, 1, 756, 937, 880, 0, 7.57%, 0, 1, 8, 10.39
1746573282, 1, 760, 937, 879, 0, 7.57%, 0, 1, 8, 11.12
1746573307, 1, 760, 938, 880, 0, 7.57%, 0, 1, 8, 10.20
1746573364, 1, 760, 939, 881, 0, 7.57%, 0, 1, 8, 9.44
1746573553, 1, 760, 940, 882, 0, 7.57%, 0, 1, 8, 9.61
1746573579, 1, 760, 941, 883, 0, 7.57%, 0, 1, 8, 9.88
1746574589, 1, 760, 942, 884, 0, 7.57%, 0, 1, 8, 6.23
1746575292, 1, 760, 943, 885, 0, 7.57%, 0, 1, 8, 10.97
1746575348, 1, 766, 943, 884, 0, 7.57%, 0, 1, 8, 14.25
1746575451, 1, 768, 943, 883, 0, 7.57%, 0, 1, 8, 14.34
1746575456, 1, 776, 943, 883, 0, 7.57%, 0, 1, 8, 11.22
1746575605, 1, 776, 944, 884, 0, 7.57%, 0, 1, 8, 10.39
1746575687, 1, 819, 944, 883, 1, 7.57%, 0, 1, 8, 11.50
1746575958, 1, 943, 944, 882, 1, 7.57%, 0, 1, 8, 11.12
1746576014, 1, 943, 946, 884, 1, 7.57%, 0, 1, 8, 9.87
1746576229, 1, 944, 946, 883, 1, 7.57%, 0, 1, 8, 11.28
1746576475, 1, 944, 947, 884, 1, 7.57%, 0, 1, 8, 11.36
1746576547, 1, 944, 948, 885, 1, 7.57%, 0, 1, 8, 11.27
1746576578, 1, 944, 949, 886, 1, 7.57%, 0, 1, 8, 11.96
1746576947, 1, 945, 949, 885, 0, 7.57%, 0, 1, 8, 12.46
1746577213, 2, 1, 949, 884, 0, 7.57%, 0, 1, 8, 20.57
1746577228, 2, 9, 949, 883, 0, 7.57%, 0, 1, 8, 24.91
1746577254, 2, 10, 949, 882, 0, 7.57%, 0, 1, 8, 27.13
1746577280, 2, 10, 951, 884, 0, 7.57%, 0, 1, 8, 18.79
1746577290, 2, 10, 952, 885, 0, 7.57%, 0, 1, 8, 17.66
1746577295, 2, 10, 953, 886, 0, 7.57%, 0, 1, 8, 18.50
1746577347, 2, 10, 954, 887, 0, 7.57%, 0, 1, 8, 18.02
1746577403, 2, 10, 955, 888, 0, 7.57%, 0, 1, 8, 18.10
1746577443, 2, 10, 956, 889, 0, 7.57%, 0, 1, 8, 18.46
1746577454, 2, 10, 957, 890, 0, 7.57%, 0, 1, 8, 16.01
1746577459, 2, 18, 957, 889, 0, 7.57%, 0, 1, 8, 28.85
1746577495, 2, 20, 957, 888, 0, 7.57%, 0, 1, 8, 24.04
1746577515, 2, 24, 957, 887, 0, 7.57%, 0, 1, 8, 25.18
1746577551, 2, 49, 957, 886, 0, 7.57%, 0, 1, 8, 26.93
1746577576, 2, 54, 957, 885, 0, 7.57%, 0, 1, 8, 29.66
1746577592, 2, 54, 958, 886, 0, 7.65%, 0, 1, 8, 1.25
1746577633, 2, 54, 959, 887, 0, 7.65%, 0, 1, 8, 19.33
1746577639, 2, 54, 960, 888, 0, 7.65%, 0, 1, 8, 2.27
1746577756, 2, 54, 961, 889, 0, 7.65%, 0, 1, 8, 15.33
1746577777, 2, 54, 962, 890, 0, 7.65%, 0, 1, 8, 16.70
1746577859, 2, 177, 962, 889, 1, 7.65%, 0, 1, 8, 23.28
1746577890, 2, 180, 962, 888, 1, 7.65%, 0, 1, 8, 23.89
1746577997, 2, 191, 962, 887, 1, 7.65%, 0, 1, 8, 20.02
1746578018, 2, 281, 962, 886, 1, 7.65%, 0, 1, 8, 12.59
1746578074, 2, 319, 962, 885, 1, 7.65%, 0, 1, 8, 12.71
1746578228, 2, 324, 962, 884, 1, 7.65%, 0, 1, 8, 21.24
1746578248, 2, 551, 962, 883, 1, 7.65%, 0, 1, 8, 24.43
1746578269, 2, 554, 962, 882, 1, 7.65%, 0, 1, 8, 11.64
1746578433, 2, 637, 962, 881, 1, 7.65%, 0, 1, 8, 12.64
1746578458, 2, 658, 962, 880, 1, 7.65%, 0, 1, 8, 11.47
1746578654, 2, 863, 962, 879, 1, 7.65%, 0, 1, 8, 11.35
1746579039, 2, 904, 963, 879, 1, 7.66%, 0, 1, 8, 10.75
1746579054, 2, 904, 964, 880, 1, 7.66%, 0, 1, 8, 7.48
1746579075, 2, 904, 965, 881, 1, 7.67%, 0, 1, 8, 7.44
1746579198, 2, 904, 966, 882, 1, 7.67%, 0, 1, 8, 7.00
1746579259, 2, 904, 967, 883, 1, 7.67%, 0, 1, 8, 8.95
1746579433, 2, 947, 968, 883, 4, 7.67%, 0, 1, 8, 11.01
1746579725, 2, 947, 969, 884, 4, 7.67%, 0, 1, 8, 12.78
1746579755, 2, 947, 970, 885, 4, 7.67%, 0, 1, 8, 9.16
1746579863, 2, 947, 971, 886, 4, 7.67%, 0, 1, 8, 1.89
1746579934, 2, 947, 972, 887, 4, 7.67%, 0, 1, 8, 13.40
1746579975, 2, 947, 973, 888, 4, 7.67%, 0, 1, 8, 11.59
1746580007, 2, 947, 974, 889, 4, 7.67%, 0, 1, 8, 11.10
1746580083, 2, 947, 975, 890, 4, 7.67%, 0, 1, 8, 12.26
1746580145, 2, 959, 975, 889, 6, 7.67%, 0, 1, 8, 2.01
1746581499, 2, 959, 976, 890, 6, 7.67%, 0, 1, 8, 1.26
1746581516, 2, 959, 977, 891, 6, 7.67%, 0, 1, 8, 1.25
1746581522, 2, 959, 978, 892, 6, 7.67%, 0, 1, 8, 1.26
1746581532, 2, 959, 980, 894, 6, 7.67%, 0, 1, 8, 7.41
1746581543, 2, 959, 982, 896, 6, 7.67%, 0, 1, 8, 3.35
1746581548, 2, 959, 983, 897, 6, 7.67%, 0, 1, 8, 3.81
1746581673, 2, 959, 984, 898, 6, 7.67%, 0, 1, 8, 3.30
1746581772, 2, 959, 987, 901, 6, 7.67%, 0, 1, 8, 5.94
1746581888, 2, 959, 988, 902, 6, 7.67%, 0, 1, 8, 1.25
1746581898, 2, 959, 989, 903, 6, 7.67%, 0, 1, 8, 8.67
1746582252, 2, 959, 990, 904, 6, 7.67%, 0, 1, 8, 2.57
1746582352, 2, 959, 991, 905, 6, 7.67%, 0, 1, 8, 1.28
1746582589, 2, 959, 992, 906, 6, 7.67%, 0, 1, 8, 2.93
1746582943, 2, 959, 993, 907, 6, 7.67%, 0, 1, 8, 3.30
1746583399, 2, 959, 994, 908, 6, 7.67%, 0, 1, 8, 3.34
1746583519, 2, 959, 995, 909, 6, 7.67%, 0, 1, 8, 3.77
1746583617, 2, 959, 996, 910, 6, 7.67%, 0, 1, 8, 2.56
1746583865, 2, 959, 997, 911, 6, 7.67%, 0, 1, 8, 3.77
1746584417, 2, 959, 998, 912, 6, 7.67%, 0, 1, 8, 2.01
1746584670, 2, 959, 999, 913, 6, 7.67%, 0, 1, 8, 2.97
1746584900, 2, 959, 1000, 914, 6, 7.67%, 0, 1, 8, 2.78
1746585032, 2, 959, 1001, 915, 6, 7.67%, 0, 1, 8, 2.86
1746585363, 2, 959, 1002, 916, 6, 7.67%, 0, 1, 8, 2.52
1746585594, 2, 959, 1003, 917, 6, 7.67%, 0, 1, 8, 2.22
1746585715, 2, 959, 1004, 918, 6, 7.67%, 0, 1, 8, 2.46
1746585851, 2, 959, 1005, 919, 6, 7.67%, 0, 1, 8, 3.52
1746585950, 2, 959, 1006, 920, 6, 7.67%, 0, 1, 8, 2.21
1746585961, 2, 959, 1007, 921, 6, 7.67%, 0, 1, 8, 2.97
1746586070, 2, 959, 1008, 922, 6, 7.67%, 0, 1, 8, 2.56
1746586665, 2, 959, 1009, 923, 6, 7.67%, 0, 1, 8, 2.87
1746586774, 2, 959, 1010, 924, 6, 7.67%, 0, 1, 8, 1.82
1746586916, 2, 959, 1011, 925, 6, 7.67%, 0, 1, 8, 3.11
1746587136, 2, 959, 1012, 926, 6, 7.67%, 0, 1, 8, 2.97
1746587146, 2, 959, 1013, 927, 6, 7.67%, 0, 1, 8, 2.69
1746587278, 2, 959, 1014, 928, 6, 7.67%, 0, 1, 8, 3.23
1746587378, 2, 959, 1015, 929, 6, 7.67%, 0, 1, 8, 2.31
1746587404, 2, 959, 1016, 930, 6, 7.67%, 0, 1, 8, 2.77
1746587509, 2, 959, 1017, 931, 6, 7.67%, 0, 1, 8, 2.74
1746587629, 2, 959, 1018, 932, 6, 7.67%, 0, 1, 8, 2.60
1746587705, 2, 959, 1019, 933, 6, 7.67%, 0, 1, 8, 1.29
1746587749, 2, 959, 1020, 934, 6, 7.67%, 0, 1, 8, 2.70
1746588100, 2, 959, 1021, 935, 6, 7.67%, 0, 1, 8, 2.37
1746588220, 2, 959, 1022, 936, 6, 7.67%, 0, 1, 8, 2.22
1746588351, 2, 959, 1023, 937, 6, 7.67%, 0, 1, 8, 2.60
1746588356, 2, 959, 1024, 938, 6, 7.67%, 0, 1, 8, 2.95
1746588472, 2, 959, 1025, 939, 6, 7.67%, 0, 1, 8, 2.11
1746588591, 2, 959, 1026, 940, 6, 7.67%, 0, 1, 8, 2.52
1746588607, 2, 959, 1027, 941, 6, 7.67%, 0, 1, 8, 2.94
1746588726, 2, 959, 1028, 942, 6, 7.67%, 0, 1, 8, 2.79
1746588731, 2, 959, 1029, 943, 6, 7.67%, 0, 1, 8, 2.68
1746588835, 2, 959, 1030, 944, 6, 7.67%, 0, 1, 8, 2.20
1746589074, 2, 959, 1031, 945, 6, 7.67%, 0, 1, 8, 2.15
1746589315, 2, 959, 1032, 946, 6, 7.67%, 0, 1, 8, 1.97
1746589326, 2, 959, 1033, 947, 6, 7.67%, 0, 1, 8, 2.74
1746589676, 2, 959, 1034, 948, 6, 7.67%, 0, 1, 8, 1.71
1746589681, 2, 959, 1035, 949, 6, 7.67%, 0, 1, 8, 2.03
1746589703, 2, 959, 1037, 951, 6, 7.67%, 0, 1, 8, 2.73
1746590077, 2, 959, 1038, 952, 6, 7.67%, 0, 1, 8, 2.59
1746590544, 2, 959, 1039, 953, 6, 7.67%, 0, 1, 8, 2.49
1746591498, 2, 959, 1040, 954, 6, 7.67%, 0, 1, 8, 2.17
1746591878, 2, 959, 1041, 955, 6, 7.67%, 0, 1, 8, 2.32
1746592494, 2, 959, 1042, 956, 6, 7.67%, 0, 1, 8, 2.26
1746593460, 2, 959, 1043, 957, 6, 7.67%, 0, 1, 8, 2.32
1746593959, 2, 959, 1044, 958, 6, 7.67%, 0, 1, 8, 2.24
1746594330, 2, 959, 1045, 959, 6, 7.67%, 0, 1, 8, 2.10
1746595073, 2, 959, 1046, 960, 6, 7.67%, 0, 1, 8, 1.96
1746595807, 2, 959, 1047, 961, 6, 7.67%, 0, 1, 8, 1.75
1746596815, 2, 959, 1048, 962, 6, 7.67%, 0, 1, 8, 1.69
1746597706, 2, 959, 1049, 963, 6, 7.67%, 0, 1, 8, 1.82
1746597833, 2, 959, 1050, 964, 6, 7.67%, 0, 1, 8, 1.72
1746598347, 2, 959, 1051, 965, 6, 7.67%, 0, 1, 8, 1.75
1746598583, 2, 959, 1052, 966, 6, 7.67%, 0, 1, 8, 1.40
1746598991, 2, 959, 1053, 967, 6, 7.67%, 0, 1, 8, 1.88
1746599001, 2, 959, 1054, 968, 6, 7.67%, 0, 1, 8, 1.74
1746599761, 2, 959, 1055, 969, 6, 7.67%, 0, 1, 8, 1.71
1746599903, 2, 959, 1056, 970, 6, 7.67%, 0, 1, 8, 1.70
1746600163, 2, 959, 1057, 971, 6, 7.67%, 0, 1, 8, 1.71
1746600295, 2, 959, 1058, 972, 6, 7.67%, 0, 1, 8, 1.63
1746600781, 2, 959, 1059, 973, 6, 7.67%, 0, 1, 8, 1.42
1746600808, 2, 959, 1060, 974, 6, 7.67%, 0, 1, 8, 1.71
1746601077, 2, 959, 1061, 975, 6, 7.67%, 0, 1, 8, 1.64
1746601451, 2, 959, 1062, 976, 6, 7.67%, 0, 1, 8, 1.64
1746601697, 2, 959, 1063, 977, 6, 7.67%, 0, 1, 8, 1.52
1746601829, 2, 959, 1064, 978, 6, 7.67%, 0, 1, 8, 1.51
1746601850, 2, 959, 1065, 979, 6, 7.67%, 0, 1, 8, 1.66
