# unix_time, cycles_done, cur_path, paths_total, pending_total, pending_favs, map_size, unique_crashes, unique_hangs, max_depth, execs_per_sec
1746611823, 0, 0, 1, 1, 1, 5.34%, 0, 0, 1, 70.80
1746611829, 0, 0, 51, 51, 1, 5.45%, 0, 0, 2, 84.75
1746611834, 0, 0, 98, 98, 1, 5.91%, 0, 0, 2, 88.99
1746611839, 0, 0, 128, 128, 1, 5.96%, 0, 0, 2, 86.32
1746611844, 0, 0, 153, 153, 1, 5.97%, 0, 0, 2, 84.49
1746611849, 0, 0, 174, 174, 1, 5.97%, 0, 0, 2, 79.21
1746611854, 0, 0, 194, 194, 1, 5.98%, 0, 0, 2, 79.81
1746611859, 0, 0, 215, 215, 1, 5.98%, 0, 0, 2, 77.50
1746611864, 0, 0, 225, 225, 1, 5.98%, 0, 0, 2, 81.18
1746611870, 0, 0, 232, 232, 1, 5.98%, 0, 0, 2, 81.42
1746611875, 0, 0, 239, 239, 1, 5.98%, 0, 0, 2, 80.31
1746611880, 0, 0, 249, 249, 1, 5.98%, 0, 0, 2, 85.50
1746611885, 0, 0, 261, 261, 1, 5.98%, 0, 0, 2, 80.64
1746611890, 0, 0, 269, 269, 1, 5.98%, 0, 0, 2, 80.47
1746611895, 0, 0, 280, 280, 1, 5.99%, 0, 0, 2, 76.57
1746611901, 0, 0, 285, 285, 1, 5.99%, 0, 0, 2, 80.83
1746611906, 0, 0, 288, 288, 1, 5.99%, 0, 0, 2, 82.84
1746611911, 0, 0, 291, 291, 1, 5.99%, 0, 0, 2, 81.54
1746611916, 0, 0, 296, 296, 1, 6.49%, 0, 0, 2, 76.50
1746611921, 0, 0, 307, 307, 1, 6.49%, 0, 0, 2, 77.61
1746611926, 0, 0, 313, 313, 1, 6.49%, 0, 0, 2, 80.25
1746611931, 0, 0, 315, 315, 1, 6.49%, 0, 0, 2, 81.43
1746611936, 0, 0, 319, 319, 1, 6.49%, 0, 0, 2, 74.45
1746611942, 0, 0, 322, 322, 1, 6.49%, 0, 0, 2, 74.96
1746611947, 0, 0, 324, 324, 1, 6.49%, 0, 0, 2, 74.17
1746611952, 0, 0, 333, 333, 1, 6.49%, 0, 0, 2, 70.38
1746611957, 0, 0, 338, 338, 1, 6.49%, 0, 0, 2, 73.74
1746611962, 0, 0, 340, 340, 1, 6.49%, 0, 0, 2, 72.13
1746611968, 0, 0, 345, 345, 1, 6.49%, 0, 0, 2, 70.32
1746611973, 0, 0, 351, 351, 1, 6.49%, 0, 0, 2, 66.70
1746611978, 0, 0, 353, 353, 1, 6.50%, 0, 0, 2, 70.47
1746611983, 0, 0, 356, 356, 1, 6.50%, 0, 0, 2, 69.70
1746611988, 0, 0, 359, 359, 1, 6.50%, 0, 0, 2, 72.08
1746611993, 0, 0, 360, 360, 1, 6.50%, 0, 0, 2, 74.86
1746611998, 0, 0, 364, 364, 1, 6.50%, 0, 0, 2, 72.28
1746612003, 0, 0, 365, 365, 1, 6.50%, 0, 0, 2, 72.92
1746612008, 0, 0, 368, 368, 1, 6.50%, 0, 0, 2, 71.77
1746612014, 0, 0, 369, 369, 1, 6.50%, 0, 0, 2, 71.49
1746612019, 0, 0, 371, 371, 1, 6.50%, 0, 0, 2, 72.37
1746612024, 0, 0, 372, 372, 1, 6.50%, 0, 0, 2, 75.40
1746612034, 0, 0, 374, 374, 1, 6.50%, 0, 0, 2, 73.51
1746612040, 0, 0, 378, 378, 1, 6.50%, 0, 0, 2, 71.27
1746612045, 0, 0, 379, 379, 1, 6.50%, 0, 0, 2, 71.60
1746612050, 0, 0, 382, 382, 1, 6.50%, 0, 0, 2, 59.89
1746612055, 0, 0, 383, 383, 1, 6.50%, 0, 0, 2, 69.47
1746612060, 0, 0, 388, 388, 1, 6.50%, 0, 0, 2, 69.94
1746612065, 0, 0, 389, 389, 1, 6.50%, 0, 0, 2, 73.45
1746612070, 0, 0, 390, 390, 1, 6.50%, 0, 0, 2, 70.66
1746612075, 0, 0, 393, 393, 1, 6.50%, 0, 0, 2, 70.65
1746612080, 0, 0, 394, 394, 1, 6.50%, 0, 0, 2, 71.47
1746612085, 0, 1, 395, 394, 14, 6.51%, 0, 0, 2, 70.75
1746612091, 0, 1, 396, 395, 14, 6.51%, 0, 0, 3, 67.97
1746612096, 0, 1, 397, 396, 14, 6.51%, 0, 0, 3, 68.87
1746612101, 0, 1, 400, 399, 14, 6.51%, 0, 0, 3, 70.02
1746612106, 0, 1, 401, 400, 14, 6.51%, 0, 0, 3, 68.81
1746612111, 0, 1, 402, 401, 14, 6.51%, 0, 0, 3, 68.65
1746612116, 0, 1, 405, 404, 14, 6.53%, 0, 0, 3, 66.35
1746612126, 0, 1, 407, 406, 14, 6.53%, 0, 0, 3, 66.79
1746612132, 0, 1, 409, 408, 14, 6.53%, 0, 0, 3, 66.65
1746612137, 0, 1, 410, 409, 14, 6.53%, 0, 0, 3, 67.30
1746612142, 0, 1, 411, 410, 14, 6.53%, 0, 0, 3, 68.67
1746612152, 0, 1, 413, 412, 14, 6.53%, 0, 0, 3, 69.49
1746612157, 0, 1, 415, 414, 14, 6.53%, 0, 0, 3, 68.29
1746612162, 0, 1, 416, 415, 14, 6.53%, 0, 0, 3, 67.86
1746612168, 0, 1, 417, 416, 14, 6.53%, 0, 0, 3, 68.85
1746612173, 0, 1, 418, 417, 14, 6.53%, 0, 0, 3, 69.03
1746612178, 0, 1, 419, 418, 14, 6.53%, 0, 0, 3, 69.15
1746612183, 0, 1, 421, 420, 14, 6.53%, 0, 0, 3, 68.30
1746612188, 0, 1, 423, 422, 14, 6.53%, 0, 0, 3, 67.40
1746612204, 0, 1, 426, 425, 14, 6.53%, 0, 0, 3, 68.35
1746612209, 0, 1, 427, 426, 14, 6.76%, 0, 0, 3, 62.86
1746612219, 0, 1, 428, 427, 14, 6.76%, 0, 0, 3, 69.32
1746612224, 0, 1, 429, 428, 14, 6.76%, 0, 0, 3, 68.76
1746612229, 0, 1, 430, 429, 14, 6.76%, 0, 0, 3, 70.64
1746612235, 0, 1, 433, 432, 14, 6.76%, 0, 0, 3, 69.63
1746612240, 0, 1, 434, 433, 14, 6.76%, 0, 0, 3, 69.02
1746612255, 0, 1, 437, 436, 14, 6.76%, 0, 0, 3, 67.09
1746612261, 0, 1, 438, 437, 14, 6.76%, 0, 0, 3, 67.77
1746612281, 0, 1, 439, 438, 14, 6.76%, 0, 0, 3, 68.92
1746612287, 0, 1, 442, 441, 14, 7.43%, 0, 0, 3, 67.81
1746612307, 0, 1, 443, 442, 14, 7.43%, 0, 0, 3, 68.36
1746612312, 0, 1, 444, 443, 14, 7.43%, 0, 0, 3, 66.99
1746612328, 0, 1, 445, 444, 14, 7.43%, 0, 0, 3, 70.08
1746612333, 0, 9, 447, 445, 10, 7.43%, 0, 0, 3, 66.73
1746612338, 0, 9, 448, 446, 10, 7.43%, 0, 0, 3, 71.34
1746612348, 0, 9, 449, 447, 10, 7.43%, 0, 0, 3, 71.55
1746612353, 0, 9, 451, 449, 10, 7.43%, 0, 0, 3, 73.45
1746612358, 0, 9, 453, 451, 10, 7.43%, 0, 0, 3, 76.98
1746612364, 0, 9, 454, 452, 10, 7.43%, 0, 0, 3, 76.35
1746612369, 0, 9, 455, 453, 10, 7.45%, 0, 0, 3, 70.46
1746612384, 0, 9, 456, 454, 10, 7.45%, 0, 0, 3, 70.10
1746612399, 0, 9, 457, 455, 10, 7.45%, 0, 0, 3, 76.23
1746612404, 0, 9, 458, 456, 10, 7.45%, 0, 0, 3, 74.31
1746612446, 0, 9, 459, 457, 10, 7.45%, 0, 0, 3, 75.61
1746612451, 0, 9, 460, 458, 10, 7.45%, 0, 0, 3, 75.96
1746612456, 0, 9, 463, 461, 10, 7.45%, 0, 0, 3, 72.91
1746612461, 0, 9, 464, 462, 10, 7.45%, 0, 0, 3, 74.15
1746612471, 0, 9, 465, 463, 10, 7.45%, 0, 0, 3, 76.65
1746612492, 0, 9, 467, 465, 10, 7.45%, 0, 0, 3, 72.99
1746612497, 0, 39, 467, 464, 12, 7.45%, 0, 0, 3, 76.38
1746612502, 0, 39, 468, 465, 12, 7.45%, 0, 0, 3, 71.85
1746612513, 0, 75, 468, 464, 11, 7.45%, 0, 0, 3, 74.13
1746612523, 0, 75, 469, 465, 11, 7.45%, 0, 0, 3, 72.41
1746612533, 0, 75, 471, 467, 11, 7.45%, 0, 0, 3, 76.56
1746612538, 0, 75, 472, 468, 11, 7.45%, 0, 0, 3, 74.32
1746612544, 0, 75, 473, 469, 11, 7.45%, 0, 0, 3, 75.19
1746612549, 0, 75, 474, 470, 11, 7.45%, 0, 0, 3, 73.98
1746612570, 0, 75, 476, 472, 11, 7.45%, 0, 0, 3, 73.92
1746612585, 0, 75, 477, 473, 11, 7.45%, 0, 0, 3, 73.69
1746612606, 0, 75, 479, 475, 11, 7.45%, 0, 0, 3, 75.58
1746612611, 0, 75, 480, 476, 11, 7.45%, 0, 0, 3, 75.35
1746612616, 0, 75, 482, 478, 11, 7.45%, 0, 0, 3, 75.66
1746612621, 0, 75, 485, 481, 11, 7.45%, 0, 0, 3, 69.11
1746612631, 0, 75, 486, 482, 11, 7.45%, 0, 0, 3, 76.39
1746612657, 0, 75, 488, 484, 11, 7.45%, 0, 0, 3, 75.12
1746612662, 0, 75, 489, 485, 11, 7.45%, 0, 0, 3, 73.53
1746612683, 0, 141, 489, 484, 9, 7.45%, 0, 0, 3, 77.38
1746612688, 0, 141, 490, 485, 9, 7.45%, 0, 0, 3, 71.64
1746612698, 0, 232, 490, 484, 9, 7.45%, 0, 0, 3, 70.56
1746612704, 0, 232, 491, 485, 9, 7.45%, 0, 0, 3, 70.34
1746612714, 0, 262, 491, 484, 9, 7.45%, 0, 0, 3, 71.35
1746612724, 0, 387, 491, 483, 9, 7.45%, 0, 0, 3, 68.89
1746612735, 0, 387, 492, 484, 9, 7.45%, 0, 0, 3, 62.91
1746612781, 0, 387, 494, 486, 9, 7.45%, 0, 0, 3, 54.83
1746612786, 0, 387, 495, 487, 9, 7.45%, 0, 0, 3, 57.26
1746612791, 0, 387, 496, 488, 9, 7.45%, 0, 0, 3, 57.42
1746612796, 0, 387, 500, 492, 9, 7.45%, 0, 0, 3, 57.86
1746612801, 0, 387, 502, 494, 9, 7.45%, 0, 0, 3, 59.05
1746612806, 0, 387, 504, 496, 9, 7.45%, 0, 0, 3, 60.92
1746612816, 0, 387, 505, 497, 9, 7.45%, 0, 0, 3, 61.62
1746612821, 0, 387, 507, 499, 9, 7.57%, 0, 0, 3, 64.79
1746612826, 0, 387, 509, 501, 9, 7.57%, 0, 0, 3, 60.64
1746612831, 0, 387, 510, 502, 9, 7.57%, 0, 0, 3, 58.31
1746612836, 0, 387, 513, 505, 9, 7.57%, 0, 0, 3, 60.13
1746612842, 0, 387, 514, 506, 9, 7.57%, 0, 0, 3, 56.45
1746612852, 0, 387, 515, 507, 9, 7.57%, 0, 0, 3, 61.80
1746612857, 0, 387, 516, 508, 9, 7.57%, 0, 0, 3, 61.54
1746612862, 0, 387, 518, 510, 9, 7.57%, 0, 0, 3, 59.92
1746612867, 0, 387, 519, 511, 9, 7.57%, 0, 0, 3, 60.72
1746612872, 0, 387, 520, 512, 9, 7.57%, 0, 0, 3, 61.70
1746612883, 0, 387, 521, 513, 9, 7.57%, 0, 0, 3, 61.48
1746612903, 0, 387, 524, 516, 9, 7.57%, 0, 0, 3, 63.49
1746612913, 0, 387, 525, 517, 9, 7.57%, 0, 0, 3, 62.43
1746612919, 0, 387, 526, 518, 9, 7.57%, 0, 0, 3, 59.73
1746612934, 0, 387, 527, 519, 9, 7.57%, 0, 0, 3, 63.59
1746612939, 0, 387, 528, 520, 9, 7.57%, 0, 0, 3, 61.71
1746612965, 0, 387, 529, 521, 9, 7.57%, 0, 0, 3, 60.24
1746612990, 0, 387, 531, 523, 9, 7.57%, 0, 0, 3, 60.96
1746613006, 0, 387, 534, 526, 9, 7.57%, 0, 0, 3, 55.04
1746613016, 0, 387, 536, 528, 9, 7.57%, 0, 0, 3, 61.67
1746613021, 0, 387, 537, 529, 9, 7.57%, 0, 0, 3, 62.55
1746613026, 0, 387, 539, 531, 9, 7.57%, 0, 0, 3, 60.75
1746613031, 0, 387, 542, 534, 9, 7.57%, 0, 0, 3, 57.25
1746613041, 0, 387, 543, 535, 9, 7.57%, 0, 0, 3, 62.00
1746613046, 0, 387, 546, 538, 9, 7.57%, 0, 0, 3, 54.64
1746613072, 0, 394, 551, 542, 11, 7.58%, 0, 0, 3, 31.65
1746613077, 0, 394, 557, 548, 11, 7.58%, 0, 0, 3, 18.12
1746613082, 0, 394, 564, 555, 11, 7.58%, 0, 0, 3, 13.80
1746613087, 0, 394, 569, 560, 11, 7.58%, 0, 0, 3, 15.85
1746613092, 0, 394, 575, 566, 11, 7.58%, 0, 0, 3, 15.49
1746613097, 0, 394, 581, 572, 11, 7.58%, 0, 0, 3, 13.30
1746613102, 0, 394, 588, 579, 11, 7.58%, 0, 0, 3, 13.22
1746613107, 0, 394, 593, 584, 11, 7.58%, 0, 0, 3, 18.27
1746613112, 0, 394, 599, 590, 11, 7.58%, 0, 0, 3, 13.87
1746613117, 0, 394, 606, 597, 11, 7.58%, 0, 0, 3, 13.77
1746613123, 0, 394, 613, 604, 11, 7.58%, 0, 0, 3, 14.35
1746613128, 0, 394, 618, 609, 11, 7.58%, 0, 0, 3, 25.35
1746613133, 0, 394, 620, 611, 11, 7.58%, 0, 0, 3, 34.21
1746613138, 0, 394, 625, 616, 11, 7.58%, 0, 0, 3, 22.37
1746613143, 0, 394, 631, 622, 11, 7.58%, 0, 0, 3, 17.08
1746613148, 0, 394, 636, 627, 11, 7.58%, 0, 0, 3, 13.76
1746613153, 0, 394, 640, 631, 11, 7.58%, 0, 0, 3, 13.41
1746613158, 0, 394, 645, 636, 11, 7.58%, 0, 0, 3, 12.82
1746613163, 0, 394, 650, 641, 11, 7.59%, 0, 0, 3, 13.01
1746613168, 0, 394, 653, 644, 11, 7.59%, 0, 0, 3, 12.73
1746613173, 0, 394, 660, 651, 11, 7.59%, 0, 0, 3, 15.12
1746613179, 0, 394, 668, 659, 11, 7.59%, 0, 0, 3, 15.55
1746613184, 0, 394, 675, 666, 11, 7.59%, 0, 0, 3, 15.52
1746613189, 0, 394, 677, 668, 11, 7.59%, 0, 0, 3, 14.30
1746613194, 0, 394, 679, 670, 11, 7.59%, 0, 0, 3, 15.77
1746613199, 0, 394, 686, 677, 11, 7.59%, 0, 0, 3, 16.17
1746613204, 0, 394, 688, 679, 11, 7.59%, 0, 0, 3, 32.50
1746613210, 0, 394, 693, 684, 11, 7.59%, 0, 0, 3, 23.15
1746613215, 0, 394, 698, 689, 11, 7.59%, 0, 0, 3, 16.44
1746613220, 0, 394, 706, 697, 11, 7.59%, 0, 0, 3, 18.07
1746613225, 0, 394, 708, 699, 11, 7.59%, 0, 0, 3, 38.85
1746613230, 0, 394, 713, 704, 11, 7.59%, 0, 0, 3, 29.73
1746613235, 0, 394, 718, 709, 11, 7.59%, 0, 0, 3, 29.79
1746613240, 0, 402, 723, 713, 14, 7.59%, 0, 0, 4, 35.61
1746613245, 0, 402, 730, 720, 14, 7.59%, 0, 0, 4, 31.39
1746613251, 0, 402, 736, 726, 14, 7.59%, 0, 0, 4, 28.35
1746613256, 0, 402, 743, 733, 14, 7.59%, 0, 0, 4, 22.83
1746613261, 0, 402, 745, 735, 14, 7.59%, 0, 0, 4, 39.84
1746613266, 0, 402, 750, 740, 14, 7.59%, 0, 0, 4, 35.86
1746613271, 0, 402, 757, 747, 14, 7.59%, 0, 0, 4, 28.80
1746613276, 0, 402, 759, 749, 14, 7.59%, 0, 0, 4, 26.50
1746613281, 0, 402, 760, 750, 14, 7.59%, 0, 0, 4, 27.59
1746613286, 0, 402, 763, 753, 14, 7.59%, 0, 0, 4, 27.55
1746613291, 0, 402, 765, 755, 14, 7.59%, 0, 0, 4, 33.83
1746613296, 0, 402, 773, 763, 14, 7.59%, 0, 0, 4, 25.62
1746613302, 0, 402, 775, 765, 14, 7.59%, 0, 0, 4, 38.46
1746613307, 0, 402, 778, 768, 14, 7.59%, 0, 0, 4, 36.74
1746613312, 0, 402, 782, 772, 14, 7.59%, 0, 0, 4, 23.03
1746613317, 0, 402, 788, 778, 14, 7.59%, 0, 0, 4, 23.43
1746613322, 0, 402, 789, 779, 14, 7.59%, 0, 0, 4, 46.65
1746613332, 0, 402, 791, 781, 14, 7.59%, 0, 0, 4, 46.94
1746613337, 0, 402, 793, 783, 14, 7.62%, 0, 0, 4, 47.68
1746613342, 0, 402, 794, 784, 14, 7.62%, 0, 0, 4, 54.12
1746613353, 0, 402, 797, 787, 14, 7.62%, 0, 0, 4, 48.29
1746613358, 0, 402, 800, 790, 14, 7.62%, 0, 0, 4, 49.77
1746613363, 0, 402, 804, 794, 14, 7.62%, 0, 0, 4, 40.56
1746613373, 0, 402, 805, 795, 14, 7.62%, 0, 0, 4, 55.43
1746613383, 0, 402, 806, 796, 14, 7.62%, 0, 0, 4, 52.51
1746613393, 0, 402, 808, 798, 14, 7.62%, 0, 0, 4, 50.97
1746613398, 0, 402, 809, 799, 14, 7.62%, 0, 0, 4, 51.04
1746613403, 0, 402, 810, 800, 14, 7.62%, 0, 0, 4, 52.24
1746613409, 0, 402, 811, 801, 14, 7.62%, 0, 0, 4, 49.93
1746613414, 0, 402, 815, 805, 14, 7.62%, 0, 0, 4, 45.88
1746613419, 0, 402, 816, 806, 14, 7.62%, 0, 0, 4, 52.90
1746613424, 0, 402, 817, 807, 14, 7.62%, 0, 0, 4, 49.99
1746613434, 0, 402, 818, 808, 14, 7.62%, 0, 0, 4, 52.85
1746613439, 0, 402, 819, 809, 14, 7.62%, 0, 0, 4, 52.66
1746613444, 0, 402, 821, 811, 14, 7.64%, 0, 0, 4, 50.22
1746613449, 0, 402, 822, 812, 14, 7.64%, 0, 0, 4, 52.28
1746613469, 0, 402, 823, 813, 14, 7.64%, 0, 0, 4, 55.58
1746613474, 0, 402, 824, 814, 14, 7.64%, 0, 0, 4, 55.21
1746613485, 0, 402, 825, 815, 14, 7.64%, 0, 0, 4, 51.13
1746613490, 0, 402, 828, 818, 14, 7.64%, 0, 0, 4, 49.58
1746613500, 0, 402, 830, 820, 14, 7.64%, 0, 0, 4, 46.76
1746613515, 0, 402, 831, 821, 14, 7.64%, 0, 0, 4, 47.99
1746613521, 0, 402, 832, 822, 14, 7.64%, 0, 0, 4, 52.00
1746613526, 0, 402, 834, 824, 14, 7.64%, 0, 0, 4, 47.44
1746613546, 0, 402, 835, 825, 14, 7.64%, 0, 0, 4, 51.22
1746613551, 0, 402, 837, 827, 14, 7.64%, 0, 0, 4, 49.74
1746613561, 0, 402, 839, 829, 14, 7.64%, 0, 0, 4, 48.16
1746613566, 0, 402, 840, 830, 14, 7.64%, 0, 0, 4, 48.63
1746613576, 0, 402, 841, 831, 14, 7.64%, 0, 0, 4, 49.52
1746613587, 0, 402, 842, 832, 14, 7.64%, 0, 0, 4, 48.22
1746613592, 0, 402, 844, 834, 14, 7.64%, 0, 0, 4, 52.89
1746613602, 0, 402, 846, 836, 14, 7.64%, 0, 0, 4, 44.50
1746613612, 0, 402, 847, 837, 14, 7.64%, 0, 0, 4, 54.34
1746613642, 0, 405, 847, 836, 16, 7.64%, 0, 0, 4, 56.75
1746613662, 0, 439, 854, 842, 16, 7.65%, 0, 0, 4, 42.66
1746613667, 0, 439, 857, 845, 16, 7.65%, 0, 0, 4, 48.43
1746613673, 0, 439, 858, 846, 16, 7.65%, 0, 0, 4, 39.62
1746613678, 0, 439, 860, 848, 16, 7.65%, 0, 0, 4, 40.43
1746613693, 0, 439, 862, 850, 16, 7.65%, 0, 0, 4, 46.83
1746613703, 0, 439, 863, 851, 16, 7.66%, 0, 0, 4, 53.01
1746613713, 0, 447, 863, 850, 16, 7.66%, 0, 0, 4, 52.71
1746613744, 0, 462, 864, 850, 15, 7.66%, 0, 0, 4, 56.01
1746613754, 0, 543, 864, 849, 15, 7.66%, 0, 0, 4, 58.36
1746613765, 0, 543, 866, 851, 15, 7.66%, 0, 0, 4, 31.90
1746613800, 0, 543, 867, 852, 15, 7.66%, 0, 0, 4, 29.09
1746613841, 0, 543, 868, 853, 15, 7.66%, 0, 0, 4, 36.74
1746613846, 0, 543, 869, 854, 15, 7.66%, 0, 0, 4, 44.71
1746613861, 0, 543, 872, 857, 15, 7.66%, 0, 0, 4, 35.07
1746613871, 0, 648, 872, 856, 15, 7.66%, 0, 0, 4, 51.84
1746613877, 0, 648, 873, 857, 15, 7.66%, 0, 0, 4, 28.14
1746613882, 0, 648, 874, 858, 15, 7.66%, 0, 0, 4, 22.02
1746613887, 0, 648, 876, 860, 15, 7.66%, 0, 0, 4, 18.09
1746613902, 0, 648, 878, 862, 15, 7.66%, 0, 0, 4, 16.98
1746613938, 0, 648, 879, 863, 15, 7.66%, 0, 0, 4, 40.73
1746613953, 0, 648, 880, 864, 15, 7.66%, 0, 0, 4, 48.92
1746613958, 0, 679, 880, 863, 14, 7.66%, 0, 0, 4, 30.20
1746613969, 0, 679, 882, 865, 14, 7.66%, 0, 0, 4, 23.71
1746613994, 0, 679, 884, 867, 14, 7.66%, 0, 0, 4, 15.99
1746614015, 0, 679, 885, 868, 14, 7.66%, 0, 0, 4, 30.78
1746614025, 0, 679, 886, 869, 14, 7.66%, 0, 0, 4, 31.23
1746614040, 0, 691, 886, 868, 14, 7.66%, 0, 0, 4, 46.13
1746614066, 0, 691, 889, 871, 14, 7.66%, 0, 0, 4, 19.86
1746614076, 0, 691, 890, 872, 14, 7.66%, 0, 0, 4, 17.34
1746614117, 0, 721, 890, 871, 14, 7.66%, 0, 0, 4, 46.40
1746614127, 0, 721, 891, 872, 14, 7.66%, 0, 0, 5, 38.44
1746614158, 0, 721, 893, 874, 14, 7.66%, 0, 0, 5, 25.94
1746614183, 0, 721, 894, 875, 14, 7.66%, 0, 0, 5, 46.65
1746614193, 0, 721, 896, 877, 14, 7.66%, 0, 0, 5, 47.76
1746614214, 0, 721, 897, 878, 14, 7.66%, 0, 0, 5, 50.65
1746614219, 0, 721, 898, 879, 14, 7.66%, 0, 0, 5, 48.78
1746614224, 0, 721, 899, 880, 14, 7.66%, 0, 0, 5, 50.45
1746614239, 0, 721, 900, 881, 14, 7.66%, 0, 0, 5, 49.11
1746614269, 0, 721, 901, 882, 14, 7.67%, 0, 0, 5, 52.35
1746614295, 0, 721, 902, 883, 14, 7.67%, 0, 0, 5, 52.90
1746614320, 0, 721, 903, 884, 14, 7.67%, 0, 0, 5, 52.63
1746614336, 0, 721, 905, 886, 14, 7.67%, 0, 0, 5, 43.72
1746614346, 0, 721, 906, 887, 14, 7.67%, 0, 0, 5, 51.29
1746614351, 0, 721, 907, 888, 14, 7.67%, 0, 0, 5, 48.81
1746614356, 0, 721, 908, 889, 14, 7.67%, 0, 0, 5, 47.79
1746614376, 0, 721, 909, 890, 14, 7.67%, 0, 0, 5, 52.11
1746614381, 0, 721, 910, 891, 14, 7.67%, 0, 0, 5, 34.25
1746614386, 0, 721, 911, 892, 14, 7.67%, 0, 0, 5, 46.89
1746614392, 0, 721, 912, 893, 14, 7.67%, 0, 0, 5, 49.15
1746614397, 0, 721, 914, 895, 14, 7.67%, 0, 0, 5, 48.12
1746614412, 0, 721, 915, 896, 14, 7.67%, 0, 0, 5, 51.84
1746614427, 0, 721, 916, 897, 14, 7.67%, 0, 0, 5, 54.89
1746614432, 0, 721, 917, 898, 14, 7.67%, 0, 0, 5, 46.75
1746614437, 0, 721, 918, 899, 14, 7.67%, 0, 0, 5, 48.58
1746614447, 0, 721, 919, 900, 14, 7.67%, 0, 0, 5, 52.10
1746614457, 0, 721, 920, 901, 14, 7.67%, 0, 0, 5, 47.14
1746614462, 0, 721, 921, 902, 14, 7.67%, 0, 0, 5, 48.49
1746614468, 0, 721, 922, 903, 14, 7.67%, 0, 0, 5, 51.49
1746614478, 0, 721, 923, 904, 14, 7.67%, 0, 0, 5, 51.64
1746614488, 0, 721, 924, 905, 14, 7.67%, 0, 0, 5, 52.51
1746614493, 0, 721, 925, 906, 14, 7.67%, 0, 0, 5, 47.65
1746614498, 0, 810, 925, 905, 13, 7.67%, 0, 0, 5, 27.76
1746614503, 0, 810, 926, 906, 13, 7.67%, 0, 0, 5, 25.35
1746614508, 0, 810, 927, 907, 13, 7.67%, 0, 0, 5, 18.63
1746614513, 0, 810, 928, 908, 13, 7.67%, 0, 0, 5, 19.67
1746614518, 0, 810, 930, 910, 13, 7.67%, 0, 0, 5, 17.29
1746614534, 0, 810, 931, 911, 13, 7.67%, 0, 0, 5, 22.24
1746614539, 0, 810, 932, 912, 13, 7.67%, 0, 0, 5, 18.12
1746614559, 0, 810, 933, 913, 13, 7.67%, 0, 0, 5, 16.36
1746614564, 0, 810, 934, 914, 13, 7.67%, 0, 0, 5, 16.41
1746614574, 0, 810, 935, 915, 13, 7.67%, 0, 0, 5, 17.73
1746614580, 0, 810, 936, 916, 13, 7.67%, 0, 0, 5, 19.17
1746614590, 0, 810, 938, 918, 13, 7.67%, 0, 0, 5, 22.60
1746614600, 0, 810, 940, 920, 13, 7.67%, 0, 0, 5, 15.78
1746614605, 0, 810, 941, 921, 13, 7.67%, 0, 0, 5, 16.33
1746614621, 0, 810, 942, 922, 13, 7.67%, 0, 0, 5, 19.69
1746614626, 0, 810, 943, 923, 13, 7.67%, 0, 0, 5, 16.53
1746614647, 0, 810, 945, 925, 13, 7.67%, 0, 0, 5, 29.13
1746614652, 0, 810, 948, 928, 13, 7.67%, 0, 0, 5, 36.56
1746614672, 0, 810, 949, 929, 13, 7.67%, 0, 0, 5, 42.76
1746614682, 0, 810, 950, 930, 13, 7.67%, 0, 0, 5, 42.12
1746614692, 0, 810, 951, 931, 13, 7.67%, 0, 0, 5, 43.64
1746614713, 0, 810, 952, 932, 13, 7.67%, 0, 0, 5, 43.11
1746614729, 0, 810, 953, 933, 13, 7.67%, 0, 0, 5, 44.19
1746614734, 0, 810, 954, 934, 13, 7.67%, 0, 0, 5, 42.25
1746614749, 0, 810, 955, 935, 13, 7.67%, 0, 0, 5, 47.77
1746614785, 0, 810, 956, 936, 13, 7.67%, 0, 0, 5, 42.81
1746614795, 0, 810, 958, 938, 13, 7.67%, 0, 0, 5, 40.33
1746614866, 0, 810, 959, 939, 13, 7.67%, 0, 0, 5, 39.48
1746614871, 0, 810, 960, 940, 13, 7.67%, 0, 0, 5, 43.92
1746614897, 0, 810, 961, 941, 13, 7.67%, 0, 0, 5, 44.02
1746614907, 0, 810, 962, 942, 13, 7.67%, 0, 0, 5, 46.30
1746614913, 0, 810, 963, 943, 13, 7.67%, 0, 0, 5, 45.94
1746614923, 0, 810, 964, 944, 13, 7.67%, 0, 0, 5, 41.17
1746614928, 0, 844, 966, 945, 14, 7.67%, 0, 0, 5, 23.75
1746614938, 0, 844, 969, 948, 14, 7.67%, 0, 0, 5, 12.17
1746614948, 0, 844, 970, 949, 14, 7.67%, 0, 0, 5, 13.60
1746614953, 0, 844, 972, 951, 14, 7.68%, 0, 0, 5, 11.59
1746614964, 0, 844, 973, 952, 14, 7.68%, 0, 0, 5, 14.52
1746614969, 0, 844, 975, 954, 14, 7.68%, 0, 0, 5, 11.50
1746614979, 0, 844, 978, 957, 14, 7.68%, 0, 0, 5, 12.87
1746614989, 0, 844, 979, 958, 14, 7.68%, 0, 0, 5, 25.46
1746615010, 0, 844, 980, 959, 14, 7.68%, 0, 0, 5, 13.09
1746615015, 0, 844, 982, 961, 14, 7.68%, 0, 0, 5, 13.58
1746615025, 0, 844, 983, 962, 14, 7.68%, 0, 0, 5, 12.51
1746615040, 0, 844, 984, 963, 14, 7.68%, 0, 0, 5, 11.59
1746615056, 0, 844, 985, 964, 14, 7.68%, 0, 0, 5, 10.99
1746615081, 0, 844, 986, 965, 14, 7.68%, 0, 0, 5, 13.19
1746615092, 0, 844, 987, 966, 14, 7.68%, 0, 0, 5, 14.36
1746615097, 0, 844, 989, 968, 14, 7.68%, 0, 0, 5, 24.14
1746615102, 0, 844, 990, 969, 14, 7.68%, 0, 0, 5, 25.61
1746615122, 0, 844, 991, 970, 14, 7.68%, 0, 0, 5, 12.19
1746615127, 0, 844, 992, 971, 14, 7.68%, 0, 0, 5, 10.72
1746615169, 0, 844, 993, 972, 14, 7.68%, 0, 0, 5, 12.16
1746615174, 0, 844, 994, 973, 14, 7.68%, 0, 0, 5, 11.48
1746615184, 0, 844, 995, 974, 14, 7.68%, 0, 0, 5, 11.22
1746615194, 0, 844, 996, 975, 14, 7.68%, 0, 0, 5, 10.65
1746615220, 0, 851, 996, 974, 16, 7.68%, 0, 0, 5, 39.60
1746615225, 0, 851, 997, 975, 16, 7.68%, 0, 0, 5, 43.94
1746615230, 0, 851, 998, 976, 16, 7.68%, 0, 0, 5, 35.44
1746615235, 0, 851, 1002, 980, 16, 7.68%, 0, 0, 5, 46.83
1746615245, 0, 851, 1003, 981, 16, 7.68%, 0, 0, 5, 44.30
1746615271, 0, 852, 1003, 980, 16, 7.68%, 0, 0, 5, 45.82
1746615281, 0, 852, 1004, 981, 16, 7.68%, 0, 0, 5, 36.47
1746615317, 0, 854, 1004, 980, 16, 7.68%, 0, 0, 5, 50.89
1746615342, 0, 854, 1005, 981, 16, 7.68%, 0, 0, 5, 45.65
1746615367, 0, 862, 1009, 984, 15, 7.68%, 0, 0, 5, 37.71
1746615393, 0, 862, 1010, 985, 15, 7.68%, 0, 0, 5, 31.41
1746615398, 0, 862, 1011, 986, 15, 7.68%, 0, 0, 5, 26.45
1746615628, 0, 862, 1012, 987, 15, 7.68%, 0, 0, 5, 43.31
1746615633, 0, 862, 1013, 988, 15, 7.68%, 0, 0, 5, 47.48
1746615643, 0, 862, 1014, 989, 15, 7.68%, 0, 0, 5, 44.38
1746615668, 0, 862, 1015, 990, 15, 7.68%, 0, 0, 5, 41.06
1746615704, 0, 862, 1016, 991, 15, 7.68%, 0, 0, 5, 47.01
1746615730, 0, 862, 1017, 992, 15, 7.68%, 0, 0, 5, 46.98
1746615836, 0, 862, 1018, 993, 15, 7.68%, 0, 0, 5, 44.25
1746615847, 0, 862, 1019, 994, 15, 7.68%, 0, 0, 5, 46.57
1746615872, 0, 862, 1020, 995, 15, 7.68%, 0, 0, 5, 48.75
1746615882, 0, 868, 1021, 995, 16, 7.68%, 0, 0, 5, 44.58
1746615979, 0, 868, 1022, 996, 16, 7.68%, 0, 0, 5, 38.10
1746615999, 0, 877, 1022, 995, 15, 7.68%, 0, 0, 5, 48.15
1746616086, 0, 883, 1022, 994, 15, 7.68%, 0, 0, 5, 31.83
1746616158, 0, 887, 1022, 993, 14, 7.68%, 0, 0, 5, 53.43
1746616209, 0, 887, 1023, 994, 14, 7.68%, 0, 0, 5, 34.10
1746616239, 0, 900, 1023, 993, 13, 7.68%, 0, 0, 5, 43.65
1746616245, 0, 900, 1024, 994, 13, 7.68%, 0, 0, 6, 24.32
1746616250, 0, 900, 1028, 998, 13, 7.68%, 0, 0, 6, 16.90
1746616255, 0, 900, 1029, 999, 13, 7.68%, 0, 0, 6, 13.63
1746616260, 0, 900, 1030, 1000, 13, 7.68%, 0, 0, 6, 21.70
1746616265, 0, 900, 1031, 1001, 13, 7.68%, 0, 0, 6, 16.68
1746616280, 0, 900, 1033, 1003, 13, 7.68%, 0, 0, 6, 17.32
1746616285, 0, 900, 1034, 1004, 13, 7.68%, 0, 0, 6, 15.20
1746616352, 0, 900, 1035, 1005, 13, 7.68%, 0, 0, 6, 15.44
1746616357, 0, 900, 1038, 1008, 13, 7.68%, 0, 0, 6, 15.00
1746616362, 0, 900, 1041, 1011, 13, 7.68%, 0, 0, 6, 13.86
1746616372, 0, 900, 1042, 1012, 13, 7.68%, 0, 0, 6, 12.53
1746616439, 0, 900, 1043, 1013, 13, 7.68%, 0, 0, 6, 27.16
1746616475, 0, 900, 1044, 1014, 13, 7.68%, 0, 0, 6, 12.47
1746616516, 0, 900, 1045, 1015, 13, 7.68%, 0, 0, 6, 14.30
1746616541, 0, 900, 1046, 1016, 13, 7.68%, 0, 0, 6, 14.30
1746616551, 0, 900, 1047, 1017, 13, 7.68%, 0, 0, 6, 11.93
1746616592, 0, 900, 1048, 1018, 13, 8.27%, 0, 0, 6, 34.65
1746616603, 0, 900, 1049, 1019, 13, 8.27%, 0, 0, 6, 34.05
1746616638, 0, 929, 1049, 1018, 15, 8.27%, 0, 0, 6, 25.61
1746616648, 0, 929, 1050, 1019, 15, 8.27%, 0, 0, 6, 16.97
1746616653, 0, 929, 1051, 1020, 15, 8.27%, 0, 0, 6, 22.88
1746616812, 0, 933, 1051, 1019, 14, 8.27%, 0, 0, 6, 35.73
1746616832, 0, 933, 1052, 1020, 14, 8.27%, 0, 0, 6, 18.36
1746616883, 0, 933, 1055, 1023, 14, 8.27%, 0, 0, 6, 16.27
1746616975, 0, 947, 1055, 1022, 13, 8.27%, 0, 0, 6, 35.18
1746617134, 0, 957, 1055, 1021, 13, 8.27%, 0, 0, 6, 40.97
1746617139, 0, 957, 1056, 1022, 13, 8.27%, 0, 0, 6, 20.64
1746617144, 0, 957, 1058, 1024, 13, 8.27%, 0, 0, 6, 15.16
1746617180, 0, 957, 1059, 1025, 13, 8.27%, 0, 0, 6, 34.18
1746617246, 0, 957, 1060, 1026, 13, 8.27%, 0, 0, 6, 13.21
1746617385, 0, 970, 1060, 1025, 13, 8.27%, 0, 0, 6, 28.54
1746617395, 0, 970, 1061, 1026, 13, 8.27%, 0, 0, 6, 12.64
1746617452, 0, 970, 1062, 1027, 13, 8.27%, 0, 0, 6, 13.82
1746617503, 0, 970, 1064, 1029, 13, 8.27%, 0, 0, 6, 11.00
1746617544, 0, 970, 1065, 1030, 13, 8.27%, 0, 0, 6, 35.58
1746617565, 0, 970, 1066, 1031, 13, 8.27%, 0, 0, 6, 12.85
1746617580, 0, 970, 1067, 1032, 13, 8.27%, 0, 0, 6, 10.94
1746617647, 0, 970, 1068, 1033, 13, 8.27%, 0, 0, 6, 10.16
1746617668, 0, 989, 1068, 1032, 14, 8.27%, 0, 0, 6, 41.40
1746617755, 0, 989, 1069, 1033, 14, 8.27%, 0, 0, 6, 34.41
1746617842, 0, 995, 1069, 1032, 13, 8.27%, 0, 0, 6, 28.00
1746618133, 0, 998, 1069, 1031, 12, 8.27%, 0, 0, 6, 39.89
1746618174, 0, 998, 1070, 1032, 12, 8.27%, 0, 0, 6, 58.52
1746618199, 0, 1003, 1070, 1031, 11, 8.27%, 0, 0, 6, 48.71
1746618256, 0, 1019, 1072, 1032, 10, 8.27%, 0, 0, 6, 56.42
1746618261, 0, 1019, 1075, 1035, 10, 8.27%, 0, 0, 6, 52.19
1746618276, 0, 1019, 1076, 1036, 10, 8.27%, 0, 0, 6, 59.77
1746618301, 0, 1020, 1077, 1036, 10, 8.27%, 0, 0, 6, 52.37
1746618567, 0, 1047, 1077, 1035, 10, 8.27%, 0, 0, 6, 30.31
1746618572, 0, 1047, 1078, 1036, 10, 8.28%, 0, 0, 7, 18.72
1746618577, 0, 1047, 1079, 1037, 10, 8.31%, 0, 0, 7, 14.14
1746618582, 0, 1047, 1081, 1039, 10, 8.31%, 0, 0, 7, 12.04
1746618587, 0, 1047, 1085, 1043, 10, 8.31%, 0, 0, 7, 10.27
1746618592, 0, 1047, 1089, 1047, 10, 8.31%, 0, 0, 7, 10.03
1746618597, 0, 1047, 1094, 1052, 10, 8.32%, 0, 0, 7, 9.55
1746618602, 0, 1047, 1098, 1056, 10, 8.32%, 0, 0, 7, 9.22
1746618607, 0, 1047, 1103, 1061, 10, 8.32%, 0, 0, 7, 9.35
1746618612, 0, 1047, 1106, 1064, 10, 8.37%, 0, 0, 7, 9.11
1746618628, 0, 1047, 1107, 1065, 10, 8.37%, 0, 0, 7, 14.18
1746618633, 0, 1047, 1109, 1067, 10, 8.37%, 0, 0, 7, 12.13
1746618638, 0, 1047, 1112, 1070, 10, 8.48%, 0, 0, 7, 9.67
1746618643, 0, 1047, 1116, 1074, 10, 8.48%, 0, 0, 7, 9.21
1746618648, 0, 1047, 1121, 1079, 10, 8.48%, 0, 0, 7, 9.49
1746618653, 0, 1047, 1123, 1081, 10, 8.48%, 0, 0, 7, 9.26
1746618669, 0, 1047, 1124, 1082, 10, 8.48%, 0, 0, 7, 13.95
1746618674, 0, 1047, 1126, 1084, 10, 8.48%, 0, 0, 7, 11.72
1746618679, 0, 1047, 1129, 1087, 10, 8.48%, 0, 0, 7, 9.82
1746618684, 0, 1047, 1133, 1091, 10, 8.48%, 0, 0, 7, 8.91
1746618689, 0, 1047, 1137, 1095, 10, 8.48%, 0, 0, 7, 9.11
1746618700, 0, 1047, 1139, 1097, 10, 8.48%, 0, 0, 7, 10.87
1746618705, 0, 1047, 1141, 1099, 10, 8.48%, 0, 0, 7, 11.48
1746618710, 0, 1047, 1142, 1100, 10, 8.48%, 0, 0, 7, 33.67
1746618792, 0, 1047, 1143, 1101, 10, 8.48%, 0, 0, 7, 11.64
1746618823, 0, 1047, 1145, 1103, 10, 8.48%, 0, 0, 7, 11.99
1746618828, 0, 1047, 1147, 1105, 10, 8.48%, 0, 0, 7, 10.62
1746618833, 0, 1047, 1150, 1108, 10, 8.48%, 0, 0, 7, 9.77
1746618838, 0, 1047, 1153, 1111, 10, 8.48%, 0, 0, 7, 9.33
1746618843, 0, 1047, 1156, 1114, 10, 8.48%, 0, 0, 7, 9.44
1746618848, 0, 1047, 1157, 1115, 10, 8.48%, 0, 0, 7, 9.17
1746618858, 0, 1047, 1158, 1116, 10, 8.48%, 0, 0, 7, 9.30
1746618864, 0, 1047, 1159, 1117, 10, 8.48%, 0, 0, 7, 9.30
1746618869, 0, 1047, 1162, 1120, 10, 8.48%, 0, 0, 7, 9.30
1746618874, 0, 1047, 1165, 1123, 10, 8.48%, 0, 0, 7, 9.20
1746618879, 0, 1047, 1166, 1124, 10, 8.48%, 0, 0, 7, 9.25
1746618884, 0, 1047, 1168, 1126, 10, 8.48%, 0, 0, 7, 9.29
1746618889, 0, 1047, 1169, 1127, 10, 8.48%, 0, 0, 7, 9.24
1746618971, 0, 1047, 1172, 1130, 10, 8.48%, 0, 0, 7, 9.10
1746618976, 0, 1047, 1173, 1131, 10, 8.48%, 0, 0, 7, 11.59
1746619022, 0, 1047, 1176, 1134, 10, 8.48%, 0, 0, 7, 10.62
1746619073, 0, 1047, 1177, 1135, 10, 8.48%, 0, 0, 7, 10.52
1746619078, 0, 1047, 1179, 1137, 10, 8.48%, 0, 0, 7, 9.08
1746619088, 0, 1047, 1182, 1140, 10, 8.48%, 0, 0, 7, 9.31
1746619093, 0, 1047, 1184, 1142, 10, 8.48%, 0, 0, 7, 9.96
1746619098, 0, 1047, 1186, 1144, 10, 8.48%, 0, 0, 7, 9.50
1746619104, 0, 1047, 1189, 1147, 10, 8.65%, 0, 0, 7, 8.85
1746619109, 0, 1047, 1191, 1149, 10, 8.65%, 0, 0, 7, 8.83
1746619114, 0, 1047, 1192, 1150, 10, 8.65%, 0, 0, 7, 51.33
1746619195, 0, 1047, 1193, 1151, 10, 8.65%, 0, 0, 7, 10.61
1746619201, 0, 1047, 1196, 1154, 10, 8.65%, 0, 0, 7, 9.53
1746619206, 0, 1047, 1198, 1156, 10, 8.65%, 0, 0, 7, 8.74
1746619211, 0, 1047, 1200, 1158, 10, 8.65%, 0, 0, 7, 8.38
1746619216, 0, 1047, 1202, 1160, 10, 8.65%, 0, 0, 7, 9.05
1746619221, 0, 1047, 1203, 1161, 10, 8.65%, 0, 0, 7, 9.61
1746619226, 0, 1047, 1205, 1163, 10, 8.65%, 0, 0, 7, 10.12
1746619231, 0, 1047, 1207, 1165, 10, 8.65%, 0, 0, 7, 9.93
1746619236, 0, 1047, 1208, 1166, 10, 8.65%, 0, 0, 7, 9.53
1746619262, 0, 1047, 1209, 1167, 10, 8.65%, 0, 0, 7, 18.26
1746619278, 0, 1053, 1209, 1166, 13, 8.65%, 0, 0, 7, 37.03
1746619349, 0, 1053, 1210, 1167, 13, 8.65%, 0, 0, 7, 16.22
1746619442, 0, 1053, 1211, 1168, 13, 8.65%, 0, 0, 7, 41.01
1746619472, 0, 1054, 1211, 1167, 12, 8.65%, 0, 0, 7, 40.94
1746619642, 0, 1062, 1211, 1166, 11, 8.65%, 0, 0, 7, 40.27
1746619919, 0, 1062, 1212, 1167, 11, 8.65%, 0, 0, 7, 36.49
1746619949, 0, 1064, 1212, 1166, 10, 8.65%, 0, 0, 7, 43.04
1746619974, 0, 1064, 1214, 1168, 10, 8.65%, 0, 0, 7, 12.31
1746620051, 0, 1064, 1215, 1169, 10, 8.65%, 0, 0, 7, 11.41
1746620056, 0, 1064, 1216, 1170, 10, 8.65%, 0, 0, 7, 11.71
1746620236, 0, 1070, 1216, 1169, 10, 8.65%, 0, 0, 7, 45.10
1746620277, 0, 1076, 1216, 1168, 9, 8.65%, 0, 0, 7, 39.98
1746620548, 0, 1076, 1217, 1169, 9, 8.65%, 0, 0, 7, 35.02
1746620568, 0, 1076, 1218, 1170, 9, 8.65%, 0, 0, 7, 17.76
1746620573, 0, 1076, 1219, 1171, 9, 8.89%, 0, 0, 7, 41.10
1746620701, 0, 1085, 1219, 1170, 9, 8.89%, 0, 0, 7, 42.88
1746620757, 0, 1085, 1220, 1171, 9, 8.89%, 0, 0, 8, 13.73
1746620767, 0, 1085, 1221, 1172, 9, 8.89%, 0, 0, 8, 12.47
1746620890, 0, 1085, 1222, 1173, 9, 8.89%, 0, 0, 8, 12.70
1746620906, 0, 1085, 1223, 1174, 9, 8.89%, 0, 0, 8, 10.61
1746621039, 0, 1085, 1224, 1175, 9, 8.89%, 0, 0, 8, 30.60
1746621095, 0, 1085, 1226, 1177, 9, 8.89%, 0, 0, 8, 9.73
1746621182, 0, 1085, 1227, 1178, 9, 8.89%, 0, 0, 8, 10.89
1746621197, 0, 1085, 1228, 1179, 9, 8.89%, 0, 0, 8, 19.08
1746621218, 0, 1085, 1229, 1180, 9, 8.89%, 0, 0, 8, 26.84
1746621238, 0, 1091, 1229, 1179, 9, 8.89%, 0, 0, 8, 32.68
1746621284, 0, 1091, 1230, 1180, 9, 8.89%, 0, 0, 8, 10.48
1746621315, 0, 1091, 1232, 1182, 9, 8.89%, 0, 0, 8, 9.26
1746621325, 0, 1091, 1233, 1183, 9, 8.89%, 0, 0, 8, 12.26
1746621443, 0, 1091, 1234, 1184, 9, 8.89%, 0, 0, 8, 12.30
1746621469, 0, 1091, 1235, 1185, 9, 8.89%, 0, 0, 8, 8.93
1746621694, 0, 1091, 1236, 1186, 9, 8.89%, 0, 0, 8, 9.14
1746621709, 0, 1091, 1237, 1187, 9, 8.89%, 0, 0, 8, 20.98
1746621806, 0, 1091, 1238, 1188, 9, 8.89%, 0, 0, 8, 10.01
1746621836, 0, 1091, 1239, 1189, 9, 8.89%, 0, 0, 8, 16.74
1746621852, 0, 1102, 1239, 1188, 9, 8.89%, 0, 0, 8, 34.22
1746621872, 0, 1102, 1240, 1189, 9, 8.89%, 0, 0, 8, 10.43
1746621929, 0, 1102, 1241, 1190, 9, 8.89%, 0, 0, 8, 9.50
1746621944, 0, 1102, 1242, 1191, 9, 8.89%, 0, 0, 8, 36.33
1746622288, 0, 1102, 1243, 1192, 9, 8.89%, 0, 0, 8, 9.29
1746622457, 0, 1118, 1243, 1191, 9, 8.89%, 0, 0, 8, 29.32
1746622473, 0, 1118, 1244, 1192, 9, 8.89%, 0, 0, 8, 12.69
1746622524, 0, 1118, 1245, 1193, 9, 8.89%, 0, 0, 8, 11.89
1746622529, 0, 1118, 1246, 1194, 9, 8.89%, 0, 0, 8, 10.04
1746622534, 0, 1118, 1247, 1195, 9, 8.89%, 0, 0, 8, 12.02
1746622544, 0, 1118, 1248, 1196, 9, 8.89%, 0, 0, 8, 16.98
1746622662, 0, 1118, 1249, 1197, 9, 8.89%, 0, 0, 8, 11.18
1746622672, 0, 1118, 1250, 1198, 9, 8.89%, 0, 0, 8, 10.10
1746622677, 0, 1118, 1251, 1199, 9, 8.89%, 0, 0, 8, 10.17
1746622688, 0, 1118, 1252, 1200, 9, 8.89%, 0, 0, 8, 10.22
1746622780, 0, 1118, 1253, 1201, 9, 8.89%, 0, 0, 8, 9.95
1746622785, 0, 1118, 1254, 1202, 9, 8.89%, 0, 0, 8, 12.34
1746622882, 0, 1118, 1255, 1203, 9, 8.89%, 0, 0, 8, 10.54
1746622897, 0, 1118, 1256, 1204, 9, 8.90%, 0, 0, 8, 9.52
1746623051, 0, 1118, 1257, 1205, 9, 8.90%, 0, 0, 8, 31.90
1746623081, 0, 1118, 1258, 1206, 9, 9.71%, 0, 0, 8, 36.12
1746623138, 0, 1170, 1258, 1205, 8, 9.71%, 0, 0, 8, 24.17
1746623184, 0, 1170, 1259, 1206, 8, 9.71%, 0, 0, 8, 9.23
1746623210, 0, 1170, 1260, 1207, 8, 9.71%, 0, 0, 8, 9.88
1746623215, 0, 1170, 1261, 1208, 8, 9.71%, 0, 0, 8, 8.52
1746623358, 0, 1170, 1262, 1209, 8, 9.71%, 0, 0, 8, 8.63
1746623363, 0, 1170, 1263, 1210, 8, 9.71%, 0, 0, 8, 8.33
1746623404, 0, 1170, 1264, 1211, 8, 9.71%, 0, 0, 8, 8.07
1746623598, 0, 1170, 1265, 1212, 8, 9.71%, 0, 0, 8, 8.47
1746623695, 0, 1170, 1266, 1213, 8, 9.71%, 0, 0, 8, 8.61
1746623700, 0, 1170, 1267, 1214, 8, 9.71%, 0, 0, 8, 8.20
1746623710, 0, 1170, 1268, 1215, 8, 9.71%, 0, 0, 8, 8.27
1746623746, 0, 1170, 1269, 1216, 8, 9.73%, 0, 0, 8, 10.80
1746623751, 0, 1170, 1270, 1217, 8, 9.73%, 0, 0, 8, 15.48
1746623766, 0, 1213, 1270, 1216, 8, 9.73%, 0, 0, 8, 31.87
1746623771, 0, 1213, 1272, 1218, 8, 9.73%, 0, 0, 8, 19.40
1746623787, 0, 1213, 1273, 1219, 8, 9.73%, 0, 0, 8, 13.33
1746623986, 0, 1218, 1276, 1221, 8, 9.73%, 0, 0, 8, 37.13
1746623996, 0, 1218, 1278, 1223, 8, 9.73%, 0, 0, 8, 30.45
1746624001, 0, 1218, 1282, 1227, 8, 9.75%, 0, 0, 8, 29.47
1746624006, 0, 1218, 1286, 1231, 8, 9.85%, 0, 0, 8, 32.60
1746624016, 0, 1218, 1287, 1232, 8, 9.85%, 0, 0, 8, 30.31
1746624021, 0, 1218, 1290, 1235, 8, 9.85%, 0, 0, 8, 28.85
1746624037, 0, 1218, 1292, 1237, 8, 9.85%, 0, 0, 8, 30.56
1746624042, 0, 1218, 1293, 1238, 8, 9.85%, 0, 0, 8, 31.10
1746624052, 0, 1218, 1294, 1239, 8, 9.85%, 0, 0, 8, 40.13
1746624155, 0, 1218, 1295, 1240, 8, 9.85%, 0, 0, 8, 28.99
1746624160, 0, 1218, 1296, 1241, 8, 9.85%, 0, 0, 8, 28.17
1746624416, 0, 1218, 1299, 1244, 8, 9.85%, 0, 0, 8, 35.92
1746624431, 0, 1218, 1301, 1246, 8, 9.85%, 0, 0, 8, 30.43
1746624436, 0, 1218, 1307, 1252, 8, 9.85%, 0, 0, 8, 40.85
1746624462, 0, 1218, 1313, 1258, 8, 9.85%, 0, 0, 8, 31.30
1746624467, 0, 1218, 1317, 1262, 8, 9.85%, 0, 0, 8, 33.82
1746624482, 0, 1218, 1318, 1263, 8, 9.85%, 0, 0, 8, 32.95
1746624508, 0, 1228, 1318, 1262, 9, 9.85%, 0, 0, 8, 35.36
1746624528, 0, 1228, 1319, 1263, 9, 9.85%, 0, 0, 9, 21.33
1746624872, 0, 1228, 1320, 1264, 9, 9.85%, 0, 0, 9, 14.15
1746624989, 0, 1228, 1321, 1265, 9, 9.85%, 0, 0, 9, 11.74
1746625051, 0, 1236, 1321, 1264, 9, 9.85%, 0, 0, 9, 25.14
1746625450, 0, 1236, 1322, 1265, 9, 9.85%, 0, 0, 9, 10.67
1746625496, 0, 1236, 1323, 1266, 9, 9.85%, 0, 0, 9, 13.42
1746625598, 0, 1236, 1324, 1267, 9, 9.85%, 0, 0, 9, 31.78
1746625603, 0, 1236, 1325, 1268, 9, 9.85%, 0, 0, 9, 6.39
1746625634, 0, 1236, 1326, 1269, 9, 9.85%, 0, 0, 9, 37.53
1746625736, 0, 1236, 1327, 1270, 9, 9.85%, 0, 0, 9, 33.23
1746625792, 0, 1236, 1328, 1271, 9, 9.85%, 0, 0, 9, 31.25
1746625838, 0, 1247, 1328, 1270, 9, 9.85%, 0, 0, 9, 33.51
1746625859, 0, 1247, 1330, 1272, 9, 9.85%, 0, 0, 9, 10.80
1746625864, 0, 1247, 1334, 1276, 9, 9.85%, 0, 0, 9, 8.97
1746625869, 0, 1247, 1336, 1278, 9, 9.85%, 0, 0, 9, 8.55
1746625874, 0, 1247, 1339, 1281, 9, 9.85%, 0, 0, 9, 8.37
1746625879, 0, 1247, 1342, 1284, 9, 9.85%, 0, 0, 9, 47.56
1746625900, 0, 1247, 1343, 1285, 9, 9.85%, 0, 0, 9, 10.35
1746625905, 0, 1247, 1344, 1286, 9, 9.85%, 0, 0, 9, 8.91
1746625910, 0, 1247, 1345, 1287, 9, 9.85%, 0, 0, 9, 38.65
1746625935, 0, 1247, 1348, 1290, 9, 9.85%, 0, 0, 9, 8.63
1746626074, 0, 1247, 1349, 1291, 9, 9.85%, 0, 0, 9, 9.29
1746626090, 0, 1247, 1350, 1292, 9, 9.85%, 0, 0, 9, 9.11
1746626100, 0, 1247, 1351, 1293, 9, 9.85%, 0, 0, 9, 8.76
1746626105, 0, 1247, 1352, 1294, 9, 9.85%, 0, 0, 9, 8.41
1746626110, 0, 1247, 1354, 1296, 9, 9.85%, 0, 0, 9, 8.28
1746626120, 0, 1247, 1356, 1298, 9, 9.85%, 0, 0, 9, 8.24
1746626126, 0, 1247, 1358, 1300, 9, 9.85%, 0, 0, 9, 8.27
1746626136, 0, 1247, 1359, 1301, 9, 9.85%, 0, 0, 9, 31.95
1746626202, 0, 1247, 1360, 1302, 9, 9.85%, 0, 0, 9, 11.50
1746626248, 0, 1247, 1361, 1303, 9, 9.85%, 0, 0, 9, 10.28
1746626310, 0, 1247, 1362, 1304, 9, 9.85%, 0, 0, 9, 8.44
1746626325, 0, 1247, 1363, 1305, 9, 9.85%, 0, 0, 9, 8.82
1746626423, 0, 1247, 1364, 1306, 9, 9.85%, 0, 0, 9, 8.50
1746626428, 0, 1247, 1365, 1307, 9, 9.85%, 0, 0, 9, 8.03
1746626433, 0, 1247, 1366, 1308, 9, 9.85%, 0, 0, 9, 8.12
1746626494, 0, 1253, 1366, 1307, 10, 9.85%, 0, 0, 9, 29.77
1746626519, 0, 1253, 1368, 1309, 10, 9.85%, 0, 0, 9, 9.12
1746626545, 0, 1253, 1370, 1311, 10, 9.86%, 0, 0, 9, 9.34
1746626571, 0, 1253, 1371, 1312, 10, 9.86%, 0, 0, 9, 9.71
1746626586, 0, 1253, 1372, 1313, 10, 9.86%, 0, 0, 9, 14.89
1746626724, 0, 1253, 1373, 1314, 10, 9.86%, 0, 0, 9, 8.96
1746626729, 0, 1253, 1374, 1315, 10, 9.86%, 0, 0, 9, 9.16
1746626739, 0, 1253, 1376, 1317, 10, 9.86%, 0, 0, 9, 9.17
1746626883, 0, 1253, 1377, 1318, 10, 9.86%, 0, 0, 9, 28.97
1746626945, 0, 1253, 1378, 1319, 10, 9.86%, 0, 0, 9, 9.23
1746626950, 0, 1253, 1380, 1321, 10, 9.86%, 0, 0, 9, 8.70
1746626955, 0, 1253, 1383, 1324, 10, 9.86%, 0, 0, 9, 8.79
1746627073, 0, 1253, 1384, 1325, 10, 9.86%, 0, 0, 9, 9.20
1746627078, 0, 1253, 1386, 1327, 10, 9.89%, 0, 0, 9, 8.38
1746627103, 0, 1253, 1387, 1328, 10, 9.89%, 0, 0, 9, 10.23
1746627109, 0, 1253, 1388, 1329, 10, 9.89%, 0, 0, 9, 25.49
1746627129, 0, 1257, 1388, 1328, 12, 9.89%, 0, 0, 9, 24.30
1746627145, 0, 1257, 1389, 1329, 12, 9.90%, 0, 0, 9, 12.63
1746627150, 0, 1257, 1390, 1330, 12, 9.90%, 0, 0, 9, 11.30
1746627155, 0, 1257, 1393, 1333, 12, 9.91%, 0, 0, 9, 8.86
1746627160, 0, 1257, 1395, 1335, 12, 9.91%, 0, 0, 9, 8.01
1746627165, 0, 1257, 1399, 1339, 12, 9.93%, 0, 0, 9, 7.29
1746627170, 0, 1257, 1401, 1341, 12, 9.93%, 0, 0, 9, 7.25
1746627176, 0, 1257, 1403, 1343, 12, 9.93%, 0, 0, 9, 6.91
1746627181, 0, 1257, 1406, 1346, 12, 9.93%, 0, 0, 9, 6.50
1746627186, 0, 1257, 1409, 1349, 12, 9.94%, 0, 0, 9, 6.13
1746627191, 0, 1257, 1412, 1352, 12, 9.94%, 0, 0, 9, 6.12
1746627196, 0, 1257, 1415, 1355, 12, 9.94%, 0, 0, 9, 6.08
1746627202, 0, 1257, 1416, 1356, 12, 9.94%, 0, 0, 9, 6.05
1746627207, 0, 1257, 1419, 1359, 12, 9.94%, 0, 0, 9, 6.00
1746627212, 0, 1257, 1420, 1360, 12, 9.94%, 0, 0, 9, 6.23
1746627233, 0, 1257, 1421, 1361, 12, 9.94%, 0, 0, 9, 6.10
1746627248, 0, 1257, 1422, 1362, 12, 9.94%, 0, 0, 9, 6.06
1746627253, 0, 1257, 1425, 1365, 12, 10.13%, 0, 0, 9, 6.00
1746627258, 0, 1257, 1427, 1367, 12, 10.13%, 0, 0, 9, 6.11
1746627263, 0, 1257, 1430, 1370, 12, 10.13%, 0, 0, 9, 6.01
1746627268, 0, 1257, 1432, 1372, 12, 10.13%, 0, 0, 9, 5.98
1746627274, 0, 1257, 1434, 1374, 12, 10.13%, 0, 0, 9, 5.93
1746627279, 0, 1257, 1437, 1377, 12, 10.13%, 0, 0, 9, 6.04
1746627284, 0, 1257, 1440, 1380, 12, 10.13%, 0, 0, 9, 5.87
1746627289, 0, 1257, 1443, 1383, 12, 10.13%, 0, 0, 9, 5.92
1746627294, 0, 1257, 1445, 1385, 12, 10.13%, 0, 0, 9, 5.88
1746627299, 0, 1257, 1447, 1387, 12, 10.13%, 0, 0, 9, 5.76
1746627320, 0, 1257, 1448, 1388, 12, 10.13%, 0, 0, 9, 11.59
1746627325, 0, 1257, 1449, 1389, 12, 10.13%, 0, 0, 9, 8.92
1746627335, 0, 1257, 1451, 1391, 12, 10.13%, 0, 0, 9, 6.99
1746627340, 0, 1257, 1453, 1393, 12, 10.13%, 0, 0, 9, 6.54
1746627345, 0, 1257, 1454, 1394, 12, 10.13%, 0, 0, 9, 6.20
1746627351, 0, 1257, 1455, 1395, 12, 10.13%, 0, 0, 9, 6.13
1746627382, 0, 1257, 1456, 1396, 12, 10.13%, 0, 0, 9, 5.93
1746627387, 0, 1257, 1457, 1397, 12, 10.13%, 0, 0, 9, 5.89
1746627392, 0, 1257, 1458, 1398, 12, 10.14%, 0, 0, 9, 6.04
1746627398, 0, 1257, 1460, 1400, 12, 10.15%, 0, 0, 9, 6.11
1746627403, 0, 1257, 1461, 1401, 12, 10.15%, 0, 0, 9, 5.86
1746627408, 0, 1257, 1464, 1404, 12, 10.15%, 0, 0, 9, 5.97
1746627413, 0, 1257, 1466, 1406, 12, 10.15%, 0, 0, 9, 5.89
1746627418, 0, 1257, 1467, 1407, 12, 10.15%, 0, 0, 9, 5.89
1746627423, 0, 1257, 1468, 1408, 12, 10.15%, 0, 0, 9, 45.46
1746627444, 0, 1257, 1469, 1409, 12, 10.15%, 0, 0, 9, 9.94
1746627449, 0, 1257, 1470, 1410, 12, 10.15%, 0, 0, 9, 8.38
1746627454, 0, 1257, 1472, 1412, 12, 10.15%, 0, 0, 9, 6.99
1746627460, 0, 1257, 1475, 1415, 12, 10.29%, 0, 0, 9, 6.22
1746627465, 0, 1257, 1477, 1417, 12, 10.29%, 0, 0, 9, 6.17
1746627470, 0, 1257, 1479, 1419, 12, 10.29%, 0, 0, 9, 6.04
1746627475, 0, 1257, 1480, 1420, 12, 10.29%, 0, 0, 9, 5.95
1746627480, 0, 1257, 1481, 1421, 12, 10.29%, 0, 0, 9, 5.93
1746627491, 0, 1257, 1482, 1422, 12, 10.29%, 0, 0, 9, 5.95
1746627501, 0, 1257, 1483, 1423, 12, 10.32%, 0, 0, 9, 5.90
1746627511, 0, 1257, 1484, 1424, 12, 10.32%, 0, 0, 9, 5.95
1746627516, 0, 1257, 1486, 1426, 12, 10.32%, 0, 0, 9, 5.78
1746627521, 0, 1257, 1487, 1427, 12, 10.32%, 0, 0, 9, 6.08
1746627527, 0, 1257, 1488, 1428, 12, 10.32%, 0, 0, 9, 6.12
1746627532, 0, 1257, 1491, 1431, 12, 10.32%, 0, 0, 9, 6.18
1746627537, 0, 1257, 1492, 1432, 12, 10.32%, 0, 0, 9, 5.98
1746627542, 0, 1257, 1493, 1433, 12, 10.32%, 0, 0, 9, 5.75
1746627547, 0, 1257, 1495, 1435, 12, 10.32%, 0, 0, 9, 5.75
1746627552, 0, 1257, 1496, 1436, 12, 10.32%, 0, 0, 9, 5.65
1746627563, 0, 1257, 1498, 1438, 12, 10.32%, 0, 0, 9, 6.70
1746627573, 0, 1257, 1499, 1439, 12, 10.32%, 0, 0, 9, 8.13
1746627578, 0, 1257, 1501, 1441, 12, 10.32%, 0, 0, 9, 7.00
1746627583, 0, 1257, 1503, 1443, 12, 10.33%, 0, 0, 9, 6.44
1746627589, 0, 1257, 1505, 1445, 12, 10.33%, 0, 0, 9, 7.06
1746627594, 0, 1257, 1506, 1446, 12, 10.36%, 0, 0, 9, 8.07
1746627599, 0, 1257, 1507, 1447, 12, 10.39%, 0, 0, 9, 5.98
1746627604, 0, 1257, 1508, 1448, 12, 10.40%, 0, 0, 9, 5.53
1746627727, 0, 1257, 1509, 1449, 12, 10.40%, 0, 0, 9, 9.14
1746627752, 0, 1257, 1510, 1450, 12, 10.40%, 0, 0, 9, 8.17
1746627768, 0, 1257, 1511, 1451, 12, 10.40%, 0, 0, 9, 7.60
1746627789, 0, 1257, 1512, 1452, 12, 10.40%, 0, 0, 9, 7.59
1746627809, 0, 1257, 1513, 1453, 12, 10.40%, 0, 0, 9, 6.24
1746627814, 0, 1257, 1515, 1455, 12, 10.40%, 0, 0, 9, 5.90
1746627820, 0, 1257, 1516, 1456, 12, 10.40%, 0, 0, 9, 5.66
1746627835, 0, 1257, 1517, 1457, 12, 10.40%, 0, 0, 9, 5.84
1746627846, 0, 1257, 1518, 1458, 12, 10.40%, 0, 0, 9, 6.07
1746627851, 0, 1257, 1519, 1459, 12, 10.40%, 0, 0, 9, 5.92
1746627856, 0, 1257, 1520, 1460, 12, 10.40%, 0, 0, 9, 6.05
1746627861, 0, 1257, 1522, 1462, 12, 10.40%, 0, 0, 9, 5.97
1746627866, 0, 1257, 1524, 1464, 12, 10.40%, 0, 0, 9, 5.73
1746627871, 0, 1257, 1525, 1465, 12, 10.40%, 0, 0, 9, 5.63
1746627876, 0, 1257, 1527, 1467, 12, 10.40%, 0, 0, 9, 5.73
1746627881, 0, 1257, 1528, 1468, 12, 10.40%, 0, 0, 9, 5.76
1746627902, 0, 1257, 1529, 1469, 12, 10.40%, 0, 0, 9, 6.13
1746628114, 0, 1257, 1530, 1470, 12, 10.40%, 0, 0, 9, 6.14
1746628151, 0, 1257, 1531, 1471, 12, 10.40%, 0, 0, 9, 6.21
1746628156, 0, 1257, 1533, 1473, 12, 10.40%, 0, 0, 9, 6.11
1746628161, 0, 1257, 1535, 1475, 12, 10.40%, 0, 0, 9, 6.33
1746628171, 0, 1257, 1537, 1477, 12, 10.41%, 0, 0, 9, 6.31
1746628176, 0, 1257, 1540, 1480, 12, 10.41%, 0, 0, 9, 6.08
1746628187, 0, 1257, 1542, 1482, 12, 10.41%, 0, 0, 9, 6.11
1746628192, 0, 1257, 1544, 1484, 12, 10.41%, 0, 0, 9, 6.06
1746628197, 0, 1257, 1545, 1485, 12, 10.41%, 0, 0, 9, 5.97
1746628218, 0, 1257, 1546, 1486, 12, 10.41%, 0, 0, 9, 6.06
1746628223, 0, 1257, 1548, 1488, 12, 10.41%, 0, 0, 9, 5.96
1746628228, 0, 1257, 1549, 1489, 12, 10.41%, 0, 0, 9, 6.06
1746628238, 0, 1257, 1551, 1491, 12, 10.41%, 0, 0, 9, 6.01
1746628253, 0, 1257, 1552, 1492, 12, 10.41%, 0, 0, 9, 5.89
1746628284, 0, 1257, 1553, 1493, 12, 10.41%, 0, 0, 9, 5.87
1746628289, 0, 1257, 1554, 1494, 12, 10.41%, 0, 0, 9, 5.83
1746628376, 0, 1257, 1556, 1496, 12, 10.41%, 0, 0, 9, 5.09
1746628381, 0, 1257, 1558, 1498, 12, 10.41%, 0, 0, 9, 4.94
1746628387, 0, 1257, 1559, 1499, 12, 10.41%, 0, 0, 9, 5.18
1746628392, 0, 1257, 1561, 1501, 12, 10.41%, 0, 0, 9, 5.61
1746628397, 0, 1257, 1563, 1503, 12, 10.41%, 0, 0, 9, 6.13
1746628402, 0, 1257, 1564, 1504, 12, 10.41%, 0, 0, 9, 6.15
1746628407, 0, 1257, 1565, 1505, 12, 10.41%, 0, 0, 9, 5.87
1746628412, 0, 1257, 1566, 1506, 12, 10.41%, 0, 0, 9, 5.15
1746628418, 0, 1257, 1568, 1508, 12, 10.41%, 0, 0, 9, 4.82
1746628449, 0, 1257, 1570, 1510, 12, 10.41%, 0, 0, 9, 5.89
1746628454, 0, 1257, 1571, 1511, 12, 10.41%, 0, 0, 9, 6.26
1746628506, 0, 1257, 1572, 1512, 12, 10.41%, 0, 0, 9, 6.10
1746628511, 0, 1257, 1573, 1513, 12, 10.41%, 0, 0, 9, 6.15
1746628516, 0, 1257, 1574, 1514, 12, 10.41%, 0, 0, 9, 5.80
1746628521, 0, 1257, 1575, 1515, 12, 10.41%, 0, 0, 9, 5.68
1746628558, 0, 1257, 1576, 1516, 12, 10.41%, 0, 0, 9, 5.61
1746628573, 0, 1257, 1577, 1517, 12, 10.41%, 0, 0, 9, 9.82
1746628620, 0, 1257, 1578, 1518, 12, 10.41%, 0, 0, 9, 5.81
1746628625, 0, 1257, 1579, 1519, 12, 10.41%, 0, 0, 9, 5.21
1746628630, 0, 1257, 1581, 1521, 12, 10.42%, 0, 0, 9, 4.63
1746628635, 0, 1257, 1583, 1523, 12, 10.42%, 0, 0, 9, 4.44
1746628640, 0, 1257, 1584, 1524, 12, 10.42%, 0, 0, 9, 4.86
1746628645, 0, 1257, 1585, 1525, 12, 10.42%, 0, 0, 9, 5.17
1746628672, 0, 1257, 1587, 1527, 12, 10.42%, 0, 0, 9, 5.35
1746628697, 0, 1257, 1588, 1528, 12, 10.42%, 0, 0, 9, 6.14
1746628713, 0, 1257, 1589, 1529, 12, 10.42%, 0, 0, 9, 6.35
1746628754, 0, 1257, 1590, 1530, 12, 10.42%, 0, 0, 9, 5.90
1746628759, 0, 1257, 1591, 1531, 12, 10.42%, 0, 0, 9, 50.54
1746628811, 0, 1257, 1592, 1532, 12, 10.42%, 0, 0, 9, 9.36
1746628816, 0, 1257, 1593, 1533, 12, 10.42%, 0, 0, 9, 8.37
1746628837, 0, 1257, 1594, 1534, 12, 10.42%, 0, 0, 9, 8.12
1746628929, 0, 1257, 1595, 1535, 12, 10.42%, 0, 0, 9, 6.09
1746628934, 0, 1257, 1596, 1536, 12, 10.42%, 0, 0, 9, 5.62
1746628939, 0, 1257, 1597, 1537, 12, 10.42%, 0, 0, 9, 5.68
1746628955, 0, 1257, 1598, 1538, 12, 10.42%, 0, 0, 9, 5.82
1746628965, 0, 1257, 1599, 1539, 12, 10.42%, 0, 0, 9, 5.88
1746628990, 0, 1257, 1601, 1541, 12, 10.42%, 0, 0, 9, 6.11
1746629001, 0, 1257, 1602, 1542, 12, 10.42%, 0, 0, 9, 6.19
1746629006, 0, 1257, 1604, 1544, 12, 10.42%, 0, 0, 9, 6.10
1746629011, 0, 1257, 1605, 1545, 12, 10.42%, 0, 0, 9, 6.23
1746629027, 0, 1257, 1606, 1546, 12, 10.42%, 0, 0, 9, 5.96
1746629032, 0, 1257, 1607, 1547, 12, 10.42%, 0, 0, 9, 5.99
1746629037, 0, 1257, 1609, 1549, 12, 10.42%, 0, 0, 9, 5.68
1746629042, 0, 1257, 1610, 1550, 12, 10.42%, 0, 0, 9, 5.83
1746629134, 0, 1257, 1611, 1551, 12, 10.42%, 0, 0, 9, 10.41
1746629154, 0, 1257, 1613, 1553, 12, 10.42%, 0, 0, 9, 7.66
1746629201, 0, 1257, 1614, 1554, 12, 10.42%, 0, 0, 9, 5.95
1746629253, 0, 1257, 1615, 1555, 12, 10.42%, 0, 0, 9, 5.79
1746629263, 0, 1257, 1616, 1556, 12, 10.42%, 0, 0, 9, 5.85
1746629273, 0, 1257, 1617, 1557, 12, 10.42%, 0, 0, 9, 6.16
1746629319, 0, 1257, 1618, 1558, 12, 10.42%, 0, 0, 9, 6.12
1746629329, 0, 1257, 1620, 1560, 12, 10.42%, 0, 0, 9, 5.67
1746629345, 0, 1257, 1621, 1561, 12, 10.42%, 0, 0, 9, 5.99
1746629350, 0, 1257, 1623, 1563, 12, 10.42%, 0, 0, 9, 5.72
1746629355, 0, 1257, 1624, 1564, 12, 10.42%, 0, 0, 9, 5.12
1746629360, 0, 1257, 1625, 1565, 12, 10.42%, 0, 0, 9, 5.80
1746629370, 0, 1257, 1626, 1566, 12, 10.42%, 0, 0, 9, 5.61
1746629397, 0, 1257, 1627, 1567, 12, 10.42%, 0, 0, 9, 6.21
1746629407, 0, 1257, 1628, 1568, 12, 10.42%, 0, 0, 9, 5.88
1746629474, 0, 1257, 1629, 1569, 12, 10.42%, 0, 0, 9, 6.47
1746629495, 0, 1257, 1630, 1570, 12, 10.42%, 0, 0, 9, 6.06
1746629500, 0, 1257, 1632, 1572, 12, 10.42%, 0, 0, 9, 6.15
1746629531, 0, 1257, 1633, 1573, 12, 10.42%, 0, 0, 9, 9.24
1746629603, 0, 1257, 1634, 1574, 12, 10.42%, 0, 0, 9, 6.12
1746629639, 0, 1257, 1635, 1575, 12, 10.42%, 0, 0, 9, 21.90
1746629654, 0, 1257, 1636, 1576, 12, 10.42%, 0, 0, 9, 21.84
1746629680, 0, 1257, 1637, 1577, 12, 10.42%, 0, 0, 9, 22.21
1746629685, 0, 1257, 1638, 1578, 12, 10.42%, 0, 0, 9, 18.84
1746629695, 0, 1257, 1639, 1579, 12, 10.42%, 0, 0, 9, 21.59
1746629705, 0, 1257, 1640, 1580, 12, 10.42%, 0, 0, 9, 20.97
1746629711, 0, 1257, 1642, 1582, 12, 10.42%, 0, 0, 9, 17.92
1746629731, 0, 1257, 1643, 1583, 12, 10.42%, 0, 0, 9, 23.21
1746629746, 0, 1257, 1644, 1584, 12, 10.42%, 0, 0, 9, 19.64
1746629757, 0, 1257, 1645, 1585, 12, 10.42%, 0, 0, 9, 18.81
1746629767, 0, 1257, 1647, 1587, 12, 10.42%, 0, 0, 9, 19.03
1746629772, 0, 1257, 1648, 1588, 12, 10.42%, 0, 0, 9, 19.59
1746629777, 0, 1257, 1649, 1589, 12, 10.42%, 0, 0, 9, 19.50
1746629787, 0, 1257, 1650, 1590, 12, 10.42%, 0, 0, 9, 19.52
1746629823, 0, 1257, 1651, 1591, 12, 10.42%, 0, 0, 9, 20.45
1746629843, 0, 1257, 1652, 1592, 12, 10.42%, 0, 0, 9, 21.09
1746629859, 0, 1257, 1653, 1593, 12, 10.42%, 0, 0, 9, 21.12
1746629879, 0, 1257, 1655, 1595, 12, 10.42%, 0, 0, 9, 16.03
1746629910, 0, 1257, 1656, 1596, 12, 10.42%, 0, 0, 9, 21.69
1746629946, 0, 1257, 1657, 1597, 12, 10.42%, 0, 0, 9, 21.72
1746629977, 0, 1257, 1658, 1598, 12, 10.42%, 0, 0, 9, 22.50
1746630013, 0, 1257, 1659, 1599, 12, 10.42%, 0, 0, 9, 20.33
1746630049, 0, 1270, 1659, 1598, 26, 10.42%, 0, 0, 9, 18.40
1746630146, 0, 1270, 1660, 1599, 26, 10.42%, 0, 0, 9, 11.68
1746630280, 0, 1282, 1660, 1598, 25, 10.42%, 0, 0, 9, 41.13
1746630300, 0, 1282, 1662, 1600, 25, 10.42%, 0, 0, 9, 32.05
1746630315, 0, 1282, 1665, 1603, 25, 10.42%, 0, 0, 9, 28.86
1746630321, 0, 1282, 1666, 1604, 25, 10.42%, 0, 0, 9, 33.48
1746630331, 0, 1282, 1667, 1605, 25, 10.42%, 0, 0, 9, 30.57
1746630336, 0, 1282, 1670, 1608, 25, 10.42%, 0, 0, 9, 28.14
1746630341, 0, 1282, 1671, 1609, 25, 10.42%, 0, 0, 9, 30.47
1746630458, 0, 1282, 1672, 1610, 25, 10.42%, 0, 0, 9, 23.00
1746630463, 0, 1282, 1679, 1617, 25, 10.42%, 0, 0, 9, 26.00
1746630713, 0, 1282, 1680, 1618, 25, 10.42%, 0, 0, 9, 37.89
1746630729, 0, 1282, 1682, 1620, 25, 10.42%, 0, 0, 9, 25.10
1746630734, 0, 1282, 1685, 1623, 25, 10.42%, 0, 0, 9, 37.64
1746630764, 0, 1282, 1687, 1625, 25, 10.42%, 0, 0, 9, 31.24
1746630825, 0, 1318, 1687, 1624, 27, 10.42%, 0, 0, 9, 31.78
1746631388, 0, 1323, 1687, 1623, 26, 10.42%, 0, 0, 9, 34.90
1746631398, 0, 1323, 1688, 1624, 26, 10.42%, 0, 0, 10, 14.94
1746631403, 0, 1323, 1690, 1626, 26, 10.42%, 0, 0, 10, 12.10
1746631414, 0, 1323, 1692, 1628, 26, 10.42%, 0, 0, 10, 10.18
1746631419, 0, 1323, 1694, 1630, 26, 10.42%, 0, 0, 10, 15.95
1746631424, 0, 1323, 1695, 1631, 26, 10.42%, 0, 0, 10, 15.82
1746631470, 0, 1323, 1697, 1633, 26, 10.42%, 0, 0, 10, 10.34
1746631475, 0, 1323, 1698, 1634, 26, 10.42%, 0, 0, 10, 12.28
1746631624, 0, 1323, 1699, 1635, 26, 10.42%, 0, 0, 10, 10.57
1746631803, 0, 1323, 1701, 1637, 26, 10.42%, 0, 0, 10, 10.84
1746631859, 0, 1323, 1702, 1638, 26, 10.42%, 0, 0, 10, 10.68
1746632024, 0, 1323, 1703, 1639, 26, 10.42%, 0, 0, 10, 20.63
1746632045, 0, 1323, 1704, 1640, 26, 10.42%, 0, 0, 10, 31.38
1746632096, 0, 1346, 1704, 1639, 26, 10.42%, 0, 0, 10, 23.57
1746632147, 0, 1346, 1705, 1640, 26, 10.42%, 0, 0, 10, 41.89
1746632352, 0, 1346, 1708, 1643, 26, 10.42%, 0, 0, 10, 7.78
1746632357, 0, 1346, 1711, 1646, 26, 10.42%, 0, 0, 10, 7.77
1746632664, 0, 1346, 1712, 1647, 26, 10.42%, 0, 0, 10, 8.10
1746632746, 0, 1369, 1712, 1646, 26, 10.42%, 0, 0, 10, 28.78
1746632792, 0, 1369, 1713, 1647, 26, 10.42%, 0, 0, 10, 9.94
1746632976, 0, 1369, 1714, 1648, 26, 10.42%, 0, 0, 10, 9.30
1746633390, 0, 1376, 1714, 1647, 25, 10.42%, 0, 0, 10, 33.58
1746633840, 0, 1376, 1715, 1648, 25, 10.42%, 0, 0, 10, 8.64
1746634035, 0, 1378, 1715, 1647, 25, 10.42%, 0, 0, 10, 34.65
1746634111, 0, 1378, 1716, 1648, 25, 10.42%, 0, 0, 10, 9.06
1746634117, 0, 1378, 1717, 1649, 25, 10.42%, 0, 0, 10, 11.14
1746634500, 0, 1378, 1718, 1650, 25, 10.42%, 0, 0, 10, 8.21
1746634694, 0, 1384, 1718, 1649, 24, 10.42%, 0, 0, 10, 32.90
1746634745, 0, 1384, 1719, 1650, 24, 10.42%, 0, 0, 10, 8.72
1746634945, 0, 1384, 1720, 1651, 24, 10.42%, 0, 0, 10, 7.46
1746634950, 0, 1384, 1723, 1654, 24, 10.42%, 0, 0, 10, 7.34
1746634955, 0, 1384, 1725, 1656, 24, 10.42%, 0, 0, 10, 7.23
1746635134, 0, 1384, 1726, 1657, 24, 10.42%, 0, 0, 10, 10.50
1746635303, 0, 1384, 1727, 1658, 24, 10.42%, 0, 0, 10, 7.28
1746635308, 0, 1384, 1729, 1660, 24, 10.42%, 0, 0, 10, 6.83
1746635390, 0, 1445, 1729, 1659, 23, 10.42%, 0, 0, 10, 6.36
1746635478, 0, 1445, 1730, 1660, 23, 10.42%, 0, 0, 10, 5.76
1746635643, 0, 1445, 1731, 1661, 23, 10.42%, 0, 0, 10, 5.54
1746636245, 0, 1445, 1732, 1662, 23, 10.42%, 0, 0, 10, 5.98
1746636302, 0, 1445, 1733, 1663, 23, 10.42%, 0, 0, 10, 5.58
1746636318, 0, 1445, 1734, 1664, 23, 10.42%, 0, 0, 10, 5.70
1746636349, 0, 1445, 1736, 1666, 23, 10.42%, 0, 0, 10, 5.51
1746636828, 0, 1445, 1737, 1667, 23, 10.42%, 0, 0, 10, 8.29
1746637009, 0, 1445, 1738, 1668, 23, 10.42%, 0, 0, 10, 6.03
1746637334, 0, 1445, 1739, 1669, 23, 10.42%, 0, 0, 10, 5.44
1746637442, 0, 1445, 1740, 1670, 23, 10.42%, 0, 0, 10, 5.69
1746637664, 0, 1457, 1740, 1669, 23, 10.42%, 0, 0, 10, 20.30
1746637689, 0, 1457, 1741, 1670, 23, 10.42%, 0, 0, 10, 9.50
1746637705, 0, 1457, 1742, 1671, 23, 10.42%, 0, 0, 10, 6.33
1746637788, 0, 1457, 1743, 1672, 23, 10.42%, 0, 0, 10, 7.87
1746637798, 0, 1457, 1744, 1673, 23, 10.42%, 0, 0, 10, 6.22
1746637835, 0, 1457, 1745, 1674, 23, 10.42%, 0, 0, 10, 6.14
1746637886, 0, 1457, 1746, 1675, 23, 10.42%, 0, 0, 10, 6.82
1746637917, 0, 1457, 1747, 1676, 23, 10.42%, 0, 0, 10, 5.88
1746637974, 0, 1457, 1748, 1677, 23, 10.43%, 0, 0, 10, 7.98
1746637985, 0, 1457, 1749, 1678, 23, 10.43%, 0, 0, 10, 50.04
1746638226, 0, 1457, 1750, 1679, 23, 10.43%, 0, 0, 10, 5.81
1746638829, 0, 1457, 1752, 1681, 23, 10.43%, 0, 0, 10, 5.55
1746638912, 0, 1457, 1753, 1682, 23, 10.43%, 0, 0, 10, 4.94
1746638937, 0, 1457, 1754, 1683, 23, 10.43%, 0, 0, 10, 5.39
1746639015, 0, 1457, 1755, 1684, 23, 10.43%, 0, 0, 10, 6.15
1746639117, 0, 1457, 1756, 1685, 23, 10.45%, 0, 0, 10, 5.99
1746639230, 0, 1457, 1757, 1686, 23, 10.45%, 0, 0, 10, 6.35
1746639482, 0, 1457, 1758, 1687, 23, 10.45%, 0, 0, 10, 6.05
1746639594, 0, 1457, 1759, 1688, 23, 10.45%, 0, 0, 10, 6.11
1746639667, 0, 1457, 1760, 1689, 23, 10.45%, 0, 0, 10, 6.09
1746639672, 0, 1457, 1761, 1690, 23, 10.45%, 0, 0, 10, 5.92
1746639852, 0, 1457, 1762, 1691, 23, 10.45%, 0, 0, 10, 6.21
1746639858, 0, 1457, 1763, 1692, 23, 10.45%, 0, 0, 10, 6.20
1746639868, 0, 1457, 1764, 1693, 23, 10.45%, 0, 0, 10, 26.32
1746639909, 0, 1457, 1765, 1694, 23, 10.45%, 0, 0, 10, 17.02
1746639944, 0, 1457, 1766, 1695, 23, 10.45%, 0, 0, 10, 21.06
1746640011, 0, 1457, 1767, 1696, 23, 10.45%, 0, 0, 10, 18.81
1746640057, 0, 1457, 1768, 1697, 23, 10.45%, 0, 0, 10, 17.23
1746640206, 0, 1457, 1769, 1698, 23, 10.45%, 0, 0, 10, 19.57
1746640258, 0, 1457, 1770, 1699, 23, 10.45%, 0, 0, 10, 22.82
1746640278, 0, 1511, 1770, 1698, 26, 10.45%, 0, 0, 10, 17.49
1746640361, 0, 1511, 1771, 1699, 26, 10.45%, 0, 0, 10, 6.08
1746640799, 0, 1511, 1773, 1701, 26, 10.45%, 0, 0, 10, 5.96
1746640995, 0, 1511, 1774, 1702, 26, 10.45%, 0, 0, 10, 6.03
1746641119, 0, 1511, 1775, 1703, 26, 10.46%, 0, 0, 10, 6.11
1746641129, 0, 1511, 1776, 1704, 26, 10.46%, 0, 0, 10, 5.94
1746641486, 0, 1511, 1777, 1705, 26, 10.46%, 0, 0, 10, 5.04
1746641497, 0, 1511, 1778, 1706, 26, 10.46%, 0, 0, 10, 5.08
1746641594, 0, 1511, 1779, 1707, 26, 10.46%, 0, 0, 10, 51.95
1746641948, 0, 1511, 1780, 1708, 26, 10.46%, 0, 0, 10, 8.25
1746642128, 0, 1511, 1781, 1709, 26, 10.46%, 0, 0, 10, 6.19
1746642385, 0, 1511, 1782, 1710, 26, 10.46%, 0, 0, 10, 6.13
1746642483, 0, 1514, 1782, 1709, 27, 10.46%, 0, 0, 10, 16.11
1746642756, 0, 1514, 1783, 1710, 27, 10.46%, 0, 0, 10, 5.34
1746642782, 0, 1514, 1784, 1711, 27, 10.46%, 0, 0, 10, 7.36
1746642972, 0, 1514, 1785, 1712, 27, 10.46%, 0, 0, 10, 8.22
1746643281, 0, 1514, 1786, 1713, 27, 10.46%, 0, 0, 10, 5.58
1746643327, 0, 1514, 1787, 1714, 27, 10.46%, 0, 0, 10, 5.41
1746643625, 0, 1514, 1788, 1715, 27, 10.46%, 0, 0, 10, 6.33
1746643978, 0, 1514, 1789, 1716, 27, 10.46%, 0, 0, 10, 5.83
1746643993, 0, 1514, 1790, 1717, 27, 10.46%, 0, 0, 10, 5.37
1746644019, 0, 1514, 1791, 1718, 27, 10.46%, 0, 0, 10, 5.12
1746644390, 0, 1514, 1792, 1719, 27, 10.46%, 0, 0, 10, 6.05
1746644405, 0, 1514, 1793, 1720, 27, 10.46%, 0, 0, 10, 5.14
1746644415, 0, 1514, 1794, 1721, 27, 10.46%, 0, 0, 10, 4.99
1746644426, 0, 1514, 1795, 1722, 27, 10.46%, 0, 0, 10, 4.76
1746644431, 0, 1514, 1796, 1723, 27, 10.46%, 0, 0, 10, 5.16
1746644452, 0, 1514, 1797, 1724, 27, 10.46%, 0, 0, 10, 5.01
1746644478, 0, 1514, 1798, 1725, 27, 10.46%, 0, 0, 10, 4.98
1746644642, 0, 1514, 1799, 1726, 27, 10.46%, 0, 0, 10, 5.88
1746644719, 0, 1514, 1800, 1727, 27, 10.46%, 0, 0, 10, 15.09
1746644730, 0, 1514, 1801, 1728, 27, 10.46%, 0, 0, 10, 17.65
1746644863, 0, 1514, 1802, 1729, 27, 10.46%, 0, 0, 10, 20.81
1746644904, 0, 1514, 1803, 1730, 27, 10.46%, 0, 0, 10, 21.05
1746644970, 0, 1514, 1804, 1731, 27, 10.46%, 0, 0, 10, 33.71
1746645108, 0, 1537, 1804, 1730, 26, 10.46%, 0, 0, 10, 15.12
1746646833, 0, 1537, 1805, 1731, 26, 10.46%, 0, 0, 10, 7.96
1746646931, 0, 1537, 1806, 1732, 26, 10.46%, 0, 0, 10, 6.04
1746647138, 0, 1537, 1807, 1733, 26, 10.46%, 0, 0, 10, 6.13
1746647383, 0, 1549, 1807, 1732, 26, 10.46%, 0, 0, 10, 21.45
1746648843, 0, 1549, 1808, 1733, 26, 10.46%, 0, 0, 10, 5.91
1746648914, 0, 1549, 1809, 1734, 26, 10.46%, 0, 0, 10, 5.69
1746649129, 0, 1549, 1810, 1735, 26, 10.46%, 0, 0, 10, 8.47
1746649648, 0, 1554, 1810, 1734, 26, 10.46%, 0, 0, 10, 13.17
1746649782, 0, 1554, 1811, 1735, 26, 10.46%, 0, 0, 10, 7.14
1746649854, 0, 1554, 1812, 1736, 26, 10.46%, 0, 0, 10, 4.65
1746649860, 0, 1554, 1813, 1737, 26, 10.46%, 0, 0, 10, 4.59
1746649989, 0, 1554, 1814, 1738, 26, 10.46%, 0, 0, 10, 27.05
1746650691, 0, 1554, 1815, 1739, 26, 10.46%, 0, 0, 10, 4.68
1746651329, 0, 1554, 1816, 1740, 26, 10.46%, 0, 0, 10, 4.88
1746651509, 0, 1554, 1817, 1741, 26, 10.46%, 0, 0, 10, 7.94
1746651834, 0, 1554, 1818, 1742, 26, 10.46%, 0, 0, 10, 4.69
1746652056, 0, 1554, 1819, 1743, 26, 10.46%, 0, 0, 10, 4.93
1746652117, 0, 1561, 1819, 1742, 26, 10.46%, 0, 0, 10, 22.37
1746652292, 0, 1561, 1820, 1743, 26, 10.46%, 0, 0, 10, 6.59
1746653349, 0, 1561, 1821, 1744, 26, 10.46%, 0, 0, 10, 7.06
1746653636, 0, 1564, 1821, 1743, 26, 10.46%, 0, 0, 10, 18.47
1746653843, 0, 1564, 1822, 1744, 26, 10.46%, 0, 0, 10, 6.18
1746654271, 0, 1564, 1823, 1745, 26, 10.46%, 0, 0, 10, 5.78
1746654495, 0, 1564, 1824, 1746, 26, 10.46%, 0, 0, 10, 6.71
1746654908, 0, 1564, 1825, 1747, 26, 10.46%, 0, 0, 10, 6.18
