# unix_time, cycles_done, cur_path, paths_total, pending_total, pending_favs, map_size, unique_crashes, unique_hangs, max_depth, execs_per_sec
1746785259, 0, 0, 1, 1, 1, 3.78%, 0, 0, 1, 66.12
1746785264, 0, 0, 26, 26, 1, 5.22%, 0, 0, 2, 71.10
1746785269, 0, 0, 46, 46, 1, 5.23%, 0, 0, 2, 72.57
1746785274, 0, 0, 61, 61, 1, 5.30%, 0, 0, 2, 70.74
1746785279, 0, 0, 70, 70, 1, 5.30%, 0, 0, 2, 75.13
1746785285, 0, 0, 83, 83, 1, 5.30%, 0, 0, 2, 73.22
1746785290, 0, 0, 97, 97, 1, 5.30%, 0, 0, 2, 73.51
1746785295, 0, 0, 106, 106, 1, 5.32%, 0, 0, 2, 72.37
1746785300, 0, 0, 119, 119, 1, 5.35%, 0, 0, 2, 69.99
1746785305, 0, 0, 127, 127, 1, 5.35%, 0, 0, 2, 72.80
1746785310, 0, 0, 138, 138, 1, 5.35%, 0, 0, 2, 72.69
1746785316, 0, 0, 145, 145, 1, 5.35%, 0, 0, 2, 75.21
1746785321, 0, 0, 152, 152, 1, 5.35%, 0, 0, 2, 74.94
1746785326, 0, 0, 157, 157, 1, 5.35%, 0, 0, 2, 75.55
1746785331, 0, 0, 164, 164, 1, 5.35%, 0, 0, 2, 73.80
1746785336, 0, 0, 170, 170, 1, 5.35%, 0, 0, 2, 72.74
1746785341, 0, 0, 175, 175, 1, 5.35%, 0, 0, 2, 72.96
1746785347, 0, 0, 179, 179, 1, 5.41%, 0, 0, 2, 68.85
1746785352, 0, 0, 182, 182, 1, 5.41%, 0, 0, 2, 68.61
1746785357, 0, 0, 186, 186, 1, 5.41%, 0, 0, 2, 66.11
1746785362, 0, 0, 188, 188, 1, 5.83%, 0, 0, 2, 68.04
1746785367, 0, 0, 191, 191, 1, 5.83%, 0, 0, 2, 67.80
1746785372, 0, 0, 197, 197, 1, 5.83%, 0, 0, 2, 63.23
1746785378, 0, 0, 200, 200, 1, 5.83%, 0, 0, 2, 66.39
1746785383, 0, 0, 203, 203, 1, 5.83%, 0, 0, 2, 64.95
1746785388, 0, 0, 206, 206, 1, 5.83%, 0, 0, 2, 66.74
1746785393, 0, 0, 207, 207, 1, 5.83%, 0, 0, 2, 69.29
1746785398, 0, 0, 208, 208, 1, 5.83%, 0, 0, 2, 69.20
1746785403, 0, 0, 210, 210, 1, 5.83%, 0, 0, 2, 67.56
1746785408, 0, 0, 211, 211, 1, 5.83%, 0, 0, 2, 68.85
1746785413, 0, 0, 215, 215, 1, 5.91%, 0, 0, 2, 65.22
1746785419, 0, 0, 218, 218, 1, 5.91%, 0, 0, 2, 65.67
1746785424, 0, 0, 221, 221, 1, 5.91%, 0, 0, 2, 66.43
1746785429, 0, 0, 223, 223, 1, 5.91%, 0, 0, 2, 67.38
1746785434, 0, 0, 228, 228, 1, 5.91%, 0, 0, 2, 65.18
1746785439, 0, 0, 230, 230, 1, 5.91%, 0, 0, 2, 66.87
1746785444, 0, 0, 232, 232, 1, 5.91%, 0, 0, 2, 66.95
1746785449, 0, 0, 233, 233, 1, 5.91%, 0, 0, 2, 67.77
1746785454, 0, 0, 234, 234, 1, 5.91%, 0, 0, 2, 68.08
1746785465, 0, 0, 236, 236, 1, 5.91%, 0, 0, 2, 68.94
1746785470, 0, 0, 240, 240, 1, 5.91%, 0, 0, 2, 67.33
1746785475, 0, 0, 243, 243, 1, 5.91%, 0, 0, 2, 66.72
1746785480, 0, 0, 245, 245, 1, 5.91%, 0, 0, 2, 67.15
1746785496, 0, 0, 247, 247, 1, 5.91%, 0, 0, 2, 67.63
1746785501, 0, 0, 250, 250, 1, 5.91%, 0, 0, 2, 66.46
1746785506, 0, 0, 253, 253, 1, 5.91%, 0, 0, 2, 66.21
1746785511, 0, 0, 254, 254, 1, 5.91%, 0, 0, 2, 67.42
1746785521, 0, 0, 257, 257, 1, 5.91%, 0, 0, 2, 67.11
1746785527, 0, 2, 257, 256, 10, 5.91%, 0, 0, 2, 69.19
1746785532, 0, 2, 258, 257, 10, 5.91%, 0, 0, 3, 68.49
1746785537, 0, 2, 259, 258, 10, 5.91%, 0, 0, 3, 69.27
1746785542, 0, 2, 260, 259, 10, 5.91%, 0, 0, 3, 68.59
1746785547, 0, 2, 262, 261, 10, 5.91%, 0, 0, 3, 66.89
1746785552, 0, 2, 263, 262, 10, 5.91%, 0, 0, 3, 68.86
1746785558, 0, 2, 265, 264, 10, 5.91%, 0, 0, 3, 66.32
1746785568, 0, 2, 267, 266, 10, 5.91%, 0, 0, 3, 68.06
1746785573, 0, 2, 269, 268, 10, 5.91%, 0, 0, 3, 67.00
1746785578, 0, 2, 272, 271, 10, 5.93%, 0, 0, 3, 65.54
1746785583, 0, 2, 273, 272, 10, 5.93%, 0, 0, 3, 66.71
1746785624, 0, 2, 274, 273, 10, 5.93%, 0, 0, 3, 69.63
1746785650, 0, 2, 276, 275, 10, 5.93%, 0, 0, 3, 66.57
1746785660, 0, 2, 277, 276, 10, 5.93%, 0, 0, 3, 69.23
1746785666, 0, 2, 279, 278, 10, 5.93%, 0, 0, 3, 66.88
1746785671, 0, 2, 281, 280, 10, 5.93%, 0, 0, 3, 66.47
1746785676, 0, 2, 282, 281, 10, 5.93%, 0, 0, 3, 67.12
1746785686, 0, 2, 284, 283, 10, 5.93%, 0, 0, 3, 66.71
1746785691, 0, 2, 285, 284, 10, 5.95%, 0, 0, 3, 68.38
1746785722, 0, 2, 286, 285, 10, 5.95%, 0, 0, 3, 67.70
1746785733, 0, 2, 287, 286, 10, 5.95%, 0, 0, 3, 68.86
1746785738, 0, 2, 288, 287, 10, 5.95%, 0, 0, 3, 68.22
1746785743, 0, 2, 289, 288, 10, 5.95%, 0, 0, 3, 68.82
1746785753, 0, 2, 291, 290, 10, 5.95%, 0, 0, 3, 66.65
1746785774, 0, 11, 291, 289, 11, 5.95%, 0, 0, 3, 61.34
1746785852, 0, 11, 292, 290, 11, 5.95%, 0, 0, 3, 58.17
1746785857, 0, 11, 293, 291, 11, 6.03%, 0, 0, 3, 59.54
1746785867, 0, 11, 295, 293, 11, 6.03%, 0, 0, 3, 59.71
1746785872, 0, 11, 296, 294, 11, 6.03%, 0, 0, 3, 61.24
1746785877, 0, 11, 297, 295, 11, 6.03%, 0, 0, 3, 61.13
1746785882, 0, 11, 299, 297, 11, 6.03%, 0, 0, 3, 58.49
1746785888, 0, 11, 301, 299, 11, 6.03%, 0, 0, 3, 60.41
1746785898, 0, 11, 303, 301, 11, 6.03%, 0, 0, 3, 58.77
1746785903, 0, 11, 304, 302, 11, 6.03%, 0, 0, 3, 61.23
1746785908, 0, 11, 306, 304, 11, 6.03%, 0, 0, 3, 60.19
1746785923, 0, 11, 307, 305, 11, 6.03%, 0, 0, 3, 61.05
1746785944, 0, 11, 308, 306, 11, 6.03%, 0, 0, 3, 61.55
1746785954, 0, 11, 311, 309, 11, 6.03%, 0, 0, 3, 59.23
1746785965, 0, 11, 312, 310, 11, 6.03%, 0, 0, 3, 61.56
1746785970, 0, 11, 314, 312, 11, 6.03%, 0, 0, 3, 60.00
1746785980, 0, 11, 315, 313, 11, 6.03%, 0, 0, 3, 59.73
1746785995, 0, 11, 316, 314, 11, 6.03%, 0, 0, 3, 60.77
1746786000, 0, 11, 317, 315, 11, 6.03%, 0, 0, 3, 60.63
1746786015, 0, 11, 318, 316, 11, 6.03%, 0, 0, 3, 60.76
1746786020, 0, 11, 320, 318, 11, 6.03%, 0, 0, 3, 60.05
1746786031, 0, 11, 321, 319, 11, 6.03%, 0, 0, 3, 60.15
1746786036, 0, 11, 322, 320, 11, 6.03%, 0, 0, 3, 60.28
1746786041, 0, 11, 323, 321, 11, 6.03%, 0, 0, 3, 61.93
1746786046, 0, 11, 324, 322, 11, 6.03%, 0, 0, 3, 60.95
1746786051, 0, 11, 325, 323, 11, 6.03%, 0, 0, 3, 60.70
1746786061, 0, 11, 326, 324, 11, 6.03%, 0, 0, 3, 61.27
1746786066, 0, 11, 327, 325, 11, 6.03%, 0, 0, 3, 61.57
1746786077, 0, 11, 328, 326, 11, 6.03%, 0, 0, 3, 60.96
1746786087, 0, 11, 329, 327, 11, 6.03%, 0, 0, 3, 61.16
1746786097, 0, 11, 331, 329, 11, 6.03%, 0, 0, 3, 61.30
1746786107, 0, 11, 332, 330, 11, 6.03%, 0, 0, 3, 59.97
1746786123, 0, 11, 333, 331, 11, 6.03%, 0, 0, 3, 62.25
1746786128, 0, 76, 333, 330, 13, 6.03%, 0, 0, 3, 58.06
1746786230, 0, 76, 334, 331, 13, 6.03%, 0, 0, 3, 58.85
1746786240, 0, 76, 335, 332, 13, 6.03%, 0, 0, 3, 59.44
1746786255, 0, 76, 337, 334, 13, 6.03%, 0, 0, 3, 57.08
1746786260, 0, 76, 338, 335, 13, 6.03%, 0, 0, 3, 58.57
1746786270, 0, 76, 339, 336, 13, 6.03%, 0, 0, 3, 60.29
1746786311, 0, 76, 340, 337, 13, 6.03%, 0, 0, 3, 60.57
1746786322, 0, 76, 341, 338, 13, 6.03%, 0, 0, 3, 60.80
1746786327, 0, 76, 342, 339, 13, 6.03%, 0, 0, 3, 60.92
1746786342, 0, 76, 343, 340, 13, 6.03%, 0, 0, 3, 60.65
1746786347, 0, 76, 345, 342, 13, 6.03%, 0, 0, 3, 60.29
1746786352, 0, 76, 346, 343, 13, 6.03%, 0, 0, 3, 60.77
1746786363, 0, 76, 348, 345, 13, 6.03%, 0, 0, 3, 58.06
1746786383, 0, 76, 349, 346, 13, 6.03%, 0, 0, 3, 59.90
1746786398, 0, 76, 350, 347, 13, 6.03%, 0, 0, 3, 59.17
1746786404, 0, 76, 352, 349, 13, 6.03%, 0, 0, 3, 58.85
1746786409, 0, 76, 353, 350, 13, 6.03%, 0, 0, 3, 59.46
1746786440, 0, 76, 354, 351, 13, 6.03%, 0, 0, 3, 61.10
1746786450, 0, 76, 356, 353, 13, 6.03%, 0, 0, 3, 57.66
1746786470, 0, 76, 357, 354, 13, 6.03%, 0, 0, 3, 61.26
1746786475, 0, 76, 358, 355, 13, 6.03%, 0, 0, 3, 59.70
1746786485, 0, 76, 359, 356, 13, 6.03%, 0, 0, 3, 60.66
1746786490, 0, 76, 360, 357, 13, 6.03%, 0, 0, 3, 58.70
1746786496, 0, 76, 361, 358, 13, 6.03%, 0, 0, 3, 58.92
1746786501, 0, 161, 361, 357, 11, 6.03%, 0, 0, 3, 58.00
1746786659, 0, 161, 363, 359, 11, 6.03%, 0, 0, 3, 48.96
1746786664, 0, 161, 366, 362, 11, 6.03%, 0, 0, 3, 51.04
1746786669, 0, 161, 368, 364, 11, 6.03%, 0, 0, 3, 53.03
1746786674, 0, 161, 369, 365, 11, 6.03%, 0, 0, 3, 55.02
1746786684, 0, 161, 371, 367, 11, 6.03%, 0, 0, 3, 53.32
1746786694, 0, 161, 374, 370, 11, 6.03%, 0, 0, 3, 53.70
1746786705, 0, 161, 375, 371, 11, 6.03%, 0, 0, 3, 53.60
1746786710, 0, 161, 378, 374, 11, 6.03%, 0, 0, 3, 52.62
1746786715, 0, 161, 379, 375, 11, 6.03%, 0, 0, 3, 54.09
1746786735, 0, 161, 381, 377, 11, 6.06%, 0, 0, 3, 54.10
1746786740, 0, 161, 383, 379, 11, 6.06%, 0, 0, 3, 52.55
1746786745, 0, 161, 384, 380, 11, 6.06%, 0, 0, 3, 54.68
1746786756, 0, 161, 385, 381, 11, 6.06%, 0, 0, 3, 54.39
1746786806, 0, 161, 387, 383, 11, 6.06%, 0, 0, 3, 54.99
1746786816, 0, 161, 388, 384, 11, 6.06%, 0, 0, 3, 54.82
1746786827, 0, 161, 391, 387, 11, 6.06%, 0, 0, 3, 53.60
1746786832, 0, 161, 392, 388, 11, 6.06%, 0, 0, 3, 55.20
1746786842, 0, 161, 393, 389, 11, 6.06%, 0, 0, 3, 54.56
1746786862, 0, 161, 394, 390, 11, 6.06%, 0, 0, 3, 52.55
1746786867, 0, 161, 395, 391, 11, 6.06%, 0, 0, 3, 54.23
1746786872, 0, 161, 396, 392, 11, 6.06%, 0, 0, 3, 53.52
1746786898, 0, 161, 397, 393, 11, 6.06%, 0, 0, 3, 55.92
1746786903, 0, 161, 399, 395, 11, 6.06%, 0, 0, 3, 53.54
1746786908, 0, 161, 400, 396, 11, 6.06%, 0, 0, 3, 53.72
1746786913, 0, 161, 402, 398, 11, 6.06%, 0, 0, 3, 53.03
1746786923, 0, 161, 404, 400, 11, 6.06%, 0, 0, 3, 52.53
1746786933, 0, 161, 405, 401, 11, 6.06%, 0, 0, 3, 54.79
1746786943, 0, 161, 406, 402, 11, 6.06%, 0, 0, 3, 55.10
1746786959, 0, 161, 407, 403, 11, 6.06%, 0, 0, 3, 55.54
1746786964, 0, 161, 408, 404, 11, 6.06%, 0, 0, 3, 55.51
1746786969, 0, 177, 408, 403, 11, 6.06%, 0, 0, 3, 47.29
1746787316, 0, 177, 410, 405, 11, 6.06%, 0, 0, 3, 46.13
1746787326, 0, 177, 411, 406, 11, 6.06%, 0, 0, 3, 48.14
1746787331, 0, 177, 414, 409, 11, 6.06%, 0, 0, 3, 48.59
1746787336, 0, 177, 415, 410, 11, 6.06%, 0, 0, 3, 48.93
1746787341, 0, 177, 416, 411, 11, 6.06%, 0, 0, 3, 48.62
1746787346, 0, 177, 417, 412, 11, 6.06%, 0, 0, 3, 47.73
1746787351, 0, 177, 420, 415, 11, 6.06%, 0, 0, 3, 45.89
1746787356, 0, 177, 422, 417, 11, 6.06%, 0, 0, 3, 45.87
1746787361, 0, 177, 424, 419, 11, 6.06%, 0, 0, 3, 48.49
1746787366, 0, 177, 425, 420, 11, 6.06%, 0, 0, 3, 46.33
1746787371, 0, 177, 428, 423, 11, 6.06%, 0, 0, 3, 45.71
1746787377, 0, 177, 430, 425, 11, 6.06%, 0, 0, 3, 48.00
1746787382, 0, 177, 433, 428, 11, 6.06%, 0, 0, 3, 46.55
1746787387, 0, 177, 436, 431, 11, 6.18%, 0, 0, 3, 45.74
1746787392, 0, 177, 437, 432, 11, 6.18%, 0, 0, 3, 46.86
1746787397, 0, 177, 438, 433, 11, 6.18%, 0, 0, 3, 48.59
1746787402, 0, 177, 439, 434, 11, 6.18%, 0, 0, 3, 48.84
1746787417, 0, 177, 441, 436, 11, 6.18%, 0, 0, 3, 48.46
1746787422, 0, 177, 443, 438, 11, 6.18%, 0, 0, 3, 46.78
1746787427, 0, 177, 444, 439, 11, 6.18%, 0, 0, 3, 48.00
1746787432, 0, 177, 446, 441, 11, 6.18%, 0, 0, 3, 47.04
1746787437, 0, 177, 448, 443, 11, 6.18%, 0, 0, 3, 47.92
1746787447, 0, 177, 449, 444, 11, 6.18%, 0, 0, 3, 48.29
1746787468, 0, 177, 450, 445, 11, 6.18%, 0, 0, 3, 49.87
1746787478, 0, 177, 453, 448, 11, 6.18%, 0, 0, 3, 48.34
1746787488, 0, 177, 454, 449, 11, 6.18%, 0, 0, 3, 48.25
1746787493, 0, 177, 456, 451, 11, 6.18%, 0, 0, 3, 45.94
1746787503, 0, 177, 459, 454, 11, 6.18%, 0, 0, 3, 47.75
1746787508, 0, 177, 460, 455, 11, 6.18%, 0, 0, 3, 48.29
1746787528, 0, 177, 464, 459, 11, 6.23%, 0, 0, 3, 46.17
1746787538, 0, 177, 465, 460, 11, 6.23%, 0, 0, 3, 49.63
1746787543, 0, 177, 466, 461, 11, 6.23%, 0, 0, 3, 48.69
1746787549, 0, 177, 468, 463, 11, 6.23%, 0, 0, 3, 47.75
1746787554, 0, 177, 469, 464, 11, 6.23%, 0, 0, 3, 45.87
1746787569, 0, 177, 472, 467, 11, 6.23%, 0, 0, 3, 44.52
1746787574, 0, 177, 474, 469, 11, 6.23%, 0, 0, 3, 46.20
1746787579, 0, 177, 476, 471, 11, 6.23%, 0, 0, 3, 47.37
1746787589, 0, 177, 477, 472, 11, 6.23%, 0, 0, 3, 48.99
1746787599, 0, 177, 479, 474, 11, 6.23%, 0, 0, 3, 47.70
1746787604, 0, 177, 481, 476, 11, 6.23%, 0, 0, 3, 47.25
1746787609, 0, 177, 482, 477, 11, 6.23%, 0, 0, 3, 47.01
1746787614, 0, 177, 483, 478, 11, 6.23%, 0, 0, 3, 47.08
1746787619, 0, 177, 484, 479, 11, 6.23%, 0, 0, 3, 46.81
1746787625, 0, 177, 485, 480, 11, 6.23%, 0, 0, 3, 46.64
1746787635, 0, 177, 487, 482, 11, 6.23%, 0, 0, 3, 45.57
1746787640, 0, 177, 489, 484, 11, 6.23%, 0, 0, 3, 47.43
1746787645, 0, 177, 490, 485, 11, 6.23%, 0, 0, 3, 49.24
1746787665, 0, 191, 490, 484, 13, 6.23%, 0, 0, 3, 50.01
1746787798, 0, 191, 491, 485, 13, 6.23%, 0, 0, 3, 55.87
1746787803, 0, 191, 492, 486, 13, 6.23%, 0, 0, 3, 55.57
1746787818, 0, 191, 494, 488, 13, 6.23%, 0, 0, 3, 55.48
1746787843, 0, 191, 495, 489, 13, 6.23%, 0, 0, 3, 55.40
1746787849, 0, 191, 496, 490, 13, 6.23%, 0, 0, 3, 56.24
1746787854, 0, 191, 497, 491, 13, 6.23%, 0, 0, 3, 56.39
1746787869, 0, 191, 498, 492, 13, 6.23%, 0, 0, 3, 56.75
1746787884, 0, 191, 499, 493, 13, 6.23%, 0, 0, 3, 57.88
1746787900, 0, 191, 500, 494, 13, 6.23%, 0, 0, 3, 56.07
1746787905, 0, 191, 501, 495, 13, 6.23%, 0, 0, 3, 55.58
1746787910, 0, 191, 503, 497, 13, 6.23%, 0, 0, 3, 55.13
1746787915, 0, 191, 504, 498, 13, 6.25%, 0, 0, 3, 56.26
1746787935, 0, 191, 505, 499, 13, 6.25%, 0, 0, 3, 55.01
1746787945, 0, 191, 506, 500, 13, 6.25%, 0, 0, 3, 55.57
1746787976, 0, 191, 507, 501, 13, 6.25%, 0, 0, 3, 54.44
1746787996, 0, 191, 508, 502, 13, 6.25%, 0, 0, 3, 57.46
1746788011, 0, 191, 509, 503, 13, 6.25%, 0, 0, 3, 55.83
1746788026, 0, 191, 510, 504, 13, 6.25%, 0, 0, 3, 53.95
1746788057, 0, 191, 511, 505, 13, 6.25%, 0, 0, 3, 54.29
1746788088, 0, 234, 511, 504, 11, 6.25%, 0, 0, 3, 52.71
1746788232, 0, 342, 511, 503, 10, 6.25%, 0, 0, 3, 52.11
1746788474, 0, 342, 513, 505, 10, 6.25%, 0, 0, 4, 49.05
1746788505, 0, 348, 513, 504, 9, 6.25%, 0, 0, 4, 49.24
1746788745, 0, 380, 513, 503, 8, 6.25%, 0, 0, 4, 41.54
1746789196, 0, 380, 514, 504, 8, 6.25%, 0, 0, 4, 44.55
1746789201, 0, 380, 515, 505, 8, 6.25%, 0, 0, 4, 43.36
1746789206, 0, 380, 516, 506, 8, 6.25%, 0, 0, 4, 44.83
1746789232, 0, 380, 518, 508, 8, 6.25%, 0, 0, 4, 42.17
1746789237, 0, 380, 519, 509, 8, 6.25%, 0, 0, 4, 43.62
1746789242, 0, 380, 520, 510, 8, 6.25%, 0, 0, 4, 43.32
1746789257, 0, 380, 521, 511, 8, 6.25%, 0, 0, 4, 43.14
1746789262, 0, 380, 522, 512, 8, 6.25%, 0, 0, 4, 43.09
1746789283, 0, 380, 524, 514, 8, 6.25%, 0, 0, 4, 43.79
1746789288, 0, 380, 526, 516, 8, 6.25%, 0, 0, 4, 43.07
1746789298, 0, 380, 527, 517, 8, 6.25%, 0, 0, 4, 41.77
1746789313, 0, 380, 528, 518, 8, 6.25%, 0, 0, 4, 44.17
1746789323, 0, 380, 530, 520, 8, 6.25%, 0, 0, 4, 43.01
1746789339, 0, 380, 531, 521, 8, 6.25%, 0, 0, 4, 43.01
1746789349, 0, 380, 533, 523, 8, 6.25%, 0, 0, 4, 41.12
1746789354, 0, 380, 535, 525, 8, 6.25%, 0, 0, 4, 42.19
1746789369, 0, 380, 536, 526, 8, 6.25%, 0, 0, 4, 43.54
1746789384, 0, 380, 539, 529, 8, 6.25%, 0, 0, 4, 41.56
1746789415, 0, 380, 540, 530, 8, 6.25%, 0, 0, 4, 43.21
1746789420, 0, 380, 542, 532, 8, 6.25%, 0, 0, 4, 40.50
1746789430, 0, 380, 543, 533, 8, 6.25%, 0, 0, 4, 43.80
1746789440, 0, 380, 544, 534, 8, 6.25%, 0, 0, 4, 43.88
1746789461, 0, 380, 545, 535, 8, 6.25%, 0, 0, 4, 43.63
1746789466, 0, 380, 546, 536, 8, 6.25%, 0, 0, 4, 43.87
1746789471, 0, 380, 547, 537, 8, 6.25%, 0, 0, 4, 42.92
1746789491, 0, 380, 549, 539, 8, 6.25%, 0, 0, 4, 44.49
1746789506, 0, 380, 550, 540, 8, 6.25%, 0, 0, 4, 43.16
1746789517, 0, 380, 551, 541, 8, 6.25%, 0, 0, 4, 44.10
1746789537, 0, 380, 552, 542, 8, 6.25%, 0, 0, 4, 42.41
1746789547, 0, 380, 553, 543, 8, 6.25%, 0, 0, 4, 43.36
1746789563, 0, 380, 554, 544, 8, 6.25%, 0, 0, 4, 42.74
1746789568, 0, 452, 554, 543, 6, 6.25%, 0, 0, 4, 43.13
1746789892, 0, 452, 555, 544, 6, 6.25%, 0, 0, 4, 43.46
1746789907, 0, 452, 556, 545, 6, 6.25%, 0, 0, 4, 50.00
1746789917, 0, 462, 556, 544, 5, 6.25%, 0, 0, 4, 41.91
1746789933, 0, 462, 560, 548, 5, 6.25%, 0, 0, 4, 21.36
1746789938, 0, 462, 562, 550, 5, 6.25%, 0, 0, 4, 21.02
1746789943, 0, 462, 567, 555, 5, 6.25%, 0, 0, 4, 21.21
1746789948, 0, 462, 568, 556, 5, 6.25%, 0, 0, 4, 21.03
1746789953, 0, 462, 572, 560, 5, 6.25%, 0, 0, 4, 21.41
1746789958, 0, 462, 573, 561, 5, 6.25%, 0, 0, 4, 21.36
1746789968, 0, 462, 575, 563, 5, 6.25%, 0, 0, 4, 20.88
1746789974, 0, 462, 576, 564, 5, 6.25%, 0, 0, 4, 21.14
1746789984, 0, 462, 577, 565, 5, 6.25%, 0, 0, 4, 21.10
1746789994, 0, 462, 578, 566, 5, 6.25%, 0, 0, 4, 21.14
1746790113, 0, 462, 579, 567, 5, 6.25%, 0, 0, 4, 21.32
1746790118, 0, 462, 580, 568, 5, 6.25%, 0, 0, 4, 21.50
1746790165, 0, 462, 581, 569, 5, 6.25%, 0, 0, 4, 21.40
1746790201, 0, 462, 584, 572, 5, 6.25%, 0, 0, 4, 21.35
1746790206, 0, 462, 586, 574, 5, 6.25%, 0, 0, 4, 21.32
1746790211, 0, 462, 590, 578, 5, 6.25%, 0, 0, 4, 21.35
1746790216, 0, 462, 591, 579, 5, 6.30%, 0, 0, 4, 21.29
1746791321, 0, 462, 594, 582, 5, 6.30%, 0, 0, 4, 20.95
1746791326, 0, 462, 597, 585, 5, 6.30%, 0, 0, 4, 20.94
1746791332, 0, 462, 598, 586, 5, 6.30%, 0, 0, 4, 21.02
1746791393, 0, 462, 599, 587, 5, 6.30%, 0, 0, 4, 20.90
1746791738, 0, 462, 600, 588, 5, 6.30%, 0, 0, 4, 21.36
1746791794, 0, 462, 602, 590, 5, 6.30%, 0, 0, 4, 21.59
1746791893, 0, 462, 604, 592, 5, 6.30%, 0, 0, 4, 21.55
1746791898, 0, 462, 612, 600, 5, 6.32%, 0, 0, 4, 22.26
1746791903, 0, 462, 620, 608, 5, 6.32%, 0, 0, 4, 23.37
1746791908, 0, 462, 629, 617, 5, 6.39%, 0, 0, 4, 23.65
1746791913, 0, 462, 637, 625, 5, 6.39%, 0, 0, 4, 23.53
1746791918, 0, 462, 641, 629, 5, 6.39%, 0, 0, 4, 24.18
1746791923, 0, 462, 646, 634, 5, 6.39%, 0, 0, 4, 24.86
1746791928, 0, 462, 651, 639, 5, 6.39%, 0, 0, 4, 24.49
1746791933, 0, 462, 655, 643, 5, 6.39%, 0, 0, 4, 23.62
1746791939, 0, 462, 658, 646, 5, 6.39%, 0, 0, 4, 24.18
1746791944, 0, 462, 660, 648, 5, 6.39%, 0, 0, 4, 24.88
1746791949, 0, 462, 662, 650, 5, 6.39%, 0, 0, 4, 23.96
1746791954, 0, 462, 666, 654, 5, 6.39%, 0, 0, 4, 24.12
1746791959, 0, 462, 667, 655, 5, 6.39%, 0, 0, 4, 24.30
1746791964, 0, 462, 669, 657, 5, 6.40%, 0, 0, 4, 23.96
1746791969, 0, 462, 671, 659, 5, 6.40%, 0, 0, 4, 23.92
1746791974, 0, 462, 674, 662, 5, 6.40%, 0, 0, 4, 23.48
1746791979, 0, 462, 675, 663, 5, 6.40%, 0, 0, 4, 23.55
1746791984, 0, 462, 677, 665, 5, 6.40%, 0, 0, 4, 23.89
1746791989, 0, 462, 680, 668, 5, 6.40%, 0, 0, 4, 24.44
1746792000, 0, 462, 681, 669, 5, 6.40%, 0, 0, 4, 24.28
1746792005, 0, 462, 683, 671, 5, 6.40%, 0, 0, 4, 23.56
1746792010, 0, 462, 684, 672, 5, 6.40%, 0, 0, 4, 24.88
1746792015, 0, 462, 686, 674, 5, 6.40%, 0, 0, 4, 24.27
1746792025, 0, 462, 688, 676, 5, 6.40%, 0, 0, 4, 24.24
1746792030, 0, 462, 689, 677, 5, 6.40%, 0, 0, 4, 24.23
1746792041, 0, 462, 690, 678, 5, 6.40%, 0, 0, 4, 24.51
1746792046, 0, 462, 691, 679, 5, 6.40%, 0, 0, 4, 24.36
1746792061, 0, 462, 693, 681, 5, 6.40%, 0, 0, 4, 24.13
1746792066, 0, 462, 694, 682, 5, 6.40%, 0, 0, 4, 24.17
1746792076, 0, 462, 696, 684, 5, 6.40%, 0, 0, 4, 23.96
1746792082, 0, 462, 697, 685, 5, 6.40%, 0, 0, 4, 24.72
1746792087, 0, 462, 699, 687, 5, 6.40%, 0, 0, 4, 24.45
1746792092, 0, 462, 700, 688, 5, 6.40%, 0, 0, 4, 23.61
1746792107, 0, 462, 702, 690, 5, 6.40%, 0, 0, 4, 24.20
1746792117, 0, 462, 704, 692, 5, 6.40%, 0, 0, 4, 24.47
1746792132, 0, 462, 706, 694, 5, 6.40%, 0, 0, 4, 23.75
1746792143, 0, 462, 707, 695, 5, 6.40%, 0, 0, 4, 24.34
1746792158, 0, 462, 708, 696, 5, 6.40%, 0, 0, 4, 24.85
1746792173, 0, 462, 709, 697, 5, 6.40%, 0, 0, 4, 24.44
1746792188, 0, 462, 710, 698, 5, 6.40%, 0, 0, 4, 24.47
1746792199, 0, 462, 711, 699, 5, 6.40%, 0, 0, 4, 24.58
1746792219, 0, 462, 712, 700, 5, 6.40%, 0, 0, 4, 24.49
1746792254, 0, 462, 713, 701, 5, 6.40%, 0, 0, 4, 23.76
1746792270, 0, 462, 715, 703, 5, 6.41%, 0, 0, 4, 24.30
1746792285, 0, 462, 716, 704, 5, 6.41%, 0, 0, 4, 25.01
1746792300, 0, 462, 717, 705, 5, 6.41%, 0, 0, 4, 24.69
1746792321, 0, 462, 718, 706, 5, 6.41%, 0, 0, 4, 24.81
1746792336, 0, 462, 719, 707, 5, 6.41%, 0, 0, 4, 24.89
1746792372, 0, 462, 720, 708, 5, 6.41%, 0, 0, 4, 24.30
1746792387, 0, 462, 722, 710, 5, 6.41%, 0, 0, 4, 24.46
1746792392, 0, 462, 723, 711, 5, 6.41%, 0, 0, 4, 24.64
1746792397, 0, 462, 724, 712, 5, 6.41%, 0, 0, 4, 23.85
1746792423, 0, 462, 725, 713, 5, 6.41%, 0, 0, 4, 25.14
1746792438, 0, 509, 725, 712, 9, 6.41%, 0, 0, 4, 24.28
1746793704, 0, 509, 727, 714, 9, 6.41%, 0, 0, 4, 27.54
1746793730, 0, 509, 728, 715, 9, 6.41%, 0, 0, 4, 28.48
1746793781, 0, 509, 729, 716, 9, 6.41%, 0, 0, 4, 28.06
1746793862, 0, 509, 730, 717, 9, 6.41%, 0, 0, 4, 29.35
1746793964, 0, 509, 731, 718, 9, 6.41%, 0, 0, 4, 28.64
1746794275, 0, 513, 731, 717, 8, 6.41%, 0, 0, 4, 32.15
1746794953, 0, 540, 731, 716, 7, 6.41%, 0, 0, 4, 37.07
1746795851, 0, 563, 731, 715, 7, 6.41%, 0, 0, 4, 25.61
1746797789, 0, 563, 732, 716, 7, 6.41%, 0, 0, 5, 24.68
1746797809, 0, 563, 733, 717, 7, 6.41%, 0, 0, 5, 25.09
1746797819, 0, 563, 735, 719, 7, 6.41%, 0, 0, 5, 24.80
1746797891, 0, 563, 736, 720, 7, 6.41%, 0, 0, 5, 24.04
1746797967, 0, 563, 737, 721, 7, 6.41%, 0, 0, 5, 23.55
1746797982, 0, 563, 738, 722, 7, 6.41%, 0, 0, 5, 24.36
1746797987, 0, 563, 739, 723, 7, 6.41%, 0, 0, 5, 24.27
1746797998, 0, 563, 740, 724, 7, 6.42%, 0, 0, 5, 24.17
1746798008, 0, 563, 741, 725, 7, 6.42%, 0, 0, 5, 25.48
1746798013, 0, 563, 743, 727, 7, 6.42%, 0, 0, 5, 25.00
1746798079, 0, 563, 744, 728, 7, 6.42%, 0, 0, 5, 23.88
1746798089, 0, 563, 745, 729, 7, 6.42%, 0, 0, 5, 24.03
1746798125, 0, 563, 746, 730, 7, 6.42%, 0, 0, 5, 24.82
1746798262, 0, 563, 747, 731, 7, 6.42%, 0, 0, 5, 25.53
1746798272, 0, 570, 747, 730, 8, 6.42%, 0, 0, 5, 23.90
1746798544, 0, 570, 748, 731, 8, 6.42%, 0, 0, 5, 21.44
1746800229, 0, 570, 749, 732, 8, 6.42%, 0, 0, 5, 24.35
1746800239, 0, 570, 750, 733, 8, 6.42%, 0, 0, 5, 23.89
1746800335, 0, 570, 751, 734, 8, 6.42%, 0, 0, 5, 24.71
1746800351, 0, 570, 752, 735, 8, 6.42%, 0, 0, 5, 24.34
1746800432, 0, 570, 753, 736, 8, 6.42%, 0, 0, 5, 24.02
1746800468, 0, 570, 754, 737, 8, 6.42%, 0, 0, 5, 23.30
1746800503, 0, 570, 755, 738, 8, 6.42%, 0, 0, 5, 25.47
1746800620, 0, 570, 756, 739, 8, 6.42%, 0, 0, 5, 25.14
1746800696, 0, 570, 757, 740, 8, 6.42%, 0, 0, 5, 24.50
1746800717, 0, 632, 757, 739, 8, 6.42%, 0, 0, 5, 23.65
1746800727, 0, 632, 759, 741, 8, 6.42%, 0, 0, 5, 22.19
1746800805, 0, 632, 760, 742, 8, 6.42%, 0, 0, 5, 22.38
1746802400, 0, 632, 761, 743, 8, 6.42%, 0, 0, 5, 26.26
1746802420, 0, 632, 762, 744, 8, 6.42%, 0, 0, 5, 26.29
1746802425, 0, 632, 763, 745, 8, 6.42%, 0, 0, 5, 26.81
1746802435, 0, 632, 764, 746, 8, 6.42%, 0, 0, 5, 26.03
1746802440, 0, 632, 765, 747, 8, 6.42%, 0, 0, 5, 26.14
1746802451, 0, 632, 766, 748, 8, 6.42%, 0, 0, 5, 26.14
1746802476, 0, 632, 767, 749, 8, 6.43%, 0, 0, 5, 26.06
1746802584, 0, 632, 768, 750, 8, 6.43%, 0, 0, 5, 24.87
1746802589, 0, 632, 769, 751, 8, 6.43%, 0, 0, 5, 26.34
1746802624, 0, 632, 770, 752, 8, 6.43%, 0, 0, 5, 26.88
1746802833, 0, 632, 771, 753, 8, 6.43%, 0, 0, 5, 26.03
1746802854, 0, 656, 771, 752, 8, 6.43%, 0, 0, 5, 25.89
1746802924, 0, 656, 772, 753, 8, 6.43%, 0, 0, 5, 17.99
1746805482, 0, 656, 773, 754, 8, 6.43%, 0, 0, 5, 19.04
1746805690, 0, 656, 774, 755, 8, 6.43%, 0, 0, 5, 21.49
1746805706, 0, 656, 775, 756, 8, 6.43%, 0, 0, 5, 20.60
1746805711, 0, 656, 776, 757, 8, 6.43%, 0, 0, 5, 20.75
1746805736, 0, 656, 777, 758, 8, 6.43%, 0, 0, 5, 20.94
1746805742, 0, 656, 778, 759, 8, 6.43%, 0, 0, 5, 21.33
1746805767, 0, 656, 779, 760, 8, 6.43%, 0, 0, 5, 20.59
1746805956, 0, 656, 780, 761, 8, 6.43%, 0, 0, 5, 21.89
1746806064, 0, 656, 781, 762, 8, 6.43%, 0, 0, 5, 21.13
1746806074, 0, 656, 782, 763, 8, 6.43%, 0, 0, 5, 21.14
1746806105, 0, 656, 783, 764, 8, 6.43%, 0, 0, 5, 21.88
1746806146, 0, 656, 784, 765, 8, 6.43%, 0, 0, 5, 21.60
1746806242, 0, 656, 785, 766, 8, 6.43%, 0, 0, 5, 21.33
1746806258, 0, 665, 785, 765, 8, 6.43%, 0, 0, 5, 24.29
1746807693, 0, 702, 785, 764, 7, 6.43%, 0, 0, 5, 25.07
1746809483, 0, 714, 785, 763, 6, 6.43%, 0, 0, 5, 22.63
1746811833, 0, 714, 786, 764, 6, 6.43%, 0, 0, 5, 22.55
1746811879, 0, 748, 786, 763, 5, 6.43%, 0, 0, 5, 21.15
1746814623, 0, 748, 787, 764, 5, 6.43%, 0, 0, 6, 21.42
1746814633, 0, 748, 788, 765, 5, 6.43%, 0, 0, 6, 22.22
1746814659, 0, 748, 789, 766, 5, 6.43%, 0, 0, 6, 21.67
1746814669, 0, 748, 790, 767, 5, 6.43%, 0, 0, 6, 21.04
1746814674, 0, 748, 791, 768, 5, 6.43%, 0, 0, 6, 21.84
1746814684, 0, 748, 792, 769, 5, 6.43%, 0, 0, 6, 21.91
1746814689, 0, 748, 793, 770, 5, 6.43%, 0, 0, 6, 21.62
1746814694, 0, 748, 794, 771, 5, 6.43%, 0, 0, 6, 21.93
1746814731, 0, 748, 795, 772, 5, 6.43%, 0, 0, 6, 21.44
1746814741, 0, 748, 796, 773, 5, 6.43%, 0, 0, 6, 21.62
1746814762, 0, 748, 797, 774, 5, 6.43%, 0, 0, 6, 21.56
1746814782, 0, 748, 798, 775, 5, 6.43%, 0, 0, 6, 21.24
1746814792, 0, 748, 799, 776, 5, 6.43%, 0, 0, 6, 21.78
1746814828, 0, 748, 800, 777, 5, 6.43%, 0, 0, 6, 21.43
1746814874, 0, 748, 801, 778, 5, 6.43%, 0, 0, 6, 21.96
1746815078, 0, 748, 802, 779, 5, 6.43%, 0, 0, 6, 22.14
1746815130, 0, 748, 803, 780, 5, 6.43%, 0, 0, 6, 20.99
1746815171, 0, 754, 803, 779, 4, 6.43%, 0, 0, 6, 22.54
1746816879, 0, 760, 803, 778, 3, 6.43%, 0, 0, 6, 25.47
1746818642, 0, 766, 803, 777, 2, 6.43%, 0, 0, 6, 26.70
1746818662, 0, 766, 804, 778, 2, 6.43%, 0, 0, 6, 18.08
1746818667, 0, 766, 805, 779, 2, 6.43%, 0, 0, 6, 18.15
1746818693, 0, 766, 806, 780, 2, 6.43%, 0, 0, 6, 18.01
1746820679, 0, 766, 807, 781, 2, 6.43%, 0, 0, 6, 18.63
1746821512, 0, 766, 808, 782, 2, 6.43%, 0, 0, 6, 17.87
1746821650, 0, 766, 809, 783, 2, 6.43%, 0, 0, 6, 19.54
1746821656, 0, 766, 810, 784, 2, 6.43%, 0, 0, 6, 19.79
1746821681, 0, 766, 811, 785, 2, 6.43%, 0, 0, 6, 21.84
1746821691, 0, 766, 812, 786, 2, 6.43%, 0, 0, 6, 21.10
1746821697, 0, 766, 813, 787, 2, 6.43%, 0, 0, 6, 20.95
1746821743, 0, 766, 814, 788, 2, 6.43%, 0, 0, 6, 21.07
1746821748, 0, 766, 815, 789, 2, 6.43%, 0, 0, 6, 20.80
1746821753, 0, 766, 816, 790, 2, 6.43%, 0, 0, 6, 20.81
1746821789, 0, 766, 817, 791, 2, 6.43%, 0, 0, 6, 20.82
1746821851, 0, 766, 818, 792, 2, 6.43%, 0, 0, 6, 21.03
1746821908, 0, 766, 819, 793, 2, 6.43%, 0, 0, 6, 21.33
1746821928, 0, 766, 820, 794, 2, 6.43%, 0, 0, 6, 21.65
1746821943, 0, 766, 821, 795, 2, 6.43%, 0, 0, 6, 21.41
1746821954, 0, 766, 822, 796, 2, 6.43%, 0, 0, 6, 20.52
1746821969, 0, 766, 823, 797, 2, 6.43%, 0, 0, 6, 20.93
1746822060, 0, 766, 824, 798, 2, 6.43%, 0, 0, 6, 21.02
1746822162, 0, 766, 825, 799, 2, 6.43%, 0, 0, 6, 20.23
1746822188, 0, 766, 826, 800, 2, 6.43%, 0, 0, 6, 20.36
1746822234, 0, 769, 826, 799, 2, 6.43%, 0, 0, 6, 21.62
1746824107, 0, 804, 826, 798, 1, 6.43%, 0, 0, 6, 25.64
1746827148, 1, 1, 826, 797, 0, 6.43%, 0, 0, 6, 29.41
1746827153, 1, 1, 827, 798, 0, 6.43%, 0, 0, 6, 52.73
1746827158, 1, 1, 828, 799, 0, 6.43%, 0, 0, 6, 57.68
1746827184, 1, 1, 829, 800, 0, 6.43%, 0, 0, 6, 64.95
1746827189, 1, 1, 830, 801, 0, 6.43%, 0, 0, 6, 62.86
1746827194, 1, 1, 831, 802, 0, 6.43%, 0, 0, 6, 61.19
1746827199, 1, 1, 833, 804, 0, 6.43%, 0, 0, 6, 58.47
1746827204, 1, 1, 835, 806, 0, 6.43%, 0, 0, 6, 54.99
1746827209, 1, 1, 836, 807, 0, 6.43%, 0, 0, 6, 60.35
1746827230, 1, 1, 837, 808, 0, 6.43%, 0, 0, 6, 61.48
1746827235, 1, 1, 838, 809, 0, 6.43%, 0, 0, 6, 64.48
1746827240, 1, 1, 840, 811, 0, 6.43%, 0, 0, 6, 57.66
1746827245, 1, 1, 842, 813, 0, 6.43%, 0, 0, 6, 57.15
1746827250, 1, 1, 844, 815, 0, 6.43%, 0, 0, 6, 57.18
1746827291, 1, 1, 845, 816, 0, 6.43%, 0, 0, 6, 63.34
1746827327, 1, 1, 846, 817, 0, 6.43%, 0, 0, 6, 58.67
1746827337, 1, 1, 847, 818, 0, 6.43%, 0, 0, 6, 60.83
1746827342, 1, 1, 849, 820, 0, 6.43%, 0, 0, 6, 56.43
1746827347, 1, 1, 850, 821, 0, 6.43%, 0, 0, 6, 61.08
1746827352, 1, 29, 850, 820, 1, 6.43%, 0, 0, 6, 63.09
1746827388, 1, 29, 851, 821, 1, 6.43%, 0, 0, 6, 59.46
1746827403, 1, 29, 852, 822, 1, 6.43%, 0, 0, 6, 61.53
1746827439, 1, 87, 852, 821, 1, 6.43%, 0, 0, 6, 40.03
1746828068, 1, 87, 854, 823, 1, 6.43%, 0, 0, 6, 37.37
1746828073, 1, 87, 856, 825, 1, 6.43%, 0, 0, 6, 34.05
1746828078, 1, 87, 857, 826, 1, 6.43%, 0, 0, 6, 35.74
1746828083, 1, 87, 858, 827, 1, 6.43%, 0, 0, 6, 37.57
1746828088, 1, 87, 861, 830, 1, 6.43%, 0, 0, 6, 32.46
1746828093, 1, 87, 863, 832, 1, 6.43%, 0, 0, 6, 32.52
1746828109, 1, 87, 865, 834, 1, 6.43%, 0, 0, 6, 40.10
1746828114, 1, 87, 866, 835, 1, 6.43%, 0, 0, 6, 39.76
1746828119, 1, 87, 868, 837, 1, 6.43%, 0, 0, 6, 37.86
1746828124, 1, 87, 870, 839, 1, 6.43%, 0, 0, 6, 37.08
1746828144, 1, 87, 871, 840, 1, 6.43%, 0, 0, 6, 37.77
1746828150, 1, 87, 872, 841, 1, 6.43%, 0, 0, 6, 37.99
1746828155, 1, 87, 873, 842, 1, 6.43%, 0, 0, 6, 38.14
1746828170, 1, 87, 875, 844, 1, 6.43%, 0, 0, 6, 35.93
1746828180, 1, 87, 876, 845, 1, 6.43%, 0, 0, 6, 35.91
1746828216, 1, 87, 877, 846, 1, 6.43%, 0, 0, 6, 40.04
1746828227, 1, 87, 878, 847, 1, 6.43%, 0, 0, 6, 38.05
1746828237, 1, 87, 879, 848, 1, 6.43%, 0, 0, 6, 36.37
1746828247, 1, 87, 880, 849, 1, 6.43%, 0, 0, 6, 39.93
1746828283, 1, 87, 881, 850, 1, 6.43%, 0, 0, 6, 39.72
1746828319, 1, 87, 882, 851, 1, 6.43%, 0, 0, 6, 38.95
1746828324, 1, 87, 883, 852, 1, 6.43%, 0, 0, 6, 37.22
1746828339, 1, 87, 884, 853, 1, 6.43%, 0, 0, 6, 38.92
1746828375, 1, 87, 885, 854, 1, 6.43%, 0, 0, 6, 35.69
1746828380, 1, 87, 887, 856, 1, 6.43%, 0, 0, 6, 36.20
1746828396, 1, 87, 888, 857, 1, 6.43%, 0, 0, 6, 39.37
1746828411, 1, 87, 889, 858, 1, 6.43%, 0, 0, 6, 38.21
1746828416, 1, 87, 890, 859, 1, 6.43%, 0, 0, 6, 37.72
1746828452, 1, 87, 891, 860, 1, 6.43%, 0, 0, 6, 38.10
