# unix_time, cycles_done, cur_path, paths_total, pending_total, pending_favs, map_size, unique_crashes, unique_hangs, max_depth, execs_per_sec
1748451392, 0, 0, 1, 1, 1, 0.03%, 0, 0, 1, 275.86
1748451397, 0, 0, 29, 29, 1, 0.04%, 0, 0, 2, 3878.33
1748451402, 0, 4, 34, 31, 2, 0.04%, 0, 0, 3, 3881.45
1748451407, 1, 22, 34, 24, 0, 0.04%, 0, 0, 3, 3395.80
1748451413, 2, 32, 35, 20, 0, 0.04%, 0, 0, 3, 3436.36
1748451418, 3, 34, 36, 16, 0, 0.04%, 0, 0, 3, 3316.64
1748451423, 3, 34, 39, 19, 0, 0.04%, 0, 0, 4, 2835.79
1748451428, 3, 34, 40, 20, 0, 0.04%, 0, 0, 4, 2941.82
1748451433, 3, 39, 40, 19, 0, 0.04%, 0, 0, 4, 2114.93
1748451438, 4, 8, 41, 19, 0, 0.04%, 0, 0, 5, 2476.64
1748451443, 4, 36, 41, 15, 0, 0.04%, 0, 0, 5, 2588.40
1748451448, 5, 20, 41, 13, 0, 0.04%, 0, 0, 5, 2878.15
1748451453, 5, 38, 41, 11, 0, 0.04%, 0, 0, 5, 2348.76
1748451469, 5, 38, 44, 14, 0, 0.04%, 0, 0, 5, 1953.97
1748451474, 5, 38, 45, 15, 0, 0.04%, 0, 0, 5, 2241.22
1748451484, 5, 41, 46, 15, 0, 0.04%, 0, 0, 5, 1739.62
1748451504, 6, 23, 46, 12, 0, 0.04%, 0, 0, 5, 2344.77
1748451509, 6, 37, 46, 11, 0, 0.04%, 0, 0, 5, 2454.71
1748451514, 6, 40, 46, 10, 0, 0.04%, 0, 0, 5, 2235.66
1748451525, 6, 44, 46, 9, 0, 0.04%, 0, 0, 5, 1742.25
1748451545, 7, 4, 46, 7, 0, 0.04%, 0, 0, 5, 1988.89
1748451550, 8, 45, 46, 6, 0, 0.04%, 0, 0, 5, 1916.21
1748451570, 10, 33, 46, 3, 0, 0.04%, 0, 0, 5, 2597.08
1748451575, 12, 42, 46, 3, 0, 0.04%, 0, 0, 5, 1808.94
1748451601, 13, 43, 46, 2, 0, 0.04%, 0, 0, 5, 1928.44
1748451616, 14, 4, 46, 1, 0, 0.04%, 0, 0, 5, 1934.11
1748451621, 16, 32, 46, 0, 0, 0.04%, 0, 0, 5, 2620.44
1748451627, 21, 11, 46, 0, 0, 0.04%, 0, 0, 5, 2917.44
1748451632, 26, 5, 46, 0, 0, 0.04%, 0, 0, 5, 2869.52
1748451637, 31, 35, 46, 0, 0, 0.04%, 0, 0, 5, 2913.78
1748451642, 39, 44, 46, 0, 0, 0.04%, 0, 0, 5, 3017.94
1748451647, 44, 4, 46, 0, 0, 0.04%, 0, 0, 5, 2983.58
1748451652, 49, 4, 46, 0, 0, 0.04%, 0, 0, 5, 3044.29
1748451657, 55, 2, 46, 0, 0, 0.04%, 0, 0, 5, 3076.98
1748451662, 62, 5, 46, 0, 0, 0.04%, 0, 0, 5, 3090.73
1748451667, 70, 25, 46, 0, 0, 0.04%, 0, 0, 5, 3045.79
1748451672, 75, 40, 46, 0, 0, 0.04%, 0, 0, 5, 3045.98
1748451678, 80, 5, 46, 0, 0, 0.04%, 0, 0, 5, 2995.14
1748451683, 88, 1, 46, 0, 0, 0.04%, 0, 0, 5, 3052.84
1748451688, 93, 33, 46, 0, 0, 0.04%, 0, 0, 5, 3034.21
1748451693, 99, 31, 46, 0, 0, 0.04%, 0, 0, 5, 2957.99
1748451698, 104, 23, 46, 0, 0, 0.04%, 0, 0, 5, 2926.70
1748451703, 110, 21, 46, 0, 0, 0.04%, 0, 0, 5, 2969.83
1748451708, 117, 11, 46, 0, 0, 0.04%, 0, 0, 5, 2976.43
1748451713, 123, 39, 46, 0, 0, 0.04%, 0, 0, 5, 2862.30
1748451718, 130, 3, 46, 0, 0, 0.04%, 0, 0, 5, 2869.73
1748451724, 136, 31, 46, 0, 0, 0.04%, 0, 0, 5, 2954.92
1748451729, 143, 26, 46, 0, 0, 0.04%, 0, 0, 5, 2988.47
1748451734, 148, 30, 46, 0, 0, 0.04%, 0, 0, 5, 2913.25
1748451739, 155, 23, 46, 0, 0, 0.04%, 0, 0, 5, 2934.42
1748451744, 162, 31, 46, 0, 0, 0.04%, 0, 0, 5, 2887.71
1748451749, 170, 3, 46, 0, 0, 0.04%, 0, 0, 5, 2896.89
1748451754, 176, 44, 46, 0, 0, 0.04%, 0, 0, 5, 2869.64
1748451759, 183, 38, 46, 0, 0, 0.04%, 0, 0, 5, 2907.87
1748451765, 191, 2, 46, 0, 0, 0.04%, 0, 0, 5, 2965.90
1748451770, 198, 4, 46, 0, 0, 0.04%, 0, 0, 5, 2979.87
1748451775, 204, 6, 46, 0, 0, 0.04%, 0, 0, 5, 2914.95
1748451780, 210, 4, 46, 0, 0, 0.04%, 0, 0, 5, 2902.63
1748451785, 211, 46, 47, 1, 0, 0.04%, 0, 0, 6, 1872.73
1748451826, 215, 2, 47, 0, 0, 0.04%, 0, 0, 6, 2315.74
1748451831, 220, 2, 47, 0, 0, 0.04%, 0, 0, 6, 2605.44
1748451836, 224, 46, 47, 0, 0, 0.04%, 0, 0, 6, 2670.66
1748451841, 231, 34, 47, 0, 0, 0.04%, 0, 0, 6, 2830.86
1748451846, 236, 9, 47, 0, 0, 0.04%, 0, 0, 6, 2975.00
1748451851, 240, 3, 47, 0, 0, 0.04%, 0, 0, 6, 2810.38
1748451856, 245, 5, 47, 0, 0, 0.04%, 0, 0, 6, 2975.52
1748451862, 251, 40, 47, 0, 0, 0.04%, 0, 0, 6, 2925.84
1748451867, 254, 46, 47, 0, 0, 0.04%, 0, 0, 6, 2686.86
1748451872, 259, 30, 47, 0, 0, 0.04%, 0, 0, 6, 2972.43
1748451877, 264, 5, 47, 0, 0, 0.04%, 0, 0, 6, 2945.65
1748451882, 268, 17, 47, 0, 0, 0.04%, 0, 0, 6, 2958.38
1748451888, 274, 37, 47, 0, 0, 0.04%, 0, 0, 6, 2986.68
1748451893, 279, 41, 47, 0, 0, 0.04%, 0, 0, 6, 2940.74
1748451898, 284, 8, 47, 0, 0, 0.04%, 0, 0, 6, 2900.43
1748451903, 289, 35, 47, 0, 0, 0.04%, 0, 0, 6, 2857.60
1748451908, 295, 4, 47, 0, 0, 0.04%, 0, 0, 6, 2891.92
1748451913, 300, 3, 47, 0, 0, 0.04%, 0, 0, 6, 2812.38
1748451918, 306, 2, 47, 0, 0, 0.04%, 0, 0, 6, 2825.73
1748451924, 309, 46, 47, 0, 0, 0.04%, 0, 0, 6, 2609.18
1748451929, 313, 4, 47, 0, 0, 0.04%, 0, 0, 6, 2601.48
1748451934, 317, 2, 47, 0, 0, 0.04%, 0, 0, 6, 332.68
1748451939, 321, 23, 47, 0, 0, 0.04%, 0, 0, 6, 2731.47
1748451944, 326, 2, 47, 0, 0, 0.04%, 0, 0, 6, 2767.48
1748451949, 330, 41, 47, 0, 0, 0.04%, 0, 0, 6, 2894.08
1748451954, 334, 28, 47, 0, 0, 0.04%, 0, 0, 6, 2369.17
1748451959, 338, 28, 47, 0, 0, 0.04%, 0, 0, 6, 1167.06
1748451964, 344, 5, 47, 0, 0, 0.04%, 0, 0, 6, 2351.83
1748451969, 347, 39, 47, 0, 0, 0.04%, 0, 0, 6, 2446.10
1748451975, 352, 38, 47, 0, 0, 0.04%, 0, 0, 6, 2504.98
1748451980, 356, 18, 47, 0, 0, 0.04%, 0, 0, 6, 2671.08
1748451985, 359, 4, 47, 0, 0, 0.04%, 0, 0, 6, 2347.44
1748451990, 362, 10, 47, 0, 0, 0.04%, 0, 0, 6, 1689.15
1748451995, 364, 47, 48, 1, 1, 0.04%, 0, 0, 6, 289.82
1748452000, 364, 47, 49, 2, 1, 0.04%, 0, 0, 6, 359.65
1748452229, 364, 50, 51, 3, 0, 0.04%, 0, 0, 6, 626.04
1748452469, 366, 48, 52, 3, 0, 0.04%, 0, 0, 6, 1402.65
1748452535, 366, 49, 52, 2, 0, 0.04%, 0, 0, 6, 1121.46
1748452570, 366, 51, 52, 1, 0, 0.04%, 0, 0, 6, 1209.81
1748452631, 367, 50, 52, 0, 0, 0.04%, 0, 0, 6, 1707.50
1748452636, 369, 4, 52, 0, 0, 0.04%, 0, 0, 6, 2140.24
1748452641, 370, 50, 52, 0, 0, 0.04%, 0, 0, 6, 1998.52
1748452647, 373, 41, 52, 0, 0, 0.04%, 0, 0, 6, 2216.60
1748452652, 374, 50, 52, 0, 0, 0.04%, 0, 0, 6, 1871.81
1748452657, 377, 14, 52, 0, 0, 0.04%, 0, 0, 6, 2139.14
1748452662, 379, 4, 52, 0, 0, 0.04%, 0, 0, 6, 2212.85
1748452667, 381, 41, 52, 0, 0, 0.04%, 0, 0, 6, 2297.69
1748452672, 384, 2, 52, 0, 0, 0.04%, 0, 0, 6, 2156.66
1748452677, 385, 50, 52, 0, 0, 0.04%, 0, 0, 6, 2118.50
1748452682, 387, 50, 52, 0, 0, 0.04%, 0, 0, 6, 2069.33
1748452687, 390, 3, 52, 0, 0, 0.04%, 0, 0, 6, 2104.15
1748452692, 391, 50, 52, 0, 0, 0.04%, 0, 0, 6, 2176.52
1748452697, 393, 40, 52, 0, 0, 0.04%, 0, 0, 6, 2235.95
1748452702, 396, 2, 52, 0, 0, 0.04%, 0, 0, 6, 2158.97
1748452707, 398, 3, 52, 0, 0, 0.04%, 0, 0, 6, 2098.62
1748452712, 400, 19, 52, 0, 0, 0.04%, 0, 0, 6, 2297.48
1748452718, 402, 50, 52, 0, 0, 0.04%, 0, 0, 6, 2119.08
1748452723, 403, 49, 52, 0, 0, 0.04%, 0, 0, 6, 1984.64
1748452728, 405, 50, 52, 0, 0, 0.04%, 0, 0, 6, 2041.60
1748452733, 407, 50, 52, 0, 0, 0.04%, 0, 0, 6, 1985.31
1748452738, 409, 50, 52, 0, 0, 0.04%, 0, 0, 6, 2018.15
1748452743, 412, 2, 52, 0, 0, 0.04%, 0, 0, 6, 2083.55
1748452748, 414, 2, 52, 0, 0, 0.04%, 0, 0, 6, 2082.71
1748452753, 416, 33, 52, 0, 0, 0.04%, 0, 0, 6, 2213.14
1748452758, 417, 47, 52, 0, 0, 0.04%, 0, 0, 6, 2109.89
1748452763, 420, 19, 52, 0, 0, 0.04%, 0, 0, 6, 2204.95
1748452768, 421, 40, 52, 0, 0, 0.04%, 0, 0, 6, 2124.87
1748452774, 423, 50, 52, 0, 0, 0.04%, 0, 0, 6, 2029.52
1748452779, 426, 3, 52, 0, 0, 0.04%, 0, 0, 6, 2240.43
1748452784, 427, 50, 52, 0, 0, 0.04%, 0, 0, 6, 2253.34
1748452789, 429, 2, 52, 0, 0, 0.04%, 0, 0, 6, 1962.17
1748452794, 431, 50, 52, 0, 0, 0.04%, 0, 0, 6, 2168.33
1748452799, 433, 50, 52, 0, 0, 0.04%, 0, 0, 6, 2222.06
1748452804, 436, 4, 52, 0, 0, 0.04%, 0, 0, 6, 2201.75
1748452809, 438, 40, 52, 0, 0, 0.04%, 0, 0, 6, 2292.40
1748452814, 441, 4, 52, 0, 0, 0.04%, 0, 0, 6, 2240.32
1748452819, 443, 35, 52, 0, 0, 0.04%, 0, 0, 6, 2259.35
1748452824, 445, 50, 52, 0, 0, 0.04%, 0, 0, 6, 2007.11
1748452829, 447, 50, 52, 0, 0, 0.04%, 0, 0, 6, 2103.19
1748452835, 450, 16, 52, 0, 0, 0.04%, 0, 0, 6, 2186.31
1748452840, 452, 31, 52, 0, 0, 0.04%, 0, 0, 6, 2179.11
1748452845, 454, 3, 52, 0, 0, 0.04%, 0, 0, 6, 2014.84
1748452850, 455, 37, 52, 0, 0, 0.04%, 0, 0, 6, 2066.67
1748452855, 460, 4, 52, 0, 0, 0.04%, 0, 0, 6, 2336.74
1748452860, 463, 16, 52, 0, 0, 0.04%, 0, 0, 6, 2417.50
1748452865, 467, 2, 52, 0, 0, 0.04%, 0, 0, 6, 2277.48
1748452870, 469, 3, 52, 0, 0, 0.04%, 0, 0, 6, 2183.30
1748452875, 471, 46, 52, 0, 0, 0.04%, 0, 0, 6, 2137.36
1748452880, 473, 42, 52, 0, 0, 0.04%, 0, 0, 6, 2128.88
1748452886, 475, 12, 52, 0, 0, 0.04%, 0, 0, 6, 2280.93
1748452891, 478, 4, 52, 0, 0, 0.04%, 0, 0, 6, 2212.96
1748452896, 480, 3, 52, 0, 0, 0.04%, 0, 0, 6, 2204.95
1748452901, 483, 29, 52, 0, 0, 0.04%, 0, 0, 6, 2355.65
1748452906, 484, 51, 52, 0, 0, 0.04%, 0, 0, 6, 2096.40
1748452911, 487, 4, 52, 0, 0, 0.04%, 0, 0, 6, 2188.30
1748452916, 491, 3, 52, 0, 0, 0.04%, 0, 0, 6, 2318.59
1748452921, 494, 2, 52, 0, 0, 0.04%, 0, 0, 6, 2052.88
1748452926, 497, 31, 52, 0, 0, 0.04%, 0, 0, 6, 2252.08
1748452931, 500, 12, 52, 0, 0, 0.04%, 0, 0, 6, 2266.40
1748452936, 503, 4, 52, 0, 0, 0.04%, 0, 0, 6, 2369.07
1748452941, 506, 43, 52, 0, 0, 0.04%, 0, 0, 6, 2377.56
1748452946, 508, 51, 52, 0, 0, 0.04%, 0, 0, 6, 2021.03
1748452951, 511, 2, 52, 0, 0, 0.04%, 0, 0, 6, 2282.01
1748452956, 514, 6, 52, 0, 0, 0.04%, 0, 0, 6, 2416.69
1748452961, 516, 3, 52, 0, 0, 0.04%, 0, 0, 6, 2305.10
1748452967, 519, 2, 52, 0, 0, 0.04%, 0, 0, 6, 2316.70
1748452972, 521, 40, 52, 0, 0, 0.04%, 0, 0, 6, 2420.17
1748452977, 525, 4, 52, 0, 0, 0.04%, 0, 0, 6, 2375.83
1748452982, 529, 4, 52, 0, 0, 0.04%, 0, 0, 6, 2350.27
1748452987, 531, 4, 52, 0, 0, 0.04%, 0, 0, 6, 2183.34
1748452992, 534, 4, 52, 0, 0, 0.04%, 0, 0, 6, 2105.93
1748452997, 535, 49, 52, 0, 0, 0.04%, 0, 0, 6, 2038.23
1748453002, 537, 36, 52, 0, 0, 0.04%, 0, 0, 6, 2275.04
1748453007, 540, 8, 52, 0, 0, 0.04%, 0, 0, 6, 2394.92
1748453012, 542, 24, 52, 0, 0, 0.04%, 0, 0, 6, 2351.73
1748453017, 544, 46, 52, 0, 0, 0.04%, 0, 0, 6, 2246.62
1748453022, 547, 4, 52, 0, 0, 0.04%, 0, 0, 6, 2294.64
1748453027, 549, 3, 52, 0, 0, 0.04%, 0, 0, 6, 2230.55
1748453032, 550, 43, 52, 0, 0, 0.04%, 0, 0, 6, 2209.52
1748453038, 554, 2, 52, 0, 0, 0.04%, 0, 0, 6, 2187.18
1748453043, 556, 48, 52, 0, 0, 0.04%, 0, 0, 6, 2285.29
1748453048, 561, 4, 52, 0, 0, 0.04%, 0, 0, 6, 2329.82
1748453053, 566, 3, 52, 0, 0, 0.04%, 0, 0, 6, 2415.00
1748453058, 568, 36, 52, 0, 0, 0.04%, 0, 0, 6, 2399.82
1748453063, 571, 49, 52, 0, 0, 0.04%, 0, 0, 6, 2294.24
1748453068, 574, 3, 52, 0, 0, 0.04%, 0, 0, 6, 2404.83
1748453073, 577, 50, 52, 0, 0, 0.04%, 0, 0, 6, 2466.98
1748453078, 580, 45, 52, 0, 0, 0.04%, 0, 0, 6, 2399.89
1748453083, 582, 23, 52, 0, 0, 0.04%, 0, 0, 6, 2422.27
1748453088, 583, 37, 52, 0, 0, 0.04%, 0, 0, 6, 2045.08
1748453093, 587, 2, 52, 0, 0, 0.04%, 0, 0, 6, 2352.86
1748453099, 591, 2, 52, 0, 0, 0.04%, 0, 0, 6, 2325.35
1748453104, 594, 7, 52, 0, 0, 0.04%, 0, 0, 6, 2409.54
1748453109, 598, 16, 52, 0, 0, 0.04%, 0, 0, 6, 2390.99
1748453114, 599, 46, 52, 0, 0, 0.04%, 0, 0, 6, 2077.18
1748453119, 600, 50, 52, 0, 0, 0.04%, 0, 0, 6, 2171.16
1748453124, 602, 44, 52, 0, 0, 0.04%, 0, 0, 6, 2093.77
1748453129, 605, 7, 52, 0, 0, 0.04%, 0, 0, 6, 2126.99
1748453134, 607, 16, 52, 0, 0, 0.04%, 0, 0, 6, 2468.42
1748453139, 610, 13, 52, 0, 0, 0.04%, 0, 0, 6, 2428.19
1748453144, 612, 39, 52, 0, 0, 0.04%, 0, 0, 6, 2323.30
1748453149, 615, 3, 52, 0, 0, 0.04%, 0, 0, 6, 2254.80
1748453154, 617, 3, 52, 0, 0, 0.04%, 0, 0, 6, 2190.59
1748453159, 619, 48, 52, 0, 0, 0.04%, 0, 0, 6, 2238.26
1748453164, 623, 3, 52, 0, 0, 0.04%, 0, 0, 6, 2211.13
1748453169, 626, 4, 52, 0, 0, 0.04%, 0, 0, 6, 2325.26
1748453174, 629, 4, 52, 0, 0, 0.04%, 0, 0, 6, 2423.32
1748453180, 631, 51, 52, 0, 0, 0.04%, 0, 0, 6, 2260.39
1748453185, 633, 49, 52, 0, 0, 0.04%, 0, 0, 6, 2187.98
1748453190, 636, 4, 52, 0, 0, 0.04%, 0, 0, 6, 2299.27
1748453195, 639, 3, 52, 0, 0, 0.04%, 0, 0, 6, 2253.97
1748453200, 640, 49, 52, 0, 0, 0.04%, 0, 0, 6, 2222.38
1748453205, 643, 3, 52, 0, 0, 0.04%, 0, 0, 6, 2313.64
1748453210, 645, 36, 52, 0, 0, 0.04%, 0, 0, 6, 2444.20
1748453215, 648, 11, 52, 0, 0, 0.04%, 0, 0, 6, 2465.66
1748453220, 649, 49, 52, 0, 0, 0.04%, 0, 0, 6, 2196.46
1748453225, 653, 6, 52, 0, 0, 0.04%, 0, 0, 6, 2398.64
1748453231, 655, 49, 52, 0, 0, 0.04%, 0, 0, 6, 2293.90
1748453236, 658, 37, 52, 0, 0, 0.04%, 0, 0, 6, 2351.70
1748453241, 661, 46, 52, 0, 0, 0.04%, 0, 0, 6, 2341.20
1748453246, 662, 49, 52, 0, 0, 0.04%, 0, 0, 6, 2090.74
1748453251, 666, 4, 52, 0, 0, 0.04%, 0, 0, 6, 2348.56
1748453256, 668, 4, 52, 0, 0, 0.04%, 0, 0, 6, 2208.54
1748453261, 671, 15, 52, 0, 0, 0.04%, 0, 0, 6, 2362.28
1748453266, 674, 22, 52, 0, 0, 0.04%, 0, 0, 6, 2369.89
1748453271, 677, 21, 52, 0, 0, 0.04%, 0, 0, 6, 2435.96
1748453277, 679, 50, 52, 0, 0, 0.04%, 0, 0, 6, 2282.85
1748453282, 682, 3, 52, 0, 0, 0.04%, 0, 0, 6, 2321.79
1748453287, 685, 3, 52, 0, 0, 0.04%, 0, 0, 6, 2280.47
1748453292, 689, 3, 52, 0, 0, 0.04%, 0, 0, 6, 2267.31
1748453297, 691, 16, 52, 0, 0, 0.04%, 0, 0, 6, 2359.11
1748453302, 693, 3, 52, 0, 0, 0.04%, 0, 0, 6, 2134.10
1748453307, 696, 33, 52, 0, 0, 0.04%, 0, 0, 6, 2405.39
1748453312, 700, 23, 52, 0, 0, 0.04%, 0, 0, 6, 2508.00
1748453317, 703, 21, 52, 0, 0, 0.04%, 0, 0, 6, 2471.54
1748453322, 706, 4, 52, 0, 0, 0.04%, 0, 0, 6, 2407.04
1748453327, 708, 38, 52, 0, 0, 0.04%, 0, 0, 6, 2256.63
1748453332, 710, 50, 52, 0, 0, 0.04%, 0, 0, 6, 2364.41
1748453337, 713, 3, 52, 0, 0, 0.04%, 0, 0, 6, 2227.23
1748453342, 714, 49, 52, 0, 0, 0.04%, 0, 0, 6, 2254.84
1748453347, 716, 50, 52, 0, 0, 0.04%, 0, 0, 6, 2364.94
1748453352, 719, 23, 52, 0, 0, 0.04%, 0, 0, 6, 2458.27
1748453357, 722, 3, 52, 0, 0, 0.04%, 0, 0, 6, 2347.80
1748453363, 725, 28, 52, 0, 0, 0.04%, 0, 0, 6, 2165.03
1748453368, 728, 38, 52, 0, 0, 0.04%, 0, 0, 6, 2377.82
1748453373, 730, 48, 52, 0, 0, 0.04%, 0, 0, 6, 2130.39
1748453378, 733, 2, 52, 0, 0, 0.04%, 0, 0, 6, 2222.07
1748453383, 735, 27, 52, 0, 0, 0.04%, 0, 0, 6, 2129.31
1748453388, 737, 23, 52, 0, 0, 0.04%, 0, 0, 6, 2212.97
1748453393, 741, 3, 52, 0, 0, 0.04%, 0, 0, 6, 2210.29
1748453398, 743, 2, 52, 0, 0, 0.04%, 0, 0, 6, 2110.78
1748453403, 744, 51, 52, 0, 0, 0.04%, 0, 0, 6, 2062.89
1748453408, 746, 8, 52, 0, 0, 0.04%, 0, 0, 6, 2177.28
1748453413, 748, 49, 52, 0, 0, 0.04%, 0, 0, 6, 2169.83
1748453418, 750, 25, 52, 0, 0, 0.04%, 0, 0, 6, 2127.09
1748453423, 754, 4, 52, 0, 0, 0.04%, 0, 0, 6, 2352.12
1748453428, 757, 3, 52, 0, 0, 0.04%, 0, 0, 6, 2199.66
1748453433, 758, 2, 52, 0, 0, 0.04%, 0, 0, 6, 2194.67
1748453438, 759, 49, 52, 0, 0, 0.04%, 0, 0, 6, 1980.26
1748453443, 762, 8, 52, 0, 0, 0.04%, 0, 0, 6, 2094.01
1748453448, 763, 47, 52, 0, 0, 0.04%, 0, 0, 6, 2070.64
1748453453, 767, 27, 52, 0, 0, 0.04%, 0, 0, 6, 2413.53
1748453458, 770, 2, 52, 0, 0, 0.04%, 0, 0, 6, 2346.30
1748453464, 773, 44, 52, 0, 0, 0.04%, 0, 0, 6, 2317.15
1748453469, 776, 45, 52, 0, 0, 0.04%, 0, 0, 6, 2191.53
1748453474, 779, 3, 52, 0, 0, 0.04%, 0, 0, 6, 2205.06
1748453479, 782, 19, 52, 0, 0, 0.04%, 0, 0, 6, 2400.25
1748453484, 784, 49, 52, 0, 0, 0.04%, 0, 0, 6, 2286.09
1748453489, 787, 3, 52, 0, 0, 0.04%, 0, 0, 6, 2320.30
1748453494, 790, 36, 52, 0, 0, 0.04%, 0, 0, 6, 2414.42
1748453499, 792, 4, 52, 0, 0, 0.04%, 0, 0, 6, 2391.65
1748453504, 795, 50, 52, 0, 0, 0.04%, 0, 0, 6, 2379.52
1748453509, 798, 21, 52, 0, 0, 0.04%, 0, 0, 6, 2431.76
1748453514, 800, 50, 52, 0, 0, 0.04%, 0, 0, 6, 2291.03
1748453519, 803, 17, 52, 0, 0, 0.04%, 0, 0, 6, 2372.45
1748453524, 805, 2, 52, 0, 0, 0.04%, 0, 0, 6, 2262.47
1748453530, 807, 38, 52, 0, 0, 0.04%, 0, 0, 6, 2438.93
1748453535, 810, 10, 52, 0, 0, 0.04%, 0, 0, 6, 2310.02
1748453540, 814, 3, 52, 0, 0, 0.04%, 0, 0, 6, 2402.82
1748453545, 817, 4, 52, 0, 0, 0.04%, 0, 0, 6, 2473.89
1748453550, 820, 44, 52, 0, 0, 0.04%, 0, 0, 6, 2290.71
1748453555, 822, 50, 52, 0, 0, 0.04%, 0, 0, 6, 2275.80
1748453560, 826, 29, 52, 0, 0, 0.04%, 0, 0, 6, 2446.31
1748453565, 829, 50, 52, 0, 0, 0.04%, 0, 0, 6, 2347.61
1748453570, 833, 10, 52, 0, 0, 0.04%, 0, 0, 6, 2432.60
1748453575, 835, 50, 52, 0, 0, 0.04%, 0, 0, 6, 2363.55
1748453580, 837, 40, 52, 0, 0, 0.04%, 0, 0, 6, 2353.48
1748453585, 840, 26, 52, 0, 0, 0.04%, 0, 0, 6, 2472.17
1748453590, 843, 10, 52, 0, 0, 0.04%, 0, 0, 6, 2429.59
1748453595, 846, 4, 52, 0, 0, 0.04%, 0, 0, 6, 2431.81
1748453600, 848, 10, 52, 0, 0, 0.04%, 0, 0, 6, 2331.16
1748453605, 850, 39, 52, 0, 0, 0.04%, 0, 0, 6, 2375.14
1748453610, 853, 36, 52, 0, 0, 0.04%, 0, 0, 6, 2375.48
1748453615, 856, 2, 52, 0, 0, 0.04%, 0, 0, 6, 2254.64
1748453620, 859, 19, 52, 0, 0, 0.04%, 0, 0, 6, 2508.92
1748453626, 861, 51, 52, 0, 0, 0.04%, 0, 0, 6, 2266.70
1748453631, 865, 2, 52, 0, 0, 0.04%, 0, 0, 6, 2242.23
1748453636, 868, 40, 52, 0, 0, 0.04%, 0, 0, 6, 2343.57
1748453641, 871, 46, 52, 0, 0, 0.04%, 0, 0, 6, 2343.92
1748453646, 872, 51, 52, 0, 0, 0.04%, 0, 0, 6, 2050.71
1748453651, 876, 3, 52, 0, 0, 0.04%, 0, 0, 6, 2321.58
1748453656, 879, 2, 52, 0, 0, 0.04%, 0, 0, 6, 2265.35
1748453661, 883, 2, 52, 0, 0, 0.04%, 0, 0, 6, 2435.48
1748453666, 886, 3, 52, 0, 0, 0.04%, 0, 0, 6, 2383.08
1748453671, 887, 4, 52, 0, 0, 0.04%, 0, 0, 6, 2232.53
1748453676, 890, 7, 52, 0, 0, 0.04%, 0, 0, 6, 2457.32
1748453681, 892, 41, 52, 0, 0, 0.04%, 0, 0, 6, 2441.98
1748453686, 896, 45, 52, 0, 0, 0.04%, 0, 0, 6, 2457.86
1748453691, 899, 46, 52, 0, 0, 0.04%, 0, 0, 6, 2331.22
1748453696, 902, 3, 52, 0, 0, 0.04%, 0, 0, 6, 2281.48
1748453701, 905, 43, 52, 0, 0, 0.04%, 0, 0, 6, 2366.57
1748453706, 908, 30, 52, 0, 0, 0.04%, 0, 0, 6, 2429.33
1748453712, 911, 42, 52, 0, 0, 0.04%, 0, 0, 6, 2459.14
1748453717, 914, 2, 52, 0, 0, 0.04%, 0, 0, 6, 2409.25
1748453722, 916, 4, 52, 0, 0, 0.04%, 0, 0, 6, 2417.27
1748453727, 918, 50, 52, 0, 0, 0.04%, 0, 0, 6, 2305.44
1748453732, 922, 50, 52, 0, 0, 0.04%, 0, 0, 6, 2289.36
1748453737, 926, 25, 52, 0, 0, 0.04%, 0, 0, 6, 2428.33
1748453742, 928, 2, 52, 0, 0, 0.04%, 0, 0, 6, 2255.05
1748453747, 931, 46, 52, 0, 0, 0.04%, 0, 0, 6, 2362.81
1748453752, 933, 20, 52, 0, 0, 0.04%, 0, 0, 6, 2370.40
1748453757, 935, 13, 52, 0, 0, 0.04%, 0, 0, 6, 2357.83
1748453762, 938, 2, 52, 0, 0, 0.04%, 0, 0, 6, 2306.41
1748453767, 939, 50, 52, 0, 0, 0.04%, 0, 0, 6, 2177.96
1748453772, 942, 40, 52, 0, 0, 0.04%, 0, 0, 6, 2304.94
1748453777, 945, 49, 52, 0, 0, 0.04%, 0, 0, 6, 2359.97
1748453783, 949, 2, 52, 0, 0, 0.04%, 0, 0, 6, 2412.98
1748453788, 952, 4, 52, 0, 0, 0.04%, 0, 0, 6, 2437.23
1748453793, 955, 39, 52, 0, 0, 0.04%, 0, 0, 6, 2478.46
1748453798, 958, 51, 52, 0, 0, 0.04%, 0, 0, 6, 2380.99
1748453803, 961, 42, 52, 0, 0, 0.04%, 0, 0, 6, 2442.10
1748453808, 964, 50, 52, 0, 0, 0.04%, 0, 0, 6, 2467.56
1748453813, 967, 22, 52, 0, 0, 0.04%, 0, 0, 6, 2402.75
1748453818, 971, 3, 52, 0, 0, 0.04%, 0, 0, 6, 2292.73
1748453823, 975, 2, 52, 0, 0, 0.04%, 0, 0, 6, 2375.83
1748453828, 978, 42, 52, 0, 0, 0.04%, 0, 0, 6, 2392.83
1748453833, 981, 50, 52, 0, 0, 0.04%, 0, 0, 6, 2313.32
1748453838, 985, 34, 52, 0, 0, 0.04%, 0, 0, 6, 2401.83
1748453843, 988, 25, 52, 0, 0, 0.04%, 0, 0, 6, 2385.18
1748453848, 990, 37, 52, 0, 0, 0.04%, 0, 0, 6, 2247.41
1748453853, 994, 23, 52, 0, 0, 0.04%, 0, 0, 6, 2442.92
1748453858, 998, 38, 52, 0, 0, 0.04%, 0, 0, 6, 2517.20
1748453863, 1002, 13, 52, 0, 0, 0.04%, 0, 0, 6, 2530.89
1748453869, 1005, 2, 52, 0, 0, 0.04%, 0, 0, 6, 2425.69
1748453874, 1008, 43, 52, 0, 0, 0.04%, 0, 0, 6, 2361.58
1748453879, 1011, 50, 52, 0, 0, 0.04%, 0, 0, 6, 2320.20
1748453884, 1014, 49, 52, 0, 0, 0.04%, 0, 0, 6, 2338.78
1748453889, 1017, 4, 52, 0, 0, 0.04%, 0, 0, 6, 2353.98
1748453894, 1019, 13, 52, 0, 0, 0.04%, 0, 0, 6, 2402.27
1748453899, 1022, 40, 52, 0, 0, 0.04%, 0, 0, 6, 2447.59
1748453904, 1023, 51, 52, 0, 0, 0.04%, 0, 0, 6, 2074.57
1748453909, 1026, 50, 52, 0, 0, 0.04%, 0, 0, 6, 2377.03
1748453914, 1028, 48, 52, 0, 0, 0.04%, 0, 0, 6, 2202.29
1748453920, 1032, 14, 52, 0, 0, 0.04%, 0, 0, 6, 2436.79
1748453925, 1035, 50, 52, 0, 0, 0.04%, 0, 0, 6, 2216.81
1748453930, 1039, 13, 52, 0, 0, 0.04%, 0, 0, 6, 2456.94
1748453935, 1043, 3, 52, 0, 0, 0.04%, 0, 0, 6, 2344.86
1748453940, 1045, 2, 52, 0, 0, 0.04%, 0, 0, 6, 2226.12
1748453945, 1047, 3, 52, 0, 0, 0.04%, 0, 0, 6, 2420.39
1748453950, 1050, 2, 52, 0, 0, 0.04%, 0, 0, 6, 2307.09
1748453955, 1054, 20, 52, 0, 0, 0.04%, 0, 0, 6, 2433.12
1748453960, 1057, 3, 52, 0, 0, 0.04%, 0, 0, 6, 2346.96
1748453965, 1058, 48, 52, 0, 0, 0.04%, 0, 0, 6, 2197.46
1748453970, 1062, 2, 52, 0, 0, 0.04%, 0, 0, 6, 2290.45
1748453975, 1064, 14, 52, 0, 0, 0.04%, 0, 0, 6, 2444.91
1748453980, 1066, 6, 52, 0, 0, 0.04%, 0, 0, 6, 2272.03
1748453986, 1070, 4, 52, 0, 0, 0.04%, 0, 0, 6, 2395.74
1748453991, 1073, 40, 52, 0, 0, 0.04%, 0, 0, 6, 2416.00
1748453996, 1076, 42, 52, 0, 0, 0.04%, 0, 0, 6, 2457.70
1748454001, 1078, 13, 52, 0, 0, 0.04%, 0, 0, 6, 2406.86
1748454006, 1080, 50, 52, 0, 0, 0.04%, 0, 0, 6, 2201.57
1748454011, 1083, 37, 52, 0, 0, 0.04%, 0, 0, 6, 2346.01
1748454016, 1087, 6, 52, 0, 0, 0.04%, 0, 0, 6, 2506.24
1748454021, 1090, 3, 52, 0, 0, 0.04%, 0, 0, 6, 2336.95
1748454026, 1094, 2, 52, 0, 0, 0.04%, 0, 0, 6, 2373.07
1748454031, 1096, 28, 52, 0, 0, 0.04%, 0, 0, 6, 2395.99
1748454036, 1099, 37, 52, 0, 0, 0.04%, 0, 0, 6, 2441.46
1748454041, 1102, 3, 52, 0, 0, 0.04%, 0, 0, 6, 2457.43
1748454046, 1104, 48, 52, 0, 0, 0.04%, 0, 0, 6, 2461.25
1748454051, 1107, 3, 52, 0, 0, 0.04%, 0, 0, 6, 2347.20
1748454056, 1109, 47, 52, 0, 0, 0.04%, 0, 0, 6, 2223.66
1748454061, 1112, 17, 52, 0, 0, 0.04%, 0, 0, 6, 2317.70
1748454066, 1116, 3, 52, 0, 0, 0.04%, 0, 0, 6, 2314.54
1748454072, 1119, 2, 52, 0, 0, 0.04%, 0, 0, 6, 2311.77
1748454077, 1121, 46, 52, 0, 0, 0.04%, 0, 0, 6, 2409.80
1748454082, 1124, 9, 52, 0, 0, 0.04%, 0, 0, 6, 2473.04
1748454087, 1128, 2, 52, 0, 0, 0.04%, 0, 0, 6, 2391.51
1748454092, 1130, 2, 52, 0, 0, 0.04%, 0, 0, 6, 2250.02
1748454097, 1132, 50, 52, 0, 0, 0.04%, 0, 0, 6, 2388.73
1748454102, 1135, 3, 52, 0, 0, 0.04%, 0, 0, 6, 2380.97
1748454107, 1138, 3, 52, 0, 0, 0.04%, 0, 0, 6, 2429.54
1748454112, 1142, 50, 52, 0, 0, 0.04%, 0, 0, 6, 2444.03
1748454117, 1144, 3, 52, 0, 0, 0.04%, 0, 0, 6, 2179.52
1748454122, 1147, 26, 52, 0, 0, 0.04%, 0, 0, 6, 2467.66
1748454127, 1150, 2, 52, 0, 0, 0.04%, 0, 0, 6, 2377.66
1748454132, 1152, 3, 52, 0, 0, 0.04%, 0, 0, 6, 2350.66
1748454137, 1154, 42, 52, 0, 0, 0.04%, 0, 0, 6, 2443.64
1748454142, 1157, 36, 52, 0, 0, 0.04%, 0, 0, 6, 2457.29
1748454148, 1160, 48, 52, 0, 0, 0.04%, 0, 0, 6, 2360.83
1748454153, 1163, 51, 52, 0, 0, 0.04%, 0, 0, 6, 2203.35
1748454158, 1169, 3, 52, 0, 0, 0.04%, 0, 0, 6, 2494.49
1748454163, 1173, 4, 52, 0, 0, 0.04%, 0, 0, 6, 2568.80
1748454168, 1175, 28, 52, 0, 0, 0.04%, 0, 0, 6, 2567.02
1748454173, 1177, 50, 52, 0, 0, 0.04%, 0, 0, 6, 2349.64
1748454178, 1180, 2, 52, 0, 0, 0.04%, 0, 0, 6, 2265.73
1748454183, 1184, 2, 52, 0, 0, 0.04%, 0, 0, 6, 2420.18
1748454188, 1186, 6, 52, 0, 0, 0.04%, 0, 0, 6, 2418.95
1748454193, 1188, 13, 52, 0, 0, 0.04%, 0, 0, 6, 2417.89
1748454198, 1190, 50, 52, 0, 0, 0.04%, 0, 0, 6, 2310.47
1748454203, 1193, 42, 52, 0, 0, 0.04%, 0, 0, 6, 2409.09
1748454208, 1195, 45, 52, 0, 0, 0.04%, 0, 0, 6, 2356.62
1748454213, 1199, 4, 52, 0, 0, 0.04%, 0, 0, 6, 2469.40
1748454218, 1202, 19, 52, 0, 0, 0.04%, 0, 0, 6, 2394.38
1748454224, 1204, 4, 52, 0, 0, 0.04%, 0, 0, 6, 2417.61
1748454229, 1206, 50, 52, 0, 0, 0.04%, 0, 0, 6, 2413.52
1748454234, 1210, 2, 52, 0, 0, 0.04%, 0, 0, 6, 2381.57
1748454239, 1212, 36, 52, 0, 0, 0.04%, 0, 0, 6, 2494.88
1748454244, 1215, 37, 52, 0, 0, 0.04%, 0, 0, 6, 2566.71
1748454249, 1219, 4, 52, 0, 0, 0.04%, 0, 0, 6, 2580.87
1748454254, 1221, 4, 52, 0, 0, 0.04%, 0, 0, 6, 2389.67
1748454259, 1224, 3, 52, 0, 0, 0.04%, 0, 0, 6, 2299.59
1748454264, 1228, 3, 52, 0, 0, 0.04%, 0, 0, 6, 2324.54
1748454269, 1232, 24, 52, 0, 0, 0.04%, 0, 0, 6, 2480.46
1748454274, 1235, 26, 52, 0, 0, 0.04%, 0, 0, 6, 2467.02
1748454279, 1238, 2, 52, 0, 0, 0.04%, 0, 0, 6, 2337.54
1748454284, 1241, 30, 52, 0, 0, 0.04%, 0, 0, 6, 2475.53
1748454290, 1245, 21, 52, 0, 0, 0.04%, 0, 0, 6, 2528.69
1748454295, 1247, 37, 52, 0, 0, 0.04%, 0, 0, 6, 2477.26
1748454300, 1251, 21, 52, 0, 0, 0.04%, 0, 0, 6, 2549.69
1748454305, 1253, 49, 52, 0, 0, 0.04%, 0, 0, 6, 2386.16
1748454310, 1256, 3, 52, 0, 0, 0.04%, 0, 0, 6, 2398.13
1748454315, 1258, 3, 52, 0, 0, 0.04%, 0, 0, 6, 2340.93
1748454320, 1261, 30, 52, 0, 0, 0.04%, 0, 0, 6, 2541.73
1748454325, 1263, 48, 52, 0, 0, 0.04%, 0, 0, 6, 2479.23
1748454330, 1266, 11, 52, 0, 0, 0.04%, 0, 0, 6, 2540.54
1748454335, 1269, 11, 52, 0, 0, 0.04%, 0, 0, 6, 2416.58
1748454340, 1271, 50, 52, 0, 0, 0.04%, 0, 0, 6, 2397.24
1748454346, 1275, 4, 52, 0, 0, 0.04%, 0, 0, 6, 2442.65
1748454351, 1278, 50, 52, 0, 0, 0.04%, 0, 0, 6, 2334.24
1748454356, 1282, 4, 52, 0, 0, 0.04%, 0, 0, 6, 2482.51
1748454361, 1285, 3, 52, 0, 0, 0.04%, 0, 0, 6, 2402.76
1748454366, 1288, 2, 52, 0, 0, 0.04%, 0, 0, 6, 2348.47
1748454371, 1290, 46, 52, 0, 0, 0.04%, 0, 0, 6, 2411.05
1748454376, 1293, 49, 52, 0, 0, 0.04%, 0, 0, 6, 2386.05
1748454381, 1296, 9, 52, 0, 0, 0.04%, 0, 0, 6, 2433.01
1748454386, 1298, 41, 52, 0, 0, 0.04%, 0, 0, 6, 2334.53
1748454391, 1300, 50, 52, 0, 0, 0.04%, 0, 0, 6, 2271.58
1748454396, 1303, 49, 52, 0, 0, 0.04%, 0, 0, 6, 2360.03
1748454401, 1306, 4, 52, 0, 0, 0.04%, 0, 0, 6, 2361.29
1748454406, 1309, 50, 52, 0, 0, 0.04%, 0, 0, 6, 2375.19
1748454411, 1312, 41, 52, 0, 0, 0.04%, 0, 0, 6, 2386.35
1748454416, 1315, 4, 52, 0, 0, 0.04%, 0, 0, 6, 2372.04
1748454421, 1318, 37, 52, 0, 0, 0.04%, 0, 0, 6, 2528.50
1748454427, 1322, 2, 52, 0, 0, 0.04%, 0, 0, 6, 2439.88
1748454432, 1325, 20, 52, 0, 0, 0.04%, 0, 0, 6, 2514.98
1748454437, 1327, 46, 52, 0, 0, 0.04%, 0, 0, 6, 2391.85
1748454442, 1329, 40, 52, 0, 0, 0.04%, 0, 0, 6, 2294.65
1748454447, 1333, 23, 52, 0, 0, 0.04%, 0, 0, 6, 2442.13
1748454452, 1336, 23, 52, 0, 0, 0.04%, 0, 0, 6, 2401.63
1748454457, 1340, 4, 52, 0, 0, 0.04%, 0, 0, 6, 2331.16
1748454462, 1343, 14, 52, 0, 0, 0.04%, 0, 0, 6, 2478.57
1748454467, 1346, 20, 52, 0, 0, 0.04%, 0, 0, 6, 2473.50
1748454472, 1349, 9, 52, 0, 0, 0.04%, 0, 0, 6, 2551.83
1748454477, 1351, 19, 52, 0, 0, 0.04%, 0, 0, 6, 2454.99
1748454482, 1354, 32, 52, 0, 0, 0.04%, 0, 0, 6, 2514.00
1748454487, 1357, 6, 52, 0, 0, 0.04%, 0, 0, 6, 2523.09
1748454492, 1360, 4, 52, 0, 0, 0.04%, 0, 0, 6, 2415.66
1748454498, 1364, 3, 52, 0, 0, 0.04%, 0, 0, 6, 2429.41
1748454503, 1367, 4, 52, 0, 0, 0.04%, 0, 0, 6, 2350.58
1748454508, 1370, 33, 52, 0, 0, 0.04%, 0, 0, 6, 2488.80
1748454513, 1373, 46, 52, 0, 0, 0.04%, 0, 0, 6, 2362.70
1748454518, 1376, 50, 52, 0, 0, 0.04%, 0, 0, 6, 2371.73
1748454523, 1379, 50, 52, 0, 0, 0.04%, 0, 0, 6, 2297.42
1748454528, 1382, 46, 52, 0, 0, 0.04%, 0, 0, 6, 2390.26
1748454533, 1386, 3, 52, 0, 0, 0.04%, 0, 0, 6, 2369.86
1748454538, 1388, 21, 52, 0, 0, 0.04%, 0, 0, 6, 2334.74
1748454543, 1391, 26, 52, 0, 0, 0.04%, 0, 0, 6, 2409.32
1748454549, 1394, 30, 52, 0, 0, 0.04%, 0, 0, 6, 2489.67
1748454554, 1397, 50, 52, 0, 0, 0.04%, 0, 0, 6, 2520.88
1748454559, 1399, 50, 52, 0, 0, 0.04%, 0, 0, 6, 2433.20
1748454564, 1403, 31, 52, 0, 0, 0.04%, 0, 0, 6, 2448.26
1748454569, 1406, 47, 52, 0, 0, 0.04%, 0, 0, 6, 2397.95
1748454574, 1409, 48, 52, 0, 0, 0.04%, 0, 0, 6, 2262.71
1748454579, 1412, 38, 52, 0, 0, 0.04%, 0, 0, 6, 2422.73
1748454584, 1415, 3, 52, 0, 0, 0.04%, 0, 0, 6, 2480.85
1748454589, 1417, 50, 52, 0, 0, 0.04%, 0, 0, 6, 2418.03
1748454594, 1421, 8, 52, 0, 0, 0.04%, 0, 0, 6, 2536.08
1748454599, 1424, 3, 52, 0, 0, 0.04%, 0, 0, 6, 2418.60
1748454604, 1427, 48, 52, 0, 0, 0.04%, 0, 0, 6, 2321.31
1748454609, 1429, 44, 52, 0, 0, 0.04%, 0, 0, 6, 2374.20
1748454614, 1432, 16, 52, 0, 0, 0.04%, 0, 0, 6, 2409.74
1748454619, 1435, 11, 52, 0, 0, 0.04%, 0, 0, 6, 2440.96
1748454624, 1438, 50, 52, 0, 0, 0.04%, 0, 0, 6, 2437.08
1748454629, 1441, 35, 52, 0, 0, 0.04%, 0, 0, 6, 2470.04
1748454634, 1444, 16, 52, 0, 0, 0.04%, 0, 0, 6, 2542.52
1748454639, 1447, 50, 52, 0, 0, 0.04%, 0, 0, 6, 2486.51
1748454645, 1450, 19, 52, 0, 0, 0.04%, 0, 0, 6, 2499.94
1748454650, 1453, 4, 52, 0, 0, 0.04%, 0, 0, 6, 2496.15
1748454655, 1456, 49, 52, 0, 0, 0.04%, 0, 0, 6, 2402.36
1748454660, 1459, 2, 52, 0, 0, 0.04%, 0, 0, 6, 2362.64
1748454665, 1461, 18, 52, 0, 0, 0.04%, 0, 0, 6, 2358.09
1748454670, 1463, 23, 52, 0, 0, 0.04%, 0, 0, 6, 2353.88
1748454675, 1466, 2, 52, 0, 0, 0.04%, 0, 0, 6, 2338.91
1748454680, 1469, 3, 52, 0, 0, 0.04%, 0, 0, 6, 2384.82
1748454685, 1471, 49, 52, 0, 0, 0.04%, 0, 0, 6, 2466.99
1748454690, 1473, 8, 52, 0, 0, 0.04%, 0, 0, 6, 2301.58
1748454695, 1475, 4, 52, 0, 0, 0.04%, 0, 0, 6, 2355.62
1748454701, 1478, 3, 52, 0, 0, 0.04%, 0, 0, 6, 2365.22
1748454706, 1482, 33, 52, 0, 0, 0.04%, 0, 0, 6, 2499.04
1748454711, 1485, 32, 52, 0, 0, 0.04%, 0, 0, 6, 2365.96
1748454716, 1489, 6, 52, 0, 0, 0.04%, 0, 0, 6, 2478.07
1748454721, 1492, 30, 52, 0, 0, 0.04%, 0, 0, 6, 2327.53
1748454726, 1495, 2, 52, 0, 0, 0.04%, 0, 0, 6, 2368.91
1748454731, 1497, 48, 52, 0, 0, 0.04%, 0, 0, 6, 2257.36
1748454736, 1500, 19, 52, 0, 0, 0.04%, 0, 0, 6, 2421.72
1748454741, 1502, 28, 52, 0, 0, 0.04%, 0, 0, 6, 2426.13
1748454746, 1505, 30, 52, 0, 0, 0.04%, 0, 0, 6, 2485.07
1748454751, 1507, 49, 52, 0, 0, 0.04%, 0, 0, 6, 2381.38
1748454756, 1510, 20, 52, 0, 0, 0.04%, 0, 0, 6, 2452.40
1748454761, 1514, 2, 52, 0, 0, 0.04%, 0, 0, 6, 2470.86
1748454766, 1517, 19, 52, 0, 0, 0.04%, 0, 0, 6, 2440.20
1748454771, 1520, 18, 52, 0, 0, 0.04%, 0, 0, 6, 2482.19
1748454776, 1523, 37, 52, 0, 0, 0.04%, 0, 0, 6, 2530.02
1748454781, 1526, 16, 52, 0, 0, 0.04%, 0, 0, 6, 2449.89
1748454787, 1528, 8, 52, 0, 0, 0.04%, 0, 0, 6, 2413.86
1748454792, 1531, 3, 52, 0, 0, 0.04%, 0, 0, 6, 2413.27
1748454797, 1534, 49, 52, 0, 0, 0.04%, 0, 0, 6, 2432.04
1748454802, 1538, 10, 52, 0, 0, 0.04%, 0, 0, 6, 2576.15
1748454807, 1541, 21, 52, 0, 0, 0.04%, 0, 0, 6, 2530.43
1748454812, 1544, 12, 52, 0, 0, 0.04%, 0, 0, 6, 2495.93
1748454817, 1546, 42, 52, 0, 0, 0.04%, 0, 0, 6, 2425.82
1748454822, 1549, 51, 52, 0, 0, 0.04%, 0, 0, 6, 2345.72
1748454827, 1551, 50, 52, 0, 0, 0.04%, 0, 0, 6, 2346.12
1748454832, 1555, 40, 52, 0, 0, 0.04%, 0, 0, 6, 2327.65
1748454837, 1558, 9, 52, 0, 0, 0.04%, 0, 0, 6, 2450.76
1748454842, 1562, 2, 52, 0, 0, 0.04%, 0, 0, 6, 2403.95
1748454848, 1565, 4, 52, 0, 0, 0.04%, 0, 0, 6, 2481.84
1748454853, 1567, 50, 52, 0, 0, 0.04%, 0, 0, 6, 2438.18
1748454858, 1572, 3, 52, 0, 0, 0.04%, 0, 0, 6, 2492.39
1748454863, 1575, 27, 52, 0, 0, 0.04%, 0, 0, 6, 2515.03
1748454868, 1578, 4, 52, 0, 0, 0.04%, 0, 0, 6, 2377.13
1748454873, 1581, 2, 52, 0, 0, 0.04%, 0, 0, 6, 2366.98
1748454878, 1584, 4, 52, 0, 0, 0.04%, 0, 0, 6, 2432.50
1748454883, 1587, 4, 52, 0, 0, 0.04%, 0, 0, 6, 2456.78
1748454888, 1591, 2, 52, 0, 0, 0.04%, 0, 0, 6, 2466.28
1748454893, 1593, 10, 52, 0, 0, 0.04%, 0, 0, 6, 2402.35
1748454898, 1595, 2, 52, 0, 0, 0.04%, 0, 0, 6, 2233.97
1748454904, 1597, 4, 52, 0, 0, 0.04%, 0, 0, 6, 2306.70
1748454909, 1601, 4, 52, 0, 0, 0.04%, 0, 0, 6, 2528.42
1748454914, 1603, 34, 52, 0, 0, 0.04%, 0, 0, 6, 2525.67
1748454919, 1606, 50, 52, 0, 0, 0.04%, 0, 0, 6, 2546.28
1748454924, 1610, 44, 52, 0, 0, 0.04%, 0, 0, 6, 2442.06
1748454929, 1612, 9, 52, 0, 0, 0.04%, 0, 0, 6, 2378.09
1748454934, 1614, 40, 52, 0, 0, 0.04%, 0, 0, 6, 2471.71
1748454939, 1617, 50, 52, 0, 0, 0.04%, 0, 0, 6, 2440.59
1748454944, 1620, 48, 52, 0, 0, 0.04%, 0, 0, 6, 2405.93
1748454949, 1623, 50, 52, 0, 0, 0.04%, 0, 0, 6, 2428.44
1748454954, 1626, 50, 52, 0, 0, 0.04%, 0, 0, 6, 2358.05
1748454959, 1629, 19, 52, 0, 0, 0.04%, 0, 0, 6, 2492.86
1748454964, 1631, 3, 52, 0, 0, 0.04%, 0, 0, 6, 2385.04
1748454969, 1635, 2, 52, 0, 0, 0.04%, 0, 0, 6, 2453.87
1748454974, 1638, 24, 52, 0, 0, 0.04%, 0, 0, 6, 2428.76
1748454979, 1641, 4, 52, 0, 0, 0.04%, 0, 0, 6, 2509.88
1748454984, 1645, 37, 52, 0, 0, 0.04%, 0, 0, 6, 2583.40
1748454990, 1649, 34, 52, 0, 0, 0.04%, 0, 0, 6, 2553.74
