# unix_time, cycles_done, cur_path, paths_total, pending_total, pending_favs, map_size, unique_crashes, unique_hangs, max_depth, execs_per_sec
1746712924, 0, 0, 1, 1, 1, 3.78%, 0, 0, 1, 129.03
1746712929, 0, 0, 41, 41, 1, 4.98%, 0, 0, 2, 120.40
1746712934, 0, 0, 71, 71, 1, 5.02%, 0, 0, 2, 121.64
1746712939, 0, 0, 90, 90, 1, 5.03%, 0, 0, 2, 127.02
1746712944, 0, 0, 107, 107, 1, 5.03%, 0, 0, 2, 126.66
1746712949, 0, 0, 126, 126, 1, 5.05%, 0, 0, 2, 126.07
1746712954, 0, 0, 145, 145, 1, 5.06%, 0, 0, 2, 122.88
1746712959, 0, 0, 159, 159, 1, 5.06%, 0, 0, 2, 127.74
1746712965, 0, 0, 168, 168, 1, 5.06%, 0, 0, 2, 130.19
1746712970, 0, 0, 177, 177, 1, 5.06%, 0, 0, 2, 131.90
1746712975, 0, 0, 188, 188, 1, 5.06%, 0, 0, 2, 132.26
1746712980, 0, 0, 193, 193, 1, 5.06%, 0, 0, 2, 134.99
1746712985, 0, 0, 203, 203, 1, 5.06%, 0, 0, 2, 131.52
1746712990, 0, 0, 208, 208, 1, 5.08%, 0, 0, 2, 134.14
1746712996, 0, 0, 215, 215, 1, 5.08%, 0, 0, 2, 134.68
1746713001, 0, 0, 219, 219, 1, 5.08%, 0, 0, 2, 135.76
1746713006, 0, 0, 223, 223, 1, 5.08%, 0, 0, 2, 134.38
1746713011, 0, 0, 225, 225, 1, 5.16%, 0, 0, 2, 137.61
1746713016, 0, 0, 232, 232, 1, 5.16%, 0, 0, 2, 134.81
1746713022, 0, 0, 236, 236, 1, 5.16%, 0, 0, 2, 135.42
1746713027, 0, 0, 237, 237, 1, 5.16%, 0, 0, 2, 140.17
1746713032, 0, 0, 240, 240, 1, 5.16%, 0, 0, 2, 135.70
1746713037, 0, 0, 244, 244, 1, 5.16%, 0, 0, 2, 135.49
1746713042, 0, 0, 249, 249, 1, 5.17%, 0, 0, 2, 132.02
1746713047, 0, 0, 255, 255, 1, 5.17%, 0, 0, 2, 131.93
1746713053, 0, 0, 258, 258, 1, 5.17%, 0, 0, 2, 136.20
1746713058, 0, 0, 261, 261, 1, 5.17%, 0, 0, 2, 136.75
1746713063, 0, 0, 262, 262, 1, 5.17%, 0, 0, 2, 135.62
1746713068, 0, 0, 270, 270, 1, 5.17%, 0, 0, 2, 133.17
1746713073, 0, 0, 272, 272, 1, 5.17%, 0, 0, 2, 135.06
1746713078, 0, 0, 274, 274, 1, 5.17%, 0, 0, 2, 134.00
1746713084, 0, 0, 278, 278, 1, 5.17%, 0, 0, 2, 134.22
1746713094, 0, 0, 280, 280, 1, 5.17%, 0, 0, 2, 138.69
1746713099, 0, 0, 281, 281, 1, 5.17%, 0, 0, 2, 139.26
1746713104, 0, 0, 282, 282, 1, 5.17%, 0, 0, 2, 139.35
1746713109, 0, 0, 283, 283, 1, 5.17%, 0, 0, 2, 138.46
1746713115, 0, 0, 285, 285, 1, 5.17%, 0, 0, 2, 135.13
1746713125, 0, 0, 287, 287, 1, 5.17%, 0, 0, 2, 137.40
1746713130, 0, 0, 290, 290, 1, 5.18%, 0, 0, 2, 137.11
1746713146, 0, 0, 291, 291, 1, 5.18%, 0, 0, 2, 137.82
1746713161, 0, 0, 293, 293, 1, 5.18%, 0, 0, 2, 139.29
1746713166, 0, 0, 295, 295, 1, 5.18%, 0, 0, 2, 137.13
1746713171, 0, 0, 298, 298, 1, 5.18%, 0, 0, 2, 134.37
1746713176, 0, 0, 299, 299, 1, 5.18%, 0, 0, 2, 137.88
1746713182, 0, 0, 300, 300, 1, 5.18%, 0, 0, 2, 136.96
1746713187, 0, 2, 300, 299, 11, 5.18%, 0, 0, 2, 141.29
1746713192, 0, 2, 301, 300, 11, 5.18%, 0, 0, 3, 139.61
1746713202, 0, 2, 303, 302, 11, 5.18%, 0, 0, 3, 138.78
1746713207, 0, 2, 306, 305, 11, 5.18%, 0, 0, 3, 136.96
1746713212, 0, 2, 308, 307, 11, 5.18%, 0, 0, 3, 135.31
1746713218, 0, 2, 310, 309, 11, 5.18%, 0, 0, 3, 136.41
1746713223, 0, 2, 311, 310, 11, 5.18%, 0, 0, 3, 137.89
1746713228, 0, 2, 312, 311, 11, 5.18%, 0, 0, 3, 137.77
1746713238, 0, 2, 313, 312, 11, 5.18%, 0, 0, 3, 140.82
1746713249, 0, 2, 314, 313, 11, 5.18%, 0, 0, 3, 137.38
1746713254, 0, 2, 315, 314, 11, 5.18%, 0, 0, 3, 138.41
1746713264, 0, 2, 316, 315, 11, 5.18%, 0, 0, 3, 138.06
1746713274, 0, 2, 318, 317, 11, 5.18%, 0, 0, 3, 137.83
1746713285, 0, 2, 319, 318, 11, 5.18%, 0, 0, 3, 137.13
1746713295, 0, 2, 320, 319, 11, 5.18%, 0, 0, 3, 138.74
1746713321, 0, 2, 322, 321, 11, 5.18%, 0, 0, 3, 136.68
1746713326, 0, 2, 323, 322, 11, 5.20%, 0, 0, 3, 136.95
1746713341, 0, 2, 324, 323, 11, 5.20%, 0, 0, 3, 138.08
1746713346, 0, 2, 325, 324, 11, 5.20%, 0, 0, 3, 136.84
1746713367, 0, 2, 326, 325, 11, 5.20%, 0, 0, 3, 138.65
1746713372, 0, 2, 327, 326, 11, 5.20%, 0, 0, 3, 137.89
1746713377, 0, 2, 328, 327, 11, 5.20%, 0, 0, 3, 136.90
1746713398, 0, 2, 330, 329, 11, 5.20%, 0, 0, 3, 136.84
1746713408, 0, 2, 331, 330, 11, 5.20%, 0, 0, 3, 137.06
1746713429, 0, 50, 331, 329, 11, 5.20%, 0, 0, 3, 106.25
1746713531, 0, 50, 335, 333, 11, 5.21%, 0, 0, 3, 103.94
1746713536, 0, 50, 341, 339, 11, 5.21%, 0, 0, 3, 103.21
1746713541, 0, 50, 344, 342, 11, 5.21%, 0, 0, 3, 103.97
1746713546, 0, 50, 350, 348, 11, 5.30%, 0, 0, 3, 101.40
1746713551, 0, 50, 353, 351, 11, 5.30%, 0, 0, 3, 102.73
1746713556, 0, 50, 358, 356, 11, 5.30%, 0, 0, 3, 102.84
1746713561, 0, 50, 366, 364, 11, 5.30%, 0, 0, 3, 102.90
1746713566, 0, 50, 372, 370, 11, 5.30%, 0, 0, 3, 100.03
1746713571, 0, 50, 375, 373, 11, 5.30%, 0, 0, 3, 103.88
1746713576, 0, 50, 376, 374, 11, 5.30%, 0, 0, 3, 107.59
1746713581, 0, 50, 379, 377, 11, 5.30%, 0, 0, 3, 105.64
1746713586, 0, 50, 380, 378, 11, 5.30%, 0, 0, 3, 108.68
1746713591, 0, 50, 384, 382, 11, 5.30%, 0, 0, 3, 104.22
1746713606, 0, 50, 388, 386, 11, 5.30%, 0, 0, 3, 105.54
1746713612, 0, 50, 390, 388, 11, 5.30%, 0, 0, 3, 107.22
1746713617, 0, 50, 392, 390, 11, 5.30%, 0, 0, 3, 103.95
1746713622, 0, 50, 395, 393, 11, 5.30%, 0, 0, 3, 103.96
1746713627, 0, 50, 397, 395, 11, 5.30%, 0, 0, 3, 104.38
1746713632, 0, 50, 399, 397, 11, 5.30%, 0, 0, 3, 106.38
1746713637, 0, 50, 401, 399, 11, 5.30%, 0, 0, 3, 108.14
1746713642, 0, 50, 404, 402, 11, 5.30%, 0, 0, 3, 107.19
1746713647, 0, 50, 406, 404, 11, 5.30%, 0, 0, 3, 104.91
1746713652, 0, 50, 408, 406, 11, 5.30%, 0, 0, 3, 105.97
1746713657, 0, 50, 409, 407, 11, 5.30%, 0, 0, 3, 105.11
1746713662, 0, 50, 411, 409, 11, 5.30%, 0, 0, 3, 104.88
1746713667, 0, 50, 412, 410, 11, 5.30%, 0, 0, 3, 106.49
1746713672, 0, 50, 414, 412, 11, 5.30%, 0, 0, 3, 105.74
1746713677, 0, 50, 416, 414, 11, 5.30%, 0, 0, 3, 106.19
1746713682, 0, 50, 417, 415, 11, 5.30%, 0, 0, 3, 106.42
1746713687, 0, 50, 419, 417, 11, 5.30%, 0, 0, 3, 105.01
1746713692, 0, 50, 420, 418, 11, 5.30%, 0, 0, 3, 106.55
1746713697, 0, 50, 422, 420, 11, 5.30%, 0, 0, 3, 103.18
1746713708, 0, 50, 423, 421, 11, 5.30%, 0, 0, 3, 106.28
1746713713, 0, 50, 425, 423, 11, 5.30%, 0, 0, 3, 105.65
1746713733, 0, 50, 427, 425, 11, 5.30%, 0, 0, 3, 106.03
1746713738, 0, 50, 428, 426, 11, 5.30%, 0, 0, 3, 106.54
1746713743, 0, 50, 430, 428, 11, 5.30%, 0, 0, 3, 105.89
1746713748, 0, 50, 433, 431, 11, 5.30%, 0, 0, 3, 102.54
1746713754, 0, 50, 434, 432, 11, 5.30%, 0, 0, 3, 107.00
1746713764, 0, 50, 436, 434, 11, 5.30%, 0, 0, 3, 105.15
1746713769, 0, 50, 439, 437, 11, 5.30%, 0, 0, 3, 105.98
1746713774, 0, 50, 440, 438, 11, 5.30%, 0, 0, 3, 106.88
1746713784, 0, 50, 441, 439, 11, 5.30%, 0, 0, 3, 106.37
1746713794, 0, 50, 442, 440, 11, 5.30%, 0, 0, 3, 107.39
1746713799, 0, 50, 443, 441, 11, 5.30%, 0, 0, 3, 105.19
1746713840, 0, 50, 444, 442, 11, 5.30%, 0, 0, 3, 108.27
1746713845, 0, 115, 444, 441, 9, 5.30%, 0, 0, 3, 102.81
1746713850, 0, 115, 446, 443, 9, 5.30%, 0, 0, 3, 94.79
1746713958, 0, 115, 450, 447, 9, 5.30%, 0, 0, 3, 95.24
1746713963, 0, 115, 454, 451, 9, 5.30%, 0, 0, 3, 101.01
1746713968, 0, 115, 456, 453, 9, 5.30%, 0, 0, 3, 102.00
1746713973, 0, 115, 457, 454, 9, 5.30%, 0, 0, 3, 103.46
1746713978, 0, 115, 459, 456, 9, 5.30%, 0, 0, 3, 102.94
1746713983, 0, 115, 460, 457, 9, 5.30%, 0, 0, 3, 104.64
1746713993, 0, 115, 461, 458, 9, 5.30%, 0, 0, 3, 105.39
1746714004, 0, 115, 463, 460, 9, 5.30%, 0, 0, 3, 104.18
1746714014, 0, 115, 464, 461, 9, 5.30%, 0, 0, 3, 104.46
1746714019, 0, 115, 466, 463, 9, 5.30%, 0, 0, 3, 101.01
1746714024, 0, 115, 468, 465, 9, 5.30%, 0, 0, 3, 102.83
1746714034, 0, 115, 469, 466, 9, 5.30%, 0, 0, 3, 103.36
1746714039, 0, 115, 471, 468, 9, 5.30%, 0, 0, 3, 102.00
1746714044, 0, 115, 472, 469, 9, 5.30%, 0, 0, 3, 103.97
1746714054, 0, 115, 474, 471, 9, 5.30%, 0, 0, 3, 104.08
1746714064, 0, 115, 475, 472, 9, 5.30%, 0, 0, 3, 104.79
1746714100, 0, 115, 476, 473, 9, 5.30%, 0, 0, 3, 104.57
1746714105, 0, 115, 477, 474, 9, 5.30%, 0, 0, 3, 105.26
1746714130, 0, 115, 479, 476, 9, 5.30%, 0, 0, 3, 101.97
1746714140, 0, 115, 481, 478, 9, 5.30%, 0, 0, 3, 103.46
1746714145, 0, 115, 482, 479, 9, 5.30%, 0, 0, 3, 105.46
1746714161, 0, 115, 483, 480, 9, 5.30%, 0, 0, 3, 104.19
1746714181, 0, 115, 484, 481, 9, 5.30%, 0, 0, 3, 106.12
1746714186, 0, 115, 485, 482, 9, 5.30%, 0, 0, 3, 104.63
1746714216, 0, 115, 487, 484, 9, 5.30%, 0, 0, 3, 103.04
1746714246, 0, 115, 488, 485, 9, 5.30%, 0, 0, 3, 101.30
1746714277, 0, 121, 488, 484, 9, 5.30%, 0, 0, 3, 99.49
1746714379, 0, 142, 488, 483, 9, 5.30%, 0, 0, 3, 105.23
1746714540, 0, 142, 489, 484, 9, 5.30%, 0, 0, 3, 96.37
1746714550, 0, 142, 490, 485, 9, 5.30%, 0, 0, 3, 97.08
1746714560, 0, 142, 491, 486, 9, 5.30%, 0, 0, 3, 98.91
1746714576, 0, 142, 492, 487, 9, 5.30%, 0, 0, 3, 99.92
1746714591, 0, 142, 493, 488, 9, 5.30%, 0, 0, 3, 96.39
1746714616, 0, 142, 494, 489, 9, 5.30%, 0, 0, 3, 97.22
1746714632, 0, 142, 496, 491, 9, 5.30%, 0, 0, 3, 94.54
1746714637, 0, 142, 497, 492, 9, 5.30%, 0, 0, 3, 96.93
1746714647, 0, 142, 498, 493, 9, 5.30%, 0, 0, 3, 95.96
1746714657, 0, 142, 499, 494, 9, 5.30%, 0, 0, 3, 97.81
1746714663, 0, 142, 500, 495, 9, 5.30%, 0, 0, 3, 96.58
1746714693, 0, 142, 501, 496, 9, 5.30%, 0, 0, 3, 98.56
1746714699, 0, 142, 502, 497, 9, 5.30%, 0, 0, 3, 99.14
1746714719, 0, 142, 504, 499, 9, 5.30%, 0, 0, 3, 96.17
1746714729, 0, 142, 505, 500, 9, 5.30%, 0, 0, 3, 97.09
1746714734, 0, 142, 506, 501, 9, 5.30%, 0, 0, 3, 96.41
1746714750, 0, 142, 507, 502, 9, 5.30%, 0, 0, 3, 96.69
1746714770, 0, 142, 509, 504, 9, 5.30%, 0, 0, 3, 96.64
1746714832, 0, 142, 510, 505, 9, 5.30%, 0, 0, 3, 100.21
1746714837, 0, 142, 511, 506, 9, 5.30%, 0, 0, 3, 98.71
1746714842, 0, 142, 512, 507, 9, 5.30%, 0, 0, 3, 99.03
1746714873, 0, 289, 512, 506, 9, 5.30%, 0, 0, 3, 85.92
1746714878, 0, 289, 513, 507, 9, 5.30%, 0, 0, 3, 82.15
1746715000, 0, 289, 514, 508, 9, 5.30%, 0, 0, 3, 82.30
1746715062, 0, 289, 516, 510, 9, 5.30%, 0, 0, 3, 89.67
1746715067, 0, 289, 518, 512, 9, 5.30%, 0, 0, 3, 93.33
1746715083, 0, 289, 520, 514, 9, 5.30%, 0, 0, 3, 92.60
1746715088, 0, 289, 522, 516, 9, 5.30%, 0, 0, 3, 92.19
1746715098, 0, 289, 524, 518, 9, 5.30%, 0, 0, 3, 93.64
1746715108, 0, 289, 525, 519, 9, 5.30%, 0, 0, 3, 93.76
1746715119, 0, 289, 527, 521, 9, 5.30%, 0, 0, 3, 90.94
1746715129, 0, 289, 528, 522, 9, 5.30%, 0, 0, 3, 94.81
1746715139, 0, 289, 529, 523, 9, 5.30%, 0, 0, 3, 91.05
1746715160, 0, 289, 530, 524, 9, 5.30%, 0, 0, 3, 90.46
1746715180, 0, 289, 531, 525, 9, 5.30%, 0, 0, 3, 90.86
1746715190, 0, 289, 532, 526, 9, 5.30%, 0, 0, 3, 92.74
1746715196, 0, 289, 533, 527, 9, 5.30%, 0, 0, 3, 91.99
1746715206, 0, 289, 534, 528, 9, 5.30%, 0, 0, 3, 93.73
1746715242, 0, 289, 535, 529, 9, 5.30%, 0, 0, 3, 90.37
1746715247, 0, 289, 536, 530, 9, 5.41%, 0, 0, 3, 90.77
1746715267, 0, 289, 538, 532, 9, 5.41%, 0, 0, 3, 90.97
1746715273, 0, 289, 540, 534, 9, 5.41%, 0, 0, 3, 89.55
1746715298, 0, 289, 541, 535, 9, 5.41%, 0, 0, 3, 91.88
1746715303, 0, 289, 542, 536, 9, 5.41%, 0, 0, 3, 92.71
1746715334, 0, 289, 544, 538, 9, 5.41%, 0, 0, 3, 90.83
1746715360, 0, 289, 545, 539, 9, 5.41%, 0, 0, 3, 91.48
1746715416, 0, 319, 546, 539, 11, 5.41%, 0, 0, 4, 98.96
1746715497, 0, 383, 546, 538, 11, 5.41%, 0, 0, 4, 71.56
1746715503, 0, 383, 549, 541, 11, 5.41%, 0, 0, 4, 59.47
1746715513, 0, 383, 552, 544, 11, 5.41%, 0, 0, 4, 56.76
1746715518, 0, 383, 553, 545, 11, 5.41%, 0, 0, 4, 56.91
1746715564, 0, 383, 554, 546, 11, 5.41%, 0, 0, 4, 56.61
1746715584, 0, 383, 557, 549, 11, 5.41%, 0, 0, 4, 56.77
1746715589, 0, 383, 559, 551, 11, 5.41%, 0, 0, 4, 56.64
1746715691, 0, 383, 560, 552, 11, 5.41%, 0, 0, 4, 56.74
1746715926, 0, 383, 561, 553, 11, 5.41%, 0, 0, 4, 55.98
1746716028, 0, 383, 562, 554, 11, 5.41%, 0, 0, 4, 55.90
1746716100, 0, 383, 564, 556, 11, 5.41%, 0, 0, 4, 56.48
1746716146, 0, 383, 569, 561, 11, 5.41%, 0, 0, 4, 59.41
1746716151, 0, 383, 577, 569, 11, 5.41%, 0, 0, 4, 61.42
1746716156, 0, 383, 582, 574, 11, 5.62%, 0, 0, 4, 64.26
1746716161, 0, 383, 587, 579, 11, 5.62%, 0, 0, 4, 61.53
1746716167, 0, 383, 589, 581, 11, 5.62%, 0, 0, 4, 62.64
1746716172, 0, 383, 593, 585, 11, 5.62%, 0, 0, 4, 62.43
1746716177, 0, 383, 598, 590, 11, 5.62%, 0, 0, 4, 61.19
1746716182, 0, 383, 602, 594, 11, 5.62%, 0, 0, 4, 60.92
1746716187, 0, 383, 603, 595, 11, 5.62%, 0, 0, 4, 63.60
1746716192, 0, 383, 606, 598, 11, 5.62%, 0, 0, 4, 63.20
1746716197, 0, 383, 608, 600, 11, 5.68%, 0, 0, 4, 64.09
1746716203, 0, 383, 609, 601, 11, 5.68%, 0, 0, 4, 63.96
1746716213, 0, 383, 611, 603, 11, 5.68%, 0, 0, 4, 63.31
1746716218, 0, 383, 613, 605, 11, 5.68%, 0, 0, 4, 62.87
1746716223, 0, 383, 614, 606, 11, 5.68%, 0, 0, 4, 63.87
1746716228, 0, 383, 615, 607, 11, 5.68%, 0, 0, 4, 62.80
1746716234, 0, 383, 616, 608, 11, 5.68%, 0, 0, 4, 62.72
1746716239, 0, 383, 618, 610, 11, 5.68%, 0, 0, 4, 64.28
1746716244, 0, 383, 621, 613, 11, 5.68%, 0, 0, 4, 62.57
1746716254, 0, 383, 623, 615, 11, 5.68%, 0, 0, 4, 63.25
1746716259, 0, 383, 625, 617, 11, 5.68%, 0, 0, 4, 63.17
1746716264, 0, 383, 627, 619, 11, 5.68%, 0, 0, 4, 61.92
1746716269, 0, 383, 630, 622, 11, 5.68%, 0, 0, 4, 61.25
1746716275, 0, 383, 632, 624, 11, 5.68%, 0, 0, 4, 61.94
1746716280, 0, 383, 633, 625, 11, 5.68%, 0, 0, 4, 63.38
1746716290, 0, 383, 634, 626, 11, 5.68%, 0, 0, 4, 64.14
1746716295, 0, 383, 636, 628, 11, 5.68%, 0, 0, 4, 63.84
1746716305, 0, 383, 637, 629, 11, 5.68%, 0, 0, 4, 63.48
1746716316, 0, 383, 638, 630, 11, 5.68%, 0, 0, 4, 63.33
1746716336, 0, 383, 639, 631, 11, 5.68%, 0, 0, 4, 63.63
1746716342, 0, 383, 640, 632, 11, 5.68%, 0, 0, 4, 62.89
1746716352, 0, 383, 641, 633, 11, 5.68%, 0, 0, 4, 62.50
1746716357, 0, 383, 642, 634, 11, 5.68%, 0, 0, 4, 62.62
1746716367, 0, 383, 643, 635, 11, 5.68%, 0, 0, 4, 64.47
1746716372, 0, 383, 644, 636, 11, 5.68%, 0, 0, 4, 64.44
1746716383, 0, 383, 645, 637, 11, 5.68%, 0, 0, 4, 64.05
1746716398, 0, 383, 646, 638, 11, 5.68%, 0, 0, 4, 63.10
1746716403, 0, 383, 647, 639, 11, 5.68%, 0, 0, 4, 64.76
1746716414, 0, 383, 648, 640, 11, 5.68%, 0, 0, 4, 63.39
1746716429, 0, 383, 649, 641, 11, 5.68%, 0, 0, 4, 62.59
1746716434, 0, 383, 650, 642, 11, 5.68%, 0, 0, 4, 63.51
1746716439, 0, 383, 651, 643, 11, 5.68%, 0, 0, 4, 63.75
1746716455, 0, 383, 652, 644, 11, 5.68%, 0, 0, 4, 63.64
1746716470, 0, 383, 653, 645, 11, 5.68%, 0, 0, 4, 62.91
1746716480, 0, 383, 655, 647, 11, 5.68%, 0, 0, 4, 61.65
1746716491, 0, 383, 656, 648, 11, 5.68%, 0, 0, 4, 62.70
1746716542, 0, 395, 656, 647, 11, 5.68%, 0, 0, 4, 63.82
1746716908, 0, 417, 656, 646, 10, 5.68%, 0, 0, 4, 90.85
1746717020, 0, 423, 656, 645, 9, 5.68%, 0, 0, 4, 80.13
1746717035, 0, 423, 657, 646, 9, 5.68%, 0, 0, 4, 61.28
1746717459, 0, 423, 658, 647, 9, 5.68%, 0, 0, 4, 64.43
1746717469, 0, 423, 660, 649, 9, 5.68%, 0, 0, 4, 67.39
1746717490, 0, 423, 662, 651, 9, 5.68%, 0, 0, 4, 66.99
1746717505, 0, 423, 663, 652, 9, 5.68%, 0, 0, 4, 70.47
1746717510, 0, 423, 664, 653, 9, 5.68%, 0, 0, 4, 69.82
1746717562, 0, 423, 665, 654, 9, 5.68%, 0, 0, 4, 67.30
1746717707, 0, 423, 666, 655, 9, 5.68%, 0, 0, 4, 68.18
1746717717, 0, 423, 667, 656, 9, 5.68%, 0, 0, 4, 69.13
1746717789, 0, 423, 668, 657, 9, 5.68%, 0, 0, 4, 68.63
1746717815, 0, 423, 669, 658, 9, 5.68%, 0, 0, 4, 69.15
1746717836, 0, 423, 670, 659, 9, 5.68%, 0, 0, 4, 68.67
1746717934, 0, 426, 670, 658, 9, 5.68%, 0, 0, 4, 80.72
1746718083, 0, 502, 670, 657, 8, 5.68%, 0, 0, 4, 82.24
1746718908, 0, 502, 671, 658, 8, 5.68%, 0, 0, 4, 51.47
1746718913, 0, 502, 672, 659, 8, 5.68%, 0, 0, 4, 53.97
1746718918, 0, 502, 674, 661, 8, 5.68%, 0, 0, 4, 53.45
1746718943, 0, 502, 676, 663, 8, 5.68%, 0, 0, 4, 54.73
1746718984, 0, 502, 677, 664, 8, 5.68%, 0, 0, 4, 54.20
1746719090, 0, 502, 678, 665, 8, 5.68%, 0, 0, 4, 53.94
1746719095, 0, 502, 679, 666, 8, 5.68%, 0, 0, 4, 55.36
1746719136, 0, 502, 680, 667, 8, 5.68%, 0, 0, 4, 56.45
1746719197, 0, 502, 681, 668, 8, 5.68%, 0, 0, 4, 54.33
1746719351, 0, 545, 681, 667, 8, 5.68%, 0, 0, 4, 56.46
1746719442, 0, 560, 681, 666, 7, 5.68%, 0, 0, 4, 79.61
1746719881, 0, 560, 681, 666, 7, 5.68%, 0, 1, 4, 56.10
1746720074, 0, 577, 681, 665, 6, 5.68%, 0, 1, 4, 57.61
1746720192, 0, 577, 682, 666, 6, 5.68%, 0, 1, 5, 49.58
1746720913, 0, 577, 683, 667, 6, 5.68%, 0, 1, 5, 53.98
1746720918, 0, 577, 685, 669, 6, 5.68%, 0, 1, 5, 55.24
1746720923, 0, 577, 687, 671, 6, 5.68%, 0, 1, 5, 56.97
1746720928, 0, 577, 688, 672, 6, 5.68%, 0, 1, 5, 57.39
1746720933, 0, 577, 689, 673, 6, 5.68%, 0, 1, 5, 58.14
1746720943, 0, 577, 690, 674, 6, 5.68%, 0, 1, 5, 56.79
1746720949, 0, 577, 691, 675, 6, 5.68%, 0, 1, 5, 57.04
1746720954, 0, 577, 692, 676, 6, 5.68%, 0, 1, 5, 58.10
1746720964, 0, 577, 693, 677, 6, 5.68%, 0, 1, 5, 57.55
1746720974, 0, 577, 695, 679, 6, 5.68%, 0, 1, 5, 57.17
1746720980, 0, 577, 696, 680, 6, 5.68%, 0, 1, 5, 57.24
1746721062, 0, 577, 697, 681, 6, 5.68%, 0, 1, 5, 58.27
1746721067, 0, 577, 698, 682, 6, 5.68%, 0, 1, 5, 56.55
1746721082, 0, 577, 699, 683, 6, 5.68%, 0, 1, 5, 57.80
1746721092, 0, 577, 700, 684, 6, 5.68%, 0, 1, 5, 56.54
1746721097, 0, 577, 701, 685, 6, 5.68%, 0, 1, 5, 57.36
1746721128, 0, 577, 702, 686, 6, 5.68%, 0, 1, 5, 57.62
1746721148, 0, 577, 703, 687, 6, 5.68%, 0, 1, 5, 56.88
1746721169, 0, 577, 704, 688, 6, 5.68%, 0, 1, 5, 57.10
1746721240, 0, 577, 705, 689, 6, 5.68%, 0, 1, 5, 56.96
1746721275, 0, 577, 706, 690, 6, 5.96%, 0, 1, 5, 57.05
1746721341, 0, 606, 706, 689, 6, 5.96%, 0, 1, 5, 55.12
1746721387, 0, 606, 707, 690, 6, 5.97%, 0, 1, 5, 44.62
1746721489, 0, 606, 708, 691, 6, 5.97%, 0, 1, 5, 45.60
1746722375, 0, 606, 709, 692, 6, 5.97%, 0, 1, 5, 51.95
1746722400, 0, 606, 710, 693, 6, 5.97%, 0, 1, 5, 54.21
1746722410, 0, 606, 711, 694, 6, 5.97%, 0, 1, 5, 54.09
1746722420, 0, 606, 712, 695, 6, 5.97%, 0, 1, 5, 54.59
1746722425, 0, 606, 713, 696, 6, 5.97%, 0, 1, 5, 54.24
1746722431, 0, 606, 714, 697, 6, 5.97%, 0, 1, 5, 54.27
1746722451, 0, 606, 715, 698, 6, 5.97%, 0, 1, 5, 52.82
1746722552, 0, 606, 716, 699, 6, 5.97%, 0, 1, 5, 53.94
1746722563, 0, 606, 717, 700, 6, 5.97%, 0, 1, 5, 53.42
1746722623, 0, 606, 718, 701, 6, 5.97%, 0, 1, 5, 54.10
1746722639, 0, 606, 719, 702, 6, 5.97%, 0, 1, 5, 52.53
1746722684, 0, 606, 720, 703, 6, 5.97%, 0, 1, 5, 52.65
1746722740, 0, 606, 721, 704, 6, 6.02%, 0, 1, 5, 53.80
1746722831, 0, 656, 721, 703, 8, 6.02%, 0, 1, 5, 59.34
1746723297, 0, 697, 721, 702, 7, 6.02%, 0, 1, 5, 66.69
1746723322, 0, 697, 723, 704, 7, 6.02%, 0, 1, 6, 37.30
1746724847, 0, 697, 724, 705, 7, 6.02%, 0, 1, 6, 44.48
1746724852, 0, 697, 725, 706, 7, 6.02%, 0, 1, 6, 46.10
1746724857, 0, 697, 726, 707, 7, 6.02%, 0, 1, 6, 45.91
1746724868, 0, 697, 728, 709, 7, 6.02%, 0, 1, 6, 44.81
1746724878, 0, 697, 730, 711, 7, 6.02%, 0, 1, 6, 46.11
1746724888, 0, 697, 731, 712, 7, 6.02%, 0, 1, 6, 45.79
1746724898, 0, 697, 732, 713, 7, 6.02%, 0, 1, 6, 44.35
1746724903, 0, 697, 733, 714, 7, 6.02%, 0, 1, 6, 45.20
1746724938, 0, 697, 734, 715, 7, 6.02%, 0, 1, 6, 46.41
1746724948, 0, 697, 736, 717, 7, 6.02%, 0, 1, 6, 44.84
1746724958, 0, 697, 737, 718, 7, 6.02%, 0, 1, 6, 45.40
1746724974, 0, 697, 738, 719, 7, 6.02%, 0, 1, 6, 46.17
1746724984, 0, 697, 739, 720, 7, 6.02%, 0, 1, 6, 46.12
1746724994, 0, 697, 740, 721, 7, 6.02%, 0, 1, 6, 45.12
1746725040, 0, 697, 741, 722, 7, 6.02%, 0, 1, 6, 45.60
1746725050, 0, 697, 742, 723, 7, 6.02%, 0, 1, 6, 45.77
1746725070, 0, 697, 743, 724, 7, 6.02%, 0, 1, 6, 45.53
1746725136, 0, 697, 744, 725, 7, 6.02%, 0, 1, 6, 47.05
1746725176, 0, 697, 745, 726, 7, 6.02%, 0, 1, 6, 46.67
1746725217, 0, 697, 747, 728, 7, 6.02%, 0, 1, 6, 46.44
1746725293, 0, 697, 748, 729, 7, 6.02%, 0, 1, 6, 45.70
1746725303, 0, 697, 749, 730, 7, 6.02%, 0, 1, 6, 46.07
1746725379, 0, 705, 750, 730, 7, 6.02%, 0, 1, 6, 46.51
1746725430, 0, 705, 751, 731, 7, 6.02%, 0, 1, 6, 42.12
1746725537, 0, 705, 752, 732, 7, 6.02%, 0, 1, 6, 43.75
1746726107, 0, 705, 753, 733, 7, 6.02%, 0, 1, 6, 42.86
1746726523, 0, 705, 754, 734, 7, 6.25%, 0, 1, 6, 51.21
1746726533, 0, 705, 756, 736, 7, 6.25%, 0, 1, 6, 51.90
1746726543, 0, 705, 757, 737, 7, 6.25%, 0, 1, 6, 51.21
1746726564, 0, 705, 758, 738, 7, 6.25%, 0, 1, 6, 52.21
1746726569, 0, 705, 760, 740, 7, 6.25%, 0, 1, 6, 51.99
1746726574, 0, 705, 761, 741, 7, 6.25%, 0, 1, 6, 51.13
1746726584, 0, 705, 762, 742, 7, 6.25%, 0, 1, 6, 50.50
1746726589, 0, 705, 763, 743, 7, 6.25%, 0, 1, 6, 50.39
1746726624, 0, 705, 764, 744, 7, 6.25%, 0, 1, 6, 51.52
1746726640, 0, 705, 765, 745, 7, 6.25%, 0, 1, 6, 51.71
1746726710, 0, 705, 766, 746, 7, 6.25%, 0, 1, 6, 51.99
1746726721, 0, 705, 767, 747, 7, 6.26%, 0, 1, 6, 50.17
1746726826, 0, 705, 769, 749, 7, 6.27%, 0, 1, 6, 50.32
1746726892, 0, 705, 770, 750, 7, 6.27%, 0, 1, 6, 52.14
1746726902, 0, 705, 771, 751, 7, 6.27%, 0, 1, 6, 50.74
1746726993, 0, 706, 771, 750, 8, 6.27%, 0, 1, 6, 49.97
1746728051, 0, 710, 771, 749, 7, 6.27%, 0, 1, 6, 48.01
1746729057, 0, 721, 771, 748, 6, 6.27%, 0, 1, 6, 42.88
1746730593, 0, 721, 772, 749, 6, 6.27%, 0, 1, 7, 46.52
1746730639, 0, 721, 773, 750, 6, 6.27%, 0, 1, 7, 47.12
1746730649, 0, 721, 774, 751, 6, 6.27%, 0, 1, 7, 47.18
1746730796, 0, 721, 775, 752, 6, 6.27%, 0, 1, 7, 47.12
1746730897, 0, 721, 776, 753, 6, 6.27%, 0, 1, 7, 47.39
1746731094, 0, 761, 776, 752, 5, 6.27%, 0, 1, 7, 45.83
1746731150, 0, 761, 777, 753, 5, 6.27%, 0, 1, 7, 39.46
1746731207, 0, 761, 778, 754, 5, 6.28%, 0, 1, 7, 39.17
1746731846, 0, 761, 779, 755, 5, 6.28%, 0, 1, 7, 39.16
1746732389, 0, 761, 780, 756, 5, 6.28%, 0, 1, 7, 41.30
1746732399, 0, 761, 781, 757, 5, 6.28%, 0, 1, 7, 47.56
1746732425, 0, 761, 782, 758, 5, 6.28%, 0, 1, 7, 48.45
1746732435, 0, 761, 783, 759, 5, 6.28%, 0, 1, 7, 47.86
1746732460, 0, 761, 784, 760, 5, 6.28%, 0, 1, 7, 47.62
1746732470, 0, 761, 785, 761, 5, 6.28%, 0, 1, 7, 48.60
1746732475, 0, 761, 786, 762, 5, 6.28%, 0, 1, 7, 48.33
1746732541, 0, 761, 787, 763, 5, 6.28%, 0, 1, 7, 49.28
1746732582, 0, 761, 788, 764, 5, 6.28%, 0, 1, 7, 48.16
1746732602, 0, 761, 789, 765, 5, 6.28%, 0, 1, 7, 47.72
1746732638, 0, 761, 790, 766, 5, 6.28%, 0, 1, 7, 47.96
1746732896, 0, 763, 790, 765, 7, 6.28%, 0, 1, 7, 47.53
1746733111, 0, 763, 791, 766, 7, 6.28%, 0, 1, 7, 37.97
1746734416, 0, 763, 792, 767, 7, 6.28%, 0, 1, 7, 46.88
1746734467, 0, 763, 793, 768, 7, 6.28%, 0, 1, 7, 45.55
1746734497, 0, 763, 794, 769, 7, 6.28%, 0, 1, 7, 46.03
1746734669, 0, 766, 794, 768, 6, 6.28%, 0, 1, 7, 43.01
1746736094, 0, 766, 795, 769, 6, 6.28%, 0, 1, 7, 46.43
1746736119, 0, 766, 796, 770, 6, 6.28%, 0, 1, 7, 47.24
1746736215, 0, 777, 796, 769, 6, 6.28%, 0, 1, 7, 46.93
1746736384, 0, 777, 797, 770, 6, 6.29%, 0, 1, 8, 39.40
1746736404, 0, 777, 798, 771, 6, 6.30%, 0, 1, 8, 40.74
1746737514, 0, 777, 799, 772, 6, 6.30%, 0, 1, 8, 48.27
1746737520, 0, 777, 801, 774, 6, 6.30%, 0, 1, 8, 48.24
1746737540, 0, 777, 802, 775, 6, 6.30%, 0, 1, 8, 48.16
1746737656, 0, 777, 803, 776, 6, 6.30%, 0, 1, 8, 47.77
1746737838, 0, 777, 804, 777, 6, 6.54%, 0, 1, 8, 47.24
1746737919, 0, 777, 805, 778, 6, 6.55%, 0, 1, 8, 47.68
1746738010, 0, 788, 805, 777, 8, 6.55%, 0, 1, 8, 44.69
1746739538, 0, 788, 806, 778, 8, 6.55%, 0, 1, 8, 44.27
1746739558, 0, 788, 807, 779, 8, 6.55%, 0, 1, 8, 46.14
1746739563, 0, 788, 808, 780, 8, 6.55%, 0, 1, 8, 46.00
1746739573, 0, 788, 809, 781, 8, 6.55%, 0, 1, 8, 46.51
1746739669, 0, 788, 810, 782, 8, 6.55%, 0, 1, 8, 45.99
1746740049, 0, 794, 810, 781, 7, 6.55%, 0, 1, 8, 46.62
1746741428, 0, 797, 810, 780, 6, 6.55%, 0, 1, 8, 47.63
1746741612, 0, 797, 811, 781, 6, 6.55%, 0, 1, 9, 40.13
1746742717, 0, 797, 812, 782, 6, 6.55%, 0, 1, 9, 48.30
1746742732, 0, 797, 813, 783, 6, 6.55%, 0, 1, 9, 49.10
1746742742, 0, 797, 814, 784, 6, 6.55%, 0, 1, 9, 48.35
1746742757, 0, 797, 815, 785, 6, 6.55%, 0, 1, 9, 48.38
1746742798, 0, 797, 816, 786, 6, 6.55%, 0, 1, 9, 48.39
1746742848, 0, 797, 817, 787, 6, 6.55%, 0, 1, 9, 48.78
1746742859, 0, 797, 818, 788, 6, 6.55%, 0, 1, 9, 49.96
1746742899, 0, 797, 819, 789, 6, 6.55%, 0, 1, 9, 48.39
1746742975, 0, 797, 820, 790, 6, 6.55%, 0, 1, 9, 47.33
1746742985, 0, 797, 821, 791, 6, 6.55%, 0, 1, 9, 47.46
1746743076, 0, 801, 821, 790, 6, 6.55%, 0, 1, 9, 47.33
1746744383, 0, 803, 821, 789, 5, 6.55%, 0, 1, 9, 43.47
1746744429, 0, 803, 822, 790, 5, 6.55%, 0, 1, 9, 34.07
1746744445, 0, 803, 823, 791, 5, 6.55%, 0, 1, 9, 34.13
1746744450, 0, 803, 824, 792, 5, 6.55%, 0, 1, 9, 33.82
1746744639, 0, 803, 826, 794, 5, 6.55%, 0, 1, 9, 34.55
1746746194, 0, 803, 828, 796, 5, 6.55%, 0, 1, 9, 45.08
1746746250, 0, 803, 829, 797, 5, 6.55%, 0, 1, 9, 43.33
1746746418, 0, 803, 830, 798, 5, 6.55%, 0, 1, 9, 43.92
1746746509, 0, 803, 831, 799, 5, 6.79%, 0, 1, 9, 43.98
1746746524, 0, 803, 832, 800, 5, 6.79%, 0, 1, 9, 43.97
1746746560, 0, 808, 832, 799, 6, 6.79%, 0, 1, 9, 39.76
1746748278, 0, 808, 833, 800, 6, 6.79%, 0, 1, 9, 44.14
1746748293, 0, 808, 834, 801, 6, 6.79%, 0, 1, 9, 43.67
1746748334, 0, 808, 835, 802, 6, 6.79%, 0, 1, 9, 44.82
1746748370, 0, 808, 836, 803, 6, 6.79%, 0, 1, 9, 44.41
1746748446, 0, 808, 837, 804, 6, 6.79%, 0, 1, 9, 43.72
1746748497, 0, 808, 838, 805, 6, 6.79%, 0, 1, 9, 44.16
1746748527, 0, 808, 839, 806, 6, 6.80%, 0, 1, 9, 44.09
1746748649, 0, 810, 839, 805, 6, 6.80%, 0, 1, 9, 45.17
1746749934, 0, 810, 840, 806, 6, 6.80%, 0, 1, 10, 46.76
1746749949, 0, 810, 841, 807, 6, 6.80%, 0, 1, 10, 48.78
1746750075, 0, 810, 842, 808, 6, 6.80%, 0, 1, 10, 47.82
1746750091, 0, 810, 843, 809, 6, 6.80%, 0, 1, 10, 49.07
1746750101, 0, 810, 844, 810, 6, 6.80%, 0, 1, 10, 49.47
1746750146, 0, 810, 845, 811, 6, 6.80%, 0, 1, 10, 48.18
1746750303, 0, 821, 845, 810, 5, 6.80%, 0, 1, 10, 41.70
1746752119, 0, 830, 845, 809, 4, 6.80%, 0, 1, 10, 39.58
1746752129, 0, 830, 846, 810, 4, 6.80%, 0, 1, 10, 35.83
1746752181, 0, 830, 847, 811, 4, 6.80%, 0, 1, 10, 34.24
1746752186, 0, 830, 849, 813, 4, 6.80%, 0, 1, 10, 34.08
1746752334, 0, 830, 850, 814, 4, 6.81%, 0, 1, 10, 34.35
1746752380, 0, 830, 851, 815, 4, 6.81%, 0, 1, 10, 34.84
1746753819, 0, 830, 852, 816, 4, 6.81%, 0, 1, 10, 33.85
1746753854, 0, 830, 854, 818, 4, 6.81%, 0, 1, 10, 41.12
1746753859, 0, 830, 855, 819, 4, 6.81%, 0, 1, 10, 42.84
1746753875, 0, 830, 856, 820, 4, 6.81%, 0, 1, 10, 42.99
1746753880, 0, 830, 857, 821, 4, 6.82%, 0, 1, 10, 43.97
1746753900, 0, 830, 858, 822, 4, 6.82%, 0, 1, 10, 42.93
1746753915, 0, 830, 859, 823, 4, 6.82%, 0, 1, 10, 43.87
1746753920, 0, 830, 861, 825, 4, 6.82%, 0, 1, 10, 43.61
1746753925, 0, 830, 862, 826, 4, 6.82%, 0, 1, 10, 43.72
1746753930, 0, 830, 863, 827, 4, 6.86%, 0, 1, 10, 43.45
1746753935, 0, 830, 864, 828, 4, 6.86%, 0, 1, 10, 42.96
1746753941, 0, 830, 865, 829, 4, 6.86%, 0, 1, 10, 43.38
1746753951, 0, 830, 866, 830, 4, 6.87%, 0, 1, 10, 42.91
1746753966, 0, 830, 867, 831, 4, 6.87%, 0, 1, 10, 43.57
1746753991, 0, 830, 868, 832, 4, 6.87%, 0, 1, 10, 43.73
1746754007, 0, 830, 869, 833, 4, 6.87%, 0, 1, 10, 44.75
1746754022, 0, 830, 870, 834, 4, 6.87%, 0, 1, 10, 43.53
1746754032, 0, 830, 871, 835, 4, 6.87%, 0, 1, 10, 44.23
1746754052, 0, 830, 872, 836, 4, 6.88%, 0, 1, 10, 44.10
1746754063, 0, 830, 873, 837, 4, 6.89%, 0, 1, 10, 43.76
1746754083, 0, 830, 874, 838, 4, 6.89%, 0, 1, 10, 42.99
1746754088, 0, 830, 875, 839, 4, 6.89%, 0, 1, 10, 43.96
1746754119, 0, 830, 876, 840, 4, 6.89%, 0, 1, 10, 44.20
1746754134, 0, 830, 878, 842, 4, 6.89%, 0, 1, 10, 44.45
1746754149, 0, 830, 879, 843, 4, 6.89%, 0, 1, 10, 44.67
1746754174, 0, 830, 880, 844, 4, 6.89%, 0, 1, 10, 43.18
1746754195, 0, 830, 881, 845, 4, 6.89%, 0, 1, 10, 43.82
1746754220, 0, 830, 882, 846, 4, 6.89%, 0, 1, 10, 43.12
1746754225, 0, 830, 883, 847, 4, 6.89%, 0, 1, 10, 43.49
1746754256, 0, 830, 884, 848, 4, 6.89%, 0, 1, 10, 43.22
1746754266, 0, 830, 885, 849, 4, 6.89%, 0, 1, 10, 43.60
1746754276, 0, 832, 885, 848, 10, 6.89%, 0, 1, 10, 44.66
1746756107, 0, 832, 886, 849, 10, 6.89%, 0, 1, 10, 50.05
