# unix_time, cycles_done, cur_path, paths_total, pending_total, pending_favs, map_size, unique_crashes, unique_hangs, max_depth, execs_per_sec
1746611824, 0, 0, 1, 1, 1, 5.42%, 0, 0, 1, 76.19
1746611829, 0, 0, 51, 51, 1, 6.00%, 0, 0, 2, 85.14
1746611834, 0, 0, 91, 91, 1, 6.90%, 0, 0, 2, 26.78
1746611839, 0, 0, 105, 105, 1, 6.96%, 0, 0, 2, 45.43
1746611844, 0, 0, 119, 119, 1, 7.71%, 0, 0, 2, 34.61
1746611849, 0, 0, 137, 137, 1, 7.74%, 0, 0, 2, 33.42
1746611854, 0, 0, 157, 157, 1, 7.74%, 0, 0, 2, 36.84
1746611859, 0, 0, 170, 170, 1, 7.74%, 0, 0, 2, 33.12
1746611864, 0, 0, 188, 188, 1, 7.75%, 0, 0, 2, 35.96
1746611870, 0, 0, 199, 199, 1, 7.75%, 0, 0, 2, 29.98
1746611875, 0, 0, 211, 211, 1, 7.76%, 0, 0, 2, 25.50
1746611880, 0, 0, 228, 228, 1, 7.76%, 0, 0, 2, 32.75
1746611885, 0, 0, 247, 247, 1, 7.76%, 0, 0, 2, 37.33
1746611890, 0, 0, 271, 271, 1, 7.76%, 0, 0, 2, 42.32
1746611895, 0, 0, 282, 282, 1, 7.76%, 0, 0, 2, 33.94
1746611900, 0, 0, 295, 295, 1, 7.76%, 0, 0, 2, 33.31
1746611905, 0, 0, 310, 310, 1, 7.76%, 0, 0, 2, 31.88
1746611910, 0, 0, 326, 326, 1, 7.76%, 0, 0, 2, 6.83
1746611915, 0, 0, 339, 339, 1, 7.76%, 0, 0, 2, 10.14
1746611920, 0, 0, 350, 350, 1, 7.76%, 0, 0, 2, 35.88
1746611925, 0, 0, 361, 361, 1, 7.76%, 0, 0, 2, 32.07
1746611930, 0, 0, 368, 368, 1, 7.76%, 0, 0, 2, 20.29
1746611936, 0, 0, 377, 377, 1, 7.76%, 0, 0, 2, 21.76
1746611941, 0, 0, 386, 386, 1, 7.76%, 0, 0, 2, 19.23
1746611946, 0, 0, 398, 398, 1, 7.76%, 0, 0, 2, 23.17
1746611951, 0, 0, 408, 408, 1, 7.76%, 0, 0, 2, 31.62
1746611956, 0, 0, 416, 416, 1, 7.76%, 0, 0, 2, 24.06
1746611962, 0, 0, 426, 426, 1, 7.76%, 0, 0, 2, 26.00
1746611967, 0, 0, 434, 434, 1, 7.76%, 0, 0, 2, 31.52
1746611972, 0, 0, 442, 442, 1, 7.79%, 0, 0, 2, 24.08
1746611977, 0, 0, 453, 453, 1, 7.79%, 0, 0, 2, 26.36
1746611982, 0, 0, 462, 462, 1, 7.79%, 0, 0, 2, 39.29
1746611987, 0, 0, 470, 470, 1, 7.79%, 0, 0, 2, 28.25
1746611992, 0, 0, 478, 478, 1, 7.79%, 0, 0, 2, 23.68
1746611997, 0, 0, 486, 486, 1, 7.79%, 0, 0, 2, 25.84
1746612002, 0, 0, 494, 494, 1, 7.89%, 0, 0, 2, 32.17
1746612008, 0, 0, 498, 498, 1, 7.89%, 0, 0, 2, 29.26
1746612013, 0, 0, 504, 504, 1, 7.89%, 0, 0, 2, 9.67
1746612018, 0, 0, 509, 509, 1, 7.89%, 0, 0, 2, 18.28
1746612023, 0, 0, 515, 515, 1, 7.89%, 0, 0, 2, 28.29
1746612028, 0, 0, 521, 521, 1, 7.89%, 0, 0, 2, 25.66
1746612033, 0, 0, 528, 528, 1, 7.89%, 0, 0, 2, 37.63
1746612038, 0, 0, 532, 532, 1, 7.89%, 0, 0, 2, 36.38
1746612044, 0, 0, 536, 536, 1, 7.90%, 0, 0, 2, 6.26
1746612049, 0, 0, 541, 541, 1, 7.90%, 0, 0, 2, 13.77
1746612054, 0, 0, 544, 544, 1, 7.90%, 0, 0, 2, 9.25
1746612059, 0, 0, 549, 549, 1, 7.90%, 0, 0, 2, 10.46
1746612064, 0, 0, 552, 552, 1, 7.90%, 0, 0, 2, 4.81
1746612069, 0, 0, 556, 556, 1, 7.90%, 0, 0, 2, 27.30
1746612074, 0, 0, 561, 561, 1, 7.91%, 0, 0, 2, 22.45
1746612080, 0, 0, 564, 564, 1, 8.09%, 0, 0, 2, 27.63
1746612085, 0, 0, 569, 569, 1, 8.09%, 0, 0, 2, 32.54
1746612090, 0, 0, 574, 574, 1, 8.09%, 0, 0, 2, 36.06
1746612095, 0, 0, 580, 580, 1, 8.09%, 0, 0, 2, 28.16
1746612100, 0, 0, 584, 584, 1, 8.09%, 0, 0, 2, 30.62
1746612105, 0, 0, 587, 587, 1, 8.09%, 0, 0, 2, 6.99
1746612110, 0, 0, 592, 592, 1, 8.09%, 0, 0, 2, 41.39
1746612115, 0, 0, 596, 596, 1, 8.09%, 0, 0, 2, 6.23
1746612120, 0, 0, 597, 597, 1, 8.09%, 0, 0, 2, 35.87
1746612126, 0, 0, 601, 601, 1, 8.09%, 0, 0, 2, 33.69
1746612131, 0, 0, 605, 605, 1, 8.09%, 0, 0, 2, 28.17
1746612136, 0, 0, 606, 606, 1, 8.09%, 0, 0, 2, 29.98
1746612141, 0, 0, 609, 609, 1, 8.09%, 0, 0, 2, 29.73
1746612146, 0, 0, 613, 613, 1, 8.09%, 0, 0, 2, 22.29
1746612151, 0, 0, 615, 615, 1, 8.09%, 0, 0, 2, 34.21
1746612156, 0, 0, 619, 619, 1, 8.09%, 0, 0, 2, 29.56
1746612162, 0, 0, 620, 620, 1, 8.09%, 0, 0, 2, 33.80
1746612167, 0, 0, 621, 621, 1, 8.09%, 0, 0, 2, 40.76
1746612172, 0, 0, 623, 623, 1, 8.09%, 0, 0, 2, 45.67
1746612177, 0, 0, 625, 625, 1, 8.09%, 0, 0, 2, 41.42
1746612182, 0, 0, 627, 627, 1, 8.09%, 0, 0, 2, 4.53
1746612187, 0, 0, 629, 629, 1, 8.09%, 0, 0, 2, 7.01
1746612192, 0, 0, 632, 632, 1, 8.09%, 0, 0, 2, 32.24
1746612198, 0, 0, 634, 634, 1, 8.09%, 0, 0, 2, 32.13
1746612203, 0, 0, 636, 636, 1, 8.09%, 0, 0, 2, 34.67
1746612208, 0, 0, 638, 638, 1, 8.09%, 0, 0, 2, 3.33
1746612213, 0, 0, 641, 641, 1, 8.09%, 0, 0, 2, 40.61
1746612218, 0, 0, 643, 643, 1, 8.09%, 0, 0, 2, 14.92
1746612223, 0, 0, 644, 644, 1, 8.09%, 0, 0, 2, 24.68
1746612229, 0, 0, 647, 647, 1, 8.09%, 0, 0, 2, 18.64
1746612234, 0, 0, 649, 649, 1, 8.09%, 0, 0, 2, 5.85
1746612239, 0, 0, 650, 650, 1, 8.09%, 0, 0, 2, 41.93
1746612244, 0, 0, 652, 652, 1, 8.09%, 0, 0, 2, 26.40
1746612249, 0, 0, 656, 656, 1, 8.09%, 0, 0, 2, 29.53
1746612254, 0, 0, 657, 657, 1, 8.09%, 0, 0, 2, 51.87
1746612259, 0, 0, 658, 658, 1, 8.09%, 0, 0, 2, 37.63
1746612264, 0, 0, 660, 660, 1, 8.09%, 0, 0, 2, 39.69
1746612269, 0, 0, 661, 661, 1, 8.09%, 0, 0, 2, 40.29
1746612279, 0, 0, 662, 662, 1, 8.09%, 0, 0, 2, 40.10
1746612285, 0, 0, 663, 663, 1, 8.09%, 0, 0, 2, 27.76
1746612290, 0, 0, 665, 665, 1, 8.09%, 0, 0, 2, 28.05
1746612300, 0, 0, 666, 666, 1, 8.09%, 0, 0, 2, 3.86
1746612311, 0, 0, 667, 667, 1, 8.09%, 0, 0, 2, 34.22
1746612326, 0, 0, 668, 668, 1, 8.09%, 0, 0, 2, 39.94
1746612336, 0, 0, 669, 669, 1, 8.09%, 0, 0, 2, 36.44
1746612346, 0, 0, 670, 670, 1, 8.09%, 0, 0, 2, 65.12
1746612351, 0, 0, 671, 671, 1, 8.09%, 0, 0, 2, 27.00
1746612357, 0, 0, 675, 675, 1, 8.09%, 0, 0, 2, 28.47
1746612362, 0, 0, 678, 678, 1, 8.09%, 0, 0, 2, 27.53
1746612367, 0, 0, 679, 679, 1, 8.09%, 0, 0, 2, 43.01
1746612377, 0, 0, 680, 680, 1, 8.09%, 0, 0, 2, 37.50
1746612387, 0, 0, 682, 682, 1, 8.09%, 0, 0, 2, 28.21
1746612392, 0, 0, 684, 684, 1, 8.09%, 0, 0, 2, 34.47
1746612398, 0, 0, 685, 685, 1, 8.09%, 0, 0, 2, 38.71
1746612403, 0, 0, 686, 686, 1, 8.09%, 0, 0, 2, 49.17
1746612408, 0, 0, 688, 688, 1, 8.09%, 0, 0, 2, 38.74
1746612413, 0, 0, 690, 690, 1, 8.09%, 0, 0, 2, 4.38
1746612438, 0, 0, 692, 692, 1, 8.09%, 0, 0, 2, 34.22
1746612443, 0, 0, 693, 693, 1, 8.09%, 0, 0, 2, 58.84
1746612449, 0, 0, 694, 694, 1, 8.09%, 0, 0, 2, 4.76
1746612459, 0, 0, 695, 695, 1, 8.09%, 0, 0, 2, 7.78
1746612464, 0, 0, 696, 696, 1, 8.09%, 0, 0, 2, 27.43
1746612469, 0, 0, 698, 698, 1, 8.09%, 0, 0, 2, 32.67
1746612474, 0, 0, 699, 699, 1, 8.09%, 0, 0, 2, 35.85
1746612479, 0, 0, 701, 701, 1, 8.09%, 0, 0, 2, 57.48
1746612484, 0, 0, 702, 702, 1, 8.09%, 0, 0, 2, 39.80
1746612489, 0, 0, 703, 703, 1, 8.09%, 0, 0, 2, 37.86
1746612495, 0, 0, 704, 704, 1, 8.09%, 0, 0, 2, 34.34
1746612500, 0, 0, 705, 705, 1, 8.09%, 0, 0, 2, 7.90
1746612505, 0, 0, 706, 706, 1, 8.09%, 0, 0, 2, 36.22
1746612510, 0, 0, 708, 708, 1, 8.09%, 0, 0, 2, 32.47
1746612541, 0, 0, 709, 709, 1, 8.09%, 0, 0, 2, 35.64
1746612546, 0, 0, 711, 711, 1, 8.09%, 0, 0, 2, 52.91
1746612551, 0, 116, 712, 711, 20, 8.11%, 0, 0, 2, 77.83
1746612556, 0, 116, 714, 713, 20, 8.11%, 0, 0, 3, 45.00
1746612561, 0, 116, 715, 714, 20, 8.11%, 0, 0, 3, 36.25
1746612566, 0, 116, 717, 716, 20, 8.11%, 0, 0, 3, 31.96
1746612571, 0, 116, 719, 718, 20, 8.11%, 0, 0, 3, 6.56
1746612582, 0, 116, 720, 719, 20, 8.11%, 0, 0, 3, 50.55
1746612612, 0, 116, 721, 720, 20, 8.11%, 0, 0, 3, 4.78
1746612617, 0, 116, 723, 722, 20, 8.11%, 0, 0, 3, 32.25
1746612638, 0, 116, 724, 723, 20, 8.11%, 0, 0, 3, 38.94
1746612643, 0, 116, 725, 724, 20, 8.11%, 0, 0, 3, 55.33
1746612648, 0, 116, 726, 725, 20, 8.11%, 0, 0, 3, 5.65
1746612653, 0, 116, 727, 726, 20, 8.11%, 0, 0, 3, 5.73
1746612658, 0, 116, 728, 727, 20, 8.11%, 0, 0, 3, 43.50
1746612664, 0, 116, 729, 728, 20, 8.11%, 0, 0, 3, 38.79
1746612674, 0, 116, 730, 729, 20, 8.11%, 0, 0, 3, 36.12
1746612679, 0, 116, 733, 732, 20, 8.12%, 0, 0, 3, 28.90
1746612684, 0, 116, 734, 733, 20, 8.12%, 0, 0, 3, 31.44
1746612699, 0, 116, 735, 734, 20, 8.12%, 0, 0, 3, 37.31
1746612704, 0, 116, 737, 736, 20, 8.12%, 0, 0, 3, 34.46
1746612714, 0, 116, 739, 738, 20, 8.12%, 0, 0, 3, 44.64
1746612719, 0, 116, 740, 739, 20, 8.12%, 0, 0, 3, 53.46
1746612724, 0, 116, 741, 740, 20, 8.12%, 0, 0, 3, 43.83
1746612730, 0, 116, 742, 741, 20, 8.12%, 0, 0, 3, 42.15
1746612735, 0, 116, 745, 744, 20, 8.12%, 0, 0, 3, 4.10
1746612755, 0, 116, 746, 745, 20, 8.12%, 0, 0, 3, 36.61
1746612776, 0, 116, 748, 747, 20, 8.12%, 0, 0, 3, 38.74
1746612781, 0, 116, 749, 748, 20, 8.12%, 0, 0, 3, 46.16
1746612786, 0, 116, 751, 750, 20, 8.12%, 0, 0, 3, 4.41
1746612791, 0, 116, 752, 751, 20, 8.12%, 0, 0, 3, 36.78
1746612796, 0, 116, 753, 752, 20, 8.12%, 0, 0, 3, 33.55
1746612817, 0, 116, 755, 754, 20, 8.12%, 0, 0, 3, 36.14
1746612822, 0, 116, 757, 756, 20, 8.12%, 0, 0, 3, 48.58
1746612827, 0, 171, 757, 755, 21, 8.12%, 0, 0, 3, 45.18
1746612858, 0, 171, 758, 756, 21, 8.12%, 0, 0, 3, 34.81
1746612863, 0, 171, 759, 757, 21, 8.12%, 0, 0, 3, 4.85
1746612873, 0, 171, 760, 758, 21, 8.12%, 0, 0, 3, 6.04
1746612889, 0, 171, 761, 759, 21, 8.12%, 0, 0, 3, 28.50
1746612899, 0, 171, 763, 761, 21, 8.12%, 0, 0, 3, 4.05
1746612915, 0, 171, 764, 762, 21, 8.12%, 0, 0, 3, 31.32
1746612920, 0, 171, 765, 763, 21, 8.12%, 0, 0, 3, 29.02
1746612930, 0, 171, 766, 764, 21, 8.12%, 0, 0, 3, 27.79
1746612936, 0, 171, 767, 765, 21, 8.12%, 0, 0, 3, 5.06
1746612946, 0, 171, 768, 766, 21, 8.12%, 0, 0, 3, 29.51
1746612956, 0, 171, 769, 767, 21, 8.12%, 0, 0, 3, 25.00
1746612961, 0, 171, 770, 768, 21, 8.12%, 0, 0, 3, 25.91
1746612966, 0, 171, 771, 769, 21, 8.12%, 0, 0, 3, 25.63
1746612971, 0, 171, 772, 770, 21, 8.12%, 0, 0, 3, 23.38
1746612986, 0, 171, 773, 771, 21, 8.12%, 0, 0, 3, 24.43
1746613012, 0, 171, 775, 773, 21, 8.12%, 0, 0, 3, 30.63
1746613053, 0, 171, 776, 774, 21, 8.12%, 0, 0, 3, 28.75
1746613089, 0, 171, 777, 775, 21, 8.12%, 0, 0, 3, 22.47
1746613094, 0, 171, 778, 776, 21, 8.12%, 0, 0, 3, 19.13
1746613109, 0, 171, 779, 777, 21, 8.12%, 0, 0, 3, 27.62
1746613120, 0, 171, 780, 778, 21, 8.12%, 0, 0, 3, 28.78
1746613140, 0, 171, 781, 779, 21, 8.12%, 0, 0, 3, 29.31
1746613151, 0, 171, 782, 780, 21, 8.12%, 0, 0, 3, 29.00
1746613156, 0, 171, 783, 781, 21, 8.12%, 0, 0, 3, 25.50
1746613161, 0, 171, 784, 782, 21, 8.12%, 0, 0, 3, 23.22
1746613171, 0, 171, 785, 783, 21, 8.12%, 0, 0, 3, 28.13
1746613191, 0, 171, 786, 784, 21, 8.12%, 0, 0, 3, 26.88
1746613207, 0, 171, 787, 785, 21, 8.12%, 0, 0, 3, 25.41
1746613237, 0, 171, 788, 786, 21, 8.12%, 0, 0, 3, 31.78
1746613253, 0, 171, 789, 787, 21, 8.12%, 0, 0, 3, 27.26
1746613283, 0, 171, 790, 788, 21, 8.12%, 0, 0, 3, 28.16
1746613299, 0, 171, 791, 789, 21, 8.12%, 0, 0, 3, 25.09
1746613309, 0, 171, 792, 790, 21, 8.12%, 0, 0, 3, 31.53
1746613334, 0, 171, 793, 791, 21, 8.12%, 0, 0, 3, 27.59
1746613345, 0, 171, 794, 792, 21, 8.12%, 0, 0, 3, 27.76
1746613350, 0, 171, 795, 793, 21, 8.12%, 0, 0, 3, 29.85
1746613355, 0, 171, 796, 794, 21, 8.12%, 0, 0, 3, 28.69
1746613370, 0, 171, 797, 795, 21, 8.12%, 0, 0, 3, 29.45
1746613385, 0, 171, 798, 796, 21, 8.12%, 0, 0, 3, 5.06
1746613421, 0, 171, 799, 797, 21, 8.12%, 0, 0, 3, 30.78
1746613463, 0, 185, 799, 796, 22, 8.12%, 0, 0, 3, 18.00
1746613596, 0, 185, 801, 798, 22, 8.12%, 0, 0, 3, 18.57
1746613622, 0, 185, 802, 799, 22, 8.12%, 0, 0, 3, 16.97
1746613637, 0, 185, 803, 800, 22, 8.12%, 0, 0, 3, 17.62
1746613683, 0, 185, 804, 801, 22, 8.12%, 0, 0, 3, 18.37
1746613698, 0, 185, 805, 802, 22, 8.12%, 0, 0, 3, 18.12
1746613729, 0, 185, 806, 803, 22, 8.12%, 0, 0, 3, 18.59
1746613739, 0, 185, 807, 804, 22, 8.12%, 0, 0, 3, 18.50
1746613760, 0, 185, 808, 805, 22, 8.12%, 0, 0, 3, 18.35
1746613770, 0, 185, 809, 806, 22, 8.12%, 0, 0, 3, 18.65
1746613785, 0, 185, 810, 807, 22, 8.12%, 0, 0, 3, 3.54
1746613791, 0, 185, 811, 808, 22, 8.12%, 0, 0, 3, 24.69
1746613816, 0, 185, 812, 809, 22, 8.12%, 0, 0, 3, 20.35
1746613847, 0, 185, 813, 810, 22, 8.12%, 0, 0, 3, 19.00
1746613913, 0, 185, 814, 811, 22, 8.12%, 0, 0, 3, 18.68
1746613919, 0, 185, 815, 812, 22, 8.12%, 0, 0, 3, 19.01
1746613975, 0, 185, 816, 813, 22, 8.12%, 0, 0, 3, 19.07
1746613980, 0, 185, 817, 814, 22, 8.12%, 0, 0, 3, 21.61
1746614022, 0, 185, 818, 815, 22, 8.12%, 0, 0, 3, 19.15
1746614052, 0, 185, 819, 816, 22, 8.12%, 0, 0, 3, 19.28
1746614062, 0, 185, 820, 817, 22, 8.12%, 0, 0, 3, 18.67
1746614067, 0, 185, 821, 818, 22, 8.12%, 0, 0, 3, 16.95
1746614119, 0, 185, 822, 819, 22, 8.12%, 0, 0, 3, 17.35
1746614124, 0, 185, 823, 820, 22, 8.12%, 0, 0, 3, 18.36
1746614210, 0, 206, 823, 819, 22, 8.12%, 0, 0, 3, 14.31
1746614215, 0, 206, 824, 820, 22, 8.12%, 0, 0, 3, 11.51
1746614226, 0, 206, 825, 821, 22, 8.12%, 0, 0, 3, 10.51
1746614298, 0, 206, 826, 822, 22, 8.12%, 0, 0, 3, 11.02
1746614319, 0, 206, 827, 823, 22, 8.12%, 0, 0, 3, 11.61
1746614324, 0, 206, 828, 824, 22, 8.12%, 0, 0, 3, 11.83
1746614339, 0, 206, 829, 825, 22, 8.12%, 0, 0, 3, 14.06
1746614360, 0, 206, 830, 826, 22, 8.12%, 0, 0, 3, 16.76
1746614386, 0, 206, 831, 827, 22, 8.12%, 0, 0, 3, 18.94
1746614401, 0, 206, 834, 830, 22, 8.12%, 0, 0, 3, 16.65
1746614412, 0, 206, 836, 832, 22, 8.12%, 0, 0, 3, 19.03
1746614417, 0, 206, 837, 833, 22, 8.12%, 0, 0, 3, 20.28
1746614427, 0, 206, 838, 834, 22, 8.12%, 0, 0, 3, 19.47
1746614437, 0, 206, 839, 835, 22, 8.19%, 0, 0, 3, 1.33
1746614453, 0, 206, 840, 836, 22, 8.19%, 0, 0, 3, 17.55
1746614478, 0, 206, 841, 837, 22, 8.19%, 0, 0, 3, 17.18
1746614494, 0, 206, 843, 839, 22, 8.19%, 0, 0, 3, 16.38
1746614530, 0, 206, 844, 840, 22, 8.19%, 0, 0, 3, 18.80
1746614550, 0, 206, 845, 841, 22, 8.19%, 0, 0, 3, 21.74
1746614566, 0, 206, 846, 842, 22, 8.19%, 0, 0, 3, 22.11
1746614647, 0, 206, 847, 843, 22, 8.19%, 0, 0, 3, 20.15
1746614673, 0, 206, 848, 844, 22, 8.19%, 0, 0, 3, 18.69
1746614709, 0, 206, 849, 845, 22, 8.19%, 0, 0, 3, 16.61
1746614750, 0, 206, 850, 846, 22, 8.19%, 0, 0, 3, 17.96
1746614755, 0, 206, 851, 847, 22, 8.19%, 0, 0, 3, 18.06
1746614760, 0, 206, 852, 848, 22, 8.19%, 0, 0, 3, 16.09
1746614765, 0, 206, 853, 849, 22, 8.19%, 0, 0, 3, 17.19
1746614873, 0, 206, 854, 850, 22, 8.19%, 0, 0, 3, 16.19
1746614898, 0, 206, 855, 851, 22, 8.19%, 0, 0, 3, 20.29
1746614950, 0, 206, 856, 852, 22, 8.19%, 0, 0, 3, 18.42
1746615001, 0, 227, 856, 851, 23, 8.19%, 0, 0, 3, 15.28
1746615103, 0, 258, 856, 850, 22, 8.19%, 0, 0, 3, 21.02
1746615129, 0, 258, 857, 851, 22, 8.19%, 0, 0, 3, 1.79
1746615160, 0, 261, 857, 850, 21, 8.19%, 0, 0, 3, 27.84
1746615201, 0, 294, 857, 849, 21, 8.19%, 0, 0, 3, 31.09
1746615236, 0, 412, 857, 848, 21, 8.19%, 0, 0, 3, 26.00
1746615283, 0, 420, 857, 847, 21, 8.19%, 0, 0, 3, 16.43
1746615483, 0, 420, 858, 848, 21, 8.19%, 0, 0, 3, 15.13
1746615514, 0, 435, 859, 848, 21, 8.19%, 0, 0, 3, 17.25
1746615524, 0, 435, 861, 850, 21, 8.19%, 0, 0, 3, 11.00
1746615544, 0, 435, 862, 851, 21, 8.19%, 0, 0, 3, 10.53
1746615550, 0, 435, 863, 852, 21, 8.19%, 0, 0, 3, 12.01
1746615555, 0, 435, 864, 853, 21, 8.19%, 0, 0, 3, 10.86
1746615560, 0, 435, 865, 854, 21, 8.19%, 0, 0, 3, 10.37
1746615565, 0, 435, 866, 855, 21, 8.19%, 0, 0, 3, 10.60
1746615622, 0, 435, 867, 856, 21, 8.19%, 0, 0, 3, 11.00
1746615627, 0, 435, 868, 857, 21, 8.19%, 0, 0, 3, 10.47
1746615679, 0, 435, 869, 858, 21, 8.19%, 0, 0, 3, 12.35
1746615710, 0, 435, 871, 860, 21, 8.19%, 0, 0, 3, 10.60
1746615715, 0, 435, 872, 861, 21, 8.19%, 0, 0, 3, 10.87
1746615720, 0, 435, 873, 862, 21, 8.19%, 0, 0, 3, 10.96
1746615751, 0, 435, 874, 863, 21, 8.19%, 0, 0, 3, 14.50
1746615771, 0, 435, 875, 864, 21, 8.19%, 0, 0, 3, 11.52
1746615787, 0, 435, 876, 865, 21, 8.19%, 0, 0, 3, 10.96
1746615802, 0, 435, 877, 866, 21, 8.19%, 0, 0, 3, 18.54
1746615807, 0, 435, 878, 867, 21, 8.19%, 0, 0, 3, 19.02
1746615812, 0, 435, 879, 868, 21, 8.19%, 0, 0, 3, 19.14
1746615817, 0, 435, 880, 869, 21, 8.26%, 0, 0, 3, 17.46
1746615848, 0, 435, 881, 870, 21, 8.26%, 0, 0, 3, 19.34
1746615859, 0, 435, 882, 871, 21, 8.26%, 0, 0, 3, 19.49
1746615869, 0, 435, 883, 872, 21, 8.26%, 0, 0, 3, 19.25
1746615874, 0, 435, 884, 873, 21, 8.26%, 0, 0, 3, 18.90
1746615895, 0, 435, 885, 874, 21, 8.26%, 0, 0, 3, 19.76
1746615936, 0, 435, 886, 875, 21, 8.26%, 0, 0, 3, 18.37
1746615951, 0, 435, 887, 876, 21, 8.26%, 0, 0, 3, 15.66
1746615956, 0, 435, 888, 877, 21, 8.26%, 0, 0, 3, 17.95
1746615961, 0, 435, 891, 880, 21, 8.26%, 0, 0, 3, 16.75
1746615977, 0, 435, 892, 881, 21, 8.26%, 0, 0, 3, 18.45
1746615982, 0, 435, 893, 882, 21, 8.26%, 0, 0, 3, 18.27
1746615997, 0, 435, 894, 883, 21, 8.26%, 0, 0, 3, 17.26
1746616013, 0, 435, 895, 884, 21, 8.26%, 0, 0, 3, 17.99
1746616033, 0, 435, 896, 885, 21, 8.26%, 0, 0, 3, 20.31
1746616069, 0, 435, 897, 886, 21, 8.26%, 0, 0, 3, 18.79
1746616105, 0, 435, 898, 887, 21, 8.26%, 0, 0, 3, 17.85
1746616166, 0, 435, 899, 888, 21, 8.26%, 0, 0, 3, 17.70
1746616182, 0, 435, 900, 889, 21, 8.26%, 0, 0, 3, 18.06
1746616192, 0, 435, 901, 890, 21, 8.26%, 0, 0, 3, 19.38
1746616202, 0, 435, 902, 891, 21, 8.26%, 0, 0, 3, 19.57
1746616207, 0, 435, 903, 892, 21, 8.26%, 0, 0, 3, 22.97
1746616253, 0, 435, 904, 893, 21, 8.26%, 0, 0, 3, 16.70
1746616273, 0, 435, 905, 894, 21, 8.26%, 0, 0, 3, 16.29
1746616279, 0, 435, 906, 895, 21, 8.26%, 0, 0, 3, 17.26
1746616356, 0, 435, 908, 897, 21, 8.26%, 0, 0, 3, 16.31
1746616381, 0, 435, 909, 898, 21, 8.26%, 0, 0, 3, 19.53
1746616422, 0, 435, 910, 899, 21, 8.26%, 0, 0, 3, 18.07
1746616453, 0, 485, 910, 898, 20, 8.26%, 0, 0, 3, 24.04
1746616468, 0, 485, 911, 899, 20, 8.26%, 0, 0, 3, 30.81
1746616514, 0, 486, 911, 898, 20, 8.26%, 0, 0, 3, 34.36
1746616519, 0, 486, 912, 899, 20, 8.26%, 0, 0, 3, 8.30
1746616751, 0, 486, 913, 900, 20, 8.26%, 0, 0, 3, 8.08
1746616756, 0, 486, 914, 901, 20, 8.26%, 0, 0, 3, 7.18
1746616818, 0, 486, 917, 904, 20, 8.26%, 0, 0, 3, 8.45
1746616838, 0, 492, 917, 903, 19, 8.26%, 0, 0, 3, 22.16
1746616864, 0, 534, 917, 902, 18, 8.26%, 0, 0, 3, 31.60
1746616874, 0, 534, 918, 903, 18, 8.26%, 0, 0, 3, 21.83
1746616894, 0, 534, 920, 905, 18, 8.26%, 0, 0, 3, 21.54
1746616925, 0, 534, 921, 906, 18, 8.26%, 0, 0, 3, 21.04
1746616951, 0, 534, 922, 907, 18, 8.26%, 0, 0, 3, 22.05
1746616971, 0, 563, 922, 906, 19, 8.26%, 0, 0, 3, 23.05
1746617043, 0, 563, 923, 907, 19, 8.26%, 0, 0, 3, 12.42
1746617089, 0, 563, 924, 908, 19, 8.26%, 0, 0, 3, 10.66
1746617110, 0, 563, 933, 917, 19, 8.26%, 0, 0, 3, 27.77
1746617182, 0, 563, 934, 918, 19, 8.26%, 0, 0, 3, 11.07
1746617187, 0, 563, 935, 919, 19, 8.26%, 0, 0, 3, 15.98
1746617239, 0, 597, 935, 918, 18, 8.26%, 0, 0, 3, 16.62
1746617336, 0, 604, 935, 917, 17, 8.26%, 0, 0, 3, 27.67
1746617366, 0, 649, 935, 916, 17, 8.26%, 0, 0, 3, 23.40
1746617407, 0, 649, 936, 917, 17, 8.26%, 0, 0, 3, 17.85
1746617428, 0, 649, 937, 918, 17, 8.26%, 0, 0, 3, 18.16
1746617474, 0, 649, 938, 919, 17, 8.26%, 0, 0, 3, 20.84
1746617484, 0, 649, 939, 920, 17, 8.26%, 0, 0, 3, 25.91
1746617550, 0, 649, 940, 921, 17, 8.26%, 0, 0, 3, 22.67
1746617617, 0, 649, 941, 922, 17, 8.26%, 0, 0, 3, 23.63
1746617678, 0, 649, 942, 923, 17, 8.26%, 0, 0, 3, 17.61
1746617760, 0, 649, 943, 924, 17, 8.26%, 0, 0, 3, 18.59
1746617816, 0, 649, 944, 925, 17, 8.26%, 0, 0, 3, 23.67
1746617888, 0, 649, 945, 926, 17, 8.26%, 0, 0, 3, 22.72
1746617924, 0, 649, 946, 927, 17, 8.26%, 0, 0, 3, 24.11
1746617934, 0, 649, 947, 928, 17, 8.26%, 0, 0, 3, 22.69
1746617939, 0, 649, 948, 929, 17, 8.26%, 0, 0, 3, 21.38
1746617975, 0, 649, 949, 930, 17, 8.26%, 0, 0, 3, 35.32
1746618011, 0, 649, 950, 931, 17, 8.26%, 0, 0, 3, 22.95
1746618078, 0, 649, 951, 932, 17, 8.26%, 0, 0, 3, 19.61
1746618088, 0, 649, 952, 933, 17, 8.26%, 0, 0, 3, 22.00
1746618145, 0, 649, 953, 934, 17, 8.26%, 0, 0, 3, 4.22
1746618175, 0, 654, 953, 933, 16, 8.26%, 0, 0, 3, 46.34
1746618226, 0, 688, 954, 933, 15, 8.26%, 0, 0, 3, 45.61
1746618231, 0, 688, 955, 934, 15, 8.26%, 0, 0, 3, 37.03
1746618257, 0, 688, 956, 935, 15, 8.26%, 0, 0, 3, 6.45
1746618323, 0, 716, 956, 934, 15, 8.26%, 0, 0, 3, 31.20
1746618328, 0, 716, 957, 935, 15, 8.26%, 0, 0, 4, 20.83
1746618333, 0, 716, 958, 936, 15, 8.26%, 0, 0, 4, 15.89
1746619030, 0, 731, 959, 936, 15, 8.26%, 0, 0, 4, 14.95
1746619035, 0, 731, 960, 937, 15, 8.26%, 0, 0, 4, 11.94
1746619040, 0, 731, 961, 938, 15, 8.26%, 0, 0, 4, 11.08
1746619409, 0, 731, 962, 939, 15, 8.26%, 0, 0, 4, 9.55
1746619537, 0, 754, 962, 938, 15, 8.26%, 0, 0, 4, 14.95
1746619727, 0, 754, 963, 939, 15, 8.26%, 0, 0, 4, 16.99
1746619758, 0, 754, 964, 940, 15, 8.26%, 0, 0, 4, 20.14
1746619768, 0, 754, 965, 941, 15, 8.26%, 0, 0, 4, 19.77
1746619922, 0, 784, 965, 940, 15, 8.26%, 0, 0, 4, 20.50
1746620008, 0, 798, 965, 939, 14, 8.26%, 0, 0, 4, 20.92
1746620054, 0, 812, 965, 938, 14, 8.26%, 0, 0, 4, 21.90
1746620178, 0, 834, 965, 937, 13, 8.26%, 0, 0, 4, 17.29
1746620183, 0, 834, 966, 938, 13, 8.26%, 0, 0, 4, 14.96
1746620229, 0, 834, 969, 941, 13, 8.26%, 0, 0, 4, 14.01
1746620302, 0, 838, 969, 940, 13, 8.26%, 0, 0, 4, 1.38
1746620318, 0, 838, 970, 941, 13, 8.26%, 0, 0, 4, 4.77
1746620371, 0, 838, 971, 942, 13, 8.30%, 0, 0, 4, 2.76
1746620649, 0, 838, 972, 943, 13, 8.30%, 0, 0, 4, 1.31
1746620671, 0, 838, 973, 944, 13, 8.30%, 0, 0, 4, 1.39
1746620703, 0, 838, 974, 945, 13, 8.30%, 0, 0, 4, 2.26
1746621020, 0, 838, 975, 946, 13, 8.30%, 0, 0, 4, 2.54
1746621073, 0, 838, 976, 947, 13, 8.30%, 0, 0, 4, 1.35
1746621350, 0, 838, 977, 948, 13, 8.30%, 0, 0, 4, 1.38
1746621387, 0, 838, 978, 949, 13, 8.30%, 0, 0, 4, 1.40
1746621527, 0, 838, 979, 950, 13, 8.30%, 0, 0, 4, 2.27
1746621576, 0, 838, 980, 951, 13, 8.30%, 0, 0, 4, 6.10
1746621758, 0, 838, 981, 952, 13, 8.30%, 0, 0, 4, 2.59
1746624162, 0, 838, 982, 953, 13, 8.30%, 0, 0, 4, 9.87
1746624248, 0, 838, 983, 954, 13, 8.30%, 0, 0, 4, 2.67
1746624264, 0, 838, 984, 955, 13, 8.30%, 0, 0, 4, 2.74
1746624437, 0, 838, 985, 956, 13, 8.30%, 0, 0, 4, 1.37
1746624667, 0, 838, 986, 957, 13, 8.30%, 0, 0, 4, 1.38
1746624687, 0, 838, 987, 958, 13, 8.30%, 0, 0, 4, 1.39
1746624928, 0, 838, 988, 959, 13, 8.30%, 0, 0, 4, 1.39
1746625498, 0, 838, 989, 960, 13, 8.30%, 0, 0, 4, 1.31
1746625509, 0, 838, 990, 961, 13, 8.30%, 0, 0, 4, 1.34
1746625552, 0, 838, 991, 962, 13, 8.30%, 0, 0, 4, 1.40
1746625557, 0, 838, 992, 963, 13, 8.30%, 0, 0, 4, 1.41
1746625601, 0, 838, 993, 964, 13, 8.30%, 0, 0, 4, 1.42
1746626332, 0, 838, 994, 965, 13, 8.30%, 0, 0, 4, 1.39
1746626412, 0, 838, 995, 966, 13, 8.30%, 0, 0, 4, 1.37
1746626659, 0, 838, 996, 967, 13, 8.30%, 0, 0, 4, 2.54
1746626670, 0, 838, 997, 968, 13, 8.31%, 0, 0, 4, 1.07
1746626681, 0, 838, 998, 969, 13, 8.31%, 0, 0, 4, 1.71
1746626702, 0, 838, 999, 970, 13, 8.31%, 0, 0, 4, 1.94
1746626713, 0, 838, 1000, 971, 13, 8.31%, 0, 0, 4, 1.96
1746626718, 0, 838, 1001, 972, 13, 8.31%, 0, 0, 4, 2.08
1746626781, 0, 838, 1002, 973, 13, 8.31%, 0, 0, 4, 8.46
1746626819, 0, 838, 1003, 974, 13, 8.31%, 0, 0, 4, 3.52
1746626834, 0, 838, 1004, 975, 13, 8.31%, 0, 0, 4, 2.42
1746626856, 0, 838, 1005, 976, 13, 8.31%, 0, 0, 4, 13.05
1746626904, 0, 838, 1006, 977, 13, 8.31%, 0, 0, 4, 1.81
1746626931, 0, 838, 1007, 978, 13, 8.31%, 0, 0, 4, 2.55
1746626998, 0, 838, 1008, 979, 13, 8.31%, 0, 0, 4, 6.81
1746627035, 0, 838, 1009, 980, 13, 8.31%, 0, 0, 4, 1.64
1746627159, 0, 838, 1010, 981, 13, 8.31%, 0, 0, 4, 1.46
1746627380, 0, 838, 1011, 982, 13, 8.31%, 0, 0, 4, 13.41
1746627402, 0, 838, 1012, 983, 13, 8.31%, 0, 0, 4, 1.96
1746627413, 0, 838, 1013, 984, 13, 8.31%, 0, 0, 4, 7.24
1746627465, 0, 838, 1014, 985, 13, 8.31%, 0, 0, 4, 2.70
1746627529, 0, 838, 1015, 986, 13, 8.31%, 0, 0, 4, 1.43
1746627626, 0, 838, 1016, 987, 13, 8.31%, 0, 0, 4, 2.37
1746627809, 0, 838, 1017, 988, 13, 8.31%, 0, 0, 4, 1.13
1746627899, 0, 838, 1018, 989, 13, 8.31%, 0, 0, 4, 4.04
1746627974, 0, 838, 1019, 990, 13, 8.31%, 0, 0, 4, 4.39
1746628337, 0, 838, 1020, 991, 13, 8.31%, 0, 0, 4, 1.76
1746628533, 0, 838, 1021, 992, 13, 8.31%, 0, 0, 4, 1.81
1746628579, 0, 838, 1022, 993, 13, 8.31%, 0, 0, 4, 1.38
1746628855, 0, 838, 1023, 994, 13, 8.31%, 0, 0, 4, 9.83
1746629094, 0, 838, 1024, 995, 13, 8.31%, 0, 0, 4, 1.31
1746629132, 0, 868, 1024, 994, 16, 8.31%, 0, 0, 4, 13.73
1746629208, 0, 868, 1025, 995, 16, 8.31%, 0, 0, 4, 13.92
1746629213, 0, 868, 1026, 996, 16, 8.31%, 0, 0, 4, 13.85
1746629300, 0, 868, 1027, 997, 16, 8.31%, 0, 0, 4, 12.21
1746629337, 0, 870, 1027, 996, 15, 8.31%, 0, 0, 4, 12.96
1746629358, 0, 870, 1028, 997, 15, 8.31%, 0, 0, 4, 10.23
1746629373, 0, 870, 1029, 998, 15, 8.31%, 0, 0, 4, 10.30
1746629454, 0, 870, 1030, 999, 15, 8.31%, 0, 0, 4, 8.98
1746629516, 0, 870, 1031, 1000, 15, 8.31%, 0, 0, 4, 10.43
1746629619, 0, 870, 1034, 1003, 15, 8.31%, 0, 0, 4, 10.12
1746629644, 0, 870, 1035, 1004, 15, 8.31%, 0, 0, 4, 1.95
1746629655, 0, 870, 1036, 1005, 15, 8.31%, 0, 0, 4, 16.84
1746629706, 0, 870, 1037, 1006, 15, 8.31%, 0, 0, 4, 15.51
1746629727, 0, 870, 1038, 1007, 15, 8.31%, 0, 0, 4, 2.17
1746629932, 0, 870, 1039, 1008, 15, 8.31%, 0, 0, 4, 18.62
1746629983, 0, 870, 1040, 1009, 15, 8.31%, 0, 0, 4, 15.03
1746630029, 0, 870, 1041, 1010, 15, 8.31%, 0, 0, 4, 18.72
1746630476, 0, 870, 1042, 1011, 15, 8.31%, 0, 0, 4, 17.71
1746630558, 0, 870, 1043, 1012, 15, 8.31%, 0, 0, 4, 19.90
1746630568, 0, 874, 1043, 1011, 16, 8.31%, 0, 0, 4, 16.77
1746630835, 0, 874, 1044, 1012, 16, 8.31%, 0, 0, 4, 17.93
1746630881, 0, 875, 1044, 1011, 15, 8.31%, 0, 0, 4, 17.42
1746630952, 0, 875, 1046, 1013, 15, 8.31%, 0, 0, 4, 13.10
1746631076, 0, 875, 1048, 1015, 15, 8.31%, 0, 0, 4, 14.41
1746631184, 0, 920, 1048, 1014, 14, 8.31%, 0, 0, 4, 21.80
1746631205, 0, 920, 1051, 1017, 14, 8.31%, 0, 0, 4, 23.26
1746631276, 0, 921, 1052, 1017, 15, 8.31%, 0, 0, 4, 23.76
1746631282, 0, 921, 1053, 1018, 15, 8.31%, 0, 0, 4, 23.57
1746631302, 0, 921, 1059, 1024, 15, 8.31%, 0, 0, 4, 24.92
1746631394, 0, 954, 1059, 1023, 15, 8.31%, 0, 0, 4, 32.75
1746631456, 0, 960, 1059, 1022, 14, 8.31%, 0, 0, 4, 25.27
1746631897, 0, 960, 1060, 1023, 14, 8.31%, 0, 0, 5, 16.39
1746631974, 0, 968, 1060, 1022, 13, 8.31%, 0, 0, 5, 16.29
1746632112, 0, 974, 1060, 1021, 12, 8.31%, 0, 0, 5, 2.59
1746632138, 0, 974, 1061, 1022, 12, 8.45%, 0, 0, 5, 4.85
1746632184, 0, 974, 1062, 1023, 12, 8.46%, 0, 0, 5, 6.53
1746632354, 0, 974, 1063, 1024, 12, 8.46%, 0, 0, 5, 5.84
1746632379, 0, 974, 1064, 1025, 12, 8.46%, 0, 0, 5, 4.73
1746632430, 0, 974, 1065, 1026, 12, 8.46%, 0, 0, 5, 7.11
1746632441, 0, 974, 1066, 1027, 12, 8.46%, 0, 0, 5, 6.95
1746632626, 0, 974, 1067, 1028, 12, 8.46%, 0, 0, 5, 6.37
1746632785, 0, 974, 1068, 1029, 12, 8.47%, 0, 0, 5, 6.20
1746632795, 0, 974, 1069, 1030, 12, 8.47%, 0, 0, 5, 6.46
1746632800, 0, 974, 1070, 1031, 12, 8.47%, 0, 0, 5, 6.60
1746632805, 0, 974, 1071, 1032, 12, 8.47%, 0, 0, 5, 6.58
1746632868, 0, 974, 1072, 1033, 12, 8.47%, 0, 0, 5, 10.56
1746632909, 0, 974, 1073, 1034, 12, 8.47%, 0, 0, 5, 16.72
1746633033, 0, 974, 1074, 1035, 12, 8.47%, 0, 0, 5, 29.89
1746633110, 0, 974, 1075, 1036, 12, 8.47%, 0, 0, 5, 11.46
1746633171, 0, 974, 1076, 1037, 12, 8.47%, 0, 0, 5, 12.73
1746633207, 0, 974, 1077, 1038, 12, 8.64%, 0, 0, 5, 12.39
1746633341, 0, 974, 1078, 1039, 12, 8.64%, 0, 0, 5, 1.73
1746633705, 0, 987, 1078, 1038, 16, 8.64%, 0, 0, 5, 1.45
1746633819, 0, 987, 1079, 1039, 16, 8.64%, 0, 0, 5, 1.41
1746634595, 0, 987, 1080, 1040, 16, 8.64%, 0, 0, 5, 1.41
1746634628, 0, 987, 1081, 1041, 16, 8.64%, 0, 0, 5, 1.41
1746639708, 0, 996, 1081, 1040, 15, 8.64%, 0, 0, 5, 1.78
1746641289, 0, 996, 1081, 1040, 15, 8.64%, 0, 1, 5, 1.07
1746645703, 0, 996, 1081, 1040, 15, 8.64%, 0, 2, 5, 15.07
1746645708, 0, 996, 1081, 1040, 15, 8.64%, 0, 4, 5, 7.73
1746645713, 0, 996, 1081, 1040, 15, 8.64%, 0, 6, 5, 8.24
1746645718, 0, 996, 1081, 1040, 15, 8.64%, 0, 9, 5, 1.80
1746645723, 0, 996, 1081, 1040, 15, 8.64%, 0, 11, 5, 13.04
1746645729, 0, 996, 1081, 1040, 15, 8.64%, 0, 13, 5, 12.01
1746645734, 0, 996, 1081, 1040, 15, 8.64%, 0, 16, 5, 1.16
1746645739, 0, 996, 1081, 1040, 15, 8.64%, 0, 18, 5, 8.32
1746645745, 0, 996, 1081, 1040, 15, 8.64%, 0, 20, 5, 9.93
1746645750, 0, 996, 1081, 1040, 15, 8.64%, 0, 21, 5, 12.23
1746645765, 0, 996, 1081, 1040, 15, 8.64%, 0, 23, 5, 6.11
1746645771, 0, 996, 1081, 1040, 15, 8.64%, 0, 27, 5, 1.00
1746645777, 0, 996, 1081, 1040, 15, 8.64%, 0, 31, 5, 1.00
1746645782, 0, 996, 1081, 1040, 15, 8.64%, 0, 33, 5, 1.08
1746645788, 0, 996, 1081, 1040, 15, 8.64%, 0, 36, 5, 1.44
1746645793, 0, 996, 1081, 1040, 15, 8.64%, 0, 41, 5, 1.32
1746645798, 0, 996, 1081, 1040, 15, 8.64%, 0, 44, 5, 1.73
1746645804, 0, 996, 1081, 1040, 15, 8.64%, 0, 47, 5, 2.37
1746645809, 0, 996, 1081, 1040, 15, 8.64%, 0, 50, 5, 1.99
1746645815, 0, 996, 1081, 1040, 15, 8.64%, 0, 54, 5, 2.31
1746645821, 0, 996, 1081, 1040, 15, 8.64%, 0, 57, 5, 2.38
1746645826, 0, 996, 1081, 1040, 15, 8.64%, 0, 60, 5, 2.66
1746645831, 0, 996, 1081, 1040, 15, 8.64%, 0, 64, 5, 2.24
1746645837, 0, 996, 1081, 1040, 15, 8.64%, 0, 67, 5, 2.31
1746645842, 0, 996, 1081, 1040, 15, 8.64%, 0, 72, 5, 1.99
1746645847, 0, 996, 1081, 1040, 15, 8.64%, 0, 75, 5, 1.79
1746645853, 0, 996, 1081, 1040, 15, 8.64%, 0, 79, 5, 2.05
1746645859, 0, 996, 1081, 1040, 15, 8.64%, 0, 82, 5, 2.05
1746645864, 0, 996, 1081, 1040, 15, 8.64%, 0, 84, 5, 1.76
1746645869, 0, 996, 1081, 1040, 15, 8.64%, 0, 87, 5, 1.77
1746645875, 0, 996, 1081, 1040, 15, 8.64%, 0, 89, 5, 2.25
1746645880, 0, 996, 1081, 1040, 15, 8.64%, 0, 93, 5, 2.22
1746645886, 0, 996, 1081, 1040, 15, 8.64%, 0, 96, 5, 2.05
1746645891, 0, 996, 1081, 1040, 15, 8.64%, 0, 99, 5, 1.76
1746645896, 0, 996, 1081, 1040, 15, 8.64%, 0, 102, 5, 1.76
1746645901, 0, 996, 1081, 1040, 15, 8.64%, 0, 104, 5, 1.75
1746645907, 0, 996, 1081, 1040, 15, 8.64%, 0, 107, 5, 1.73
1746645912, 0, 996, 1081, 1040, 15, 8.64%, 0, 111, 5, 1.52
1746645917, 0, 996, 1081, 1040, 15, 8.64%, 0, 115, 5, 1.38
1746645922, 0, 996, 1081, 1040, 15, 8.64%, 0, 119, 5, 1.27
1746645927, 0, 996, 1081, 1040, 15, 8.64%, 0, 120, 5, 1.20
1746645932, 0, 996, 1081, 1040, 15, 8.64%, 0, 122, 5, 1.14
1746645937, 0, 996, 1081, 1040, 15, 8.64%, 0, 123, 5, 1.28
1746645942, 0, 996, 1081, 1040, 15, 8.64%, 0, 125, 5, 1.20
1746645947, 0, 996, 1081, 1040, 15, 8.64%, 0, 127, 5, 1.14
1746645952, 0, 996, 1081, 1040, 15, 8.64%, 0, 128, 5, 1.10
1746645957, 0, 996, 1081, 1040, 15, 8.64%, 0, 132, 5, 1.08
1746645962, 0, 996, 1081, 1040, 15, 8.64%, 0, 133, 5, 1.05
1746645972, 0, 996, 1081, 1040, 15, 8.64%, 0, 134, 5, 1.03
1746645977, 0, 996, 1081, 1040, 15, 8.64%, 0, 137, 5, 1.02
1746645982, 0, 996, 1081, 1040, 15, 8.64%, 0, 138, 5, 1.01
1746645997, 0, 996, 1081, 1040, 15, 8.64%, 0, 139, 5, 1.00
1746646002, 0, 996, 1081, 1040, 15, 8.64%, 0, 140, 5, 1.00
1746646007, 0, 996, 1081, 1040, 15, 8.64%, 0, 142, 5, 1.00
1746646012, 0, 996, 1081, 1040, 15, 8.64%, 0, 144, 5, 1.00
1746646017, 0, 996, 1081, 1040, 15, 8.64%, 0, 145, 5, 1.00
1746646022, 0, 996, 1081, 1040, 15, 8.64%, 0, 146, 5, 1.00
1746646027, 0, 996, 1081, 1040, 15, 8.64%, 0, 148, 5, 1.00
1746646032, 0, 996, 1081, 1040, 15, 8.64%, 0, 151, 5, 1.00
1746646037, 0, 996, 1081, 1040, 15, 8.64%, 0, 152, 5, 1.00
1746646047, 0, 996, 1081, 1040, 15, 8.64%, 0, 153, 5, 1.00
1746646052, 0, 996, 1081, 1040, 15, 8.64%, 0, 156, 5, 1.00
1746646057, 0, 996, 1081, 1040, 15, 8.64%, 0, 157, 5, 1.00
1746646062, 0, 996, 1081, 1040, 15, 8.64%, 0, 159, 5, 1.00
1746646072, 0, 996, 1081, 1040, 15, 8.64%, 0, 160, 5, 1.00
1746646077, 0, 996, 1081, 1040, 15, 8.64%, 0, 162, 5, 1.00
1746646082, 0, 996, 1081, 1040, 15, 8.64%, 0, 163, 5, 1.00
1746646097, 0, 996, 1081, 1040, 15, 8.64%, 0, 164, 5, 1.00
1746646102, 0, 996, 1081, 1040, 15, 8.64%, 0, 165, 5, 1.00
1746646107, 0, 996, 1081, 1040, 15, 8.64%, 0, 166, 5, 1.00
1746646112, 0, 996, 1081, 1040, 15, 8.64%, 0, 167, 5, 1.00
1746646117, 0, 996, 1081, 1040, 15, 8.64%, 0, 168, 5, 1.00
1746646122, 0, 996, 1081, 1040, 15, 8.64%, 0, 170, 5, 1.00
1746646127, 0, 996, 1081, 1040, 15, 8.64%, 0, 171, 5, 1.00
1746646137, 0, 996, 1081, 1040, 15, 8.64%, 0, 173, 5, 1.00
1746646142, 0, 996, 1081, 1040, 15, 8.64%, 0, 175, 5, 1.00
1746646147, 0, 996, 1081, 1040, 15, 8.64%, 0, 177, 5, 1.00
1746646152, 0, 996, 1081, 1040, 15, 8.64%, 0, 178, 5, 1.00
1746646162, 0, 996, 1081, 1040, 15, 8.64%, 0, 179, 5, 1.00
1746646167, 0, 996, 1081, 1040, 15, 8.64%, 0, 180, 5, 1.00
1746646177, 0, 996, 1081, 1040, 15, 8.64%, 0, 181, 5, 1.00
1746646188, 0, 1009, 1081, 1039, 14, 8.64%, 0, 181, 5, 1.00
1746646199, 0, 1009, 1081, 1039, 14, 8.64%, 0, 184, 5, 1.83
1746646204, 0, 1009, 1081, 1039, 14, 8.64%, 0, 186, 5, 1.83
1746646210, 0, 1009, 1081, 1039, 14, 8.64%, 0, 189, 5, 5.35
1746646215, 0, 1009, 1081, 1039, 14, 8.64%, 0, 191, 5, 1.00
1746646221, 0, 1009, 1081, 1039, 14, 8.64%, 0, 194, 5, 1.16
1746646226, 0, 1009, 1081, 1039, 14, 8.64%, 0, 198, 5, 1.00
1746646232, 0, 1009, 1081, 1039, 14, 8.64%, 0, 199, 5, 7.73
1746646237, 0, 1009, 1081, 1039, 14, 8.64%, 0, 202, 5, 1.00
1746646243, 0, 1009, 1081, 1039, 14, 8.64%, 0, 203, 5, 1.33
1746646248, 0, 1009, 1081, 1039, 14, 8.64%, 0, 205, 5, 1.41
1746646253, 0, 1009, 1081, 1039, 14, 8.64%, 0, 206, 5, 1.40
1746646259, 0, 1009, 1081, 1039, 14, 8.64%, 0, 207, 5, 1.52
1746646274, 0, 1009, 1081, 1039, 14, 8.64%, 0, 208, 5, 1.20
1746646279, 0, 1009, 1081, 1039, 14, 8.64%, 0, 209, 5, 1.14
1746646284, 0, 1009, 1081, 1039, 14, 8.64%, 0, 210, 5, 1.10
1746646289, 0, 1009, 1081, 1039, 14, 8.64%, 0, 212, 5, 1.07
1746646299, 0, 1009, 1081, 1039, 14, 8.64%, 0, 214, 5, 1.04
1746646304, 0, 1009, 1081, 1039, 14, 8.64%, 0, 215, 5, 1.03
1746646309, 0, 1009, 1081, 1039, 14, 8.64%, 0, 216, 5, 1.02
1746646324, 0, 1009, 1081, 1039, 14, 8.64%, 0, 218, 5, 1.01
1746646329, 0, 1009, 1081, 1039, 14, 8.64%, 0, 219, 5, 1.00
1746646349, 0, 1009, 1081, 1039, 14, 8.64%, 0, 220, 5, 1.00
1746646354, 0, 1009, 1081, 1039, 14, 8.64%, 0, 221, 5, 1.00
1746646404, 0, 1009, 1081, 1039, 14, 8.64%, 0, 222, 5, 1.00
1746646409, 0, 1009, 1081, 1039, 14, 8.64%, 0, 223, 5, 1.00
1746646419, 0, 1009, 1081, 1039, 14, 8.64%, 0, 224, 5, 1.00
1746646429, 0, 1009, 1081, 1039, 14, 8.64%, 0, 225, 5, 1.00
1746646439, 0, 1009, 1081, 1039, 14, 8.64%, 0, 226, 5, 1.00
1746646449, 0, 1009, 1081, 1039, 14, 8.64%, 0, 227, 5, 1.00
1746646464, 0, 1009, 1081, 1039, 14, 8.64%, 0, 228, 5, 1.00
1746646474, 0, 1009, 1081, 1039, 14, 8.64%, 0, 229, 5, 1.00
1746646479, 0, 1009, 1081, 1039, 14, 8.64%, 0, 231, 5, 1.00
1746646484, 0, 1009, 1081, 1039, 14, 8.64%, 0, 232, 5, 1.00
1746646489, 0, 1009, 1081, 1039, 14, 8.64%, 0, 233, 5, 1.00
1746646494, 0, 1009, 1081, 1039, 14, 8.64%, 0, 235, 5, 1.00
1746646499, 0, 1009, 1081, 1039, 14, 8.64%, 0, 236, 5, 1.00
1746646509, 0, 1017, 1081, 1038, 13, 8.64%, 0, 237, 5, 6.29
1746649489, 0, 1030, 1081, 1037, 12, 8.64%, 0, 237, 5, 10.48
1746649838, 0, 1031, 1081, 1036, 11, 8.64%, 0, 237, 5, 15.30
1746649935, 0, 1031, 1082, 1037, 11, 8.64%, 0, 237, 5, 10.93
1746649941, 0, 1031, 1083, 1038, 11, 8.64%, 0, 237, 5, 10.16
1746649976, 0, 1031, 1085, 1040, 11, 8.64%, 0, 237, 5, 11.27
1746650217, 0, 1031, 1085, 1040, 11, 8.64%, 0, 238, 5, 8.71
1746650279, 0, 1033, 1085, 1039, 11, 8.64%, 0, 238, 5, 9.20
1746650686, 0, 1050, 1085, 1038, 10, 8.64%, 0, 238, 5, 22.03
1746650691, 0, 1050, 1087, 1040, 10, 8.64%, 0, 238, 5, 23.15
1746650707, 0, 1050, 1089, 1042, 10, 8.64%, 0, 238, 5, 23.74
1746650809, 0, 1058, 1089, 1041, 11, 8.64%, 0, 238, 5, 24.42
1746650947, 0, 1058, 1090, 1042, 11, 8.64%, 0, 238, 5, 17.61
1746650962, 0, 1058, 1091, 1043, 11, 8.64%, 0, 238, 5, 22.36
1746651188, 0, 1061, 1091, 1042, 11, 8.64%, 0, 238, 5, 14.92
1746651209, 0, 1061, 1092, 1043, 11, 8.64%, 0, 238, 6, 5.41
1746651855, 0, 1061, 1093, 1044, 11, 8.64%, 0, 238, 6, 6.61
1746651912, 0, 1061, 1094, 1045, 11, 8.64%, 0, 238, 6, 13.94
1746651943, 0, 1061, 1095, 1046, 11, 8.67%, 0, 238, 6, 10.58
1746651969, 0, 1061, 1096, 1047, 11, 8.72%, 0, 238, 6, 12.09
1746652138, 0, 1061, 1097, 1048, 11, 8.72%, 0, 238, 6, 15.03
1746652190, 0, 1061, 1098, 1049, 11, 8.72%, 0, 238, 6, 12.71
1746652303, 0, 1061, 1099, 1050, 11, 8.75%, 0, 238, 6, 12.03
1746652759, 0, 1067, 1099, 1049, 11, 8.75%, 0, 238, 6, 12.62
1746652785, 0, 1067, 1100, 1050, 11, 8.75%, 0, 238, 6, 5.84
1746653032, 0, 1067, 1102, 1052, 11, 8.75%, 0, 238, 6, 4.33
1746653419, 0, 1067, 1103, 1053, 11, 8.75%, 0, 238, 6, 7.50
1746653594, 0, 1067, 1104, 1054, 11, 8.75%, 0, 238, 6, 11.71
1746653650, 0, 1067, 1105, 1055, 11, 8.75%, 0, 238, 6, 12.46
1746653666, 0, 1067, 1106, 1056, 11, 8.75%, 0, 238, 6, 13.84
1746653732, 0, 1067, 1107, 1057, 11, 8.75%, 0, 238, 6, 9.95
1746653840, 0, 1067, 1108, 1058, 11, 8.75%, 0, 238, 6, 11.76
1746654050, 0, 1067, 1109, 1059, 11, 8.75%, 0, 238, 6, 14.03
1746654055, 0, 1067, 1110, 1060, 11, 8.76%, 0, 238, 6, 12.97
1746654097, 0, 1067, 1111, 1061, 11, 8.80%, 0, 238, 6, 18.28
1746654488, 0, 1067, 1112, 1062, 11, 8.80%, 0, 238, 6, 6.09
1746654622, 0, 1070, 1112, 1061, 12, 8.80%, 0, 238, 6, 7.76
1746654628, 0, 1070, 1113, 1062, 12, 8.80%, 0, 238, 6, 6.50
1746654653, 0, 1070, 1114, 1063, 12, 8.80%, 0, 238, 6, 3.77
1746654673, 0, 1070, 1115, 1064, 12, 8.80%, 0, 238, 6, 3.63
1746654684, 0, 1070, 1116, 1065, 12, 8.80%, 0, 238, 6, 3.65
