# unix_time, cycles_done, cur_path, paths_total, pending_total, pending_favs, map_size, unique_crashes, unique_hangs, max_depth, execs_per_sec
1746712264, 0, 0, 1, 1, 1, 3.78%, 0, 0, 1, 26.40
1746712269, 0, 0, 8, 8, 1, 3.81%, 0, 0, 2, 30.39
1746712275, 0, 0, 20, 20, 1, 5.51%, 0, 0, 2, 27.51
1746712280, 0, 0, 30, 30, 1, 5.52%, 0, 0, 2, 27.05
1746712285, 0, 0, 37, 37, 1, 5.52%, 0, 0, 2, 28.45
1746712290, 0, 0, 41, 41, 1, 5.52%, 0, 0, 2, 29.72
1746712295, 0, 0, 48, 48, 1, 5.53%, 0, 0, 2, 27.49
1746712300, 0, 0, 53, 53, 1, 5.53%, 0, 0, 2, 28.38
1746712305, 0, 0, 58, 58, 1, 5.53%, 0, 0, 2, 28.05
1746712310, 0, 0, 63, 63, 1, 5.53%, 0, 0, 2, 28.06
1746712315, 0, 0, 69, 69, 1, 5.53%, 0, 0, 2, 27.67
1746712320, 0, 0, 74, 74, 1, 5.53%, 0, 0, 2, 27.63
1746712325, 0, 0, 78, 78, 1, 5.53%, 0, 0, 2, 27.05
1746712330, 0, 0, 83, 83, 1, 5.53%, 0, 0, 2, 28.07
1746712336, 0, 0, 89, 89, 1, 5.59%, 0, 0, 2, 26.53
1746712341, 0, 0, 95, 95, 1, 5.59%, 0, 0, 2, 25.39
1746712346, 0, 0, 100, 100, 1, 5.59%, 0, 0, 2, 27.06
1746712351, 0, 0, 102, 102, 1, 5.60%, 0, 0, 2, 29.70
1746712356, 0, 0, 106, 106, 1, 5.60%, 0, 0, 2, 28.94
1746712361, 0, 0, 109, 109, 1, 5.60%, 0, 0, 2, 27.74
1746712366, 0, 0, 114, 114, 1, 5.60%, 0, 0, 2, 27.11
1746712371, 0, 0, 118, 118, 1, 5.61%, 0, 0, 2, 25.13
1746712376, 0, 0, 123, 123, 1, 5.61%, 0, 0, 2, 27.29
1746712381, 0, 0, 127, 127, 1, 5.62%, 0, 0, 2, 28.09
1746712386, 0, 0, 132, 132, 1, 5.62%, 0, 0, 2, 28.01
1746712391, 0, 0, 135, 135, 1, 5.62%, 0, 0, 2, 29.18
1746712396, 0, 0, 138, 138, 1, 5.62%, 0, 0, 2, 27.23
1746712401, 0, 0, 140, 140, 1, 5.62%, 0, 0, 2, 29.29
1746712406, 0, 0, 142, 142, 1, 5.62%, 0, 0, 2, 29.33
1746712411, 0, 0, 143, 143, 1, 5.62%, 0, 0, 2, 28.70
1746712416, 0, 0, 147, 147, 1, 5.62%, 0, 0, 2, 27.69
1746712421, 0, 0, 149, 149, 1, 5.62%, 0, 0, 2, 28.74
1746712427, 0, 0, 153, 153, 1, 5.62%, 0, 0, 2, 26.71
1746712432, 0, 0, 154, 154, 1, 5.62%, 0, 0, 2, 29.66
1746712437, 0, 0, 157, 157, 1, 5.62%, 0, 0, 2, 29.09
1746712442, 0, 0, 158, 158, 1, 5.62%, 0, 0, 2, 30.58
1746712447, 0, 0, 159, 159, 1, 5.62%, 0, 0, 2, 30.76
1746712452, 0, 0, 162, 162, 1, 5.65%, 0, 0, 2, 27.81
1746712462, 0, 0, 164, 164, 1, 5.65%, 0, 0, 2, 27.44
1746712472, 0, 0, 165, 165, 1, 5.65%, 0, 0, 2, 27.37
1746712478, 0, 0, 168, 168, 1, 5.65%, 0, 0, 2, 25.23
1746712483, 0, 0, 171, 171, 1, 5.65%, 0, 0, 2, 26.96
1746712488, 0, 0, 172, 172, 1, 5.65%, 0, 0, 2, 27.60
1746712493, 0, 0, 173, 173, 1, 5.65%, 0, 0, 2, 28.25
1746712498, 0, 0, 175, 175, 1, 5.65%, 0, 0, 2, 26.79
1746712508, 0, 0, 176, 176, 1, 5.65%, 0, 0, 2, 27.51
1746712513, 0, 0, 179, 179, 1, 5.65%, 0, 0, 2, 25.14
1746712519, 0, 0, 181, 181, 1, 5.65%, 0, 0, 2, 25.94
1746712524, 0, 0, 183, 183, 1, 5.65%, 0, 0, 2, 25.55
1746712529, 0, 0, 186, 186, 1, 5.65%, 0, 0, 2, 24.69
1746712534, 0, 0, 189, 189, 1, 5.65%, 0, 0, 2, 25.70
1746712539, 0, 0, 191, 191, 1, 5.65%, 0, 0, 2, 27.09
1746712549, 0, 0, 192, 192, 1, 5.65%, 0, 0, 2, 27.50
1746712555, 0, 0, 194, 194, 1, 5.65%, 0, 0, 2, 27.28
1746712560, 0, 0, 198, 198, 1, 5.65%, 0, 0, 2, 26.00
1746712565, 0, 1, 198, 197, 10, 5.65%, 0, 0, 2, 27.39
1746712570, 0, 1, 199, 198, 10, 5.65%, 0, 0, 3, 27.07
1746712575, 0, 1, 201, 200, 10, 5.65%, 0, 0, 3, 24.34
1746712585, 0, 1, 203, 202, 10, 5.65%, 0, 0, 3, 26.41
1746712590, 0, 1, 205, 204, 10, 5.65%, 0, 0, 3, 25.82
1746712595, 0, 1, 207, 206, 10, 5.67%, 0, 0, 3, 24.59
1746712606, 0, 1, 209, 208, 10, 5.67%, 0, 0, 3, 26.64
1746712611, 0, 1, 210, 209, 10, 5.67%, 0, 0, 3, 27.08
1746712616, 0, 1, 211, 210, 10, 5.67%, 0, 0, 3, 27.53
1746712621, 0, 1, 212, 211, 10, 5.67%, 0, 0, 3, 27.85
1746712626, 0, 1, 213, 212, 10, 5.67%, 0, 0, 3, 26.65
1746712631, 0, 1, 215, 214, 10, 5.67%, 0, 0, 3, 25.86
1746712647, 0, 1, 216, 215, 10, 5.67%, 0, 0, 3, 27.77
1746712652, 0, 1, 217, 216, 10, 5.67%, 0, 0, 3, 26.61
1746712672, 0, 1, 218, 217, 10, 5.67%, 0, 0, 3, 27.61
1746712677, 0, 1, 219, 218, 10, 5.67%, 0, 0, 3, 26.85
1746712692, 0, 1, 220, 219, 10, 5.67%, 0, 0, 3, 28.01
1746712703, 0, 1, 221, 220, 10, 5.67%, 0, 0, 3, 27.74
1746712713, 0, 1, 224, 223, 10, 5.67%, 0, 0, 3, 24.16
1746712723, 0, 1, 226, 225, 10, 5.67%, 0, 0, 3, 27.13
1746712728, 0, 1, 229, 228, 10, 5.67%, 0, 0, 3, 25.91
1746712733, 0, 1, 230, 229, 10, 5.67%, 0, 0, 3, 27.99
1746712738, 0, 1, 231, 230, 10, 5.67%, 0, 0, 3, 27.79
1746712759, 0, 1, 232, 231, 10, 5.67%, 0, 0, 3, 27.22
1746712769, 0, 1, 233, 232, 10, 5.67%, 0, 0, 3, 27.09
1746712779, 0, 1, 234, 233, 10, 5.67%, 0, 0, 3, 27.00
1746712784, 0, 1, 236, 235, 10, 5.67%, 0, 0, 3, 26.83
1746712789, 0, 1, 237, 236, 10, 5.67%, 0, 0, 3, 27.50
1746712794, 0, 1, 238, 237, 10, 5.67%, 0, 0, 3, 27.67
1746712805, 0, 1, 241, 240, 10, 5.67%, 0, 0, 3, 25.44
1746712815, 0, 1, 242, 241, 10, 5.67%, 0, 0, 3, 27.29
1746712820, 0, 13, 242, 240, 8, 5.67%, 0, 0, 3, 26.24
1746712896, 0, 13, 243, 241, 8, 5.67%, 0, 0, 3, 26.82
1746712907, 0, 13, 244, 242, 8, 5.67%, 0, 0, 3, 26.58
1746712917, 0, 13, 245, 243, 8, 5.67%, 0, 0, 3, 26.22
1746712927, 0, 13, 246, 244, 8, 5.67%, 0, 0, 3, 25.09
1746712932, 0, 13, 248, 246, 8, 5.67%, 0, 0, 3, 23.68
1746712942, 0, 13, 251, 249, 8, 5.67%, 0, 0, 3, 23.63
1746712953, 0, 13, 252, 250, 8, 5.67%, 0, 0, 3, 25.00
1746712958, 0, 13, 253, 251, 8, 5.67%, 0, 0, 3, 23.01
1746712963, 0, 13, 254, 252, 8, 5.67%, 0, 0, 3, 24.77
1746712973, 0, 13, 256, 254, 8, 5.67%, 0, 0, 3, 24.33
1746712984, 0, 13, 257, 255, 8, 5.67%, 0, 0, 3, 24.88
1746713004, 0, 13, 258, 256, 8, 5.67%, 0, 0, 3, 23.86
1746713014, 0, 13, 259, 257, 8, 5.67%, 0, 0, 3, 24.03
1746713024, 0, 13, 260, 258, 8, 5.67%, 0, 0, 3, 22.94
1746713035, 0, 13, 263, 261, 8, 5.68%, 0, 0, 3, 22.30
1746713040, 0, 13, 264, 262, 8, 5.68%, 0, 0, 3, 23.91
1746713045, 0, 13, 265, 263, 8, 5.68%, 0, 0, 3, 24.38
1746713050, 0, 13, 266, 264, 8, 5.68%, 0, 0, 3, 24.23
1746713055, 0, 13, 267, 265, 8, 5.68%, 0, 0, 3, 23.93
1746713060, 0, 13, 268, 266, 8, 5.68%, 0, 0, 3, 24.17
1746713076, 0, 13, 270, 268, 8, 5.68%, 0, 0, 3, 23.89
1746713101, 0, 13, 271, 269, 8, 5.68%, 0, 0, 3, 24.38
1746713106, 0, 13, 272, 270, 8, 5.68%, 0, 0, 3, 24.02
1746713112, 0, 13, 273, 271, 8, 5.68%, 0, 0, 3, 23.17
1746713117, 0, 13, 275, 273, 8, 5.69%, 0, 0, 3, 22.71
1746713142, 0, 13, 276, 274, 8, 5.69%, 0, 0, 3, 24.26
1746713148, 0, 13, 278, 276, 8, 5.69%, 0, 0, 3, 22.20
1746713158, 0, 13, 279, 277, 8, 5.69%, 0, 0, 3, 23.22
1746713163, 0, 13, 281, 279, 8, 5.69%, 0, 0, 3, 23.23
1746713168, 0, 13, 282, 280, 8, 5.69%, 0, 0, 3, 23.17
1746713173, 0, 26, 282, 279, 10, 5.69%, 0, 0, 3, 23.26
1746713610, 0, 26, 283, 280, 10, 5.69%, 0, 0, 3, 15.97
1746713927, 0, 26, 284, 281, 10, 5.69%, 0, 0, 3, 15.85
1746714040, 0, 26, 286, 283, 10, 5.69%, 0, 0, 3, 15.74
1746714046, 0, 26, 290, 287, 10, 5.69%, 0, 0, 3, 15.62
1746714051, 0, 26, 294, 291, 10, 5.69%, 0, 0, 3, 16.70
1746714056, 0, 26, 298, 295, 10, 5.69%, 0, 0, 3, 16.46
1746714061, 0, 26, 300, 297, 10, 5.69%, 0, 0, 3, 17.24
1746714066, 0, 26, 304, 301, 10, 5.69%, 0, 0, 3, 16.94
1746714071, 0, 26, 308, 305, 10, 5.69%, 0, 0, 3, 15.55
1746714076, 0, 26, 311, 308, 10, 5.69%, 0, 0, 3, 17.04
1746714087, 0, 26, 315, 312, 10, 5.69%, 0, 0, 3, 17.10
1746714092, 0, 26, 319, 316, 10, 5.69%, 0, 0, 3, 14.45
1746714097, 0, 26, 321, 318, 10, 5.69%, 0, 0, 3, 15.70
1746714102, 0, 26, 322, 319, 10, 5.69%, 0, 0, 3, 17.81
1746714107, 0, 26, 324, 321, 10, 5.69%, 0, 0, 3, 16.65
1746714112, 0, 26, 326, 323, 10, 5.69%, 0, 0, 3, 17.29
1746714122, 0, 26, 328, 325, 10, 5.69%, 0, 0, 3, 18.52
1746714133, 0, 26, 331, 328, 10, 5.69%, 0, 0, 3, 15.72
1746714138, 0, 26, 332, 329, 10, 5.69%, 0, 0, 3, 17.42
1746714143, 0, 26, 334, 331, 10, 5.69%, 0, 0, 3, 17.30
1746714148, 0, 26, 337, 334, 10, 5.70%, 0, 0, 3, 17.09
1746714153, 0, 26, 339, 336, 10, 5.70%, 0, 0, 3, 17.27
1746714158, 0, 26, 340, 337, 10, 5.70%, 0, 0, 3, 17.85
1746714164, 0, 26, 341, 338, 10, 5.70%, 0, 0, 3, 18.72
1746714174, 0, 26, 342, 339, 10, 5.70%, 0, 0, 3, 17.52
1746714179, 0, 26, 343, 340, 10, 5.70%, 0, 0, 3, 17.84
1746714184, 0, 26, 345, 342, 10, 5.70%, 0, 0, 3, 17.74
1746714189, 0, 26, 347, 344, 10, 5.70%, 0, 0, 3, 17.58
1746714199, 0, 26, 350, 347, 10, 5.70%, 0, 0, 3, 16.78
1746714204, 0, 26, 352, 349, 10, 5.70%, 0, 0, 3, 15.93
1746714210, 0, 26, 353, 350, 10, 5.70%, 0, 0, 3, 17.44
1746714215, 0, 26, 354, 351, 10, 5.79%, 0, 0, 3, 17.11
1746714220, 0, 26, 355, 352, 10, 5.79%, 0, 0, 3, 17.43
1746714235, 0, 26, 356, 353, 10, 5.79%, 0, 0, 3, 17.49
1746714240, 0, 26, 357, 354, 10, 5.79%, 0, 0, 3, 17.66
1746714245, 0, 26, 358, 355, 10, 5.79%, 0, 0, 3, 17.77
1746714250, 0, 26, 361, 358, 10, 5.79%, 0, 0, 3, 17.62
1746714256, 0, 26, 362, 359, 10, 5.79%, 0, 0, 3, 18.73
1746714261, 0, 26, 364, 361, 10, 5.80%, 0, 0, 3, 17.12
1746714271, 0, 26, 365, 362, 10, 5.80%, 0, 0, 3, 18.69
1746714276, 0, 26, 367, 364, 10, 5.80%, 0, 0, 3, 17.51
1746714281, 0, 26, 368, 365, 10, 5.80%, 0, 0, 3, 17.49
1746714286, 0, 26, 369, 366, 10, 5.80%, 0, 0, 3, 17.97
1746714291, 0, 26, 371, 368, 10, 5.80%, 0, 0, 3, 16.93
1746714296, 0, 26, 372, 369, 10, 5.80%, 0, 0, 3, 17.90
1746714302, 0, 26, 373, 370, 10, 5.80%, 0, 0, 3, 18.43
1746714307, 0, 26, 374, 371, 10, 5.80%, 0, 0, 3, 17.98
1746714317, 0, 26, 375, 372, 10, 5.80%, 0, 0, 3, 16.89
1746714322, 0, 26, 376, 373, 10, 5.80%, 0, 0, 3, 17.53
1746714327, 0, 26, 377, 374, 10, 5.80%, 0, 0, 3, 17.84
1746714333, 0, 26, 378, 375, 10, 5.80%, 0, 0, 3, 17.96
1746714338, 0, 26, 380, 377, 10, 5.80%, 0, 0, 3, 16.35
1746714343, 0, 26, 381, 378, 10, 6.32%, 0, 0, 3, 16.98
1746714348, 0, 26, 382, 379, 10, 6.32%, 0, 0, 3, 17.42
1746714353, 0, 26, 383, 380, 10, 6.32%, 0, 0, 3, 17.71
1746714363, 0, 26, 384, 381, 10, 6.32%, 0, 0, 3, 18.07
1746714379, 0, 26, 385, 382, 10, 6.32%, 0, 0, 3, 17.08
1746714384, 0, 26, 387, 384, 10, 6.32%, 0, 0, 3, 17.33
1746714389, 0, 26, 388, 385, 10, 6.32%, 0, 0, 3, 17.52
1746714394, 0, 26, 389, 386, 10, 6.32%, 0, 0, 3, 18.02
1746714399, 0, 26, 391, 388, 10, 6.32%, 0, 0, 3, 17.74
1746714404, 0, 26, 392, 389, 10, 6.32%, 0, 0, 3, 18.00
1746714414, 0, 26, 393, 390, 10, 6.32%, 0, 0, 3, 17.86
1746714425, 0, 26, 394, 391, 10, 6.32%, 0, 0, 3, 18.27
1746714430, 0, 26, 395, 392, 10, 6.32%, 0, 0, 3, 17.69
1746714435, 0, 26, 397, 394, 10, 6.32%, 0, 0, 3, 17.55
1746714460, 0, 26, 398, 395, 10, 6.32%, 0, 0, 3, 18.08
1746714465, 0, 47, 398, 394, 11, 6.32%, 0, 0, 3, 19.07
1746714824, 0, 47, 399, 395, 11, 6.32%, 0, 0, 3, 20.94
1746714829, 0, 47, 400, 396, 11, 6.32%, 0, 0, 3, 21.46
1746714844, 0, 47, 401, 397, 11, 6.32%, 0, 0, 3, 21.44
1746714849, 0, 47, 402, 398, 11, 6.32%, 0, 0, 3, 19.86
1746714859, 0, 47, 403, 399, 11, 6.32%, 0, 0, 3, 21.11
1746714895, 0, 47, 404, 400, 11, 6.32%, 0, 0, 3, 21.74
1746714921, 0, 47, 405, 401, 11, 6.32%, 0, 0, 3, 21.05
1746714982, 0, 47, 406, 402, 11, 6.32%, 0, 0, 3, 21.04
1746715008, 0, 47, 407, 403, 11, 6.32%, 0, 0, 3, 20.89
1746715059, 0, 47, 408, 404, 11, 6.32%, 0, 0, 3, 20.34
1746715085, 0, 47, 409, 405, 11, 6.32%, 0, 0, 3, 20.99
1746715100, 0, 47, 410, 406, 11, 6.32%, 0, 0, 3, 21.31
1746715121, 0, 91, 410, 405, 12, 6.32%, 0, 0, 3, 19.13
1746715852, 0, 91, 411, 406, 12, 6.32%, 0, 0, 3, 17.53
1746715867, 0, 91, 412, 407, 12, 6.32%, 0, 0, 3, 18.57
1746715872, 0, 91, 413, 408, 12, 6.32%, 0, 0, 3, 18.24
1746715877, 0, 91, 415, 410, 12, 6.33%, 0, 0, 3, 15.69
1746715883, 0, 91, 416, 411, 12, 6.33%, 0, 0, 3, 17.97
1746715898, 0, 91, 418, 413, 12, 6.35%, 0, 0, 3, 17.30
1746715913, 0, 91, 420, 415, 12, 6.35%, 0, 0, 3, 17.78
1746715924, 0, 91, 422, 417, 12, 6.35%, 0, 0, 3, 18.48
1746715949, 0, 91, 424, 419, 12, 6.35%, 0, 0, 3, 17.82
1746715954, 0, 91, 425, 420, 12, 6.35%, 0, 0, 3, 17.82
1746715965, 0, 91, 426, 421, 12, 6.35%, 0, 0, 3, 16.72
1746715975, 0, 91, 427, 422, 12, 6.35%, 0, 0, 3, 17.79
1746716010, 0, 91, 428, 423, 12, 6.35%, 0, 0, 3, 18.72
1746716016, 0, 91, 429, 424, 12, 6.35%, 0, 0, 3, 18.24
1746716021, 0, 91, 431, 426, 12, 6.35%, 0, 0, 3, 16.94
1746716036, 0, 91, 432, 427, 12, 6.35%, 0, 0, 3, 19.00
1746716051, 0, 91, 433, 428, 12, 6.35%, 0, 0, 3, 17.83
1746716057, 0, 91, 435, 430, 12, 6.35%, 0, 0, 3, 17.45
1746716067, 0, 91, 436, 431, 12, 6.35%, 0, 0, 3, 18.23
1746716072, 0, 91, 438, 433, 12, 6.35%, 0, 0, 3, 17.49
1746716077, 0, 91, 439, 434, 12, 6.35%, 0, 0, 3, 18.32
1746716097, 0, 91, 440, 435, 12, 6.35%, 0, 0, 3, 17.70
1746716107, 0, 91, 441, 436, 12, 6.35%, 0, 0, 3, 18.61
1746716133, 0, 91, 442, 437, 12, 6.35%, 0, 0, 3, 18.17
1746716143, 0, 91, 443, 438, 12, 6.35%, 0, 0, 3, 18.60
1746716158, 0, 91, 444, 439, 12, 6.35%, 0, 0, 3, 17.40
1746716174, 0, 91, 445, 440, 12, 6.35%, 0, 0, 3, 18.28
1746716184, 0, 91, 446, 441, 12, 6.35%, 0, 0, 3, 16.88
1746716189, 0, 91, 448, 443, 12, 6.35%, 0, 0, 3, 15.57
1746716215, 0, 91, 449, 444, 12, 6.36%, 0, 0, 3, 17.00
1746716220, 0, 97, 449, 443, 11, 6.36%, 0, 0, 3, 19.89
1746716458, 0, 112, 449, 442, 11, 6.36%, 0, 0, 3, 18.61
1746717206, 0, 112, 450, 443, 11, 6.36%, 0, 0, 3, 17.55
1746717211, 0, 112, 451, 444, 11, 6.36%, 0, 0, 3, 17.65
1746717216, 0, 112, 452, 445, 11, 6.43%, 0, 0, 3, 17.40
1746717236, 0, 112, 453, 446, 11, 6.43%, 0, 0, 3, 18.22
1746717252, 0, 112, 454, 447, 11, 6.43%, 0, 0, 3, 16.52
1746717272, 0, 112, 455, 448, 11, 6.43%, 0, 0, 3, 17.35
1746717277, 0, 112, 456, 449, 11, 6.43%, 0, 0, 3, 17.90
1746717318, 0, 112, 457, 450, 11, 6.43%, 0, 0, 3, 16.68
1746717369, 0, 112, 458, 451, 11, 6.43%, 0, 0, 3, 16.34
1746717379, 0, 112, 459, 452, 11, 6.43%, 0, 0, 3, 17.67
1746717390, 0, 112, 460, 453, 11, 6.43%, 0, 0, 3, 17.51
1746717400, 0, 112, 461, 454, 11, 6.43%, 0, 0, 3, 16.90
1746717410, 0, 112, 462, 455, 11, 6.43%, 0, 0, 3, 17.58
1746717436, 0, 112, 463, 456, 11, 6.43%, 0, 0, 3, 16.81
1746717476, 0, 112, 464, 457, 11, 6.43%, 0, 0, 3, 16.94
1746717481, 0, 112, 465, 458, 11, 6.43%, 0, 0, 3, 17.55
1746717492, 0, 112, 466, 459, 11, 6.43%, 0, 0, 3, 17.44
1746717548, 0, 112, 467, 460, 11, 6.43%, 0, 0, 3, 17.87
1746717573, 0, 137, 467, 459, 9, 6.43%, 0, 0, 3, 16.88
1746718333, 0, 154, 467, 458, 8, 6.43%, 0, 0, 3, 17.45
1746719404, 0, 154, 468, 459, 8, 6.43%, 0, 0, 3, 15.77
1746719414, 0, 154, 469, 460, 8, 6.43%, 0, 0, 3, 15.50
1746719429, 0, 154, 470, 461, 8, 6.43%, 0, 0, 3, 16.26
1746719496, 0, 161, 470, 460, 8, 6.43%, 0, 0, 3, 18.03
1746720451, 0, 161, 472, 462, 8, 6.43%, 0, 0, 3, 16.28
1746720461, 0, 161, 473, 463, 8, 6.43%, 0, 0, 3, 17.64
1746720477, 0, 161, 474, 464, 8, 6.43%, 0, 0, 3, 16.43
1746720482, 0, 161, 475, 465, 8, 6.43%, 0, 0, 3, 17.03
1746720487, 0, 161, 476, 466, 8, 6.43%, 0, 0, 3, 16.67
1746720533, 0, 161, 477, 467, 8, 6.43%, 0, 0, 3, 16.82
1746720538, 0, 161, 478, 468, 8, 6.43%, 0, 0, 3, 17.24
1746720554, 0, 161, 479, 469, 8, 6.43%, 0, 0, 3, 17.60
1746720559, 0, 161, 480, 470, 8, 6.43%, 0, 0, 3, 17.44
1746720564, 0, 161, 481, 471, 8, 6.43%, 0, 0, 3, 13.91
1746720595, 0, 161, 482, 472, 8, 6.43%, 0, 0, 3, 9.02
1746720662, 0, 161, 483, 473, 8, 6.43%, 0, 0, 3, 9.14
1746720774, 0, 161, 484, 474, 8, 6.43%, 0, 0, 3, 8.28
1746720826, 0, 161, 485, 475, 8, 6.43%, 0, 0, 3, 9.13
1746720872, 0, 161, 486, 476, 8, 6.43%, 0, 0, 3, 8.55
1746720903, 0, 161, 487, 477, 8, 6.43%, 0, 0, 3, 9.50
1746720913, 0, 161, 488, 478, 8, 6.43%, 0, 0, 3, 8.80
1746720934, 0, 161, 489, 479, 8, 6.43%, 0, 0, 3, 8.63
1746721041, 0, 178, 489, 478, 7, 6.43%, 0, 0, 3, 9.80
1746721913, 0, 353, 489, 477, 7, 6.43%, 0, 0, 3, 8.88
1746722651, 0, 353, 490, 478, 7, 6.43%, 0, 0, 4, 10.11
1746722831, 0, 353, 491, 479, 7, 6.43%, 0, 0, 4, 10.08
1746723313, 0, 353, 492, 480, 7, 6.43%, 0, 0, 4, 10.22
1746724517, 0, 353, 493, 481, 7, 6.43%, 0, 0, 4, 10.11
1746724527, 0, 353, 494, 482, 7, 6.43%, 0, 0, 4, 10.11
1746724897, 0, 353, 495, 483, 7, 6.43%, 0, 0, 4, 10.10
1746724985, 0, 353, 496, 484, 7, 6.43%, 0, 0, 4, 10.12
1746725001, 0, 353, 497, 485, 7, 6.43%, 0, 0, 4, 10.14
1746725252, 0, 353, 498, 486, 7, 6.43%, 0, 0, 4, 10.20
1746725479, 0, 353, 499, 487, 7, 6.43%, 0, 0, 4, 10.49
1746725484, 0, 353, 502, 490, 7, 6.43%, 0, 0, 4, 11.10
1746725489, 0, 353, 504, 492, 7, 6.43%, 0, 0, 4, 10.60
1746725494, 0, 353, 507, 495, 7, 6.43%, 0, 0, 4, 10.33
1746725499, 0, 353, 509, 497, 7, 6.43%, 0, 0, 4, 10.24
1746725504, 0, 353, 512, 500, 7, 6.43%, 0, 0, 4, 11.05
1746725509, 0, 353, 514, 502, 7, 6.43%, 0, 0, 4, 11.47
1746725514, 0, 353, 517, 505, 7, 6.43%, 0, 0, 4, 10.83
1746725520, 0, 353, 519, 507, 7, 6.43%, 0, 0, 4, 10.87
1746725525, 0, 353, 521, 509, 7, 6.43%, 0, 0, 4, 10.69
1746725530, 0, 353, 523, 511, 7, 6.43%, 0, 0, 4, 10.40
1746725535, 0, 353, 525, 513, 7, 6.43%, 0, 0, 4, 10.46
1746725540, 0, 353, 527, 515, 7, 6.43%, 0, 0, 4, 10.74
1746725545, 0, 353, 529, 517, 7, 6.43%, 0, 0, 4, 10.88
1746725556, 0, 353, 531, 519, 7, 6.43%, 0, 0, 4, 10.90
1746725566, 0, 353, 532, 520, 7, 6.43%, 0, 0, 4, 11.02
1746725571, 0, 353, 534, 522, 7, 6.44%, 0, 0, 4, 9.96
1746725576, 0, 353, 536, 524, 7, 6.44%, 0, 0, 4, 10.19
1746725581, 0, 353, 538, 526, 7, 6.44%, 0, 0, 4, 10.37
1746725586, 0, 353, 539, 527, 7, 6.44%, 0, 0, 4, 11.55
1746725592, 0, 353, 540, 528, 7, 6.44%, 0, 0, 4, 11.25
1746725597, 0, 353, 542, 530, 7, 6.44%, 0, 0, 4, 11.12
1746725602, 0, 353, 544, 532, 7, 6.44%, 0, 0, 4, 10.45
1746725607, 0, 353, 546, 534, 7, 6.44%, 0, 0, 4, 10.14
1746725612, 0, 353, 547, 535, 7, 6.44%, 0, 0, 4, 10.19
1746725622, 0, 353, 548, 536, 7, 6.44%, 0, 0, 4, 11.17
1746725627, 0, 353, 551, 539, 7, 6.44%, 0, 0, 4, 10.02
1746725637, 0, 353, 553, 541, 7, 6.44%, 0, 0, 4, 10.47
1746725648, 0, 353, 555, 543, 7, 6.44%, 0, 0, 4, 11.02
1746725658, 0, 353, 556, 544, 7, 6.44%, 0, 0, 4, 10.98
1746725663, 0, 353, 558, 546, 7, 6.44%, 0, 0, 4, 10.94
1746725673, 0, 353, 559, 547, 7, 6.44%, 0, 0, 4, 10.97
1746725684, 0, 353, 560, 548, 7, 6.44%, 0, 0, 4, 10.55
1746725689, 0, 353, 561, 549, 7, 6.44%, 0, 0, 4, 10.65
1746725694, 0, 353, 562, 550, 7, 6.44%, 0, 0, 4, 10.89
1746725699, 0, 353, 563, 551, 7, 6.44%, 0, 0, 4, 11.39
1746725704, 0, 353, 564, 552, 7, 6.44%, 0, 0, 4, 11.07
1746725709, 0, 353, 566, 554, 7, 6.44%, 0, 0, 4, 10.77
1746725714, 0, 353, 567, 555, 7, 6.44%, 0, 0, 4, 10.91
1746725719, 0, 353, 569, 557, 7, 6.44%, 0, 0, 4, 10.32
1746725725, 0, 353, 570, 558, 7, 6.44%, 0, 0, 4, 10.53
1746725735, 0, 353, 571, 559, 7, 6.44%, 0, 0, 4, 11.72
1746725740, 0, 353, 572, 560, 7, 6.44%, 0, 0, 4, 12.06
1746725750, 0, 353, 573, 561, 7, 6.44%, 0, 0, 4, 11.92
1746725755, 0, 353, 574, 562, 7, 6.44%, 0, 0, 4, 10.97
1746725760, 0, 353, 576, 564, 7, 6.44%, 0, 0, 4, 10.52
1746725766, 0, 353, 578, 566, 7, 6.44%, 0, 0, 4, 10.43
1746725776, 0, 353, 579, 567, 7, 6.44%, 0, 0, 4, 11.14
1746725796, 0, 353, 580, 568, 7, 6.44%, 0, 0, 4, 10.82
1746725827, 0, 353, 581, 569, 7, 6.44%, 0, 0, 4, 10.74
1746725837, 0, 353, 582, 570, 7, 6.44%, 0, 0, 4, 10.92
1746725848, 0, 353, 583, 571, 7, 6.44%, 0, 0, 4, 10.96
1746725858, 0, 353, 584, 572, 7, 6.44%, 0, 0, 4, 11.32
1746725863, 0, 353, 585, 573, 7, 6.44%, 0, 0, 4, 11.13
1746725868, 0, 353, 586, 574, 7, 6.44%, 0, 0, 4, 11.43
1746725873, 0, 353, 587, 575, 7, 6.44%, 0, 0, 4, 11.47
1746725878, 0, 353, 588, 576, 7, 6.44%, 0, 0, 4, 10.74
1746725883, 0, 353, 589, 577, 7, 6.44%, 0, 0, 4, 11.04
1746725893, 0, 353, 590, 578, 7, 6.44%, 0, 0, 4, 11.94
1746725904, 0, 353, 591, 579, 7, 6.44%, 0, 0, 4, 10.84
1746725919, 0, 353, 592, 580, 7, 6.44%, 0, 0, 4, 11.14
1746725924, 0, 353, 593, 581, 7, 6.44%, 0, 0, 4, 10.52
1746725930, 0, 353, 594, 582, 7, 6.44%, 0, 0, 4, 11.20
1746725945, 0, 353, 595, 583, 7, 6.44%, 0, 0, 4, 11.38
1746725965, 0, 353, 597, 585, 7, 6.44%, 0, 0, 4, 10.82
1746725981, 0, 353, 598, 586, 7, 6.44%, 0, 0, 4, 11.80
1746725991, 0, 363, 598, 585, 11, 6.44%, 0, 0, 4, 12.25
1746727955, 0, 400, 598, 584, 10, 6.44%, 0, 0, 4, 16.05
1746728643, 0, 417, 598, 583, 9, 6.44%, 0, 0, 4, 11.73
1746728674, 0, 417, 599, 584, 9, 6.44%, 0, 0, 4, 8.81
1746728679, 0, 417, 601, 586, 9, 6.45%, 0, 0, 4, 8.84
1746728684, 0, 417, 602, 587, 9, 6.45%, 0, 0, 4, 9.00
1746728689, 0, 417, 603, 588, 9, 6.45%, 0, 0, 4, 8.97
1746728740, 0, 417, 604, 589, 9, 6.45%, 0, 0, 4, 9.01
1746728776, 0, 417, 606, 591, 9, 6.45%, 0, 0, 4, 8.94
1746728822, 0, 417, 607, 592, 9, 6.45%, 0, 0, 4, 8.93
1746728827, 0, 417, 608, 593, 9, 6.45%, 0, 0, 4, 9.00
1746728868, 0, 417, 609, 594, 9, 6.45%, 0, 0, 4, 9.01
1746728873, 0, 417, 610, 595, 9, 6.45%, 0, 0, 4, 9.05
1746729238, 0, 417, 612, 597, 9, 6.45%, 0, 0, 4, 8.96
1746729248, 0, 417, 613, 598, 9, 6.45%, 0, 0, 4, 8.96
1746729258, 0, 417, 614, 599, 9, 6.45%, 0, 0, 4, 8.83
1746729268, 0, 417, 615, 600, 9, 6.45%, 0, 0, 4, 9.05
1746730115, 0, 417, 616, 601, 9, 6.45%, 0, 0, 4, 8.88
1746731231, 0, 417, 617, 602, 9, 6.45%, 0, 0, 4, 11.01
1746731236, 0, 417, 618, 603, 9, 6.45%, 0, 0, 4, 11.08
1746731252, 0, 417, 619, 604, 9, 6.45%, 0, 0, 4, 11.23
1746731354, 0, 417, 620, 605, 9, 6.45%, 0, 0, 4, 11.07
1746731826, 0, 417, 621, 606, 9, 6.45%, 0, 0, 4, 11.07
1746731846, 0, 417, 622, 607, 9, 6.45%, 0, 0, 4, 11.03
1746731862, 0, 417, 623, 608, 9, 6.45%, 0, 0, 4, 11.08
1746732236, 0, 417, 624, 609, 9, 6.52%, 0, 0, 4, 10.67
1746732241, 0, 417, 626, 611, 9, 6.52%, 0, 0, 4, 11.48
1746732246, 0, 417, 627, 612, 9, 6.52%, 0, 0, 4, 12.38
1746732251, 0, 417, 632, 617, 9, 6.53%, 0, 0, 4, 11.15
1746732257, 0, 417, 636, 621, 9, 6.53%, 0, 0, 4, 11.84
1746732262, 0, 417, 637, 622, 9, 6.53%, 0, 0, 4, 12.60
1746732267, 0, 417, 640, 625, 9, 6.53%, 0, 0, 4, 12.22
1746732272, 0, 417, 643, 628, 9, 6.53%, 0, 0, 4, 12.79
1746732277, 0, 417, 646, 631, 9, 6.53%, 0, 0, 4, 11.98
1746732282, 0, 417, 647, 632, 9, 6.53%, 0, 0, 4, 11.92
1746732288, 0, 417, 649, 634, 9, 6.53%, 0, 0, 4, 12.39
1746732293, 0, 417, 651, 636, 9, 6.53%, 0, 0, 4, 12.62
1746732298, 0, 417, 653, 638, 9, 6.53%, 0, 0, 4, 11.79
1746732303, 0, 417, 654, 639, 9, 6.53%, 0, 0, 4, 12.66
1746732318, 0, 417, 655, 640, 9, 6.53%, 0, 0, 4, 12.61
1746732323, 0, 417, 656, 641, 9, 6.68%, 0, 0, 4, 12.09
1746732328, 0, 417, 658, 643, 9, 6.69%, 0, 0, 4, 11.46
1746732333, 0, 417, 659, 644, 9, 6.69%, 0, 0, 4, 12.69
1746732339, 0, 417, 660, 645, 9, 6.69%, 0, 0, 4, 12.82
1746732349, 0, 417, 661, 646, 9, 6.69%, 0, 0, 4, 12.55
1746732359, 0, 417, 663, 648, 9, 6.69%, 0, 0, 4, 12.86
1746732364, 0, 417, 664, 649, 9, 6.69%, 0, 0, 4, 12.46
1746732370, 0, 417, 665, 650, 9, 6.69%, 0, 0, 4, 12.45
1746732375, 0, 417, 667, 652, 9, 6.69%, 0, 0, 4, 12.45
1746732380, 0, 417, 668, 653, 9, 6.69%, 0, 0, 4, 12.95
1746732385, 0, 417, 669, 654, 9, 6.69%, 0, 0, 4, 12.42
1746732400, 0, 417, 670, 655, 9, 6.69%, 0, 0, 4, 12.57
1746732405, 0, 417, 671, 656, 9, 6.69%, 0, 0, 4, 11.92
1746732410, 0, 417, 672, 657, 9, 6.70%, 0, 0, 4, 11.65
1746732421, 0, 417, 673, 658, 9, 6.70%, 0, 0, 4, 13.76
1746732426, 0, 417, 674, 659, 9, 6.75%, 0, 0, 4, 12.73
1746732436, 0, 417, 675, 660, 9, 6.75%, 0, 0, 4, 12.54
1746732441, 0, 417, 676, 661, 9, 6.75%, 0, 0, 4, 12.99
1746732462, 0, 417, 678, 663, 9, 6.75%, 0, 0, 4, 11.73
1746732467, 0, 417, 679, 664, 9, 6.75%, 0, 0, 4, 11.98
1746732472, 0, 417, 681, 666, 9, 6.75%, 0, 0, 4, 12.27
1746732477, 0, 417, 683, 668, 9, 6.75%, 0, 0, 4, 11.70
1746732482, 0, 417, 684, 669, 9, 6.75%, 0, 0, 4, 12.00
1746732487, 0, 417, 685, 670, 9, 6.75%, 0, 0, 4, 11.89
1746732493, 0, 417, 686, 671, 9, 6.75%, 0, 0, 4, 12.58
1746732503, 0, 417, 687, 672, 9, 6.75%, 0, 0, 4, 11.54
1746732508, 0, 417, 688, 673, 9, 6.75%, 0, 0, 4, 11.90
1746732513, 0, 417, 692, 677, 9, 6.75%, 0, 0, 4, 11.31
1746732523, 0, 417, 694, 679, 9, 6.75%, 0, 0, 4, 12.25
1746732544, 0, 417, 695, 680, 9, 6.75%, 0, 0, 4, 12.71
1746732549, 0, 417, 696, 681, 9, 6.75%, 0, 0, 4, 12.50
1746732554, 0, 417, 697, 682, 9, 6.75%, 0, 0, 4, 12.40
1746732565, 0, 417, 698, 683, 9, 6.75%, 0, 0, 4, 12.32
1746732570, 0, 417, 699, 684, 9, 6.75%, 0, 0, 4, 11.67
1746732575, 0, 417, 700, 685, 9, 6.76%, 0, 0, 4, 10.93
1746732580, 0, 417, 701, 686, 9, 6.76%, 0, 0, 4, 11.38
1746732585, 0, 417, 702, 687, 9, 6.76%, 0, 0, 4, 11.53
1746732605, 0, 417, 703, 688, 9, 6.76%, 0, 0, 4, 11.18
1746732651, 0, 417, 704, 689, 9, 6.76%, 0, 0, 4, 11.00
1746732697, 0, 621, 704, 688, 12, 6.76%, 0, 0, 4, 11.07
1746736234, 0, 621, 705, 689, 12, 6.76%, 0, 0, 5, 9.83
1746736296, 0, 621, 706, 690, 12, 6.76%, 0, 0, 5, 9.91
1746736301, 0, 621, 707, 691, 12, 6.76%, 0, 0, 5, 10.64
1746736316, 0, 621, 708, 692, 12, 6.76%, 0, 0, 5, 10.96
1746736326, 0, 621, 709, 693, 12, 6.76%, 0, 0, 5, 11.41
1746736331, 0, 621, 710, 694, 12, 6.76%, 0, 0, 5, 11.45
1746736341, 0, 621, 711, 695, 12, 6.76%, 0, 0, 5, 11.11
1746736357, 0, 621, 712, 696, 12, 6.76%, 0, 0, 5, 11.54
1746736367, 0, 621, 713, 697, 12, 6.76%, 0, 0, 5, 11.22
1746736372, 0, 621, 714, 698, 12, 6.76%, 0, 0, 5, 10.64
1746736377, 0, 621, 715, 699, 12, 6.76%, 0, 0, 5, 9.82
1746736382, 0, 621, 716, 700, 12, 6.76%, 0, 0, 5, 10.78
1746736485, 0, 621, 717, 701, 12, 6.76%, 0, 0, 5, 10.93
1746736490, 0, 621, 718, 702, 12, 6.76%, 0, 0, 5, 10.84
1746736526, 0, 621, 719, 703, 12, 6.76%, 0, 0, 5, 11.08
1746736531, 0, 621, 720, 704, 12, 6.76%, 0, 0, 5, 11.44
1746736547, 0, 621, 721, 705, 12, 6.82%, 0, 0, 5, 10.54
1746736562, 0, 621, 723, 707, 12, 6.82%, 0, 0, 5, 10.92
1746736742, 0, 621, 724, 708, 12, 6.82%, 0, 0, 5, 9.83
1746736752, 0, 621, 725, 709, 12, 6.82%, 0, 0, 5, 10.12
1746736793, 0, 621, 726, 710, 12, 6.82%, 0, 0, 5, 10.56
1746736808, 0, 621, 727, 711, 12, 6.82%, 0, 0, 5, 10.49
1746736839, 0, 621, 728, 712, 12, 6.82%, 0, 0, 5, 9.67
1746736885, 0, 621, 729, 713, 12, 6.82%, 0, 0, 5, 9.98
1746736921, 0, 638, 729, 712, 12, 6.82%, 0, 0, 5, 9.02
1746741330, 0, 638, 731, 714, 12, 6.82%, 0, 0, 5, 10.36
1746741335, 0, 638, 732, 715, 12, 6.82%, 0, 0, 5, 10.20
1746741350, 0, 638, 733, 716, 12, 6.82%, 0, 0, 5, 10.10
1746741361, 0, 638, 734, 717, 12, 6.82%, 0, 0, 5, 10.85
1746741386, 0, 638, 735, 718, 12, 6.82%, 0, 0, 5, 10.09
1746741437, 0, 638, 736, 719, 12, 6.82%, 0, 0, 5, 10.08
1746741453, 0, 638, 737, 720, 12, 6.82%, 0, 0, 5, 10.66
1746741458, 0, 638, 738, 721, 12, 6.82%, 0, 0, 5, 10.64
1746741463, 0, 638, 739, 722, 12, 6.82%, 0, 0, 5, 11.18
1746741479, 0, 638, 740, 723, 12, 6.82%, 0, 0, 5, 10.42
1746741525, 0, 638, 741, 724, 12, 6.82%, 0, 0, 5, 10.77
1746741556, 0, 638, 742, 725, 12, 6.82%, 0, 0, 5, 9.76
1746741678, 0, 638, 743, 726, 12, 6.82%, 0, 0, 5, 10.42
1746741704, 0, 638, 744, 727, 12, 6.82%, 0, 0, 5, 10.00
1746741709, 0, 638, 745, 728, 12, 6.82%, 0, 0, 5, 9.81
1746741735, 0, 638, 746, 729, 12, 6.82%, 0, 0, 5, 10.33
1746741740, 0, 638, 747, 730, 12, 6.82%, 0, 0, 5, 10.32
1746741745, 0, 638, 749, 732, 12, 6.82%, 0, 0, 5, 9.21
1746741792, 0, 638, 750, 733, 12, 6.82%, 0, 0, 5, 10.39
1746741838, 0, 638, 751, 734, 12, 6.82%, 0, 0, 5, 9.66
1746741874, 0, 638, 752, 735, 12, 6.84%, 0, 0, 5, 9.96
1746741930, 0, 653, 752, 734, 9, 6.84%, 0, 0, 5, 10.82
1746741961, 0, 653, 753, 735, 9, 6.84%, 0, 0, 5, 10.21
1746742064, 0, 653, 754, 736, 9, 6.84%, 0, 0, 5, 10.16
1746745528, 0, 653, 755, 737, 9, 6.84%, 0, 0, 5, 10.36
1746745543, 0, 653, 756, 738, 9, 6.84%, 0, 0, 5, 10.43
1746745595, 0, 653, 757, 739, 9, 6.84%, 0, 0, 5, 10.31
1746745600, 0, 653, 758, 740, 9, 6.84%, 0, 0, 5, 11.42
1746745610, 0, 653, 759, 741, 9, 6.84%, 0, 0, 5, 10.78
1746745703, 0, 653, 760, 742, 9, 6.84%, 0, 0, 5, 9.50
1746745723, 0, 653, 761, 743, 9, 6.84%, 0, 0, 5, 9.60
1746745780, 0, 653, 762, 744, 9, 6.84%, 0, 0, 5, 10.49
1746745836, 0, 653, 763, 745, 9, 6.84%, 0, 0, 5, 9.73
1746745878, 0, 653, 764, 746, 9, 6.84%, 0, 0, 5, 10.04
1746745903, 0, 653, 765, 747, 9, 6.84%, 0, 0, 5, 9.95
1746745929, 0, 653, 766, 748, 9, 6.84%, 0, 0, 5, 9.46
1746746113, 0, 657, 766, 747, 8, 6.84%, 0, 0, 5, 9.45
1746746176, 0, 657, 768, 749, 8, 6.84%, 0, 0, 5, 5.98
1746746181, 0, 657, 770, 751, 8, 6.84%, 0, 0, 5, 6.00
1746746186, 0, 657, 771, 752, 8, 6.84%, 0, 0, 5, 6.01
1746746197, 0, 657, 772, 753, 8, 6.84%, 0, 0, 5, 6.07
1746746202, 0, 657, 774, 755, 8, 6.84%, 0, 0, 5, 6.05
1746746418, 0, 657, 775, 756, 8, 6.84%, 0, 0, 5, 6.15
1746747000, 0, 657, 776, 757, 8, 6.84%, 0, 0, 5, 6.86
1746747462, 0, 657, 777, 758, 8, 6.86%, 0, 0, 5, 6.76
1746747467, 0, 657, 778, 759, 8, 6.86%, 0, 0, 5, 6.68
1746753015, 0, 657, 779, 760, 8, 6.86%, 0, 0, 5, 9.22
1746753571, 0, 657, 780, 761, 8, 6.86%, 0, 0, 5, 8.52
1746754446, 0, 657, 783, 764, 8, 6.86%, 0, 0, 5, 9.18
1746754451, 0, 657, 785, 766, 8, 6.86%, 0, 0, 5, 9.30
1746754456, 0, 657, 787, 768, 8, 6.90%, 0, 0, 5, 8.71
1746754461, 0, 657, 789, 770, 8, 6.90%, 0, 0, 5, 8.81
1746754471, 0, 657, 790, 771, 8, 6.90%, 0, 0, 5, 9.51
1746754476, 0, 657, 791, 772, 8, 6.90%, 0, 0, 5, 9.41
1746754482, 0, 657, 792, 773, 8, 6.90%, 0, 0, 5, 9.71
1746754487, 0, 657, 793, 774, 8, 6.90%, 0, 0, 5, 10.26
1746754492, 0, 657, 795, 776, 8, 6.98%, 0, 0, 5, 9.29
1746754497, 0, 657, 796, 777, 8, 6.98%, 0, 0, 5, 9.20
1746754507, 0, 657, 798, 779, 8, 6.98%, 0, 0, 5, 8.92
1746754517, 0, 657, 799, 780, 8, 6.98%, 0, 0, 5, 9.97
1746754527, 0, 657, 801, 782, 8, 6.98%, 0, 0, 5, 9.35
1746754533, 0, 657, 802, 783, 8, 6.98%, 0, 0, 5, 8.92
1746754538, 0, 657, 804, 785, 8, 6.98%, 0, 0, 5, 8.85
1746754543, 0, 657, 806, 787, 8, 6.99%, 0, 0, 5, 9.13
1746754548, 0, 657, 807, 788, 8, 6.99%, 0, 0, 5, 9.07
1746754553, 0, 657, 808, 789, 8, 6.99%, 0, 0, 5, 8.98
1746754563, 0, 657, 809, 790, 8, 6.99%, 0, 0, 5, 9.34
1746754568, 0, 657, 811, 792, 8, 6.99%, 0, 0, 5, 9.49
1746754579, 0, 657, 812, 793, 8, 6.99%, 0, 0, 5, 9.87
1746754584, 0, 657, 813, 794, 8, 6.99%, 0, 0, 5, 9.32
1746754589, 0, 657, 814, 795, 8, 6.99%, 0, 0, 5, 9.76
1746754594, 0, 657, 815, 796, 8, 6.99%, 0, 0, 5, 9.68
1746754605, 0, 657, 816, 797, 8, 6.99%, 0, 0, 5, 9.29
1746754610, 0, 657, 817, 798, 8, 6.99%, 0, 0, 5, 9.34
1746754625, 0, 657, 818, 799, 8, 6.99%, 0, 0, 5, 9.43
1746754646, 0, 657, 819, 800, 8, 6.99%, 0, 0, 5, 10.19
1746754651, 0, 657, 820, 801, 8, 6.99%, 0, 0, 5, 9.15
1746754661, 0, 657, 821, 802, 8, 6.99%, 0, 0, 5, 9.18
1746754666, 0, 657, 822, 803, 8, 6.99%, 0, 0, 5, 8.73
1746754676, 0, 657, 823, 804, 8, 6.99%, 0, 0, 5, 9.71
1746754712, 0, 657, 824, 805, 8, 6.99%, 0, 0, 5, 9.70
1746754722, 0, 657, 825, 806, 8, 6.99%, 0, 0, 5, 9.90
1746754727, 0, 657, 826, 807, 8, 7.02%, 0, 0, 5, 9.66
1746754732, 0, 657, 827, 808, 8, 7.02%, 0, 0, 5, 9.61
1746754738, 0, 657, 828, 809, 8, 7.02%, 0, 0, 5, 9.06
1746754753, 0, 657, 829, 810, 8, 7.02%, 0, 0, 5, 9.90
1746754768, 0, 657, 830, 811, 8, 7.04%, 0, 0, 5, 9.40
1746754773, 0, 657, 831, 812, 8, 7.04%, 0, 0, 5, 9.28
1746754794, 0, 657, 832, 813, 8, 7.04%, 0, 0, 5, 9.95
1746754804, 0, 657, 833, 814, 8, 7.04%, 0, 0, 5, 9.98
1746754809, 0, 657, 834, 815, 8, 7.04%, 0, 0, 5, 9.24
1746754814, 0, 657, 835, 816, 8, 7.04%, 0, 0, 5, 9.52
1746754819, 0, 657, 836, 817, 8, 7.04%, 0, 0, 5, 9.44
1746754855, 0, 657, 837, 818, 8, 7.04%, 0, 0, 5, 9.52
1746754870, 0, 657, 838, 819, 8, 7.04%, 0, 0, 5, 9.85
1746754891, 0, 657, 839, 820, 8, 7.04%, 0, 0, 5, 10.02
1746754922, 0, 657, 840, 821, 8, 7.05%, 0, 0, 5, 9.58
1746754942, 0, 657, 841, 822, 8, 7.05%, 0, 0, 5, 9.78
1746754963, 0, 657, 842, 823, 8, 7.05%, 0, 0, 5, 9.90
1746754994, 0, 657, 843, 824, 8, 7.05%, 0, 0, 5, 9.79
1746755004, 0, 720, 843, 823, 13, 7.05%, 0, 0, 5, 9.76
