# unix_time, cycles_done, cur_path, paths_total, pending_total, pending_favs, map_size, unique_crashes, unique_hangs, max_depth, execs_per_sec
1748451512, 0, 0, 1, 1, 1, 0.03%, 0, 0, 1, 666.67
1748451517, 0, 0, 17, 17, 1, 0.05%, 0, 0, 2, 2465.47
1748451522, 0, 0, 18, 18, 1, 0.05%, 0, 0, 2, 2765.21
1748451527, 0, 19, 24, 19, 1, 0.06%, 0, 0, 4, 2801.38
1748451532, 0, 23, 28, 22, 1, 0.06%, 0, 0, 5, 2761.56
1748451537, 0, 23, 29, 23, 1, 0.06%, 0, 0, 5, 2799.36
1748451542, 0, 27, 34, 27, 1, 0.06%, 0, 0, 6, 2747.45
1748451552, 0, 29, 35, 27, 1, 0.06%, 0, 0, 7, 2711.54
1748451557, 1, 27, 36, 22, 0, 0.06%, 0, 0, 7, 2783.50
1748451562, 1, 32, 39, 25, 0, 0.06%, 0, 0, 7, 2710.73
1748451568, 2, 29, 39, 20, 0, 0.06%, 0, 0, 7, 2809.24
1748451573, 3, 38, 39, 19, 0, 0.06%, 0, 0, 7, 2455.70
1748451578, 4, 22, 40, 19, 0, 0.06%, 0, 0, 8, 2600.16
1748451583, 5, 30, 40, 15, 0, 0.06%, 0, 0, 8, 2672.04
1748451588, 5, 34, 41, 15, 0, 0.06%, 0, 0, 8, 2582.78
1748451593, 5, 36, 41, 13, 0, 0.06%, 0, 0, 8, 2585.67
1748451598, 6, 16, 41, 11, 0, 0.06%, 0, 0, 8, 2640.66
1748451603, 6, 40, 41, 9, 0, 0.06%, 0, 0, 8, 2523.51
1748451613, 8, 39, 41, 7, 0, 0.06%, 0, 0, 8, 2603.02
1748451618, 8, 39, 42, 8, 0, 0.06%, 0, 0, 9, 2457.35
1748451623, 9, 31, 42, 7, 0, 0.06%, 0, 0, 9, 2592.92
1748451628, 10, 27, 42, 5, 0, 0.06%, 0, 0, 9, 2649.40
1748451633, 10, 37, 43, 6, 0, 0.06%, 0, 0, 9, 2512.64
1748451638, 10, 42, 44, 6, 1, 0.06%, 0, 0, 9, 2558.46
1748451649, 10, 42, 45, 7, 1, 0.07%, 0, 0, 9, 2646.10
1748451654, 10, 44, 45, 6, 1, 0.07%, 0, 0, 9, 2683.68
1748451659, 10, 44, 46, 7, 1, 0.07%, 0, 0, 10, 2602.48
1748451664, 10, 45, 46, 6, 1, 0.07%, 0, 0, 10, 2602.00
1748451669, 10, 45, 48, 8, 1, 0.07%, 0, 0, 11, 2585.56
1748451679, 10, 47, 48, 7, 1, 0.07%, 0, 0, 11, 2627.52
1748451684, 10, 47, 49, 8, 1, 0.07%, 0, 0, 12, 2568.98
1748451689, 10, 48, 50, 8, 1, 0.07%, 0, 0, 13, 2593.41
1748451695, 10, 48, 51, 9, 1, 0.08%, 0, 0, 13, 2502.16
1748451710, 10, 50, 53, 10, 1, 0.08%, 0, 0, 14, 2244.95
1748451715, 10, 50, 54, 11, 1, 0.09%, 1, 0, 14, 2456.75
1748451725, 10, 51, 54, 10, 2, 0.09%, 1, 0, 14, 2381.67
1748451735, 10, 53, 54, 9, 1, 0.09%, 1, 0, 14, 2471.85
1748451741, 10, 53, 54, 9, 1, 0.09%, 2, 0, 14, 2115.80
1748451751, 11, 43, 54, 8, 0, 0.09%, 2, 0, 14, 2376.35
1748451761, 11, 47, 54, 7, 0, 0.09%, 2, 0, 14, 2595.02
1748451766, 11, 52, 54, 7, 0, 0.09%, 2, 0, 14, 2323.22
1748451776, 11, 53, 54, 6, 0, 0.09%, 2, 0, 14, 2519.38
1748451781, 12, 45, 54, 5, 0, 0.09%, 2, 0, 14, 2610.13
1748451786, 13, 8, 54, 5, 0, 0.09%, 2, 0, 14, 2612.20
1748451791, 13, 46, 54, 4, 0, 0.09%, 2, 0, 14, 2458.04
1748451801, 13, 51, 54, 3, 0, 0.09%, 2, 0, 14, 2538.70
1748451807, 14, 44, 54, 3, 0, 0.09%, 2, 0, 14, 2505.77
1748451812, 14, 49, 54, 3, 0, 0.09%, 2, 0, 14, 2381.91
1748451822, 14, 53, 54, 2, 0, 0.09%, 2, 0, 14, 2495.93
1748451827, 15, 41, 54, 1, 0, 0.09%, 2, 0, 14, 2506.32
1748451837, 15, 45, 54, 0, 0, 0.09%, 2, 0, 14, 2456.08
1748451842, 16, 49, 54, 0, 0, 0.09%, 2, 0, 14, 2540.49
1748451848, 17, 47, 54, 0, 0, 0.09%, 2, 0, 14, 2617.43
1748451853, 18, 45, 54, 0, 0, 0.09%, 2, 0, 14, 2556.58
1748451858, 19, 51, 54, 0, 0, 0.09%, 2, 0, 14, 2576.93
1748451863, 21, 4, 54, 0, 0, 0.09%, 2, 0, 14, 2619.46
1748451868, 22, 47, 54, 0, 0, 0.09%, 2, 0, 14, 2617.19
1748451873, 23, 53, 54, 0, 0, 0.09%, 2, 0, 14, 2592.73
1748451878, 25, 45, 54, 0, 0, 0.09%, 2, 0, 14, 2599.76
1748451883, 26, 51, 54, 0, 0, 0.09%, 2, 0, 14, 2598.82
1748451888, 28, 28, 54, 0, 0, 0.09%, 2, 0, 14, 2601.01
1748451893, 29, 47, 54, 0, 0, 0.09%, 2, 0, 14, 2620.30
1748451898, 30, 53, 54, 0, 0, 0.09%, 2, 0, 14, 2521.83
1748451904, 31, 50, 54, 0, 0, 0.09%, 2, 0, 14, 2450.69
1748451909, 32, 51, 54, 0, 0, 0.09%, 2, 0, 14, 2449.34
1748451914, 33, 53, 54, 0, 0, 0.09%, 2, 0, 14, 2442.87
1748451919, 34, 53, 54, 0, 0, 0.09%, 2, 0, 14, 2441.70
1748451924, 36, 15, 54, 0, 0, 0.09%, 2, 0, 14, 2366.57
1748451929, 37, 45, 54, 0, 0, 0.09%, 2, 0, 14, 2335.67
1748451934, 37, 53, 54, 0, 0, 0.09%, 2, 0, 14, 2318.41
1748451939, 38, 53, 54, 0, 0, 0.09%, 2, 0, 14, 1709.57
1748451945, 39, 53, 54, 0, 0, 0.09%, 2, 0, 14, 123.21
1748451950, 41, 45, 54, 0, 0, 0.09%, 2, 0, 14, 2381.75
1748451955, 42, 45, 54, 0, 0, 0.09%, 2, 0, 14, 163.70
1748451960, 43, 45, 54, 0, 0, 0.09%, 2, 0, 14, 2245.67
1748451965, 44, 45, 54, 0, 0, 0.09%, 2, 0, 14, 2407.96
1748451971, 45, 45, 54, 0, 0, 0.09%, 2, 0, 14, 2155.14
1748451976, 45, 53, 54, 0, 0, 0.09%, 2, 0, 14, 2336.25
1748451981, 46, 51, 54, 0, 0, 0.09%, 2, 0, 14, 2223.23
1748451986, 47, 53, 54, 0, 0, 0.09%, 2, 0, 14, 2389.37
1748451991, 48, 53, 54, 0, 0, 0.09%, 2, 0, 14, 2327.24
1748451996, 49, 53, 54, 0, 0, 0.09%, 2, 0, 14, 2278.83
1748452002, 51, 28, 54, 0, 0, 0.09%, 2, 0, 14, 224.96
1748452007, 52, 4, 54, 0, 0, 0.09%, 2, 0, 14, 2288.58
1748452012, 53, 45, 54, 0, 0, 0.09%, 2, 0, 14, 2132.61
1748452017, 54, 47, 54, 0, 0, 0.09%, 2, 0, 14, 2296.86
1748452022, 55, 50, 54, 0, 0, 0.09%, 2, 0, 14, 2343.54
1748452027, 56, 53, 54, 0, 0, 0.09%, 2, 0, 14, 2419.11
1748452032, 58, 43, 54, 0, 0, 0.09%, 2, 0, 14, 2454.86
1748452037, 59, 42, 54, 0, 0, 0.09%, 2, 0, 14, 2461.36
1748452043, 60, 47, 54, 0, 0, 0.09%, 2, 0, 14, 2466.10
1748452048, 61, 53, 54, 0, 0, 0.09%, 2, 0, 14, 2436.80
1748452053, 63, 47, 54, 0, 0, 0.09%, 2, 0, 14, 2456.34
1748452058, 64, 53, 54, 0, 0, 0.09%, 2, 0, 14, 2490.57
1748452063, 66, 29, 54, 0, 0, 0.09%, 2, 0, 14, 2495.43
1748452068, 66, 53, 54, 0, 0, 0.09%, 2, 0, 14, 2498.49
1748452073, 68, 42, 54, 0, 0, 0.09%, 2, 0, 14, 2523.37
1748452079, 69, 47, 54, 0, 0, 0.09%, 2, 0, 14, 2523.91
1748452084, 70, 47, 54, 0, 0, 0.09%, 2, 0, 14, 2539.73
1748452089, 71, 47, 54, 0, 0, 0.09%, 2, 0, 14, 2545.55
1748452094, 72, 53, 54, 0, 0, 0.09%, 2, 0, 14, 2504.42
1748452099, 74, 51, 54, 0, 0, 0.09%, 2, 0, 14, 2512.24
1748452104, 75, 51, 54, 0, 0, 0.09%, 2, 0, 14, 2533.19
1748452109, 76, 53, 54, 0, 0, 0.09%, 2, 0, 14, 2530.68
1748452114, 77, 53, 59, 5, 0, 0.09%, 2, 0, 15, 2433.94
1748452119, 78, 61, 62, 8, 1, 0.09%, 2, 0, 15, 514.31
1748452125, 78, 61, 63, 9, 1, 0.09%, 2, 0, 16, 580.73
1748452236, 79, 57, 63, 8, 0, 0.09%, 2, 0, 16, 1775.67
1748452282, 79, 61, 63, 7, 0, 0.09%, 2, 0, 16, 1611.02
1748452288, 80, 54, 64, 8, 0, 0.09%, 2, 0, 16, 2144.04
1748452303, 80, 60, 64, 7, 0, 0.09%, 2, 0, 16, 1556.80
1748452338, 80, 63, 64, 6, 0, 0.09%, 2, 0, 16, 1454.13
1748452359, 81, 45, 64, 5, 0, 0.09%, 2, 0, 16, 2003.23
1748452364, 81, 59, 64, 5, 0, 0.09%, 2, 0, 16, 2187.52
1748452374, 81, 61, 64, 4, 0, 0.09%, 2, 0, 16, 2345.17
1748452379, 81, 62, 64, 4, 0, 0.09%, 2, 0, 16, 1480.33
1748452410, 82, 53, 64, 3, 0, 0.09%, 2, 0, 16, 2257.43
1748452415, 83, 47, 64, 3, 0, 0.09%, 2, 0, 16, 2285.46
1748452420, 83, 58, 64, 3, 0, 0.09%, 2, 0, 16, 1520.02
1748452497, 83, 61, 64, 2, 0, 0.09%, 2, 0, 16, 1477.56
1748452502, 84, 61, 64, 2, 0, 0.09%, 2, 0, 16, 2041.83
1748452507, 85, 46, 64, 2, 0, 0.09%, 2, 0, 16, 2199.68
1748452512, 85, 61, 64, 2, 0, 0.09%, 2, 0, 16, 1984.18
1748452517, 86, 53, 64, 2, 0, 0.09%, 2, 0, 16, 2155.24
1748452522, 87, 47, 64, 2, 0, 0.09%, 2, 0, 16, 2129.05
1748452527, 88, 47, 64, 2, 0, 0.09%, 2, 0, 16, 2204.84
1748452532, 88, 61, 64, 2, 0, 0.09%, 2, 0, 16, 2081.19
1748452537, 89, 53, 64, 2, 0, 0.09%, 2, 0, 16, 2111.61
1748452542, 90, 53, 64, 2, 0, 0.09%, 2, 0, 16, 2108.98
1748452547, 90, 56, 64, 2, 0, 0.09%, 2, 0, 16, 1675.40
1748452563, 90, 59, 64, 1, 0, 0.09%, 2, 0, 16, 2226.16
1748452568, 90, 63, 64, 1, 0, 0.09%, 2, 0, 16, 2072.12
1748452573, 91, 61, 64, 1, 0, 0.09%, 2, 0, 16, 2093.97
1748452578, 92, 53, 64, 1, 0, 0.09%, 2, 0, 16, 2047.61
1748452583, 92, 55, 64, 1, 0, 0.09%, 2, 0, 16, 1544.25
1748452609, 92, 61, 64, 0, 0, 0.09%, 2, 0, 16, 1747.53
1748452614, 93, 53, 64, 0, 0, 0.09%, 2, 0, 16, 2081.43
1748452619, 93, 56, 64, 0, 0, 0.09%, 2, 0, 16, 2077.94
1748452624, 94, 51, 64, 0, 0, 0.09%, 2, 0, 16, 2051.78
1748452629, 94, 61, 64, 0, 0, 0.09%, 2, 0, 16, 1733.01
1748452634, 95, 61, 64, 0, 0, 0.09%, 2, 0, 16, 2039.63
1748452639, 96, 53, 64, 0, 0, 0.09%, 2, 0, 16, 2207.48
1748452644, 97, 51, 64, 0, 0, 0.09%, 2, 0, 16, 2188.41
1748452649, 98, 51, 64, 0, 0, 0.09%, 2, 0, 16, 2088.62
1748452654, 99, 22, 64, 0, 0, 0.09%, 2, 0, 16, 1995.58
1748452659, 100, 4, 64, 0, 0, 0.09%, 2, 0, 16, 2142.31
1748452664, 101, 45, 64, 0, 0, 0.09%, 2, 0, 16, 2300.87
1748452669, 101, 61, 64, 0, 0, 0.09%, 2, 0, 16, 2098.61
1748452675, 103, 45, 64, 0, 0, 0.09%, 2, 0, 16, 2253.37
1748452680, 104, 39, 64, 0, 0, 0.09%, 2, 0, 16, 2231.63
1748452685, 105, 45, 64, 0, 0, 0.09%, 2, 0, 16, 2314.12
1748452690, 105, 54, 64, 0, 0, 0.09%, 2, 0, 16, 2400.00
1748452695, 106, 51, 64, 0, 0, 0.09%, 2, 0, 16, 2277.02
1748452700, 107, 22, 64, 0, 0, 0.09%, 2, 0, 16, 2265.37
1748452705, 107, 53, 64, 0, 0, 0.09%, 2, 0, 16, 2373.67
1748452710, 108, 51, 64, 0, 0, 0.09%, 2, 0, 16, 2331.22
1748452715, 109, 51, 64, 0, 0, 0.09%, 2, 0, 16, 2347.58
1748452720, 110, 53, 64, 0, 0, 0.09%, 2, 0, 16, 2307.09
1748452725, 111, 58, 64, 0, 0, 0.09%, 2, 0, 16, 2198.77
1748452730, 112, 53, 64, 0, 0, 0.09%, 2, 0, 16, 2275.37
1748452735, 113, 51, 64, 0, 0, 0.09%, 2, 0, 16, 2290.19
1748452740, 114, 51, 64, 0, 0, 0.09%, 2, 0, 16, 2253.26
1748452745, 115, 45, 64, 0, 0, 0.09%, 2, 0, 16, 2031.00
1748452750, 115, 55, 64, 0, 0, 0.09%, 2, 0, 16, 2159.23
1748452755, 116, 61, 64, 0, 0, 0.09%, 2, 0, 16, 2237.21
1748452760, 117, 56, 64, 0, 0, 0.09%, 2, 0, 16, 2178.48
1748452765, 118, 53, 64, 0, 0, 0.09%, 2, 0, 16, 2220.39
1748452770, 119, 53, 64, 0, 0, 0.09%, 2, 0, 16, 2134.19
1748452776, 120, 56, 64, 0, 0, 0.09%, 2, 0, 16, 2163.79
1748452781, 121, 51, 64, 0, 0, 0.09%, 2, 0, 16, 2185.39
1748452786, 121, 61, 64, 0, 0, 0.09%, 2, 0, 16, 2081.63
1748452791, 122, 61, 64, 0, 0, 0.09%, 2, 0, 16, 2213.19
1748452796, 123, 53, 64, 0, 0, 0.09%, 2, 0, 16, 2333.49
1748452801, 124, 47, 64, 0, 0, 0.09%, 2, 0, 16, 2299.51
1748452806, 125, 47, 64, 0, 0, 0.09%, 2, 0, 16, 2308.37
1748452811, 126, 51, 64, 0, 0, 0.09%, 2, 0, 16, 2316.37
1748452816, 127, 51, 64, 0, 0, 0.09%, 2, 0, 16, 2338.86
1748452821, 128, 53, 64, 0, 0, 0.09%, 2, 0, 16, 2245.32
1748452826, 129, 47, 64, 0, 0, 0.09%, 2, 0, 16, 2287.45
1748452831, 130, 51, 64, 0, 0, 0.09%, 2, 0, 16, 2247.43
1748452836, 131, 53, 64, 0, 0, 0.09%, 2, 0, 16, 2321.30
1748452841, 132, 61, 64, 0, 0, 0.09%, 2, 0, 16, 2187.56
1748452847, 133, 56, 64, 0, 0, 0.09%, 2, 0, 16, 2114.76
1748452852, 134, 51, 64, 0, 0, 0.09%, 2, 0, 16, 2026.26
1748452857, 135, 53, 64, 0, 0, 0.09%, 2, 0, 16, 2230.40
1748452862, 136, 45, 64, 0, 0, 0.09%, 2, 0, 16, 2276.91
1748452867, 137, 47, 64, 0, 0, 0.09%, 2, 0, 16, 2318.24
1748452872, 138, 47, 64, 0, 0, 0.09%, 2, 0, 16, 2347.03
1748452877, 139, 45, 64, 0, 0, 0.09%, 2, 0, 16, 2279.44
1748452882, 140, 47, 64, 0, 0, 0.09%, 2, 0, 16, 2317.13
1748452887, 141, 46, 64, 0, 0, 0.09%, 2, 0, 16, 2216.49
1748452892, 141, 54, 64, 0, 0, 0.09%, 2, 0, 16, 2348.20
1748452897, 142, 53, 64, 0, 0, 0.09%, 2, 0, 16, 2355.17
1748452902, 144, 4, 64, 0, 0, 0.09%, 2, 0, 16, 2197.23
1748452907, 145, 45, 64, 0, 0, 0.09%, 2, 0, 16, 2269.66
1748452912, 146, 47, 64, 0, 0, 0.09%, 2, 0, 16, 2276.99
1748452918, 147, 45, 64, 0, 0, 0.09%, 2, 0, 16, 2251.15
1748452923, 147, 59, 64, 0, 0, 0.09%, 2, 0, 16, 2260.52
1748452928, 148, 48, 64, 0, 0, 0.09%, 2, 0, 16, 2220.73
1748452933, 149, 51, 64, 0, 0, 0.09%, 2, 0, 16, 2154.70
1748452938, 150, 53, 64, 0, 0, 0.09%, 2, 0, 16, 2310.02
1748452943, 151, 53, 64, 0, 0, 0.09%, 2, 0, 16, 2177.28
1748452948, 152, 51, 64, 0, 0, 0.09%, 2, 0, 16, 2211.27
1748452953, 153, 53, 64, 0, 0, 0.09%, 2, 0, 16, 2273.99
1748452959, 154, 53, 64, 0, 0, 0.09%, 2, 0, 16, 2317.15
1748452964, 156, 45, 64, 0, 0, 0.09%, 2, 0, 16, 2258.55
1748452969, 157, 24, 64, 0, 0, 0.09%, 2, 0, 16, 2145.16
1748452974, 158, 38, 64, 0, 0, 0.09%, 2, 0, 16, 2282.81
1748452979, 158, 55, 64, 0, 0, 0.09%, 2, 0, 16, 2142.02
1748452984, 159, 51, 64, 0, 0, 0.09%, 2, 0, 16, 2195.69
1748452989, 160, 51, 64, 0, 0, 0.09%, 2, 0, 16, 2243.95
1748452994, 161, 53, 64, 0, 0, 0.09%, 2, 0, 16, 2212.37
1748452999, 162, 51, 64, 0, 0, 0.09%, 2, 0, 16, 2215.82
1748453004, 162, 59, 64, 0, 0, 0.09%, 2, 0, 16, 2223.59
1748453009, 163, 53, 64, 0, 0, 0.09%, 2, 0, 16, 2197.09
1748453014, 163, 59, 64, 0, 0, 0.09%, 2, 0, 16, 2061.01
1748453019, 164, 51, 64, 0, 0, 0.09%, 2, 0, 16, 2191.28
1748453024, 165, 51, 64, 0, 0, 0.09%, 2, 0, 16, 2278.32
1748453029, 165, 56, 64, 0, 0, 0.09%, 2, 0, 16, 2256.57
1748453035, 166, 51, 64, 0, 0, 0.09%, 2, 0, 16, 2166.22
1748453040, 167, 51, 64, 0, 0, 0.09%, 2, 0, 16, 2297.21
1748453045, 168, 61, 64, 0, 0, 0.09%, 2, 0, 16, 2260.51
1748453050, 170, 4, 64, 0, 0, 0.09%, 2, 0, 16, 2156.15
1748453055, 170, 53, 64, 0, 0, 0.09%, 2, 0, 16, 2120.69
1748453060, 171, 37, 64, 0, 0, 0.09%, 2, 0, 16, 2140.27
1748453065, 172, 45, 64, 0, 0, 0.09%, 2, 0, 16, 2268.55
1748453070, 172, 61, 64, 0, 0, 0.09%, 2, 0, 16, 2197.34
1748453075, 173, 61, 64, 0, 0, 0.09%, 2, 0, 16, 2308.64
1748453080, 175, 29, 64, 0, 0, 0.09%, 2, 0, 16, 2292.81
1748453085, 176, 47, 64, 0, 0, 0.09%, 2, 0, 16, 2307.88
1748453090, 177, 51, 64, 0, 0, 0.09%, 2, 0, 16, 2338.42
1748453095, 178, 53, 64, 0, 0, 0.09%, 2, 0, 16, 2335.10
1748453100, 179, 52, 64, 0, 0, 0.09%, 2, 0, 16, 2302.67
1748453105, 180, 53, 64, 0, 0, 0.09%, 2, 0, 16, 2348.06
1748453110, 181, 61, 64, 0, 0, 0.09%, 2, 0, 16, 2306.67
1748453115, 182, 51, 64, 0, 0, 0.09%, 2, 0, 16, 2306.59
1748453120, 183, 51, 64, 0, 0, 0.09%, 2, 0, 16, 2182.51
1748453125, 184, 53, 64, 0, 0, 0.09%, 2, 0, 16, 2245.77
1748453131, 185, 47, 64, 0, 0, 0.09%, 2, 0, 16, 2323.60
1748453136, 186, 45, 64, 0, 0, 0.09%, 2, 0, 16, 2174.76
1748453141, 187, 47, 64, 0, 0, 0.09%, 2, 0, 16, 2282.09
1748453146, 188, 51, 64, 0, 0, 0.09%, 2, 0, 16, 2185.84
1748453151, 189, 24, 64, 0, 0, 0.09%, 2, 0, 16, 2093.30
1748453156, 189, 61, 64, 0, 0, 0.09%, 2, 0, 16, 2162.84
1748453161, 191, 27, 64, 0, 0, 0.09%, 2, 0, 16, 2267.07
1748453166, 192, 45, 64, 0, 0, 0.09%, 2, 0, 16, 2251.84
1748453171, 192, 56, 64, 0, 0, 0.09%, 2, 0, 16, 2237.59
1748453176, 193, 53, 64, 0, 0, 0.09%, 2, 0, 16, 2273.96
1748453181, 195, 12, 64, 0, 0, 0.09%, 2, 0, 16, 2205.44
1748453186, 196, 11, 64, 0, 0, 0.09%, 2, 0, 16, 2220.95
1748453191, 197, 30, 64, 0, 0, 0.09%, 2, 0, 16, 2280.34
1748453196, 198, 4, 64, 0, 0, 0.09%, 2, 0, 16, 2119.08
1748453201, 198, 55, 64, 0, 0, 0.09%, 2, 0, 16, 2300.63
1748453207, 199, 51, 64, 0, 0, 0.09%, 2, 0, 16, 2209.55
1748453212, 200, 53, 64, 0, 0, 0.09%, 2, 0, 16, 2198.09
1748453217, 201, 53, 64, 0, 0, 0.09%, 2, 0, 16, 2323.60
1748453222, 202, 53, 64, 0, 0, 0.09%, 2, 0, 16, 2267.10
1748453227, 204, 14, 64, 0, 0, 0.09%, 2, 0, 16, 2198.72
1748453232, 205, 47, 64, 0, 0, 0.09%, 2, 0, 16, 2253.25
1748453237, 206, 51, 64, 0, 0, 0.09%, 2, 0, 16, 2277.63
1748453242, 207, 53, 64, 0, 0, 0.09%, 2, 0, 16, 2232.05
1748453247, 208, 53, 64, 0, 0, 0.09%, 2, 0, 16, 2080.96
1748453252, 209, 51, 64, 0, 0, 0.09%, 2, 0, 16, 2185.52
1748453257, 210, 47, 64, 0, 0, 0.09%, 2, 0, 16, 2171.19
1748453262, 211, 51, 64, 0, 0, 0.09%, 2, 0, 16, 2160.20
1748453268, 212, 53, 64, 0, 0, 0.09%, 2, 0, 16, 2254.96
1748453273, 213, 53, 64, 0, 0, 0.09%, 2, 0, 16, 2312.89
1748453278, 214, 51, 64, 0, 0, 0.09%, 2, 0, 16, 2270.76
1748453283, 215, 53, 64, 0, 0, 0.09%, 2, 0, 16, 2303.90
1748453288, 216, 61, 64, 0, 0, 0.09%, 2, 0, 16, 2238.58
1748453293, 217, 53, 64, 0, 0, 0.09%, 2, 0, 16, 2029.21
1748453298, 219, 45, 64, 0, 0, 0.09%, 2, 0, 16, 2097.28
1748453303, 220, 47, 64, 0, 0, 0.09%, 2, 0, 16, 2253.74
1748453308, 221, 51, 64, 0, 0, 0.09%, 2, 0, 16, 2301.50
1748453313, 222, 51, 64, 0, 0, 0.09%, 2, 0, 16, 2303.38
1748453318, 223, 47, 64, 0, 0, 0.09%, 2, 0, 16, 2242.13
1748453323, 224, 47, 64, 0, 0, 0.09%, 2, 0, 16, 2315.04
1748453328, 224, 58, 64, 0, 0, 0.09%, 2, 0, 16, 2182.66
1748453333, 225, 53, 64, 0, 0, 0.09%, 2, 0, 16, 2258.12
1748453338, 227, 29, 64, 0, 0, 0.09%, 2, 0, 16, 2244.55
1748453343, 228, 45, 64, 0, 0, 0.09%, 2, 0, 16, 2136.03
1748453348, 229, 47, 64, 0, 0, 0.09%, 2, 0, 16, 2271.97
1748453353, 230, 45, 64, 0, 0, 0.09%, 2, 0, 16, 2271.07
1748453358, 231, 45, 64, 0, 0, 0.09%, 2, 0, 16, 2221.10
1748453363, 231, 63, 64, 0, 0, 0.09%, 2, 0, 16, 2153.08
1748453369, 232, 53, 64, 0, 0, 0.09%, 2, 0, 16, 2305.83
1748453374, 233, 53, 64, 0, 0, 0.09%, 2, 0, 16, 2263.49
1748453379, 234, 47, 64, 0, 0, 0.09%, 2, 0, 16, 2294.85
1748453384, 235, 47, 64, 0, 0, 0.09%, 2, 0, 16, 2352.12
1748453389, 236, 51, 64, 0, 0, 0.09%, 2, 0, 16, 2337.55
1748453394, 237, 51, 64, 0, 0, 0.09%, 2, 0, 16, 2346.58
1748453399, 238, 29, 64, 0, 0, 0.09%, 2, 0, 16, 2043.37
1748453404, 239, 45, 64, 0, 0, 0.09%, 2, 0, 16, 2036.92
1748453409, 240, 43, 64, 0, 0, 0.09%, 2, 0, 16, 2083.79
1748453414, 241, 45, 64, 0, 0, 0.09%, 2, 0, 16, 2094.27
1748453419, 242, 45, 64, 0, 0, 0.09%, 2, 0, 16, 2246.21
1748453424, 243, 45, 64, 0, 0, 0.09%, 2, 0, 16, 2181.03
1748453429, 244, 47, 64, 0, 0, 0.09%, 2, 0, 16, 2238.99
1748453434, 245, 47, 64, 0, 0, 0.09%, 2, 0, 16, 2286.62
1748453439, 246, 53, 64, 0, 0, 0.09%, 2, 0, 16, 2309.80
1748453444, 247, 53, 64, 0, 0, 0.09%, 2, 0, 16, 2119.03
1748453450, 248, 61, 64, 0, 0, 0.09%, 2, 0, 16, 2277.55
1748453455, 250, 45, 64, 0, 0, 0.09%, 2, 0, 16, 2294.31
1748453460, 251, 45, 64, 0, 0, 0.09%, 2, 0, 16, 2289.29
1748453465, 251, 55, 64, 0, 0, 0.09%, 2, 0, 16, 1976.70
1748453470, 252, 45, 64, 0, 0, 0.09%, 2, 0, 16, 2196.90
1748453475, 252, 63, 64, 0, 0, 0.09%, 2, 0, 16, 2190.42
1748453480, 253, 55, 64, 0, 0, 0.09%, 2, 0, 16, 2220.59
1748453485, 254, 61, 64, 0, 0, 0.09%, 2, 0, 16, 2279.53
1748453490, 255, 53, 64, 0, 0, 0.09%, 2, 0, 16, 2227.87
1748453495, 256, 53, 64, 0, 0, 0.09%, 2, 0, 16, 2291.60
1748453500, 258, 23, 64, 0, 0, 0.09%, 2, 0, 16, 2282.43
1748453505, 259, 38, 64, 0, 0, 0.09%, 2, 0, 16, 2252.11
1748453511, 260, 45, 64, 0, 0, 0.09%, 2, 0, 16, 2226.25
1748453516, 261, 45, 64, 0, 0, 0.09%, 2, 0, 16, 2312.90
1748453521, 262, 47, 64, 0, 0, 0.09%, 2, 0, 16, 2328.21
1748453526, 263, 23, 64, 0, 0, 0.09%, 2, 0, 16, 2246.54
1748453531, 264, 44, 64, 0, 0, 0.09%, 2, 0, 16, 2276.25
1748453536, 264, 58, 64, 0, 0, 0.09%, 2, 0, 16, 2127.83
1748453541, 265, 53, 64, 0, 0, 0.09%, 2, 0, 16, 2282.38
1748453546, 266, 61, 64, 0, 0, 0.09%, 2, 0, 16, 2248.51
1748453551, 267, 59, 64, 0, 0, 0.09%, 2, 0, 16, 2347.98
1748453556, 268, 51, 64, 0, 0, 0.09%, 2, 0, 16, 2352.27
1748453561, 269, 45, 64, 0, 0, 0.09%, 2, 0, 16, 2224.12
1748453566, 270, 49, 64, 0, 0, 0.09%, 2, 0, 16, 2300.34
1748453571, 271, 51, 64, 0, 0, 0.09%, 2, 0, 16, 2325.81
1748453576, 272, 51, 64, 0, 0, 0.09%, 2, 0, 16, 2321.54
1748453581, 273, 53, 64, 0, 0, 0.09%, 2, 0, 16, 2330.93
1748453586, 274, 60, 64, 0, 0, 0.09%, 2, 0, 16, 2322.29
1748453591, 275, 61, 64, 0, 0, 0.09%, 2, 0, 16, 2229.43
1748453596, 277, 45, 64, 0, 0, 0.09%, 2, 0, 16, 2274.85
1748453602, 277, 59, 64, 0, 0, 0.09%, 2, 0, 16, 2198.40
1748453607, 278, 45, 64, 0, 0, 0.09%, 2, 0, 16, 2229.65
1748453612, 278, 59, 64, 0, 0, 0.09%, 2, 0, 16, 2226.56
1748453617, 279, 53, 64, 0, 0, 0.09%, 2, 0, 16, 2320.89
1748453622, 280, 61, 64, 0, 0, 0.09%, 2, 0, 16, 2231.81
1748453627, 282, 45, 64, 0, 0, 0.09%, 2, 0, 16, 2250.44
1748453632, 283, 47, 64, 0, 0, 0.09%, 2, 0, 16, 2290.78
1748453637, 283, 55, 64, 0, 0, 0.09%, 2, 0, 16, 2250.57
1748453642, 284, 61, 64, 0, 0, 0.09%, 2, 0, 16, 2281.24
1748453647, 286, 45, 64, 0, 0, 0.09%, 2, 0, 16, 2282.14
1748453652, 287, 50, 64, 0, 0, 0.09%, 2, 0, 16, 2317.82
1748453657, 288, 51, 64, 0, 0, 0.09%, 2, 0, 16, 2310.58
1748453663, 289, 53, 64, 0, 0, 0.09%, 2, 0, 16, 2337.52
1748453668, 290, 53, 64, 0, 0, 0.09%, 2, 0, 16, 2318.99
1748453673, 291, 53, 64, 0, 0, 0.09%, 2, 0, 16, 2333.21
1748453678, 292, 46, 64, 0, 0, 0.09%, 2, 0, 16, 2337.90
1748453683, 292, 58, 64, 0, 0, 0.09%, 2, 0, 16, 2238.51
1748453688, 293, 53, 64, 0, 0, 0.09%, 2, 0, 16, 2238.15
1748453693, 294, 61, 64, 0, 0, 0.09%, 2, 0, 16, 2226.26
1748453698, 295, 56, 64, 0, 0, 0.09%, 2, 0, 16, 2255.64
1748453703, 296, 53, 64, 0, 0, 0.09%, 2, 0, 16, 2338.31
1748453708, 297, 53, 64, 0, 0, 0.09%, 2, 0, 16, 2327.26
1748453714, 298, 61, 64, 0, 0, 0.09%, 2, 0, 16, 2294.00
1748453719, 299, 58, 64, 0, 0, 0.09%, 2, 0, 16, 2109.61
1748453724, 300, 61, 64, 0, 0, 0.09%, 2, 0, 16, 2253.86
1748453729, 302, 45, 64, 0, 0, 0.09%, 2, 0, 16, 2258.84
1748453734, 303, 45, 64, 0, 0, 0.09%, 2, 0, 16, 2286.71
1748453739, 304, 45, 64, 0, 0, 0.09%, 2, 0, 16, 2311.33
1748453744, 305, 45, 64, 0, 0, 0.09%, 2, 0, 16, 2307.33
1748453749, 306, 47, 64, 0, 0, 0.09%, 2, 0, 16, 2315.97
1748453754, 306, 61, 64, 0, 0, 0.09%, 2, 0, 16, 2260.20
1748453759, 307, 59, 64, 0, 0, 0.09%, 2, 0, 16, 2156.22
1748453764, 308, 47, 64, 0, 0, 0.09%, 2, 0, 16, 2305.25
1748453769, 309, 45, 64, 0, 0, 0.09%, 2, 0, 16, 2297.11
1748453774, 310, 45, 64, 0, 0, 0.09%, 2, 0, 16, 2145.77
1748453779, 311, 47, 64, 0, 0, 0.09%, 2, 0, 16, 2252.78
1748453784, 312, 51, 64, 0, 0, 0.09%, 2, 0, 16, 2285.45
1748453789, 313, 47, 64, 0, 0, 0.09%, 2, 0, 16, 2176.56
1748453794, 314, 51, 64, 0, 0, 0.09%, 2, 0, 16, 2293.05
1748453800, 315, 14, 64, 0, 0, 0.09%, 2, 0, 16, 2288.00
1748453805, 316, 47, 64, 0, 0, 0.09%, 2, 0, 16, 2327.53
1748453810, 316, 59, 64, 0, 0, 0.09%, 2, 0, 16, 2427.02
1748453815, 317, 51, 64, 0, 0, 0.09%, 2, 0, 16, 2383.98
1748453820, 318, 45, 64, 0, 0, 0.09%, 2, 0, 16, 2355.24
1748453825, 318, 56, 64, 0, 0, 0.09%, 2, 0, 16, 2302.52
1748453830, 319, 56, 64, 0, 0, 0.09%, 2, 0, 16, 2332.08
1748453835, 320, 51, 64, 0, 0, 0.09%, 2, 0, 16, 2327.10
1748453840, 321, 53, 64, 0, 0, 0.09%, 2, 0, 16, 2334.71
1748453845, 322, 51, 64, 0, 0, 0.09%, 2, 0, 16, 2283.92
1748453850, 323, 51, 64, 0, 0, 0.09%, 2, 0, 16, 2322.86
1748453855, 324, 51, 64, 0, 0, 0.09%, 2, 0, 16, 2321.48
1748453860, 325, 53, 64, 0, 0, 0.09%, 2, 0, 16, 2311.19
1748453865, 326, 5, 64, 0, 0, 0.09%, 2, 0, 16, 2209.76
1748453870, 327, 45, 64, 0, 0, 0.09%, 2, 0, 16, 2293.32
1748453875, 327, 55, 64, 0, 0, 0.09%, 2, 0, 16, 2245.48
1748453880, 328, 51, 64, 0, 0, 0.09%, 2, 0, 16, 2324.81
1748453885, 329, 51, 64, 0, 0, 0.09%, 2, 0, 16, 2367.11
1748453890, 330, 47, 64, 0, 0, 0.09%, 2, 0, 16, 2228.41
1748453895, 330, 61, 64, 0, 0, 0.09%, 2, 0, 16, 2254.07
1748453900, 331, 51, 64, 0, 0, 0.09%, 2, 0, 16, 2332.28
1748453905, 332, 46, 64, 0, 0, 0.09%, 2, 0, 16, 2278.44
1748453910, 333, 47, 64, 0, 0, 0.09%, 2, 0, 16, 2311.86
1748453915, 334, 47, 64, 0, 0, 0.09%, 2, 0, 16, 2271.80
1748453921, 335, 51, 64, 0, 0, 0.09%, 2, 0, 16, 2308.81
1748453926, 336, 51, 64, 0, 0, 0.09%, 2, 0, 16, 2310.86
1748453931, 337, 52, 64, 0, 0, 0.09%, 2, 0, 16, 2315.27
1748453936, 338, 49, 64, 0, 0, 0.09%, 2, 0, 16, 2325.09
1748453941, 339, 47, 64, 0, 0, 0.09%, 2, 0, 16, 2312.44
1748453946, 339, 61, 64, 0, 0, 0.09%, 2, 0, 16, 2267.03
1748453951, 340, 53, 64, 0, 0, 0.09%, 2, 0, 16, 2326.79
1748453956, 341, 47, 64, 0, 0, 0.09%, 2, 0, 16, 2280.24
1748453961, 341, 55, 64, 0, 0, 0.09%, 2, 0, 16, 2321.86
1748453966, 342, 51, 64, 0, 0, 0.09%, 2, 0, 16, 2292.92
1748453971, 343, 53, 64, 0, 0, 0.09%, 2, 0, 16, 2309.72
1748453976, 344, 53, 64, 0, 0, 0.09%, 2, 0, 16, 2303.50
1748453981, 346, 45, 64, 0, 0, 0.09%, 2, 0, 16, 2251.23
1748453986, 347, 51, 64, 0, 0, 0.09%, 2, 0, 16, 2333.18
1748453991, 348, 45, 64, 0, 0, 0.09%, 2, 0, 16, 2317.78
1748453996, 349, 45, 64, 0, 0, 0.09%, 2, 0, 16, 2319.33
1748454001, 350, 47, 64, 0, 0, 0.09%, 2, 0, 16, 2232.12
1748454006, 351, 44, 64, 0, 0, 0.09%, 2, 0, 16, 2282.74
1748454012, 351, 56, 64, 0, 0, 0.09%, 2, 0, 16, 2249.34
1748454017, 352, 51, 64, 0, 0, 0.09%, 2, 0, 16, 2298.45
1748454022, 353, 45, 64, 0, 0, 0.09%, 2, 0, 16, 2241.02
1748454027, 354, 45, 64, 0, 0, 0.09%, 2, 0, 16, 2249.91
1748454032, 355, 51, 64, 0, 0, 0.09%, 2, 0, 16, 2255.09
1748454037, 356, 38, 64, 0, 0, 0.09%, 2, 0, 16, 2269.51
1748454042, 356, 62, 64, 0, 0, 0.09%, 2, 0, 16, 2187.56
1748454047, 358, 45, 64, 0, 0, 0.09%, 2, 0, 16, 2286.99
1748454052, 359, 47, 64, 0, 0, 0.09%, 2, 0, 16, 2325.41
1748454057, 360, 51, 64, 0, 0, 0.09%, 2, 0, 16, 2342.73
1748454062, 361, 53, 64, 0, 0, 0.09%, 2, 0, 16, 2350.54
1748454067, 362, 54, 64, 0, 0, 0.09%, 2, 0, 16, 2345.38
1748454072, 363, 45, 64, 0, 0, 0.09%, 2, 0, 16, 2252.95
1748454077, 364, 47, 64, 0, 0, 0.09%, 2, 0, 16, 2307.22
1748454082, 365, 51, 64, 0, 0, 0.09%, 2, 0, 16, 2320.97
1748454088, 366, 47, 64, 0, 0, 0.09%, 2, 0, 16, 2234.13
1748454093, 367, 51, 64, 0, 0, 0.09%, 2, 0, 16, 2301.51
1748454098, 368, 51, 64, 0, 0, 0.09%, 2, 0, 16, 2350.50
1748454103, 369, 53, 64, 0, 0, 0.09%, 2, 0, 16, 2376.19
1748454108, 370, 61, 64, 0, 0, 0.09%, 2, 0, 16, 2307.63
1748454113, 371, 61, 64, 0, 0, 0.09%, 2, 0, 16, 2279.23
1748454118, 372, 62, 64, 0, 0, 0.09%, 2, 0, 16, 2218.04
1748454123, 373, 53, 64, 0, 0, 0.09%, 2, 0, 16, 2352.11
1748454128, 374, 51, 64, 0, 0, 0.09%, 2, 0, 16, 2327.42
1748454133, 375, 50, 64, 0, 0, 0.09%, 2, 0, 16, 2367.33
1748454138, 376, 51, 64, 0, 0, 0.09%, 2, 0, 16, 2370.91
1748454143, 376, 59, 64, 0, 0, 0.09%, 2, 0, 16, 2338.17
1748454148, 377, 51, 64, 0, 0, 0.09%, 2, 0, 16, 2393.08
1748454153, 378, 53, 64, 0, 0, 0.09%, 2, 0, 16, 2369.90
1748454158, 379, 53, 64, 0, 0, 0.09%, 2, 0, 16, 2369.33
1748454164, 380, 26, 64, 0, 0, 0.09%, 2, 0, 16, 2247.12
1748454169, 381, 45, 64, 0, 0, 0.09%, 2, 0, 16, 2322.25
1748454174, 382, 45, 64, 0, 0, 0.09%, 2, 0, 16, 2274.38
1748454179, 382, 62, 64, 0, 0, 0.09%, 2, 0, 16, 2179.81
1748454184, 383, 52, 64, 0, 0, 0.09%, 2, 0, 16, 2348.17
1748454189, 384, 53, 64, 0, 0, 0.09%, 2, 0, 16, 2331.39
1748454194, 385, 53, 64, 0, 0, 0.09%, 2, 0, 16, 2361.90
1748454199, 386, 61, 64, 0, 0, 0.09%, 2, 0, 16, 2262.64
1748454204, 388, 45, 64, 0, 0, 0.09%, 2, 0, 16, 2325.91
1748454209, 389, 45, 64, 0, 0, 0.09%, 2, 0, 16, 2382.66
1748454214, 390, 47, 64, 0, 0, 0.09%, 2, 0, 16, 2388.22
1748454219, 391, 53, 64, 0, 0, 0.09%, 2, 0, 16, 2310.84
1748454224, 392, 53, 64, 0, 0, 0.09%, 2, 0, 16, 2332.58
1748454229, 394, 4, 64, 0, 0, 0.09%, 2, 0, 16, 2261.15
1748454234, 394, 56, 64, 0, 0, 0.09%, 2, 0, 16, 2284.45
1748454239, 395, 51, 64, 0, 0, 0.09%, 2, 0, 16, 2352.56
1748454244, 396, 51, 64, 0, 0, 0.09%, 2, 0, 16, 2333.09
1748454249, 397, 51, 64, 0, 0, 0.09%, 2, 0, 16, 2359.94
1748454254, 398, 32, 64, 0, 0, 0.09%, 2, 0, 16, 2343.16
1748454259, 398, 62, 64, 0, 0, 0.09%, 2, 0, 16, 2213.07
1748454265, 399, 53, 64, 0, 0, 0.09%, 2, 0, 16, 2345.99
1748454270, 400, 51, 64, 0, 0, 0.09%, 2, 0, 16, 2353.14
1748454275, 401, 53, 64, 0, 0, 0.09%, 2, 0, 16, 2350.91
1748454280, 402, 47, 64, 0, 0, 0.09%, 2, 0, 16, 2222.61
1748454285, 403, 47, 64, 0, 0, 0.09%, 2, 0, 16, 2338.40
1748454290, 404, 47, 64, 0, 0, 0.09%, 2, 0, 16, 2319.94
1748454295, 405, 51, 64, 0, 0, 0.09%, 2, 0, 16, 2328.31
1748454300, 406, 53, 64, 0, 0, 0.09%, 2, 0, 16, 2374.57
1748454305, 407, 51, 64, 0, 0, 0.09%, 2, 0, 16, 2362.82
1748454310, 408, 53, 64, 0, 0, 0.09%, 2, 0, 16, 2392.44
1748454315, 409, 61, 64, 0, 0, 0.09%, 2, 0, 16, 2381.46
1748454320, 410, 53, 64, 0, 0, 0.09%, 2, 0, 16, 2437.02
1748454326, 411, 50, 64, 0, 0, 0.09%, 2, 0, 16, 2422.11
1748454331, 412, 4, 64, 0, 0, 0.09%, 2, 0, 16, 2284.15
1748454336, 413, 28, 64, 0, 0, 0.09%, 2, 0, 16, 2406.13
1748454341, 413, 54, 64, 0, 0, 0.09%, 2, 0, 16, 2411.25
1748454346, 414, 51, 64, 0, 0, 0.09%, 2, 0, 16, 2347.32
1748454351, 415, 53, 64, 0, 0, 0.09%, 2, 0, 16, 2368.86
1748454356, 416, 51, 64, 0, 0, 0.09%, 2, 0, 16, 2315.11
1748454361, 417, 53, 64, 0, 0, 0.09%, 2, 0, 16, 2369.38
1748454367, 418, 53, 64, 0, 0, 0.09%, 2, 0, 16, 2311.42
1748454372, 419, 51, 64, 0, 0, 0.09%, 2, 0, 16, 2282.88
1748454377, 420, 53, 64, 0, 0, 0.09%, 2, 0, 16, 2329.50
1748454382, 421, 53, 64, 0, 0, 0.09%, 2, 0, 16, 2271.82
1748454387, 422, 51, 64, 0, 0, 0.09%, 2, 0, 16, 2251.83
1748454392, 423, 53, 64, 0, 0, 0.09%, 2, 0, 16, 2299.54
1748454397, 424, 51, 64, 0, 0, 0.09%, 2, 0, 16, 2241.51
1748454402, 425, 53, 64, 0, 0, 0.09%, 2, 0, 16, 2293.18
1748454407, 426, 61, 64, 0, 0, 0.09%, 2, 0, 16, 2258.56
1748454412, 428, 4, 64, 0, 0, 0.09%, 2, 0, 16, 2218.35
1748454418, 428, 61, 64, 0, 0, 0.09%, 2, 0, 16, 2230.75
1748454423, 429, 51, 64, 0, 0, 0.09%, 2, 0, 16, 2256.72
1748454428, 430, 61, 64, 0, 0, 0.09%, 2, 0, 16, 2228.41
1748454433, 432, 42, 64, 0, 0, 0.09%, 2, 0, 16, 2234.67
1748454438, 433, 4, 64, 0, 0, 0.09%, 2, 0, 16, 2222.08
1748454443, 434, 47, 64, 0, 0, 0.09%, 2, 0, 16, 2270.74
1748454448, 435, 51, 64, 0, 0, 0.09%, 2, 0, 16, 2300.75
1748454453, 436, 51, 64, 0, 0, 0.09%, 2, 0, 16, 2318.94
1748454458, 437, 53, 64, 0, 0, 0.09%, 2, 0, 16, 2309.50
1748454463, 438, 51, 64, 0, 0, 0.09%, 2, 0, 16, 2272.96
1748454468, 439, 51, 64, 0, 0, 0.09%, 2, 0, 16, 2304.43
1748454473, 440, 47, 64, 0, 0, 0.09%, 2, 0, 16, 2276.45
1748454478, 441, 47, 64, 0, 0, 0.09%, 2, 0, 16, 2270.37
1748454483, 442, 47, 64, 0, 0, 0.09%, 2, 0, 16, 2325.51
1748454488, 443, 51, 64, 0, 0, 0.09%, 2, 0, 16, 2320.72
1748454493, 444, 53, 64, 0, 0, 0.09%, 2, 0, 16, 2312.13
1748454499, 445, 53, 64, 0, 0, 0.09%, 2, 0, 16, 2310.89
1748454504, 446, 53, 64, 0, 0, 0.09%, 2, 0, 16, 2291.80
1748454509, 447, 61, 64, 0, 0, 0.09%, 2, 0, 16, 2194.45
1748454514, 448, 54, 64, 0, 0, 0.09%, 2, 0, 16, 2355.27
1748454519, 449, 51, 64, 0, 0, 0.09%, 2, 0, 16, 2354.67
1748454524, 450, 47, 64, 0, 0, 0.09%, 2, 0, 16, 2302.07
1748454529, 451, 51, 64, 0, 0, 0.09%, 2, 0, 16, 2322.93
1748454534, 452, 51, 64, 0, 0, 0.09%, 2, 0, 16, 2284.10
1748454539, 453, 39, 64, 0, 0, 0.09%, 2, 0, 16, 2120.13
1748454544, 454, 2, 64, 0, 0, 0.09%, 2, 0, 16, 2175.00
1748454549, 455, 47, 64, 0, 0, 0.09%, 2, 0, 16, 2303.59
1748454554, 455, 62, 64, 0, 0, 0.09%, 2, 0, 16, 2100.20
1748454559, 456, 53, 64, 0, 0, 0.09%, 2, 0, 16, 2280.90
1748454564, 458, 4, 64, 0, 0, 0.09%, 2, 0, 16, 2220.22
1748454570, 459, 36, 64, 0, 0, 0.09%, 2, 0, 16, 2268.69
1748454575, 459, 54, 64, 0, 0, 0.09%, 2, 0, 16, 2316.17
1748454580, 460, 53, 64, 0, 0, 0.09%, 2, 0, 16, 2301.30
1748454585, 461, 61, 64, 0, 0, 0.09%, 2, 0, 16, 2223.90
1748454590, 462, 55, 64, 0, 0, 0.09%, 2, 0, 16, 2292.67
1748454595, 463, 53, 64, 0, 0, 0.09%, 2, 0, 16, 2314.48
1748454600, 464, 61, 64, 0, 0, 0.09%, 2, 0, 16, 2271.73
1748454605, 466, 20, 64, 0, 0, 0.09%, 2, 0, 16, 2319.84
1748454610, 466, 57, 64, 0, 0, 0.09%, 2, 0, 16, 2233.59
1748454616, 467, 58, 64, 0, 0, 0.09%, 2, 0, 16, 2263.97
1748454621, 468, 51, 64, 0, 0, 0.09%, 2, 0, 16, 2266.70
1748454626, 469, 53, 64, 0, 0, 0.09%, 2, 0, 16, 2327.74
1748454631, 470, 53, 64, 0, 0, 0.09%, 2, 0, 16, 2358.08
1748454636, 472, 37, 64, 0, 0, 0.09%, 2, 0, 16, 2327.00
1748454641, 472, 57, 64, 0, 0, 0.09%, 2, 0, 16, 2210.11
1748454646, 473, 61, 64, 0, 0, 0.09%, 2, 0, 16, 2261.54
1748454651, 474, 54, 64, 0, 0, 0.09%, 2, 0, 16, 2377.98
1748454656, 475, 47, 64, 0, 0, 0.09%, 2, 0, 16, 2242.99
1748454661, 476, 47, 64, 0, 0, 0.09%, 2, 0, 16, 2321.75
1748454666, 477, 43, 64, 0, 0, 0.09%, 2, 0, 16, 2311.31
1748454671, 478, 42, 64, 0, 0, 0.09%, 2, 0, 16, 2313.40
1748454676, 478, 61, 64, 0, 0, 0.09%, 2, 0, 16, 2196.24
1748454681, 479, 53, 64, 0, 0, 0.09%, 2, 0, 16, 2385.00
1748454686, 481, 4, 64, 0, 0, 0.09%, 2, 0, 16, 2303.57
1748454691, 482, 45, 64, 0, 0, 0.09%, 2, 0, 16, 2305.63
1748454696, 482, 61, 64, 0, 0, 0.09%, 2, 0, 16, 2127.27
1748454701, 483, 61, 64, 0, 0, 0.09%, 2, 0, 16, 2182.97
1748454706, 484, 57, 64, 0, 0, 0.09%, 2, 0, 16, 2256.14
1748454712, 485, 53, 64, 0, 0, 0.09%, 2, 0, 16, 2311.49
1748454717, 487, 45, 64, 0, 0, 0.09%, 2, 0, 16, 2303.90
1748454722, 488, 45, 64, 0, 0, 0.09%, 2, 0, 16, 2330.29
1748454727, 489, 47, 64, 0, 0, 0.09%, 2, 0, 16, 2383.55
1748454732, 490, 45, 64, 0, 0, 0.09%, 2, 0, 16, 2285.64
1748454737, 491, 43, 64, 0, 0, 0.09%, 2, 0, 16, 2307.50
1748454742, 491, 63, 64, 0, 0, 0.09%, 2, 0, 16, 2223.99
1748454747, 493, 37, 64, 0, 0, 0.09%, 2, 0, 16, 2356.85
1748454752, 494, 47, 64, 0, 0, 0.09%, 2, 0, 16, 2352.79
1748454757, 495, 51, 64, 0, 0, 0.09%, 2, 0, 16, 2367.04
1748454762, 496, 51, 64, 0, 0, 0.09%, 2, 0, 16, 2382.98
1748454767, 497, 53, 64, 0, 0, 0.09%, 2, 0, 16, 2377.81
1748454772, 498, 53, 64, 0, 0, 0.09%, 2, 0, 16, 2369.14
1748454777, 499, 53, 64, 0, 0, 0.09%, 2, 0, 16, 2367.35
1748454783, 500, 55, 64, 0, 0, 0.09%, 2, 0, 16, 2336.28
1748454788, 501, 63, 64, 0, 0, 0.09%, 2, 0, 16, 2273.56
1748454793, 503, 41, 64, 0, 0, 0.09%, 2, 0, 16, 2362.50
1748454798, 504, 45, 64, 0, 0, 0.09%, 2, 0, 16, 2410.49
1748454803, 505, 47, 64, 0, 0, 0.09%, 2, 0, 16, 2397.39
1748454808, 506, 51, 64, 0, 0, 0.09%, 2, 0, 16, 2376.15
1748454813, 507, 53, 64, 0, 0, 0.09%, 2, 0, 16, 2348.83
1748454818, 508, 53, 64, 0, 0, 0.09%, 2, 0, 16, 2359.73
1748454823, 509, 53, 64, 0, 0, 0.09%, 2, 0, 16, 2389.23
1748454828, 510, 61, 64, 0, 0, 0.09%, 2, 0, 16, 2273.88
1748454833, 512, 47, 64, 0, 0, 0.09%, 2, 0, 16, 2317.76
1748454838, 513, 45, 64, 0, 0, 0.09%, 2, 0, 16, 2326.41
1748454843, 514, 45, 64, 0, 0, 0.09%, 2, 0, 16, 2293.13
1748454848, 515, 45, 64, 0, 0, 0.09%, 2, 0, 16, 2332.44
1748454853, 516, 47, 64, 0, 0, 0.09%, 2, 0, 16, 2386.45
1748454858, 517, 51, 64, 0, 0, 0.09%, 2, 0, 16, 2349.43
1748454863, 518, 53, 64, 0, 0, 0.09%, 2, 0, 16, 2334.39
1748454868, 519, 53, 64, 0, 0, 0.09%, 2, 0, 16, 2308.02
1748454874, 520, 53, 64, 0, 0, 0.09%, 2, 0, 16, 2288.17
1748454879, 521, 61, 64, 0, 0, 0.09%, 2, 0, 16, 2261.28
1748454884, 522, 55, 64, 0, 0, 0.09%, 2, 0, 16, 2322.04
1748454889, 523, 53, 64, 0, 0, 0.09%, 2, 0, 16, 2349.99
1748454894, 524, 53, 64, 0, 0, 0.09%, 2, 0, 16, 2317.94
1748454899, 525, 53, 64, 0, 0, 0.09%, 2, 0, 16, 2351.00
1748454904, 526, 53, 64, 0, 0, 0.09%, 2, 0, 16, 2369.63
1748454909, 528, 39, 64, 0, 0, 0.09%, 2, 0, 16, 2325.43
1748454914, 529, 45, 64, 0, 0, 0.09%, 2, 0, 16, 2334.61
1748454920, 530, 51, 64, 0, 0, 0.09%, 2, 0, 16, 2323.87
1748454925, 531, 51, 64, 0, 0, 0.09%, 2, 0, 16, 2377.87
1748454930, 532, 49, 64, 0, 0, 0.09%, 2, 0, 16, 2369.51
1748454935, 533, 51, 64, 0, 0, 0.09%, 2, 0, 16, 2399.24
1748454940, 534, 51, 64, 0, 0, 0.09%, 2, 0, 16, 2376.03
1748454945, 535, 53, 64, 0, 0, 0.09%, 2, 0, 16, 2383.48
1748454950, 536, 51, 64, 0, 0, 0.09%, 2, 0, 16, 2379.18
1748454955, 537, 53, 64, 0, 0, 0.09%, 2, 0, 16, 2388.45
1748454960, 539, 37, 64, 0, 0, 0.09%, 2, 0, 16, 2357.64
1748454965, 540, 28, 64, 0, 0, 0.09%, 2, 0, 16, 2309.04
1748454970, 541, 4, 64, 0, 0, 0.09%, 2, 0, 16, 2279.71
1748454975, 542, 29, 64, 0, 0, 0.09%, 2, 0, 16, 2342.26
1748454980, 542, 59, 64, 0, 0, 0.09%, 2, 0, 16, 2386.87
1748454986, 544, 45, 64, 0, 0, 0.09%, 2, 0, 16, 2325.79
1748454991, 545, 45, 64, 0, 0, 0.09%, 2, 0, 16, 2309.92
1748454996, 546, 47, 64, 0, 0, 0.09%, 2, 0, 16, 2325.26
1748455001, 547, 51, 64, 0, 0, 0.09%, 2, 0, 16, 2357.22
1748455006, 548, 53, 64, 0, 0, 0.09%, 2, 0, 16, 2370.38
1748455011, 549, 51, 64, 0, 0, 0.09%, 2, 0, 16, 2401.20
1748455016, 550, 53, 64, 0, 0, 0.09%, 2, 0, 16, 2414.70
1748455021, 551, 53, 64, 0, 0, 0.09%, 2, 0, 16, 2365.21
1748455026, 552, 61, 64, 0, 0, 0.09%, 2, 0, 16, 2398.10
1748455031, 553, 61, 64, 0, 0, 0.09%, 2, 0, 16, 2327.53
1748455036, 554, 53, 64, 0, 0, 0.09%, 2, 0, 16, 2419.88
1748455041, 555, 61, 64, 0, 0, 0.09%, 2, 0, 16, 2303.72
1748455046, 557, 5, 64, 0, 0, 0.09%, 2, 0, 16, 2279.29
1748455051, 557, 54, 64, 0, 0, 0.09%, 2, 0, 16, 2451.01
1748455056, 558, 54, 64, 0, 0, 0.09%, 2, 0, 16, 2497.95
1748455061, 559, 53, 64, 0, 0, 0.09%, 2, 0, 16, 2479.78
1748455066, 560, 53, 64, 0, 0, 0.09%, 2, 0, 16, 2471.46
1748455072, 561, 61, 64, 0, 0, 0.09%, 2, 0, 16, 2419.61
1748455077, 563, 45, 64, 0, 0, 0.09%, 2, 0, 16, 2426.81
1748455082, 564, 51, 64, 0, 0, 0.09%, 2, 0, 16, 2489.18
1748455087, 565, 53, 64, 0, 0, 0.09%, 2, 0, 16, 2489.77
1748455092, 566, 53, 64, 0, 0, 0.09%, 2, 0, 16, 2489.44
1748455097, 567, 61, 64, 0, 0, 0.09%, 2, 0, 16, 2440.65
1748455102, 569, 41, 64, 0, 0, 0.09%, 2, 0, 16, 2429.19
1748455107, 570, 45, 64, 0, 0, 0.09%, 2, 0, 16, 2402.21
