# unix_time, cycles_done, cur_path, paths_total, pending_total, pending_favs, map_size, unique_crashes, unique_hangs, max_depth, execs_per_sec
1748451572, 0, 0, 1, 1, 1, 0.03%, 0, 0, 1, 800.00
1748451577, 0, 0, 17, 17, 1, 0.05%, 0, 0, 2, 2314.03
1748451582, 0, 0, 19, 19, 1, 0.05%, 0, 0, 2, 2606.90
1748451588, 0, 5, 25, 21, 2, 0.05%, 0, 0, 3, 2663.72
1748451593, 0, 5, 27, 23, 2, 0.05%, 0, 0, 3, 2683.01
1748451603, 2, 25, 27, 17, 0, 0.05%, 0, 0, 3, 2609.13
1748451608, 2, 27, 31, 20, 0, 0.05%, 0, 0, 5, 2466.40
1748451613, 2, 27, 33, 22, 0, 0.05%, 0, 0, 5, 2492.09
1748451618, 2, 27, 34, 23, 0, 0.05%, 0, 0, 5, 2490.71
1748451623, 2, 30, 35, 23, 1, 0.05%, 0, 0, 6, 2539.59
1748451628, 3, 12, 36, 22, 0, 0.05%, 0, 0, 6, 2463.84
1748451633, 3, 37, 38, 21, 1, 0.05%, 0, 0, 7, 2402.80
1748451638, 3, 37, 40, 23, 1, 0.06%, 0, 0, 8, 2553.57
1748451643, 3, 39, 43, 25, 2, 0.07%, 0, 0, 9, 2200.79
1748451648, 3, 39, 44, 26, 2, 0.07%, 0, 0, 9, 2303.72
1748451654, 3, 39, 45, 27, 2, 0.07%, 0, 0, 9, 2364.83
1748451659, 3, 41, 48, 29, 2, 0.08%, 0, 0, 10, 2179.28
1748451664, 3, 41, 49, 30, 2, 0.08%, 0, 0, 10, 2292.93
1748451674, 3, 44, 49, 29, 3, 0.08%, 0, 0, 10, 2037.45
1748451679, 3, 46, 50, 29, 2, 0.08%, 0, 0, 11, 2035.81
1748451684, 3, 48, 50, 28, 2, 0.08%, 0, 0, 11, 2189.22
1748451694, 3, 49, 51, 28, 1, 0.08%, 0, 0, 12, 1999.98
1748451699, 3, 50, 51, 27, 1, 0.08%, 0, 0, 12, 2128.39
1748451709, 4, 35, 51, 21, 0, 0.08%, 0, 0, 12, 2403.02
1748451714, 4, 45, 51, 20, 0, 0.08%, 0, 0, 12, 2169.01
1748451725, 4, 47, 51, 19, 0, 0.08%, 0, 0, 12, 1952.87
1748451730, 4, 48, 51, 18, 0, 0.08%, 0, 0, 12, 2170.22
1748451735, 5, 18, 51, 14, 0, 0.08%, 0, 0, 12, 2468.62
1748451740, 5, 38, 51, 12, 0, 0.08%, 0, 0, 12, 2271.33
1748451745, 5, 46, 51, 11, 0, 0.08%, 0, 0, 12, 2252.36
1748451750, 6, 29, 51, 10, 0, 0.08%, 0, 0, 12, 2280.04
1748451755, 6, 40, 51, 9, 0, 0.08%, 0, 0, 12, 2056.07
1748451765, 6, 43, 51, 8, 0, 0.08%, 0, 0, 12, 1872.36
1748451770, 6, 50, 51, 7, 0, 0.08%, 0, 0, 12, 2166.58
1748451775, 7, 32, 51, 5, 0, 0.08%, 0, 0, 12, 2099.82
1748451781, 7, 50, 51, 4, 0, 0.08%, 0, 0, 12, 2282.92
1748451786, 8, 33, 51, 4, 0, 0.08%, 0, 0, 12, 2124.72
1748451791, 8, 42, 51, 2, 0, 0.08%, 0, 0, 12, 2185.36
1748451801, 8, 51, 54, 4, 1, 0.09%, 0, 0, 14, 2050.27
1748451806, 8, 51, 56, 6, 1, 0.09%, 0, 0, 14, 2005.77
1748451811, 8, 51, 58, 8, 1, 0.10%, 0, 0, 14, 2120.02
1748451821, 8, 53, 58, 7, 4, 0.10%, 0, 0, 14, 1930.90
1748451832, 8, 55, 58, 6, 3, 0.10%, 0, 0, 14, 1975.61
1748451837, 8, 55, 61, 9, 3, 0.10%, 0, 0, 15, 1994.73
1748451842, 8, 55, 62, 10, 3, 0.10%, 0, 0, 15, 2092.61
1748451847, 8, 55, 63, 11, 3, 0.11%, 0, 0, 15, 2085.60
1748451852, 8, 56, 64, 11, 5, 0.11%, 0, 0, 15, 2053.82
1748451867, 8, 57, 64, 10, 4, 0.11%, 0, 0, 15, 1875.83
1748451872, 8, 57, 65, 11, 4, 0.11%, 0, 0, 15, 2184.31
1748451882, 8, 64, 66, 11, 2, 0.11%, 0, 0, 15, 2199.14
1748451887, 8, 64, 67, 12, 2, 0.11%, 0, 0, 16, 1705.60
1748451898, 8, 64, 68, 13, 2, 0.12%, 0, 0, 16, 2141.77
1748451903, 8, 64, 69, 14, 2, 0.12%, 0, 0, 16, 2058.67
1748451908, 8, 65, 69, 13, 3, 0.12%, 0, 0, 16, 1627.98
1748451923, 8, 66, 69, 12, 2, 0.12%, 0, 0, 16, 1557.84
1748451928, 8, 66, 70, 13, 2, 0.13%, 0, 0, 17, 1737.26
1748451949, 8, 68, 70, 12, 2, 0.13%, 0, 0, 17, 1776.55
1748451965, 8, 68, 71, 13, 2, 0.13%, 0, 0, 17, 1825.17
1748451980, 8, 69, 71, 12, 2, 0.13%, 0, 0, 17, 1556.86
1748451985, 8, 69, 72, 13, 2, 0.13%, 0, 0, 18, 1062.49
1748452000, 8, 69, 73, 14, 2, 0.13%, 0, 0, 18, 1764.40
1748452010, 8, 71, 74, 14, 1, 0.13%, 0, 0, 19, 1208.96
1748452021, 8, 71, 76, 16, 1, 0.14%, 0, 0, 19, 1926.81
1748452031, 8, 71, 77, 17, 1, 0.14%, 0, 0, 19, 1952.41
1748452036, 8, 74, 77, 16, 2, 0.14%, 0, 0, 19, 1723.85
1748452046, 8, 74, 78, 17, 2, 0.14%, 0, 0, 20, 1411.70
1748452051, 8, 74, 79, 18, 2, 0.14%, 0, 0, 20, 1793.27
1748452061, 8, 74, 80, 19, 2, 0.14%, 0, 0, 20, 1914.38
1748452066, 8, 75, 80, 18, 4, 0.14%, 0, 0, 20, 1622.19
1748452076, 8, 75, 81, 19, 4, 0.15%, 0, 0, 20, 1693.93
1748452091, 8, 76, 81, 18, 2, 0.15%, 0, 0, 20, 1767.30
1748452112, 8, 80, 81, 17, 1, 0.15%, 0, 0, 20, 1693.37
1748452127, 8, 80, 82, 18, 1, 0.15%, 0, 0, 21, 1735.45
1748452142, 9, 52, 82, 17, 0, 0.15%, 0, 0, 21, 1981.50
1748452158, 9, 56, 82, 16, 0, 0.15%, 0, 0, 21, 2227.48
1748452163, 9, 67, 82, 16, 0, 0.15%, 0, 0, 21, 2031.45
1748452173, 9, 67, 83, 17, 0, 0.15%, 0, 0, 21, 1907.53
1748452178, 9, 67, 90, 24, 0, 0.15%, 0, 0, 21, 1955.68
1748452183, 9, 67, 91, 25, 0, 0.15%, 0, 0, 21, 1995.48
1748452188, 9, 90, 91, 24, 1, 0.15%, 0, 0, 21, 1241.36
1748452193, 9, 90, 92, 25, 1, 0.15%, 0, 0, 21, 538.36
1748452479, 10, 56, 92, 23, 0, 0.15%, 0, 0, 21, 1814.66
1748452484, 10, 71, 92, 23, 0, 0.15%, 0, 0, 21, 1832.62
1748452489, 10, 73, 92, 23, 0, 0.15%, 0, 0, 21, 1664.30
1748452509, 10, 76, 92, 22, 0, 0.15%, 0, 0, 21, 1737.46
1748452515, 10, 77, 92, 22, 0, 0.15%, 0, 0, 21, 1386.77
1748452535, 10, 78, 92, 21, 0, 0.15%, 0, 0, 21, 1377.66
1748452555, 10, 80, 92, 20, 0, 0.15%, 0, 0, 21, 1572.93
1748452560, 10, 81, 92, 20, 0, 0.15%, 0, 0, 21, 1393.30
1748452586, 10, 85, 92, 19, 0, 0.15%, 0, 0, 21, 1209.84
1748452708, 11, 56, 92, 18, 0, 0.15%, 0, 0, 21, 1583.81
1748452713, 11, 92, 93, 19, 1, 0.15%, 0, 0, 21, 1703.84
1748452723, 11, 92, 94, 20, 1, 0.15%, 0, 0, 21, 1188.49
1748452728, 11, 92, 95, 21, 1, 0.16%, 0, 0, 21, 1467.29
1748452743, 11, 92, 96, 22, 1, 0.16%, 0, 0, 21, 1746.02
1748452748, 11, 95, 97, 22, 1, 0.16%, 0, 0, 22, 1458.96
1748452758, 11, 95, 98, 23, 1, 0.16%, 0, 0, 22, 1085.06
1748452764, 11, 95, 99, 24, 1, 0.16%, 0, 0, 22, 1430.98
1748452779, 11, 98, 99, 23, 1, 0.16%, 0, 0, 22, 1520.74
1748452789, 11, 98, 100, 24, 1, 0.16%, 0, 0, 23, 1248.99
1748452794, 11, 98, 101, 25, 1, 0.17%, 0, 0, 23, 1138.14
1748452799, 11, 98, 103, 27, 1, 0.18%, 0, 0, 23, 1622.14
1748452814, 11, 102, 103, 26, 1, 0.18%, 0, 0, 23, 1692.39
1748452819, 11, 102, 104, 27, 1, 0.19%, 0, 0, 24, 975.13
1748452865, 11, 102, 105, 28, 1, 0.19%, 2, 0, 24, 1052.89
1748452871, 11, 102, 106, 29, 1, 0.19%, 2, 0, 24, 1327.91
1748452881, 11, 102, 106, 29, 1, 0.19%, 3, 0, 24, 1376.86
1748452891, 11, 105, 106, 28, 1, 0.19%, 3, 0, 24, 934.21
1748452946, 12, 44, 106, 27, 0, 0.19%, 3, 0, 24, 1509.54
1748452951, 12, 54, 106, 27, 0, 0.19%, 3, 0, 24, 1728.79
1748452967, 12, 59, 106, 26, 0, 0.19%, 3, 0, 24, 1722.75
1748452982, 12, 61, 106, 25, 0, 0.19%, 3, 0, 24, 1702.58
1748453003, 12, 70, 106, 24, 0, 0.19%, 3, 0, 24, 1350.80
1748453018, 12, 71, 106, 23, 0, 0.19%, 3, 0, 24, 1899.65
1748453023, 12, 72, 106, 23, 0, 0.19%, 3, 0, 24, 1507.20
1748453044, 12, 77, 106, 22, 0, 0.19%, 3, 0, 24, 1832.75
1748453049, 12, 84, 106, 22, 0, 0.19%, 3, 0, 24, 1243.71
1748453105, 12, 87, 106, 21, 0, 0.19%, 3, 0, 24, 1370.21
1748453191, 12, 94, 106, 20, 0, 0.19%, 3, 0, 24, 1208.54
1748453216, 12, 96, 106, 19, 0, 0.19%, 3, 0, 24, 1602.27
1748453242, 12, 99, 106, 18, 0, 0.19%, 3, 0, 24, 1671.16
1748453272, 12, 100, 106, 17, 0, 0.19%, 3, 0, 24, 1430.04
1748453298, 12, 101, 106, 16, 0, 0.19%, 3, 0, 24, 1196.68
1748453358, 12, 103, 106, 15, 0, 0.19%, 3, 0, 24, 1398.15
1748453419, 12, 103, 106, 15, 0, 0.19%, 5, 0, 24, 1290.90
1748453430, 13, 32, 106, 14, 0, 0.19%, 6, 0, 24, 1480.50
1748453435, 13, 62, 106, 14, 0, 0.19%, 6, 0, 24, 1738.42
1748453450, 13, 65, 106, 13, 0, 0.19%, 6, 0, 24, 1918.63
1748453455, 13, 105, 106, 13, 0, 0.19%, 6, 0, 24, 1717.26
1748453460, 14, 57, 106, 13, 0, 0.19%, 6, 0, 24, 1812.05
1748453465, 14, 63, 106, 13, 0, 0.19%, 6, 0, 24, 1697.51
1748453481, 14, 65, 106, 12, 0, 0.19%, 6, 0, 24, 2013.12
1748453486, 14, 80, 106, 12, 0, 0.19%, 6, 0, 24, 1925.97
1748453491, 14, 83, 106, 12, 0, 0.19%, 6, 0, 24, 1077.96
1748453562, 14, 89, 106, 11, 0, 0.19%, 6, 0, 24, 885.31
1748453806, 14, 90, 106, 10, 0, 0.19%, 6, 0, 24, 1001.45
1748453812, 14, 97, 106, 10, 0, 0.19%, 6, 0, 24, 1186.04
1748453837, 14, 105, 106, 9, 0, 0.19%, 6, 0, 24, 1645.59
1748453842, 15, 52, 106, 9, 0, 0.19%, 6, 0, 24, 1864.51
1748453847, 15, 60, 106, 9, 0, 0.19%, 6, 0, 24, 1805.88
1748453868, 15, 74, 106, 8, 0, 0.19%, 6, 0, 24, 1884.18
1748453873, 15, 82, 106, 8, 0, 0.19%, 6, 0, 24, 474.50
1748454026, 15, 91, 106, 7, 0, 0.19%, 6, 0, 24, 1081.60
1748454103, 15, 105, 106, 6, 0, 0.19%, 6, 0, 24, 1601.08
1748454108, 16, 62, 106, 6, 0, 0.19%, 6, 0, 24, 1939.41
1748454113, 16, 79, 106, 6, 0, 0.19%, 6, 0, 24, 1800.41
1748454144, 16, 104, 106, 5, 0, 0.19%, 6, 0, 24, 1304.47
1748454164, 16, 104, 106, 5, 0, 0.19%, 7, 0, 24, 874.97
1748454169, 16, 104, 106, 5, 0, 0.19%, 9, 0, 24, 703.33
1748454317, 17, 48, 106, 4, 0, 0.19%, 9, 0, 24, 1482.54
1748454322, 17, 70, 106, 4, 0, 0.19%, 9, 0, 24, 1807.36
1748454327, 17, 93, 106, 4, 0, 0.19%, 9, 0, 24, 1663.89
1748454353, 17, 105, 106, 3, 0, 0.19%, 9, 0, 24, 1696.78
1748454358, 18, 58, 106, 3, 0, 0.19%, 9, 0, 24, 1856.41
1748454373, 18, 61, 106, 2, 0, 0.19%, 9, 0, 24, 1983.65
1748454378, 18, 68, 106, 2, 0, 0.19%, 9, 0, 24, 1929.37
1748454383, 18, 83, 106, 2, 0, 0.19%, 9, 0, 24, 1625.93
1748454388, 19, 36, 106, 2, 0, 0.19%, 9, 0, 24, 1633.05
1748454393, 19, 56, 106, 2, 0, 0.19%, 9, 0, 24, 1913.31
1748454398, 19, 94, 106, 2, 0, 0.19%, 9, 0, 24, 1793.64
1748454403, 19, 105, 106, 2, 0, 0.19%, 9, 0, 24, 1817.42
1748454408, 20, 71, 106, 2, 0, 0.19%, 9, 0, 24, 1920.08
1748454413, 21, 52, 106, 2, 0, 0.19%, 9, 0, 24, 1904.76
1748454418, 21, 90, 106, 2, 0, 0.19%, 9, 0, 24, 1911.52
1748454424, 22, 44, 106, 2, 0, 0.19%, 10, 0, 24, 1604.70
1748454429, 22, 60, 106, 2, 0, 0.19%, 10, 0, 24, 1918.91
1748454434, 22, 73, 106, 2, 0, 0.19%, 10, 0, 24, 1904.79
1748454439, 22, 97, 106, 2, 0, 0.19%, 10, 0, 24, 1747.58
1748454444, 22, 105, 106, 2, 0, 0.19%, 10, 0, 24, 1530.92
1748454449, 23, 56, 106, 2, 0, 0.19%, 10, 0, 24, 1957.37
1748454454, 23, 86, 106, 2, 0, 0.19%, 10, 0, 24, 1496.47
1748454535, 23, 105, 106, 1, 0, 0.19%, 10, 0, 24, 1299.70
1748454540, 24, 58, 106, 1, 0, 0.19%, 10, 0, 24, 1934.67
1748454545, 24, 80, 106, 1, 0, 0.19%, 10, 0, 24, 1898.21
1748454550, 25, 65, 106, 1, 0, 0.19%, 10, 0, 24, 1916.89
1748454556, 25, 84, 106, 1, 0, 0.19%, 10, 0, 24, 1774.89
1748454561, 26, 40, 106, 1, 0, 0.19%, 10, 0, 24, 1748.05
1748454566, 26, 65, 106, 1, 0, 0.19%, 10, 0, 24, 1913.84
1748454571, 26, 91, 106, 1, 0, 0.19%, 10, 0, 24, 1693.59
1748454576, 27, 52, 106, 1, 0, 0.19%, 10, 0, 24, 1962.30
1748454581, 27, 80, 106, 1, 0, 0.19%, 10, 0, 24, 1952.30
1748454586, 27, 102, 106, 1, 0, 0.19%, 10, 0, 24, 1721.24
1748454591, 28, 56, 106, 1, 0, 0.19%, 10, 0, 24, 1970.02
1748454596, 28, 80, 106, 1, 0, 0.19%, 10, 0, 24, 2012.65
1748454601, 29, 39, 106, 1, 0, 0.19%, 10, 0, 24, 1699.66
1748454606, 29, 80, 106, 1, 0, 0.19%, 10, 0, 24, 1934.98
1748454611, 29, 93, 106, 1, 0, 0.19%, 10, 0, 24, 1653.74
1748454616, 30, 44, 106, 1, 0, 0.19%, 11, 0, 24, 1694.83
1748454621, 30, 71, 106, 1, 0, 0.19%, 11, 0, 24, 1943.91
1748454627, 30, 88, 106, 1, 0, 0.19%, 11, 0, 24, 1738.60
1748454724, 31, 48, 106, 0, 0, 0.19%, 11, 0, 24, 1721.98
1748454729, 31, 84, 106, 0, 0, 0.19%, 11, 0, 24, 1831.12
1748454734, 32, 53, 106, 0, 0, 0.19%, 11, 0, 24, 1877.61
1748454739, 32, 105, 106, 0, 0, 0.19%, 11, 0, 24, 1757.76
1748454744, 33, 71, 106, 0, 0, 0.19%, 11, 0, 24, 1917.34
1748454749, 34, 53, 106, 0, 0, 0.19%, 11, 0, 24, 1890.53
1748454754, 34, 80, 106, 0, 0, 0.19%, 11, 0, 24, 1870.20
1748454759, 35, 56, 106, 0, 0, 0.19%, 11, 0, 24, 1870.24
1748454764, 35, 80, 106, 0, 0, 0.19%, 11, 0, 24, 1940.76
1748454769, 36, 48, 106, 0, 0, 0.19%, 11, 0, 24, 1752.63
1748454774, 36, 80, 106, 0, 0, 0.19%, 11, 0, 24, 1905.65
1748454779, 37, 65, 106, 0, 0, 0.19%, 11, 0, 24, 1920.94
1748454784, 37, 80, 106, 0, 0, 0.19%, 11, 0, 24, 1862.99
1748454790, 37, 101, 106, 0, 0, 0.19%, 11, 0, 24, 1603.05
1748454795, 38, 55, 106, 0, 0, 0.19%, 11, 0, 24, 1948.69
1748454800, 38, 95, 106, 0, 0, 0.19%, 11, 0, 24, 1854.27
1748454805, 39, 48, 106, 0, 0, 0.19%, 11, 0, 24, 2016.24
1748454810, 39, 105, 106, 0, 0, 0.19%, 11, 0, 24, 1839.99
1748454815, 40, 71, 106, 0, 0, 0.19%, 11, 0, 24, 1951.27
1748454820, 40, 105, 106, 0, 0, 0.19%, 11, 0, 24, 1579.96
1748454825, 41, 71, 106, 0, 0, 0.19%, 11, 0, 24, 1924.51
1748454830, 41, 105, 106, 0, 0, 0.19%, 11, 0, 24, 1770.42
1748454835, 42, 65, 106, 0, 0, 0.19%, 11, 0, 24, 1925.97
1748454841, 42, 105, 106, 0, 0, 0.19%, 11, 0, 24, 1568.43
1748454846, 43, 66, 106, 0, 0, 0.19%, 11, 0, 24, 1882.10
1748454851, 43, 103, 106, 0, 0, 0.19%, 11, 0, 24, 1722.83
1748454856, 44, 65, 106, 0, 0, 0.19%, 12, 0, 24, 1931.56
1748454861, 45, 48, 106, 0, 0, 0.19%, 12, 0, 24, 1841.80
1748454866, 45, 80, 106, 0, 0, 0.19%, 12, 0, 24, 1900.78
1748454871, 46, 48, 106, 0, 0, 0.19%, 12, 0, 24, 1873.94
1748454876, 46, 105, 106, 0, 0, 0.19%, 12, 0, 24, 1792.83
1748454881, 47, 71, 106, 0, 0, 0.19%, 12, 0, 24, 1938.84
1748454887, 48, 46, 106, 0, 0, 0.19%, 12, 0, 24, 1798.73
1748454892, 48, 80, 106, 0, 0, 0.19%, 12, 0, 24, 1835.88
1748454897, 49, 48, 106, 0, 0, 0.19%, 12, 0, 24, 1721.28
1748454902, 49, 80, 106, 0, 0, 0.19%, 12, 0, 24, 1939.62
1748454907, 49, 105, 106, 0, 0, 0.19%, 12, 0, 24, 1586.29
1748454912, 50, 71, 106, 0, 0, 0.19%, 12, 0, 24, 1940.17
1748454917, 50, 105, 106, 0, 0, 0.19%, 12, 0, 24, 1695.63
1748454922, 51, 78, 106, 0, 0, 0.19%, 12, 0, 24, 1904.20
1748454927, 52, 53, 106, 0, 0, 0.19%, 12, 0, 24, 1850.25
1748454932, 52, 105, 106, 0, 0, 0.19%, 12, 0, 24, 1719.54
1748454938, 53, 71, 106, 0, 0, 0.19%, 12, 0, 24, 1933.48
1748454943, 53, 105, 106, 0, 0, 0.19%, 12, 0, 24, 1628.92
1748454948, 54, 65, 106, 0, 0, 0.19%, 12, 0, 24, 1945.87
1748454953, 54, 105, 106, 0, 0, 0.19%, 12, 0, 24, 1661.42
1748454958, 55, 59, 106, 0, 0, 0.19%, 12, 0, 24, 1946.53
1748454963, 55, 90, 106, 0, 0, 0.19%, 12, 0, 24, 1883.90
1748454968, 56, 65, 106, 0, 0, 0.19%, 12, 0, 24, 1922.32
1748454973, 57, 44, 106, 0, 0, 0.19%, 12, 0, 24, 1816.92
1748454978, 57, 71, 106, 0, 0, 0.19%, 12, 0, 24, 1981.48
1748454983, 58, 53, 106, 0, 0, 0.19%, 12, 0, 24, 1898.98
1748454988, 58, 83, 106, 0, 0, 0.19%, 12, 0, 24, 1784.60
1748454993, 58, 100, 106, 0, 0, 0.19%, 12, 0, 24, 1755.80
1748454998, 59, 65, 106, 0, 0, 0.19%, 12, 0, 24, 1870.47
1748455004, 59, 94, 106, 0, 0, 0.19%, 12, 0, 24, 1719.92
1748455009, 60, 48, 106, 0, 0, 0.19%, 12, 0, 24, 1903.17
1748455014, 60, 54, 106, 0, 0, 0.19%, 12, 0, 24, 2030.69
1748455019, 60, 80, 106, 0, 0, 0.19%, 12, 0, 24, 1918.21
1748455024, 61, 56, 106, 0, 0, 0.19%, 12, 0, 24, 1952.96
1748455029, 61, 90, 106, 0, 0, 0.19%, 12, 0, 24, 1916.31
1748455034, 62, 60, 106, 0, 0, 0.19%, 12, 0, 24, 2027.59
1748455039, 62, 96, 106, 0, 0, 0.19%, 12, 0, 24, 1799.25
1748455044, 63, 56, 106, 0, 0, 0.19%, 12, 0, 24, 1955.75
1748455049, 63, 105, 106, 0, 0, 0.19%, 12, 0, 24, 1791.77
1748455054, 64, 68, 106, 0, 0, 0.19%, 12, 0, 24, 1993.43
1748455059, 64, 98, 106, 0, 0, 0.19%, 12, 0, 24, 1763.36
1748455065, 65, 44, 106, 0, 0, 0.19%, 12, 0, 24, 1818.56
1748455070, 65, 80, 106, 0, 0, 0.19%, 12, 0, 24, 1980.71
1748455075, 65, 105, 106, 0, 0, 0.19%, 12, 0, 24, 1667.60
1748455080, 66, 63, 106, 0, 0, 0.19%, 12, 0, 24, 2030.75
1748455085, 66, 80, 106, 0, 0, 0.19%, 12, 0, 24, 1934.92
1748455090, 66, 102, 106, 0, 0, 0.19%, 12, 0, 24, 1782.20
1748455095, 67, 53, 106, 0, 0, 0.19%, 12, 0, 24, 1924.70
1748455100, 67, 80, 106, 0, 0, 0.19%, 12, 0, 24, 1958.63
1748455105, 68, 48, 106, 0, 0, 0.19%, 12, 0, 24, 1943.50
1748455110, 68, 80, 106, 0, 0, 0.19%, 12, 0, 24, 2012.19
1748455115, 69, 65, 106, 0, 0, 0.19%, 12, 0, 24, 2032.69
1748455120, 70, 34, 106, 0, 0, 0.19%, 12, 0, 24, 1933.78
1748455125, 70, 71, 106, 0, 0, 0.19%, 12, 0, 24, 2049.81
1748455130, 70, 89, 106, 0, 0, 0.19%, 12, 0, 24, 1933.50
1748455135, 71, 40, 106, 0, 0, 0.19%, 12, 0, 24, 1737.32
1748455140, 71, 80, 106, 0, 0, 0.19%, 12, 0, 24, 1897.31
1748455146, 72, 48, 106, 0, 0, 0.19%, 12, 0, 24, 1833.66
1748455151, 72, 71, 106, 0, 0, 0.19%, 12, 0, 24, 1968.75
1748455156, 73, 56, 106, 0, 0, 0.19%, 12, 0, 24, 1903.62
1748455161, 73, 93, 106, 0, 0, 0.19%, 12, 0, 24, 1819.64
1748455166, 74, 53, 106, 0, 0, 0.19%, 12, 0, 24, 1953.77
1748455171, 74, 103, 106, 0, 0, 0.19%, 12, 0, 24, 1834.70
