# unix_time, cycles_done, cur_path, paths_total, pending_total, pending_favs, map_size, unique_crashes, unique_hangs, max_depth, execs_per_sec
1746712463, 0, 0, 1, 1, 1, 3.78%, 0, 0, 1, 83.33
1746712468, 0, 0, 40, 40, 1, 5.01%, 0, 0, 2, 123.45
1746712473, 0, 0, 72, 72, 1, 5.82%, 0, 0, 2, 125.18
1746712478, 0, 0, 99, 99, 1, 5.83%, 0, 0, 2, 129.48
1746712484, 0, 0, 115, 115, 1, 5.83%, 0, 0, 2, 135.14
1746712489, 0, 0, 128, 128, 1, 5.89%, 0, 0, 2, 133.48
1746712494, 0, 0, 141, 141, 1, 5.89%, 0, 0, 2, 138.79
1746712499, 0, 0, 158, 158, 1, 5.89%, 0, 0, 2, 138.36
1746712504, 0, 0, 172, 172, 1, 5.89%, 0, 0, 2, 137.23
1746712509, 0, 0, 181, 181, 1, 5.91%, 0, 0, 2, 142.34
1746712515, 0, 0, 191, 191, 1, 5.91%, 0, 0, 2, 143.04
1746712520, 0, 0, 200, 200, 1, 5.91%, 0, 0, 2, 142.85
1746712525, 0, 0, 205, 205, 1, 5.91%, 0, 0, 2, 144.08
1746712530, 0, 0, 211, 211, 1, 5.92%, 0, 0, 2, 142.70
1746712535, 0, 0, 216, 216, 1, 5.92%, 0, 0, 2, 142.20
1746712540, 0, 0, 219, 219, 1, 5.92%, 0, 0, 2, 142.20
1746712546, 0, 0, 229, 229, 1, 5.92%, 0, 0, 2, 136.84
1746712551, 0, 0, 235, 235, 1, 5.92%, 0, 0, 2, 139.56
1746712556, 0, 0, 240, 240, 1, 5.92%, 0, 0, 2, 140.69
1746712561, 0, 0, 246, 246, 1, 5.93%, 0, 0, 2, 142.99
1746712566, 0, 0, 251, 251, 1, 5.93%, 0, 0, 2, 145.86
1746712571, 0, 0, 257, 257, 1, 6.02%, 0, 0, 2, 142.93
1746712577, 0, 0, 261, 261, 1, 6.02%, 0, 0, 2, 146.64
1746712582, 0, 0, 266, 266, 1, 6.02%, 0, 0, 2, 142.03
1746712587, 0, 0, 268, 268, 1, 6.02%, 0, 0, 2, 147.48
1746712592, 0, 0, 274, 274, 1, 6.02%, 0, 0, 2, 142.34
1746712597, 0, 2, 279, 278, 10, 6.02%, 0, 0, 2, 143.50
1746712602, 0, 29, 279, 277, 9, 6.02%, 0, 0, 2, 145.83
1746712613, 0, 29, 283, 281, 9, 6.02%, 0, 0, 3, 140.38
1746712618, 0, 29, 285, 283, 9, 6.02%, 0, 0, 3, 138.49
1746712623, 0, 29, 287, 285, 9, 6.02%, 0, 0, 3, 144.24
1746712628, 0, 29, 289, 287, 9, 6.02%, 0, 0, 3, 144.72
1746712633, 0, 29, 290, 288, 9, 6.02%, 0, 0, 3, 144.98
1746712639, 0, 29, 293, 291, 9, 6.02%, 0, 0, 3, 143.45
1746712644, 0, 29, 294, 292, 9, 6.03%, 0, 0, 3, 139.85
1746712649, 0, 29, 296, 294, 9, 6.03%, 0, 0, 3, 138.21
1746712654, 0, 29, 298, 296, 9, 6.03%, 0, 0, 3, 142.29
1746712659, 0, 29, 301, 299, 9, 6.03%, 0, 0, 3, 140.83
1746712664, 0, 29, 305, 303, 9, 6.03%, 0, 0, 3, 141.93
1746712670, 0, 29, 306, 304, 9, 6.03%, 0, 0, 3, 141.46
1746712675, 0, 29, 307, 305, 9, 6.12%, 0, 0, 3, 141.24
1746712680, 0, 29, 309, 307, 9, 6.12%, 0, 0, 3, 140.23
1746712685, 0, 29, 312, 310, 9, 6.12%, 0, 0, 3, 139.29
1746712695, 0, 29, 314, 312, 9, 6.12%, 0, 0, 3, 140.21
1746712701, 0, 29, 316, 314, 9, 6.12%, 0, 0, 3, 140.68
1746712706, 0, 29, 318, 316, 9, 6.12%, 0, 0, 3, 142.05
1746712711, 0, 29, 320, 318, 9, 6.12%, 0, 0, 3, 143.67
1746712716, 0, 29, 323, 321, 9, 6.12%, 0, 0, 3, 144.46
1746712721, 0, 29, 324, 322, 9, 6.12%, 0, 0, 3, 142.77
1746712726, 0, 69, 324, 321, 9, 6.12%, 0, 0, 3, 111.39
1746712731, 0, 69, 329, 326, 9, 6.12%, 0, 0, 3, 68.95
1746712737, 0, 69, 338, 335, 9, 6.12%, 0, 0, 3, 59.24
1746712742, 0, 69, 343, 340, 9, 6.12%, 0, 0, 3, 57.58
1746712747, 0, 69, 345, 342, 9, 6.13%, 0, 0, 3, 57.41
1746712752, 0, 69, 347, 344, 9, 6.13%, 0, 0, 3, 57.06
1746712757, 0, 69, 348, 345, 9, 6.13%, 0, 0, 3, 57.12
1746712788, 0, 69, 350, 347, 9, 6.13%, 0, 0, 3, 58.13
1746712793, 0, 69, 351, 348, 9, 6.13%, 0, 0, 3, 58.04
1746712798, 0, 69, 354, 351, 9, 6.13%, 0, 0, 3, 59.01
1746712813, 0, 69, 359, 356, 9, 6.13%, 0, 0, 3, 59.77
1746712818, 0, 69, 366, 363, 9, 6.13%, 0, 0, 3, 59.58
1746712823, 0, 69, 370, 367, 9, 6.13%, 0, 0, 3, 59.31
1746712880, 0, 69, 371, 368, 9, 6.14%, 0, 0, 3, 56.34
1746712905, 0, 69, 372, 369, 9, 6.14%, 0, 0, 3, 57.57
1746712910, 0, 69, 373, 370, 9, 6.14%, 0, 0, 3, 58.17
1746713038, 0, 69, 374, 371, 9, 6.14%, 0, 0, 3, 56.72
1746713063, 0, 69, 376, 373, 9, 6.14%, 0, 0, 3, 54.82
1746713195, 0, 69, 377, 374, 9, 6.14%, 0, 0, 3, 54.86
1746713200, 0, 69, 380, 377, 9, 6.16%, 0, 0, 3, 55.71
1746713221, 0, 69, 383, 380, 9, 6.16%, 0, 0, 3, 55.64
1746713231, 0, 69, 386, 383, 9, 6.16%, 0, 0, 3, 55.58
1746713241, 0, 69, 387, 384, 9, 6.16%, 0, 0, 3, 55.78
1746713246, 0, 69, 389, 386, 9, 6.16%, 0, 0, 3, 56.19
1746713256, 0, 69, 390, 387, 9, 6.16%, 0, 0, 3, 56.62
1746713312, 0, 69, 391, 388, 9, 6.16%, 0, 0, 3, 55.41
1746713327, 0, 69, 395, 392, 9, 6.16%, 0, 0, 3, 54.88
1746713332, 0, 69, 399, 396, 9, 6.17%, 0, 0, 3, 55.33
1746713353, 0, 69, 400, 397, 9, 6.17%, 0, 0, 3, 55.48
1746713358, 0, 69, 401, 398, 9, 6.17%, 0, 0, 3, 55.97
1746713373, 0, 69, 402, 399, 9, 6.17%, 0, 0, 3, 56.10
1746713394, 0, 69, 403, 400, 9, 6.17%, 0, 0, 3, 55.46
1746713429, 0, 69, 406, 403, 9, 6.17%, 0, 0, 3, 55.44
1746713435, 0, 69, 437, 434, 9, 6.19%, 0, 0, 3, 57.74
1746713440, 0, 69, 462, 459, 9, 6.22%, 0, 0, 3, 57.19
1746713445, 0, 69, 485, 482, 9, 6.22%, 0, 0, 3, 58.10
1746713450, 0, 69, 505, 502, 9, 6.22%, 0, 0, 3, 58.12
1746713455, 0, 69, 522, 519, 9, 6.22%, 0, 0, 3, 56.41
1746713460, 0, 69, 537, 534, 9, 6.48%, 0, 0, 3, 59.13
1746713465, 0, 69, 551, 548, 9, 6.49%, 0, 0, 3, 59.42
1746713471, 0, 69, 564, 561, 9, 6.49%, 0, 0, 3, 59.54
1746713476, 0, 69, 578, 575, 9, 6.55%, 0, 0, 3, 59.16
1746713481, 0, 69, 587, 584, 9, 6.55%, 0, 0, 3, 61.78
1746713486, 0, 69, 596, 593, 9, 6.55%, 0, 0, 3, 60.09
1746713491, 0, 69, 608, 605, 9, 6.55%, 0, 0, 3, 58.94
1746713496, 0, 69, 618, 615, 9, 6.58%, 0, 0, 3, 59.48
1746713501, 0, 69, 622, 619, 9, 6.59%, 0, 0, 3, 62.13
1746713506, 0, 69, 629, 626, 9, 6.59%, 0, 0, 3, 60.59
1746713511, 0, 69, 635, 632, 9, 6.59%, 0, 0, 3, 58.18
1746713517, 0, 69, 641, 638, 9, 6.59%, 0, 0, 3, 59.55
1746713522, 0, 69, 646, 643, 9, 6.65%, 0, 0, 3, 57.82
1746713527, 0, 69, 652, 649, 9, 6.65%, 0, 0, 3, 60.60
1746713532, 0, 69, 655, 652, 9, 6.65%, 0, 0, 3, 62.17
1746713537, 0, 69, 659, 656, 9, 6.65%, 0, 0, 3, 61.65
1746713542, 0, 69, 662, 659, 9, 6.65%, 0, 0, 3, 60.97
1746713547, 0, 69, 663, 660, 9, 6.65%, 0, 0, 3, 63.06
1746713552, 0, 69, 668, 665, 9, 6.65%, 0, 0, 3, 61.18
1746713558, 0, 69, 670, 667, 9, 6.65%, 0, 0, 3, 63.57
1746713563, 0, 69, 674, 671, 9, 6.65%, 0, 0, 3, 62.05
1746713568, 0, 69, 677, 674, 9, 6.65%, 0, 0, 3, 61.77
1746713573, 0, 69, 680, 677, 9, 6.65%, 0, 0, 3, 62.33
1746713578, 0, 69, 683, 680, 9, 6.65%, 0, 0, 3, 62.87
1746713583, 0, 69, 688, 685, 9, 6.66%, 0, 0, 3, 63.34
1746713588, 0, 69, 690, 687, 9, 6.66%, 0, 0, 3, 64.00
1746713593, 0, 69, 691, 688, 9, 6.66%, 0, 0, 3, 62.80
1746713599, 0, 69, 693, 690, 9, 6.66%, 0, 0, 3, 63.20
1746713604, 0, 69, 695, 692, 9, 6.66%, 0, 0, 3, 61.83
1746713609, 0, 69, 697, 694, 9, 6.66%, 0, 0, 3, 62.38
1746713619, 0, 69, 700, 697, 9, 6.70%, 0, 0, 3, 61.40
1746713624, 0, 69, 704, 701, 9, 6.70%, 0, 0, 3, 61.43
1746713629, 0, 69, 706, 703, 9, 6.70%, 0, 0, 3, 61.66
1746713634, 0, 69, 708, 705, 9, 6.70%, 0, 0, 3, 63.42
1746713640, 0, 69, 711, 708, 9, 6.70%, 0, 0, 3, 63.71
1746713645, 0, 69, 714, 711, 9, 6.70%, 0, 0, 3, 62.47
1746713650, 0, 69, 716, 713, 9, 6.70%, 0, 0, 3, 61.89
1746713655, 0, 69, 717, 714, 9, 6.70%, 0, 0, 3, 61.79
1746713660, 0, 69, 719, 716, 9, 6.70%, 0, 0, 3, 61.61
1746713665, 0, 69, 721, 718, 9, 6.70%, 0, 0, 3, 63.04
1746713675, 0, 131, 721, 717, 20, 6.70%, 0, 0, 3, 95.24
1746713736, 0, 131, 722, 718, 20, 6.70%, 0, 0, 3, 120.29
1746713742, 0, 253, 722, 717, 20, 6.70%, 0, 0, 3, 88.53
1746714047, 0, 253, 724, 719, 20, 6.70%, 0, 0, 3, 75.81
1746714057, 0, 253, 725, 720, 20, 6.70%, 0, 0, 3, 79.56
1746714062, 0, 253, 726, 721, 20, 6.70%, 0, 0, 3, 77.97
1746714083, 0, 253, 729, 724, 20, 6.70%, 0, 0, 3, 75.73
1746714109, 0, 253, 730, 725, 20, 6.70%, 0, 0, 3, 76.85
1746714114, 0, 253, 731, 726, 20, 6.70%, 0, 0, 3, 77.52
1746714119, 0, 253, 732, 727, 20, 6.70%, 0, 0, 3, 79.37
1746714124, 0, 253, 733, 728, 20, 6.70%, 0, 0, 3, 78.99
1746714135, 0, 253, 734, 729, 20, 6.70%, 0, 0, 3, 79.26
1746714140, 0, 253, 735, 730, 20, 6.70%, 0, 0, 3, 79.09
1746714145, 0, 253, 736, 731, 20, 6.70%, 0, 0, 3, 79.19
1746714155, 0, 253, 737, 732, 20, 6.70%, 0, 0, 3, 79.59
1746714171, 0, 253, 739, 734, 20, 6.70%, 0, 0, 3, 77.38
1746714212, 0, 253, 740, 735, 20, 6.70%, 0, 0, 3, 77.71
1746714227, 0, 253, 741, 736, 20, 6.70%, 0, 0, 3, 78.95
1746714253, 0, 263, 741, 735, 19, 6.70%, 0, 0, 3, 82.40
1746714431, 0, 294, 741, 734, 18, 6.70%, 0, 0, 3, 84.08
1746714635, 0, 321, 741, 733, 17, 6.70%, 0, 0, 3, 93.45
1746714752, 0, 503, 741, 732, 16, 6.70%, 0, 0, 3, 64.02
1746714762, 0, 503, 742, 733, 16, 6.70%, 0, 0, 4, 44.65
1746714860, 0, 503, 743, 734, 16, 6.70%, 0, 0, 4, 44.10
1746714865, 0, 503, 744, 735, 16, 6.70%, 0, 0, 4, 43.68
1746714896, 0, 503, 745, 736, 16, 6.70%, 0, 0, 4, 44.24
1746715116, 0, 503, 746, 737, 16, 6.70%, 0, 0, 4, 43.55
1746715501, 0, 503, 747, 738, 16, 6.70%, 0, 0, 4, 49.83
1746715720, 0, 503, 748, 739, 16, 6.70%, 0, 0, 4, 44.95
1746715837, 0, 503, 753, 744, 16, 6.70%, 0, 0, 4, 48.04
1746715842, 0, 503, 762, 753, 16, 6.70%, 0, 0, 4, 50.04
1746715848, 0, 503, 769, 760, 16, 6.70%, 0, 0, 4, 49.90
1746715853, 0, 503, 775, 766, 16, 6.70%, 0, 0, 4, 49.13
1746715858, 0, 503, 780, 771, 16, 6.70%, 0, 0, 4, 49.59
1746715863, 0, 503, 782, 773, 16, 6.70%, 0, 0, 4, 52.27
1746715868, 0, 503, 787, 778, 16, 6.70%, 0, 0, 4, 52.70
1746715873, 0, 503, 789, 780, 16, 6.71%, 0, 0, 4, 51.68
1746715878, 0, 503, 790, 781, 16, 6.71%, 0, 0, 4, 52.64
1746715883, 0, 503, 792, 783, 16, 6.71%, 0, 0, 4, 53.41
1746715888, 0, 503, 793, 784, 16, 6.71%, 0, 0, 4, 52.64
1746715898, 0, 503, 794, 785, 16, 6.71%, 0, 0, 4, 52.53
1746715903, 0, 503, 795, 786, 16, 6.71%, 0, 0, 4, 53.79
1746715908, 0, 503, 797, 788, 16, 6.71%, 0, 0, 4, 52.03
1746715913, 0, 503, 798, 789, 16, 6.71%, 0, 0, 4, 51.99
1746715923, 0, 503, 802, 793, 16, 6.72%, 0, 0, 4, 52.45
1746715933, 0, 503, 803, 794, 16, 6.72%, 0, 0, 4, 54.27
1746715938, 0, 503, 804, 795, 16, 6.72%, 0, 0, 4, 52.79
1746715948, 0, 503, 805, 796, 16, 6.72%, 0, 0, 4, 54.40
1746715959, 0, 503, 806, 797, 16, 6.72%, 0, 0, 4, 53.84
1746715969, 0, 503, 809, 800, 16, 6.72%, 0, 0, 4, 52.46
1746715974, 0, 503, 810, 801, 16, 6.72%, 0, 0, 4, 52.60
1746715989, 0, 503, 813, 804, 16, 6.73%, 0, 0, 4, 51.96
1746715994, 0, 503, 814, 805, 16, 6.73%, 0, 0, 4, 53.62
1746716004, 0, 503, 815, 806, 16, 6.73%, 0, 0, 4, 53.05
1746716009, 0, 503, 816, 807, 16, 6.73%, 0, 0, 4, 52.86
1746716014, 0, 503, 817, 808, 16, 6.73%, 0, 0, 4, 52.75
1746716019, 0, 503, 818, 809, 16, 6.73%, 0, 0, 4, 53.02
1746716030, 0, 503, 819, 810, 16, 6.73%, 0, 0, 4, 52.76
1746716040, 0, 503, 820, 811, 16, 6.73%, 0, 0, 4, 52.92
1746716045, 0, 503, 821, 812, 16, 6.73%, 0, 0, 4, 53.52
1746716050, 0, 503, 822, 813, 16, 6.73%, 0, 0, 4, 52.97
1746716065, 0, 503, 823, 814, 16, 6.73%, 0, 0, 4, 52.63
1746716075, 0, 503, 825, 816, 16, 6.73%, 0, 0, 4, 53.34
1746716080, 0, 578, 825, 815, 16, 6.73%, 0, 0, 4, 53.29
1746716958, 0, 620, 825, 814, 16, 6.73%, 0, 0, 4, 56.73
1746717510, 0, 620, 826, 815, 16, 6.73%, 0, 0, 4, 65.13
1746717520, 0, 620, 828, 817, 16, 6.73%, 0, 0, 4, 65.48
1746717525, 0, 620, 829, 818, 16, 6.73%, 0, 0, 4, 67.65
1746717540, 0, 620, 830, 819, 16, 6.73%, 0, 0, 4, 64.34
1746717561, 0, 620, 831, 820, 16, 6.73%, 0, 0, 4, 65.51
1746717628, 0, 620, 832, 821, 16, 6.73%, 0, 0, 4, 66.10
1746717695, 0, 620, 833, 822, 16, 6.73%, 0, 0, 4, 66.69
1746717715, 0, 620, 834, 823, 16, 6.73%, 0, 0, 4, 66.77
1746717751, 0, 632, 834, 822, 15, 6.73%, 0, 0, 4, 63.63
1746718458, 0, 655, 834, 821, 14, 6.73%, 0, 0, 4, 61.21
1746719170, 0, 681, 834, 820, 13, 6.73%, 0, 0, 4, 55.51
1746719955, 0, 681, 835, 821, 13, 6.73%, 0, 0, 4, 60.27
1746719960, 0, 681, 836, 822, 13, 6.73%, 0, 0, 4, 61.26
1746719986, 0, 687, 836, 821, 13, 6.73%, 0, 0, 4, 51.50
1746720951, 0, 687, 838, 823, 13, 6.73%, 0, 0, 4, 53.49
1746720957, 0, 687, 839, 824, 13, 6.73%, 0, 0, 4, 54.51
1746720967, 0, 687, 840, 825, 13, 6.73%, 0, 0, 4, 54.32
1746720977, 0, 687, 841, 826, 13, 6.73%, 0, 0, 4, 55.46
1746720997, 0, 687, 842, 827, 13, 6.73%, 0, 0, 4, 54.10
1746721007, 0, 687, 843, 828, 13, 6.73%, 0, 0, 4, 55.28
1746721038, 0, 687, 844, 829, 13, 6.73%, 0, 0, 4, 54.80
1746721043, 0, 687, 845, 830, 13, 6.73%, 0, 0, 4, 55.28
1746721074, 0, 687, 846, 831, 13, 6.73%, 0, 0, 4, 55.00
1746721084, 0, 687, 847, 832, 13, 6.73%, 0, 0, 4, 56.00
1746721089, 0, 687, 849, 834, 13, 6.73%, 0, 0, 4, 55.23
1746721129, 0, 687, 850, 835, 13, 6.73%, 0, 0, 4, 56.81
1746721160, 0, 687, 851, 836, 13, 6.73%, 0, 0, 4, 53.54
1746721180, 0, 687, 852, 837, 13, 6.73%, 0, 0, 4, 54.78
1746721242, 0, 700, 853, 837, 12, 6.73%, 0, 0, 4, 52.58
1746721996, 0, 700, 854, 838, 12, 6.73%, 0, 0, 4, 58.00
1746722011, 0, 732, 854, 837, 12, 6.73%, 0, 0, 4, 60.50
1746722017, 0, 732, 856, 839, 12, 6.73%, 0, 0, 4, 59.31
1746722535, 0, 732, 857, 840, 12, 6.73%, 0, 0, 4, 63.87
1746722540, 0, 732, 858, 841, 12, 6.73%, 0, 0, 4, 66.08
1746722556, 0, 732, 859, 842, 12, 6.73%, 0, 0, 4, 66.21
1746722597, 0, 741, 859, 841, 12, 6.73%, 0, 0, 4, 51.42
1746723703, 0, 741, 860, 842, 12, 6.73%, 0, 0, 5, 51.75
1746723729, 0, 768, 860, 841, 11, 6.73%, 0, 0, 5, 43.94
1746724993, 0, 768, 861, 842, 11, 6.73%, 0, 0, 5, 42.84
1746724998, 0, 768, 862, 843, 11, 6.73%, 0, 0, 5, 46.52
1746725003, 0, 768, 863, 844, 11, 6.73%, 0, 0, 5, 48.39
1746725024, 0, 768, 864, 845, 11, 6.73%, 0, 0, 5, 50.55
1746725034, 0, 768, 865, 846, 11, 6.73%, 0, 0, 5, 49.25
1746725039, 0, 768, 866, 847, 11, 6.73%, 0, 0, 5, 49.10
1746725044, 0, 768, 867, 848, 11, 6.75%, 0, 0, 5, 48.20
1746725069, 0, 768, 868, 849, 11, 6.75%, 0, 0, 5, 47.84
1746725080, 0, 768, 869, 850, 11, 6.75%, 0, 0, 5, 49.90
1746725085, 0, 768, 870, 851, 11, 6.75%, 0, 0, 5, 49.78
1746725090, 0, 768, 871, 852, 11, 6.75%, 0, 0, 5, 50.57
1746725095, 0, 768, 873, 854, 11, 6.75%, 0, 0, 5, 49.61
1746725110, 0, 768, 874, 855, 11, 6.75%, 0, 0, 5, 48.82
1746725141, 0, 768, 875, 856, 11, 6.75%, 0, 0, 5, 50.20
1746725146, 0, 768, 876, 857, 11, 6.76%, 0, 0, 5, 50.14
1746725151, 0, 768, 877, 858, 11, 6.76%, 0, 0, 5, 50.54
1746725191, 0, 768, 878, 859, 11, 6.76%, 0, 0, 5, 50.92
1746725242, 0, 790, 879, 859, 13, 6.76%, 0, 0, 5, 50.25
1746725975, 0, 794, 879, 858, 12, 6.76%, 0, 0, 5, 47.27
1746727190, 0, 800, 879, 857, 11, 6.76%, 0, 0, 5, 54.01
1746727777, 0, 808, 879, 856, 11, 6.76%, 0, 0, 5, 54.01
1746729171, 0, 808, 880, 857, 11, 6.76%, 0, 0, 5, 44.20
1746729186, 0, 808, 881, 858, 11, 6.76%, 0, 0, 5, 47.61
1746729191, 0, 808, 882, 859, 11, 6.76%, 0, 0, 5, 46.25
1746729207, 0, 808, 883, 860, 11, 6.76%, 0, 0, 5, 47.79
1746729232, 0, 808, 884, 861, 11, 6.76%, 0, 0, 5, 47.11
1746729242, 0, 808, 885, 862, 11, 6.76%, 0, 0, 5, 47.43
1746729252, 0, 808, 886, 863, 11, 6.76%, 0, 0, 5, 49.00
1746729263, 0, 808, 887, 864, 11, 6.76%, 0, 0, 5, 47.01
1746729268, 0, 808, 889, 866, 11, 6.76%, 0, 0, 5, 45.75
1746729278, 0, 808, 890, 867, 11, 6.77%, 0, 0, 5, 46.86
1746729308, 0, 808, 891, 868, 11, 6.77%, 0, 0, 5, 48.49
1746729333, 0, 808, 892, 869, 11, 6.77%, 0, 0, 5, 47.77
1746729359, 0, 808, 893, 870, 11, 6.77%, 0, 0, 5, 47.03
1746729379, 0, 808, 894, 871, 11, 6.77%, 0, 0, 5, 47.80
1746729430, 0, 812, 895, 871, 10, 6.77%, 0, 0, 5, 50.12
1746730295, 0, 833, 895, 870, 9, 6.77%, 0, 0, 5, 57.74
1746730809, 0, 847, 895, 869, 8, 6.77%, 0, 0, 5, 56.60
1746730820, 0, 847, 896, 870, 8, 6.77%, 0, 0, 5, 38.61
1746731033, 0, 847, 897, 871, 8, 6.77%, 0, 0, 5, 38.68
1746732248, 0, 847, 898, 872, 8, 6.77%, 0, 0, 5, 38.05
1746732574, 0, 847, 901, 875, 8, 6.77%, 0, 0, 5, 40.34
1746732580, 0, 847, 903, 877, 8, 6.77%, 0, 0, 5, 41.63
1746732585, 0, 847, 904, 878, 8, 6.77%, 0, 0, 5, 42.71
1746732590, 0, 847, 905, 879, 8, 6.77%, 0, 0, 5, 42.14
1746732595, 0, 847, 907, 881, 8, 6.77%, 0, 0, 5, 42.34
1746732600, 0, 847, 910, 884, 8, 6.77%, 0, 0, 5, 40.39
1746732605, 0, 847, 912, 886, 8, 6.77%, 0, 0, 5, 40.96
1746732615, 0, 847, 913, 887, 8, 6.77%, 0, 0, 5, 42.06
1746732625, 0, 847, 917, 891, 8, 6.77%, 0, 0, 5, 39.51
1746732631, 0, 847, 918, 892, 8, 6.77%, 0, 0, 5, 40.87
1746732641, 0, 847, 919, 893, 8, 6.77%, 0, 0, 5, 41.18
1746732646, 0, 847, 920, 894, 8, 6.77%, 0, 0, 5, 42.09
1746732651, 0, 847, 922, 896, 8, 6.77%, 0, 0, 5, 40.93
1746732666, 0, 847, 923, 897, 8, 6.77%, 0, 0, 5, 42.36
1746732671, 0, 847, 924, 898, 8, 6.77%, 0, 0, 5, 41.97
1746732681, 0, 847, 926, 900, 8, 6.77%, 0, 0, 5, 41.48
1746732687, 0, 847, 927, 901, 8, 6.77%, 0, 0, 5, 40.86
1746732717, 0, 847, 929, 903, 8, 6.77%, 0, 0, 5, 40.75
1746732738, 0, 847, 930, 904, 8, 6.77%, 0, 0, 5, 42.23
1746732788, 0, 847, 931, 905, 8, 6.77%, 0, 0, 5, 42.04
1746732799, 0, 847, 932, 906, 8, 6.77%, 0, 0, 5, 41.14
1746732809, 0, 847, 934, 908, 8, 6.77%, 0, 0, 5, 42.02
1746732819, 0, 847, 935, 909, 8, 6.77%, 0, 0, 5, 41.65
1746732870, 0, 850, 935, 908, 9, 6.77%, 0, 0, 5, 42.53
1746734415, 0, 850, 936, 909, 9, 6.77%, 0, 0, 5, 43.33
1746734440, 0, 853, 936, 908, 9, 6.77%, 0, 0, 5, 44.60
1746735546, 0, 855, 936, 907, 8, 6.77%, 0, 0, 5, 57.51
1746736084, 0, 870, 936, 906, 7, 6.77%, 0, 0, 5, 52.73
1746737252, 0, 870, 937, 907, 7, 6.77%, 0, 0, 6, 50.97
1746737267, 0, 875, 937, 906, 6, 6.77%, 0, 0, 6, 52.19
1746737423, 0, 875, 938, 907, 6, 6.77%, 0, 0, 6, 42.64
1746738467, 0, 879, 938, 906, 5, 6.77%, 0, 0, 6, 43.30
1746738679, 0, 879, 939, 907, 5, 6.77%, 0, 0, 6, 37.68
1746740157, 0, 885, 939, 906, 6, 6.77%, 0, 0, 6, 40.69
1746740212, 0, 885, 940, 907, 6, 6.77%, 0, 0, 6, 31.95
1746740232, 0, 885, 941, 908, 6, 6.88%, 0, 0, 6, 31.99
1746740283, 0, 885, 942, 909, 6, 6.88%, 0, 0, 6, 32.29
1746740288, 0, 885, 943, 910, 6, 6.88%, 0, 0, 6, 32.43
1746740365, 0, 885, 945, 912, 6, 6.88%, 0, 0, 6, 32.03
1746740406, 0, 885, 946, 913, 6, 6.88%, 0, 0, 6, 32.49
1746741450, 0, 885, 947, 914, 6, 6.88%, 0, 0, 6, 33.17
1746741740, 0, 885, 948, 915, 6, 6.88%, 0, 0, 6, 38.81
1746741988, 0, 885, 949, 916, 6, 6.89%, 0, 0, 6, 32.07
1746742018, 0, 885, 950, 917, 6, 6.89%, 0, 0, 6, 32.22
1746742028, 0, 885, 951, 918, 6, 6.89%, 0, 0, 6, 32.11
1746742068, 0, 885, 954, 921, 6, 6.89%, 0, 0, 6, 35.64
1746742074, 0, 885, 958, 925, 6, 6.89%, 0, 0, 6, 37.89
1746742079, 0, 885, 960, 927, 6, 6.89%, 0, 0, 6, 39.33
1746742084, 0, 885, 962, 929, 6, 6.89%, 0, 0, 6, 39.42
1746742089, 0, 885, 963, 930, 6, 6.89%, 0, 0, 6, 41.38
1746742094, 0, 885, 964, 931, 6, 6.89%, 0, 0, 6, 40.27
1746742099, 0, 885, 965, 932, 6, 6.89%, 0, 0, 6, 40.53
1746742109, 0, 885, 966, 933, 6, 6.89%, 0, 0, 6, 40.24
1746742125, 0, 885, 968, 935, 6, 6.89%, 0, 0, 6, 39.51
1746742140, 0, 885, 969, 936, 6, 6.89%, 0, 0, 6, 40.61
1746742150, 0, 885, 970, 937, 6, 6.89%, 0, 0, 6, 41.64
1746742160, 0, 885, 971, 938, 6, 6.89%, 0, 0, 6, 40.21
1746742165, 0, 885, 972, 939, 6, 6.89%, 0, 0, 6, 40.23
1746742171, 0, 885, 973, 940, 6, 6.89%, 0, 0, 6, 40.46
1746742206, 0, 885, 975, 942, 6, 6.89%, 0, 0, 6, 38.91
1746742211, 0, 885, 976, 943, 6, 6.89%, 0, 0, 6, 40.70
1746742242, 0, 885, 977, 944, 6, 6.89%, 0, 0, 6, 40.88
1746742247, 0, 885, 978, 945, 6, 6.89%, 0, 0, 6, 41.36
1746742252, 0, 885, 980, 947, 6, 6.89%, 0, 0, 6, 40.46
1746742278, 0, 885, 981, 948, 6, 6.89%, 0, 0, 6, 40.59
1746742370, 0, 885, 982, 949, 6, 6.89%, 0, 0, 6, 40.69
1746742380, 0, 895, 982, 948, 8, 6.89%, 0, 0, 6, 35.86
1746744339, 0, 895, 983, 949, 8, 6.89%, 0, 0, 6, 40.98
1746744344, 0, 895, 984, 950, 8, 6.89%, 0, 0, 6, 41.61
1746744375, 0, 895, 985, 951, 8, 6.89%, 0, 0, 6, 42.82
1746744416, 0, 895, 986, 952, 8, 6.89%, 0, 0, 6, 42.43
1746744522, 0, 895, 987, 953, 8, 6.89%, 0, 0, 6, 42.93
1746744533, 0, 895, 988, 954, 8, 6.89%, 0, 0, 6, 41.12
1746744548, 0, 895, 989, 955, 8, 6.89%, 0, 0, 6, 42.39
1746744563, 0, 895, 990, 956, 8, 6.89%, 0, 0, 6, 42.18
1746744589, 0, 895, 991, 957, 8, 6.90%, 0, 0, 6, 42.30
1746744630, 0, 932, 991, 956, 8, 6.90%, 0, 0, 6, 35.02
1746744675, 0, 932, 992, 957, 8, 6.90%, 0, 0, 6, 29.59
1746745971, 0, 932, 993, 958, 8, 6.90%, 0, 0, 6, 29.85
1746747159, 0, 932, 995, 960, 8, 6.90%, 0, 0, 6, 34.88
1746747164, 0, 932, 996, 961, 8, 6.90%, 0, 0, 6, 35.61
1746747179, 0, 932, 997, 962, 8, 6.90%, 0, 0, 6, 35.15
1746747236, 0, 932, 998, 963, 8, 6.90%, 0, 0, 6, 35.54
1746747256, 0, 932, 999, 964, 8, 6.90%, 0, 0, 6, 36.03
1746747266, 0, 932, 1000, 965, 8, 6.90%, 0, 0, 6, 35.18
1746747282, 0, 932, 1001, 966, 8, 6.90%, 0, 0, 6, 36.37
1746747297, 0, 932, 1002, 967, 8, 6.90%, 0, 0, 6, 35.49
1746747303, 0, 932, 1003, 968, 8, 6.90%, 0, 0, 6, 35.67
1746747318, 0, 932, 1004, 969, 8, 6.90%, 0, 0, 6, 35.73
1746747328, 0, 932, 1005, 970, 8, 6.90%, 0, 0, 6, 34.81
1746747364, 0, 932, 1006, 971, 8, 6.90%, 0, 0, 6, 34.73
1746747410, 0, 932, 1007, 972, 8, 6.90%, 0, 0, 6, 34.63
1746747503, 0, 938, 1007, 971, 7, 6.90%, 0, 0, 6, 37.57
1746749068, 0, 938, 1008, 972, 7, 6.90%, 0, 0, 7, 44.94
1746749099, 0, 948, 1008, 971, 6, 6.90%, 0, 0, 7, 38.51
1746750402, 0, 948, 1009, 972, 6, 6.91%, 0, 0, 7, 37.26
1746750953, 0, 948, 1010, 973, 6, 6.91%, 0, 0, 7, 32.59
1746751034, 0, 967, 1010, 972, 6, 6.91%, 0, 0, 7, 39.17
1746751054, 0, 967, 1011, 973, 6, 6.91%, 0, 0, 7, 36.67
1746752499, 0, 968, 1011, 972, 5, 6.91%, 0, 0, 7, 42.85
1746754589, 0, 968, 1013, 974, 5, 6.91%, 0, 0, 7, 39.59
1746754599, 0, 968, 1014, 975, 5, 6.91%, 0, 0, 7, 39.68
1746754671, 0, 968, 1015, 976, 5, 6.91%, 0, 0, 7, 39.66
1746754696, 0, 968, 1016, 977, 5, 6.91%, 0, 0, 7, 37.12
1746754707, 0, 968, 1017, 978, 5, 6.91%, 0, 0, 7, 38.92
1746754722, 0, 968, 1018, 979, 5, 6.91%, 0, 0, 7, 38.75
1746754727, 0, 968, 1019, 980, 5, 6.91%, 0, 0, 7, 38.72
1746754794, 0, 968, 1020, 981, 5, 6.91%, 0, 0, 7, 38.19
1746754814, 0, 968, 1021, 982, 5, 6.91%, 0, 0, 7, 39.49
1746754886, 0, 990, 1021, 981, 6, 6.91%, 0, 0, 7, 40.56
1746754911, 0, 990, 1022, 982, 6, 6.91%, 0, 0, 7, 34.90
1746754957, 0, 990, 1023, 983, 6, 6.91%, 0, 0, 7, 34.04
