# unix_time, cycles_done, cur_path, paths_total, pending_total, pending_favs, map_size, unique_crashes, unique_hangs, max_depth, execs_per_sec
1746558726, 0, 0, 1, 1, 1, 5.03%, 0, 0, 1, 46.78
1746558732, 0, 0, 53, 53, 1, 5.24%, 0, 0, 2, 82.12
1746558737, 0, 0, 94, 94, 1, 5.93%, 0, 0, 2, 69.04
1746558742, 0, 0, 115, 115, 1, 6.25%, 0, 0, 2, 45.78
1746558747, 0, 0, 142, 142, 1, 6.25%, 0, 0, 2, 49.26
1746558752, 0, 0, 172, 172, 1, 6.26%, 0, 0, 2, 53.84
1746558757, 0, 0, 194, 194, 1, 6.62%, 0, 0, 2, 48.41
1746558762, 0, 0, 213, 213, 1, 6.62%, 0, 0, 2, 42.29
1746558767, 0, 0, 237, 237, 1, 6.62%, 0, 0, 2, 52.11
1746558772, 0, 0, 259, 259, 1, 7.38%, 0, 0, 2, 46.00
1746558777, 0, 0, 275, 275, 1, 7.38%, 0, 0, 2, 41.64
1746558783, 0, 0, 295, 295, 1, 7.42%, 0, 0, 2, 42.80
1746558788, 0, 0, 312, 312, 1, 7.42%, 0, 0, 2, 39.31
1746558793, 0, 0, 327, 327, 1, 7.66%, 0, 0, 2, 35.87
1746558798, 0, 0, 343, 343, 1, 7.66%, 0, 0, 2, 40.03
1746558803, 0, 0, 354, 354, 1, 7.66%, 0, 0, 2, 33.19
1746558808, 0, 0, 367, 367, 1, 7.66%, 0, 0, 2, 30.94
1746558813, 0, 0, 378, 378, 1, 7.66%, 0, 0, 2, 34.06
1746558818, 0, 0, 387, 387, 1, 7.82%, 0, 0, 2, 32.11
1746558823, 0, 0, 398, 398, 1, 7.82%, 0, 0, 2, 36.81
1746558828, 0, 0, 409, 409, 1, 7.82%, 0, 0, 2, 27.61
1746558833, 0, 0, 421, 421, 1, 7.82%, 0, 0, 2, 36.77
1746558839, 0, 0, 431, 431, 1, 7.82%, 0, 0, 2, 43.96
1746558844, 0, 0, 440, 440, 1, 7.82%, 0, 0, 2, 40.70
1746558849, 0, 0, 450, 450, 1, 7.82%, 0, 0, 2, 41.46
1746558854, 0, 0, 459, 459, 1, 7.82%, 0, 0, 2, 41.57
1746558859, 0, 0, 469, 469, 1, 7.93%, 0, 0, 2, 32.94
1746558864, 0, 0, 475, 475, 1, 7.93%, 0, 0, 2, 42.09
1746558869, 0, 0, 479, 479, 1, 7.93%, 0, 0, 2, 36.96
1746558874, 0, 0, 486, 486, 1, 7.93%, 0, 0, 2, 43.32
1746558880, 0, 0, 492, 492, 1, 7.93%, 0, 0, 2, 33.90
1746558885, 0, 0, 499, 499, 1, 7.95%, 0, 0, 2, 33.01
1746558890, 0, 0, 504, 504, 1, 7.95%, 0, 0, 2, 33.45
1746558895, 0, 0, 509, 509, 1, 7.95%, 0, 0, 2, 38.23
1746558900, 0, 0, 515, 515, 1, 7.95%, 0, 0, 2, 37.93
1746558905, 0, 0, 520, 520, 1, 7.95%, 0, 0, 2, 36.79
1746558910, 0, 0, 524, 524, 1, 7.96%, 0, 0, 2, 38.75
1746558915, 0, 0, 529, 529, 1, 7.96%, 0, 0, 2, 41.87
1746558921, 0, 0, 535, 535, 1, 7.96%, 0, 0, 2, 41.72
1746558926, 0, 0, 539, 539, 1, 7.96%, 0, 0, 2, 40.62
1746558931, 0, 0, 545, 545, 1, 7.96%, 0, 0, 2, 32.67
1746558936, 0, 0, 550, 550, 1, 7.96%, 0, 0, 2, 31.42
1746558941, 0, 0, 556, 556, 1, 7.96%, 0, 0, 2, 29.80
1746558946, 0, 0, 559, 559, 1, 7.96%, 0, 0, 2, 34.66
1746558951, 0, 0, 560, 560, 1, 7.96%, 0, 0, 2, 41.94
1746558956, 0, 0, 562, 562, 1, 7.96%, 0, 0, 2, 48.43
1746558961, 0, 0, 567, 567, 1, 7.96%, 0, 0, 2, 48.94
1746558966, 0, 0, 570, 570, 1, 7.96%, 0, 0, 2, 48.96
1746558971, 0, 0, 573, 573, 1, 7.96%, 0, 0, 2, 41.82
1746558977, 0, 0, 575, 575, 1, 7.96%, 0, 0, 2, 43.93
1746558982, 0, 0, 578, 578, 1, 7.96%, 0, 0, 2, 40.83
1746558987, 0, 0, 582, 582, 1, 7.96%, 0, 0, 2, 41.28
1746558992, 0, 0, 586, 586, 1, 7.96%, 0, 0, 2, 40.34
1746558997, 0, 0, 588, 588, 1, 7.96%, 0, 0, 2, 42.48
1746559002, 0, 79, 591, 590, 17, 8.02%, 0, 0, 3, 47.36
1746559007, 0, 79, 593, 592, 17, 8.02%, 0, 0, 3, 36.41
1746559012, 0, 79, 595, 594, 17, 8.02%, 0, 0, 3, 40.78
1746559017, 0, 79, 599, 598, 17, 8.04%, 0, 0, 3, 45.17
1746559023, 0, 79, 602, 601, 17, 8.04%, 0, 0, 3, 45.04
1746559028, 0, 79, 605, 604, 17, 8.04%, 0, 0, 3, 57.37
1746559033, 0, 79, 609, 608, 17, 8.04%, 0, 0, 3, 52.57
1746559038, 0, 79, 612, 611, 17, 8.04%, 0, 0, 3, 48.89
1746559043, 0, 79, 613, 612, 17, 8.06%, 0, 0, 3, 52.72
1746559048, 0, 79, 615, 614, 17, 8.06%, 0, 0, 3, 43.59
1746559053, 0, 79, 616, 615, 17, 8.06%, 0, 0, 3, 51.17
1746559059, 0, 79, 617, 616, 17, 8.06%, 0, 0, 3, 51.47
1746559064, 0, 79, 620, 619, 17, 8.15%, 0, 0, 3, 48.07
1746559069, 0, 79, 622, 621, 17, 8.15%, 0, 0, 3, 47.53
1746559074, 0, 79, 627, 626, 17, 8.19%, 0, 0, 3, 34.04
1746559079, 0, 79, 628, 627, 17, 8.19%, 0, 0, 3, 45.55
1746559084, 0, 79, 632, 631, 17, 8.19%, 0, 0, 3, 37.82
1746559089, 0, 79, 634, 633, 17, 8.19%, 0, 0, 3, 8.48
1746559094, 0, 79, 636, 635, 17, 8.19%, 0, 0, 3, 45.62
1746559099, 0, 79, 639, 638, 17, 8.19%, 0, 0, 3, 46.88
1746559110, 0, 79, 640, 639, 17, 8.19%, 0, 0, 3, 49.51
1746559115, 0, 79, 642, 641, 17, 8.19%, 0, 0, 3, 49.04
1746559120, 0, 149, 643, 641, 17, 8.19%, 0, 0, 3, 42.12
1746559150, 0, 335, 643, 640, 17, 8.19%, 0, 0, 3, 49.60
1746559155, 0, 335, 644, 641, 17, 8.22%, 0, 0, 3, 52.83
1746559160, 0, 335, 646, 643, 17, 8.22%, 0, 0, 3, 46.77
1746559165, 0, 335, 648, 645, 17, 8.23%, 0, 0, 3, 49.28
1746559171, 0, 335, 650, 647, 17, 8.23%, 0, 0, 3, 24.89
1746559176, 0, 335, 652, 649, 17, 8.23%, 0, 0, 3, 43.42
1746559181, 0, 335, 655, 652, 17, 8.23%, 0, 0, 3, 44.64
1746559186, 0, 335, 657, 654, 17, 8.23%, 0, 0, 3, 50.21
1746559191, 0, 335, 659, 656, 17, 8.23%, 0, 0, 3, 46.69
1746559196, 0, 335, 661, 658, 17, 8.23%, 0, 0, 3, 43.70
1746559201, 0, 335, 662, 659, 17, 8.23%, 0, 0, 3, 43.97
1746559207, 0, 335, 664, 661, 17, 8.23%, 0, 0, 3, 41.96
1746559212, 0, 335, 665, 662, 17, 8.23%, 0, 0, 3, 48.72
1746559217, 0, 335, 667, 664, 17, 8.23%, 0, 0, 3, 42.48
1746559222, 0, 335, 669, 666, 17, 8.23%, 0, 0, 3, 41.21
1746559227, 0, 335, 670, 667, 17, 8.23%, 0, 0, 3, 44.92
1746559232, 0, 335, 672, 669, 17, 8.23%, 0, 0, 3, 40.01
1746559237, 0, 335, 673, 670, 17, 8.23%, 0, 0, 3, 45.72
1746559242, 0, 335, 675, 672, 17, 8.23%, 0, 0, 3, 43.82
1746559247, 0, 335, 678, 675, 17, 8.23%, 0, 0, 3, 44.36
1746559263, 0, 335, 680, 677, 17, 8.23%, 0, 0, 3, 47.85
1746559273, 0, 350, 680, 676, 15, 8.23%, 0, 0, 3, 29.66
1746559329, 0, 350, 681, 677, 15, 8.23%, 0, 0, 3, 21.11
1746559339, 0, 350, 682, 678, 15, 8.23%, 0, 0, 3, 29.95
1746559349, 0, 350, 683, 679, 15, 8.23%, 0, 0, 3, 30.79
1746559355, 0, 350, 685, 681, 15, 8.23%, 0, 0, 3, 31.15
1746559360, 0, 350, 688, 684, 15, 8.23%, 0, 0, 3, 29.75
1746559365, 0, 350, 690, 686, 15, 8.23%, 0, 0, 3, 32.91
1746559370, 0, 350, 692, 688, 15, 8.23%, 0, 0, 3, 28.70
1746559385, 0, 350, 693, 689, 15, 8.23%, 0, 0, 3, 32.07
1746559401, 0, 350, 694, 690, 15, 8.23%, 0, 0, 3, 33.54
1746559406, 0, 350, 695, 691, 15, 8.23%, 0, 0, 3, 28.58
1746559411, 0, 350, 696, 692, 15, 8.24%, 0, 0, 3, 28.63
1746559421, 0, 350, 697, 693, 15, 8.36%, 0, 0, 3, 29.71
1746559457, 0, 350, 699, 695, 15, 8.36%, 0, 0, 3, 29.91
1746559462, 0, 350, 700, 696, 15, 8.36%, 0, 0, 3, 31.26
1746559493, 0, 350, 701, 697, 15, 8.36%, 0, 0, 3, 30.60
1746559513, 0, 350, 702, 698, 15, 8.36%, 0, 0, 3, 31.74
1746559518, 0, 350, 703, 699, 15, 8.36%, 0, 0, 3, 29.70
1746559523, 0, 350, 705, 701, 15, 8.37%, 0, 0, 3, 31.37
1746559528, 0, 350, 706, 702, 15, 8.37%, 0, 0, 3, 32.30
1746559533, 0, 350, 707, 703, 15, 8.37%, 0, 0, 3, 31.57
1746559543, 0, 350, 708, 704, 15, 8.37%, 0, 0, 3, 29.89
1746559553, 0, 401, 711, 706, 19, 8.37%, 0, 0, 3, 26.72
1746559558, 0, 401, 713, 708, 19, 8.37%, 0, 0, 3, 23.28
1746559564, 0, 401, 716, 711, 19, 8.37%, 0, 0, 3, 22.63
1746559569, 0, 401, 717, 712, 19, 8.37%, 0, 0, 3, 23.98
1746559574, 0, 401, 719, 714, 19, 8.37%, 0, 0, 3, 25.47
1746559584, 0, 401, 722, 717, 19, 8.37%, 0, 0, 3, 25.35
1746559589, 0, 401, 723, 718, 19, 8.37%, 0, 0, 3, 22.34
1746559610, 0, 401, 726, 721, 19, 8.37%, 0, 0, 3, 23.38
1746559615, 0, 401, 728, 723, 19, 8.37%, 0, 0, 3, 23.36
1746559625, 0, 401, 729, 724, 19, 8.37%, 0, 0, 3, 25.39
1746559630, 0, 401, 730, 725, 19, 8.37%, 0, 0, 3, 26.00
1746559640, 0, 401, 734, 729, 19, 8.37%, 0, 0, 3, 24.56
1746559646, 0, 401, 736, 731, 19, 8.37%, 0, 0, 3, 25.75
1746559651, 0, 401, 737, 732, 19, 8.38%, 0, 0, 3, 29.74
1746559656, 0, 401, 739, 734, 19, 8.38%, 0, 0, 3, 28.40
1746559661, 0, 401, 741, 736, 19, 8.38%, 0, 0, 3, 30.84
1746559666, 0, 401, 742, 737, 19, 8.38%, 0, 0, 3, 30.43
1746559671, 0, 401, 745, 740, 19, 8.42%, 0, 0, 3, 30.58
1746559681, 0, 401, 747, 742, 19, 8.50%, 0, 0, 3, 26.02
1746559692, 0, 401, 748, 743, 19, 8.50%, 0, 0, 3, 31.02
1746559697, 0, 401, 750, 745, 19, 8.50%, 0, 0, 3, 26.49
1746559702, 0, 401, 751, 746, 19, 8.50%, 0, 0, 3, 32.68
1746559707, 0, 401, 753, 748, 19, 8.50%, 0, 0, 3, 29.58
1746559712, 0, 401, 756, 751, 19, 8.50%, 0, 0, 3, 24.16
1746559717, 0, 401, 758, 753, 19, 8.67%, 0, 0, 3, 26.12
1746559728, 0, 401, 759, 754, 19, 8.67%, 0, 0, 3, 31.25
1746559733, 0, 401, 760, 755, 19, 8.67%, 0, 0, 3, 34.64
1746559738, 0, 401, 761, 756, 19, 8.68%, 0, 0, 3, 39.22
1746559743, 0, 401, 765, 760, 19, 8.68%, 0, 0, 3, 28.53
1746559748, 0, 401, 766, 761, 19, 8.68%, 0, 0, 3, 28.62
1746559753, 0, 401, 768, 763, 19, 8.68%, 0, 0, 3, 26.61
1746559764, 0, 401, 771, 766, 19, 8.68%, 0, 0, 3, 29.05
1746559774, 0, 401, 773, 768, 19, 8.68%, 0, 0, 3, 31.48
1746559779, 0, 401, 774, 769, 19, 8.68%, 0, 0, 3, 32.67
1746559784, 0, 401, 775, 770, 19, 8.68%, 0, 0, 3, 32.39
1746559799, 0, 401, 777, 772, 19, 8.68%, 0, 0, 3, 28.72
1746559804, 0, 401, 778, 773, 19, 8.68%, 0, 0, 3, 34.24
1746559809, 0, 401, 780, 775, 19, 8.68%, 0, 0, 3, 30.91
1746559814, 0, 401, 781, 776, 19, 8.68%, 0, 0, 3, 30.42
1746559820, 0, 401, 782, 777, 19, 8.68%, 0, 0, 3, 30.13
1746559845, 0, 401, 783, 778, 19, 8.68%, 0, 0, 3, 35.23
1746559850, 0, 401, 784, 779, 19, 8.68%, 0, 0, 3, 33.10
1746559860, 0, 401, 785, 780, 19, 8.68%, 0, 0, 3, 30.99
1746559870, 0, 556, 785, 779, 19, 8.68%, 0, 0, 3, 48.07
1746559876, 0, 556, 786, 780, 19, 8.68%, 0, 0, 3, 44.99
1746559886, 0, 619, 787, 780, 18, 8.68%, 0, 0, 4, 41.07
1746559891, 0, 619, 794, 787, 18, 8.68%, 0, 0, 4, 19.82
1746559896, 0, 619, 798, 791, 18, 8.68%, 0, 0, 4, 16.41
1746559902, 0, 619, 803, 796, 18, 8.68%, 0, 0, 4, 14.93
1746559907, 0, 619, 808, 801, 18, 8.68%, 0, 0, 4, 14.47
1746559912, 0, 619, 811, 804, 18, 8.68%, 0, 0, 4, 13.96
1746559917, 0, 619, 814, 807, 18, 8.68%, 0, 0, 4, 14.67
1746559922, 0, 619, 817, 810, 18, 8.68%, 0, 0, 4, 16.31
1746559927, 0, 619, 821, 814, 18, 8.68%, 0, 0, 4, 14.86
1746559932, 0, 619, 824, 817, 18, 8.68%, 0, 0, 4, 13.98
1746559938, 0, 619, 827, 820, 18, 8.68%, 0, 0, 4, 15.34
1746559943, 0, 619, 829, 822, 18, 8.68%, 0, 0, 4, 17.00
1746559948, 0, 619, 831, 824, 18, 8.68%, 0, 0, 4, 15.21
1746559953, 0, 619, 832, 825, 18, 8.68%, 0, 0, 4, 16.41
1746559958, 0, 619, 836, 829, 18, 8.68%, 0, 0, 4, 18.60
1746559963, 0, 619, 837, 830, 18, 8.68%, 0, 0, 4, 18.79
1746559968, 0, 619, 838, 831, 18, 8.68%, 0, 0, 4, 17.63
1746559973, 0, 619, 841, 834, 18, 8.68%, 0, 0, 4, 16.01
1746559978, 0, 619, 842, 835, 18, 8.68%, 0, 0, 4, 17.61
1746559984, 0, 619, 845, 838, 18, 8.68%, 0, 0, 4, 18.02
1746559989, 0, 619, 847, 840, 18, 8.68%, 0, 0, 4, 15.80
1746559994, 0, 619, 849, 842, 18, 8.68%, 0, 0, 4, 15.71
1746559999, 0, 619, 851, 844, 18, 8.68%, 0, 0, 4, 15.45
1746560004, 0, 619, 852, 845, 18, 8.68%, 0, 0, 4, 15.13
1746560009, 0, 619, 853, 846, 18, 8.70%, 0, 0, 4, 15.17
1746560014, 0, 619, 855, 848, 18, 8.70%, 0, 0, 4, 15.25
1746560025, 0, 619, 857, 850, 18, 8.70%, 0, 0, 4, 14.78
1746560030, 0, 619, 858, 851, 18, 8.70%, 0, 0, 4, 14.31
1746560035, 0, 619, 859, 852, 18, 8.70%, 0, 0, 4, 14.02
1746560040, 0, 619, 860, 853, 18, 8.70%, 0, 0, 4, 14.49
1746560050, 0, 619, 864, 857, 18, 8.70%, 0, 0, 4, 13.39
1746560055, 0, 619, 865, 858, 18, 8.70%, 0, 0, 4, 13.15
1746560060, 0, 619, 867, 860, 18, 8.70%, 0, 0, 4, 13.27
1746560065, 0, 619, 869, 862, 18, 8.70%, 0, 0, 4, 13.47
1746560081, 0, 619, 871, 864, 18, 8.70%, 0, 0, 4, 15.20
1746560086, 0, 619, 873, 866, 18, 8.70%, 0, 0, 4, 14.90
1746560096, 0, 619, 874, 867, 18, 8.70%, 0, 0, 4, 17.80
1746560106, 0, 619, 875, 868, 18, 8.70%, 0, 0, 4, 18.46
1746560112, 0, 619, 876, 869, 18, 8.70%, 0, 0, 4, 17.29
1746560127, 0, 619, 878, 871, 18, 8.70%, 0, 0, 4, 13.66
1746560142, 0, 619, 879, 872, 18, 8.70%, 0, 0, 4, 18.57
1746560147, 0, 619, 880, 873, 18, 8.70%, 0, 0, 4, 24.09
1746560183, 0, 619, 883, 876, 18, 8.70%, 0, 0, 4, 20.34
1746560188, 0, 619, 885, 878, 18, 8.70%, 0, 0, 4, 21.15
1746560193, 0, 619, 887, 880, 18, 8.70%, 1, 0, 4, 18.57
1746560198, 0, 619, 889, 882, 18, 8.70%, 1, 0, 4, 19.90
1746560204, 0, 619, 891, 884, 18, 8.70%, 1, 0, 4, 23.28
1746560209, 0, 619, 893, 886, 18, 8.70%, 1, 0, 4, 19.58
1746560214, 0, 619, 896, 889, 18, 8.70%, 1, 0, 4, 17.80
1746560219, 0, 619, 898, 891, 18, 8.70%, 1, 0, 4, 19.76
1746560224, 0, 619, 900, 893, 18, 8.70%, 1, 0, 4, 19.41
1746560229, 0, 619, 901, 894, 18, 8.70%, 1, 0, 4, 24.12
1746560234, 0, 619, 902, 895, 18, 8.70%, 1, 0, 4, 25.10
1746560239, 0, 619, 903, 896, 18, 8.70%, 1, 0, 4, 26.47
1746560244, 0, 619, 905, 898, 18, 8.70%, 1, 0, 4, 19.66
1746560249, 0, 619, 906, 899, 18, 8.70%, 1, 0, 4, 22.16
1746560254, 0, 619, 908, 901, 18, 8.70%, 1, 0, 4, 23.10
1746560259, 0, 619, 909, 902, 18, 8.70%, 1, 0, 4, 22.49
1746560265, 0, 619, 911, 904, 18, 8.70%, 1, 0, 4, 24.47
1746560270, 0, 619, 914, 907, 18, 8.70%, 1, 0, 4, 17.70
1746560275, 0, 619, 915, 908, 18, 8.70%, 1, 0, 4, 22.82
1746560280, 0, 619, 916, 909, 18, 8.70%, 1, 0, 4, 19.95
1746560285, 0, 619, 918, 911, 18, 8.70%, 1, 0, 4, 18.01
1746560290, 0, 619, 921, 914, 18, 8.70%, 1, 0, 4, 18.89
1746560295, 0, 619, 922, 915, 18, 8.70%, 1, 0, 4, 22.90
1746560300, 0, 619, 925, 918, 18, 8.70%, 1, 0, 4, 22.18
1746560305, 0, 619, 926, 919, 18, 8.70%, 1, 0, 4, 26.73
1746560311, 0, 619, 927, 920, 18, 8.70%, 1, 0, 4, 30.49
1746560316, 0, 619, 928, 921, 18, 8.70%, 1, 0, 4, 27.24
1746560321, 0, 619, 930, 923, 18, 8.70%, 1, 0, 4, 22.77
1746560326, 0, 619, 932, 925, 18, 8.70%, 1, 0, 4, 20.29
1746560331, 0, 619, 934, 927, 18, 8.70%, 1, 0, 4, 21.07
1746560336, 0, 619, 936, 929, 18, 8.70%, 1, 0, 4, 19.98
1746560346, 0, 619, 939, 932, 18, 8.70%, 1, 0, 4, 18.78
1746560352, 0, 619, 940, 933, 18, 8.70%, 1, 0, 4, 21.48
1746560362, 0, 619, 942, 935, 18, 8.70%, 1, 0, 4, 4.45
1746560367, 0, 619, 943, 936, 18, 8.70%, 1, 0, 4, 24.70
1746560372, 0, 619, 944, 937, 18, 8.70%, 1, 0, 4, 27.93
1746560377, 0, 619, 946, 939, 18, 8.70%, 1, 0, 4, 23.74
1746560382, 0, 619, 947, 940, 18, 8.70%, 1, 0, 4, 24.41
1746560387, 0, 619, 948, 941, 18, 8.70%, 1, 0, 4, 25.97
1746560392, 0, 619, 950, 943, 18, 8.70%, 1, 0, 4, 23.93
1746560398, 0, 619, 951, 944, 18, 8.70%, 1, 0, 4, 26.51
1746560413, 0, 619, 952, 945, 18, 8.70%, 1, 0, 4, 25.49
1746560423, 0, 624, 955, 947, 24, 8.70%, 1, 0, 4, 22.77
1746560428, 0, 624, 958, 950, 24, 8.71%, 1, 0, 4, 15.62
1746560433, 0, 624, 960, 952, 24, 8.71%, 1, 0, 4, 14.34
1746560439, 0, 624, 961, 953, 24, 8.71%, 1, 0, 4, 13.53
1746560449, 0, 624, 962, 954, 24, 8.71%, 1, 0, 4, 10.96
1746560459, 0, 624, 963, 955, 24, 8.71%, 1, 0, 4, 14.91
1746560464, 0, 624, 965, 957, 24, 8.71%, 1, 0, 4, 12.76
1746560469, 0, 624, 966, 958, 24, 8.71%, 1, 0, 4, 11.31
1746560474, 0, 624, 967, 959, 24, 8.71%, 1, 0, 4, 10.25
1746560479, 0, 624, 968, 960, 24, 8.71%, 1, 0, 4, 9.63
1746560495, 0, 624, 970, 962, 24, 8.71%, 1, 0, 4, 12.36
1746560500, 0, 624, 972, 964, 24, 8.71%, 1, 0, 4, 10.50
1746560505, 0, 624, 973, 965, 24, 8.71%, 1, 0, 4, 9.99
1746560515, 0, 624, 974, 966, 24, 8.71%, 1, 0, 4, 11.76
1746560520, 0, 624, 975, 967, 24, 8.71%, 1, 0, 4, 10.41
1746560526, 0, 624, 977, 969, 24, 8.71%, 1, 0, 4, 12.16
1746560536, 0, 624, 978, 970, 24, 8.71%, 1, 0, 4, 16.45
1746560541, 0, 624, 979, 971, 24, 8.71%, 1, 0, 4, 16.68
1746560546, 0, 624, 981, 973, 24, 8.71%, 1, 0, 4, 16.91
1746560567, 0, 624, 982, 974, 24, 8.71%, 1, 0, 4, 14.44
1746560577, 0, 624, 983, 975, 24, 8.71%, 1, 0, 4, 13.60
1746560587, 0, 624, 984, 976, 24, 8.71%, 1, 0, 4, 13.41
1746560608, 0, 624, 986, 978, 24, 8.71%, 1, 0, 4, 11.94
1746560633, 0, 624, 987, 979, 24, 8.71%, 1, 0, 4, 10.12
1746560639, 0, 624, 988, 980, 24, 8.71%, 1, 0, 4, 9.78
1746560644, 0, 624, 989, 981, 24, 8.71%, 1, 0, 4, 11.01
1746560654, 0, 624, 992, 984, 24, 8.71%, 1, 0, 4, 10.60
1746560664, 0, 624, 993, 985, 24, 8.71%, 1, 0, 4, 9.63
1746560777, 0, 624, 996, 988, 24, 8.71%, 1, 0, 4, 16.22
1746560802, 0, 624, 997, 989, 24, 8.71%, 1, 0, 4, 13.65
1746560813, 0, 624, 998, 990, 24, 8.71%, 1, 0, 4, 12.20
1746560818, 0, 624, 999, 991, 24, 8.71%, 1, 0, 4, 10.42
1746560828, 0, 624, 1000, 992, 24, 8.71%, 1, 0, 4, 9.40
1746560833, 0, 624, 1001, 993, 24, 8.71%, 1, 0, 4, 10.33
1746560926, 0, 624, 1002, 994, 24, 8.71%, 1, 0, 4, 9.90
1746560936, 0, 624, 1004, 996, 24, 8.71%, 1, 0, 4, 9.35
1746560957, 0, 624, 1005, 997, 24, 8.71%, 1, 0, 4, 10.06
1746560967, 0, 624, 1007, 999, 24, 8.71%, 1, 0, 4, 8.01
1746560972, 0, 624, 1008, 1000, 24, 8.71%, 1, 0, 4, 8.14
1746560983, 0, 624, 1009, 1001, 24, 8.71%, 1, 0, 4, 9.26
1746560998, 0, 640, 1009, 1000, 24, 8.71%, 1, 0, 4, 24.03
1746561003, 0, 640, 1010, 1001, 24, 8.71%, 1, 0, 4, 41.89
1746561008, 0, 640, 1012, 1003, 24, 8.71%, 1, 0, 4, 41.14
1746561023, 0, 646, 1012, 1002, 24, 8.71%, 1, 0, 4, 35.35
1746561028, 0, 646, 1014, 1004, 24, 8.71%, 1, 0, 4, 26.68
1746561100, 0, 646, 1015, 1005, 24, 8.71%, 1, 0, 4, 21.77
1746561146, 0, 651, 1015, 1004, 24, 8.71%, 1, 0, 4, 21.32
1746561177, 0, 651, 1016, 1005, 24, 8.71%, 1, 0, 4, 25.07
1746561187, 0, 651, 1017, 1006, 24, 8.71%, 1, 0, 4, 17.01
1746561278, 0, 651, 1018, 1007, 24, 8.71%, 1, 0, 4, 21.21
1746561304, 0, 651, 1019, 1008, 24, 8.71%, 1, 0, 4, 13.24
1746561314, 0, 653, 1019, 1007, 24, 8.71%, 1, 0, 4, 25.40
1746561432, 0, 708, 1019, 1006, 24, 8.71%, 1, 0, 4, 28.63
1746561478, 0, 708, 1020, 1007, 24, 8.71%, 1, 0, 4, 23.35
1746561503, 0, 720, 1020, 1006, 24, 8.71%, 1, 0, 4, 34.55
1746561590, 0, 734, 1020, 1005, 24, 8.71%, 1, 0, 4, 25.25
1746561601, 0, 734, 1021, 1006, 24, 8.71%, 1, 0, 4, 17.40
1746561611, 0, 734, 1022, 1007, 24, 8.71%, 1, 0, 4, 15.96
1746561728, 0, 734, 1024, 1009, 24, 8.71%, 1, 0, 4, 22.46
1746561748, 0, 736, 1026, 1010, 23, 8.71%, 1, 0, 4, 19.65
1746561759, 0, 736, 1029, 1013, 23, 8.71%, 1, 0, 4, 9.84
1746561764, 0, 736, 1031, 1015, 23, 8.71%, 1, 0, 4, 8.85
1746561769, 0, 736, 1032, 1016, 23, 8.71%, 1, 0, 4, 8.40
1746561774, 0, 736, 1033, 1017, 23, 8.71%, 1, 0, 4, 9.10
1746561779, 0, 736, 1034, 1018, 23, 8.71%, 1, 0, 4, 13.85
1746561789, 0, 736, 1035, 1019, 23, 8.71%, 1, 0, 4, 9.20
1746561810, 0, 736, 1036, 1020, 23, 8.71%, 1, 0, 4, 9.50
1746561815, 0, 736, 1037, 1021, 23, 8.71%, 1, 0, 4, 8.44
1746561825, 0, 736, 1038, 1022, 23, 8.71%, 1, 0, 4, 9.71
1746561830, 0, 736, 1041, 1025, 23, 8.71%, 1, 0, 4, 8.63
1746561836, 0, 736, 1043, 1027, 23, 8.71%, 1, 0, 4, 11.53
1746561882, 0, 736, 1044, 1028, 23, 8.71%, 1, 0, 4, 10.10
1746561897, 0, 736, 1045, 1029, 23, 8.71%, 1, 0, 4, 8.88
1746561948, 0, 736, 1047, 1031, 23, 8.72%, 1, 0, 4, 8.24
1746561969, 0, 736, 1048, 1032, 23, 8.72%, 1, 0, 4, 9.34
1746562010, 0, 736, 1050, 1034, 23, 8.72%, 1, 0, 4, 9.10
1746562056, 0, 736, 1052, 1036, 23, 8.72%, 1, 0, 4, 8.02
1746562066, 0, 736, 1053, 1037, 23, 8.72%, 1, 0, 4, 8.06
1746562092, 0, 736, 1054, 1038, 23, 8.72%, 1, 0, 4, 15.84
1746562133, 0, 736, 1055, 1039, 23, 8.72%, 1, 0, 4, 7.98
1746562138, 0, 736, 1056, 1040, 23, 8.72%, 1, 0, 4, 7.51
1746562143, 0, 736, 1057, 1041, 23, 8.72%, 1, 0, 4, 7.73
1746562148, 0, 736, 1058, 1042, 23, 8.72%, 1, 0, 4, 6.96
1746562174, 0, 736, 1060, 1044, 23, 8.72%, 1, 0, 4, 7.24
1746562184, 0, 736, 1061, 1045, 23, 8.72%, 1, 0, 4, 7.58
1746562200, 0, 736, 1063, 1047, 23, 8.72%, 1, 0, 4, 18.35
1746562215, 0, 736, 1064, 1048, 23, 8.72%, 1, 0, 4, 21.71
1746562231, 0, 736, 1065, 1049, 23, 8.72%, 1, 0, 4, 20.38
1746562251, 0, 736, 1066, 1050, 23, 8.72%, 1, 0, 4, 24.10
1746562261, 0, 736, 1067, 1051, 23, 8.72%, 1, 0, 4, 22.00
1746562297, 0, 736, 1068, 1052, 23, 8.72%, 1, 0, 4, 3.68
1746562308, 0, 736, 1069, 1053, 23, 8.72%, 1, 0, 4, 20.71
1746562328, 0, 736, 1070, 1054, 23, 8.72%, 1, 0, 4, 28.95
1746562400, 0, 736, 1071, 1055, 23, 8.72%, 1, 0, 4, 22.93
1746562405, 0, 736, 1072, 1056, 23, 8.72%, 1, 0, 4, 22.03
1746562440, 0, 736, 1073, 1057, 23, 8.72%, 1, 0, 4, 18.89
1746562456, 0, 736, 1074, 1058, 23, 8.72%, 1, 0, 4, 17.21
1746562491, 0, 739, 1074, 1057, 24, 8.72%, 1, 0, 4, 25.61
1746562496, 0, 739, 1075, 1058, 24, 8.72%, 1, 0, 4, 18.26
1746562640, 0, 739, 1076, 1059, 24, 8.73%, 1, 0, 4, 14.40
1746562691, 0, 739, 1077, 1060, 24, 8.73%, 1, 0, 4, 12.56
1746562701, 0, 754, 1077, 1059, 25, 8.73%, 1, 0, 4, 22.97
1746562834, 0, 754, 1078, 1060, 25, 8.73%, 1, 0, 4, 30.33
1746562839, 0, 778, 1078, 1059, 24, 8.73%, 1, 0, 4, 28.36
1746562865, 0, 778, 1079, 1060, 24, 8.73%, 1, 0, 4, 22.75
1746562957, 0, 781, 1079, 1059, 23, 8.73%, 1, 0, 4, 26.11
1746562967, 0, 781, 1080, 1060, 23, 8.73%, 1, 0, 4, 24.63
1746562988, 0, 781, 1081, 1061, 23, 8.73%, 1, 0, 4, 25.09
1746563033, 0, 784, 1081, 1060, 22, 8.73%, 1, 0, 4, 29.96
1746563223, 0, 786, 1081, 1059, 22, 8.73%, 1, 0, 4, 18.25
1746563238, 0, 786, 1082, 1060, 22, 8.73%, 1, 0, 5, 15.68
1746563417, 0, 786, 1083, 1061, 22, 8.73%, 1, 0, 5, 18.18
1746563489, 0, 836, 1083, 1060, 21, 8.73%, 1, 0, 5, 20.11
1746563586, 0, 836, 1084, 1061, 21, 8.73%, 1, 0, 5, 15.48
1746563612, 0, 836, 1085, 1062, 21, 8.73%, 1, 0, 5, 14.67
1746563617, 0, 836, 1091, 1068, 21, 8.73%, 1, 0, 5, 14.93
1746563755, 0, 836, 1092, 1069, 21, 8.73%, 1, 0, 5, 23.12
1746563760, 0, 836, 1093, 1070, 21, 8.73%, 1, 0, 5, 19.01
1746563796, 0, 836, 1094, 1071, 21, 8.73%, 1, 0, 5, 24.98
1746563801, 0, 836, 1095, 1072, 21, 8.73%, 1, 0, 5, 22.63
1746563812, 0, 836, 1096, 1073, 21, 8.73%, 1, 0, 5, 23.25
1746563837, 0, 836, 1097, 1074, 21, 8.73%, 1, 0, 5, 23.73
1746563848, 0, 836, 1098, 1075, 21, 8.73%, 1, 0, 5, 22.67
1746563878, 0, 836, 1099, 1076, 21, 8.73%, 1, 0, 5, 22.81
1746563904, 0, 836, 1100, 1077, 21, 8.73%, 1, 0, 5, 25.14
1746563924, 0, 836, 1101, 1078, 21, 8.73%, 1, 0, 5, 22.04
1746563950, 0, 836, 1102, 1079, 21, 8.73%, 1, 0, 5, 27.50
1746563960, 0, 836, 1103, 1080, 21, 8.73%, 1, 0, 5, 24.94
1746563976, 0, 836, 1104, 1081, 21, 8.73%, 1, 0, 5, 20.87
1746564011, 0, 850, 1104, 1080, 22, 8.73%, 1, 0, 5, 21.26
1746564037, 0, 850, 1105, 1081, 22, 8.73%, 1, 0, 5, 15.19
1746564180, 0, 850, 1106, 1082, 22, 8.73%, 1, 0, 5, 19.96
1746564272, 0, 859, 1106, 1081, 22, 8.73%, 1, 0, 5, 24.88
1746564497, 0, 859, 1107, 1082, 22, 8.73%, 1, 0, 5, 25.12
1746564507, 0, 859, 1108, 1083, 22, 8.73%, 1, 0, 5, 25.04
1746564512, 0, 859, 1109, 1084, 22, 8.73%, 1, 0, 5, 21.04
1746564563, 0, 859, 1110, 1085, 22, 8.73%, 1, 0, 5, 24.95
1746564578, 0, 859, 1111, 1086, 22, 8.78%, 1, 0, 5, 23.36
1746564589, 0, 859, 1112, 1087, 22, 8.78%, 1, 0, 5, 22.78
1746564635, 0, 859, 1113, 1088, 22, 8.78%, 1, 0, 5, 28.52
1746564645, 0, 859, 1114, 1089, 22, 8.78%, 1, 0, 5, 4.91
1746564676, 0, 859, 1115, 1090, 22, 8.78%, 1, 0, 5, 21.43
1746564686, 0, 859, 1116, 1091, 22, 8.78%, 1, 0, 5, 26.74
1746564717, 0, 859, 1117, 1092, 22, 8.78%, 1, 0, 5, 22.75
1746564758, 0, 875, 1117, 1091, 20, 8.78%, 1, 0, 5, 20.71
1746564998, 0, 875, 1117, 1091, 20, 8.78%, 2, 0, 5, 25.06
1746565009, 0, 909, 1117, 1090, 20, 8.78%, 2, 0, 5, 23.42
1746565131, 0, 912, 1117, 1089, 19, 8.78%, 2, 0, 5, 20.98
1746565147, 0, 912, 1118, 1090, 19, 8.78%, 2, 0, 5, 15.22
1746565162, 0, 912, 1119, 1091, 19, 8.78%, 2, 0, 5, 14.59
1746565193, 0, 912, 1120, 1092, 19, 8.78%, 2, 0, 5, 20.38
1746565295, 0, 912, 1121, 1093, 19, 8.78%, 2, 0, 5, 14.04
1746565367, 0, 912, 1122, 1094, 19, 8.78%, 2, 0, 5, 13.88
1746565412, 0, 912, 1123, 1095, 19, 8.78%, 2, 0, 5, 25.32
1746565428, 0, 969, 1123, 1094, 19, 8.78%, 2, 0, 5, 22.38
1746565653, 0, 969, 1124, 1095, 19, 8.78%, 2, 0, 5, 12.11
1746565740, 0, 989, 1124, 1094, 20, 8.78%, 2, 0, 5, 22.48
1746565913, 0, 989, 1126, 1096, 20, 8.78%, 2, 0, 5, 10.85
1746566227, 0, 994, 1126, 1095, 19, 8.78%, 2, 0, 5, 21.28
1746566294, 0, 994, 1127, 1096, 19, 8.78%, 2, 0, 5, 10.63
1746566299, 0, 994, 1128, 1097, 19, 8.78%, 2, 0, 5, 9.15
1746566314, 0, 994, 1129, 1098, 19, 8.78%, 2, 0, 5, 10.08
1746566340, 0, 994, 1130, 1099, 19, 8.78%, 2, 0, 5, 14.30
1746566386, 0, 994, 1131, 1100, 19, 8.78%, 2, 0, 5, 13.01
1746566765, 0, 994, 1132, 1101, 19, 8.78%, 2, 0, 5, 8.32
1746566806, 0, 994, 1133, 1102, 19, 8.78%, 2, 0, 5, 17.35
1746566816, 0, 994, 1133, 1102, 19, 8.78%, 3, 0, 5, 22.69
1746566831, 0, 1009, 1133, 1101, 18, 8.78%, 3, 0, 5, 37.74
1746566867, 0, 1014, 1133, 1100, 17, 8.78%, 3, 0, 5, 34.84
1746566872, 0, 1014, 1134, 1101, 17, 8.78%, 3, 0, 5, 27.78
1746566877, 0, 1014, 1135, 1102, 17, 8.78%, 3, 0, 5, 25.79
1746566918, 0, 1014, 1137, 1104, 17, 8.78%, 3, 0, 5, 26.03
1746566974, 0, 1014, 1137, 1104, 17, 8.78%, 4, 0, 5, 30.36
1746566990, 0, 1015, 1137, 1103, 17, 8.78%, 4, 0, 5, 21.43
1746567154, 0, 1015, 1138, 1104, 17, 8.78%, 4, 0, 5, 26.83
1746567179, 0, 1021, 1138, 1103, 16, 8.78%, 4, 0, 5, 24.73
1746567322, 0, 1027, 1138, 1102, 15, 8.78%, 4, 0, 5, 25.21
1746567742, 0, 1027, 1139, 1103, 15, 8.78%, 4, 0, 5, 17.56
1746567768, 0, 1045, 1139, 1102, 14, 8.78%, 4, 0, 5, 20.26
1746567984, 0, 1045, 1140, 1103, 14, 8.78%, 4, 0, 5, 7.70
1746568025, 0, 1045, 1141, 1104, 14, 8.78%, 4, 0, 5, 15.17
1746568081, 0, 1045, 1142, 1105, 14, 8.78%, 4, 0, 5, 7.61
1746568204, 0, 1053, 1142, 1104, 13, 8.78%, 4, 0, 5, 17.87
1746568214, 0, 1053, 1143, 1105, 13, 8.78%, 4, 0, 5, 10.39
1746568265, 0, 1053, 1144, 1106, 13, 8.78%, 4, 0, 5, 8.25
1746568455, 0, 1053, 1145, 1107, 13, 8.78%, 4, 0, 5, 9.66
1746568460, 0, 1053, 1146, 1108, 13, 8.78%, 4, 0, 5, 14.24
1746568598, 0, 1053, 1147, 1109, 13, 8.78%, 4, 0, 5, 16.06
1746568603, 0, 1053, 1148, 1110, 13, 8.78%, 4, 0, 5, 3.16
1746568619, 0, 1074, 1148, 1109, 14, 8.78%, 4, 0, 5, 22.18
1746568649, 0, 1074, 1149, 1110, 14, 8.78%, 4, 0, 5, 13.55
1746568844, 0, 1075, 1149, 1109, 13, 8.78%, 4, 0, 5, 23.55
1746569049, 0, 1075, 1150, 1110, 13, 8.78%, 4, 0, 5, 10.62
1746569070, 0, 1077, 1151, 1110, 12, 8.78%, 4, 0, 5, 20.87
1746569075, 0, 1077, 1152, 1111, 12, 8.78%, 4, 0, 5, 14.52
1746569080, 0, 1077, 1154, 1113, 12, 8.78%, 4, 0, 5, 10.32
1746569085, 0, 1077, 1155, 1114, 12, 8.78%, 4, 0, 5, 9.63
1746569100, 0, 1077, 1157, 1116, 12, 8.78%, 4, 0, 5, 6.50
1746569106, 0, 1077, 1158, 1117, 12, 8.78%, 4, 0, 5, 6.03
1746569111, 0, 1077, 1160, 1119, 12, 8.78%, 4, 0, 5, 5.65
1746569116, 0, 1077, 1161, 1120, 12, 8.78%, 4, 0, 5, 5.31
1746569121, 0, 1077, 1162, 1121, 12, 8.78%, 4, 0, 5, 5.18
1746569126, 0, 1077, 1163, 1122, 12, 8.78%, 4, 0, 5, 5.08
1746569152, 0, 1077, 1164, 1123, 12, 8.78%, 4, 0, 5, 7.22
1746569157, 0, 1077, 1166, 1125, 12, 8.78%, 4, 0, 5, 5.77
1746569162, 0, 1077, 1167, 1126, 12, 8.78%, 4, 0, 5, 5.43
1746569168, 0, 1077, 1168, 1127, 12, 8.78%, 4, 0, 5, 5.32
1746569173, 0, 1077, 1170, 1129, 12, 8.78%, 4, 0, 5, 5.25
1746569178, 0, 1077, 1171, 1130, 12, 8.78%, 4, 0, 5, 5.27
1746569183, 0, 1077, 1173, 1132, 12, 8.78%, 4, 0, 5, 4.96
1746569188, 0, 1077, 1174, 1133, 12, 8.78%, 4, 0, 5, 4.83
1746569209, 0, 1077, 1175, 1134, 12, 8.78%, 4, 0, 5, 7.36
1746569214, 0, 1077, 1176, 1135, 12, 8.78%, 4, 0, 5, 6.39
1746569219, 0, 1077, 1177, 1136, 12, 8.78%, 4, 0, 5, 5.71
1746569224, 0, 1077, 1178, 1137, 12, 8.78%, 4, 0, 5, 5.44
1746569229, 0, 1077, 1179, 1138, 12, 8.78%, 4, 0, 5, 5.18
1746569235, 0, 1077, 1180, 1139, 12, 8.78%, 4, 0, 5, 5.13
1746569240, 0, 1077, 1181, 1140, 12, 8.81%, 4, 0, 5, 4.85
1746569255, 0, 1077, 1183, 1142, 12, 8.81%, 4, 0, 5, 6.00
1746569291, 0, 1077, 1184, 1143, 12, 8.81%, 4, 0, 5, 15.44
1746569347, 0, 1077, 1185, 1144, 12, 8.81%, 4, 0, 5, 7.39
1746569399, 0, 1077, 1186, 1145, 12, 8.81%, 4, 0, 5, 6.21
1746569420, 0, 1077, 1187, 1146, 12, 8.81%, 4, 0, 5, 5.71
1746569430, 0, 1077, 1188, 1147, 12, 8.81%, 4, 0, 5, 5.47
1746569440, 0, 1077, 1189, 1148, 12, 8.81%, 4, 0, 5, 5.37
1746569445, 0, 1077, 1191, 1150, 12, 8.81%, 4, 0, 5, 5.26
1746569450, 0, 1077, 1192, 1151, 12, 8.81%, 4, 0, 5, 5.24
1746569481, 0, 1077, 1193, 1152, 12, 8.81%, 4, 0, 5, 5.25
1746569507, 0, 1077, 1195, 1154, 12, 8.81%, 4, 0, 5, 4.97
1746569512, 0, 1077, 1197, 1156, 12, 8.81%, 4, 0, 5, 4.94
1746569574, 0, 1077, 1198, 1157, 12, 8.81%, 4, 0, 5, 5.68
1746569584, 0, 1077, 1199, 1158, 12, 8.81%, 4, 0, 5, 6.11
1746569594, 0, 1077, 1200, 1159, 12, 8.81%, 4, 0, 5, 5.46
1746569599, 0, 1077, 1201, 1160, 12, 8.81%, 4, 0, 5, 5.07
1746569615, 0, 1077, 1202, 1161, 12, 8.81%, 4, 0, 5, 14.88
1746569671, 0, 1077, 1205, 1164, 12, 8.81%, 4, 0, 5, 5.36
1746569686, 0, 1077, 1206, 1165, 12, 8.81%, 4, 0, 5, 5.90
1746569697, 0, 1077, 1207, 1166, 12, 8.81%, 4, 0, 5, 5.43
1746569702, 0, 1077, 1208, 1167, 12, 8.81%, 4, 0, 5, 4.94
1746569733, 0, 1077, 1209, 1168, 12, 8.81%, 4, 0, 5, 5.06
1746569738, 0, 1077, 1210, 1169, 12, 8.81%, 4, 0, 5, 4.86
1746569815, 0, 1077, 1211, 1170, 12, 8.81%, 4, 0, 5, 6.08
1746569851, 0, 1077, 1212, 1171, 12, 8.81%, 4, 0, 5, 6.52
1746569861, 0, 1077, 1213, 1172, 12, 8.81%, 4, 0, 5, 5.52
1746569871, 0, 1077, 1214, 1173, 12, 8.81%, 4, 0, 5, 5.27
1746569928, 0, 1077, 1215, 1174, 12, 8.81%, 4, 0, 5, 5.36
1746569933, 0, 1077, 1216, 1175, 12, 8.81%, 4, 0, 5, 4.81
1746569938, 0, 1077, 1217, 1176, 12, 8.81%, 4, 0, 5, 4.99
1746569943, 0, 1077, 1218, 1177, 12, 8.81%, 4, 0, 5, 4.70
1746569954, 0, 1077, 1219, 1178, 12, 8.81%, 4, 0, 5, 4.89
1746569980, 0, 1090, 1219, 1177, 14, 8.81%, 4, 0, 5, 18.15
1746570025, 0, 1090, 1220, 1178, 14, 8.81%, 4, 0, 6, 16.52
1746570251, 0, 1092, 1220, 1177, 13, 8.81%, 4, 0, 6, 4.41
1746570262, 0, 1092, 1221, 1178, 13, 8.84%, 4, 0, 6, 9.17
1746570385, 0, 1092, 1222, 1179, 13, 8.84%, 4, 0, 6, 11.62
1746570400, 0, 1092, 1223, 1180, 13, 8.84%, 4, 0, 6, 11.18
1746570426, 0, 1092, 1224, 1181, 13, 8.84%, 4, 0, 6, 11.09
1746570452, 0, 1092, 1225, 1182, 13, 8.84%, 4, 0, 6, 9.36
1746570615, 0, 1092, 1226, 1183, 13, 8.84%, 4, 0, 6, 8.03
1746570779, 0, 1092, 1227, 1184, 13, 8.84%, 4, 0, 6, 8.52
1746570820, 0, 1092, 1228, 1185, 13, 8.84%, 4, 0, 6, 8.19
1746571055, 0, 1092, 1228, 1185, 13, 8.84%, 5, 0, 6, 18.09
1746571066, 0, 1105, 1228, 1184, 15, 8.84%, 6, 0, 6, 18.56
1746571230, 0, 1121, 1228, 1183, 14, 8.84%, 6, 0, 6, 30.73
1746571261, 0, 1121, 1229, 1184, 14, 8.84%, 6, 0, 6, 9.88
1746571481, 0, 1121, 1230, 1185, 14, 8.84%, 6, 0, 6, 10.38
1746571588, 0, 1123, 1230, 1184, 14, 8.84%, 6, 0, 6, 24.00
1746571629, 0, 1123, 1231, 1185, 14, 8.84%, 6, 0, 6, 12.15
1746571906, 0, 1136, 1231, 1184, 13, 8.84%, 6, 0, 6, 26.55
1746572028, 0, 1145, 1231, 1183, 12, 8.84%, 6, 0, 6, 21.91
1746572069, 0, 1145, 1232, 1184, 12, 8.84%, 6, 0, 6, 9.21
1746572233, 0, 1145, 1233, 1185, 12, 8.84%, 6, 0, 6, 8.11
1746572427, 0, 1154, 1233, 1184, 11, 8.84%, 7, 0, 6, 18.59
1746572447, 0, 1154, 1234, 1185, 11, 8.84%, 7, 0, 6, 6.45
1746572499, 0, 1154, 1235, 1186, 11, 8.84%, 7, 0, 6, 5.73
1746572524, 0, 1154, 1236, 1187, 11, 8.84%, 7, 0, 6, 9.45
1746572550, 0, 1154, 1237, 1188, 11, 8.84%, 7, 0, 6, 5.20
1746572715, 0, 1154, 1238, 1189, 11, 8.84%, 7, 0, 6, 5.40
1746572730, 0, 1154, 1239, 1190, 11, 8.84%, 7, 0, 6, 5.31
1746572782, 0, 1154, 1240, 1191, 11, 8.84%, 7, 0, 6, 5.26
1746572875, 0, 1154, 1241, 1192, 11, 8.84%, 7, 0, 6, 8.73
1746572885, 0, 1154, 1242, 1193, 11, 8.84%, 7, 0, 6, 5.99
1746573138, 0, 1154, 1243, 1194, 11, 8.84%, 7, 0, 6, 5.21
1746573221, 0, 1154, 1244, 1195, 11, 8.84%, 7, 0, 6, 4.74
1746573251, 0, 1154, 1244, 1195, 11, 8.84%, 8, 0, 6, 16.40
1746573256, 0, 1155, 1244, 1194, 13, 8.84%, 8, 0, 6, 14.53
1746573339, 0, 1155, 1245, 1195, 13, 8.84%, 8, 0, 6, 9.26
1746573684, 0, 1155, 1246, 1196, 13, 8.84%, 8, 0, 6, 6.73
1746573915, 0, 1159, 1246, 1195, 12, 8.84%, 8, 0, 6, 15.44
1746574217, 0, 1159, 1249, 1198, 12, 8.84%, 8, 0, 6, 5.75
1746574418, 0, 1159, 1250, 1199, 12, 8.84%, 8, 0, 6, 5.63
1746574598, 0, 1184, 1250, 1198, 12, 8.84%, 8, 0, 6, 14.71
1746574639, 0, 1184, 1252, 1200, 12, 8.84%, 8, 0, 6, 5.17
1746574686, 0, 1184, 1253, 1201, 12, 8.84%, 8, 0, 6, 5.02
1746574722, 0, 1184, 1254, 1202, 12, 8.84%, 8, 0, 6, 5.19
1746574727, 0, 1184, 1256, 1204, 12, 8.84%, 8, 0, 6, 5.00
1746574738, 0, 1184, 1257, 1205, 12, 8.84%, 8, 0, 6, 7.22
1746574769, 0, 1184, 1258, 1206, 12, 8.84%, 8, 0, 6, 15.86
1746574991, 0, 1184, 1259, 1207, 12, 8.84%, 8, 0, 6, 4.95
1746574996, 0, 1184, 1259, 1207, 12, 8.84%, 10, 0, 6, 4.98
1746575017, 0, 1184, 1259, 1207, 12, 8.84%, 11, 0, 6, 5.04
1746575028, 0, 1184, 1259, 1207, 12, 8.84%, 14, 0, 6, 4.98
1746575075, 0, 1184, 1260, 1208, 12, 8.84%, 14, 0, 6, 5.13
1746575204, 0, 1184, 1261, 1209, 12, 8.84%, 14, 0, 6, 4.96
1746575209, 0, 1184, 1263, 1211, 12, 8.84%, 14, 0, 6, 5.00
1746575214, 0, 1184, 1264, 1212, 12, 8.84%, 14, 0, 6, 5.08
1746575426, 0, 1184, 1265, 1213, 12, 8.84%, 14, 0, 6, 11.25
1746575436, 0, 1190, 1265, 1212, 13, 8.84%, 14, 0, 6, 16.73
1746575473, 0, 1190, 1267, 1214, 13, 8.84%, 14, 0, 6, 5.51
1746575786, 0, 1190, 1268, 1215, 13, 8.84%, 14, 0, 6, 5.19
1746575812, 0, 1190, 1269, 1216, 13, 8.84%, 14, 0, 6, 5.00
1746576012, 0, 1190, 1270, 1217, 13, 8.84%, 14, 0, 6, 5.14
1746576209, 0, 1190, 1272, 1219, 13, 8.99%, 14, 0, 6, 5.27
1746576214, 0, 1190, 1275, 1222, 13, 9.00%, 14, 0, 6, 5.06
1746576219, 0, 1190, 1276, 1223, 13, 9.00%, 14, 0, 6, 4.93
1746576260, 0, 1197, 1276, 1222, 14, 9.00%, 14, 0, 6, 14.77
1746576302, 0, 1197, 1277, 1223, 14, 9.00%, 14, 0, 6, 8.05
1746576375, 0, 1197, 1278, 1224, 14, 9.00%, 14, 0, 6, 5.60
1746576385, 0, 1197, 1279, 1225, 14, 9.00%, 14, 0, 6, 7.56
1746576627, 0, 1197, 1279, 1225, 14, 9.00%, 15, 0, 6, 5.29
1746576638, 0, 1197, 1280, 1226, 14, 9.00%, 16, 0, 6, 5.30
1746576643, 0, 1197, 1280, 1226, 14, 9.00%, 17, 0, 6, 5.30
1746576654, 0, 1197, 1280, 1226, 14, 9.00%, 18, 0, 6, 5.27
1746576659, 0, 1197, 1280, 1226, 14, 9.00%, 19, 0, 6, 5.26
1746576871, 0, 1197, 1281, 1227, 14, 9.00%, 19, 0, 6, 9.19
1746577041, 0, 1197, 1281, 1227, 14, 9.00%, 20, 0, 6, 16.35
1746577046, 0, 1220, 1281, 1226, 15, 9.00%, 20, 0, 6, 16.35
1746577205, 0, 1220, 1282, 1227, 15, 9.00%, 20, 0, 7, 13.78
1746577380, 0, 1220, 1283, 1228, 15, 9.00%, 20, 0, 7, 8.45
1746577819, 0, 1225, 1283, 1227, 13, 9.00%, 20, 0, 7, 16.49
1746578336, 0, 1225, 1284, 1228, 13, 9.00%, 20, 0, 7, 8.58
1746578613, 0, 1225, 1285, 1229, 13, 9.00%, 21, 0, 7, 16.17
1746578624, 0, 1225, 1286, 1230, 13, 9.00%, 21, 0, 7, 16.27
1746578629, 0, 1225, 1286, 1230, 13, 9.00%, 22, 0, 7, 18.73
1746578660, 0, 1225, 1286, 1230, 13, 9.00%, 23, 0, 7, 18.76
1746578675, 0, 1228, 1286, 1229, 12, 9.00%, 23, 0, 7, 20.15
1746578706, 0, 1228, 1287, 1230, 12, 9.00%, 23, 0, 7, 13.23
1746578931, 0, 1228, 1288, 1231, 12, 9.00%, 23, 0, 7, 9.65
1746578962, 0, 1228, 1289, 1232, 12, 9.00%, 23, 0, 7, 22.80
1746579029, 0, 1232, 1289, 1231, 12, 9.00%, 23, 0, 7, 18.93
1746579429, 0, 1249, 1289, 1230, 11, 9.00%, 23, 0, 7, 18.62
1746579454, 0, 1249, 1291, 1232, 11, 9.00%, 23, 0, 7, 6.56
1746580131, 0, 1259, 1291, 1231, 10, 9.00%, 23, 0, 7, 18.84
1746580219, 0, 1259, 1292, 1232, 10, 9.00%, 23, 0, 7, 6.98
1746580906, 0, 1259, 1293, 1233, 10, 9.00%, 23, 0, 7, 5.35
1746580942, 0, 1259, 1294, 1234, 10, 9.00%, 23, 0, 7, 12.36
1746580947, 0, 1259, 1294, 1234, 10, 9.00%, 24, 0, 7, 16.07
1746580958, 0, 1263, 1294, 1233, 10, 9.00%, 24, 0, 7, 16.30
1746580999, 0, 1263, 1296, 1235, 10, 9.00%, 24, 0, 7, 5.38
1746581004, 0, 1263, 1297, 1236, 10, 9.00%, 24, 0, 7, 5.32
1746581046, 0, 1263, 1298, 1237, 10, 9.00%, 24, 0, 7, 5.36
1746581087, 0, 1263, 1299, 1238, 10, 9.00%, 24, 0, 7, 5.39
1746581357, 0, 1263, 1300, 1239, 10, 9.00%, 24, 0, 7, 5.20
1746581362, 0, 1263, 1301, 1240, 10, 9.00%, 24, 0, 7, 5.29
1746581393, 0, 1263, 1302, 1241, 10, 9.00%, 24, 0, 7, 4.89
1746581795, 0, 1269, 1302, 1240, 10, 9.00%, 25, 0, 7, 15.55
1746581821, 0, 1269, 1303, 1241, 10, 9.00%, 25, 0, 7, 6.22
1746582146, 0, 1269, 1304, 1242, 10, 9.00%, 25, 0, 7, 5.47
1746582290, 0, 1269, 1305, 1243, 10, 9.00%, 25, 0, 7, 5.42
1746582409, 0, 1269, 1306, 1244, 10, 9.00%, 25, 0, 7, 5.04
1746582593, 0, 1269, 1307, 1245, 10, 9.00%, 25, 0, 7, 5.16
1746582599, 0, 1269, 1309, 1247, 10, 9.00%, 25, 0, 7, 5.20
1746582630, 0, 1272, 1309, 1246, 10, 9.00%, 26, 0, 7, 16.12
1746582712, 0, 1272, 1310, 1247, 10, 9.00%, 26, 0, 7, 5.17
1746582717, 0, 1272, 1312, 1249, 10, 9.00%, 26, 0, 7, 5.15
1746583046, 0, 1272, 1314, 1251, 10, 9.00%, 26, 0, 7, 5.17
1746583159, 0, 1272, 1315, 1252, 10, 9.00%, 26, 0, 7, 5.53
1746583478, 0, 1276, 1315, 1251, 10, 9.00%, 26, 0, 7, 16.19
1746583514, 0, 1276, 1316, 1252, 10, 9.00%, 26, 0, 7, 5.76
1746583751, 0, 1276, 1317, 1253, 10, 9.00%, 26, 0, 7, 6.61
1746583886, 0, 1276, 1318, 1254, 10, 9.00%, 26, 0, 7, 33.18
1746584128, 0, 1276, 1319, 1255, 10, 9.00%, 26, 0, 7, 7.30
1746584251, 0, 1282, 1319, 1254, 10, 9.00%, 26, 0, 7, 15.62
1746584282, 0, 1282, 1320, 1255, 10, 9.00%, 26, 0, 8, 8.83
1746584897, 0, 1282, 1321, 1256, 10, 9.00%, 26, 0, 8, 8.00
1746585015, 0, 1286, 1321, 1255, 11, 9.00%, 26, 0, 8, 21.08
1746585031, 0, 1286, 1322, 1256, 11, 9.00%, 26, 0, 8, 13.38
1746585369, 0, 1288, 1322, 1255, 10, 9.00%, 26, 0, 8, 22.13
1746585462, 0, 1288, 1323, 1256, 10, 9.00%, 26, 0, 8, 14.39
1746585610, 0, 1301, 1323, 1255, 10, 9.00%, 26, 0, 8, 22.42
1746585672, 0, 1301, 1324, 1256, 10, 9.00%, 26, 0, 8, 7.49
1746586276, 0, 1301, 1325, 1257, 10, 9.00%, 26, 0, 8, 6.48
1746586420, 0, 1304, 1325, 1256, 9, 9.00%, 26, 0, 8, 15.84
1746586910, 0, 1304, 1326, 1257, 9, 9.00%, 26, 0, 8, 5.84
1746587024, 0, 1304, 1327, 1258, 9, 9.00%, 26, 0, 8, 5.24
1746587029, 0, 1304, 1328, 1259, 9, 9.00%, 26, 0, 8, 5.30
1746587034, 0, 1304, 1329, 1260, 9, 9.00%, 26, 0, 8, 5.25
1746587240, 0, 1313, 1329, 1259, 8, 9.00%, 26, 0, 8, 20.43
1746588077, 0, 1314, 1329, 1258, 7, 9.00%, 26, 0, 8, 14.21
1746588465, 0, 1314, 1330, 1259, 7, 9.00%, 26, 0, 8, 5.29
1746588470, 0, 1314, 1333, 1262, 7, 9.00%, 26, 0, 8, 5.40
1746588475, 0, 1314, 1334, 1263, 7, 9.00%, 26, 0, 8, 5.40
1746588904, 0, 1315, 1334, 1262, 7, 9.00%, 26, 0, 8, 19.66
1746589274, 0, 1315, 1334, 1262, 7, 9.00%, 27, 0, 8, 5.35
1746589290, 0, 1315, 1335, 1263, 7, 9.00%, 27, 0, 8, 5.43
1746589346, 0, 1315, 1336, 1264, 7, 9.00%, 27, 0, 8, 5.42
1746589460, 0, 1315, 1336, 1264, 7, 9.00%, 28, 0, 8, 5.52
1746589465, 0, 1315, 1336, 1264, 7, 9.00%, 29, 0, 8, 5.42
1746589682, 0, 1317, 1336, 1263, 7, 9.00%, 29, 0, 8, 16.10
1746589723, 0, 1317, 1337, 1264, 7, 9.00%, 29, 0, 8, 5.55
1746590454, 0, 1317, 1337, 1264, 7, 9.00%, 30, 0, 8, 15.07
1746590459, 0, 1319, 1337, 1263, 6, 9.00%, 30, 0, 8, 19.67
1746590495, 0, 1319, 1338, 1264, 6, 9.00%, 30, 0, 9, 8.28
1746590900, 0, 1319, 1339, 1265, 6, 9.00%, 30, 0, 9, 12.20
1746591223, 0, 1319, 1339, 1265, 6, 9.00%, 31, 0, 9, 20.53
1746591233, 0, 1329, 1339, 1264, 5, 9.00%, 31, 0, 9, 17.27
1746591316, 0, 1329, 1340, 1265, 5, 9.00%, 31, 0, 9, 5.54
1746591357, 0, 1329, 1341, 1266, 5, 9.00%, 31, 0, 9, 5.46
1746592058, 0, 1329, 1341, 1266, 5, 9.00%, 32, 0, 9, 18.57
1746592068, 0, 1332, 1341, 1265, 4, 9.00%, 32, 0, 9, 16.25
1746592151, 0, 1332, 1342, 1266, 4, 9.00%, 32, 0, 9, 5.47
1746592192, 0, 1332, 1343, 1267, 4, 9.00%, 32, 0, 9, 5.25
1746592202, 0, 1332, 1344, 1268, 4, 9.00%, 32, 0, 9, 7.65
1746592903, 0, 1334, 1344, 1267, 4, 9.00%, 32, 0, 9, 15.74
1746593668, 0, 1334, 1344, 1267, 4, 9.00%, 33, 0, 9, 18.48
1746593679, 1, 77, 1344, 1266, 3, 9.00%, 34, 0, 9, 40.90
1746593684, 1, 77, 1345, 1267, 3, 9.00%, 34, 0, 9, 43.83
1746593689, 1, 77, 1346, 1268, 3, 9.00%, 34, 0, 9, 44.06
1746593740, 1, 91, 1346, 1267, 3, 9.00%, 34, 0, 9, 43.97
1746593755, 1, 184, 1346, 1266, 3, 9.00%, 34, 0, 9, 39.45
1746593770, 1, 370, 1346, 1265, 2, 9.00%, 34, 0, 9, 35.78
1746593858, 1, 403, 1346, 1264, 2, 9.00%, 34, 0, 9, 17.22
1746593955, 1, 427, 1346, 1263, 2, 9.00%, 34, 0, 9, 25.23
1746594149, 1, 548, 1346, 1262, 2, 9.00%, 34, 0, 9, 19.15
1746594236, 1, 554, 1346, 1261, 2, 9.00%, 34, 0, 9, 26.45
1746594282, 1, 683, 1346, 1260, 1, 9.00%, 34, 0, 9, 23.66
1746594451, 1, 709, 1346, 1259, 1, 9.00%, 34, 0, 9, 24.73
1746594553, 1, 710, 1346, 1258, 0, 9.00%, 34, 0, 9, 27.69
1746594640, 1, 711, 1346, 1257, 0, 9.00%, 34, 0, 9, 26.97
1746594727, 1, 719, 1346, 1256, 0, 9.00%, 34, 0, 9, 29.73
1746594773, 1, 719, 1347, 1257, 0, 9.00%, 34, 0, 9, 27.85
1746594788, 1, 724, 1347, 1256, 0, 9.00%, 34, 0, 9, 25.01
1746594917, 1, 727, 1347, 1255, 0, 9.00%, 34, 0, 9, 19.76
1746595024, 1, 729, 1347, 1254, 0, 9.00%, 34, 0, 9, 22.32
1746595117, 1, 731, 1347, 1253, 0, 9.00%, 34, 0, 9, 23.27
1746595275, 1, 731, 1349, 1255, 0, 9.00%, 34, 0, 9, 19.50
1746595306, 1, 738, 1349, 1254, 0, 9.00%, 34, 0, 9, 25.28
1746595404, 1, 741, 1349, 1253, 0, 9.00%, 34, 0, 9, 28.92
1746595491, 1, 746, 1349, 1252, 0, 9.00%, 34, 0, 9, 21.85
1746595912, 1, 746, 1350, 1253, 0, 9.00%, 34, 0, 9, 6.57
1746595933, 1, 747, 1350, 1252, 0, 9.00%, 34, 0, 9, 19.75
1746596045, 1, 747, 1351, 1253, 0, 9.00%, 34, 0, 9, 26.29
1746596055, 1, 750, 1351, 1252, 0, 9.00%, 34, 0, 9, 22.10
1746596204, 1, 753, 1351, 1251, 0, 9.00%, 34, 0, 9, 19.52
1746596399, 1, 753, 1352, 1252, 0, 9.00%, 34, 0, 9, 15.27
1746596414, 1, 754, 1352, 1251, 0, 9.00%, 34, 0, 9, 28.07
1746596419, 1, 756, 1352, 1251, 0, 9.00%, 34, 0, 9, 20.94
1746596557, 1, 759, 1352, 1250, 0, 9.00%, 34, 0, 9, 28.36
1746596644, 1, 766, 1352, 1249, 0, 9.00%, 34, 0, 9, 27.68
1746596880, 1, 770, 1352, 1248, 0, 9.00%, 34, 0, 9, 19.47
1746597039, 1, 772, 1352, 1247, 0, 9.00%, 34, 0, 9, 24.87
1746597219, 1, 773, 1352, 1246, 0, 9.00%, 34, 0, 9, 27.09
1746597255, 1, 773, 1353, 1247, 0, 9.00%, 34, 0, 9, 33.34
1746597260, 1, 773, 1354, 1248, 0, 9.00%, 34, 0, 9, 34.53
1746597290, 1, 774, 1354, 1247, 0, 9.00%, 34, 0, 9, 26.71
1746597454, 1, 778, 1354, 1246, 0, 9.00%, 34, 0, 9, 25.21
1746597459, 1, 785, 1354, 1246, 0, 9.00%, 34, 0, 9, 22.98
1746597678, 1, 789, 1354, 1245, 0, 9.00%, 34, 0, 9, 22.14
1746597965, 1, 795, 1354, 1244, 0, 9.00%, 34, 0, 9, 19.66
1746598262, 1, 797, 1354, 1243, 0, 9.00%, 34, 0, 9, 18.77
1746598528, 1, 801, 1354, 1242, 0, 9.00%, 34, 0, 9, 23.53
1746598789, 1, 802, 1354, 1241, 0, 9.00%, 34, 0, 9, 18.27
1746599055, 1, 804, 1354, 1240, 0, 9.00%, 34, 0, 9, 22.58
1746599316, 1, 808, 1354, 1239, 0, 9.00%, 34, 0, 9, 20.19
1746599557, 1, 809, 1354, 1238, 0, 9.00%, 34, 0, 9, 20.01
1746599807, 1, 809, 1354, 1238, 0, 9.00%, 35, 0, 9, 24.97
1746599817, 1, 810, 1354, 1237, 0, 9.00%, 35, 0, 9, 21.88
1746600088, 1, 812, 1354, 1236, 0, 9.00%, 35, 0, 9, 23.36
1746600339, 1, 812, 1354, 1236, 0, 9.00%, 36, 0, 9, 26.11
1746600344, 1, 814, 1354, 1235, 0, 9.00%, 36, 0, 9, 22.39
1746600610, 1, 816, 1354, 1234, 0, 9.00%, 36, 0, 9, 24.05
1746600871, 1, 816, 1354, 1234, 0, 9.00%, 37, 0, 9, 26.01
1746600877, 1, 817, 1354, 1233, 0, 9.00%, 37, 0, 9, 23.89
1746601142, 1, 819, 1354, 1232, 0, 9.00%, 38, 0, 9, 24.62
1746601419, 1, 820, 1354, 1231, 0, 9.00%, 38, 0, 9, 19.53
1746601680, 1, 822, 1354, 1230, 0, 9.00%, 38, 0, 9, 19.76
