# unix_time, cycles_done, cur_path, paths_total, pending_total, pending_favs, map_size, unique_crashes, unique_hangs, max_depth, execs_per_sec
1746612043, 0, 0, 1, 1, 1, 3.78%, 0, 0, 1, 129.03
1746612048, 0, 0, 38, 38, 1, 5.64%, 0, 0, 2, 123.20
1746612053, 0, 0, 59, 59, 1, 5.74%, 0, 0, 2, 123.36
1746612058, 0, 0, 73, 73, 1, 5.74%, 0, 0, 2, 125.90
1746612063, 0, 0, 84, 84, 1, 5.74%, 0, 0, 2, 131.45
1746612068, 0, 0, 92, 92, 1, 5.74%, 0, 0, 2, 132.40
1746612073, 0, 0, 103, 103, 1, 5.74%, 0, 0, 2, 132.01
1746612078, 0, 0, 113, 113, 1, 5.74%, 0, 0, 2, 127.45
1746612083, 0, 0, 121, 121, 1, 5.76%, 0, 0, 2, 127.74
1746612088, 0, 0, 124, 124, 1, 5.76%, 0, 0, 2, 132.51
1746612094, 0, 0, 130, 130, 1, 5.76%, 0, 0, 2, 129.65
1746612099, 0, 0, 133, 133, 1, 5.76%, 0, 0, 2, 133.66
1746612104, 0, 0, 140, 140, 1, 5.76%, 0, 0, 2, 132.74
1746612109, 0, 0, 145, 145, 1, 5.76%, 0, 0, 2, 132.83
1746612114, 0, 0, 148, 148, 1, 5.76%, 0, 0, 2, 134.68
1746612119, 0, 0, 154, 154, 1, 5.76%, 0, 0, 2, 131.20
1746612124, 0, 0, 156, 156, 1, 5.77%, 0, 0, 2, 132.31
1746612129, 0, 0, 161, 161, 1, 5.77%, 0, 0, 2, 131.16
1746612135, 0, 0, 166, 166, 1, 5.77%, 0, 0, 2, 131.67
1746612140, 0, 0, 168, 168, 1, 5.77%, 0, 0, 2, 133.81
1746612145, 0, 0, 170, 170, 1, 5.77%, 0, 0, 2, 136.82
1746612150, 0, 0, 173, 173, 1, 5.77%, 0, 0, 2, 133.63
1746612160, 0, 0, 176, 176, 1, 5.77%, 0, 0, 2, 136.74
1746612166, 0, 0, 177, 177, 1, 5.77%, 0, 0, 2, 138.04
1746612171, 0, 0, 178, 178, 1, 5.79%, 0, 0, 2, 135.82
1746612176, 0, 0, 184, 184, 1, 5.91%, 0, 0, 2, 125.95
1746612181, 0, 0, 186, 186, 1, 5.91%, 0, 0, 2, 133.71
1746612186, 0, 0, 191, 191, 1, 5.91%, 0, 0, 2, 131.97
1746612191, 0, 0, 197, 197, 1, 5.92%, 0, 0, 2, 126.72
1746612196, 0, 0, 202, 202, 1, 5.92%, 0, 0, 2, 125.57
1746612201, 0, 0, 205, 205, 1, 5.92%, 0, 0, 2, 133.67
1746612207, 0, 0, 207, 207, 1, 5.92%, 0, 0, 2, 134.43
1746612212, 0, 0, 210, 210, 1, 5.92%, 0, 0, 2, 135.01
1746612217, 0, 0, 211, 211, 1, 5.92%, 0, 0, 2, 138.72
1746612222, 0, 0, 212, 212, 1, 5.92%, 0, 0, 2, 138.13
1746612238, 0, 0, 213, 213, 1, 5.92%, 0, 0, 2, 135.62
1746612243, 0, 0, 214, 214, 1, 5.92%, 0, 0, 2, 134.29
1746612248, 0, 0, 215, 215, 1, 5.92%, 0, 0, 2, 136.41
1746612253, 0, 0, 220, 220, 1, 5.92%, 0, 0, 2, 132.20
1746612258, 0, 0, 222, 222, 1, 5.92%, 0, 0, 2, 135.22
1746612263, 0, 0, 224, 224, 1, 5.92%, 0, 0, 2, 135.06
1746612268, 0, 0, 226, 226, 1, 5.92%, 0, 0, 2, 135.39
1746612279, 0, 0, 229, 229, 1, 5.92%, 0, 0, 2, 132.69
1746612284, 0, 0, 230, 230, 1, 5.92%, 0, 0, 2, 136.55
1746612289, 0, 0, 232, 232, 1, 5.92%, 0, 0, 2, 138.09
1746612294, 0, 0, 233, 233, 1, 5.92%, 0, 0, 2, 136.94
1746612299, 0, 0, 236, 236, 1, 5.92%, 0, 0, 2, 135.41
1746612305, 0, 2, 237, 236, 13, 5.92%, 0, 0, 3, 136.55
1746612310, 0, 2, 239, 238, 13, 5.92%, 0, 0, 3, 135.55
1746612315, 0, 2, 241, 240, 13, 5.92%, 0, 0, 3, 133.12
1746612325, 0, 2, 243, 242, 13, 5.92%, 0, 0, 3, 132.71
1746612330, 0, 2, 244, 243, 13, 5.92%, 0, 0, 3, 134.93
1746612335, 0, 2, 246, 245, 13, 5.92%, 0, 0, 3, 132.62
1746612341, 0, 2, 247, 246, 13, 5.92%, 0, 0, 3, 134.17
1746612346, 0, 2, 248, 247, 13, 5.92%, 0, 0, 3, 136.60
1746612351, 0, 2, 249, 248, 13, 5.92%, 0, 0, 3, 137.40
1746612356, 0, 2, 252, 251, 13, 5.92%, 0, 0, 3, 135.55
1746612372, 0, 2, 253, 252, 13, 5.92%, 0, 0, 3, 137.51
1746612382, 0, 2, 255, 254, 13, 5.94%, 0, 0, 3, 135.12
1746612392, 0, 2, 256, 255, 13, 5.94%, 0, 0, 3, 137.87
1746612397, 0, 2, 260, 259, 13, 5.94%, 0, 0, 3, 134.31
1746612403, 0, 2, 261, 260, 13, 5.94%, 0, 0, 3, 136.62
1746612413, 0, 2, 262, 261, 13, 5.94%, 0, 0, 3, 137.42
1746612418, 0, 2, 263, 262, 13, 5.94%, 0, 0, 3, 137.60
1746612439, 0, 2, 264, 263, 13, 5.94%, 0, 0, 3, 137.91
1746612444, 0, 2, 265, 264, 13, 5.94%, 0, 0, 3, 137.49
1746612449, 0, 2, 266, 265, 13, 5.94%, 0, 0, 3, 136.92
1746612459, 0, 2, 267, 266, 13, 5.94%, 0, 0, 3, 136.96
1746612465, 0, 2, 268, 267, 13, 5.94%, 0, 0, 3, 137.33
1746612475, 0, 2, 269, 268, 13, 5.94%, 0, 0, 3, 138.75
1746612480, 0, 2, 270, 269, 13, 5.94%, 0, 0, 3, 138.47
1746612501, 0, 2, 271, 270, 13, 5.94%, 0, 0, 3, 137.92
1746612511, 0, 2, 272, 271, 13, 5.94%, 0, 0, 3, 137.62
1746612516, 0, 2, 273, 272, 13, 5.94%, 0, 0, 3, 138.55
1746612521, 0, 2, 274, 273, 13, 5.94%, 0, 0, 3, 136.72
1746612532, 0, 2, 275, 274, 13, 5.94%, 0, 0, 3, 131.67
1746612547, 0, 13, 275, 273, 14, 5.94%, 0, 0, 3, 126.84
1746612588, 0, 13, 276, 274, 14, 5.94%, 0, 0, 3, 119.79
1746612593, 0, 13, 277, 275, 14, 5.94%, 0, 0, 3, 122.62
1746612599, 0, 13, 279, 277, 14, 5.94%, 0, 0, 3, 122.72
1746612609, 0, 13, 281, 279, 14, 5.94%, 0, 0, 3, 120.52
1746612614, 0, 13, 283, 281, 14, 5.94%, 0, 0, 3, 121.90
1746612619, 0, 13, 285, 283, 14, 5.94%, 0, 0, 3, 123.57
1746612629, 0, 13, 288, 286, 14, 5.94%, 0, 0, 3, 119.56
1746612634, 0, 13, 290, 288, 14, 5.94%, 0, 0, 3, 119.12
1746612640, 0, 13, 293, 291, 14, 5.94%, 0, 0, 3, 119.45
1746612645, 0, 13, 296, 294, 14, 5.94%, 0, 0, 3, 115.60
1746612655, 0, 13, 299, 297, 14, 5.94%, 0, 0, 3, 117.85
1746612660, 0, 13, 300, 298, 14, 5.94%, 0, 0, 3, 121.89
1746612665, 0, 13, 301, 299, 14, 5.94%, 0, 0, 3, 120.58
1746612670, 0, 13, 303, 301, 14, 5.94%, 0, 0, 3, 119.62
1746612686, 0, 13, 304, 302, 14, 5.94%, 0, 0, 3, 121.98
1746612691, 0, 13, 307, 305, 14, 5.94%, 0, 0, 3, 118.55
1746612706, 0, 13, 309, 307, 14, 5.94%, 0, 0, 3, 120.75
1746612711, 0, 13, 314, 312, 14, 5.94%, 0, 0, 3, 112.73
1746612722, 0, 13, 316, 314, 14, 5.94%, 0, 0, 3, 118.82
1746612727, 0, 13, 318, 316, 14, 5.94%, 0, 0, 3, 121.02
1746612732, 0, 13, 320, 318, 14, 5.94%, 0, 0, 3, 119.34
1746612737, 0, 13, 321, 319, 14, 5.94%, 0, 0, 3, 121.06
1746612742, 0, 13, 322, 320, 14, 5.94%, 0, 0, 3, 122.94
1746612747, 0, 13, 325, 323, 14, 5.94%, 0, 0, 3, 117.40
1746612763, 0, 13, 328, 326, 14, 5.94%, 0, 0, 3, 121.58
1746612768, 0, 13, 332, 330, 14, 5.94%, 0, 0, 3, 115.62
1746612773, 0, 13, 333, 331, 14, 5.94%, 0, 0, 3, 119.43
1746612778, 0, 13, 335, 333, 14, 5.94%, 0, 0, 3, 115.54
1746612783, 0, 13, 336, 334, 14, 5.94%, 0, 0, 3, 119.95
1746612793, 0, 13, 337, 335, 14, 5.94%, 0, 0, 3, 122.37
1746612798, 0, 13, 338, 336, 14, 5.94%, 0, 0, 3, 99.67
1746612809, 0, 13, 339, 337, 14, 5.94%, 0, 0, 3, 68.68
1746612824, 0, 13, 340, 338, 14, 5.94%, 0, 0, 3, 67.26
1746612834, 0, 13, 341, 339, 14, 5.94%, 0, 0, 3, 66.39
1746612845, 0, 13, 342, 340, 14, 5.94%, 0, 0, 3, 67.12
1746612850, 0, 13, 343, 341, 14, 5.94%, 0, 0, 3, 68.06
1746612855, 0, 13, 344, 342, 14, 5.94%, 0, 0, 3, 66.34
1746612865, 0, 13, 345, 343, 14, 5.94%, 0, 0, 3, 67.02
1746612876, 0, 13, 346, 344, 14, 5.94%, 0, 0, 3, 68.60
1746612901, 0, 13, 347, 345, 14, 5.94%, 0, 0, 3, 65.67
1746612906, 0, 13, 348, 346, 14, 5.94%, 0, 0, 3, 65.38
1746612912, 0, 39, 348, 345, 14, 5.94%, 0, 0, 3, 55.38
1746613181, 0, 39, 349, 346, 14, 5.94%, 0, 0, 3, 47.90
1746613186, 0, 39, 355, 352, 14, 5.94%, 0, 0, 3, 47.04
1746613191, 0, 39, 358, 355, 14, 5.94%, 0, 0, 3, 49.29
1746613196, 0, 39, 359, 356, 14, 5.94%, 0, 0, 3, 52.39
1746613201, 0, 39, 361, 358, 14, 5.94%, 0, 0, 3, 49.07
1746613206, 0, 39, 364, 361, 14, 5.95%, 0, 0, 3, 49.56
1746613211, 0, 39, 365, 362, 14, 5.95%, 0, 0, 3, 52.47
1746613216, 0, 39, 367, 364, 14, 5.95%, 0, 0, 3, 49.80
1746613221, 0, 39, 370, 367, 14, 5.95%, 0, 0, 3, 50.05
1746613226, 0, 39, 374, 371, 14, 5.95%, 0, 0, 3, 49.53
1746613231, 0, 39, 377, 374, 14, 5.95%, 0, 0, 3, 50.75
1746613236, 0, 39, 381, 378, 14, 5.95%, 0, 0, 3, 50.13
1746613241, 0, 39, 383, 380, 14, 5.95%, 0, 0, 3, 50.55
1746613251, 0, 39, 386, 383, 14, 5.95%, 0, 0, 3, 50.42
1746613256, 0, 39, 388, 385, 14, 5.95%, 0, 0, 3, 50.41
1746613261, 0, 39, 390, 387, 14, 5.95%, 0, 0, 3, 52.32
1746613267, 0, 39, 391, 388, 14, 6.15%, 0, 0, 3, 52.57
1746613272, 0, 39, 393, 390, 14, 6.15%, 0, 0, 3, 52.54
1746613282, 0, 39, 394, 391, 14, 6.15%, 0, 0, 3, 54.31
1746613297, 0, 39, 395, 392, 14, 6.15%, 0, 0, 3, 52.03
1746613307, 0, 39, 396, 393, 14, 6.15%, 0, 0, 3, 51.63
1746613312, 0, 39, 397, 394, 14, 6.15%, 0, 0, 3, 50.97
1746613322, 0, 39, 400, 397, 14, 6.15%, 0, 0, 3, 52.04
1746613358, 0, 39, 401, 398, 14, 6.15%, 0, 0, 3, 51.99
1746613363, 0, 39, 404, 401, 14, 6.15%, 0, 0, 3, 47.21
1746613368, 0, 39, 405, 402, 14, 6.15%, 0, 0, 3, 50.23
1746613378, 0, 39, 407, 404, 14, 6.15%, 0, 0, 3, 49.87
1746613383, 0, 39, 408, 405, 14, 6.15%, 0, 0, 3, 49.90
1746613388, 0, 39, 410, 407, 14, 6.16%, 0, 0, 3, 50.62
1746613393, 0, 39, 411, 408, 14, 6.16%, 0, 0, 3, 49.93
1746613398, 0, 39, 412, 409, 14, 6.16%, 0, 0, 3, 51.96
1746613408, 0, 39, 414, 411, 14, 6.16%, 0, 0, 3, 51.83
1746613413, 0, 39, 415, 412, 14, 6.16%, 0, 0, 3, 51.46
1746613444, 0, 39, 416, 413, 14, 6.70%, 0, 0, 3, 53.06
1746613449, 0, 39, 417, 414, 14, 6.70%, 0, 0, 3, 50.34
1746613454, 0, 39, 420, 417, 14, 6.70%, 0, 0, 3, 51.11
1746613469, 0, 39, 421, 418, 14, 6.70%, 0, 0, 3, 50.42
1746613474, 0, 39, 422, 419, 14, 6.70%, 0, 0, 3, 53.93
1746613484, 0, 39, 423, 420, 14, 6.70%, 0, 0, 3, 51.77
1746613515, 0, 39, 424, 421, 14, 6.70%, 0, 0, 3, 51.37
1746613525, 0, 39, 426, 423, 14, 6.70%, 0, 0, 3, 50.80
1746613530, 0, 39, 427, 424, 14, 6.70%, 0, 0, 3, 51.38
1746613550, 0, 39, 429, 426, 14, 6.70%, 0, 0, 3, 50.25
1746613566, 0, 39, 430, 427, 14, 6.70%, 0, 0, 3, 50.25
1746613571, 0, 39, 431, 428, 14, 6.70%, 0, 0, 3, 50.88
1746613576, 0, 39, 433, 430, 14, 6.70%, 0, 0, 3, 49.58
1746613596, 0, 39, 434, 431, 14, 6.70%, 0, 0, 3, 51.32
1746613626, 0, 39, 435, 432, 14, 6.70%, 0, 0, 3, 50.06
1746613637, 0, 39, 436, 433, 14, 6.70%, 0, 0, 3, 52.57
1746613642, 0, 39, 437, 434, 14, 6.70%, 0, 0, 3, 53.00
1746613667, 0, 39, 438, 435, 14, 6.70%, 0, 0, 3, 51.20
1746613672, 0, 39, 439, 436, 14, 6.70%, 0, 0, 3, 52.46
1746613698, 0, 39, 440, 437, 14, 6.70%, 0, 0, 3, 53.45
1746613718, 0, 39, 441, 438, 14, 6.70%, 0, 0, 3, 51.89
1746613723, 0, 39, 443, 440, 14, 6.70%, 0, 0, 3, 49.62
1746613743, 0, 39, 444, 441, 14, 6.70%, 0, 0, 3, 52.99
1746613753, 0, 39, 445, 442, 14, 6.70%, 0, 0, 3, 52.70
1746613758, 0, 39, 446, 443, 14, 6.79%, 0, 0, 3, 52.41
1746613768, 0, 39, 447, 444, 14, 6.79%, 0, 0, 3, 51.16
1746613773, 0, 39, 448, 445, 14, 6.79%, 0, 0, 3, 52.42
1746613788, 0, 39, 449, 446, 14, 6.79%, 0, 0, 3, 50.84
1746613804, 0, 39, 450, 447, 14, 6.79%, 0, 0, 3, 51.47
1746613829, 0, 48, 450, 446, 14, 6.79%, 0, 0, 3, 52.30
1746613971, 0, 118, 450, 445, 14, 6.79%, 0, 0, 3, 99.81
1746614120, 0, 118, 452, 447, 14, 6.79%, 0, 0, 3, 92.89
1746614125, 0, 118, 453, 448, 14, 6.79%, 0, 0, 3, 92.78
1746614145, 0, 118, 454, 449, 14, 6.79%, 0, 0, 3, 94.61
1746614181, 0, 118, 455, 450, 14, 6.79%, 0, 0, 3, 94.35
1746614237, 0, 118, 457, 452, 14, 6.79%, 0, 0, 3, 94.14
1746614248, 0, 118, 458, 453, 14, 6.79%, 0, 0, 3, 94.25
1746614263, 0, 118, 459, 454, 14, 6.79%, 0, 0, 3, 92.81
1746614268, 0, 118, 460, 455, 14, 6.79%, 0, 0, 3, 93.91
1746614278, 0, 118, 461, 456, 14, 6.79%, 0, 0, 3, 95.25
1746614294, 0, 118, 462, 457, 14, 6.79%, 0, 0, 3, 94.46
1746614361, 0, 118, 463, 458, 14, 6.79%, 0, 0, 3, 93.72
1746614453, 0, 164, 463, 457, 15, 6.79%, 0, 0, 3, 83.03
1746614665, 0, 180, 463, 456, 14, 6.79%, 0, 0, 3, 85.68
1746614818, 0, 180, 464, 457, 14, 6.79%, 0, 0, 3, 92.99
1746614828, 0, 180, 466, 459, 14, 6.79%, 0, 0, 3, 98.12
1746614833, 0, 180, 469, 462, 14, 6.79%, 0, 0, 3, 95.48
1746614844, 0, 180, 471, 464, 14, 6.79%, 0, 0, 3, 96.84
1746614849, 0, 180, 473, 466, 14, 6.81%, 0, 0, 3, 95.08
1746614854, 0, 180, 474, 467, 14, 6.81%, 0, 0, 3, 96.53
1746614859, 0, 180, 475, 468, 14, 6.81%, 0, 0, 3, 97.59
1746614869, 0, 180, 476, 469, 14, 6.96%, 0, 0, 3, 96.81
1746614890, 0, 180, 477, 470, 14, 6.98%, 0, 0, 3, 94.79
1746614895, 0, 180, 478, 471, 14, 6.98%, 0, 0, 3, 95.76
1746614900, 0, 180, 479, 472, 14, 6.98%, 0, 0, 3, 97.41
1746614926, 0, 180, 480, 473, 14, 6.98%, 0, 0, 3, 98.22
1746614936, 0, 180, 481, 474, 14, 6.98%, 0, 0, 3, 96.95
1746614967, 0, 180, 482, 475, 14, 6.98%, 0, 0, 3, 97.03
1746614992, 0, 180, 484, 477, 14, 6.98%, 0, 0, 3, 96.16
1746615002, 0, 180, 485, 478, 14, 6.98%, 0, 0, 3, 99.66
1746615008, 0, 180, 486, 479, 14, 6.98%, 0, 0, 3, 96.75
1746615028, 0, 180, 487, 480, 14, 6.98%, 0, 0, 3, 98.29
1746615033, 0, 180, 488, 481, 14, 6.99%, 0, 0, 3, 99.20
1746615049, 0, 180, 490, 483, 14, 7.00%, 0, 0, 3, 95.69
1746615095, 0, 180, 491, 484, 14, 7.00%, 0, 0, 3, 96.23
1746615105, 0, 180, 493, 486, 14, 7.00%, 0, 0, 3, 95.79
1746615110, 0, 180, 494, 487, 14, 7.00%, 0, 0, 3, 96.48
1746615126, 0, 180, 495, 488, 14, 7.00%, 0, 0, 3, 94.40
1746615136, 0, 180, 496, 489, 14, 7.00%, 0, 0, 3, 97.20
1746615146, 0, 180, 497, 490, 14, 7.01%, 0, 0, 3, 98.43
1746615156, 0, 182, 497, 489, 19, 7.01%, 0, 0, 3, 60.25
1746615167, 0, 182, 499, 491, 19, 7.01%, 0, 0, 3, 42.75
1746615172, 0, 182, 500, 492, 19, 7.01%, 0, 0, 3, 42.10
1746615182, 0, 182, 502, 494, 19, 7.01%, 0, 0, 3, 41.67
1746615187, 0, 182, 503, 495, 19, 7.01%, 0, 0, 3, 41.78
1746615192, 0, 182, 504, 496, 19, 7.01%, 0, 0, 3, 41.88
1746615254, 0, 182, 505, 497, 19, 7.01%, 0, 0, 3, 41.86
1746615264, 0, 182, 506, 498, 19, 7.01%, 0, 0, 3, 41.76
1746615285, 0, 182, 508, 500, 19, 7.01%, 0, 0, 3, 42.12
1746615290, 0, 182, 511, 503, 19, 7.01%, 0, 0, 3, 41.74
1746615295, 0, 182, 516, 508, 19, 7.04%, 0, 0, 3, 41.63
1746615357, 0, 182, 517, 509, 19, 7.04%, 0, 0, 3, 41.65
1746615372, 0, 182, 518, 510, 19, 7.04%, 0, 0, 3, 42.01
1746615630, 0, 182, 519, 511, 19, 7.04%, 0, 0, 3, 41.80
1746615635, 0, 182, 520, 512, 19, 7.04%, 0, 0, 3, 41.87
1746615676, 0, 182, 522, 514, 19, 7.04%, 0, 0, 3, 41.65
1746615681, 0, 182, 524, 516, 19, 7.04%, 0, 0, 3, 41.88
1746615795, 0, 182, 525, 517, 19, 7.04%, 0, 0, 3, 41.63
1746615805, 0, 182, 526, 518, 19, 7.04%, 0, 0, 3, 41.83
1746615929, 0, 182, 531, 523, 19, 7.06%, 0, 0, 3, 42.43
1746615934, 0, 182, 546, 538, 19, 7.06%, 0, 0, 3, 43.38
1746615939, 0, 182, 561, 553, 19, 7.11%, 0, 0, 3, 42.92
1746615944, 0, 182, 572, 564, 19, 7.12%, 0, 0, 3, 43.02
1746615949, 0, 182, 582, 574, 19, 7.12%, 0, 0, 3, 44.32
1746615954, 0, 182, 594, 586, 19, 7.13%, 0, 0, 3, 43.91
1746615960, 0, 182, 606, 598, 19, 7.14%, 0, 0, 3, 44.04
1746615965, 0, 182, 614, 606, 19, 7.14%, 0, 0, 3, 43.35
1746615970, 0, 182, 622, 614, 19, 7.14%, 0, 0, 3, 45.63
1746615975, 0, 182, 631, 623, 19, 7.15%, 0, 0, 3, 42.75
1746615980, 0, 182, 637, 629, 19, 7.15%, 0, 0, 3, 44.59
1746615985, 0, 182, 647, 639, 19, 7.15%, 0, 0, 3, 44.63
1746615990, 0, 182, 650, 642, 19, 7.15%, 0, 0, 3, 46.57
1746615995, 0, 182, 653, 645, 19, 7.15%, 0, 0, 3, 47.81
1746616000, 0, 182, 657, 649, 19, 7.15%, 0, 0, 3, 47.11
1746616005, 0, 182, 661, 653, 19, 7.15%, 0, 0, 3, 47.91
1746616010, 0, 182, 665, 657, 19, 7.15%, 0, 0, 3, 48.04
1746616015, 0, 182, 669, 661, 19, 7.15%, 0, 0, 3, 48.30
1746616020, 0, 182, 671, 663, 19, 7.15%, 0, 0, 3, 46.84
1746616026, 0, 182, 676, 668, 19, 7.15%, 0, 0, 3, 44.20
1746616031, 0, 182, 679, 671, 19, 7.15%, 0, 0, 3, 46.63
1746616036, 0, 182, 681, 673, 19, 7.15%, 0, 0, 3, 48.04
1746616041, 0, 182, 685, 677, 19, 7.15%, 0, 0, 3, 48.15
1746616046, 0, 182, 687, 679, 19, 7.15%, 0, 0, 3, 47.44
1746616051, 0, 182, 689, 681, 19, 7.15%, 0, 0, 3, 47.87
1746616061, 0, 182, 690, 682, 19, 7.15%, 0, 0, 3, 48.57
1746616066, 0, 182, 693, 685, 19, 7.16%, 0, 0, 3, 47.50
1746616071, 0, 182, 694, 686, 19, 7.16%, 0, 0, 3, 47.48
1746616076, 0, 182, 696, 688, 19, 7.16%, 0, 0, 3, 46.41
1746616081, 0, 182, 698, 690, 19, 7.16%, 0, 0, 3, 48.35
1746616086, 0, 182, 700, 692, 19, 7.16%, 0, 0, 3, 48.46
1746616091, 0, 182, 703, 695, 19, 7.16%, 0, 0, 3, 47.44
1746616096, 0, 182, 705, 697, 19, 7.16%, 0, 0, 3, 47.70
1746616101, 0, 182, 707, 699, 19, 7.16%, 0, 0, 3, 47.94
1746616106, 0, 182, 710, 702, 19, 7.16%, 0, 0, 3, 46.94
1746616111, 0, 182, 712, 704, 19, 7.16%, 0, 0, 3, 47.04
1746616117, 0, 182, 714, 706, 19, 7.16%, 0, 0, 3, 46.68
1746616122, 0, 182, 717, 709, 19, 7.16%, 0, 0, 3, 46.64
1746616127, 0, 182, 718, 710, 19, 7.16%, 0, 0, 3, 46.83
1746616137, 0, 182, 719, 711, 19, 7.16%, 0, 0, 3, 46.45
1746616142, 0, 182, 721, 713, 19, 7.16%, 0, 0, 3, 47.61
1746616147, 0, 182, 723, 715, 19, 7.16%, 0, 0, 3, 46.86
1746616152, 0, 182, 724, 716, 19, 7.16%, 0, 0, 3, 47.10
1746616157, 0, 182, 727, 719, 19, 7.16%, 0, 0, 3, 45.75
1746616167, 0, 182, 729, 721, 19, 7.16%, 0, 0, 3, 47.49
1746616172, 0, 182, 731, 723, 19, 7.16%, 0, 0, 3, 48.60
1746616177, 0, 182, 732, 724, 19, 7.16%, 0, 0, 3, 48.94
1746616187, 0, 182, 733, 725, 19, 7.16%, 0, 0, 3, 48.81
1746616198, 0, 182, 734, 726, 19, 7.16%, 0, 0, 3, 47.78
1746616208, 0, 182, 736, 728, 19, 7.16%, 0, 0, 3, 46.49
1746616213, 0, 182, 737, 729, 19, 7.16%, 0, 0, 3, 46.66
1746616218, 0, 182, 738, 730, 19, 7.16%, 0, 0, 3, 47.06
1746616223, 0, 182, 739, 731, 19, 7.16%, 0, 0, 3, 46.33
1746616228, 0, 182, 742, 734, 19, 7.16%, 0, 0, 3, 47.58
1746616233, 0, 182, 743, 735, 19, 7.16%, 0, 0, 3, 49.13
1746616238, 0, 182, 744, 736, 19, 7.16%, 0, 0, 3, 48.49
1746616243, 0, 182, 745, 737, 19, 7.16%, 0, 0, 3, 48.42
1746616253, 0, 182, 746, 738, 19, 7.16%, 0, 0, 3, 46.98
1746616259, 0, 182, 748, 740, 19, 7.16%, 0, 0, 3, 46.47
1746616264, 0, 182, 750, 742, 19, 7.16%, 0, 0, 3, 46.38
1746616269, 0, 182, 751, 743, 19, 7.16%, 0, 0, 3, 46.67
1746616289, 0, 182, 752, 744, 19, 7.16%, 0, 0, 3, 47.85
1746616294, 0, 182, 753, 745, 19, 7.16%, 0, 0, 3, 48.55
1746616299, 0, 182, 755, 747, 19, 7.17%, 0, 0, 3, 46.55
1746616314, 0, 182, 757, 749, 19, 7.17%, 0, 0, 3, 47.62
1746616319, 0, 182, 758, 750, 19, 7.17%, 0, 0, 3, 47.01
1746616324, 0, 182, 759, 751, 19, 7.17%, 0, 0, 3, 48.48
1746616334, 0, 182, 760, 752, 19, 7.17%, 0, 0, 3, 48.74
1746616355, 0, 182, 761, 753, 19, 7.17%, 0, 0, 3, 48.00
1746616360, 0, 182, 762, 754, 19, 7.17%, 0, 0, 3, 46.76
1746616365, 0, 182, 763, 755, 19, 7.17%, 0, 0, 3, 47.07
1746616375, 0, 182, 764, 756, 19, 7.17%, 0, 0, 3, 47.01
1746616380, 0, 182, 765, 757, 19, 7.17%, 0, 0, 3, 47.76
1746616385, 0, 182, 766, 758, 19, 7.17%, 0, 0, 3, 46.13
1746616395, 0, 182, 767, 759, 19, 7.17%, 0, 0, 3, 46.46
1746616400, 0, 182, 769, 761, 19, 7.17%, 0, 0, 3, 47.24
1746616415, 0, 182, 770, 762, 19, 7.17%, 0, 0, 3, 48.19
1746616446, 0, 182, 771, 763, 19, 7.17%, 0, 0, 3, 47.77
1746616451, 0, 182, 772, 764, 19, 7.17%, 0, 0, 3, 48.03
1746616466, 0, 182, 773, 765, 19, 7.17%, 0, 0, 3, 47.25
1746616481, 0, 182, 774, 766, 19, 7.17%, 0, 0, 3, 47.13
1746616496, 0, 182, 775, 767, 19, 7.17%, 0, 0, 3, 47.75
1746616507, 0, 182, 776, 768, 19, 7.17%, 0, 0, 3, 48.37
1746616517, 0, 182, 777, 769, 19, 7.17%, 0, 0, 3, 47.50
1746616562, 0, 182, 778, 770, 19, 7.17%, 0, 0, 3, 47.86
1746616572, 0, 182, 779, 771, 19, 7.17%, 0, 0, 3, 47.78
1746616588, 0, 182, 781, 773, 19, 7.17%, 0, 0, 3, 46.03
1746616618, 0, 182, 783, 775, 19, 7.17%, 0, 0, 3, 48.54
1746616653, 0, 182, 784, 776, 19, 7.17%, 0, 0, 3, 47.07
1746616664, 0, 188, 784, 775, 17, 7.17%, 0, 0, 3, 57.21
1746616902, 0, 202, 784, 774, 16, 7.17%, 0, 0, 3, 81.41
1746617082, 0, 214, 784, 773, 15, 7.17%, 0, 0, 3, 80.30
1746617264, 0, 249, 784, 772, 15, 7.17%, 0, 0, 3, 86.19
1746617442, 0, 260, 784, 771, 14, 7.17%, 0, 0, 3, 82.48
1746617643, 0, 272, 784, 770, 13, 7.17%, 0, 0, 3, 79.13
1746617853, 0, 276, 784, 769, 12, 7.17%, 0, 0, 3, 78.83
1746618094, 0, 309, 784, 768, 12, 7.17%, 0, 0, 3, 78.71
1746618373, 0, 358, 784, 767, 12, 7.17%, 0, 0, 3, 62.81
1746618700, 0, 361, 784, 766, 12, 7.17%, 0, 0, 3, 75.60
1746618859, 0, 472, 784, 765, 11, 7.17%, 0, 0, 3, 79.78
1746619453, 0, 472, 785, 766, 11, 7.17%, 0, 0, 4, 45.55
1746619458, 0, 472, 788, 769, 11, 7.17%, 0, 0, 4, 50.63
1746619463, 0, 472, 789, 770, 11, 7.17%, 0, 0, 4, 53.41
1746619473, 0, 472, 790, 771, 11, 7.17%, 0, 0, 4, 53.46
1746619479, 0, 472, 792, 773, 11, 7.17%, 0, 0, 4, 53.14
1746619489, 0, 472, 794, 775, 11, 7.17%, 0, 0, 4, 55.14
1746619494, 0, 472, 795, 776, 11, 7.17%, 0, 0, 4, 54.75
1746619499, 0, 472, 796, 777, 11, 7.17%, 0, 0, 4, 52.12
1746619509, 0, 472, 798, 779, 11, 7.17%, 0, 0, 4, 53.41
1746619535, 0, 472, 799, 780, 11, 7.17%, 0, 0, 4, 55.20
1746619555, 0, 472, 801, 782, 11, 7.17%, 0, 0, 4, 53.42
1746619591, 0, 472, 802, 783, 11, 7.17%, 0, 0, 4, 54.16
1746619601, 0, 472, 803, 784, 11, 7.17%, 0, 0, 4, 51.41
1746619616, 0, 472, 804, 785, 11, 7.17%, 0, 0, 4, 54.21
1746619626, 0, 472, 806, 787, 11, 7.17%, 0, 0, 4, 55.04
1746619672, 0, 472, 807, 788, 11, 7.17%, 0, 0, 4, 53.36
1746619687, 0, 472, 808, 789, 11, 7.17%, 0, 0, 4, 55.40
1746619707, 0, 472, 809, 790, 11, 7.17%, 0, 0, 4, 53.26
1746619743, 0, 472, 810, 791, 11, 7.17%, 0, 0, 4, 52.97
1746619758, 0, 472, 811, 792, 11, 7.17%, 0, 0, 4, 54.27
1746619798, 0, 472, 812, 793, 11, 7.17%, 0, 0, 4, 52.33
1746619849, 0, 472, 813, 794, 11, 7.17%, 0, 0, 4, 55.08
1746619864, 0, 472, 814, 795, 11, 7.17%, 0, 0, 4, 53.68
1746619910, 0, 472, 815, 796, 11, 7.17%, 0, 0, 4, 53.86
1746620062, 0, 515, 815, 795, 13, 7.17%, 0, 0, 4, 50.01
1746620860, 0, 608, 815, 794, 13, 7.17%, 0, 0, 4, 49.28
1746621372, 0, 630, 815, 793, 12, 7.17%, 0, 0, 4, 48.12
1746621418, 0, 630, 816, 794, 12, 7.21%, 0, 0, 4, 33.67
1746621531, 0, 630, 817, 795, 12, 7.21%, 0, 0, 4, 37.81
1746621546, 0, 630, 818, 796, 12, 7.21%, 0, 0, 4, 35.23
1746621592, 0, 630, 819, 797, 12, 7.21%, 0, 0, 4, 35.27
1746621603, 0, 630, 822, 800, 12, 7.21%, 0, 0, 4, 34.41
1746621823, 0, 630, 823, 801, 12, 7.21%, 0, 0, 4, 34.41
1746622800, 0, 630, 825, 803, 12, 7.21%, 0, 0, 4, 36.73
1746622806, 0, 630, 826, 804, 12, 7.21%, 0, 0, 4, 38.78
1746622811, 0, 630, 827, 805, 12, 7.21%, 0, 0, 4, 39.04
1746622816, 0, 630, 830, 808, 12, 7.21%, 0, 0, 4, 37.14
1746622821, 0, 630, 832, 810, 12, 7.21%, 0, 0, 4, 38.51
1746622826, 0, 630, 835, 813, 12, 7.21%, 0, 0, 4, 38.92
1746622831, 0, 630, 837, 815, 12, 7.21%, 0, 0, 4, 39.40
1746622836, 0, 630, 839, 817, 12, 7.21%, 0, 0, 4, 39.25
1746622841, 0, 630, 841, 819, 12, 7.21%, 0, 0, 4, 40.04
1746622846, 0, 630, 843, 821, 12, 7.21%, 0, 0, 4, 39.30
1746622852, 0, 630, 844, 822, 12, 7.21%, 0, 0, 4, 40.27
1746622862, 0, 630, 845, 823, 12, 7.21%, 0, 0, 4, 39.41
1746622892, 0, 630, 847, 825, 12, 7.21%, 0, 0, 4, 40.37
1746622897, 0, 630, 848, 826, 12, 7.21%, 0, 0, 4, 39.61
1746622908, 0, 630, 849, 827, 12, 7.21%, 0, 0, 4, 39.04
1746622913, 0, 630, 851, 829, 12, 7.21%, 0, 0, 4, 39.12
1746622918, 0, 630, 854, 832, 12, 7.21%, 0, 0, 4, 38.27
1746622928, 0, 630, 855, 833, 12, 7.21%, 0, 0, 4, 40.47
1746622939, 0, 630, 858, 836, 12, 7.22%, 0, 0, 4, 38.86
1746622954, 0, 630, 859, 837, 12, 7.22%, 0, 0, 4, 38.18
1746622959, 0, 630, 860, 838, 12, 7.22%, 0, 0, 4, 39.58
1746622964, 0, 630, 861, 839, 12, 7.22%, 0, 0, 4, 40.23
1746622979, 0, 630, 862, 840, 12, 7.22%, 0, 0, 4, 39.02
1746622990, 0, 630, 863, 841, 12, 7.36%, 0, 0, 4, 38.55
1746622995, 0, 630, 865, 843, 12, 7.36%, 0, 0, 4, 37.64
1746623051, 0, 630, 866, 844, 12, 7.36%, 0, 0, 4, 38.94
1746623066, 0, 630, 867, 845, 12, 7.37%, 0, 0, 4, 39.61
1746623071, 0, 630, 868, 846, 12, 7.37%, 0, 0, 4, 40.63
1746623076, 0, 630, 869, 847, 12, 7.37%, 0, 0, 4, 40.36
1746623092, 0, 630, 870, 848, 12, 7.37%, 0, 0, 4, 39.01
1746623148, 0, 630, 871, 849, 12, 7.37%, 0, 0, 4, 41.03
1746623153, 0, 630, 872, 850, 12, 7.37%, 0, 0, 4, 40.61
1746623158, 0, 630, 873, 851, 12, 7.37%, 0, 0, 4, 39.96
1746623163, 0, 630, 874, 852, 12, 7.37%, 0, 0, 4, 39.46
1746623189, 0, 630, 875, 853, 12, 7.37%, 0, 0, 4, 40.06
1746623235, 0, 630, 876, 854, 12, 7.37%, 0, 0, 4, 39.58
1746623280, 0, 630, 877, 855, 12, 7.37%, 0, 0, 4, 41.08
1746623342, 0, 630, 879, 857, 12, 7.37%, 0, 0, 4, 39.50
1746623357, 0, 630, 880, 858, 12, 7.37%, 0, 0, 4, 39.18
1746623362, 0, 630, 881, 859, 12, 7.37%, 0, 0, 4, 39.13
1746623418, 0, 630, 882, 860, 12, 7.37%, 0, 0, 4, 39.49
1746623429, 0, 683, 882, 859, 16, 7.37%, 0, 0, 4, 42.89
1746624222, 0, 684, 882, 858, 15, 7.37%, 0, 0, 4, 48.85
1746624232, 0, 684, 883, 859, 15, 7.37%, 0, 0, 4, 45.15
1746624764, 0, 684, 884, 860, 15, 7.37%, 0, 0, 4, 45.07
1746624978, 0, 712, 884, 859, 14, 7.37%, 0, 0, 4, 40.41
1746626354, 0, 712, 885, 860, 14, 7.37%, 0, 0, 4, 40.22
1746626370, 0, 712, 886, 861, 14, 7.37%, 0, 0, 4, 38.87
1746626375, 0, 712, 887, 862, 14, 7.37%, 0, 0, 4, 38.49
1746626380, 0, 712, 888, 863, 14, 7.37%, 0, 0, 4, 38.57
1746626390, 0, 712, 890, 865, 14, 7.43%, 0, 0, 4, 38.55
1746626395, 0, 712, 891, 866, 14, 7.43%, 0, 0, 4, 38.52
1746626416, 0, 712, 892, 867, 14, 7.53%, 0, 0, 4, 38.26
1746626456, 0, 712, 893, 868, 14, 7.53%, 0, 0, 4, 37.66
1746626467, 0, 712, 894, 869, 14, 7.53%, 0, 0, 4, 39.10
1746626508, 0, 712, 895, 870, 14, 7.53%, 0, 0, 4, 37.93
1746626543, 0, 712, 896, 871, 14, 7.53%, 0, 0, 4, 37.84
1746626595, 0, 712, 897, 872, 14, 7.54%, 0, 0, 4, 39.40
1746626636, 0, 712, 899, 874, 14, 7.54%, 0, 0, 4, 38.16
1746626646, 0, 712, 900, 875, 14, 7.54%, 0, 0, 4, 37.66
1746626666, 0, 712, 901, 876, 14, 7.54%, 0, 0, 4, 39.26
1746626671, 0, 712, 902, 877, 14, 7.54%, 0, 0, 4, 39.27
1746626677, 0, 712, 903, 878, 14, 7.54%, 0, 0, 4, 38.83
1746626702, 0, 712, 904, 879, 14, 7.54%, 0, 0, 4, 39.11
1746626707, 0, 712, 905, 880, 14, 7.54%, 0, 0, 4, 37.87
1746626738, 0, 712, 906, 881, 14, 7.54%, 0, 0, 4, 37.79
1746626743, 0, 712, 907, 882, 14, 7.54%, 0, 0, 4, 38.60
1746626769, 0, 712, 908, 883, 14, 7.54%, 0, 0, 4, 37.67
1746626789, 0, 712, 910, 885, 14, 7.54%, 0, 0, 4, 38.00
1746626835, 0, 712, 911, 886, 14, 7.54%, 0, 0, 4, 37.23
1746626861, 0, 712, 912, 887, 14, 7.54%, 0, 0, 4, 39.01
1746626876, 0, 712, 913, 888, 14, 7.54%, 0, 0, 4, 38.96
1746626902, 0, 712, 914, 889, 14, 7.54%, 0, 0, 4, 37.93
1746626943, 0, 712, 915, 890, 14, 7.54%, 0, 0, 4, 38.62
1746626989, 0, 719, 915, 889, 15, 7.54%, 0, 0, 4, 41.80
1746627736, 0, 719, 916, 890, 15, 7.54%, 0, 0, 4, 46.99
1746627776, 0, 720, 916, 889, 14, 7.54%, 0, 0, 4, 45.15
1746628590, 0, 752, 916, 888, 13, 7.54%, 0, 0, 4, 50.07
1746629068, 0, 769, 916, 887, 12, 7.54%, 0, 0, 4, 53.31
1746630113, 0, 769, 917, 888, 12, 7.54%, 0, 0, 4, 45.04
1746630123, 0, 769, 918, 889, 12, 7.54%, 0, 0, 4, 46.72
1746630138, 0, 769, 919, 890, 12, 7.54%, 0, 0, 4, 45.51
1746630285, 0, 796, 919, 889, 11, 7.54%, 0, 0, 4, 48.37
1746630810, 0, 815, 919, 888, 10, 7.54%, 0, 0, 4, 44.53
1746631044, 0, 815, 920, 889, 10, 7.54%, 0, 0, 5, 33.00
1746632287, 0, 833, 920, 888, 10, 7.54%, 0, 0, 5, 36.10
1746634009, 0, 846, 920, 887, 9, 7.54%, 0, 0, 5, 39.75
1746635051, 0, 846, 921, 888, 9, 7.54%, 0, 0, 5, 44.61
1746635061, 0, 846, 922, 889, 9, 7.54%, 0, 0, 5, 28.18
1746635117, 0, 846, 923, 890, 9, 7.54%, 0, 0, 5, 26.11
1746635347, 0, 846, 924, 891, 9, 7.54%, 0, 0, 5, 25.55
1746635470, 0, 846, 925, 892, 9, 7.54%, 0, 0, 5, 25.61
1746635495, 0, 846, 926, 893, 9, 7.54%, 0, 0, 5, 26.12
1746635708, 0, 846, 927, 894, 9, 7.55%, 0, 0, 5, 25.65
1746636288, 0, 855, 927, 893, 8, 7.55%, 0, 0, 5, 23.79
1746638474, 0, 855, 928, 894, 8, 7.55%, 0, 0, 5, 22.96
1746638581, 0, 855, 929, 895, 8, 7.55%, 0, 0, 5, 22.88
1746638648, 0, 855, 930, 896, 8, 7.55%, 0, 0, 5, 22.23
1746638653, 0, 855, 931, 897, 8, 7.55%, 0, 0, 5, 23.31
1746639175, 0, 855, 932, 898, 8, 7.55%, 0, 0, 5, 23.51
1746639507, 0, 855, 933, 899, 8, 7.55%, 0, 0, 5, 22.29
1746639538, 0, 855, 934, 900, 8, 7.55%, 0, 0, 5, 23.33
1746639645, 0, 855, 935, 901, 8, 7.55%, 0, 0, 5, 21.70
1746639711, 0, 855, 936, 902, 8, 7.55%, 0, 0, 5, 23.12
1746639757, 0, 855, 937, 903, 8, 7.55%, 0, 0, 5, 22.74
1746639839, 0, 865, 937, 902, 7, 7.55%, 0, 0, 5, 24.05
1746639870, 0, 865, 938, 903, 7, 7.55%, 0, 0, 5, 16.41
1746643271, 0, 865, 939, 904, 7, 7.55%, 0, 0, 5, 19.85
1746643282, 0, 865, 940, 905, 7, 7.55%, 0, 0, 5, 20.34
1746643384, 0, 865, 941, 906, 7, 7.55%, 0, 0, 5, 20.07
1746643389, 0, 865, 942, 907, 7, 7.55%, 0, 0, 5, 20.18
1746643415, 0, 865, 943, 908, 7, 7.55%, 0, 0, 5, 20.29
1746643430, 0, 865, 945, 910, 7, 7.55%, 0, 0, 5, 20.01
1746643451, 0, 865, 946, 911, 7, 7.55%, 0, 0, 5, 20.70
1746643456, 0, 865, 947, 912, 7, 7.55%, 0, 0, 5, 20.89
1746643528, 0, 865, 948, 913, 7, 7.55%, 0, 0, 5, 20.24
1746643574, 0, 865, 949, 914, 7, 7.55%, 0, 0, 5, 20.05
1746643636, 0, 865, 950, 915, 7, 7.55%, 0, 0, 5, 21.08
1746643646, 0, 865, 951, 916, 7, 7.55%, 0, 0, 5, 20.25
1746643744, 0, 865, 952, 917, 7, 7.55%, 0, 0, 5, 20.71
1746643785, 0, 865, 953, 918, 7, 7.55%, 0, 0, 5, 21.11
1746643795, 0, 865, 954, 919, 7, 7.55%, 0, 0, 5, 20.06
1746643826, 0, 865, 955, 920, 7, 7.55%, 0, 0, 5, 20.56
1746644071, 0, 865, 956, 921, 7, 7.55%, 0, 0, 5, 19.98
1746644122, 0, 865, 957, 922, 7, 7.55%, 0, 0, 5, 19.66
1746644168, 0, 865, 958, 923, 7, 7.55%, 0, 0, 5, 20.65
1746644250, 0, 865, 959, 924, 7, 7.64%, 0, 0, 5, 20.62
1746644347, 0, 865, 960, 925, 7, 7.64%, 0, 0, 5, 19.91
1746644393, 0, 865, 961, 926, 7, 7.64%, 0, 0, 5, 20.29
1746644439, 0, 865, 962, 927, 7, 7.64%, 0, 0, 5, 20.30
1746644459, 0, 870, 962, 926, 6, 7.64%, 0, 0, 5, 22.91
1746645991, 0, 888, 962, 925, 5, 7.64%, 0, 0, 5, 46.69
1746646037, 0, 888, 964, 927, 5, 7.64%, 0, 0, 5, 33.59
1746646042, 0, 888, 965, 928, 5, 7.64%, 0, 0, 5, 33.69
1746646053, 0, 888, 967, 930, 5, 7.64%, 0, 0, 5, 33.77
1746646063, 0, 888, 972, 935, 5, 7.64%, 0, 0, 5, 33.72
1746646196, 0, 888, 973, 936, 5, 7.64%, 0, 0, 5, 33.75
1746646206, 0, 888, 974, 937, 5, 7.64%, 0, 0, 5, 33.61
1746646553, 0, 888, 975, 938, 5, 7.64%, 0, 0, 5, 33.81
1746647143, 0, 888, 976, 939, 5, 7.64%, 0, 0, 5, 37.32
1746647148, 0, 888, 979, 942, 5, 7.64%, 0, 0, 5, 38.19
1746647153, 0, 888, 981, 944, 5, 7.64%, 0, 0, 5, 38.66
1746647158, 0, 888, 982, 945, 5, 7.64%, 0, 0, 5, 38.82
1746647168, 0, 888, 983, 946, 5, 7.64%, 0, 0, 5, 38.56
1746647179, 0, 888, 984, 947, 5, 7.64%, 0, 0, 5, 39.66
1746647189, 0, 888, 987, 950, 5, 7.65%, 0, 0, 5, 38.37
1746647194, 0, 888, 988, 951, 5, 7.65%, 0, 0, 5, 38.15
1746647219, 0, 888, 990, 953, 5, 7.65%, 0, 0, 5, 37.89
1746647250, 0, 888, 991, 954, 5, 7.65%, 0, 0, 5, 39.13
1746647260, 0, 888, 992, 955, 5, 7.65%, 0, 0, 5, 40.08
1746647286, 0, 888, 993, 956, 5, 7.65%, 0, 0, 5, 38.87
1746647296, 0, 888, 994, 957, 5, 7.65%, 0, 0, 5, 38.20
1746647301, 0, 888, 995, 958, 5, 7.65%, 0, 0, 5, 38.18
1746647322, 0, 888, 996, 959, 5, 7.65%, 0, 0, 5, 40.14
1746647337, 0, 888, 997, 960, 5, 7.65%, 0, 0, 5, 39.87
1746647342, 0, 888, 998, 961, 5, 7.65%, 0, 0, 5, 38.96
1746647347, 0, 888, 1000, 963, 5, 7.65%, 0, 0, 5, 38.96
1746647363, 0, 888, 1001, 964, 5, 7.65%, 0, 0, 5, 38.70
1746647368, 0, 888, 1002, 965, 5, 7.65%, 0, 0, 5, 39.91
1746647373, 0, 888, 1003, 966, 5, 7.65%, 0, 0, 5, 39.15
1746647388, 0, 888, 1004, 967, 5, 7.65%, 0, 0, 5, 38.59
1746647414, 0, 888, 1005, 968, 5, 7.67%, 0, 0, 5, 38.26
1746647424, 0, 888, 1006, 969, 5, 7.67%, 0, 0, 5, 39.15
1746647434, 0, 888, 1007, 970, 5, 7.67%, 0, 0, 5, 38.19
1746647439, 0, 888, 1008, 971, 5, 7.67%, 0, 0, 5, 38.13
1746647444, 0, 888, 1009, 972, 5, 7.67%, 0, 0, 5, 38.78
1746647470, 0, 888, 1010, 973, 5, 7.67%, 0, 0, 5, 39.93
1746647506, 0, 888, 1011, 974, 5, 7.67%, 0, 0, 5, 38.79
1746647526, 0, 888, 1013, 976, 5, 7.67%, 0, 0, 5, 38.53
1746647551, 0, 888, 1015, 978, 5, 7.67%, 0, 0, 5, 38.35
1746647700, 0, 888, 1016, 979, 5, 7.67%, 0, 0, 5, 39.38
1746647705, 0, 888, 1017, 980, 5, 7.67%, 0, 0, 5, 37.34
1746647736, 0, 888, 1018, 981, 5, 7.67%, 0, 0, 5, 39.01
1746647746, 0, 888, 1019, 982, 5, 7.67%, 0, 0, 5, 38.96
1746647884, 0, 888, 1020, 983, 5, 7.67%, 0, 0, 5, 38.62
1746647935, 0, 888, 1021, 984, 5, 7.67%, 0, 0, 5, 39.56
1746647971, 0, 888, 1022, 985, 5, 7.67%, 0, 0, 5, 38.39
1746647976, 0, 888, 1023, 986, 5, 7.67%, 0, 0, 5, 39.73
1746647991, 0, 896, 1023, 985, 9, 7.67%, 0, 0, 5, 36.52
1746648017, 0, 896, 1025, 987, 9, 7.67%, 0, 0, 5, 32.11
1746648247, 0, 896, 1026, 988, 9, 7.67%, 0, 0, 5, 32.13
1746649678, 0, 902, 1026, 987, 10, 7.67%, 0, 0, 5, 33.26
1746651206, 0, 902, 1027, 988, 10, 7.67%, 0, 0, 5, 37.23
1746651221, 0, 902, 1028, 989, 10, 7.67%, 0, 0, 5, 37.70
1746651288, 0, 902, 1029, 990, 10, 7.67%, 0, 0, 5, 36.29
1746651354, 0, 902, 1030, 991, 10, 7.67%, 0, 0, 5, 37.67
1746651400, 0, 902, 1031, 992, 10, 7.67%, 0, 0, 5, 38.02
1746651477, 0, 902, 1032, 993, 10, 7.67%, 0, 0, 5, 37.34
1746651590, 0, 902, 1033, 994, 10, 7.67%, 0, 0, 5, 37.15
1746651718, 0, 902, 1034, 995, 10, 7.67%, 0, 0, 5, 36.81
1746651738, 0, 902, 1035, 996, 10, 7.68%, 0, 0, 5, 37.25
1746651800, 0, 902, 1036, 997, 10, 7.68%, 0, 0, 5, 37.62
1746651887, 0, 902, 1037, 998, 10, 7.68%, 0, 0, 5, 36.12
1746652035, 0, 919, 1037, 997, 11, 7.68%, 0, 0, 5, 38.34
1746653153, 0, 920, 1037, 996, 10, 7.68%, 0, 0, 5, 41.77
1746653194, 0, 920, 1038, 997, 10, 7.68%, 0, 0, 6, 35.38
1746654340, 0, 938, 1038, 996, 10, 7.68%, 0, 0, 6, 40.83
