# unix_time, cycles_done, cur_path, paths_total, pending_total, pending_favs, map_size, unique_crashes, unique_hangs, max_depth, execs_per_sec
1747409971, 0, 0, 1, 1, 1, 0.03%, 0, 0, 1, 888.89
1747409976, 0, 3, 9, 7, 2, 0.05%, 0, 0, 3, 2657.91
1747409981, 4, 5, 12, 5, 0, 0.05%, 0, 0, 4, 3016.72
1747409986, 4, 7, 17, 9, 0, 0.05%, 0, 0, 4, 3101.34
1747409991, 4, 14, 21, 12, 0, 0.05%, 0, 0, 5, 3078.89
1747410001, 5, 13, 23, 12, 0, 0.05%, 0, 0, 5, 2973.22
1747410007, 5, 15, 23, 11, 0, 0.05%, 0, 0, 5, 3033.35
1747410012, 5, 20, 23, 10, 0, 0.05%, 0, 0, 5, 2939.00
1747410017, 5, 21, 24, 10, 0, 0.05%, 0, 0, 6, 2954.20
1747410022, 5, 22, 24, 9, 0, 0.05%, 0, 0, 6, 2670.60
1747410027, 5, 23, 26, 10, 0, 0.05%, 0, 0, 7, 2988.01
1747410032, 6, 12, 26, 8, 0, 0.05%, 0, 0, 7, 3067.48
1747410037, 7, 17, 26, 7, 0, 0.05%, 0, 0, 7, 3050.30
1747410042, 8, 19, 27, 7, 0, 0.05%, 0, 0, 7, 2955.94
1747410047, 8, 25, 28, 7, 0, 0.05%, 0, 0, 8, 2981.60
1747410052, 8, 27, 28, 5, 0, 0.05%, 0, 0, 8, 2974.17
1747410058, 9, 8, 28, 4, 0, 0.05%, 0, 0, 8, 3019.34
1747410063, 11, 24, 28, 3, 0, 0.05%, 0, 0, 8, 3022.33
1747410068, 12, 16, 28, 2, 0, 0.05%, 0, 0, 8, 2999.99
1747410073, 19, 18, 29, 2, 0, 0.05%, 0, 0, 8, 3024.02
1747410078, 21, 11, 29, 1, 0, 0.05%, 0, 0, 8, 3042.96
1747410083, 24, 28, 29, 1, 0, 0.05%, 0, 0, 8, 2746.03
1747410088, 24, 28, 30, 2, 0, 0.05%, 0, 0, 8, 2458.88
1747410093, 26, 28, 30, 1, 0, 0.05%, 0, 0, 8, 2785.53
1747410098, 31, 8, 30, 1, 0, 0.05%, 0, 0, 8, 2936.12
1747410103, 33, 27, 31, 2, 0, 0.05%, 0, 0, 9, 2918.11
1747410109, 33, 29, 31, 2, 0, 0.05%, 0, 0, 9, 2022.76
1747410114, 33, 29, 32, 3, 0, 0.05%, 0, 0, 9, 2145.82
1747410119, 33, 31, 32, 2, 0, 0.05%, 0, 0, 9, 1858.32
1747410129, 35, 8, 32, 1, 0, 0.05%, 0, 0, 9, 2670.61
1747410134, 38, 30, 34, 3, 0, 0.05%, 0, 0, 10, 2776.90
1747410144, 39, 21, 34, 2, 0, 0.05%, 0, 0, 10, 2939.88
1747410149, 40, 32, 34, 2, 0, 0.05%, 0, 0, 10, 2844.48
1747410154, 40, 32, 35, 3, 0, 0.05%, 0, 0, 11, 2852.70
1747410159, 40, 34, 36, 3, 0, 0.05%, 0, 0, 12, 2573.93
1747410169, 42, 35, 36, 2, 0, 0.05%, 0, 0, 12, 2534.66
1747410180, 43, 33, 36, 1, 0, 0.05%, 0, 0, 12, 2615.56
1747410190, 44, 36, 37, 1, 0, 0.05%, 0, 0, 12, 2727.71
1747410200, 44, 36, 38, 2, 0, 0.05%, 0, 0, 13, 2179.37
1747410205, 47, 37, 38, 1, 0, 0.05%, 0, 0, 13, 2330.90
1747410221, 49, 8, 38, 0, 0, 0.05%, 0, 0, 13, 2725.47
1747410226, 52, 0, 38, 0, 0, 0.05%, 0, 0, 13, 2753.36
1747410231, 57, 20, 38, 0, 0, 0.05%, 0, 0, 13, 2849.63
1747410236, 61, 2, 38, 0, 0, 0.05%, 0, 0, 13, 2857.33
1747410241, 64, 8, 38, 0, 0, 0.05%, 0, 0, 13, 2841.02
1747410246, 67, 32, 38, 0, 0, 0.05%, 0, 0, 13, 2843.82
1747410251, 69, 30, 38, 0, 0, 0.05%, 0, 0, 13, 2821.57
1747410256, 70, 37, 38, 0, 0, 0.05%, 0, 0, 13, 2740.20
1747410261, 72, 35, 38, 0, 0, 0.05%, 0, 0, 13, 2729.16
1747410267, 73, 34, 38, 0, 0, 0.05%, 0, 0, 13, 2709.31
1747410272, 74, 33, 38, 0, 0, 0.05%, 0, 0, 13, 2755.91
1747410277, 76, 0, 38, 0, 0, 0.05%, 0, 0, 13, 2729.42
1747410282, 79, 35, 38, 0, 0, 0.05%, 0, 0, 13, 2779.51
1747410287, 81, 8, 38, 0, 0, 0.05%, 0, 0, 13, 2749.97
1747410292, 87, 15, 38, 0, 0, 0.05%, 0, 0, 13, 2798.52
1747410297, 92, 31, 38, 0, 0, 0.05%, 0, 0, 13, 2747.73
1747410302, 94, 4, 39, 1, 0, 0.05%, 0, 0, 13, 2806.99
1747410307, 94, 38, 39, 1, 0, 0.05%, 0, 0, 13, 1926.92
1747410318, 96, 12, 39, 0, 0, 0.05%, 0, 0, 13, 2197.22
1747410323, 100, 8, 39, 0, 0, 0.05%, 0, 0, 13, 2708.18
1747410328, 104, 35, 39, 0, 0, 0.05%, 0, 0, 13, 2788.81
1747410333, 105, 35, 39, 0, 0, 0.05%, 0, 0, 13, 2756.43
1747410338, 108, 9, 39, 0, 0, 0.05%, 0, 0, 13, 2804.80
1747410343, 112, 35, 39, 0, 0, 0.05%, 0, 0, 13, 2766.53
1747410348, 116, 37, 39, 0, 0, 0.05%, 0, 0, 13, 2755.57
1747410353, 118, 33, 39, 0, 0, 0.05%, 0, 0, 13, 2695.81
1747410358, 120, 10, 39, 0, 0, 0.05%, 0, 0, 13, 2695.70
1747410364, 121, 34, 39, 0, 0, 0.05%, 0, 0, 13, 2677.65
1747410369, 123, 38, 39, 0, 0, 0.05%, 0, 0, 13, 2626.38
1747410374, 126, 2, 39, 0, 0, 0.05%, 0, 0, 13, 2703.45
1747410379, 128, 33, 39, 0, 0, 0.05%, 0, 0, 13, 2762.38
1747410384, 131, 33, 39, 0, 0, 0.05%, 0, 0, 13, 2743.69
1747410389, 132, 34, 39, 0, 0, 0.05%, 0, 0, 13, 2727.54
1747410395, 135, 33, 39, 0, 0, 0.05%, 0, 0, 13, 2762.00
1747410400, 137, 30, 39, 0, 0, 0.05%, 0, 0, 13, 2778.74
1747410405, 138, 29, 39, 0, 0, 0.05%, 0, 0, 13, 2656.97
1747410410, 139, 35, 39, 0, 0, 0.05%, 0, 0, 13, 2732.97
1747410415, 143, 4, 39, 0, 0, 0.05%, 0, 0, 13, 2774.15
1747410421, 145, 21, 39, 0, 0, 0.05%, 0, 0, 13, 2723.94
1747410426, 148, 32, 39, 0, 0, 0.05%, 0, 0, 13, 2745.13
1747410431, 151, 37, 39, 0, 0, 0.05%, 0, 0, 13, 2658.80
1747410436, 155, 8, 39, 0, 0, 0.05%, 0, 0, 13, 2727.25
1747410441, 156, 32, 39, 0, 0, 0.05%, 0, 0, 13, 2707.62
1747410446, 159, 8, 39, 0, 0, 0.05%, 0, 0, 13, 2716.44
1747410451, 164, 18, 39, 0, 0, 0.05%, 0, 0, 13, 2713.99
1747410456, 167, 28, 39, 0, 0, 0.05%, 0, 0, 13, 2686.61
1747410461, 172, 25, 39, 0, 0, 0.05%, 0, 0, 13, 2756.97
1747410466, 175, 33, 39, 0, 0, 0.05%, 0, 0, 13, 2746.16
1747410471, 178, 8, 39, 0, 0, 0.05%, 0, 0, 13, 2773.49
1747410476, 180, 33, 39, 0, 0, 0.05%, 0, 0, 13, 2683.64
1747410481, 181, 16, 39, 0, 0, 0.05%, 0, 0, 13, 2707.40
1747410486, 183, 33, 39, 0, 0, 0.05%, 0, 0, 13, 2677.25
1747410491, 185, 14, 39, 0, 0, 0.05%, 0, 0, 13, 2736.96
1747410496, 191, 4, 39, 0, 0, 0.05%, 0, 0, 13, 2758.23
1747410502, 197, 3, 39, 0, 0, 0.05%, 0, 0, 13, 2785.08
1747410507, 200, 32, 39, 0, 0, 0.05%, 0, 0, 13, 2689.19
1747410512, 201, 34, 39, 0, 0, 0.05%, 0, 0, 13, 2646.21
1747410517, 203, 34, 39, 0, 0, 0.05%, 0, 0, 13, 2694.94
1747410522, 205, 29, 39, 0, 0, 0.05%, 0, 0, 13, 2666.56
1747410527, 209, 3, 39, 0, 0, 0.05%, 0, 0, 13, 2727.79
1747410532, 212, 7, 39, 0, 0, 0.05%, 0, 0, 13, 2759.30
1747410537, 215, 3, 39, 0, 0, 0.05%, 0, 0, 13, 2508.19
1747410542, 217, 32, 39, 0, 0, 0.05%, 0, 0, 13, 2444.85
1747410547, 219, 36, 39, 0, 0, 0.05%, 0, 0, 13, 2606.95
1747410552, 222, 26, 39, 0, 0, 0.05%, 0, 0, 13, 2479.09
1747410557, 223, 36, 39, 0, 0, 0.05%, 0, 0, 13, 2472.29
1747410562, 225, 33, 39, 0, 0, 0.05%, 0, 0, 13, 2630.58
1747410567, 229, 19, 39, 0, 0, 0.05%, 0, 0, 13, 2704.87
1747410572, 233, 37, 39, 0, 0, 0.05%, 0, 0, 13, 2723.87
1747410577, 238, 22, 39, 0, 0, 0.05%, 0, 0, 13, 2712.24
1747410583, 240, 36, 39, 0, 0, 0.05%, 0, 0, 13, 2687.39
1747410588, 242, 34, 40, 1, 0, 0.05%, 0, 0, 13, 2611.41
1747410593, 243, 39, 42, 3, 0, 0.05%, 0, 0, 13, 1579.76
1747410618, 243, 39, 43, 4, 0, 0.05%, 0, 0, 13, 1453.89
1747410623, 244, 35, 43, 3, 0, 0.05%, 0, 0, 13, 2176.41
1747410629, 244, 41, 43, 3, 0, 0.05%, 0, 0, 13, 1578.78
1747410654, 244, 42, 45, 4, 0, 0.05%, 0, 0, 13, 1085.94
1747410736, 245, 0, 45, 3, 0, 0.05%, 0, 0, 13, 1215.01
1747410741, 245, 44, 45, 3, 0, 0.05%, 0, 0, 13, 1305.81
1747410802, 247, 8, 45, 2, 0, 0.05%, 0, 0, 13, 2230.02
1747410807, 249, 4, 45, 2, 0, 0.05%, 0, 0, 13, 2600.77
1747410812, 250, 43, 45, 2, 0, 0.05%, 0, 0, 13, 1824.15
1747410858, 251, 6, 45, 1, 0, 0.05%, 0, 0, 13, 1927.44
1747410863, 253, 30, 45, 1, 0, 0.05%, 0, 0, 13, 2516.65
1747410868, 254, 8, 45, 1, 0, 0.05%, 0, 0, 13, 2524.44
1747410873, 256, 30, 46, 2, 0, 0.05%, 0, 0, 13, 2576.32
1747410878, 256, 40, 46, 2, 0, 0.05%, 0, 0, 13, 1781.03
1747410904, 259, 4, 46, 1, 0, 0.05%, 0, 0, 13, 2588.45
1747410909, 262, 44, 46, 1, 0, 0.05%, 0, 0, 13, 2559.86
1747410914, 265, 32, 46, 1, 0, 0.05%, 0, 0, 13, 2631.23
1747410919, 267, 4, 46, 1, 0, 0.05%, 0, 0, 13, 2715.46
1747410924, 268, 45, 46, 1, 0, 0.05%, 0, 0, 13, 2252.06
1747410959, 270, 0, 46, 0, 0, 0.05%, 0, 0, 13, 2270.08
1747410964, 271, 31, 46, 0, 0, 0.05%, 0, 0, 13, 2540.26
1747410970, 273, 12, 46, 0, 0, 0.05%, 0, 0, 13, 2659.69
1747410975, 275, 26, 46, 0, 0, 0.05%, 0, 0, 13, 2627.33
1747410980, 276, 27, 46, 0, 0, 0.05%, 0, 0, 13, 2497.11
1747410985, 279, 7, 46, 0, 0, 0.05%, 0, 0, 13, 2637.82
1747410990, 281, 16, 46, 0, 0, 0.05%, 0, 0, 13, 2683.42
1747410995, 282, 41, 46, 0, 0, 0.05%, 0, 0, 13, 2578.40
1747411000, 285, 16, 46, 0, 0, 0.05%, 0, 0, 13, 2695.44
1747411005, 289, 21, 46, 0, 0, 0.05%, 0, 0, 13, 2729.31
1747411010, 292, 13, 46, 0, 0, 0.05%, 0, 0, 13, 2729.77
1747411015, 293, 8, 46, 0, 0, 0.05%, 0, 0, 13, 2616.76
1747411020, 294, 42, 46, 0, 0, 0.05%, 0, 0, 13, 2576.57
1747411025, 295, 31, 46, 0, 0, 0.05%, 0, 0, 13, 2584.45
1747411030, 296, 41, 46, 0, 0, 0.05%, 0, 0, 13, 2533.27
1747411036, 300, 9, 46, 0, 0, 0.05%, 0, 0, 13, 2762.45
1747411041, 302, 20, 46, 0, 0, 0.05%, 0, 0, 13, 2624.42
1747411046, 304, 45, 46, 0, 0, 0.05%, 0, 0, 13, 2515.18
1747411051, 306, 14, 46, 0, 0, 0.05%, 0, 0, 13, 2693.04
1747411056, 308, 35, 46, 0, 0, 0.05%, 0, 0, 13, 2607.20
1747411061, 311, 30, 46, 0, 0, 0.05%, 0, 0, 13, 2729.25
1747411066, 314, 22, 46, 0, 0, 0.05%, 0, 0, 13, 2742.62
1747411071, 316, 42, 46, 0, 0, 0.05%, 0, 0, 13, 2568.02
1747411076, 319, 14, 46, 0, 0, 0.05%, 0, 0, 13, 2683.39
1747411081, 321, 27, 46, 0, 0, 0.05%, 0, 0, 13, 2685.06
1747411086, 324, 27, 46, 0, 0, 0.05%, 0, 0, 13, 2729.88
1747411091, 326, 33, 46, 0, 0, 0.05%, 0, 0, 13, 2760.56
1747411097, 329, 8, 46, 0, 0, 0.05%, 0, 0, 13, 2735.58
1747411102, 330, 45, 47, 1, 0, 0.05%, 0, 0, 13, 2496.04
1747411107, 330, 46, 47, 1, 0, 0.05%, 0, 0, 13, 502.14
1747411188, 332, 41, 47, 0, 0, 0.05%, 0, 0, 13, 2122.35
1747411193, 336, 36, 47, 0, 0, 0.05%, 0, 0, 13, 2611.30
1747411198, 337, 40, 47, 0, 0, 0.05%, 0, 0, 13, 2350.93
1747411203, 339, 8, 47, 0, 0, 0.05%, 0, 0, 13, 2496.81
1747411208, 342, 8, 47, 0, 0, 0.05%, 0, 0, 13, 2511.55
1747411213, 344, 22, 47, 0, 0, 0.05%, 0, 0, 13, 2652.40
1747411218, 346, 12, 47, 0, 0, 0.05%, 0, 0, 13, 2647.04
1747411223, 347, 26, 47, 0, 0, 0.05%, 0, 0, 13, 2689.81
1747411229, 349, 29, 47, 0, 0, 0.05%, 0, 0, 13, 2710.42
1747411234, 351, 45, 47, 0, 0, 0.05%, 0, 0, 13, 2467.12
1747411239, 355, 32, 47, 0, 0, 0.05%, 0, 0, 13, 2695.48
1747411244, 357, 25, 47, 0, 0, 0.05%, 0, 0, 13, 2677.64
1747411249, 360, 8, 47, 0, 0, 0.05%, 0, 0, 13, 2582.41
1747411254, 361, 44, 47, 0, 0, 0.05%, 0, 0, 13, 2421.89
1747411259, 364, 21, 47, 0, 0, 0.05%, 0, 0, 13, 2664.58
1747411264, 366, 45, 47, 0, 0, 0.05%, 0, 0, 13, 2549.63
1747411269, 368, 46, 48, 1, 0, 0.05%, 0, 0, 13, 2375.18
1747411274, 368, 47, 48, 1, 1, 0.05%, 0, 0, 13, 968.35
1747411519, 370, 8, 48, 0, 0, 0.05%, 0, 0, 13, 1872.83
1747411524, 371, 3, 48, 0, 0, 0.05%, 0, 0, 13, 2069.73
1747411529, 372, 47, 48, 0, 0, 0.05%, 0, 0, 13, 2221.76
1747411534, 374, 38, 48, 0, 0, 0.05%, 0, 0, 13, 2317.48
1747411539, 375, 47, 48, 0, 0, 0.05%, 0, 0, 13, 2315.44
1747411544, 377, 3, 48, 0, 0, 0.05%, 0, 0, 13, 2229.04
1747411549, 378, 21, 48, 0, 0, 0.05%, 0, 0, 13, 2242.40
1747411554, 379, 47, 48, 0, 0, 0.05%, 0, 0, 13, 2116.57
1747411559, 380, 47, 48, 0, 0, 0.05%, 0, 0, 13, 2128.02
1747411564, 381, 39, 48, 0, 0, 0.05%, 0, 0, 13, 2349.44
1747411569, 382, 39, 48, 0, 0, 0.05%, 0, 0, 13, 2250.10
1747411574, 383, 28, 48, 0, 0, 0.05%, 0, 0, 13, 2209.14
1747411579, 384, 47, 48, 0, 0, 0.05%, 0, 0, 13, 2114.69
1747411584, 386, 47, 48, 0, 0, 0.05%, 0, 0, 13, 2118.60
1747411589, 387, 47, 48, 0, 0, 0.05%, 0, 0, 13, 2055.96
1747411594, 388, 44, 48, 0, 0, 0.05%, 0, 0, 13, 2227.74
1747411599, 390, 47, 48, 0, 0, 0.05%, 0, 0, 13, 2319.74
1747411604, 392, 47, 48, 0, 0, 0.05%, 0, 0, 13, 2238.53
1747411610, 393, 47, 48, 0, 0, 0.05%, 0, 0, 13, 2278.03
1747411615, 394, 40, 48, 0, 0, 0.05%, 0, 0, 13, 2395.42
1747411620, 395, 47, 48, 0, 0, 0.05%, 0, 0, 13, 2237.77
1747411625, 396, 42, 48, 0, 0, 0.05%, 0, 0, 13, 2263.29
1747411630, 397, 30, 48, 0, 0, 0.05%, 0, 0, 13, 2439.07
1747411635, 398, 20, 48, 0, 0, 0.05%, 0, 0, 13, 2274.68
1747411640, 400, 2, 48, 0, 0, 0.05%, 0, 0, 13, 2049.75
1747411645, 401, 45, 48, 0, 0, 0.05%, 0, 0, 13, 2228.91
1747411650, 402, 40, 48, 0, 0, 0.05%, 0, 0, 13, 2321.47
1747411655, 403, 47, 48, 0, 0, 0.05%, 0, 0, 13, 2144.51
1747411660, 405, 47, 48, 0, 0, 0.05%, 0, 0, 13, 2068.72
1747411665, 407, 2, 48, 0, 0, 0.05%, 0, 0, 13, 2155.28
1747411671, 408, 24, 48, 0, 0, 0.05%, 0, 0, 13, 2339.97
1747411676, 409, 6, 48, 0, 0, 0.05%, 0, 0, 13, 2337.45
1747411681, 411, 8, 48, 0, 0, 0.05%, 0, 0, 13, 2274.20
1747411686, 412, 47, 48, 0, 0, 0.05%, 0, 0, 13, 2285.28
1747411691, 414, 24, 48, 0, 0, 0.05%, 0, 0, 13, 2364.98
1747411696, 415, 3, 48, 0, 0, 0.05%, 0, 0, 13, 2320.33
1747411701, 416, 15, 48, 0, 0, 0.05%, 0, 0, 13, 2100.41
1747411706, 417, 47, 48, 0, 0, 0.05%, 0, 0, 13, 2243.27
1747411711, 418, 47, 48, 0, 0, 0.05%, 0, 0, 13, 2098.85
1747411716, 420, 47, 48, 0, 0, 0.05%, 0, 0, 13, 2087.43
1747411721, 421, 43, 48, 0, 0, 0.05%, 0, 0, 13, 2054.55
1747411726, 422, 46, 48, 0, 0, 0.05%, 0, 0, 13, 1996.87
1747411731, 423, 47, 48, 0, 0, 0.05%, 0, 0, 13, 2070.45
1747411736, 425, 47, 48, 0, 0, 0.05%, 0, 0, 13, 1975.32
1747411742, 426, 47, 48, 0, 0, 0.05%, 0, 0, 13, 2098.73
1747411747, 428, 44, 48, 0, 0, 0.05%, 0, 0, 13, 2234.39
1747411752, 429, 25, 48, 0, 0, 0.05%, 0, 0, 13, 2132.45
1747411757, 430, 43, 48, 0, 0, 0.05%, 0, 0, 13, 2231.21
1747411762, 431, 42, 48, 0, 0, 0.05%, 0, 0, 13, 2067.28
1747411767, 432, 46, 48, 0, 0, 0.05%, 0, 0, 13, 2062.70
1747411772, 433, 47, 48, 0, 0, 0.05%, 0, 0, 13, 2196.16
1747411777, 435, 23, 48, 0, 0, 0.05%, 0, 0, 13, 2363.05
1747411782, 435, 47, 48, 0, 0, 0.05%, 0, 0, 13, 2067.84
1747411787, 437, 0, 48, 0, 0, 0.05%, 0, 0, 13, 2136.99
1747411792, 438, 20, 48, 0, 0, 0.05%, 0, 0, 13, 2425.29
1747411798, 440, 12, 48, 0, 0, 0.05%, 0, 0, 13, 2348.21
1747411803, 441, 21, 48, 0, 0, 0.05%, 0, 0, 13, 2323.01
1747411808, 442, 39, 48, 0, 0, 0.05%, 0, 0, 13, 2235.92
1747411813, 443, 0, 48, 0, 0, 0.05%, 0, 0, 13, 2197.55
1747411818, 444, 8, 48, 0, 0, 0.05%, 0, 0, 13, 2327.82
1747411823, 445, 39, 48, 0, 0, 0.05%, 0, 0, 13, 2300.55
1747411828, 447, 2, 48, 0, 0, 0.05%, 0, 0, 13, 2111.31
1747411833, 448, 37, 48, 0, 0, 0.05%, 0, 0, 13, 2201.29
1747411838, 448, 47, 48, 0, 0, 0.05%, 0, 0, 13, 2161.72
1747411843, 450, 4, 48, 0, 0, 0.05%, 0, 0, 13, 2292.51
1747411848, 451, 2, 48, 0, 0, 0.05%, 0, 0, 13, 2191.45
1747411853, 452, 2, 48, 0, 0, 0.05%, 0, 0, 13, 1865.11
1747411858, 453, 37, 48, 0, 0, 0.05%, 0, 0, 13, 2252.07
1747411863, 454, 39, 48, 0, 0, 0.05%, 0, 0, 13, 2197.20
1747411868, 455, 29, 48, 0, 0, 0.05%, 0, 0, 13, 2393.22
1747411873, 455, 47, 48, 0, 0, 0.05%, 0, 0, 13, 2288.72
1747411878, 456, 45, 48, 0, 0, 0.05%, 0, 0, 13, 2247.40
1747411884, 458, 47, 48, 0, 0, 0.05%, 0, 0, 13, 2227.37
1747411889, 459, 47, 48, 0, 0, 0.05%, 0, 0, 13, 2214.03
1747411894, 460, 24, 48, 0, 0, 0.05%, 0, 0, 13, 2441.02
1747411899, 461, 43, 48, 0, 0, 0.05%, 0, 0, 13, 2255.38
1747411904, 463, 22, 48, 0, 0, 0.05%, 0, 0, 13, 2479.47
1747411909, 465, 45, 48, 0, 0, 0.05%, 0, 0, 13, 2340.44
1747411914, 466, 39, 48, 0, 0, 0.05%, 0, 0, 13, 2326.73
1747411919, 468, 3, 48, 0, 0, 0.05%, 0, 0, 13, 2133.54
1747411924, 470, 40, 48, 0, 0, 0.05%, 0, 0, 13, 2223.83
1747411929, 472, 8, 48, 0, 0, 0.05%, 0, 0, 13, 2422.12
1747411934, 475, 4, 48, 0, 0, 0.05%, 0, 0, 13, 2475.78
1747411939, 477, 47, 48, 0, 0, 0.05%, 0, 0, 13, 2385.87
1747411944, 480, 42, 48, 0, 0, 0.05%, 0, 0, 13, 2273.37
1747411950, 482, 26, 48, 0, 0, 0.05%, 0, 0, 13, 2475.49
1747411955, 483, 47, 48, 0, 0, 0.05%, 0, 0, 13, 2273.32
1747411960, 485, 39, 48, 0, 0, 0.05%, 0, 0, 13, 2282.42
1747411965, 487, 3, 48, 0, 0, 0.05%, 0, 0, 13, 2146.84
1747411970, 488, 45, 48, 0, 0, 0.05%, 0, 0, 13, 2276.11
1747411975, 491, 4, 48, 0, 0, 0.05%, 0, 0, 13, 2364.92
1747411980, 492, 24, 48, 0, 0, 0.05%, 0, 0, 13, 2340.33
1747411985, 493, 26, 48, 0, 0, 0.05%, 0, 0, 13, 2278.14
1747411990, 495, 0, 48, 0, 0, 0.05%, 0, 0, 13, 2241.49
1747411995, 499, 2, 48, 0, 0, 0.05%, 0, 0, 13, 2307.10
1747412001, 499, 43, 48, 0, 0, 0.05%, 0, 0, 13, 2286.90
1747412006, 502, 4, 48, 0, 0, 0.05%, 0, 0, 13, 2404.74
1747412011, 503, 22, 48, 0, 0, 0.05%, 0, 0, 13, 2496.86
1747412016, 505, 45, 48, 0, 0, 0.05%, 0, 0, 13, 2426.63
1747412021, 507, 8, 48, 0, 0, 0.05%, 0, 0, 13, 2263.91
1747412026, 508, 4, 48, 0, 0, 0.05%, 0, 0, 13, 2266.96
1747412031, 509, 32, 48, 0, 0, 0.05%, 0, 0, 13, 2216.66
1747412036, 510, 13, 48, 0, 0, 0.05%, 0, 0, 13, 2183.04
1747412041, 512, 44, 48, 0, 0, 0.05%, 0, 0, 13, 2393.51
1747412046, 514, 47, 48, 0, 0, 0.05%, 0, 0, 13, 2378.14
1747412051, 517, 3, 48, 0, 0, 0.05%, 0, 0, 13, 2420.62
1747412056, 519, 28, 48, 0, 0, 0.05%, 0, 0, 13, 2421.31
1747412061, 522, 8, 48, 0, 0, 0.05%, 0, 0, 13, 2416.67
1747412067, 524, 3, 48, 0, 0, 0.05%, 0, 0, 13, 2443.26
1747412072, 525, 28, 48, 0, 0, 0.05%, 0, 0, 13, 2462.16
1747412077, 526, 31, 48, 0, 0, 0.05%, 0, 0, 13, 2417.27
1747412082, 529, 4, 48, 0, 0, 0.05%, 0, 0, 13, 2396.40
1747412087, 531, 47, 48, 0, 0, 0.05%, 0, 0, 13, 2363.93
1747412092, 534, 24, 48, 0, 0, 0.05%, 0, 0, 13, 2459.57
1747412097, 537, 9, 48, 0, 0, 0.05%, 0, 0, 13, 2463.58
1747412102, 538, 11, 48, 0, 0, 0.05%, 0, 0, 13, 2417.71
1747412107, 539, 47, 48, 0, 0, 0.05%, 0, 0, 13, 2245.78
1747412112, 541, 3, 48, 0, 0, 0.05%, 0, 0, 13, 2186.54
1747412117, 543, 45, 48, 0, 0, 0.05%, 0, 0, 13, 2234.10
1747412123, 544, 45, 48, 0, 0, 0.05%, 0, 0, 13, 2338.63
1747412128, 546, 18, 48, 0, 0, 0.05%, 0, 0, 13, 2482.66
1747412133, 548, 34, 48, 0, 0, 0.05%, 0, 0, 13, 2375.29
1747412138, 550, 39, 48, 0, 0, 0.05%, 0, 0, 13, 2371.15
1747412143, 552, 13, 48, 0, 0, 0.05%, 0, 0, 13, 2390.84
1747412148, 553, 40, 48, 0, 0, 0.05%, 0, 0, 13, 2305.15
1747412153, 555, 47, 48, 0, 0, 0.05%, 0, 0, 13, 2286.67
1747412158, 557, 46, 48, 0, 0, 0.05%, 0, 0, 13, 2205.31
1747412163, 559, 16, 48, 0, 0, 0.05%, 0, 0, 13, 2175.11
1747412168, 560, 43, 48, 0, 0, 0.05%, 0, 0, 13, 2167.50
1747412173, 563, 47, 48, 0, 0, 0.05%, 0, 0, 13, 2415.22
1747412178, 566, 3, 48, 0, 0, 0.05%, 0, 0, 13, 2572.03
1747412183, 566, 47, 48, 0, 0, 0.05%, 0, 0, 13, 2220.54
1747412188, 568, 39, 48, 0, 0, 0.05%, 0, 0, 13, 2099.02
1747412193, 568, 44, 48, 0, 0, 0.05%, 0, 0, 13, 2179.76
1747412198, 570, 35, 48, 0, 0, 0.05%, 0, 0, 13, 2384.45
1747412204, 572, 8, 48, 0, 0, 0.05%, 0, 0, 13, 2418.67
1747412209, 573, 33, 48, 0, 0, 0.05%, 0, 0, 13, 2403.35
1747412214, 574, 47, 48, 0, 0, 0.05%, 0, 0, 13, 1955.78
1747412219, 576, 0, 48, 0, 0, 0.05%, 0, 0, 13, 1875.12
1747412224, 578, 31, 48, 0, 0, 0.05%, 0, 0, 13, 2058.80
1747412229, 579, 12, 48, 0, 0, 0.05%, 0, 0, 13, 2213.49
1747412234, 581, 8, 48, 0, 0, 0.05%, 0, 0, 13, 2371.55
1747412239, 581, 39, 48, 0, 0, 0.05%, 0, 0, 13, 2177.79
1747412244, 582, 17, 48, 0, 0, 0.05%, 0, 0, 13, 2317.17
1747412249, 583, 47, 48, 0, 0, 0.05%, 0, 0, 13, 2461.39
1747412254, 585, 38, 48, 0, 0, 0.05%, 0, 0, 13, 2617.25
1747412260, 587, 47, 48, 0, 0, 0.05%, 0, 0, 13, 2513.09
1747412265, 589, 46, 48, 0, 0, 0.05%, 0, 0, 13, 2436.55
1747412270, 591, 20, 48, 0, 0, 0.05%, 0, 0, 13, 2517.05
1747412275, 592, 33, 48, 0, 0, 0.05%, 0, 0, 13, 2658.73
1747412280, 593, 41, 48, 0, 0, 0.05%, 0, 0, 13, 2599.64
1747412285, 596, 9, 48, 0, 0, 0.05%, 0, 0, 13, 2623.23
1747412290, 599, 4, 48, 0, 0, 0.05%, 0, 0, 13, 2497.68
1747412295, 599, 39, 48, 0, 0, 0.05%, 0, 0, 13, 2453.54
1747412300, 600, 43, 48, 0, 0, 0.05%, 0, 0, 13, 2262.67
1747412305, 601, 42, 48, 0, 0, 0.05%, 0, 0, 13, 2216.28
1747412310, 602, 39, 48, 0, 0, 0.05%, 0, 0, 13, 2328.79
1747412315, 604, 10, 48, 0, 0, 0.05%, 0, 0, 13, 2616.46
1747412321, 606, 19, 48, 0, 0, 0.05%, 0, 0, 13, 2682.01
1747412326, 607, 35, 48, 0, 0, 0.05%, 0, 0, 13, 2631.93
1747412331, 608, 46, 48, 0, 0, 0.05%, 0, 0, 13, 2408.76
1747412336, 611, 0, 48, 0, 0, 0.05%, 0, 0, 13, 2506.47
1747412341, 612, 34, 48, 0, 0, 0.05%, 0, 0, 13, 2553.05
1747412346, 614, 42, 48, 0, 0, 0.05%, 0, 0, 13, 2441.07
1747412351, 615, 46, 48, 0, 0, 0.05%, 0, 0, 13, 2304.50
1747412356, 617, 31, 48, 0, 0, 0.05%, 0, 0, 13, 2552.14
1747412361, 620, 23, 48, 0, 0, 0.05%, 0, 0, 13, 2495.19
1747412366, 622, 32, 48, 0, 0, 0.05%, 0, 0, 13, 2684.97
1747412371, 624, 9, 48, 0, 0, 0.05%, 0, 0, 13, 2533.78
1747412376, 625, 42, 48, 0, 0, 0.05%, 0, 0, 13, 2448.94
1747412382, 627, 39, 48, 0, 0, 0.05%, 0, 0, 13, 2497.60
1747412387, 628, 43, 48, 0, 0, 0.05%, 0, 0, 13, 2412.98
1747412392, 631, 0, 48, 0, 0, 0.05%, 0, 0, 13, 2434.30
1747412397, 633, 4, 48, 0, 0, 0.05%, 0, 0, 13, 2517.67
1747412402, 634, 47, 48, 0, 0, 0.05%, 0, 0, 13, 2411.09
1747412407, 636, 41, 48, 0, 0, 0.05%, 0, 0, 13, 2495.90
1747412412, 638, 4, 48, 0, 0, 0.05%, 0, 0, 13, 2451.84
1747412417, 641, 3, 48, 0, 0, 0.05%, 0, 0, 13, 2554.33
1747412422, 642, 47, 48, 0, 0, 0.05%, 0, 0, 13, 2524.29
1747412427, 644, 42, 48, 0, 0, 0.05%, 0, 0, 13, 2400.17
1747412432, 646, 44, 48, 0, 0, 0.05%, 0, 0, 13, 2382.38
1747412437, 647, 14, 48, 0, 0, 0.05%, 0, 0, 13, 2461.04
1747412442, 648, 46, 48, 0, 0, 0.05%, 0, 0, 13, 2425.09
1747412447, 650, 2, 48, 0, 0, 0.05%, 0, 0, 13, 2361.87
1747412452, 651, 8, 48, 0, 0, 0.05%, 0, 0, 13, 2249.69
1747412458, 653, 25, 48, 0, 0, 0.05%, 0, 0, 13, 2305.79
1747412463, 654, 43, 48, 0, 0, 0.05%, 0, 0, 13, 2496.27
1747412468, 656, 41, 48, 0, 0, 0.05%, 0, 0, 13, 2512.97
1747412473, 657, 40, 48, 0, 0, 0.05%, 0, 0, 13, 2516.93
1747412478, 659, 0, 48, 0, 0, 0.05%, 0, 0, 13, 2540.15
1747412483, 661, 17, 48, 0, 0, 0.05%, 0, 0, 13, 2685.37
1747412488, 662, 41, 48, 0, 0, 0.05%, 0, 0, 13, 2517.44
1747412493, 663, 47, 48, 0, 0, 0.05%, 0, 0, 13, 2284.10
1747412498, 666, 34, 48, 0, 0, 0.05%, 0, 0, 13, 2495.95
1747412503, 668, 39, 48, 0, 0, 0.05%, 0, 0, 13, 2493.71
1747412508, 669, 39, 48, 0, 0, 0.05%, 0, 0, 13, 2482.58
1747412514, 670, 47, 48, 0, 0, 0.05%, 0, 0, 13, 2394.92
1747412519, 672, 8, 48, 0, 0, 0.05%, 0, 0, 13, 2426.03
1747412524, 675, 3, 48, 0, 0, 0.05%, 0, 0, 13, 2355.46
1747412529, 678, 16, 48, 0, 0, 0.05%, 0, 0, 13, 2576.00
1747412534, 681, 47, 48, 0, 0, 0.05%, 0, 0, 13, 2537.11
1747412539, 684, 8, 48, 0, 0, 0.05%, 0, 0, 13, 2665.91
1747412544, 686, 15, 48, 0, 0, 0.05%, 0, 0, 13, 2506.63
1747412550, 687, 47, 48, 0, 0, 0.05%, 0, 0, 13, 2483.71
1747412555, 691, 28, 48, 0, 0, 0.05%, 0, 0, 13, 2621.23
1747412560, 693, 39, 48, 0, 0, 0.05%, 0, 0, 13, 2501.60
1747412565, 695, 14, 48, 0, 0, 0.05%, 0, 0, 13, 2648.86
1747412570, 697, 36, 48, 0, 0, 0.05%, 0, 0, 13, 2600.80
1747412575, 699, 8, 48, 0, 0, 0.05%, 0, 0, 13, 2572.09
1747412580, 702, 43, 48, 0, 0, 0.05%, 0, 0, 13, 2464.34
1747412585, 705, 6, 48, 0, 0, 0.05%, 0, 0, 13, 2574.75
1747412590, 707, 8, 48, 0, 0, 0.05%, 0, 0, 13, 2661.22
1747412595, 710, 43, 48, 0, 0, 0.05%, 0, 0, 13, 2509.18
1747412601, 712, 47, 48, 0, 0, 0.05%, 0, 0, 13, 2630.57
1747412606, 714, 24, 48, 0, 0, 0.05%, 0, 0, 13, 2675.33
1747412611, 716, 3, 48, 0, 0, 0.05%, 0, 0, 13, 2613.34
1747412616, 716, 40, 48, 0, 0, 0.05%, 0, 0, 13, 2579.20
1747412621, 718, 47, 48, 0, 0, 0.05%, 0, 0, 13, 2537.53
1747412626, 720, 15, 48, 0, 0, 0.05%, 0, 0, 13, 2578.22
1747412631, 722, 42, 48, 0, 0, 0.05%, 0, 0, 13, 2560.02
1747412636, 723, 14, 48, 0, 0, 0.05%, 0, 0, 13, 2535.45
1747412642, 724, 39, 48, 0, 0, 0.05%, 0, 0, 13, 2397.96
1747412647, 725, 40, 48, 0, 0, 0.05%, 0, 0, 13, 2382.92
1747412652, 726, 25, 48, 0, 0, 0.05%, 0, 0, 13, 2429.33
1747412657, 728, 16, 48, 0, 0, 0.05%, 0, 0, 13, 2549.47
1747412662, 729, 43, 48, 0, 0, 0.05%, 0, 0, 13, 2515.43
1747412667, 731, 10, 48, 0, 0, 0.05%, 0, 0, 13, 2535.62
1747412672, 733, 8, 48, 0, 0, 0.05%, 0, 0, 13, 2500.08
1747412677, 734, 47, 48, 0, 0, 0.05%, 0, 0, 13, 2444.96
1747412682, 737, 47, 48, 0, 0, 0.05%, 0, 0, 13, 2516.45
1747412688, 740, 45, 48, 0, 0, 0.05%, 0, 0, 13, 2558.29
1747412693, 741, 42, 48, 0, 0, 0.05%, 0, 0, 13, 2438.49
1747412698, 742, 43, 48, 0, 0, 0.05%, 0, 0, 13, 2435.85
1747412703, 745, 2, 48, 0, 0, 0.05%, 0, 0, 13, 2481.88
1747412708, 747, 18, 48, 0, 0, 0.05%, 0, 0, 13, 2509.85
1747412713, 748, 41, 48, 0, 0, 0.05%, 0, 0, 13, 2431.31
1747412718, 750, 31, 48, 0, 0, 0.05%, 0, 0, 13, 2587.17
1747412723, 752, 4, 48, 0, 0, 0.05%, 0, 0, 13, 2452.27
1747412728, 754, 2, 48, 0, 0, 0.05%, 0, 0, 13, 2413.77
1747412733, 755, 32, 48, 0, 0, 0.05%, 0, 0, 13, 2587.26
1747412738, 756, 45, 48, 0, 0, 0.05%, 0, 0, 13, 2381.18
1747412743, 758, 47, 48, 0, 0, 0.05%, 0, 0, 13, 2366.28
1747412748, 760, 39, 48, 0, 0, 0.05%, 0, 0, 13, 2428.47
1747412753, 762, 42, 48, 0, 0, 0.05%, 0, 0, 13, 2520.33
1747412758, 763, 47, 48, 0, 0, 0.05%, 0, 0, 13, 2359.71
1747412764, 766, 11, 48, 0, 0, 0.05%, 0, 0, 13, 2455.65
1747412769, 769, 0, 48, 0, 0, 0.05%, 0, 0, 13, 2509.41
1747412774, 770, 45, 48, 0, 0, 0.05%, 0, 0, 13, 2490.16
1747412779, 772, 36, 48, 0, 0, 0.05%, 0, 0, 13, 2573.99
1747412784, 774, 0, 48, 0, 0, 0.05%, 0, 0, 13, 2364.05
1747412789, 774, 43, 48, 0, 0, 0.05%, 0, 0, 13, 2493.93
1747412794, 775, 41, 48, 0, 0, 0.05%, 0, 0, 13, 2445.88
1747412799, 777, 11, 48, 0, 0, 0.05%, 0, 0, 13, 2654.83
1747412804, 778, 47, 48, 0, 0, 0.05%, 0, 0, 13, 2438.95
1747412809, 781, 3, 48, 0, 0, 0.05%, 0, 0, 13, 2535.68
1747412814, 783, 3, 48, 0, 0, 0.05%, 0, 0, 13, 2663.34
1747412819, 783, 41, 48, 0, 0, 0.05%, 0, 0, 13, 2635.37
1747412824, 785, 24, 48, 0, 0, 0.05%, 0, 0, 13, 2653.65
1747412829, 786, 42, 48, 0, 0, 0.05%, 0, 0, 13, 2374.28
1747412834, 787, 39, 48, 0, 0, 0.05%, 0, 0, 13, 2518.93
1747412840, 789, 11, 48, 0, 0, 0.05%, 0, 0, 13, 2590.75
1747412845, 790, 31, 48, 0, 0, 0.05%, 0, 0, 13, 2486.27
1747412850, 792, 41, 48, 0, 0, 0.05%, 0, 0, 13, 2480.87
1747412855, 793, 29, 48, 0, 0, 0.05%, 0, 0, 13, 2479.54
1747412860, 794, 46, 48, 0, 0, 0.05%, 0, 0, 13, 2233.64
1747412865, 796, 34, 48, 0, 0, 0.05%, 0, 0, 13, 2567.00
1747412870, 798, 31, 48, 0, 0, 0.05%, 0, 0, 13, 2633.83
1747412875, 799, 23, 48, 0, 0, 0.05%, 0, 0, 13, 2579.72
1747412880, 802, 3, 48, 0, 0, 0.05%, 0, 0, 13, 2435.02
1747412885, 804, 3, 48, 0, 0, 0.05%, 0, 0, 13, 2449.98
1747412890, 806, 12, 48, 0, 0, 0.05%, 0, 0, 13, 2602.72
1747412896, 807, 41, 48, 0, 0, 0.05%, 0, 0, 13, 2555.54
1747412901, 808, 46, 48, 0, 0, 0.05%, 0, 0, 13, 2532.90
1747412906, 811, 8, 48, 0, 0, 0.05%, 0, 0, 13, 2557.08
1747412911, 813, 47, 48, 0, 0, 0.05%, 0, 0, 13, 2577.12
1747412916, 816, 8, 48, 0, 0, 0.05%, 0, 0, 13, 2657.72
1747412921, 817, 3, 48, 0, 0, 0.05%, 0, 0, 13, 2479.60
1747412926, 818, 3, 48, 0, 0, 0.05%, 0, 0, 13, 2433.24
1747412931, 819, 41, 48, 0, 0, 0.05%, 0, 0, 13, 2530.16
1747412936, 820, 33, 48, 0, 0, 0.05%, 0, 0, 13, 2593.19
1747412941, 822, 12, 48, 0, 0, 0.05%, 0, 0, 13, 2577.72
1747412946, 824, 25, 48, 0, 0, 0.05%, 0, 0, 13, 2674.30
1747412951, 826, 31, 48, 0, 0, 0.05%, 0, 0, 13, 2588.05
1747412956, 828, 8, 48, 0, 0, 0.05%, 0, 0, 13, 2533.46
1747412961, 831, 24, 48, 0, 0, 0.05%, 0, 0, 13, 2634.30
1747412967, 833, 13, 48, 0, 0, 0.05%, 0, 0, 13, 2484.84
1747412972, 834, 31, 48, 0, 0, 0.05%, 0, 0, 13, 2624.44
1747412977, 836, 45, 48, 0, 0, 0.05%, 0, 0, 13, 2527.03
1747412982, 839, 3, 48, 0, 0, 0.05%, 0, 0, 13, 2603.49
1747412987, 841, 25, 48, 0, 0, 0.05%, 0, 0, 13, 2684.44
1747412992, 842, 14, 48, 0, 0, 0.05%, 0, 0, 13, 2666.77
1747412997, 842, 44, 48, 0, 0, 0.05%, 0, 0, 13, 2477.84
1747413002, 843, 43, 48, 0, 0, 0.05%, 0, 0, 13, 2332.41
1747413008, 845, 24, 48, 0, 0, 0.05%, 0, 0, 13, 2471.71
1747413013, 846, 15, 48, 0, 0, 0.05%, 0, 0, 13, 2422.37
1747413018, 848, 4, 48, 0, 0, 0.05%, 0, 0, 13, 2223.25
1747413023, 849, 15, 48, 0, 0, 0.05%, 0, 0, 13, 2404.24
1747413028, 851, 2, 48, 0, 0, 0.05%, 0, 0, 13, 2410.71
1747413033, 853, 46, 48, 0, 0, 0.05%, 0, 0, 13, 2469.17
1747413038, 855, 21, 48, 0, 0, 0.05%, 0, 0, 13, 2548.96
1747413043, 856, 45, 48, 0, 0, 0.05%, 0, 0, 13, 2464.57
1747413048, 857, 41, 48, 0, 0, 0.05%, 0, 0, 13, 2493.94
1747413053, 858, 44, 48, 0, 0, 0.05%, 0, 0, 13, 2400.54
1747413059, 860, 34, 48, 0, 0, 0.05%, 0, 0, 13, 2591.18
1747413064, 862, 47, 48, 0, 0, 0.05%, 0, 0, 13, 2605.55
1747413069, 864, 45, 48, 0, 0, 0.05%, 0, 0, 13, 2522.07
1747413074, 865, 42, 48, 0, 0, 0.05%, 0, 0, 13, 2291.60
1747413079, 867, 41, 48, 0, 0, 0.05%, 0, 0, 13, 2476.30
1747413084, 869, 39, 48, 0, 0, 0.05%, 0, 0, 13, 2446.47
1747413089, 871, 8, 48, 0, 0, 0.05%, 0, 0, 13, 2552.45
1747413094, 873, 36, 48, 0, 0, 0.05%, 0, 0, 13, 2592.12
1747413099, 874, 47, 48, 0, 0, 0.05%, 0, 0, 13, 2525.13
1747413104, 878, 4, 48, 0, 0, 0.05%, 0, 0, 13, 2607.89
1747413110, 879, 39, 48, 0, 0, 0.05%, 0, 0, 13, 2396.92
1747413115, 880, 39, 48, 0, 0, 0.05%, 0, 0, 13, 2445.19
1747413120, 883, 3, 48, 0, 0, 0.05%, 0, 0, 13, 2472.73
1747413125, 885, 8, 48, 0, 0, 0.05%, 0, 0, 13, 2546.08
1747413130, 886, 8, 48, 0, 0, 0.05%, 0, 0, 13, 2472.60
1747413135, 887, 8, 48, 0, 0, 0.05%, 0, 0, 13, 2487.39
1747413140, 888, 47, 48, 0, 0, 0.05%, 0, 0, 13, 2515.18
1747413145, 889, 47, 48, 0, 0, 0.05%, 0, 0, 13, 2381.08
1747413150, 892, 22, 48, 0, 0, 0.05%, 0, 0, 13, 2445.04
1747413155, 895, 14, 48, 0, 0, 0.05%, 0, 0, 13, 2621.66
1747413160, 897, 13, 48, 0, 0, 0.05%, 0, 0, 13, 2631.69
1747413166, 901, 8, 48, 0, 0, 0.05%, 0, 0, 13, 2607.12
1747413171, 902, 40, 48, 0, 0, 0.05%, 0, 0, 13, 2410.50
1747413176, 904, 11, 48, 0, 0, 0.05%, 0, 0, 13, 2482.05
1747413181, 905, 41, 48, 0, 0, 0.05%, 0, 0, 13, 2584.33
1747413186, 907, 11, 48, 0, 0, 0.05%, 0, 0, 13, 2533.95
1747413191, 908, 43, 48, 0, 0, 0.05%, 0, 0, 13, 2444.26
1747413196, 911, 27, 48, 0, 0, 0.05%, 0, 0, 13, 2605.09
1747413202, 914, 3, 48, 0, 0, 0.05%, 0, 0, 13, 2577.42
1747413207, 915, 27, 48, 0, 0, 0.05%, 0, 0, 13, 2504.92
1747413212, 917, 39, 48, 0, 0, 0.05%, 0, 0, 13, 2415.89
1747413217, 919, 47, 48, 0, 0, 0.05%, 0, 0, 13, 2492.68
1747413222, 921, 15, 48, 0, 0, 0.05%, 0, 0, 13, 2608.89
1747413227, 923, 35, 48, 0, 0, 0.05%, 0, 0, 13, 2558.92
1747413232, 925, 43, 48, 0, 0, 0.05%, 0, 0, 13, 2390.73
1747413237, 928, 0, 48, 0, 0, 0.05%, 0, 0, 13, 2504.84
1747413242, 931, 30, 48, 0, 0, 0.05%, 0, 0, 13, 2570.45
1747413247, 932, 41, 48, 0, 0, 0.05%, 0, 0, 13, 2464.87
1747413252, 933, 39, 48, 0, 0, 0.05%, 0, 0, 13, 2445.44
1747413257, 934, 17, 48, 0, 0, 0.05%, 0, 0, 13, 2428.64
1747413262, 936, 35, 48, 0, 0, 0.05%, 0, 0, 13, 2541.33
1747413268, 938, 9, 48, 0, 0, 0.05%, 0, 0, 13, 2586.26
1747413273, 940, 16, 48, 0, 0, 0.05%, 0, 0, 13, 2583.28
1747413278, 942, 47, 48, 0, 0, 0.05%, 0, 0, 13, 2419.98
1747413283, 943, 45, 48, 0, 0, 0.05%, 0, 0, 13, 2451.40
1747413288, 946, 2, 48, 0, 0, 0.05%, 0, 0, 13, 2558.49
1747413293, 947, 37, 48, 0, 0, 0.05%, 0, 0, 13, 2543.59
1747413298, 949, 12, 48, 0, 0, 0.05%, 0, 0, 13, 2571.72
1747413303, 951, 25, 48, 0, 0, 0.05%, 0, 0, 13, 2624.11
1747413308, 952, 46, 48, 0, 0, 0.05%, 0, 0, 13, 2511.63
1747413313, 953, 40, 48, 0, 0, 0.05%, 0, 0, 13, 2514.63
1747413318, 956, 33, 48, 0, 0, 0.05%, 0, 0, 13, 2633.05
1747413323, 958, 8, 48, 0, 0, 0.05%, 0, 0, 13, 2562.24
1747413328, 960, 28, 48, 0, 0, 0.05%, 0, 0, 13, 2645.60
1747413333, 960, 47, 48, 0, 0, 0.05%, 0, 0, 13, 2353.74
1747413338, 962, 2, 48, 0, 0, 0.05%, 0, 0, 13, 2492.22
1747413343, 962, 42, 48, 0, 0, 0.05%, 0, 0, 13, 2343.82
1747413349, 963, 39, 48, 0, 0, 0.05%, 0, 0, 13, 2552.73
1747413354, 965, 16, 48, 0, 0, 0.05%, 0, 0, 13, 2627.51
1747413359, 967, 2, 48, 0, 0, 0.05%, 0, 0, 13, 2492.42
1747413364, 969, 29, 48, 0, 0, 0.05%, 0, 0, 13, 2629.42
1747413369, 970, 42, 48, 0, 0, 0.05%, 0, 0, 13, 2464.21
1747413374, 972, 13, 48, 0, 0, 0.05%, 0, 0, 13, 2537.43
1747413379, 973, 46, 48, 0, 0, 0.05%, 0, 0, 13, 2412.37
1747413384, 974, 41, 48, 0, 0, 0.05%, 0, 0, 13, 2462.00
1747413389, 977, 3, 48, 0, 0, 0.05%, 0, 0, 13, 2513.99
1747413394, 980, 47, 48, 0, 0, 0.05%, 0, 0, 13, 2523.39
1747413400, 983, 2, 48, 0, 0, 0.05%, 0, 0, 13, 2562.94
1747413405, 984, 8, 48, 0, 0, 0.05%, 0, 0, 13, 2483.48
1747413410, 986, 47, 48, 0, 0, 0.05%, 0, 0, 13, 2563.78
1747413415, 988, 30, 48, 0, 0, 0.05%, 0, 0, 13, 2540.15
1747413420, 989, 41, 48, 0, 0, 0.05%, 0, 0, 13, 2435.57
1747413425, 990, 40, 48, 0, 0, 0.05%, 0, 0, 13, 2563.43
1747413430, 993, 3, 48, 0, 0, 0.05%, 0, 0, 13, 2633.49
1747413435, 994, 4, 48, 0, 0, 0.05%, 0, 0, 13, 2409.03
1747413440, 994, 42, 48, 0, 0, 0.05%, 0, 0, 13, 2301.37
1747413445, 997, 2, 48, 0, 0, 0.05%, 0, 0, 13, 2534.66
1747413450, 998, 31, 48, 0, 0, 0.05%, 0, 0, 13, 2628.88
1747413455, 1001, 28, 48, 0, 0, 0.05%, 0, 0, 13, 2635.09
1747413460, 1002, 41, 48, 0, 0, 0.05%, 0, 0, 13, 2553.08
1747413465, 1004, 27, 48, 0, 0, 0.05%, 0, 0, 13, 2655.80
1747413470, 1005, 16, 48, 0, 0, 0.05%, 0, 0, 13, 2667.03
1747413476, 1006, 38, 48, 0, 0, 0.05%, 0, 0, 13, 2573.01
1747413481, 1008, 42, 48, 0, 0, 0.05%, 0, 0, 13, 2590.32
1747413486, 1009, 33, 48, 0, 0, 0.05%, 0, 0, 13, 2489.24
1747413491, 1011, 17, 48, 0, 0, 0.05%, 0, 0, 13, 2707.71
1747413496, 1012, 42, 48, 0, 0, 0.05%, 0, 0, 13, 2486.01
1747413501, 1015, 3, 48, 0, 0, 0.05%, 0, 0, 13, 2607.02
1747413506, 1017, 46, 48, 0, 0, 0.05%, 0, 0, 13, 2575.49
1747413511, 1018, 47, 48, 0, 0, 0.05%, 0, 0, 13, 2676.67
1747413516, 1020, 44, 48, 0, 0, 0.05%, 0, 0, 13, 2670.68
1747413521, 1024, 0, 48, 0, 0, 0.05%, 0, 0, 13, 2646.31
1747413526, 1027, 8, 48, 0, 0, 0.05%, 0, 0, 13, 2729.54
1747413531, 1029, 42, 48, 0, 0, 0.05%, 0, 0, 13, 2554.89
1747413537, 1031, 47, 48, 0, 0, 0.05%, 0, 0, 13, 2565.75
1747413542, 1035, 9, 48, 0, 0, 0.05%, 0, 0, 13, 2751.63
1747413547, 1036, 22, 48, 0, 0, 0.05%, 0, 0, 13, 2683.46
1747413552, 1038, 3, 48, 0, 0, 0.05%, 0, 0, 13, 2671.89
1747413557, 1039, 43, 48, 0, 0, 0.05%, 0, 0, 13, 2555.23
1747413562, 1040, 45, 48, 0, 0, 0.05%, 0, 0, 13, 2591.55
1747413567, 1042, 31, 48, 0, 0, 0.05%, 0, 0, 13, 2736.30
