# unix_time, cycles_done, cur_path, paths_total, pending_total, pending_favs, map_size, unique_crashes, unique_hangs, max_depth, execs_per_sec
1746558786, 0, 0, 1, 1, 1, 4.90%, 0, 0, 1, 35.24
1746558792, 0, 0, 24, 24, 1, 5.96%, 0, 0, 2, 38.19
1746558797, 0, 0, 47, 47, 1, 5.96%, 0, 0, 2, 40.99
1746558802, 0, 0, 71, 71, 1, 5.96%, 0, 0, 2, 41.22
1746558807, 0, 0, 89, 89, 1, 6.29%, 0, 0, 2, 34.57
1746558812, 0, 0, 105, 105, 1, 6.36%, 0, 0, 2, 34.82
1746558817, 0, 0, 120, 120, 1, 6.36%, 0, 0, 2, 32.65
1746558822, 0, 0, 136, 136, 1, 6.36%, 0, 0, 2, 32.29
1746558827, 0, 0, 150, 150, 1, 6.36%, 0, 0, 2, 33.05
1746558832, 0, 0, 167, 167, 1, 6.36%, 0, 0, 2, 34.15
1746558837, 0, 0, 180, 180, 1, 6.37%, 0, 0, 2, 30.59
1746558843, 0, 0, 193, 193, 1, 6.37%, 0, 0, 2, 30.46
1746558848, 0, 0, 206, 206, 1, 6.37%, 0, 0, 2, 32.39
1746558853, 0, 0, 219, 219, 1, 6.37%, 0, 0, 2, 34.21
1746558858, 0, 0, 230, 230, 1, 6.37%, 0, 0, 2, 29.76
1746558863, 0, 0, 238, 238, 1, 6.37%, 0, 0, 2, 31.50
1746558868, 0, 0, 251, 251, 1, 6.37%, 0, 0, 2, 33.53
1746558873, 0, 0, 260, 260, 1, 6.37%, 0, 0, 2, 32.72
1746558878, 0, 0, 268, 268, 1, 6.37%, 0, 0, 2, 32.25
1746558884, 0, 0, 275, 275, 1, 6.37%, 0, 0, 2, 30.94
1746558889, 0, 0, 283, 283, 1, 6.37%, 0, 0, 2, 32.48
1746558894, 0, 0, 289, 289, 1, 6.67%, 0, 0, 2, 29.07
1746558899, 0, 0, 292, 292, 1, 6.67%, 0, 0, 2, 33.26
1746558904, 0, 0, 299, 299, 1, 6.73%, 0, 0, 2, 32.87
1746558909, 0, 0, 305, 305, 1, 6.73%, 0, 0, 2, 32.89
1746558914, 0, 0, 312, 312, 1, 6.73%, 0, 0, 2, 31.90
1746558919, 0, 0, 317, 317, 1, 6.73%, 0, 0, 2, 31.32
1746558924, 0, 0, 323, 323, 1, 6.73%, 0, 0, 2, 30.38
1746558929, 0, 0, 327, 327, 1, 6.73%, 0, 0, 2, 31.40
1746558934, 0, 0, 330, 330, 1, 6.73%, 0, 0, 2, 31.36
1746558939, 0, 0, 335, 335, 1, 6.73%, 0, 0, 2, 31.01
1746558944, 0, 0, 336, 336, 1, 6.73%, 0, 0, 2, 32.07
1746558950, 0, 0, 338, 338, 1, 6.73%, 0, 0, 2, 33.01
1746558955, 0, 0, 339, 339, 1, 6.73%, 0, 0, 2, 33.36
1746558960, 0, 0, 342, 342, 1, 6.73%, 0, 0, 2, 32.83
1746558965, 0, 0, 347, 347, 1, 6.73%, 0, 0, 2, 29.91
1746558970, 0, 0, 351, 351, 1, 6.79%, 0, 0, 2, 31.60
1746558975, 0, 0, 353, 353, 1, 6.79%, 0, 0, 2, 31.47
1746558980, 0, 0, 354, 354, 1, 6.79%, 0, 0, 2, 32.45
1746558985, 0, 0, 357, 357, 1, 6.79%, 0, 0, 2, 32.30
1746558990, 0, 0, 360, 360, 1, 6.79%, 0, 0, 2, 31.18
1746558996, 0, 0, 361, 361, 1, 6.79%, 0, 0, 2, 31.21
1746559001, 0, 0, 364, 364, 1, 6.79%, 0, 0, 2, 30.73
1746559006, 0, 0, 366, 366, 1, 6.79%, 0, 0, 2, 32.22
1746559011, 0, 0, 367, 367, 1, 6.79%, 0, 0, 2, 32.94
1746559016, 0, 0, 370, 370, 1, 6.79%, 0, 0, 2, 31.73
1746559021, 0, 0, 372, 372, 1, 6.79%, 0, 0, 2, 31.17
1746559026, 0, 0, 373, 373, 1, 6.79%, 0, 0, 2, 31.83
1746559031, 0, 0, 375, 375, 1, 6.79%, 0, 0, 2, 31.26
1746559037, 0, 0, 377, 377, 1, 6.79%, 0, 0, 2, 32.09
1746559042, 0, 0, 380, 380, 1, 6.79%, 0, 0, 2, 30.82
1746559047, 0, 0, 382, 382, 1, 6.79%, 0, 0, 2, 31.29
1746559052, 0, 0, 384, 384, 1, 6.79%, 0, 0, 2, 31.02
1746559057, 0, 0, 388, 388, 1, 6.79%, 0, 0, 2, 32.32
1746559062, 0, 0, 390, 390, 1, 6.79%, 0, 0, 2, 32.11
1746559067, 0, 0, 393, 393, 1, 6.79%, 0, 0, 2, 32.51
1746559072, 0, 0, 394, 394, 1, 6.79%, 0, 0, 2, 31.95
1746559077, 0, 0, 397, 397, 1, 6.79%, 0, 0, 2, 31.52
1746559083, 0, 0, 399, 399, 1, 6.79%, 0, 0, 2, 32.59
1746559088, 0, 0, 402, 402, 1, 6.82%, 0, 0, 2, 31.35
1746559093, 0, 2, 403, 402, 13, 6.82%, 0, 0, 2, 37.38
1746559098, 0, 2, 406, 405, 13, 6.82%, 0, 0, 3, 34.50
1746559103, 0, 2, 410, 409, 13, 7.00%, 0, 0, 3, 34.72
1746559108, 0, 2, 411, 410, 13, 7.00%, 0, 0, 3, 34.15
1746559113, 0, 2, 413, 412, 13, 7.00%, 0, 0, 3, 35.12
1746559123, 0, 2, 414, 413, 13, 7.00%, 0, 0, 3, 34.89
1746559139, 0, 2, 415, 414, 13, 7.00%, 0, 0, 3, 35.39
1746559144, 0, 2, 420, 419, 13, 7.00%, 0, 0, 3, 31.12
1746559149, 0, 2, 422, 421, 13, 7.00%, 0, 0, 3, 32.23
1746559159, 0, 2, 423, 422, 13, 7.00%, 0, 0, 3, 35.18
1746559169, 0, 2, 425, 424, 13, 7.00%, 0, 0, 3, 33.43
1746559180, 0, 2, 428, 427, 13, 7.00%, 0, 0, 3, 32.79
1746559185, 0, 2, 431, 430, 13, 7.00%, 0, 0, 3, 32.70
1746559190, 0, 2, 433, 432, 13, 7.00%, 0, 0, 3, 31.25
1746559195, 0, 2, 437, 436, 13, 7.00%, 0, 0, 3, 32.67
1746559200, 0, 2, 438, 437, 13, 7.00%, 0, 0, 3, 33.57
1746559206, 0, 2, 440, 439, 13, 7.00%, 0, 0, 3, 32.62
1746559211, 0, 2, 441, 440, 13, 7.00%, 0, 0, 3, 33.01
1746559216, 0, 2, 443, 442, 13, 7.00%, 0, 0, 3, 33.59
1746559221, 0, 2, 444, 443, 13, 7.00%, 0, 0, 3, 34.21
1746559231, 0, 2, 446, 445, 13, 7.00%, 0, 0, 3, 34.26
1746559236, 0, 2, 447, 446, 13, 7.01%, 0, 0, 3, 33.17
1746559247, 0, 2, 448, 447, 13, 7.01%, 0, 0, 3, 34.30
1746559252, 0, 2, 450, 449, 13, 7.01%, 0, 0, 3, 34.01
1746559257, 0, 2, 451, 450, 13, 7.01%, 0, 0, 3, 35.96
1746559267, 0, 2, 452, 451, 13, 7.01%, 0, 0, 3, 34.07
1746559272, 0, 2, 453, 452, 13, 7.01%, 0, 0, 3, 34.34
1746559278, 0, 2, 454, 453, 13, 7.01%, 0, 0, 3, 33.98
1746559288, 0, 2, 456, 455, 13, 7.01%, 0, 0, 3, 32.25
1746559298, 0, 57, 458, 456, 16, 7.01%, 0, 0, 3, 33.76
1746559308, 0, 78, 458, 455, 16, 7.01%, 0, 0, 3, 35.25
1746559314, 0, 78, 459, 456, 16, 7.01%, 0, 0, 3, 34.62
1746559329, 0, 93, 460, 456, 15, 7.01%, 0, 0, 3, 34.12
1746559334, 0, 93, 462, 458, 15, 7.01%, 0, 0, 3, 33.62
1746559339, 0, 93, 463, 459, 15, 7.01%, 0, 0, 3, 32.25
1746559345, 0, 93, 464, 460, 15, 7.06%, 0, 0, 3, 31.91
1746559350, 0, 93, 465, 461, 15, 7.06%, 0, 0, 3, 31.65
1746559360, 0, 93, 466, 462, 15, 7.06%, 0, 0, 3, 31.55
1746559370, 0, 93, 467, 463, 15, 7.06%, 0, 0, 3, 32.29
1746559391, 0, 93, 468, 464, 15, 7.06%, 0, 0, 3, 31.35
1746559401, 0, 93, 470, 466, 15, 7.06%, 0, 0, 3, 32.44
1746559411, 0, 93, 471, 467, 15, 7.06%, 0, 0, 3, 31.73
1746559437, 0, 93, 472, 468, 15, 7.06%, 0, 0, 3, 32.55
1746559448, 0, 93, 473, 469, 15, 7.06%, 0, 0, 3, 33.08
1746559453, 0, 93, 475, 471, 15, 7.06%, 0, 0, 3, 31.85
1746559458, 0, 93, 476, 472, 15, 7.06%, 0, 0, 3, 30.85
1746559468, 0, 93, 477, 473, 15, 7.06%, 0, 0, 3, 31.56
1746559473, 0, 93, 478, 474, 15, 7.06%, 0, 0, 3, 32.48
1746559478, 0, 93, 479, 475, 15, 7.06%, 0, 0, 3, 30.89
1746559504, 0, 93, 480, 476, 15, 7.06%, 0, 0, 3, 31.65
1746559509, 0, 93, 481, 477, 15, 7.06%, 0, 0, 3, 32.13
1746559519, 0, 93, 482, 478, 15, 7.06%, 0, 0, 3, 33.89
1746559524, 0, 93, 483, 479, 15, 7.06%, 0, 0, 3, 33.82
1746559529, 0, 93, 484, 480, 15, 7.06%, 0, 0, 3, 34.09
1746559540, 0, 98, 484, 479, 17, 7.06%, 0, 0, 3, 31.58
1746559550, 0, 108, 484, 478, 16, 7.06%, 0, 0, 3, 32.43
1746559560, 0, 108, 486, 480, 16, 7.06%, 0, 0, 3, 32.90
1746559586, 0, 108, 487, 481, 16, 7.06%, 0, 0, 3, 26.41
1746559601, 0, 190, 487, 480, 16, 7.06%, 0, 0, 3, 30.38
1746559606, 0, 190, 489, 482, 16, 7.09%, 0, 0, 3, 32.66
1746559621, 0, 190, 490, 483, 16, 7.09%, 0, 0, 3, 36.29
1746559632, 0, 190, 491, 484, 16, 7.09%, 0, 0, 3, 34.74
1746559642, 0, 190, 492, 485, 16, 7.09%, 0, 0, 3, 35.21
1746559647, 0, 190, 493, 486, 16, 7.09%, 0, 0, 3, 34.46
1746559652, 0, 190, 494, 487, 16, 7.09%, 0, 0, 3, 35.63
1746559657, 0, 190, 497, 490, 16, 7.09%, 0, 0, 3, 35.53
1746559668, 0, 190, 498, 491, 16, 7.09%, 0, 0, 3, 33.62
1746559725, 0, 190, 499, 492, 16, 7.09%, 0, 0, 3, 33.35
1746559730, 0, 190, 500, 493, 16, 7.09%, 0, 0, 3, 34.27
1746559745, 0, 190, 501, 494, 16, 7.09%, 0, 0, 3, 33.71
1746559760, 0, 190, 502, 495, 16, 7.09%, 0, 0, 3, 34.79
1746559781, 0, 190, 503, 496, 16, 7.09%, 0, 0, 3, 35.49
1746559796, 0, 212, 503, 495, 14, 7.09%, 0, 0, 3, 33.31
1746559801, 0, 363, 503, 494, 13, 7.09%, 0, 0, 3, 31.33
1746559806, 0, 363, 504, 495, 13, 7.09%, 0, 0, 3, 26.25
1746559812, 0, 363, 506, 497, 13, 7.09%, 0, 0, 3, 24.73
1746559832, 0, 369, 507, 497, 12, 7.09%, 0, 0, 3, 24.67
1746559847, 0, 370, 507, 496, 11, 7.09%, 0, 0, 3, 29.55
1746559853, 0, 370, 511, 500, 11, 7.09%, 0, 0, 3, 28.53
1746559858, 0, 370, 514, 503, 11, 7.09%, 0, 0, 3, 26.97
1746559863, 0, 370, 515, 504, 11, 7.09%, 0, 0, 3, 29.28
1746559904, 0, 370, 520, 509, 11, 7.09%, 0, 0, 3, 25.33
1746559909, 0, 370, 521, 510, 11, 7.09%, 0, 0, 3, 27.72
1746559914, 0, 370, 522, 511, 11, 7.09%, 0, 0, 3, 27.98
1746559929, 0, 388, 527, 515, 11, 7.09%, 0, 0, 3, 23.98
1746559934, 0, 388, 532, 520, 11, 7.09%, 0, 0, 3, 21.96
1746559939, 0, 388, 534, 522, 11, 7.09%, 0, 0, 3, 22.47
1746559944, 0, 388, 542, 530, 11, 7.09%, 0, 0, 3, 20.93
1746559949, 0, 388, 545, 533, 11, 7.09%, 0, 0, 3, 25.97
1746559954, 0, 418, 545, 532, 11, 7.09%, 0, 0, 3, 28.25
1746559959, 0, 418, 548, 535, 11, 7.09%, 0, 0, 4, 23.02
1746559964, 0, 418, 551, 538, 11, 7.09%, 0, 0, 4, 20.78
1746559970, 0, 418, 555, 542, 11, 7.09%, 0, 0, 4, 19.68
1746560000, 0, 457, 556, 542, 10, 7.09%, 0, 0, 4, 26.41
1746560006, 0, 457, 559, 545, 10, 7.09%, 0, 0, 4, 26.24
1746560011, 0, 457, 565, 551, 10, 7.09%, 0, 0, 4, 24.45
1746560021, 0, 463, 566, 551, 10, 7.09%, 0, 0, 4, 28.70
1746560026, 0, 463, 569, 554, 10, 7.09%, 0, 0, 4, 24.66
1746560031, 0, 463, 571, 556, 10, 7.09%, 0, 0, 4, 24.15
1746560036, 0, 463, 572, 557, 10, 7.09%, 0, 0, 4, 24.41
1746560057, 0, 463, 575, 560, 10, 7.09%, 0, 0, 4, 23.42
1746560113, 0, 463, 576, 561, 10, 7.09%, 0, 0, 4, 26.18
1746560123, 0, 485, 576, 560, 10, 7.09%, 0, 0, 4, 30.83
1746560174, 0, 488, 580, 563, 9, 7.09%, 0, 0, 4, 21.60
1746560179, 0, 488, 584, 567, 9, 7.26%, 0, 0, 4, 17.21
1746560184, 0, 488, 589, 572, 9, 7.26%, 0, 0, 4, 14.63
1746560189, 0, 488, 590, 573, 9, 7.26%, 0, 0, 4, 17.57
1746560194, 0, 488, 595, 578, 9, 7.26%, 0, 0, 4, 15.06
1746560199, 0, 488, 596, 579, 9, 7.26%, 0, 0, 4, 19.02
1746560204, 0, 488, 602, 585, 9, 7.26%, 0, 0, 4, 16.57
1746560210, 0, 488, 603, 586, 9, 7.26%, 0, 0, 4, 16.22
1746560225, 0, 488, 604, 587, 9, 7.26%, 0, 0, 4, 23.60
1746560230, 0, 488, 605, 588, 9, 7.26%, 0, 0, 4, 20.73
1746560235, 0, 488, 610, 593, 9, 7.26%, 0, 0, 4, 15.78
1746560240, 0, 488, 614, 597, 9, 7.26%, 0, 0, 4, 15.51
1746560245, 0, 488, 615, 598, 9, 7.26%, 0, 0, 4, 15.02
1746560251, 0, 488, 618, 601, 9, 7.26%, 0, 0, 4, 14.63
1746560286, 0, 488, 619, 602, 9, 7.26%, 0, 0, 4, 17.57
1746560291, 0, 488, 620, 603, 9, 7.26%, 0, 0, 4, 20.92
1746560302, 0, 488, 623, 606, 9, 7.26%, 0, 0, 4, 17.71
1746560307, 0, 488, 627, 610, 9, 7.26%, 0, 0, 4, 15.68
1746560322, 0, 488, 628, 611, 9, 7.26%, 0, 0, 4, 22.87
1746560332, 0, 488, 629, 612, 9, 7.26%, 0, 0, 4, 19.16
1746560343, 0, 488, 630, 613, 9, 7.26%, 0, 0, 4, 14.90
1746560348, 0, 488, 631, 614, 9, 7.26%, 0, 0, 4, 20.00
1746560353, 0, 488, 632, 615, 9, 7.26%, 0, 0, 4, 24.38
1746560363, 0, 488, 633, 616, 9, 7.26%, 0, 0, 4, 26.03
1746560379, 0, 488, 634, 617, 9, 7.26%, 0, 0, 4, 27.04
1746560389, 0, 488, 635, 618, 9, 7.26%, 0, 0, 4, 26.40
1746560394, 0, 488, 636, 619, 9, 7.26%, 0, 0, 4, 26.52
1746560404, 0, 488, 637, 620, 9, 7.26%, 0, 0, 4, 25.99
1746560429, 0, 488, 638, 621, 9, 7.26%, 0, 0, 4, 26.86
1746560455, 0, 488, 639, 622, 9, 7.26%, 0, 0, 4, 26.38
1746560460, 0, 488, 640, 623, 9, 7.26%, 0, 0, 4, 25.02
1746560471, 0, 488, 641, 624, 9, 7.26%, 0, 0, 4, 25.88
1746560476, 0, 488, 642, 625, 9, 7.26%, 0, 0, 4, 25.90
1746560507, 0, 488, 643, 626, 9, 7.27%, 0, 0, 4, 26.21
1746560537, 0, 506, 643, 625, 7, 7.27%, 0, 0, 4, 24.48
1746560558, 0, 511, 643, 624, 6, 7.27%, 0, 0, 4, 25.13
1746560619, 0, 555, 643, 623, 5, 7.27%, 0, 0, 4, 27.33
1746560624, 0, 555, 644, 624, 5, 7.27%, 0, 0, 5, 25.73
1746560629, 0, 555, 645, 625, 5, 7.27%, 0, 0, 5, 25.16
1746560650, 0, 556, 645, 624, 5, 7.27%, 0, 0, 5, 26.56
1746560675, 0, 571, 646, 624, 4, 7.27%, 0, 0, 5, 26.37
1746560680, 0, 571, 648, 626, 4, 7.27%, 0, 0, 5, 24.80
1746560685, 0, 571, 649, 627, 4, 7.27%, 0, 0, 5, 24.48
1746560695, 0, 571, 650, 628, 4, 7.27%, 0, 0, 5, 24.69
1746560711, 0, 571, 651, 629, 4, 7.27%, 0, 0, 5, 23.06
1746560742, 0, 571, 652, 630, 4, 7.27%, 0, 0, 5, 24.94
1746560777, 0, 575, 652, 629, 5, 7.27%, 0, 0, 5, 28.62
1746560879, 0, 597, 653, 629, 5, 7.27%, 0, 0, 5, 23.71
1746560884, 0, 597, 655, 631, 5, 7.27%, 0, 0, 5, 17.44
1746560889, 0, 597, 656, 632, 5, 7.27%, 0, 0, 5, 17.18
1746560895, 0, 597, 657, 633, 5, 7.37%, 0, 0, 5, 15.35
1746560900, 0, 597, 658, 634, 5, 7.37%, 0, 0, 5, 18.07
1746560905, 0, 597, 659, 635, 5, 7.37%, 0, 0, 5, 15.62
1746560930, 0, 597, 663, 639, 5, 7.37%, 0, 0, 5, 17.65
1746560935, 0, 597, 664, 640, 5, 7.37%, 0, 0, 5, 15.70
1746560940, 0, 597, 666, 642, 5, 7.37%, 0, 0, 5, 13.53
1746560945, 0, 597, 668, 644, 5, 7.37%, 0, 0, 5, 13.20
1746560950, 0, 597, 669, 645, 5, 7.37%, 0, 0, 5, 13.14
1746560997, 0, 597, 671, 647, 5, 7.37%, 0, 0, 5, 18.25
1746561002, 0, 597, 673, 649, 5, 7.37%, 0, 0, 5, 14.95
1746561007, 0, 597, 676, 652, 5, 7.37%, 0, 0, 5, 14.04
1746561012, 0, 597, 678, 654, 5, 7.37%, 0, 0, 5, 16.47
1746561032, 0, 597, 680, 656, 5, 7.39%, 0, 0, 5, 17.14
1746561037, 0, 597, 683, 659, 5, 7.39%, 0, 0, 5, 14.83
1746561042, 0, 597, 686, 662, 5, 7.39%, 0, 0, 5, 14.25
1746561047, 0, 597, 689, 665, 5, 7.39%, 0, 0, 5, 16.35
1746561063, 0, 642, 690, 665, 9, 7.39%, 0, 0, 5, 20.94
1746561068, 0, 642, 693, 668, 9, 7.39%, 0, 0, 5, 16.85
1746561073, 0, 642, 694, 669, 9, 7.39%, 0, 0, 5, 17.46
1746561119, 0, 642, 695, 670, 9, 7.39%, 0, 0, 5, 15.61
1746561176, 0, 642, 696, 671, 9, 7.39%, 0, 0, 5, 17.98
1746561191, 0, 642, 698, 673, 9, 7.39%, 0, 0, 5, 23.29
1746561206, 0, 642, 700, 675, 9, 7.39%, 0, 0, 5, 17.34
1746561212, 0, 642, 701, 676, 9, 7.39%, 0, 0, 5, 16.70
1746561227, 0, 643, 701, 675, 8, 7.39%, 0, 0, 5, 26.95
1746561252, 0, 647, 701, 674, 7, 7.39%, 0, 0, 5, 28.81
1746561354, 0, 648, 701, 673, 6, 7.39%, 0, 0, 5, 27.60
1746561457, 0, 652, 701, 672, 5, 7.39%, 0, 0, 5, 27.08
1746561513, 0, 652, 704, 675, 5, 7.39%, 0, 0, 6, 13.18
1746561519, 0, 652, 705, 676, 5, 7.39%, 0, 0, 6, 12.76
1746561580, 0, 652, 706, 677, 5, 7.39%, 0, 0, 6, 13.49
1746561585, 0, 652, 707, 678, 5, 7.39%, 0, 0, 6, 19.91
1746561605, 0, 652, 708, 679, 5, 7.39%, 0, 0, 6, 15.81
1746561610, 0, 652, 710, 681, 5, 7.39%, 0, 0, 6, 14.35
1746561626, 0, 656, 710, 680, 5, 7.39%, 0, 0, 6, 24.75
1746561631, 0, 656, 713, 683, 5, 7.39%, 0, 0, 6, 18.27
1746561676, 0, 656, 714, 684, 5, 7.39%, 0, 0, 6, 16.16
1746561758, 0, 656, 715, 685, 5, 7.39%, 0, 0, 6, 19.10
1746561763, 0, 656, 716, 686, 5, 7.39%, 0, 0, 6, 17.24
1746561784, 0, 659, 716, 685, 6, 7.39%, 0, 0, 6, 20.81
1746561819, 0, 659, 721, 690, 6, 7.39%, 0, 0, 6, 17.15
1746561824, 0, 659, 725, 694, 6, 7.39%, 0, 0, 6, 16.05
1746561860, 0, 659, 726, 695, 6, 7.39%, 0, 0, 6, 18.69
1746561891, 0, 675, 726, 694, 7, 7.39%, 0, 0, 6, 24.61
1746561896, 0, 675, 727, 695, 7, 7.39%, 0, 0, 6, 17.54
1746561906, 0, 675, 729, 697, 7, 7.39%, 0, 0, 6, 15.04
1746561911, 0, 675, 730, 698, 7, 7.39%, 0, 0, 6, 17.15
1746561937, 0, 675, 731, 699, 7, 7.39%, 0, 0, 6, 19.78
1746561947, 0, 675, 734, 702, 7, 7.39%, 0, 0, 6, 14.85
1746561952, 0, 675, 736, 704, 7, 7.39%, 0, 0, 6, 14.11
1746561957, 0, 675, 737, 705, 7, 7.39%, 0, 0, 6, 13.86
1746562065, 0, 682, 737, 704, 6, 7.39%, 0, 0, 6, 25.06
1746562070, 0, 682, 740, 707, 6, 7.39%, 0, 0, 6, 17.79
1746562081, 0, 682, 741, 708, 6, 7.39%, 0, 0, 6, 15.27
1746562086, 0, 682, 743, 710, 6, 7.39%, 0, 0, 6, 18.74
1746562091, 0, 682, 744, 711, 6, 7.39%, 0, 0, 6, 14.70
1746562116, 0, 682, 745, 712, 6, 7.43%, 0, 0, 6, 17.70
1746562126, 0, 682, 747, 714, 6, 7.43%, 0, 0, 6, 14.10
1746562141, 0, 682, 748, 715, 6, 7.43%, 0, 0, 6, 13.26
1746562177, 0, 682, 748, 715, 6, 7.43%, 0, 1, 6, 12.77
1746562202, 0, 682, 749, 716, 6, 7.43%, 0, 1, 6, 19.95
1746562238, 0, 682, 750, 717, 6, 7.46%, 0, 1, 6, 17.85
1746562253, 0, 707, 751, 717, 8, 7.46%, 0, 1, 7, 20.96
1746562259, 0, 707, 754, 720, 8, 7.46%, 0, 1, 7, 15.71
1746562269, 0, 707, 755, 721, 8, 7.46%, 0, 1, 7, 19.82
1746562274, 0, 707, 756, 722, 8, 7.47%, 0, 1, 7, 14.90
1746562300, 0, 707, 757, 723, 8, 7.47%, 0, 1, 7, 18.06
1746562325, 0, 707, 763, 729, 8, 7.47%, 0, 1, 7, 15.56
1746562330, 0, 707, 764, 730, 8, 7.47%, 0, 1, 7, 14.04
1746562376, 0, 707, 765, 731, 8, 7.47%, 0, 1, 7, 19.46
1746562392, 0, 707, 766, 732, 8, 7.47%, 0, 1, 7, 15.05
1746562432, 0, 707, 767, 733, 8, 7.47%, 0, 1, 7, 26.07
1746562443, 0, 707, 768, 734, 8, 7.47%, 0, 1, 7, 23.53
1746562453, 0, 707, 769, 735, 8, 7.47%, 0, 1, 7, 25.29
1746562473, 0, 707, 770, 736, 8, 7.47%, 0, 1, 7, 25.21
1746562489, 0, 707, 772, 738, 8, 7.47%, 0, 1, 7, 23.46
1746562509, 0, 707, 773, 739, 8, 7.47%, 0, 1, 7, 24.30
1746562540, 0, 707, 774, 740, 8, 7.48%, 0, 1, 7, 24.85
1746562575, 0, 707, 775, 741, 8, 7.48%, 0, 1, 7, 25.92
1746562595, 0, 707, 776, 742, 8, 7.48%, 0, 1, 7, 25.16
1746562616, 0, 714, 778, 743, 9, 7.48%, 0, 1, 7, 22.08
1746562662, 0, 714, 783, 748, 9, 7.48%, 0, 1, 7, 18.08
1746562667, 0, 714, 784, 749, 9, 7.48%, 0, 1, 7, 16.78
1746562682, 0, 714, 790, 755, 9, 7.48%, 0, 1, 7, 18.14
1746562789, 0, 715, 791, 755, 10, 7.48%, 0, 1, 7, 23.95
1746562917, 0, 715, 792, 756, 10, 7.48%, 0, 1, 7, 19.70
1746562963, 0, 724, 792, 755, 9, 7.48%, 0, 1, 7, 21.80
1746562973, 0, 724, 793, 756, 9, 7.48%, 0, 1, 7, 19.32
1746563070, 0, 725, 793, 755, 9, 7.48%, 0, 1, 7, 24.19
1746563182, 0, 744, 794, 755, 8, 7.48%, 0, 1, 7, 21.91
1746563187, 0, 744, 797, 758, 8, 7.52%, 0, 1, 7, 15.17
1746563193, 0, 744, 800, 761, 8, 7.52%, 0, 1, 7, 15.53
1746563198, 0, 744, 802, 763, 8, 7.53%, 0, 1, 7, 15.06
1746563203, 0, 744, 805, 766, 8, 7.53%, 0, 1, 7, 12.94
1746563213, 0, 744, 807, 768, 8, 7.53%, 0, 1, 7, 15.16
1746563254, 0, 744, 808, 769, 8, 7.53%, 0, 1, 7, 12.05
1746563260, 0, 744, 812, 773, 8, 7.53%, 0, 1, 7, 12.25
1746563265, 0, 744, 816, 777, 8, 7.53%, 0, 1, 7, 12.23
1746563270, 0, 744, 821, 782, 8, 7.53%, 0, 1, 7, 12.99
1746563275, 0, 744, 827, 788, 8, 7.53%, 0, 1, 7, 13.42
1746563352, 0, 744, 829, 790, 8, 7.53%, 0, 1, 7, 20.67
1746563382, 0, 744, 830, 791, 8, 7.53%, 0, 1, 7, 26.21
1746563393, 0, 744, 831, 792, 8, 7.82%, 0, 1, 7, 24.99
1746563424, 0, 749, 831, 791, 10, 7.82%, 0, 1, 7, 25.11
1746563429, 0, 749, 833, 793, 10, 7.82%, 0, 1, 7, 17.86
1746563434, 0, 749, 837, 797, 10, 7.94%, 0, 1, 7, 13.08
1746563444, 0, 749, 838, 798, 10, 7.94%, 0, 1, 7, 13.18
1746563449, 0, 749, 839, 799, 10, 7.94%, 0, 1, 7, 16.79
1746563454, 0, 749, 840, 800, 10, 7.94%, 0, 1, 7, 14.09
1746563475, 0, 749, 841, 801, 10, 7.94%, 0, 1, 7, 19.78
1746563495, 0, 749, 843, 803, 10, 7.94%, 0, 1, 7, 12.28
1746563501, 0, 749, 847, 807, 10, 7.95%, 0, 1, 7, 11.57
1746563506, 0, 749, 850, 810, 10, 7.95%, 0, 1, 7, 11.21
1746563516, 0, 749, 852, 812, 10, 7.95%, 0, 1, 7, 11.22
1746563557, 0, 749, 853, 813, 10, 7.95%, 0, 1, 7, 15.64
1746563562, 0, 749, 854, 814, 10, 7.95%, 0, 1, 7, 13.15
1746563567, 0, 749, 855, 815, 10, 7.95%, 0, 1, 7, 16.25
1746563608, 0, 749, 856, 816, 10, 7.96%, 0, 1, 7, 23.77
1746563628, 0, 781, 856, 815, 13, 7.96%, 0, 1, 7, 21.96
1746563664, 0, 781, 857, 816, 13, 7.96%, 0, 1, 8, 21.96
1746563796, 0, 788, 857, 815, 12, 7.96%, 0, 1, 8, 25.18
1746563970, 0, 800, 857, 814, 11, 7.96%, 0, 1, 8, 23.19
1746563975, 0, 800, 859, 816, 11, 7.96%, 0, 1, 8, 15.29
1746563986, 0, 800, 860, 817, 11, 7.96%, 0, 1, 8, 14.63
1746564021, 0, 800, 861, 818, 11, 7.96%, 0, 1, 8, 17.09
1746564047, 0, 800, 862, 819, 11, 7.96%, 0, 1, 8, 12.44
1746564119, 0, 800, 863, 820, 11, 7.96%, 0, 1, 8, 21.65
1746564155, 0, 803, 863, 819, 10, 7.96%, 0, 1, 8, 25.96
1746564160, 0, 803, 864, 820, 10, 7.96%, 0, 1, 8, 19.25
1746564165, 0, 803, 866, 822, 10, 8.05%, 0, 1, 8, 13.95
1746564181, 0, 803, 867, 823, 10, 8.05%, 0, 1, 8, 15.04
1746564186, 0, 803, 868, 824, 10, 8.05%, 0, 1, 8, 14.65
1746564232, 0, 803, 869, 825, 10, 8.05%, 0, 1, 8, 11.90
1746564242, 0, 803, 870, 826, 10, 8.05%, 0, 1, 8, 11.83
1746564303, 0, 803, 872, 828, 10, 8.05%, 0, 1, 8, 19.10
1746564344, 0, 814, 872, 827, 13, 8.05%, 0, 1, 8, 24.44
1746564487, 0, 814, 873, 828, 13, 8.05%, 0, 1, 8, 20.18
1746564492, 0, 814, 874, 829, 13, 8.05%, 0, 1, 8, 21.87
1746564528, 0, 826, 874, 828, 12, 8.05%, 0, 1, 8, 26.57
1746564667, 0, 826, 875, 829, 12, 8.05%, 0, 1, 8, 15.67
1746564677, 0, 826, 876, 830, 12, 8.05%, 0, 1, 8, 22.08
1746564713, 0, 830, 877, 830, 11, 8.05%, 0, 1, 8, 25.19
1746564718, 0, 830, 878, 831, 11, 8.05%, 0, 1, 8, 18.51
1746564723, 0, 830, 881, 834, 11, 8.08%, 0, 1, 8, 13.39
1746564728, 0, 830, 883, 836, 11, 8.08%, 0, 1, 8, 16.82
1746564733, 0, 830, 884, 837, 11, 8.08%, 0, 1, 8, 13.38
1746564738, 0, 830, 887, 840, 11, 8.08%, 0, 1, 8, 16.09
1746564744, 0, 830, 888, 841, 11, 8.08%, 0, 1, 8, 14.52
1746564749, 0, 830, 889, 842, 11, 8.08%, 0, 1, 8, 15.18
1746564790, 0, 830, 891, 844, 11, 8.08%, 0, 1, 8, 12.10
1746564800, 0, 830, 896, 849, 11, 8.08%, 0, 1, 8, 12.04
1746564805, 0, 830, 898, 851, 11, 8.08%, 0, 1, 8, 11.52
1746564866, 0, 830, 900, 853, 11, 8.08%, 0, 1, 8, 21.76
1746564908, 0, 833, 900, 852, 10, 8.08%, 0, 1, 8, 23.57
1746564913, 0, 833, 901, 853, 10, 8.08%, 0, 1, 8, 17.31
1746564918, 0, 833, 904, 856, 10, 8.08%, 0, 1, 8, 13.00
1746564928, 0, 833, 907, 859, 10, 8.08%, 0, 1, 8, 12.40
1746564938, 0, 833, 909, 861, 10, 8.08%, 0, 1, 8, 13.76
1746564984, 0, 833, 912, 864, 10, 8.08%, 0, 1, 8, 11.63
1746564990, 0, 833, 913, 865, 10, 8.08%, 0, 1, 8, 11.48
1746564995, 0, 833, 916, 868, 10, 8.08%, 0, 1, 8, 11.62
1746565093, 0, 843, 916, 867, 11, 8.08%, 0, 1, 8, 25.53
1746565098, 0, 843, 917, 868, 11, 8.08%, 0, 1, 8, 18.41
1746565103, 0, 843, 921, 872, 11, 8.09%, 0, 1, 8, 12.85
1746565113, 0, 843, 923, 874, 11, 8.09%, 0, 1, 8, 12.63
1746565118, 0, 843, 924, 875, 11, 8.09%, 0, 1, 8, 17.71
1746565123, 0, 843, 926, 877, 11, 8.09%, 0, 1, 8, 12.75
1746565128, 0, 843, 928, 879, 11, 8.09%, 0, 1, 8, 13.73
1746565179, 0, 843, 932, 883, 11, 8.09%, 0, 1, 8, 11.14
1746565184, 0, 843, 936, 887, 11, 8.09%, 0, 1, 8, 10.81
1746565189, 0, 843, 938, 889, 11, 8.09%, 0, 1, 8, 10.33
1746565287, 0, 850, 938, 888, 12, 8.09%, 0, 1, 8, 22.67
1746565364, 0, 850, 939, 889, 12, 8.09%, 0, 1, 8, 11.54
1746565460, 0, 866, 939, 888, 12, 8.09%, 0, 1, 8, 21.75
1746565466, 0, 866, 941, 890, 12, 8.09%, 0, 1, 9, 14.87
1746565511, 0, 866, 942, 891, 12, 8.09%, 0, 1, 9, 16.00
1746565599, 0, 866, 943, 892, 12, 8.09%, 0, 1, 9, 21.02
1746565619, 0, 866, 944, 893, 12, 8.09%, 0, 1, 9, 14.78
1746565634, 0, 866, 945, 894, 12, 8.09%, 0, 1, 9, 24.05
1746565649, 0, 866, 946, 895, 12, 8.09%, 0, 1, 9, 24.67
1746565665, 0, 866, 947, 896, 12, 8.09%, 0, 1, 9, 25.36
1746565772, 0, 871, 949, 897, 13, 8.09%, 0, 1, 9, 21.98
1746565777, 0, 871, 953, 901, 13, 8.09%, 0, 1, 9, 17.33
1746565782, 0, 871, 958, 906, 13, 8.09%, 0, 1, 9, 13.93
1746565787, 0, 871, 962, 910, 13, 8.09%, 0, 1, 9, 12.48
1746565793, 0, 871, 964, 912, 13, 8.09%, 0, 1, 9, 16.68
1746565798, 0, 871, 966, 914, 13, 8.09%, 0, 1, 9, 13.63
1746565833, 0, 871, 967, 915, 13, 8.09%, 0, 1, 9, 17.20
1746565838, 0, 871, 968, 916, 13, 8.09%, 0, 1, 9, 14.74
1746565849, 0, 871, 969, 917, 13, 8.09%, 0, 1, 9, 12.24
1746565854, 0, 871, 972, 920, 13, 8.09%, 0, 1, 9, 12.32
1746565859, 0, 871, 973, 921, 13, 8.09%, 0, 1, 9, 12.23
1746565926, 0, 871, 974, 922, 13, 8.09%, 0, 1, 9, 16.81
1746565946, 0, 871, 975, 923, 13, 8.09%, 0, 1, 9, 19.31
1746565982, 0, 887, 976, 923, 14, 8.09%, 0, 1, 9, 22.07
1746565997, 0, 887, 978, 925, 14, 8.09%, 0, 1, 9, 13.48
1746566008, 0, 887, 979, 926, 14, 8.09%, 0, 1, 9, 13.89
1746566028, 0, 887, 980, 927, 14, 8.09%, 0, 1, 9, 20.47
1746566053, 0, 887, 981, 928, 14, 8.09%, 0, 1, 9, 11.55
1746566150, 0, 887, 982, 929, 14, 8.09%, 0, 1, 9, 15.26
1746566171, 0, 897, 982, 928, 14, 8.09%, 0, 1, 9, 22.76
1746566355, 0, 909, 982, 927, 13, 8.09%, 0, 1, 9, 23.62
1746566365, 0, 909, 983, 928, 13, 8.09%, 0, 1, 9, 17.64
1746566539, 0, 911, 983, 927, 12, 8.09%, 0, 1, 9, 23.37
1746566616, 0, 911, 984, 928, 12, 8.09%, 0, 1, 9, 11.43
1746566723, 0, 916, 984, 927, 11, 8.09%, 0, 1, 9, 24.35
1746566749, 0, 916, 985, 928, 11, 8.09%, 0, 1, 9, 14.25
1746566908, 0, 923, 985, 927, 10, 8.09%, 0, 1, 9, 24.35
1746567096, 0, 927, 986, 927, 9, 8.09%, 0, 1, 9, 19.82
1746567101, 0, 927, 987, 928, 9, 8.09%, 0, 1, 9, 13.34
1746567280, 0, 935, 987, 927, 8, 8.09%, 0, 1, 9, 22.39
1746567464, 0, 938, 987, 926, 7, 8.09%, 0, 1, 9, 23.76
1746567648, 0, 940, 987, 925, 6, 8.09%, 0, 1, 9, 22.41
1746567832, 0, 941, 987, 924, 5, 8.09%, 0, 1, 9, 22.82
1746568022, 0, 946, 987, 923, 4, 8.09%, 0, 1, 9, 21.37
1746568027, 0, 946, 989, 925, 4, 8.09%, 0, 1, 10, 14.15
1746568042, 0, 946, 990, 926, 4, 8.09%, 0, 1, 10, 12.77
1746568057, 0, 946, 992, 928, 4, 8.09%, 0, 1, 10, 12.19
1746568114, 0, 946, 995, 931, 4, 8.09%, 0, 1, 10, 11.77
1746568268, 0, 946, 996, 932, 4, 8.09%, 0, 1, 10, 10.98
1746568299, 0, 946, 997, 933, 4, 8.09%, 0, 1, 10, 14.91
1746568355, 0, 948, 997, 932, 4, 8.09%, 0, 1, 10, 24.37
1746568361, 0, 948, 998, 933, 4, 8.09%, 0, 1, 10, 18.41
1746568550, 0, 969, 998, 932, 3, 8.09%, 0, 1, 10, 25.65
1746568745, 0, 977, 998, 931, 2, 8.09%, 0, 1, 10, 24.60
1746568760, 0, 977, 999, 932, 2, 8.09%, 0, 1, 10, 14.22
1746568929, 0, 977, 1000, 933, 2, 8.09%, 0, 1, 10, 22.08
1746568954, 0, 978, 1000, 932, 2, 8.09%, 0, 1, 10, 22.09
1746569072, 0, 978, 1001, 933, 2, 8.09%, 0, 1, 10, 19.35
1746569092, 0, 978, 1002, 934, 2, 8.09%, 0, 1, 10, 22.40
1746569143, 0, 998, 1002, 933, 1, 8.09%, 0, 1, 10, 20.36
1746569333, 1, 10, 1002, 932, 0, 8.09%, 0, 1, 10, 30.38
1746569343, 1, 15, 1002, 931, 0, 8.09%, 0, 1, 10, 34.08
1746569353, 1, 19, 1002, 930, 0, 8.09%, 0, 1, 10, 33.09
1746569358, 1, 19, 1004, 932, 0, 8.09%, 0, 1, 10, 30.36
1746569384, 1, 20, 1004, 931, 0, 8.09%, 0, 1, 10, 34.26
1746569394, 1, 25, 1004, 930, 0, 8.09%, 0, 1, 10, 33.84
1746569399, 1, 25, 1005, 931, 0, 8.09%, 0, 1, 10, 31.23
1746569420, 1, 26, 1005, 930, 0, 8.09%, 0, 1, 10, 34.16
1746569425, 1, 26, 1006, 931, 0, 8.09%, 0, 1, 10, 32.33
1746569440, 1, 27, 1006, 930, 0, 8.09%, 0, 1, 10, 34.98
1746569450, 1, 28, 1006, 929, 0, 8.09%, 0, 1, 10, 33.55
1746569466, 1, 29, 1006, 928, 0, 8.09%, 0, 1, 10, 33.40
1746569476, 1, 31, 1006, 927, 0, 8.09%, 0, 1, 10, 33.72
1746569486, 1, 40, 1006, 926, 0, 8.09%, 0, 1, 10, 35.73
1746569502, 1, 44, 1006, 925, 0, 8.09%, 0, 1, 10, 32.67
1746569512, 1, 47, 1006, 924, 0, 8.09%, 0, 1, 10, 33.17
1746569522, 1, 49, 1006, 923, 0, 8.09%, 0, 1, 10, 32.97
1746569527, 1, 52, 1006, 922, 0, 8.09%, 0, 1, 10, 35.27
1746569542, 1, 62, 1006, 921, 0, 8.09%, 0, 1, 10, 32.22
1746569548, 1, 64, 1006, 920, 0, 8.09%, 0, 1, 10, 31.90
1746569558, 1, 76, 1006, 919, 0, 8.09%, 0, 1, 10, 32.15
1746569568, 1, 79, 1006, 918, 0, 8.09%, 0, 1, 10, 35.65
1746569583, 1, 81, 1006, 917, 0, 8.09%, 0, 1, 10, 26.50
1746569614, 1, 82, 1006, 916, 0, 8.09%, 0, 1, 10, 26.94
1746569624, 1, 92, 1006, 915, 0, 8.09%, 0, 1, 10, 32.30
1746569639, 1, 95, 1006, 914, 0, 8.09%, 0, 1, 10, 29.94
1746569650, 1, 97, 1006, 913, 0, 8.09%, 0, 1, 10, 27.34
1746569706, 1, 105, 1006, 912, 0, 8.09%, 0, 1, 10, 31.03
1746569716, 1, 117, 1006, 911, 0, 8.09%, 0, 1, 10, 25.75
1746569742, 1, 118, 1006, 910, 0, 8.09%, 0, 1, 10, 37.23
1746569757, 1, 123, 1006, 909, 0, 8.09%, 0, 1, 10, 27.93
1746569788, 1, 124, 1006, 908, 0, 8.09%, 0, 1, 10, 28.51
1746569798, 1, 127, 1006, 907, 0, 8.09%, 0, 1, 10, 28.98
1746569859, 1, 130, 1006, 906, 0, 8.09%, 0, 1, 10, 30.32
1746569997, 1, 137, 1006, 905, 0, 8.09%, 0, 1, 10, 27.90
1746570008, 1, 142, 1006, 904, 0, 8.09%, 0, 1, 10, 31.29
1746570013, 1, 144, 1006, 903, 0, 8.09%, 0, 1, 10, 30.56
1746570028, 1, 145, 1006, 902, 0, 8.09%, 0, 1, 10, 32.31
1746570049, 1, 154, 1006, 901, 0, 8.09%, 0, 1, 10, 31.02
1746570059, 1, 158, 1006, 900, 0, 8.09%, 0, 1, 10, 29.23
1746570069, 1, 161, 1006, 899, 0, 8.09%, 0, 1, 10, 34.86
1746570080, 1, 167, 1006, 898, 0, 8.09%, 0, 1, 10, 28.84
1746570141, 1, 168, 1006, 897, 0, 8.09%, 0, 1, 10, 34.14
1746570177, 1, 174, 1006, 896, 0, 8.09%, 0, 1, 10, 28.70
1746570192, 1, 180, 1006, 895, 0, 8.09%, 0, 1, 10, 26.39
1746570284, 1, 183, 1006, 894, 0, 8.09%, 0, 1, 10, 29.74
1746570305, 1, 186, 1006, 893, 0, 8.09%, 0, 1, 10, 30.73
1746570310, 1, 187, 1006, 892, 0, 8.09%, 0, 1, 10, 29.59
1746570371, 1, 191, 1006, 891, 0, 8.09%, 0, 1, 10, 26.13
1746570392, 1, 192, 1006, 890, 0, 8.09%, 0, 1, 10, 26.27
1746570417, 1, 203, 1006, 889, 0, 8.09%, 0, 1, 10, 28.49
1746570423, 1, 203, 1007, 890, 0, 8.09%, 0, 1, 10, 32.20
1746570443, 1, 204, 1007, 889, 0, 8.09%, 0, 1, 10, 29.91
1746570453, 1, 209, 1007, 888, 0, 8.09%, 0, 1, 10, 29.27
1746570464, 1, 210, 1007, 887, 0, 8.09%, 0, 1, 10, 27.55
1746570530, 1, 214, 1007, 886, 0, 8.09%, 0, 1, 10, 35.45
1746570540, 1, 215, 1007, 885, 0, 8.09%, 0, 1, 10, 28.59
1746570571, 1, 219, 1007, 884, 0, 8.09%, 0, 1, 10, 25.87
1746570596, 1, 222, 1007, 883, 0, 8.09%, 0, 1, 10, 27.43
1746570627, 1, 229, 1007, 882, 0, 8.09%, 0, 1, 10, 28.62
1746570638, 1, 231, 1007, 881, 0, 8.09%, 0, 1, 10, 26.17
1746570663, 1, 232, 1007, 880, 0, 8.09%, 0, 1, 10, 35.40
1746570673, 1, 235, 1007, 879, 0, 8.09%, 0, 1, 10, 31.21
1746570689, 1, 239, 1007, 878, 0, 8.09%, 0, 1, 10, 36.97
1746570699, 1, 249, 1007, 877, 0, 8.09%, 0, 1, 10, 30.18
1746570730, 1, 250, 1007, 876, 0, 8.09%, 0, 1, 10, 26.18
1746570904, 1, 255, 1007, 875, 0, 8.09%, 0, 1, 10, 27.08
1746570914, 1, 256, 1007, 874, 0, 8.09%, 0, 1, 10, 29.45
1746570925, 1, 266, 1007, 873, 0, 8.09%, 0, 1, 10, 37.10
1746570935, 1, 267, 1007, 872, 0, 8.09%, 0, 1, 10, 30.72
1746570960, 1, 267, 1008, 873, 0, 8.09%, 0, 1, 10, 29.03
1746570970, 1, 268, 1008, 872, 0, 8.09%, 0, 1, 10, 28.37
1746570981, 1, 274, 1008, 871, 0, 8.09%, 0, 1, 10, 27.63
1746571001, 1, 275, 1008, 870, 0, 8.09%, 0, 1, 10, 26.43
1746571027, 1, 276, 1008, 869, 0, 8.09%, 0, 1, 10, 26.95
1746571052, 1, 283, 1008, 868, 0, 8.09%, 0, 1, 10, 29.35
1746571062, 1, 292, 1008, 867, 0, 8.09%, 0, 1, 10, 27.93
1746571093, 1, 293, 1008, 866, 0, 8.09%, 0, 1, 10, 30.82
1746571108, 1, 297, 1008, 865, 0, 8.09%, 0, 1, 10, 33.65
1746571123, 1, 300, 1008, 864, 0, 8.09%, 0, 1, 10, 36.28
1746571149, 1, 302, 1008, 863, 0, 8.09%, 0, 1, 10, 29.95
1746571174, 1, 316, 1008, 862, 0, 8.09%, 0, 1, 10, 26.11
1746571225, 1, 317, 1008, 861, 0, 8.09%, 0, 1, 10, 35.15
1746571241, 1, 320, 1008, 860, 0, 8.09%, 0, 1, 10, 27.22
1746571266, 1, 321, 1008, 859, 0, 8.09%, 0, 1, 10, 25.69
1746571292, 1, 322, 1008, 858, 0, 8.09%, 0, 1, 10, 27.62
1746571353, 1, 326, 1008, 857, 0, 8.09%, 0, 1, 10, 26.06
1746571557, 1, 330, 1008, 856, 0, 8.09%, 0, 1, 10, 26.05
1746571638, 1, 332, 1008, 855, 0, 8.09%, 0, 1, 10, 33.33
1746571669, 1, 337, 1008, 854, 0, 8.09%, 0, 1, 10, 35.05
1746571679, 1, 345, 1008, 853, 0, 8.09%, 0, 1, 10, 30.95
1746571996, 1, 351, 1008, 852, 0, 8.09%, 0, 1, 10, 26.78
1746572062, 1, 353, 1008, 851, 0, 8.09%, 0, 1, 10, 26.36
1746572390, 1, 354, 1008, 850, 0, 8.09%, 0, 1, 10, 28.02
1746572406, 1, 358, 1008, 849, 0, 8.09%, 0, 1, 10, 26.75
1746572436, 1, 362, 1008, 848, 0, 8.09%, 0, 1, 10, 26.33
1746572492, 1, 374, 1008, 847, 0, 8.09%, 0, 1, 10, 28.30
1746572523, 1, 376, 1008, 846, 0, 8.09%, 0, 1, 10, 23.36
1746572553, 1, 389, 1008, 845, 0, 8.09%, 0, 1, 10, 26.22
1746572599, 1, 391, 1008, 844, 0, 8.09%, 0, 1, 10, 30.06
1746572609, 1, 393, 1008, 843, 0, 8.09%, 0, 1, 10, 29.42
1746572712, 1, 396, 1008, 842, 0, 8.09%, 0, 1, 10, 25.50
1746572783, 1, 398, 1008, 841, 0, 8.09%, 0, 1, 10, 25.00
1746572850, 1, 403, 1008, 840, 0, 8.09%, 0, 1, 10, 29.11
1746572926, 1, 404, 1008, 839, 0, 8.09%, 0, 1, 10, 25.22
1746572952, 1, 406, 1008, 838, 0, 8.09%, 0, 1, 10, 26.97
1746573055, 1, 409, 1008, 837, 0, 8.09%, 0, 1, 10, 35.58
1746573325, 1, 411, 1008, 836, 0, 8.09%, 0, 1, 10, 27.30
1746573340, 1, 419, 1008, 835, 0, 8.09%, 0, 1, 10, 28.24
1746573361, 1, 420, 1008, 834, 0, 8.09%, 0, 1, 10, 32.42
1746573386, 1, 430, 1008, 833, 0, 8.09%, 0, 1, 10, 29.14
1746573397, 1, 435, 1008, 832, 0, 8.09%, 0, 1, 10, 29.82
1746573427, 1, 439, 1008, 831, 0, 8.09%, 0, 1, 10, 27.56
1746573489, 1, 441, 1008, 830, 0, 8.09%, 0, 1, 10, 26.73
1746573555, 1, 443, 1008, 829, 0, 8.09%, 0, 1, 10, 25.85
1746573616, 1, 445, 1008, 828, 0, 8.09%, 0, 1, 10, 26.99
1746573652, 1, 452, 1008, 827, 0, 8.09%, 0, 1, 10, 25.95
1746573729, 1, 455, 1008, 826, 0, 8.09%, 0, 1, 10, 25.50
1746573912, 1, 455, 1009, 827, 0, 8.09%, 0, 1, 10, 23.80
1746574315, 1, 458, 1009, 826, 0, 8.09%, 0, 1, 10, 26.98
1746574361, 1, 459, 1009, 825, 0, 8.09%, 0, 1, 10, 30.33
1746574377, 1, 460, 1009, 824, 0, 8.09%, 0, 1, 10, 30.46
1746574392, 1, 461, 1009, 823, 0, 8.09%, 0, 1, 10, 28.70
1746574403, 1, 465, 1009, 822, 0, 8.09%, 0, 1, 10, 30.08
1746574428, 1, 466, 1009, 821, 0, 8.09%, 0, 1, 10, 29.37
1746574443, 1, 468, 1009, 820, 0, 8.09%, 0, 1, 10, 28.78
1746574464, 1, 478, 1009, 819, 0, 8.09%, 0, 1, 10, 25.00
1746574530, 1, 483, 1009, 818, 0, 8.09%, 0, 1, 10, 37.74
1746574556, 1, 489, 1009, 817, 0, 8.09%, 0, 1, 10, 30.21
1746574576, 1, 492, 1009, 816, 0, 8.09%, 0, 1, 10, 28.00
1746574627, 1, 493, 1009, 815, 0, 8.09%, 0, 1, 10, 30.25
1746574872, 1, 497, 1009, 814, 0, 8.09%, 0, 1, 10, 22.92
1746574974, 1, 502, 1009, 813, 0, 8.09%, 0, 1, 10, 27.22
1746574984, 1, 517, 1009, 812, 0, 8.09%, 0, 1, 10, 28.37
1746575066, 1, 520, 1009, 811, 0, 8.09%, 0, 1, 10, 26.82
1746575154, 1, 526, 1009, 810, 0, 8.09%, 0, 1, 10, 26.48
1746575174, 1, 527, 1009, 809, 0, 8.09%, 0, 1, 10, 27.85
1746575200, 1, 530, 1009, 808, 0, 8.09%, 0, 1, 10, 24.66
1746575220, 1, 532, 1009, 807, 0, 8.09%, 0, 1, 10, 24.09
1746575240, 1, 536, 1009, 806, 0, 8.09%, 0, 1, 10, 24.04
1746575261, 1, 537, 1009, 805, 0, 8.09%, 0, 1, 10, 24.17
1746575281, 1, 539, 1009, 804, 0, 8.09%, 0, 1, 10, 24.01
1746575302, 1, 545, 1009, 803, 0, 8.09%, 0, 1, 10, 23.05
1746575317, 1, 545, 1010, 804, 0, 8.09%, 0, 1, 10, 20.12
1746575348, 1, 548, 1010, 803, 0, 8.09%, 0, 1, 10, 25.58
1746575394, 1, 553, 1010, 802, 0, 8.09%, 0, 1, 10, 27.57
1746575445, 1, 554, 1010, 801, 0, 8.09%, 0, 1, 10, 23.56
1746575496, 1, 557, 1010, 800, 0, 8.09%, 0, 1, 10, 26.68
1746575527, 1, 558, 1010, 799, 0, 8.09%, 0, 1, 10, 25.80
1746575553, 1, 559, 1010, 798, 0, 8.09%, 0, 1, 10, 27.01
1746575578, 1, 563, 1010, 797, 0, 8.09%, 0, 1, 10, 28.84
1746575609, 1, 574, 1010, 796, 0, 8.09%, 0, 1, 10, 25.80
1746575722, 1, 580, 1010, 795, 0, 8.09%, 0, 1, 10, 20.56
1746575885, 1, 582, 1010, 794, 0, 8.09%, 0, 1, 10, 24.45
1746576058, 1, 584, 1010, 793, 0, 8.09%, 0, 1, 10, 22.97
1746576233, 1, 585, 1010, 792, 0, 8.09%, 0, 1, 10, 25.64
1746576351, 1, 587, 1010, 791, 0, 8.09%, 0, 1, 10, 20.44
1746576519, 1, 589, 1010, 790, 0, 8.09%, 0, 1, 10, 25.16
1746576688, 1, 590, 1010, 789, 0, 8.09%, 0, 1, 10, 24.05
1746576801, 1, 598, 1010, 788, 0, 8.09%, 0, 1, 10, 25.40
1746576918, 1, 600, 1010, 787, 0, 8.09%, 0, 1, 10, 21.87
1746577031, 1, 612, 1010, 786, 0, 8.09%, 0, 1, 10, 24.15
1746577148, 1, 614, 1010, 785, 0, 8.09%, 0, 1, 10, 23.35
1746577260, 1, 622, 1010, 784, 0, 8.09%, 0, 1, 10, 26.47
1746577439, 1, 625, 1010, 783, 0, 8.09%, 0, 1, 10, 23.72
1746577618, 1, 627, 1010, 782, 0, 8.09%, 0, 1, 10, 20.75
1746577791, 1, 628, 1010, 781, 0, 8.09%, 0, 1, 10, 24.85
1746577970, 1, 634, 1010, 780, 0, 8.09%, 0, 1, 10, 23.37
1746578155, 1, 635, 1010, 779, 0, 8.09%, 0, 1, 10, 23.34
1746578257, 1, 637, 1010, 778, 0, 8.09%, 0, 1, 10, 24.11
1746578344, 1, 645, 1010, 777, 0, 8.09%, 0, 1, 10, 28.39
1746578456, 1, 647, 1010, 776, 0, 8.09%, 0, 1, 10, 27.61
1746578461, 1, 651, 1010, 776, 0, 8.09%, 0, 1, 10, 26.59
1746578568, 1, 653, 1010, 775, 0, 8.09%, 0, 1, 10, 28.16
1746578686, 1, 656, 1010, 774, 0, 8.09%, 0, 1, 10, 27.12
1746578691, 1, 657, 1010, 774, 0, 8.09%, 0, 1, 10, 23.47
1746578870, 1, 660, 1010, 773, 0, 8.09%, 0, 1, 10, 22.32
1746578988, 1, 661, 1010, 772, 0, 8.09%, 0, 1, 10, 22.78
1746579157, 1, 662, 1010, 771, 0, 8.09%, 0, 1, 10, 22.09
1746579325, 1, 669, 1010, 770, 0, 8.09%, 0, 1, 10, 23.08
1746579498, 1, 672, 1010, 769, 0, 8.09%, 0, 1, 10, 25.23
1746579554, 1, 672, 1011, 770, 0, 8.09%, 0, 1, 10, 14.38
1746579682, 1, 673, 1011, 769, 0, 8.09%, 0, 1, 10, 23.74
1746579865, 1, 678, 1011, 768, 0, 8.09%, 0, 1, 10, 22.84
1746580053, 1, 679, 1011, 767, 0, 8.09%, 0, 1, 10, 21.73
1746580237, 1, 680, 1011, 766, 0, 8.09%, 0, 1, 10, 23.84
1746580426, 1, 683, 1011, 765, 0, 8.09%, 0, 1, 10, 20.81
1746580614, 1, 687, 1011, 764, 0, 8.09%, 0, 1, 10, 20.68
1746580799, 1, 691, 1012, 764, 0, 8.09%, 0, 1, 10, 22.00
1746580983, 1, 694, 1012, 763, 0, 8.09%, 0, 1, 10, 21.62
1746581167, 1, 698, 1012, 762, 0, 8.09%, 0, 1, 10, 21.02
1746581350, 1, 702, 1012, 761, 0, 8.09%, 0, 1, 10, 24.68
1746581534, 1, 703, 1012, 760, 0, 8.09%, 0, 1, 10, 20.37
1746581712, 1, 711, 1012, 759, 0, 8.09%, 0, 1, 10, 23.82
1746581717, 1, 711, 1013, 760, 0, 8.09%, 0, 1, 10, 16.97
1746581733, 1, 711, 1014, 761, 0, 8.09%, 0, 1, 10, 16.37
1746581769, 1, 711, 1015, 762, 0, 8.09%, 0, 1, 10, 13.89
1746581897, 1, 713, 1015, 761, 0, 8.09%, 0, 1, 10, 20.36
1746582010, 1, 713, 1016, 762, 0, 8.09%, 0, 1, 10, 15.01
1746582075, 1, 717, 1016, 761, 0, 8.09%, 0, 1, 10, 25.94
1746582198, 1, 721, 1016, 760, 0, 8.09%, 0, 1, 10, 19.89
1746582316, 1, 725, 1016, 759, 0, 8.09%, 0, 1, 10, 26.29
1746582321, 1, 726, 1016, 759, 0, 8.09%, 0, 1, 10, 23.87
1746582448, 1, 726, 1017, 760, 0, 8.09%, 0, 1, 10, 14.70
1746582510, 1, 727, 1017, 759, 0, 8.09%, 0, 1, 10, 23.31
1746582694, 1, 731, 1017, 758, 0, 8.09%, 0, 1, 10, 27.47
1746582883, 1, 733, 1017, 757, 0, 8.09%, 0, 1, 10, 23.60
1746583072, 1, 739, 1017, 756, 0, 8.09%, 0, 1, 10, 21.23
1746583261, 1, 742, 1017, 755, 0, 8.09%, 0, 1, 10, 22.62
1746583455, 1, 751, 1017, 754, 0, 8.09%, 0, 1, 10, 25.26
1746583650, 1, 753, 1017, 753, 0, 8.09%, 0, 1, 10, 22.26
1746583839, 1, 758, 1017, 752, 0, 8.09%, 0, 1, 10, 24.59
1746584034, 1, 788, 1017, 751, 0, 8.09%, 0, 1, 10, 26.31
1746584039, 1, 790, 1017, 751, 0, 8.09%, 0, 1, 10, 23.64
1746584223, 1, 795, 1017, 750, 0, 8.09%, 0, 1, 10, 22.79
1746584417, 1, 796, 1017, 749, 0, 8.09%, 0, 1, 10, 20.40
1746584488, 1, 796, 1018, 750, 0, 8.09%, 0, 1, 10, 11.36
1746584606, 1, 804, 1018, 749, 0, 8.09%, 0, 1, 10, 25.59
1746584806, 1, 816, 1018, 748, 0, 8.09%, 0, 1, 10, 20.64
1746585000, 1, 822, 1018, 747, 0, 8.09%, 0, 1, 10, 22.91
1746585194, 1, 831, 1018, 746, 0, 8.09%, 0, 1, 10, 25.98
1746585317, 1, 831, 1019, 747, 0, 8.09%, 0, 1, 10, 13.16
1746585384, 1, 834, 1019, 746, 0, 8.09%, 0, 1, 10, 22.91
1746585573, 1, 835, 1019, 745, 0, 8.09%, 0, 1, 10, 19.81
1746585752, 1, 836, 1019, 744, 0, 8.09%, 0, 1, 10, 26.60
1746585941, 1, 841, 1019, 743, 0, 8.09%, 0, 1, 10, 20.57
1746586125, 1, 847, 1019, 742, 0, 8.09%, 0, 1, 10, 25.69
1746586315, 1, 849, 1019, 741, 0, 8.09%, 0, 1, 10, 23.02
1746586498, 1, 849, 1020, 742, 0, 8.09%, 0, 1, 10, 24.12
1746586514, 1, 851, 1020, 741, 0, 8.09%, 0, 1, 10, 24.46
1746586699, 1, 853, 1020, 740, 0, 8.09%, 0, 1, 10, 23.71
1746586888, 1, 855, 1021, 740, 0, 8.09%, 0, 1, 10, 17.92
1746586908, 1, 855, 1022, 741, 0, 8.09%, 0, 1, 10, 11.44
1746586979, 1, 855, 1023, 742, 0, 8.09%, 0, 1, 10, 10.17
1746586984, 1, 855, 1024, 743, 0, 8.09%, 0, 1, 10, 9.84
1746586995, 1, 855, 1025, 744, 0, 8.09%, 0, 1, 10, 9.37
1746587164, 1, 1023, 1026, 744, 1, 8.09%, 0, 1, 10, 23.73
1746587179, 1, 1023, 1028, 746, 1, 8.09%, 0, 1, 10, 9.57
1746587205, 1, 1023, 1030, 748, 1, 8.09%, 0, 1, 10, 9.49
1746587327, 1, 1023, 1031, 749, 1, 8.09%, 0, 1, 10, 17.62
1746587460, 1, 1026, 1032, 749, 0, 8.09%, 0, 1, 10, 23.38
1746587475, 1, 1026, 1033, 750, 0, 8.09%, 0, 1, 10, 12.18
1746587562, 1, 1026, 1034, 751, 0, 8.09%, 0, 1, 10, 8.98
1746587756, 1, 1031, 1034, 750, 0, 8.09%, 0, 1, 10, 23.14
1746587941, 1, 1031, 1035, 751, 0, 8.09%, 0, 1, 11, 10.87
1746588053, 1, 1033, 1036, 751, 0, 8.09%, 0, 1, 11, 21.58
1746588063, 1, 1033, 1037, 752, 0, 8.09%, 0, 1, 11, 11.36
1746588150, 1, 1033, 1038, 753, 0, 8.09%, 0, 1, 11, 10.00
1746588212, 1, 1033, 1039, 754, 0, 8.09%, 0, 1, 11, 16.06
1746588314, 1, 1033, 1040, 755, 0, 8.09%, 0, 1, 11, 11.53
1746588350, 1, 1036, 1040, 754, 0, 8.09%, 0, 1, 11, 21.94
1746588360, 1, 1036, 1041, 755, 0, 8.09%, 0, 1, 12, 10.00
1746588442, 1, 1036, 1042, 756, 0, 8.09%, 0, 1, 12, 9.48
1746588504, 1, 1036, 1043, 757, 0, 8.09%, 0, 1, 12, 13.67
1746588509, 1, 1036, 1045, 759, 0, 8.09%, 0, 1, 12, 10.02
1746588535, 1, 1036, 1046, 760, 0, 8.09%, 0, 1, 12, 11.03
1746588647, 1, 1039, 1047, 760, 0, 8.09%, 0, 1, 12, 22.93
1746588662, 1, 1039, 1049, 762, 0, 8.09%, 0, 1, 12, 9.96
1746588913, 1, 1039, 1050, 763, 0, 8.09%, 0, 1, 12, 9.85
1746588944, 1, 1041, 1050, 762, 0, 8.09%, 0, 1, 12, 20.34
1746588949, 1, 1041, 1051, 763, 0, 8.09%, 0, 1, 13, 13.16
1746588969, 1, 1041, 1052, 764, 0, 8.09%, 0, 1, 13, 8.78
1746589056, 1, 1041, 1053, 765, 0, 8.09%, 0, 1, 13, 8.31
1746589215, 1, 1041, 1054, 766, 0, 8.09%, 0, 1, 13, 9.71
1746589241, 1, 1041, 1055, 767, 0, 8.09%, 0, 1, 13, 25.24
1746589272, 1, 1046, 1055, 766, 0, 8.09%, 0, 1, 13, 20.35
1746589564, 1, 1052, 1055, 765, 0, 8.09%, 0, 1, 13, 21.99
1746589569, 1, 1052, 1056, 766, 0, 8.09%, 0, 1, 14, 16.06
1746589865, 1, 1053, 1057, 766, 0, 8.09%, 0, 1, 14, 20.07
1746589958, 1, 1053, 1059, 768, 0, 8.09%, 0, 1, 14, 8.82
1746590055, 1, 1053, 1060, 769, 0, 8.09%, 0, 1, 14, 9.25
1746590060, 1, 1053, 1061, 770, 0, 8.09%, 0, 1, 14, 8.47
1746590162, 1, 1055, 1061, 769, 0, 8.09%, 0, 1, 14, 24.52
1746590429, 1, 1055, 1062, 770, 0, 8.09%, 0, 1, 15, 10.79
1746590470, 2, 2, 1062, 769, 0, 8.09%, 0, 1, 15, 28.83
1746590475, 2, 12, 1062, 769, 0, 8.09%, 0, 1, 15, 32.21
1746590480, 2, 17, 1062, 768, 0, 8.09%, 0, 1, 15, 37.56
1746590496, 2, 34, 1062, 767, 0, 8.09%, 0, 1, 15, 36.67
1746590506, 2, 41, 1062, 766, 0, 8.09%, 0, 1, 15, 33.27
1746590521, 2, 46, 1062, 765, 0, 8.09%, 0, 1, 15, 34.10
1746590532, 2, 48, 1062, 764, 0, 8.09%, 0, 1, 15, 35.61
1746590542, 2, 50, 1062, 763, 0, 8.09%, 0, 1, 15, 35.52
1746590547, 2, 50, 1063, 764, 0, 8.09%, 0, 1, 15, 30.81
1746590567, 2, 50, 1064, 765, 0, 8.09%, 0, 1, 15, 30.13
1746590588, 2, 51, 1064, 764, 0, 8.09%, 0, 1, 15, 32.81
1746590598, 2, 56, 1064, 763, 0, 8.09%, 0, 1, 15, 36.22
1746590608, 2, 56, 1065, 764, 0, 8.09%, 0, 1, 15, 30.64
1746590618, 2, 66, 1065, 763, 0, 8.09%, 0, 1, 15, 32.90
1746590634, 2, 68, 1065, 762, 0, 8.09%, 0, 1, 15, 34.35
1746590644, 2, 75, 1065, 761, 0, 8.09%, 0, 1, 15, 36.96
1746590654, 2, 75, 1067, 763, 0, 8.09%, 0, 1, 15, 26.74
1746590664, 2, 75, 1068, 764, 0, 8.09%, 0, 1, 15, 28.55
1746590685, 2, 75, 1069, 765, 0, 8.09%, 0, 1, 15, 33.65
1746590721, 2, 75, 1070, 766, 0, 8.09%, 0, 1, 15, 31.87
1746590731, 2, 75, 1071, 767, 0, 8.09%, 0, 1, 15, 32.24
1746590777, 2, 75, 1072, 768, 0, 8.09%, 0, 1, 15, 30.49
1746590782, 2, 75, 1074, 770, 0, 8.09%, 0, 1, 15, 4.13
1746590787, 2, 75, 1075, 771, 0, 8.09%, 0, 1, 15, 31.43
1746590808, 2, 77, 1075, 770, 0, 8.09%, 0, 1, 15, 47.64
1746590818, 2, 78, 1076, 770, 0, 8.09%, 0, 1, 15, 41.25
1746590823, 2, 84, 1076, 770, 0, 8.09%, 0, 1, 15, 36.82
1746591063, 2, 86, 1076, 769, 0, 8.09%, 0, 1, 15, 33.56
1746591073, 2, 106, 1076, 768, 0, 8.09%, 0, 1, 15, 33.16
1746591119, 2, 114, 1076, 767, 0, 8.09%, 0, 1, 15, 39.37
1746591124, 2, 118, 1076, 766, 0, 8.09%, 0, 1, 15, 39.99
1746591129, 2, 135, 1076, 766, 0, 8.09%, 0, 1, 15, 34.96
1746591144, 2, 135, 1077, 767, 0, 8.09%, 0, 1, 15, 36.63
1746591155, 2, 136, 1077, 766, 0, 8.09%, 0, 1, 15, 37.75
1746591160, 2, 140, 1077, 765, 0, 8.09%, 0, 1, 15, 41.53
1746591165, 2, 146, 1077, 764, 0, 8.09%, 0, 1, 15, 44.69
1746591180, 2, 152, 1077, 763, 0, 8.09%, 0, 1, 15, 40.51
1746591190, 2, 159, 1077, 762, 0, 8.09%, 0, 1, 15, 36.26
1746591231, 2, 161, 1077, 761, 0, 8.09%, 0, 1, 15, 39.81
1746591236, 2, 162, 1077, 761, 0, 8.09%, 0, 1, 15, 35.06
1746591256, 2, 164, 1077, 760, 0, 8.09%, 0, 1, 15, 36.26
1746591282, 2, 165, 1077, 759, 0, 8.09%, 0, 1, 15, 41.57
1746591287, 2, 170, 1077, 758, 0, 8.09%, 0, 1, 15, 36.95
1746591307, 2, 172, 1077, 757, 0, 8.09%, 0, 1, 15, 37.30
1746591348, 2, 175, 1077, 756, 0, 8.09%, 0, 1, 15, 41.56
1746591358, 2, 176, 1078, 756, 0, 8.09%, 0, 1, 15, 48.50
1746591373, 2, 179, 1078, 755, 0, 8.09%, 0, 1, 15, 42.29
1746591388, 2, 193, 1078, 754, 0, 8.09%, 0, 1, 15, 42.92
1746591399, 2, 194, 1078, 753, 0, 8.09%, 0, 1, 15, 38.83
1746591419, 2, 196, 1078, 752, 0, 8.09%, 0, 1, 15, 36.85
1746591440, 2, 196, 1079, 753, 0, 8.09%, 0, 1, 15, 37.85
1746591445, 2, 197, 1079, 752, 0, 8.09%, 0, 1, 15, 38.92
1746591470, 2, 206, 1079, 751, 0, 8.09%, 0, 1, 15, 40.13
1746591506, 2, 210, 1079, 750, 0, 8.09%, 0, 1, 15, 37.79
1746591511, 2, 213, 1079, 750, 0, 8.09%, 0, 1, 15, 37.38
1746591516, 2, 213, 1080, 751, 0, 8.17%, 0, 1, 15, 1.69
1746591526, 2, 213, 1081, 752, 0, 8.17%, 0, 1, 15, 36.61
1746591542, 2, 315, 1081, 751, 1, 8.17%, 0, 1, 15, 41.16
1746591547, 2, 498, 1081, 750, 1, 8.17%, 0, 1, 15, 38.32
1746591654, 2, 498, 1082, 751, 1, 8.17%, 0, 1, 15, 32.55
1746591664, 2, 519, 1082, 750, 1, 8.17%, 0, 1, 15, 34.54
1746591731, 2, 846, 1082, 749, 1, 8.17%, 0, 1, 15, 31.84
1746591875, 2, 1001, 1082, 748, 1, 8.17%, 0, 1, 15, 23.40
1746591885, 2, 1001, 1083, 749, 1, 8.17%, 0, 1, 15, 21.15
1746592028, 2, 1002, 1083, 748, 2, 8.17%, 0, 1, 15, 32.21
1746592549, 2, 1002, 1085, 750, 2, 8.17%, 0, 1, 15, 34.02
1746592574, 2, 1002, 1086, 751, 2, 8.17%, 0, 1, 15, 33.55
1746592580, 2, 1002, 1087, 752, 2, 8.17%, 0, 1, 15, 33.47
1746592585, 2, 1002, 1088, 753, 2, 8.17%, 0, 1, 15, 4.73
1746592595, 2, 1002, 1089, 754, 2, 8.17%, 0, 1, 15, 32.13
1746592600, 2, 1002, 1090, 755, 2, 8.17%, 0, 1, 15, 29.48
1746592641, 2, 1002, 1091, 756, 2, 8.17%, 0, 1, 15, 33.21
1746592666, 2, 1002, 1092, 757, 2, 8.17%, 0, 1, 15, 35.47
1746592713, 2, 1002, 1093, 758, 2, 8.17%, 0, 1, 15, 31.28
1746592718, 2, 1002, 1094, 759, 2, 8.17%, 0, 1, 15, 29.87
1746592723, 2, 1002, 1095, 760, 2, 8.17%, 0, 1, 15, 28.88
1746592738, 2, 1002, 1096, 761, 2, 8.17%, 0, 1, 15, 32.42
1746592743, 2, 1004, 1096, 760, 3, 8.17%, 0, 1, 15, 33.61
1746592748, 2, 1004, 1097, 761, 3, 8.17%, 0, 1, 15, 29.00
1746592774, 2, 1004, 1098, 762, 3, 8.17%, 0, 1, 15, 26.70
1746593746, 2, 1004, 1099, 763, 3, 8.17%, 0, 1, 15, 32.97
1746593767, 2, 1079, 1099, 762, 3, 8.17%, 0, 1, 15, 1.67
1746594889, 2, 1079, 1100, 763, 3, 8.17%, 0, 1, 15, 2.06
1746594911, 2, 1079, 1101, 764, 3, 8.17%, 0, 1, 15, 2.15
1746594932, 2, 1079, 1102, 765, 3, 8.17%, 0, 1, 15, 2.02
1746595011, 2, 1079, 1103, 766, 3, 8.17%, 0, 1, 15, 3.06
1746595285, 2, 1079, 1104, 767, 3, 8.17%, 0, 1, 15, 4.27
1746595316, 2, 1079, 1106, 769, 3, 8.17%, 0, 1, 15, 21.10
1746595321, 2, 1079, 1107, 770, 3, 8.17%, 0, 1, 15, 1.68
1746595336, 2, 1079, 1108, 771, 3, 8.17%, 0, 1, 15, 1.95
1746595357, 2, 1079, 1109, 772, 3, 8.17%, 0, 1, 15, 3.87
1746595363, 2, 1079, 1110, 773, 3, 8.17%, 0, 1, 15, 3.91
1746595373, 2, 1079, 1111, 774, 3, 8.17%, 0, 1, 15, 4.11
1746595379, 2, 1079, 1112, 775, 3, 8.17%, 0, 1, 15, 4.04
1746595384, 2, 1079, 1113, 776, 3, 8.17%, 0, 1, 15, 4.09
1746595395, 2, 1079, 1114, 777, 3, 8.17%, 0, 1, 15, 18.85
1746595400, 2, 1079, 1115, 778, 3, 8.17%, 0, 1, 15, 1.95
1746595406, 2, 1079, 1116, 779, 3, 8.17%, 0, 1, 15, 1.94
1746595417, 2, 1079, 1117, 780, 3, 8.17%, 0, 1, 15, 18.48
1746595423, 2, 1079, 1118, 781, 3, 8.17%, 0, 1, 15, 18.77
1746595428, 2, 1079, 1119, 782, 3, 8.17%, 0, 1, 15, 18.36
1746595434, 2, 1079, 1121, 784, 3, 8.17%, 0, 1, 15, 19.54
1746595439, 2, 1079, 1122, 785, 3, 8.17%, 0, 1, 15, 3.90
1746595444, 2, 1079, 1123, 786, 3, 8.17%, 0, 1, 15, 4.56
1746595465, 2, 1079, 1126, 789, 3, 8.17%, 0, 1, 15, 20.28
1746595470, 2, 1079, 1129, 792, 3, 8.17%, 0, 1, 15, 20.81
1746595475, 2, 1079, 1130, 793, 3, 8.17%, 0, 1, 15, 3.86
1746595481, 2, 1079, 1132, 795, 3, 8.17%, 0, 1, 15, 4.00
1746595492, 2, 1079, 1134, 797, 3, 8.17%, 0, 1, 15, 4.18
1746595860, 2, 1079, 1135, 798, 3, 8.17%, 0, 1, 15, 15.41
1746595881, 2, 1079, 1136, 799, 3, 8.17%, 0, 1, 15, 1.65
1746595913, 2, 1079, 1137, 800, 3, 8.17%, 0, 1, 15, 1.65
1746596160, 2, 1079, 1138, 801, 3, 8.17%, 0, 1, 15, 13.51
1746596781, 2, 1079, 1139, 802, 3, 8.17%, 0, 1, 15, 1.68
1746597035, 2, 1079, 1140, 803, 3, 8.17%, 0, 1, 15, 10.28
1746597520, 2, 1079, 1141, 804, 3, 8.17%, 0, 1, 15, 1.69
1746597597, 2, 1079, 1142, 805, 3, 8.17%, 0, 1, 15, 1.68
1746597613, 2, 1079, 1143, 806, 3, 8.17%, 0, 1, 15, 1.66
1746597793, 2, 1079, 1144, 807, 3, 8.17%, 0, 1, 15, 1.66
1746598159, 2, 1079, 1145, 808, 3, 8.17%, 0, 1, 15, 4.39
1746598242, 2, 1079, 1146, 809, 3, 8.17%, 0, 1, 15, 4.27
1746599216, 2, 1079, 1147, 810, 3, 8.17%, 0, 1, 15, 3.70
1746599291, 2, 1079, 1148, 811, 3, 8.17%, 0, 1, 15, 3.58
1746599551, 2, 1079, 1149, 812, 3, 8.17%, 0, 1, 15, 3.62
1746599578, 2, 1079, 1150, 813, 3, 8.17%, 0, 1, 15, 3.73
1746599604, 2, 1079, 1151, 814, 3, 8.17%, 0, 1, 15, 3.60
1746600099, 2, 1079, 1152, 815, 3, 8.17%, 0, 1, 15, 3.64
1746600460, 2, 1079, 1153, 816, 3, 8.17%, 0, 1, 15, 3.21
1746600543, 2, 1079, 1154, 817, 3, 8.17%, 0, 1, 15, 3.40
1746600554, 2, 1079, 1155, 818, 3, 8.17%, 0, 1, 15, 3.54
1746600814, 2, 1079, 1156, 819, 3, 8.17%, 0, 1, 15, 3.40
1746600841, 2, 1079, 1157, 820, 3, 8.17%, 0, 1, 15, 3.42
1746600872, 2, 1079, 1158, 821, 3, 8.17%, 0, 1, 15, 3.62
1746600893, 2, 1079, 1159, 822, 3, 8.17%, 0, 1, 15, 3.43
1746600924, 2, 1079, 1160, 823, 3, 8.17%, 0, 1, 15, 3.29
1746600929, 2, 1079, 1161, 824, 3, 8.17%, 0, 1, 15, 3.78
1746601029, 2, 1079, 1162, 825, 3, 8.17%, 0, 1, 15, 3.56
1746601034, 2, 1079, 1163, 826, 3, 8.17%, 0, 1, 15, 3.47
1746601118, 2, 1079, 1164, 827, 3, 8.17%, 0, 1, 15, 3.37
1746601196, 2, 1079, 1165, 828, 3, 8.17%, 0, 1, 15, 3.72
1746601274, 2, 1079, 1166, 829, 3, 8.17%, 0, 1, 15, 3.63
1746601342, 2, 1079, 1167, 830, 3, 8.17%, 0, 1, 15, 3.49
1746601502, 2, 1079, 1168, 831, 3, 8.17%, 0, 1, 15, 3.68
1746601591, 2, 1079, 1169, 832, 3, 8.17%, 0, 1, 15, 3.55
1746601659, 2, 1079, 1170, 833, 3, 8.17%, 0, 1, 15, 3.33
1746601976, 2, 1079, 1171, 834, 3, 8.17%, 0, 1, 15, 3.76
