# unix_time, cycles_done, cur_path, paths_total, pending_total, pending_favs, map_size, unique_crashes, unique_hangs, max_depth, execs_per_sec
1746611932, 0, 0, 1, 1, 1, 4.55%, 0, 0, 1, 86.02
1746611937, 0, 0, 52, 52, 1, 4.78%, 0, 0, 2, 88.36
1746611942, 0, 0, 94, 94, 1, 5.31%, 0, 0, 2, 71.63
1746611947, 0, 0, 122, 122, 1, 5.46%, 0, 0, 2, 58.58
1746611952, 0, 0, 147, 147, 1, 5.46%, 0, 0, 2, 54.12
1746611958, 0, 0, 172, 172, 1, 5.47%, 0, 0, 2, 54.14
1746611963, 0, 0, 198, 198, 1, 6.72%, 0, 0, 2, 56.58
1746611968, 0, 0, 217, 217, 1, 6.72%, 0, 0, 2, 50.83
1746611973, 0, 0, 238, 238, 1, 6.72%, 0, 0, 2, 51.33
1746611978, 0, 0, 259, 259, 1, 6.72%, 0, 0, 2, 53.93
1746611983, 0, 0, 278, 278, 1, 6.72%, 0, 0, 2, 59.77
1746611988, 0, 0, 293, 293, 1, 6.72%, 0, 0, 2, 47.63
1746611993, 0, 0, 303, 303, 1, 6.72%, 0, 0, 2, 53.47
1746611998, 0, 0, 316, 316, 1, 6.72%, 0, 0, 2, 54.57
1746612003, 0, 0, 330, 330, 1, 6.72%, 0, 0, 2, 57.06
1746612009, 0, 0, 340, 340, 1, 6.72%, 0, 0, 2, 56.81
1746612014, 0, 0, 349, 349, 1, 6.72%, 0, 0, 2, 56.07
1746612019, 0, 0, 363, 363, 1, 6.72%, 0, 0, 2, 51.37
1746612024, 0, 0, 371, 371, 1, 6.72%, 0, 0, 2, 52.48
1746612029, 0, 0, 379, 379, 1, 6.72%, 0, 0, 2, 58.25
1746612034, 0, 0, 388, 388, 1, 6.72%, 0, 0, 2, 55.53
1746612039, 0, 0, 396, 396, 1, 6.72%, 0, 0, 2, 54.01
1746612044, 0, 0, 401, 401, 1, 6.72%, 0, 0, 2, 53.82
1746612049, 0, 0, 407, 407, 1, 6.72%, 0, 0, 2, 53.54
1746612054, 0, 0, 416, 416, 1, 6.72%, 0, 0, 2, 49.75
1746612059, 0, 0, 422, 422, 1, 6.72%, 0, 0, 2, 50.90
1746612064, 0, 0, 426, 426, 1, 6.72%, 0, 0, 2, 53.39
1746612069, 0, 0, 433, 433, 1, 6.73%, 0, 0, 2, 50.25
1746612075, 0, 0, 435, 435, 1, 6.73%, 0, 0, 2, 53.89
1746612080, 0, 0, 437, 437, 1, 6.73%, 0, 0, 2, 55.53
1746612085, 0, 0, 441, 441, 1, 6.73%, 0, 0, 2, 55.47
1746612090, 0, 0, 443, 443, 1, 6.73%, 0, 0, 2, 56.15
1746612100, 0, 0, 445, 445, 1, 6.73%, 0, 0, 2, 55.90
1746612105, 0, 0, 446, 446, 1, 6.73%, 0, 0, 2, 57.07
1746612110, 0, 0, 447, 447, 1, 6.73%, 0, 0, 2, 55.89
1746612115, 0, 0, 449, 449, 1, 6.73%, 0, 0, 2, 59.42
1746612120, 0, 0, 453, 453, 1, 6.73%, 0, 0, 2, 55.80
1746612125, 0, 0, 456, 456, 1, 6.73%, 0, 0, 2, 60.27
1746612131, 0, 0, 459, 459, 1, 6.85%, 0, 0, 2, 52.18
1746612141, 0, 0, 462, 462, 1, 6.98%, 0, 0, 2, 52.54
1746612146, 0, 0, 463, 463, 1, 6.98%, 0, 0, 2, 53.98
1746612151, 0, 0, 465, 465, 1, 6.98%, 0, 0, 2, 55.20
1746612156, 0, 0, 468, 468, 1, 6.98%, 0, 0, 2, 51.98
1746612161, 0, 0, 469, 469, 1, 6.98%, 0, 0, 2, 54.58
1746612166, 0, 0, 471, 471, 1, 6.98%, 0, 0, 2, 56.16
1746612171, 0, 0, 472, 472, 1, 6.98%, 0, 0, 2, 57.55
1746612176, 0, 0, 473, 473, 1, 6.98%, 0, 0, 2, 57.92
1746612181, 0, 0, 475, 475, 1, 6.98%, 0, 0, 2, 57.51
1746612186, 0, 0, 476, 476, 1, 6.98%, 0, 0, 2, 56.08
1746612192, 0, 0, 477, 477, 1, 6.98%, 0, 0, 2, 56.39
1746612207, 0, 0, 479, 479, 1, 6.98%, 0, 0, 2, 54.36
1746612212, 0, 0, 480, 480, 1, 6.98%, 0, 0, 2, 54.39
1746612217, 0, 0, 481, 481, 1, 6.98%, 0, 0, 2, 57.76
1746612232, 0, 0, 482, 482, 1, 7.77%, 0, 0, 2, 55.24
1746612247, 0, 0, 484, 484, 1, 8.12%, 0, 0, 2, 53.16
1746612257, 0, 0, 485, 485, 1, 8.12%, 0, 0, 2, 56.71
1746612262, 0, 0, 487, 487, 1, 8.12%, 0, 0, 2, 54.65
1746612273, 0, 0, 488, 488, 1, 8.12%, 0, 0, 2, 53.44
1746612278, 0, 0, 489, 489, 1, 8.12%, 0, 0, 2, 54.72
1746612283, 0, 0, 490, 490, 1, 8.12%, 0, 0, 2, 59.12
1746612298, 0, 10, 491, 490, 7, 8.12%, 0, 0, 2, 60.00
1746612303, 0, 10, 493, 492, 7, 8.12%, 0, 0, 3, 58.82
1746612319, 0, 10, 494, 493, 7, 8.12%, 0, 0, 3, 59.05
1746612329, 0, 10, 495, 494, 7, 8.12%, 0, 0, 3, 61.50
1746612334, 0, 10, 496, 495, 7, 8.12%, 0, 0, 3, 59.02
1746612349, 0, 10, 497, 496, 7, 8.12%, 0, 0, 3, 61.66
1746612364, 0, 10, 499, 498, 7, 8.13%, 0, 0, 3, 56.46
1746612415, 0, 10, 500, 499, 7, 8.13%, 0, 0, 3, 56.95
1746612430, 0, 10, 502, 501, 7, 8.13%, 0, 0, 3, 55.04
1746612435, 0, 10, 503, 502, 7, 8.13%, 0, 0, 3, 56.19
1746612440, 0, 10, 504, 503, 7, 8.13%, 0, 0, 3, 61.08
1746612471, 0, 10, 505, 504, 7, 8.13%, 0, 0, 3, 60.08
1746612476, 0, 10, 509, 508, 7, 8.13%, 0, 0, 3, 52.75
1746612481, 0, 10, 510, 509, 7, 8.13%, 0, 0, 3, 56.96
1746612486, 0, 10, 511, 510, 7, 8.13%, 0, 0, 3, 57.88
1746612491, 0, 10, 512, 511, 7, 8.39%, 0, 0, 3, 57.70
1746612501, 0, 10, 513, 512, 7, 8.39%, 0, 0, 3, 58.79
1746612506, 0, 10, 515, 514, 7, 8.39%, 0, 0, 3, 54.82
1746612512, 0, 10, 516, 515, 7, 8.39%, 0, 0, 3, 57.54
1746612552, 0, 10, 517, 516, 7, 8.39%, 0, 0, 3, 59.69
1746612572, 0, 10, 518, 517, 7, 8.39%, 0, 0, 3, 60.90
1746612578, 0, 79, 519, 517, 9, 8.39%, 0, 0, 3, 60.98
1746612598, 0, 86, 519, 516, 8, 8.39%, 0, 0, 3, 41.19
1746612613, 0, 86, 520, 517, 8, 8.39%, 0, 0, 3, 45.49
1746612618, 0, 86, 521, 518, 8, 8.39%, 0, 0, 3, 44.90
1746612634, 0, 86, 522, 519, 8, 8.39%, 0, 0, 3, 45.48
1746612649, 0, 86, 523, 520, 8, 8.39%, 0, 0, 3, 46.31
1746612654, 0, 86, 524, 521, 8, 8.39%, 0, 0, 3, 46.21
1746612680, 0, 86, 525, 522, 8, 8.39%, 0, 0, 3, 44.50
1746612710, 0, 86, 526, 523, 8, 8.39%, 0, 0, 3, 46.48
1746612746, 0, 86, 527, 524, 8, 8.39%, 0, 0, 3, 43.16
1746612761, 0, 86, 528, 525, 8, 8.39%, 0, 0, 3, 47.04
1746612766, 0, 86, 529, 526, 8, 8.39%, 0, 0, 3, 43.43
1746612772, 0, 86, 530, 527, 8, 8.39%, 0, 0, 3, 45.91
1746612787, 0, 86, 531, 528, 8, 8.39%, 0, 0, 3, 44.70
1746612802, 0, 86, 532, 529, 8, 8.40%, 0, 0, 3, 44.45
1746612822, 0, 86, 533, 530, 8, 8.40%, 0, 0, 3, 43.56
1746612873, 0, 86, 534, 531, 8, 8.57%, 0, 0, 3, 42.04
1746612884, 0, 203, 535, 531, 10, 8.57%, 0, 0, 3, 41.27
1746612899, 0, 203, 536, 532, 10, 8.57%, 0, 0, 3, 49.47
1746612904, 0, 203, 537, 533, 10, 8.57%, 0, 0, 3, 48.63
1746612930, 0, 242, 537, 532, 10, 8.57%, 0, 0, 3, 55.11
1746612935, 0, 242, 538, 533, 10, 8.57%, 0, 0, 3, 56.51
1746612955, 0, 259, 540, 534, 10, 8.57%, 0, 0, 3, 39.90
1746612960, 0, 259, 541, 535, 10, 8.57%, 0, 0, 3, 34.18
1746612981, 0, 266, 541, 534, 9, 8.57%, 0, 0, 3, 57.83
1746612986, 0, 266, 542, 535, 9, 8.57%, 0, 0, 3, 58.43
1746613016, 0, 335, 542, 534, 9, 8.57%, 0, 0, 3, 48.78
1746613026, 0, 335, 543, 535, 9, 8.71%, 0, 0, 3, 45.95
1746613037, 0, 335, 544, 536, 9, 8.71%, 0, 0, 3, 46.65
1746613062, 0, 376, 544, 535, 9, 8.71%, 0, 0, 3, 48.48
1746613103, 0, 483, 545, 535, 9, 8.71%, 0, 0, 3, 41.96
1746613108, 0, 483, 548, 538, 9, 8.71%, 0, 0, 3, 26.52
1746613113, 0, 483, 556, 546, 9, 8.71%, 0, 0, 3, 22.76
1746613118, 0, 483, 565, 555, 9, 8.72%, 0, 0, 3, 19.72
1746613124, 0, 483, 574, 564, 9, 8.72%, 0, 0, 3, 19.01
1746613129, 0, 483, 578, 568, 9, 8.72%, 0, 0, 3, 21.29
1746613134, 0, 483, 583, 573, 9, 8.72%, 0, 0, 3, 21.97
1746613139, 0, 483, 593, 583, 9, 8.76%, 0, 0, 3, 19.21
1746613144, 0, 483, 602, 592, 9, 8.76%, 0, 0, 3, 19.37
1746613149, 0, 483, 603, 593, 9, 8.76%, 0, 0, 3, 25.66
1746613154, 0, 483, 610, 600, 9, 8.76%, 0, 0, 3, 19.64
1746613159, 0, 483, 617, 607, 9, 8.76%, 0, 0, 3, 19.72
1746613164, 0, 483, 620, 610, 9, 8.76%, 0, 0, 3, 22.78
1746613195, 0, 483, 622, 612, 9, 8.76%, 0, 0, 3, 28.75
1746613200, 0, 483, 627, 617, 9, 8.76%, 0, 0, 3, 22.85
1746613205, 0, 483, 629, 619, 9, 8.76%, 0, 0, 3, 20.57
1746613210, 0, 483, 632, 622, 9, 8.76%, 0, 0, 3, 19.92
1746613215, 0, 483, 639, 629, 9, 8.76%, 0, 0, 3, 19.34
1746613220, 0, 483, 644, 634, 9, 8.76%, 0, 0, 3, 19.05
1746613225, 0, 483, 649, 639, 9, 8.76%, 0, 0, 3, 19.06
1746613230, 0, 483, 653, 643, 9, 8.76%, 0, 0, 3, 19.38
1746613235, 0, 483, 654, 644, 9, 8.76%, 0, 0, 3, 24.20
1746613241, 0, 483, 656, 646, 9, 8.76%, 0, 0, 3, 21.07
1746613246, 0, 483, 659, 649, 9, 8.76%, 0, 0, 3, 24.81
1746613261, 0, 483, 662, 652, 9, 8.76%, 0, 0, 3, 23.72
1746613266, 0, 483, 668, 658, 9, 8.76%, 0, 0, 3, 19.85
1746613271, 0, 483, 672, 662, 9, 8.76%, 0, 0, 3, 18.15
1746613276, 0, 483, 677, 667, 9, 8.76%, 0, 0, 3, 20.89
1746613292, 0, 483, 678, 668, 9, 8.76%, 0, 0, 3, 29.71
1746613302, 0, 483, 679, 669, 9, 8.76%, 0, 0, 3, 25.07
1746613307, 0, 483, 683, 673, 9, 8.76%, 0, 0, 3, 19.49
1746613312, 0, 483, 686, 676, 9, 8.76%, 0, 0, 3, 18.20
1746613317, 0, 483, 695, 685, 9, 8.76%, 0, 0, 3, 20.85
1746613323, 0, 483, 697, 687, 9, 8.76%, 0, 0, 3, 27.14
1746613328, 0, 483, 698, 688, 9, 8.76%, 0, 0, 3, 34.31
1746613333, 0, 483, 700, 690, 9, 8.76%, 0, 0, 3, 33.94
1746613338, 0, 483, 701, 691, 9, 8.76%, 0, 0, 3, 35.82
1746613343, 0, 483, 703, 693, 9, 8.76%, 0, 0, 3, 31.62
1746613348, 0, 483, 704, 694, 9, 8.76%, 0, 0, 3, 34.92
1746613353, 0, 483, 705, 695, 9, 8.85%, 0, 0, 3, 36.23
1746613358, 0, 483, 708, 698, 9, 8.86%, 0, 0, 3, 33.12
1746613363, 0, 483, 709, 699, 9, 8.86%, 0, 0, 3, 33.51
1746613374, 0, 483, 711, 701, 9, 8.86%, 0, 0, 3, 32.90
1746613379, 0, 483, 713, 703, 9, 8.86%, 0, 0, 3, 33.30
1746613384, 0, 483, 714, 704, 9, 8.86%, 0, 0, 3, 35.51
1746613394, 0, 483, 716, 706, 9, 8.91%, 0, 0, 3, 32.33
1746613404, 0, 483, 717, 707, 9, 8.91%, 0, 0, 3, 35.79
1746613409, 0, 483, 719, 709, 9, 8.91%, 0, 0, 3, 34.17
1746613414, 0, 483, 720, 710, 9, 8.91%, 0, 0, 3, 36.31
1746613419, 0, 483, 722, 712, 9, 8.91%, 0, 0, 3, 32.87
1746613424, 0, 483, 724, 714, 9, 8.93%, 0, 0, 3, 32.81
1746613430, 0, 483, 726, 716, 9, 8.93%, 0, 0, 3, 33.60
1746613440, 0, 483, 728, 718, 9, 8.93%, 0, 0, 3, 36.04
1746613445, 0, 483, 730, 720, 9, 8.93%, 0, 0, 3, 30.14
1746613450, 0, 483, 731, 721, 9, 8.93%, 0, 0, 3, 32.25
1746613455, 0, 483, 732, 722, 9, 8.94%, 0, 0, 3, 33.78
1746613460, 0, 483, 734, 724, 9, 8.94%, 0, 0, 3, 34.45
1746613465, 0, 483, 736, 726, 9, 8.94%, 0, 0, 3, 34.46
1746613471, 0, 483, 739, 729, 9, 8.94%, 0, 0, 3, 31.66
1746613476, 0, 483, 740, 730, 9, 8.94%, 0, 0, 3, 34.80
1746613486, 0, 483, 741, 731, 9, 8.94%, 0, 0, 3, 35.78
1746613496, 0, 483, 743, 733, 9, 8.94%, 0, 0, 3, 31.42
1746613506, 0, 483, 745, 735, 9, 8.94%, 0, 0, 3, 31.94
1746613511, 0, 483, 747, 737, 9, 8.94%, 0, 0, 3, 33.12
1746613516, 0, 483, 749, 739, 9, 8.94%, 0, 0, 3, 31.96
1746613526, 0, 483, 750, 740, 9, 8.94%, 0, 0, 3, 33.64
1746613531, 0, 483, 752, 742, 9, 8.94%, 0, 0, 3, 32.51
1746613537, 0, 483, 754, 744, 9, 8.94%, 0, 0, 3, 28.96
1746613542, 0, 483, 755, 745, 9, 8.94%, 0, 0, 3, 33.96
1746613552, 0, 483, 757, 747, 9, 8.94%, 0, 0, 3, 32.27
1746613557, 0, 483, 758, 748, 9, 8.94%, 0, 0, 3, 31.47
1746613562, 0, 483, 759, 749, 9, 8.94%, 0, 0, 3, 34.64
1746613567, 0, 483, 761, 751, 9, 8.94%, 0, 0, 3, 30.96
1746613572, 0, 483, 762, 752, 9, 8.94%, 0, 0, 3, 32.77
1746613577, 0, 483, 763, 753, 9, 8.94%, 0, 0, 3, 35.39
1746613583, 0, 483, 765, 755, 9, 8.94%, 0, 0, 3, 31.68
1746613593, 0, 483, 766, 756, 9, 8.94%, 0, 0, 3, 38.08
1746613608, 0, 483, 769, 759, 9, 8.94%, 0, 0, 3, 28.08
1746613619, 0, 483, 773, 763, 9, 8.94%, 0, 0, 3, 30.64
1746613624, 0, 483, 774, 764, 9, 8.94%, 0, 0, 3, 32.60
1746613629, 0, 483, 776, 766, 9, 8.94%, 0, 0, 3, 32.63
1746613634, 0, 483, 778, 768, 9, 8.94%, 0, 0, 3, 33.96
1746613639, 0, 483, 780, 770, 9, 8.94%, 0, 0, 3, 35.24
1746613644, 0, 483, 783, 773, 9, 8.94%, 0, 0, 3, 30.52
1746613649, 0, 483, 784, 774, 9, 8.94%, 0, 0, 3, 33.66
1746613654, 0, 483, 785, 775, 9, 8.94%, 0, 0, 3, 33.26
1746613670, 0, 483, 786, 776, 9, 8.94%, 0, 0, 3, 35.40
1746613675, 0, 483, 787, 777, 9, 8.94%, 0, 0, 3, 33.80
1746613690, 0, 483, 788, 778, 9, 8.94%, 0, 0, 3, 33.70
1746613695, 0, 483, 789, 779, 9, 8.94%, 0, 0, 3, 33.25
1746613700, 0, 483, 791, 781, 9, 8.94%, 0, 0, 3, 32.17
1746613705, 0, 483, 793, 783, 9, 8.94%, 0, 0, 3, 33.73
1746613711, 0, 501, 794, 783, 22, 8.94%, 0, 0, 4, 29.64
1746613716, 0, 501, 796, 785, 22, 8.94%, 0, 0, 4, 26.42
1746613721, 0, 501, 800, 789, 22, 8.94%, 0, 0, 4, 24.68
1746613726, 0, 501, 802, 791, 22, 8.94%, 0, 0, 4, 23.97
1746613747, 0, 501, 808, 797, 22, 8.94%, 0, 0, 4, 23.50
1746613752, 0, 501, 809, 798, 22, 8.94%, 0, 0, 4, 23.41
1746613757, 0, 501, 810, 799, 22, 8.94%, 0, 0, 4, 22.84
1746613767, 0, 501, 811, 800, 22, 8.94%, 0, 0, 4, 23.69
1746613772, 0, 501, 814, 803, 22, 8.94%, 0, 0, 4, 27.30
1746613783, 0, 501, 816, 805, 22, 8.94%, 0, 0, 4, 23.29
1746613798, 0, 501, 817, 806, 22, 8.94%, 0, 0, 4, 23.66
1746613808, 0, 501, 818, 807, 22, 8.94%, 0, 0, 4, 37.60
1746613824, 0, 501, 820, 809, 22, 8.94%, 0, 0, 4, 35.49
1746613834, 0, 501, 822, 811, 22, 8.94%, 0, 0, 4, 20.08
1746613839, 0, 501, 823, 812, 22, 8.94%, 0, 0, 4, 35.19
1746613850, 0, 501, 824, 813, 22, 8.94%, 0, 0, 4, 37.80
1746613855, 0, 501, 825, 814, 22, 8.94%, 0, 0, 4, 35.08
1746613865, 0, 501, 826, 815, 22, 8.94%, 0, 0, 4, 34.73
1746613870, 0, 501, 827, 816, 22, 8.94%, 0, 0, 4, 34.35
1746613880, 0, 501, 828, 817, 22, 8.94%, 0, 0, 4, 38.24
1746613885, 0, 501, 830, 819, 22, 8.94%, 0, 0, 4, 36.59
1746613895, 0, 501, 832, 821, 22, 8.94%, 0, 0, 4, 36.25
1746613901, 0, 501, 834, 823, 22, 8.94%, 0, 0, 4, 36.37
1746613906, 0, 501, 836, 825, 22, 8.94%, 0, 0, 4, 33.36
1746613911, 0, 501, 837, 826, 22, 9.10%, 0, 0, 4, 37.75
1746613942, 0, 501, 838, 827, 22, 9.10%, 0, 0, 4, 39.68
1746613952, 0, 501, 839, 828, 22, 9.10%, 0, 0, 4, 34.60
1746613957, 0, 501, 840, 829, 22, 9.10%, 0, 0, 4, 35.74
1746613988, 0, 501, 841, 830, 22, 9.10%, 0, 0, 4, 37.13
1746613998, 0, 501, 843, 832, 22, 9.10%, 0, 0, 4, 37.89
1746614013, 0, 501, 845, 834, 22, 9.10%, 0, 0, 4, 37.19
1746614024, 0, 501, 846, 835, 22, 9.10%, 0, 0, 4, 37.53
1746614044, 0, 501, 847, 836, 22, 9.10%, 0, 0, 4, 37.73
1746614049, 0, 501, 848, 837, 22, 9.10%, 0, 0, 4, 37.94
1746614055, 0, 501, 849, 838, 22, 9.10%, 0, 0, 4, 37.37
1746614070, 0, 501, 850, 839, 22, 9.10%, 0, 0, 4, 38.42
1746614075, 0, 501, 851, 840, 22, 9.10%, 0, 0, 4, 36.90
1746614085, 0, 501, 853, 842, 22, 9.10%, 0, 0, 4, 30.90
1746614090, 0, 501, 854, 843, 22, 9.10%, 0, 0, 4, 37.04
1746614111, 0, 501, 857, 846, 22, 9.10%, 0, 0, 4, 34.63
1746614121, 0, 501, 858, 847, 22, 9.10%, 0, 0, 4, 37.22
1746614132, 0, 501, 859, 848, 22, 9.10%, 0, 0, 4, 38.32
1746614137, 0, 501, 860, 849, 22, 9.10%, 0, 0, 4, 35.69
1746614157, 0, 501, 861, 850, 22, 9.10%, 0, 0, 4, 37.02
1746614168, 0, 501, 862, 851, 22, 9.10%, 0, 0, 4, 37.42
1746614173, 0, 501, 863, 852, 22, 9.10%, 0, 0, 4, 39.58
1746614178, 0, 501, 864, 853, 22, 9.10%, 0, 0, 4, 36.39
1746614183, 0, 501, 865, 854, 22, 9.10%, 0, 0, 4, 37.87
1746614193, 0, 501, 866, 855, 22, 9.10%, 0, 0, 4, 36.54
1746614198, 0, 501, 867, 856, 22, 9.10%, 0, 0, 4, 34.17
1746614208, 0, 501, 868, 857, 22, 9.10%, 0, 0, 4, 36.88
1746614214, 0, 501, 869, 858, 22, 9.10%, 0, 0, 4, 36.14
1746614224, 0, 501, 870, 859, 22, 9.10%, 0, 0, 4, 36.28
1746614229, 0, 501, 871, 860, 22, 9.10%, 0, 0, 4, 34.92
1746614234, 0, 501, 872, 861, 22, 9.10%, 0, 0, 4, 36.57
1746614250, 0, 501, 873, 862, 22, 9.10%, 0, 0, 4, 36.56
1746614255, 0, 511, 874, 862, 21, 9.10%, 0, 0, 4, 24.68
1746614265, 0, 511, 877, 865, 21, 9.10%, 0, 0, 4, 16.06
1746614270, 0, 511, 880, 868, 21, 9.10%, 0, 0, 4, 13.18
1746614280, 0, 511, 883, 871, 21, 9.10%, 0, 0, 4, 17.20
1746614285, 0, 511, 885, 873, 21, 9.10%, 0, 0, 4, 13.49
1746614295, 0, 511, 887, 875, 21, 9.10%, 0, 0, 4, 18.60
1746614301, 0, 511, 889, 877, 21, 9.10%, 0, 0, 4, 13.78
1746614306, 0, 511, 891, 879, 21, 9.10%, 0, 0, 4, 16.07
1746614346, 0, 511, 893, 881, 21, 9.10%, 0, 0, 4, 18.33
1746614356, 0, 511, 897, 885, 21, 9.10%, 0, 0, 4, 14.46
1746614361, 0, 511, 898, 886, 21, 9.10%, 0, 0, 4, 13.49
1746614366, 0, 511, 900, 888, 21, 9.10%, 0, 0, 4, 13.13
1746614371, 0, 511, 902, 890, 21, 9.10%, 0, 0, 4, 13.22
1746614382, 0, 511, 904, 892, 21, 9.10%, 0, 0, 4, 12.25
1746614387, 0, 511, 908, 896, 21, 9.10%, 0, 0, 4, 12.20
1746614392, 0, 511, 909, 897, 21, 9.10%, 0, 0, 4, 12.34
1746614402, 0, 511, 910, 898, 21, 9.10%, 0, 0, 4, 12.25
1746614417, 0, 511, 911, 899, 21, 9.10%, 0, 0, 4, 15.94
1746614422, 0, 511, 912, 900, 21, 9.10%, 0, 0, 4, 17.52
1746614427, 0, 511, 913, 901, 21, 9.10%, 0, 0, 4, 20.73
1746614448, 0, 511, 914, 902, 21, 9.10%, 0, 0, 4, 18.93
1746614453, 0, 511, 915, 903, 21, 9.10%, 0, 0, 4, 15.73
1746614458, 0, 511, 917, 905, 21, 9.10%, 0, 0, 4, 12.93
1746614463, 0, 511, 919, 907, 21, 9.10%, 0, 0, 4, 11.83
1746614468, 0, 511, 921, 909, 21, 9.10%, 0, 0, 4, 12.25
1746614474, 0, 511, 925, 913, 21, 9.10%, 0, 0, 4, 14.73
1746614504, 0, 511, 926, 914, 21, 9.10%, 0, 0, 4, 18.34
1746614509, 0, 511, 928, 916, 21, 9.10%, 0, 0, 4, 16.99
1746614514, 0, 511, 929, 917, 21, 9.10%, 0, 0, 4, 15.87
1746614525, 0, 511, 930, 918, 21, 9.10%, 0, 0, 4, 12.00
1746614530, 0, 511, 932, 920, 21, 9.10%, 0, 0, 4, 12.56
1746614535, 0, 511, 938, 926, 21, 9.10%, 0, 0, 4, 14.17
1746614540, 0, 511, 943, 931, 21, 9.10%, 0, 0, 4, 15.28
1746614545, 0, 511, 944, 932, 21, 9.10%, 0, 0, 4, 24.46
1746614555, 0, 511, 945, 933, 21, 9.10%, 0, 0, 4, 30.89
1746614571, 0, 511, 946, 934, 21, 9.10%, 0, 0, 4, 31.11
1746614576, 0, 511, 947, 935, 21, 9.10%, 0, 0, 4, 32.98
1746614611, 0, 511, 948, 936, 21, 9.10%, 0, 0, 4, 31.04
1746614627, 0, 511, 949, 937, 21, 9.10%, 0, 0, 4, 33.81
1746614632, 0, 511, 950, 938, 21, 9.10%, 0, 0, 4, 31.74
1746614652, 0, 511, 951, 939, 21, 9.10%, 0, 0, 4, 31.83
1746614678, 0, 511, 952, 940, 21, 9.11%, 0, 0, 4, 30.82
1746614688, 0, 511, 953, 941, 21, 9.11%, 0, 0, 4, 30.51
1746614698, 0, 511, 954, 942, 21, 9.11%, 0, 0, 4, 33.83
1746614704, 0, 511, 955, 943, 21, 9.11%, 0, 0, 4, 30.31
1746614709, 0, 511, 956, 944, 21, 9.11%, 0, 0, 4, 29.71
1746614734, 0, 511, 957, 945, 21, 9.11%, 0, 0, 4, 33.78
1746614760, 0, 511, 958, 946, 21, 9.11%, 0, 0, 4, 29.21
1746614765, 0, 511, 959, 947, 21, 9.11%, 0, 0, 4, 30.51
1746614775, 0, 511, 960, 948, 21, 9.11%, 0, 0, 4, 31.44
1746614785, 0, 511, 961, 949, 21, 9.11%, 0, 0, 4, 31.64
1746614801, 0, 511, 962, 950, 21, 9.11%, 0, 0, 4, 31.26
1746614816, 0, 511, 963, 951, 21, 9.11%, 0, 0, 4, 34.26
1746614847, 0, 511, 964, 952, 21, 9.11%, 0, 0, 4, 33.06
1746614867, 0, 511, 965, 953, 21, 9.11%, 0, 0, 4, 30.87
1746614919, 0, 514, 965, 952, 22, 9.11%, 0, 0, 4, 28.64
1746614964, 0, 514, 966, 953, 22, 9.11%, 0, 0, 4, 23.94
1746614969, 0, 514, 968, 955, 22, 9.11%, 0, 0, 4, 24.17
1746614974, 0, 514, 970, 957, 22, 9.11%, 0, 0, 4, 28.25
1746614985, 0, 514, 971, 958, 22, 9.11%, 0, 0, 4, 24.38
1746615000, 0, 514, 972, 959, 22, 9.11%, 0, 0, 4, 24.87
1746615041, 0, 526, 972, 958, 20, 9.11%, 0, 0, 4, 25.64
1746615102, 0, 526, 973, 959, 20, 9.11%, 0, 0, 4, 27.62
1746615128, 0, 577, 973, 958, 19, 9.11%, 0, 0, 4, 31.12
1746615138, 0, 577, 976, 961, 19, 9.11%, 0, 0, 4, 16.50
1746615143, 0, 577, 980, 965, 19, 9.11%, 0, 0, 4, 17.70
1746615153, 0, 577, 981, 966, 19, 9.11%, 0, 0, 4, 17.78
1746615158, 0, 577, 982, 967, 19, 9.11%, 0, 0, 4, 19.45
1746615163, 0, 577, 985, 970, 19, 9.11%, 0, 0, 4, 14.97
1746615204, 0, 577, 987, 972, 19, 9.11%, 0, 0, 4, 16.19
1746615210, 0, 577, 989, 974, 19, 9.11%, 0, 0, 4, 15.59
1746615215, 0, 577, 990, 975, 19, 9.11%, 0, 0, 4, 15.12
1746615230, 0, 577, 992, 977, 19, 9.11%, 0, 0, 4, 14.66
1746615235, 0, 577, 993, 978, 19, 9.11%, 0, 0, 4, 14.73
1746615240, 0, 577, 994, 979, 19, 9.11%, 0, 0, 4, 14.72
1746615250, 0, 577, 995, 980, 19, 9.11%, 0, 0, 4, 14.95
1746615286, 0, 577, 998, 983, 19, 9.11%, 0, 0, 4, 15.39
1746615332, 0, 577, 1000, 985, 19, 9.11%, 0, 0, 4, 16.13
1746615342, 0, 577, 1001, 986, 19, 9.11%, 0, 0, 4, 24.50
1746615363, 0, 579, 1001, 985, 19, 9.11%, 0, 0, 4, 26.10
1746615454, 0, 579, 1004, 988, 19, 9.11%, 0, 0, 4, 22.54
1746615480, 0, 579, 1006, 990, 19, 9.11%, 0, 0, 4, 20.02
1746615516, 0, 579, 1007, 991, 19, 9.11%, 0, 0, 4, 19.81
1746615531, 0, 579, 1008, 992, 19, 9.11%, 0, 0, 4, 28.84
1746615552, 0, 673, 1008, 991, 19, 9.11%, 0, 0, 4, 28.92
1746615725, 0, 673, 1009, 992, 19, 9.11%, 0, 0, 4, 29.91
1746615741, 0, 704, 1010, 992, 18, 9.11%, 0, 0, 4, 27.57
1746615746, 0, 704, 1011, 993, 18, 9.12%, 0, 0, 4, 24.37
1746615751, 0, 704, 1015, 997, 18, 9.12%, 0, 0, 4, 15.58
1746615756, 0, 704, 1020, 1002, 18, 9.12%, 0, 0, 4, 12.79
1746615761, 0, 704, 1024, 1006, 18, 9.13%, 0, 0, 4, 11.22
1746615766, 0, 704, 1025, 1007, 18, 9.13%, 0, 0, 4, 17.24
1746615776, 0, 704, 1028, 1010, 18, 9.13%, 0, 0, 4, 12.84
1746615781, 0, 704, 1029, 1011, 18, 9.13%, 0, 0, 4, 16.63
1746615786, 0, 704, 1031, 1013, 18, 9.13%, 0, 0, 4, 18.10
1746615792, 0, 704, 1034, 1016, 18, 9.13%, 0, 0, 4, 12.58
1746615797, 0, 704, 1037, 1019, 18, 9.13%, 0, 0, 4, 11.72
1746615802, 0, 704, 1039, 1021, 18, 9.13%, 0, 0, 4, 15.67
1746615807, 0, 704, 1040, 1022, 18, 9.13%, 0, 0, 4, 21.44
1746615838, 0, 704, 1041, 1023, 18, 9.13%, 0, 0, 4, 21.53
1746615843, 0, 704, 1043, 1025, 18, 9.13%, 0, 0, 4, 17.02
1746615848, 0, 704, 1048, 1030, 18, 9.13%, 0, 0, 4, 12.72
1746615853, 0, 704, 1050, 1032, 18, 9.13%, 0, 0, 4, 13.45
1746615858, 0, 704, 1051, 1033, 18, 9.13%, 0, 0, 4, 14.90
1746615864, 0, 704, 1054, 1036, 18, 9.13%, 0, 0, 4, 15.49
1746615869, 0, 704, 1057, 1039, 18, 9.13%, 0, 0, 4, 11.35
1746615874, 0, 704, 1058, 1040, 18, 9.13%, 0, 0, 4, 10.93
1746615884, 0, 704, 1061, 1043, 18, 9.13%, 0, 0, 4, 9.94
1746615889, 0, 704, 1063, 1045, 18, 9.13%, 0, 0, 4, 10.26
1746615900, 0, 704, 1066, 1048, 18, 9.13%, 0, 0, 4, 10.92
1746615910, 0, 704, 1071, 1053, 18, 9.13%, 0, 0, 4, 11.90
1746615915, 0, 704, 1075, 1057, 18, 9.13%, 0, 0, 4, 11.95
1746615941, 0, 704, 1076, 1058, 18, 9.13%, 0, 0, 4, 11.65
1746615946, 0, 704, 1077, 1059, 18, 9.13%, 0, 0, 4, 10.83
1746615956, 0, 704, 1078, 1060, 18, 9.14%, 0, 0, 4, 20.38
1746615961, 0, 704, 1079, 1061, 18, 9.14%, 0, 0, 4, 20.50
1746615981, 0, 704, 1080, 1062, 18, 9.14%, 0, 0, 4, 16.88
1746615986, 0, 704, 1082, 1064, 18, 9.14%, 0, 0, 4, 13.87
1746615992, 0, 704, 1084, 1066, 18, 9.14%, 0, 0, 4, 10.99
1746615997, 0, 704, 1085, 1067, 18, 9.14%, 0, 0, 4, 9.97
1746616002, 0, 704, 1087, 1069, 18, 9.14%, 0, 0, 4, 9.99
1746616007, 0, 704, 1089, 1071, 18, 9.14%, 0, 0, 4, 11.31
1746616038, 0, 704, 1090, 1072, 18, 9.14%, 0, 0, 4, 17.87
1746616043, 0, 704, 1091, 1073, 18, 9.14%, 0, 0, 4, 16.35
1746616054, 0, 704, 1093, 1075, 18, 9.14%, 0, 0, 4, 11.57
1746616059, 0, 704, 1095, 1077, 18, 9.14%, 0, 0, 4, 9.60
1746616069, 0, 704, 1097, 1079, 18, 9.14%, 0, 0, 4, 10.23
1746616074, 0, 704, 1098, 1080, 18, 9.14%, 0, 0, 4, 15.46
1746616084, 0, 704, 1099, 1081, 18, 9.14%, 0, 0, 4, 28.56
1746616094, 0, 704, 1100, 1082, 18, 9.14%, 0, 0, 4, 31.38
1746616105, 0, 704, 1101, 1083, 18, 9.14%, 0, 0, 4, 28.46
1746616120, 0, 704, 1102, 1084, 18, 9.14%, 0, 0, 4, 30.65
1746616160, 0, 704, 1103, 1085, 18, 9.14%, 0, 0, 4, 32.31
1746616171, 0, 704, 1104, 1086, 18, 9.14%, 0, 0, 4, 28.43
1746616206, 0, 704, 1105, 1087, 18, 9.14%, 0, 0, 4, 31.88
1746616212, 0, 704, 1106, 1088, 18, 9.14%, 0, 0, 4, 28.10
1746616232, 0, 704, 1107, 1089, 18, 9.14%, 0, 0, 4, 28.27
1746616253, 0, 704, 1108, 1090, 18, 9.14%, 0, 0, 4, 30.13
1746616288, 0, 704, 1109, 1091, 18, 9.14%, 0, 0, 4, 27.44
1746616293, 0, 704, 1110, 1092, 18, 9.14%, 0, 0, 4, 25.08
1746616314, 0, 704, 1111, 1093, 18, 9.14%, 0, 0, 4, 27.46
1746616324, 0, 704, 1112, 1094, 18, 9.14%, 0, 0, 4, 28.84
1746616335, 0, 704, 1113, 1095, 18, 9.14%, 0, 0, 4, 29.75
1746616350, 0, 704, 1114, 1096, 18, 9.14%, 0, 0, 4, 31.97
1746616360, 0, 704, 1115, 1097, 18, 9.14%, 0, 0, 4, 31.19
1746616401, 0, 704, 1116, 1098, 18, 9.14%, 0, 0, 4, 28.83
1746616488, 0, 704, 1117, 1099, 18, 9.14%, 0, 0, 4, 33.56
1746616524, 0, 704, 1118, 1100, 18, 9.14%, 0, 0, 4, 31.79
1746616564, 0, 704, 1119, 1101, 18, 9.14%, 0, 0, 4, 28.63
1746616600, 0, 707, 1119, 1100, 26, 9.14%, 0, 0, 4, 32.27
1746616611, 0, 707, 1120, 1101, 26, 9.14%, 0, 0, 4, 18.17
1746616616, 0, 707, 1123, 1104, 26, 9.14%, 0, 0, 4, 13.63
1746616626, 0, 707, 1124, 1105, 26, 9.14%, 0, 0, 4, 13.70
1746616641, 0, 707, 1126, 1107, 26, 9.14%, 0, 0, 4, 13.42
1746616646, 0, 707, 1128, 1109, 26, 9.14%, 0, 0, 4, 11.77
1746616651, 0, 707, 1129, 1110, 26, 9.14%, 0, 0, 4, 21.37
1746616657, 0, 707, 1130, 1111, 26, 9.14%, 0, 0, 4, 18.62
1746616662, 0, 707, 1132, 1113, 26, 9.14%, 0, 0, 4, 14.02
1746616667, 0, 707, 1134, 1115, 26, 9.14%, 0, 0, 4, 12.30
1746616672, 0, 707, 1136, 1117, 26, 9.14%, 0, 0, 4, 10.70
1746616682, 0, 707, 1137, 1118, 26, 9.14%, 0, 0, 4, 16.26
1746616728, 0, 707, 1138, 1119, 26, 9.14%, 0, 0, 4, 15.63
1746616738, 0, 707, 1140, 1121, 26, 9.14%, 0, 0, 4, 12.56
1746616754, 0, 707, 1141, 1122, 26, 9.14%, 0, 0, 4, 11.77
1746616759, 0, 707, 1142, 1123, 26, 9.14%, 0, 0, 4, 12.14
1746616764, 0, 707, 1146, 1127, 26, 9.14%, 0, 0, 4, 11.95
1746616769, 0, 707, 1147, 1128, 26, 9.14%, 0, 0, 4, 12.15
1746616795, 0, 707, 1148, 1129, 26, 9.14%, 0, 0, 4, 12.56
1746616800, 0, 707, 1150, 1131, 26, 9.14%, 0, 0, 4, 11.78
1746616811, 0, 707, 1151, 1132, 26, 9.14%, 0, 0, 4, 11.32
1746616821, 0, 707, 1152, 1133, 26, 9.14%, 0, 0, 4, 11.37
1746616852, 0, 707, 1153, 1134, 26, 9.14%, 0, 0, 4, 19.28
1746616898, 0, 707, 1154, 1135, 26, 9.14%, 0, 0, 4, 12.69
1746616903, 0, 707, 1156, 1137, 26, 9.14%, 0, 0, 4, 12.85
1746616975, 0, 707, 1158, 1139, 26, 9.14%, 0, 0, 4, 11.63
1746616980, 0, 707, 1161, 1142, 26, 9.14%, 0, 0, 4, 12.51
1746616985, 0, 707, 1163, 1144, 26, 9.14%, 0, 0, 4, 12.87
1746616995, 0, 707, 1164, 1145, 26, 9.14%, 0, 0, 4, 13.12
1746617000, 0, 707, 1165, 1146, 26, 9.14%, 0, 0, 4, 13.13
1746617005, 0, 707, 1166, 1147, 26, 9.14%, 0, 0, 4, 11.61
1746617016, 0, 707, 1168, 1149, 26, 9.14%, 0, 0, 4, 9.66
1746617041, 0, 707, 1169, 1150, 26, 9.14%, 0, 0, 4, 27.09
1746617047, 0, 707, 1170, 1151, 26, 9.14%, 0, 0, 4, 25.38
1746617057, 0, 707, 1171, 1152, 26, 9.14%, 0, 0, 4, 28.67
1746617062, 0, 707, 1172, 1153, 26, 9.14%, 0, 0, 4, 26.16
1746617082, 0, 707, 1173, 1154, 26, 9.14%, 0, 0, 4, 27.66
1746617128, 0, 707, 1174, 1155, 26, 9.14%, 0, 0, 4, 26.65
1746617133, 0, 707, 1175, 1156, 26, 9.14%, 0, 0, 4, 27.91
1746617144, 0, 707, 1176, 1157, 26, 9.16%, 0, 0, 4, 27.26
1746617159, 0, 707, 1177, 1158, 26, 9.16%, 0, 0, 4, 29.05
1746617174, 0, 707, 1178, 1159, 26, 9.16%, 0, 0, 4, 28.68
1746617195, 0, 707, 1179, 1160, 26, 9.16%, 0, 0, 4, 25.09
1746617261, 0, 707, 1180, 1161, 26, 9.16%, 0, 0, 4, 28.77
1746617297, 0, 707, 1181, 1162, 26, 9.16%, 0, 0, 4, 26.64
1746617333, 0, 707, 1182, 1163, 26, 9.16%, 0, 0, 4, 28.96
1746617343, 0, 707, 1183, 1164, 26, 9.16%, 0, 0, 4, 28.34
1746617353, 0, 722, 1183, 1163, 25, 9.16%, 0, 0, 4, 23.15
1746617486, 0, 722, 1185, 1165, 25, 9.16%, 0, 0, 4, 13.21
1746617491, 0, 722, 1186, 1166, 25, 9.16%, 0, 0, 4, 13.35
1746617511, 0, 722, 1188, 1168, 25, 9.16%, 0, 0, 4, 22.85
1746617547, 0, 722, 1189, 1169, 25, 9.16%, 0, 0, 4, 13.55
1746617613, 0, 722, 1190, 1170, 25, 9.16%, 0, 0, 4, 14.66
1746617634, 0, 820, 1190, 1169, 24, 9.16%, 0, 0, 4, 27.07
1746617639, 0, 820, 1191, 1170, 24, 9.16%, 0, 0, 5, 16.62
1746617644, 0, 820, 1192, 1171, 24, 9.16%, 0, 0, 5, 11.16
1746617695, 0, 820, 1193, 1172, 24, 9.16%, 0, 0, 5, 15.90
1746617705, 0, 820, 1194, 1173, 24, 9.16%, 0, 0, 5, 17.73
1746617715, 0, 820, 1196, 1175, 24, 9.16%, 0, 0, 5, 13.62
1746617771, 0, 820, 1197, 1176, 24, 9.16%, 0, 0, 5, 8.54
1746617833, 0, 820, 1198, 1177, 24, 9.16%, 0, 0, 5, 10.49
1746617859, 0, 820, 1199, 1178, 24, 9.16%, 0, 0, 5, 14.68
1746617875, 0, 820, 1200, 1179, 24, 9.16%, 0, 0, 5, 15.49
1746617895, 0, 820, 1201, 1180, 24, 9.16%, 0, 0, 5, 11.10
1746617951, 0, 820, 1202, 1181, 24, 9.16%, 0, 0, 5, 10.77
1746617957, 0, 820, 1203, 1182, 24, 9.16%, 0, 0, 5, 10.64
1746617967, 0, 820, 1204, 1183, 24, 9.16%, 0, 0, 5, 23.22
1746617972, 0, 820, 1205, 1184, 24, 9.16%, 0, 0, 5, 27.34
1746617977, 0, 820, 1207, 1186, 24, 9.16%, 0, 0, 5, 22.47
1746618007, 0, 820, 1208, 1187, 24, 9.16%, 0, 0, 5, 27.87
1746618012, 0, 820, 1209, 1188, 24, 9.16%, 0, 0, 5, 24.18
1746618074, 0, 820, 1210, 1189, 24, 9.16%, 0, 0, 5, 25.62
1746618120, 0, 820, 1211, 1190, 24, 9.16%, 0, 0, 5, 25.65
1746618125, 0, 820, 1212, 1191, 24, 9.19%, 0, 0, 5, 28.08
1746618166, 0, 820, 1213, 1192, 24, 9.19%, 0, 0, 5, 24.94
1746618201, 0, 820, 1214, 1193, 24, 9.19%, 0, 0, 5, 26.47
1746618222, 0, 820, 1215, 1194, 24, 9.19%, 0, 0, 5, 27.31
1746618283, 0, 820, 1216, 1195, 24, 9.19%, 0, 0, 5, 28.98
1746618339, 0, 820, 1217, 1196, 24, 9.19%, 0, 0, 5, 26.96
1746618370, 0, 820, 1218, 1197, 24, 9.19%, 0, 0, 5, 27.86
1746618411, 0, 820, 1219, 1198, 24, 9.19%, 0, 0, 5, 26.51
1746618431, 0, 820, 1220, 1199, 24, 9.20%, 0, 0, 5, 29.49
1746618436, 0, 820, 1221, 1200, 24, 9.20%, 0, 0, 5, 27.56
1746618477, 0, 820, 1222, 1201, 24, 9.20%, 0, 0, 5, 25.45
1746618518, 0, 820, 1223, 1202, 24, 9.20%, 0, 0, 5, 24.29
1746618533, 0, 820, 1224, 1203, 24, 9.20%, 0, 0, 5, 29.28
1746618538, 0, 841, 1224, 1202, 25, 9.20%, 0, 0, 5, 29.09
1746618646, 0, 841, 1225, 1203, 25, 9.20%, 0, 0, 5, 32.58
1746618672, 0, 841, 1226, 1204, 25, 9.20%, 0, 0, 5, 32.21
1746618754, 0, 850, 1226, 1203, 24, 9.20%, 0, 0, 5, 28.98
1746618759, 0, 850, 1228, 1205, 24, 9.20%, 0, 0, 5, 19.78
1746618764, 0, 850, 1230, 1207, 24, 9.20%, 0, 0, 5, 15.51
1746618810, 0, 850, 1231, 1208, 24, 9.20%, 0, 0, 5, 11.98
1746618815, 0, 850, 1232, 1209, 24, 9.21%, 0, 0, 5, 12.57
1746618861, 0, 850, 1233, 1210, 24, 9.21%, 0, 0, 5, 16.66
1746618877, 0, 850, 1234, 1211, 24, 9.21%, 0, 0, 5, 11.71
1746618897, 0, 850, 1235, 1212, 24, 9.21%, 0, 0, 5, 11.54
1746618913, 0, 850, 1236, 1213, 24, 9.21%, 0, 0, 5, 11.24
1746618990, 0, 850, 1237, 1214, 24, 9.21%, 0, 0, 5, 14.04
1746619030, 0, 850, 1238, 1215, 24, 9.21%, 0, 0, 5, 11.32
1746619036, 0, 850, 1239, 1216, 24, 9.21%, 0, 0, 5, 10.53
1746619041, 0, 850, 1240, 1217, 24, 9.21%, 0, 0, 5, 10.96
1746619092, 0, 850, 1241, 1218, 24, 9.21%, 0, 0, 5, 14.43
1746619133, 0, 850, 1242, 1219, 24, 9.21%, 0, 0, 5, 11.88
1746619143, 0, 850, 1243, 1220, 24, 9.21%, 0, 0, 5, 12.96
1746619153, 0, 850, 1244, 1221, 24, 9.25%, 0, 0, 5, 16.06
1746619159, 0, 850, 1245, 1222, 24, 9.25%, 0, 0, 5, 24.13
1746619164, 0, 850, 1246, 1223, 24, 9.25%, 0, 0, 5, 25.46
1746619189, 0, 850, 1247, 1224, 24, 9.25%, 0, 0, 5, 27.46
1746619210, 0, 850, 1248, 1225, 24, 9.25%, 0, 0, 5, 25.44
1746619220, 0, 850, 1249, 1226, 24, 9.25%, 0, 0, 5, 25.35
1746619225, 0, 850, 1250, 1227, 24, 9.25%, 0, 0, 5, 27.66
1746619230, 0, 850, 1251, 1228, 24, 9.25%, 0, 0, 5, 27.62
1746619235, 0, 850, 1252, 1229, 24, 9.25%, 0, 0, 5, 27.17
1746619271, 0, 850, 1253, 1230, 24, 9.25%, 0, 0, 5, 28.92
1746619276, 0, 850, 1254, 1231, 24, 9.25%, 0, 0, 5, 24.75
1746619281, 0, 850, 1255, 1232, 24, 9.25%, 0, 0, 5, 23.09
1746619353, 0, 850, 1256, 1233, 24, 9.25%, 0, 0, 5, 24.89
1746619363, 0, 850, 1257, 1234, 24, 9.27%, 0, 0, 5, 26.05
1746619429, 0, 850, 1258, 1235, 24, 9.27%, 0, 0, 5, 21.60
1746619434, 0, 850, 1259, 1236, 24, 9.27%, 0, 0, 5, 23.16
1746619450, 0, 850, 1260, 1237, 24, 9.27%, 0, 0, 5, 27.77
1746619496, 0, 850, 1261, 1238, 24, 9.27%, 0, 0, 5, 24.07
1746619527, 0, 850, 1262, 1239, 24, 9.27%, 0, 0, 5, 24.73
1746619532, 0, 850, 1264, 1241, 24, 9.27%, 0, 0, 5, 22.59
1746619542, 0, 850, 1265, 1242, 24, 9.27%, 0, 0, 5, 26.89
1746619563, 0, 850, 1266, 1243, 24, 9.27%, 0, 0, 5, 23.43
1746619568, 0, 850, 1267, 1244, 24, 9.27%, 0, 0, 5, 26.02
1746619613, 0, 850, 1268, 1245, 24, 9.27%, 0, 0, 5, 27.03
1746619619, 0, 871, 1268, 1244, 28, 9.27%, 0, 0, 5, 27.66
1746619726, 0, 898, 1268, 1243, 27, 9.27%, 0, 0, 5, 33.42
1746619737, 0, 898, 1269, 1244, 27, 9.27%, 0, 0, 5, 17.86
1746619844, 0, 898, 1270, 1245, 27, 9.28%, 0, 0, 5, 12.01
1746620007, 0, 929, 1270, 1244, 28, 9.28%, 0, 0, 5, 24.93
1746620104, 0, 929, 1271, 1245, 28, 9.28%, 0, 0, 5, 12.50
1746620325, 0, 930, 1271, 1244, 28, 9.28%, 0, 0, 5, 21.57
1746620361, 0, 930, 1272, 1245, 28, 9.28%, 0, 0, 5, 16.67
1746620422, 0, 930, 1273, 1246, 28, 9.28%, 0, 0, 5, 11.74
1746620616, 0, 930, 1274, 1247, 28, 9.28%, 0, 0, 5, 16.48
1746620647, 0, 965, 1274, 1246, 28, 9.28%, 0, 0, 5, 28.44
1746620652, 0, 965, 1279, 1251, 28, 9.28%, 0, 0, 5, 24.82
1746620657, 0, 965, 1280, 1252, 28, 9.28%, 0, 0, 5, 25.15
1746620663, 0, 965, 1282, 1254, 28, 9.28%, 0, 0, 5, 25.94
1746620668, 0, 965, 1284, 1256, 28, 9.28%, 0, 0, 5, 25.58
1746620698, 0, 965, 1286, 1258, 28, 9.28%, 0, 0, 5, 23.74
1746620704, 0, 965, 1290, 1262, 28, 9.28%, 0, 0, 5, 22.45
1746620709, 0, 965, 1294, 1266, 28, 9.28%, 0, 0, 5, 25.06
1746620719, 0, 965, 1295, 1267, 28, 9.28%, 0, 0, 5, 24.35
1746620739, 0, 965, 1296, 1268, 28, 9.28%, 0, 0, 5, 28.34
1746620791, 0, 996, 1296, 1267, 29, 9.28%, 0, 0, 5, 29.11
1746620801, 0, 996, 1297, 1268, 29, 9.28%, 0, 0, 5, 22.13
1746620811, 0, 996, 1299, 1270, 29, 9.28%, 0, 0, 5, 22.03
1746620822, 0, 996, 1300, 1271, 29, 9.28%, 0, 0, 5, 18.20
1746620878, 0, 996, 1302, 1273, 29, 9.28%, 0, 0, 5, 16.77
1746620883, 0, 996, 1304, 1275, 29, 9.28%, 0, 0, 5, 16.75
1746620888, 0, 996, 1308, 1279, 29, 9.28%, 0, 0, 5, 16.72
1746621015, 0, 1004, 1308, 1278, 29, 9.28%, 0, 0, 5, 29.00
1746621026, 0, 1004, 1311, 1281, 29, 9.28%, 0, 0, 5, 20.91
1746621087, 0, 1004, 1312, 1282, 29, 9.28%, 0, 0, 5, 19.64
1746621092, 0, 1004, 1313, 1283, 29, 9.28%, 0, 0, 5, 18.20
1746621194, 0, 1004, 1314, 1284, 29, 9.28%, 0, 0, 5, 27.91
1746621246, 0, 1020, 1314, 1283, 28, 9.28%, 0, 0, 5, 26.86
1746621256, 0, 1020, 1315, 1284, 28, 9.28%, 0, 0, 5, 18.99
1746621537, 0, 1037, 1315, 1283, 28, 9.28%, 0, 0, 5, 31.49
1746621624, 0, 1037, 1316, 1284, 28, 9.28%, 0, 0, 5, 15.61
1746621773, 0, 1037, 1317, 1285, 28, 9.28%, 0, 0, 5, 16.24
1746621824, 0, 1042, 1317, 1284, 27, 9.28%, 0, 0, 5, 29.01
1746622116, 0, 1064, 1317, 1283, 26, 9.28%, 0, 0, 5, 29.17
1746622157, 0, 1064, 1318, 1284, 26, 9.28%, 0, 0, 5, 16.20
1746622244, 0, 1064, 1321, 1287, 26, 9.28%, 0, 0, 5, 11.60
1746622419, 0, 1077, 1321, 1286, 26, 9.28%, 0, 0, 5, 29.87
1746622434, 0, 1077, 1322, 1287, 26, 9.28%, 0, 0, 5, 18.38
1746622633, 0, 1081, 1322, 1286, 23, 9.28%, 0, 0, 5, 30.07
1746622659, 0, 1081, 1323, 1287, 23, 9.28%, 0, 0, 5, 11.68
1746622669, 0, 1081, 1324, 1288, 23, 9.28%, 0, 0, 5, 15.96
1746622720, 0, 1081, 1325, 1289, 23, 9.28%, 0, 0, 5, 13.91
1746622951, 0, 1104, 1325, 1288, 22, 9.28%, 0, 0, 5, 29.21
1746622987, 0, 1104, 1326, 1289, 22, 9.28%, 0, 0, 5, 15.95
1746623023, 0, 1104, 1327, 1290, 22, 9.28%, 0, 0, 5, 22.39
1746623130, 0, 1104, 1330, 1293, 22, 9.28%, 0, 0, 5, 17.82
1746623176, 0, 1104, 1331, 1294, 22, 9.28%, 0, 0, 5, 18.74
1746623242, 0, 1157, 1331, 1293, 21, 9.28%, 0, 0, 5, 23.97
1746623258, 0, 1157, 1332, 1294, 21, 9.28%, 0, 0, 5, 9.58
1746623263, 0, 1157, 1333, 1295, 21, 9.28%, 0, 0, 5, 8.79
1746623289, 0, 1157, 1334, 1296, 21, 9.28%, 0, 0, 5, 8.56
1746623299, 0, 1157, 1335, 1297, 21, 9.28%, 0, 0, 5, 15.10
1746623309, 0, 1157, 1336, 1298, 21, 9.28%, 0, 0, 5, 9.13
1746623319, 0, 1157, 1337, 1299, 21, 9.28%, 0, 0, 5, 12.24
1746623325, 0, 1157, 1338, 1300, 21, 9.28%, 0, 0, 5, 10.91
1746623417, 0, 1157, 1339, 1301, 21, 9.28%, 0, 0, 5, 10.39
1746623590, 0, 1157, 1340, 1302, 21, 9.28%, 0, 0, 5, 8.67
1746623734, 0, 1157, 1341, 1303, 21, 9.28%, 0, 0, 5, 20.40
1746623770, 0, 1172, 1341, 1302, 21, 9.28%, 0, 0, 5, 24.42
1746623775, 0, 1172, 1342, 1303, 21, 9.28%, 0, 0, 5, 21.39
1746623780, 0, 1172, 1344, 1305, 21, 9.28%, 0, 0, 5, 16.56
1746623795, 0, 1172, 1346, 1307, 21, 9.28%, 0, 0, 5, 16.35
1746623810, 0, 1172, 1347, 1308, 21, 9.28%, 0, 0, 5, 15.53
1746623866, 0, 1172, 1348, 1309, 21, 9.28%, 0, 0, 5, 16.60
1746623882, 0, 1172, 1349, 1310, 21, 9.28%, 0, 0, 5, 15.19
1746624035, 0, 1172, 1350, 1311, 21, 9.28%, 0, 0, 5, 18.37
1746624061, 0, 1172, 1351, 1312, 21, 9.28%, 0, 0, 5, 29.31
1746624102, 0, 1172, 1352, 1313, 21, 9.28%, 0, 0, 5, 30.65
1746624107, 0, 1172, 1353, 1314, 21, 9.28%, 0, 0, 5, 25.92
1746624132, 0, 1172, 1354, 1315, 21, 9.28%, 0, 0, 5, 31.44
1746624343, 0, 1172, 1355, 1316, 21, 9.28%, 0, 0, 5, 27.31
1746624562, 0, 1199, 1355, 1315, 21, 9.28%, 0, 0, 5, 19.56
1746624573, 0, 1199, 1358, 1318, 21, 9.28%, 0, 0, 6, 10.63
1746624578, 0, 1199, 1359, 1319, 21, 9.28%, 0, 0, 6, 12.59
1746624593, 0, 1199, 1361, 1321, 21, 9.28%, 0, 0, 6, 10.38
1746624609, 0, 1199, 1363, 1323, 21, 9.28%, 0, 0, 6, 10.52
1746624614, 0, 1199, 1364, 1324, 21, 9.28%, 0, 0, 6, 11.28
1746624695, 0, 1199, 1366, 1326, 21, 9.28%, 0, 0, 6, 8.51
1746624700, 0, 1199, 1368, 1328, 21, 9.28%, 0, 0, 6, 8.99
1746624706, 0, 1199, 1370, 1330, 21, 9.28%, 0, 0, 6, 9.22
1746624757, 0, 1199, 1371, 1331, 21, 9.28%, 0, 0, 6, 8.90
1746624772, 0, 1199, 1372, 1332, 21, 9.28%, 0, 0, 6, 10.40
1746624798, 0, 1199, 1374, 1334, 21, 9.28%, 0, 0, 6, 10.95
1746624931, 0, 1201, 1374, 1333, 22, 9.28%, 0, 0, 6, 29.12
1746625283, 0, 1207, 1374, 1332, 21, 9.28%, 0, 0, 6, 24.05
1746625299, 0, 1207, 1375, 1333, 21, 9.28%, 0, 0, 6, 16.34
1746625570, 0, 1216, 1375, 1332, 20, 9.28%, 0, 0, 6, 22.78
1746625652, 0, 1216, 1378, 1335, 20, 9.28%, 0, 0, 6, 16.51
1746625703, 0, 1216, 1379, 1336, 20, 9.28%, 0, 0, 6, 17.19
1746625759, 0, 1216, 1380, 1337, 20, 9.28%, 0, 0, 6, 26.32
1746625810, 0, 1219, 1380, 1336, 19, 9.28%, 0, 0, 6, 26.30
1746625815, 0, 1219, 1382, 1338, 19, 9.28%, 0, 0, 6, 16.05
1746625826, 0, 1219, 1384, 1340, 19, 9.28%, 0, 0, 6, 10.20
1746625857, 0, 1219, 1386, 1342, 19, 9.28%, 0, 0, 6, 10.67
1746625862, 0, 1219, 1387, 1343, 19, 9.28%, 0, 0, 6, 11.98
1746625867, 0, 1219, 1388, 1344, 19, 9.28%, 0, 0, 6, 17.89
1746625933, 0, 1219, 1389, 1345, 19, 9.28%, 0, 0, 6, 9.39
1746625943, 0, 1219, 1393, 1349, 19, 9.28%, 0, 0, 6, 10.24
1746625948, 0, 1219, 1395, 1351, 19, 9.28%, 0, 0, 6, 10.07
1746625953, 0, 1219, 1396, 1352, 19, 9.28%, 0, 0, 6, 9.92
1746625959, 0, 1219, 1397, 1353, 19, 9.28%, 0, 0, 6, 9.72
1746626056, 0, 1219, 1398, 1354, 19, 9.28%, 0, 0, 6, 10.11
1746626061, 0, 1219, 1401, 1357, 19, 9.28%, 0, 0, 6, 10.41
1746626117, 0, 1219, 1404, 1360, 19, 9.28%, 0, 0, 6, 12.56
1746626127, 0, 1219, 1405, 1361, 19, 9.28%, 0, 0, 6, 21.82
1746626153, 0, 1236, 1405, 1360, 19, 9.28%, 0, 0, 6, 25.83
1746626169, 0, 1236, 1406, 1361, 19, 9.28%, 0, 0, 6, 11.34
1746626333, 0, 1236, 1407, 1362, 19, 9.28%, 0, 0, 6, 9.89
1746626358, 0, 1236, 1408, 1363, 19, 9.28%, 0, 0, 6, 12.30
1746626574, 0, 1242, 1408, 1362, 19, 9.28%, 0, 0, 6, 22.98
1746626584, 0, 1242, 1410, 1364, 19, 9.28%, 0, 0, 6, 16.67
1746626599, 0, 1242, 1411, 1365, 19, 9.28%, 0, 0, 6, 17.74
1746626610, 0, 1242, 1413, 1367, 19, 9.28%, 0, 0, 6, 18.30
1746626615, 0, 1242, 1414, 1368, 19, 9.28%, 0, 0, 6, 16.73
1746626707, 0, 1242, 1416, 1370, 19, 9.28%, 0, 0, 6, 14.50
1746626712, 0, 1242, 1423, 1377, 19, 9.28%, 0, 0, 6, 15.38
1746626752, 0, 1242, 1424, 1378, 19, 9.28%, 0, 0, 6, 16.63
1746626900, 0, 1243, 1424, 1377, 19, 9.28%, 0, 0, 6, 21.99
1746626911, 0, 1243, 1426, 1379, 19, 9.30%, 0, 0, 6, 13.63
1746626931, 0, 1243, 1428, 1381, 19, 9.30%, 0, 0, 6, 8.17
1746626942, 0, 1243, 1430, 1383, 19, 9.30%, 0, 0, 6, 7.30
1746626947, 0, 1243, 1432, 1385, 19, 9.30%, 0, 0, 6, 6.36
1746626952, 0, 1243, 1436, 1389, 19, 9.32%, 0, 0, 6, 6.14
1746626957, 0, 1243, 1438, 1391, 19, 9.32%, 0, 0, 6, 5.98
1746626962, 0, 1243, 1440, 1393, 19, 9.32%, 0, 0, 6, 6.20
1746626967, 0, 1243, 1441, 1394, 19, 9.32%, 0, 0, 6, 5.83
1746626973, 0, 1243, 1442, 1395, 19, 9.32%, 0, 0, 6, 5.57
1746626978, 0, 1243, 1444, 1397, 19, 9.32%, 0, 0, 6, 5.47
1746626983, 0, 1243, 1446, 1399, 19, 9.32%, 0, 0, 6, 5.34
1746626988, 0, 1243, 1448, 1401, 19, 9.32%, 0, 0, 6, 5.34
1746626994, 0, 1243, 1449, 1402, 19, 9.32%, 0, 0, 6, 5.39
1746627014, 0, 1243, 1450, 1403, 19, 9.32%, 0, 0, 6, 8.54
1746627019, 0, 1243, 1451, 1404, 19, 9.32%, 0, 0, 6, 8.74
1746627034, 0, 1243, 1452, 1405, 19, 9.32%, 0, 0, 6, 7.38
1746627045, 0, 1243, 1453, 1406, 19, 9.32%, 0, 0, 6, 6.21
1746627060, 0, 1243, 1454, 1407, 19, 9.32%, 0, 0, 6, 5.46
1746627065, 0, 1243, 1455, 1408, 19, 9.32%, 0, 0, 6, 5.43
1746627086, 0, 1243, 1456, 1409, 19, 9.32%, 0, 0, 6, 10.13
1746627106, 0, 1243, 1458, 1411, 19, 9.32%, 0, 0, 6, 7.07
1746627111, 0, 1243, 1460, 1413, 19, 9.32%, 0, 0, 6, 6.27
1746627117, 0, 1243, 1461, 1414, 19, 9.32%, 0, 0, 6, 5.93
1746627127, 0, 1243, 1463, 1416, 19, 9.32%, 0, 0, 6, 5.35
1746627137, 0, 1243, 1464, 1417, 19, 9.32%, 0, 0, 6, 5.33
1746627158, 0, 1243, 1465, 1418, 19, 9.32%, 0, 0, 6, 6.87
1746627168, 0, 1243, 1467, 1420, 19, 9.32%, 0, 0, 6, 6.11
1746627235, 0, 1243, 1468, 1421, 19, 9.32%, 0, 0, 6, 11.57
1746627276, 0, 1243, 1469, 1422, 19, 9.32%, 0, 0, 6, 8.21
1746627353, 0, 1243, 1470, 1423, 19, 9.32%, 0, 0, 6, 8.17
1746627358, 0, 1243, 1471, 1424, 19, 9.32%, 0, 0, 6, 7.44
1746627379, 0, 1243, 1472, 1425, 19, 9.32%, 0, 0, 6, 6.77
1746627430, 0, 1243, 1473, 1426, 19, 9.32%, 0, 0, 6, 6.03
1746627441, 0, 1243, 1474, 1427, 19, 9.32%, 0, 0, 6, 6.03
1746627446, 0, 1243, 1475, 1428, 19, 9.32%, 0, 0, 6, 5.99
1746627456, 0, 1243, 1476, 1429, 19, 9.32%, 0, 0, 6, 5.92
1746627570, 0, 1243, 1477, 1430, 19, 9.32%, 0, 0, 6, 5.38
1746627839, 0, 1243, 1478, 1431, 19, 9.32%, 0, 0, 6, 9.31
1746627952, 0, 1243, 1479, 1432, 19, 9.32%, 0, 0, 6, 5.18
1746627998, 0, 1243, 1480, 1433, 19, 9.32%, 0, 0, 6, 5.38
1746628075, 0, 1243, 1482, 1435, 19, 9.32%, 0, 0, 6, 10.12
1746628208, 0, 1243, 1483, 1436, 19, 9.32%, 0, 0, 6, 5.22
1746628218, 0, 1243, 1484, 1437, 19, 9.32%, 0, 0, 6, 5.68
1746628224, 0, 1243, 1485, 1438, 19, 9.32%, 0, 0, 6, 5.47
1746628296, 0, 1243, 1486, 1439, 19, 9.32%, 0, 0, 6, 5.45
1746628306, 0, 1243, 1487, 1440, 19, 9.32%, 0, 0, 6, 5.45
1746628311, 0, 1243, 1488, 1441, 19, 9.32%, 0, 0, 6, 5.46
1746628342, 0, 1243, 1489, 1442, 19, 9.32%, 0, 0, 6, 8.25
1746628352, 0, 1243, 1490, 1443, 19, 9.32%, 0, 0, 6, 7.18
1746628373, 0, 1243, 1491, 1444, 19, 9.32%, 0, 0, 6, 10.97
1746628399, 0, 1251, 1492, 1444, 26, 9.32%, 0, 0, 6, 23.47
1746628404, 0, 1251, 1493, 1445, 26, 9.32%, 0, 0, 6, 26.75
1746628409, 0, 1251, 1494, 1446, 26, 9.32%, 0, 0, 6, 26.73
1746628425, 0, 1251, 1496, 1448, 26, 9.32%, 0, 0, 6, 25.63
1746628430, 0, 1251, 1498, 1450, 26, 9.32%, 0, 0, 6, 25.00
1746628481, 0, 1269, 1498, 1449, 26, 9.32%, 0, 0, 6, 23.35
1746628578, 0, 1269, 1499, 1450, 26, 9.32%, 0, 0, 6, 12.94
1746628762, 0, 1279, 1499, 1449, 25, 9.32%, 0, 0, 6, 31.53
1746628772, 0, 1279, 1500, 1450, 25, 9.32%, 0, 0, 6, 25.56
1746628818, 0, 1279, 1502, 1452, 25, 9.32%, 0, 0, 6, 24.76
1746628905, 0, 1281, 1502, 1451, 24, 9.32%, 0, 0, 6, 27.55
1746629022, 0, 1281, 1503, 1452, 24, 9.32%, 0, 0, 6, 34.07
1746629068, 0, 1302, 1503, 1451, 23, 9.32%, 0, 0, 6, 29.16
1746629448, 0, 1314, 1503, 1450, 22, 9.32%, 0, 0, 6, 14.07
1746629710, 0, 1314, 1504, 1451, 22, 9.32%, 0, 0, 6, 14.27
1746629771, 0, 1321, 1504, 1450, 21, 9.32%, 0, 0, 6, 28.53
1746629776, 0, 1321, 1505, 1451, 21, 9.32%, 0, 0, 6, 17.84
1746629786, 0, 1321, 1506, 1452, 21, 9.32%, 0, 0, 6, 16.93
1746629992, 0, 1342, 1506, 1451, 20, 9.32%, 0, 0, 6, 28.30
1746630299, 0, 1347, 1506, 1450, 19, 9.32%, 0, 0, 6, 25.86
1746630314, 0, 1347, 1508, 1452, 19, 9.32%, 0, 0, 6, 17.58
1746630329, 0, 1347, 1509, 1453, 19, 9.32%, 0, 0, 6, 20.28
1746630339, 0, 1347, 1510, 1454, 19, 9.32%, 0, 0, 6, 15.63
1746630431, 0, 1347, 1511, 1455, 19, 9.32%, 0, 0, 6, 14.64
1746630436, 0, 1347, 1512, 1456, 19, 9.32%, 0, 0, 6, 14.74
1746630609, 0, 1351, 1512, 1455, 19, 9.32%, 0, 0, 6, 28.21
1746630624, 0, 1351, 1513, 1456, 19, 9.32%, 0, 0, 6, 17.83
1746630640, 0, 1351, 1514, 1457, 19, 9.32%, 0, 0, 6, 21.35
1746630655, 0, 1351, 1515, 1458, 19, 9.32%, 0, 0, 6, 18.11
1746630748, 0, 1351, 1517, 1460, 19, 9.32%, 0, 0, 6, 14.86
1746630922, 0, 1356, 1517, 1459, 19, 9.32%, 0, 0, 6, 25.22
1746631269, 0, 1361, 1517, 1458, 19, 9.32%, 0, 0, 6, 23.66
1746631613, 0, 1367, 1517, 1457, 18, 9.32%, 0, 0, 6, 26.24
1746631618, 0, 1367, 1518, 1458, 18, 9.32%, 0, 0, 7, 15.29
1746632002, 0, 1371, 1518, 1457, 18, 9.32%, 0, 0, 7, 29.65
1746632339, 0, 1372, 1518, 1456, 17, 9.32%, 0, 0, 7, 24.75
1746632692, 0, 1377, 1518, 1455, 16, 9.32%, 0, 0, 7, 24.40
1746632891, 0, 1399, 1518, 1454, 16, 9.32%, 0, 0, 7, 26.87
1746632917, 0, 1399, 1519, 1455, 16, 9.32%, 0, 0, 7, 11.57
1746632922, 0, 1399, 1520, 1456, 16, 9.32%, 0, 0, 7, 16.49
1746633014, 0, 1399, 1524, 1460, 16, 9.32%, 0, 0, 7, 11.37
1746633080, 0, 1399, 1525, 1461, 16, 9.32%, 0, 0, 7, 21.23
1746633192, 0, 1399, 1526, 1462, 16, 9.32%, 0, 0, 7, 25.85
1746633213, 0, 1399, 1527, 1463, 16, 9.32%, 0, 0, 7, 28.39
1746633218, 0, 1399, 1528, 1464, 16, 9.32%, 0, 0, 7, 27.91
1746633294, 0, 1399, 1529, 1465, 16, 9.32%, 0, 0, 7, 25.91
1746633391, 0, 1399, 1530, 1466, 16, 9.32%, 0, 0, 7, 27.50
1746633412, 0, 1399, 1531, 1467, 16, 9.33%, 0, 0, 7, 26.04
1746633595, 0, 1402, 1531, 1466, 18, 9.33%, 0, 0, 7, 28.32
1746633626, 0, 1402, 1532, 1467, 18, 9.33%, 0, 0, 7, 15.52
1746633697, 0, 1402, 1533, 1468, 18, 9.33%, 0, 0, 7, 13.70
1746633886, 0, 1406, 1533, 1467, 18, 9.33%, 0, 0, 7, 30.10
1746634364, 0, 1416, 1533, 1466, 17, 9.33%, 0, 0, 7, 14.39
1746634949, 0, 1431, 1533, 1465, 16, 9.33%, 0, 0, 7, 14.79
1746635428, 0, 1431, 1534, 1466, 16, 9.33%, 0, 0, 7, 3.97
1746635433, 0, 1431, 1535, 1467, 16, 9.33%, 0, 0, 7, 3.71
1746635732, 0, 1431, 1536, 1468, 16, 9.33%, 0, 0, 7, 3.19
1746636803, 0, 1431, 1537, 1469, 16, 9.33%, 0, 0, 7, 3.36
1746636901, 0, 1431, 1538, 1470, 16, 9.33%, 0, 0, 7, 5.52
1746636983, 0, 1432, 1538, 1469, 15, 9.33%, 0, 0, 7, 12.46
1746638743, 0, 1432, 1539, 1470, 15, 9.33%, 0, 0, 7, 3.08
1746638759, 0, 1432, 1540, 1471, 15, 9.33%, 0, 0, 7, 2.95
1746638953, 0, 1433, 1540, 1470, 14, 9.33%, 0, 0, 7, 10.69
1746640679, 0, 1457, 1540, 1469, 13, 9.33%, 0, 0, 7, 8.48
1746641789, 0, 1457, 1541, 1470, 13, 9.33%, 0, 0, 7, 6.65
1746641830, 0, 1457, 1542, 1471, 13, 9.33%, 0, 0, 7, 9.86
1746641876, 0, 1486, 1542, 1470, 12, 9.33%, 0, 0, 7, 18.16
1746641932, 0, 1486, 1543, 1471, 12, 9.33%, 0, 0, 7, 5.54
1746641943, 0, 1486, 1544, 1472, 12, 9.33%, 0, 0, 7, 12.60
1746642056, 0, 1486, 1545, 1473, 12, 9.33%, 0, 0, 7, 5.52
1746642436, 0, 1486, 1546, 1474, 12, 9.33%, 0, 0, 7, 5.47
1746642457, 0, 1486, 1547, 1475, 12, 9.34%, 0, 0, 7, 5.48
1746642478, 0, 1486, 1548, 1476, 12, 9.34%, 0, 0, 7, 5.48
1746642483, 0, 1486, 1549, 1477, 12, 9.34%, 0, 0, 7, 5.44
1746643327, 0, 1489, 1549, 1476, 13, 9.34%, 0, 0, 7, 17.25
1746643368, 0, 1489, 1552, 1479, 13, 9.37%, 0, 0, 7, 6.41
1746643373, 0, 1489, 1553, 1480, 13, 9.37%, 0, 0, 7, 6.21
1746643378, 0, 1489, 1555, 1482, 13, 9.39%, 0, 0, 7, 6.17
1746643424, 0, 1489, 1556, 1483, 13, 9.39%, 0, 0, 7, 6.40
1746643471, 0, 1489, 1558, 1485, 13, 9.39%, 0, 0, 7, 6.53
1746643774, 0, 1489, 1559, 1486, 13, 9.39%, 0, 0, 7, 6.19
1746643779, 0, 1489, 1560, 1487, 13, 9.39%, 0, 0, 7, 6.02
1746643934, 0, 1489, 1562, 1489, 13, 9.39%, 0, 0, 7, 5.79
1746643970, 0, 1489, 1563, 1490, 13, 9.39%, 0, 0, 7, 7.10
1746644104, 0, 1489, 1564, 1491, 13, 9.39%, 0, 0, 7, 6.39
1746644109, 0, 1489, 1565, 1492, 13, 9.45%, 0, 0, 7, 6.08
1746644114, 0, 1489, 1567, 1494, 13, 9.45%, 0, 0, 7, 5.95
1746644130, 0, 1489, 1568, 1495, 13, 9.45%, 0, 0, 7, 6.26
1746644135, 0, 1489, 1569, 1496, 13, 9.45%, 0, 0, 7, 6.12
1746644351, 0, 1489, 1570, 1497, 13, 9.45%, 0, 0, 7, 6.36
1746644356, 0, 1489, 1571, 1498, 13, 9.45%, 0, 0, 7, 6.02
1746644367, 0, 1489, 1572, 1499, 13, 9.45%, 0, 0, 7, 6.39
1746644449, 0, 1511, 1572, 1498, 12, 9.45%, 0, 0, 7, 20.65
1746644561, 0, 1511, 1573, 1499, 12, 9.45%, 0, 0, 7, 14.60
1746644724, 0, 1511, 1574, 1500, 12, 9.45%, 0, 0, 7, 18.73
1746644740, 0, 1511, 1575, 1501, 12, 9.45%, 0, 0, 7, 29.30
1746644796, 0, 1512, 1575, 1500, 11, 9.45%, 0, 0, 7, 24.82
1746644806, 0, 1512, 1576, 1501, 11, 9.45%, 0, 0, 7, 16.61
1746645072, 0, 1512, 1577, 1502, 11, 9.46%, 0, 0, 7, 21.40
1746645138, 0, 1529, 1577, 1501, 11, 9.46%, 0, 0, 7, 22.81
1746645246, 0, 1529, 1578, 1502, 11, 9.46%, 0, 0, 8, 14.93
1746645486, 0, 1543, 1578, 1501, 10, 9.46%, 0, 0, 8, 21.14
1746646057, 0, 1543, 1579, 1502, 10, 9.46%, 0, 0, 8, 5.48
1746647065, 0, 1546, 1579, 1501, 9, 9.46%, 0, 0, 8, 20.35
1746647127, 0, 1546, 1580, 1502, 9, 9.46%, 0, 0, 8, 5.46
1746647132, 0, 1546, 1583, 1505, 9, 9.46%, 0, 0, 8, 5.43
1746647137, 0, 1546, 1584, 1506, 9, 9.46%, 0, 0, 8, 5.43
1746647199, 0, 1546, 1585, 1507, 9, 9.46%, 0, 0, 8, 5.40
1746647718, 0, 1546, 1587, 1509, 9, 9.46%, 0, 0, 8, 5.39
1746648568, 0, 1546, 1588, 1510, 9, 9.46%, 0, 0, 8, 3.08
1746648573, 0, 1546, 1589, 1511, 9, 9.46%, 0, 0, 8, 3.03
1746648624, 0, 1552, 1589, 1510, 8, 9.46%, 0, 0, 8, 8.65
1746648701, 0, 1552, 1591, 1512, 8, 9.46%, 0, 0, 8, 3.42
1746648706, 0, 1552, 1592, 1513, 8, 9.46%, 0, 0, 8, 3.38
1746648794, 0, 1552, 1594, 1515, 8, 9.46%, 0, 0, 8, 3.43
1746648799, 0, 1552, 1595, 1516, 8, 9.46%, 0, 0, 8, 3.33
1746648886, 0, 1552, 1596, 1517, 8, 9.46%, 0, 0, 8, 3.47
1746649435, 0, 1552, 1597, 1518, 8, 9.46%, 0, 0, 8, 3.37
1746649440, 0, 1552, 1598, 1519, 8, 9.46%, 0, 0, 8, 3.38
1746649450, 0, 1552, 1599, 1520, 8, 9.46%, 0, 0, 8, 3.34
1746649456, 0, 1552, 1600, 1521, 8, 9.46%, 0, 0, 8, 3.38
1746649461, 0, 1552, 1601, 1522, 8, 9.46%, 0, 0, 8, 3.29
1746649471, 0, 1552, 1602, 1523, 8, 9.46%, 0, 0, 8, 3.28
1746649482, 0, 1552, 1603, 1524, 8, 9.46%, 0, 0, 8, 3.27
1746649990, 0, 1552, 1604, 1525, 8, 9.46%, 0, 0, 8, 3.68
1746650041, 0, 1552, 1605, 1526, 8, 9.46%, 0, 0, 8, 3.39
1746650154, 0, 1552, 1606, 1527, 8, 9.46%, 0, 0, 8, 9.20
1746650345, 0, 1552, 1607, 1528, 8, 9.46%, 0, 0, 8, 6.49
1746650376, 0, 1554, 1607, 1527, 7, 9.46%, 0, 0, 8, 17.42
1746650412, 0, 1554, 1608, 1528, 7, 9.46%, 0, 0, 8, 6.86
1746650514, 0, 1554, 1609, 1529, 7, 9.46%, 0, 0, 8, 6.39
1746651137, 0, 1554, 1610, 1530, 7, 9.46%, 0, 0, 8, 6.40
1746651470, 0, 1564, 1610, 1529, 6, 9.46%, 0, 0, 8, 19.87
1746651517, 0, 1564, 1612, 1531, 6, 9.46%, 0, 0, 8, 5.85
1746651568, 0, 1564, 1613, 1532, 6, 9.46%, 0, 0, 8, 6.18
1746651943, 0, 1564, 1614, 1533, 6, 9.46%, 0, 0, 8, 5.79
1746652136, 0, 1564, 1616, 1535, 6, 9.46%, 0, 0, 8, 6.35
1746652279, 0, 1564, 1617, 1536, 6, 9.46%, 0, 0, 8, 5.92
1746652515, 0, 1564, 1618, 1537, 6, 9.46%, 0, 0, 8, 6.11
1746652520, 0, 1564, 1619, 1538, 6, 9.46%, 0, 0, 8, 6.04
1746652526, 0, 1564, 1621, 1540, 6, 9.46%, 0, 0, 8, 5.23
1746652592, 0, 1564, 1622, 1541, 6, 9.46%, 0, 0, 8, 6.47
1746652598, 0, 1564, 1625, 1544, 6, 9.46%, 0, 0, 8, 5.90
1746652628, 0, 1568, 1625, 1543, 7, 9.46%, 0, 0, 8, 18.36
1746653409, 0, 1568, 1626, 1544, 7, 9.46%, 0, 0, 8, 6.42
1746653415, 0, 1568, 1627, 1545, 7, 9.46%, 0, 0, 8, 6.17
1746653744, 0, 1576, 1627, 1544, 6, 9.46%, 0, 0, 8, 20.90
1746653754, 0, 1576, 1628, 1545, 6, 9.46%, 0, 0, 8, 16.24
1746653764, 0, 1576, 1630, 1547, 6, 9.46%, 0, 0, 8, 14.97
1746653902, 0, 1576, 1631, 1548, 6, 9.46%, 0, 0, 8, 11.19
1746653983, 0, 1576, 1632, 1549, 6, 9.46%, 0, 0, 8, 12.05
1746654106, 0, 1587, 1632, 1548, 6, 9.46%, 0, 0, 8, 28.72
1746654297, 0, 1587, 1633, 1549, 6, 9.46%, 0, 0, 9, 6.65
