# unix_time, cycles_done, cur_path, paths_total, pending_total, pending_favs, map_size, unique_crashes, unique_hangs, max_depth, execs_per_sec
1746712460, 0, 0, 1, 1, 1, 3.78%, 0, 0, 1, 142.86
1746712466, 0, 0, 45, 45, 1, 5.49%, 0, 0, 2, 139.46
1746712471, 0, 0, 72, 72, 1, 5.68%, 0, 0, 2, 138.48
1746712476, 0, 0, 99, 99, 1, 5.68%, 0, 0, 2, 133.84
1746712481, 0, 0, 118, 118, 1, 5.68%, 0, 0, 2, 138.00
1746712486, 0, 0, 133, 133, 1, 5.68%, 0, 0, 2, 136.57
1746712491, 0, 0, 150, 150, 1, 5.68%, 0, 0, 2, 140.15
1746712496, 0, 0, 163, 163, 1, 5.68%, 0, 0, 2, 140.34
1746712502, 0, 0, 170, 170, 1, 5.70%, 0, 0, 2, 141.95
1746712507, 0, 0, 173, 173, 1, 5.70%, 0, 0, 2, 145.16
1746712512, 0, 0, 182, 182, 1, 5.70%, 0, 0, 2, 141.86
1746712517, 0, 0, 186, 186, 1, 5.70%, 0, 0, 2, 144.18
1746712522, 0, 0, 190, 190, 1, 5.78%, 0, 0, 2, 145.49
1746712527, 0, 0, 196, 196, 1, 5.78%, 0, 0, 2, 144.83
1746712533, 0, 0, 203, 203, 1, 5.78%, 0, 0, 2, 146.05
1746712538, 0, 0, 206, 206, 1, 5.78%, 0, 0, 2, 148.47
1746712543, 0, 0, 209, 209, 1, 5.78%, 0, 0, 2, 142.63
1746712548, 0, 0, 219, 219, 1, 5.78%, 0, 0, 2, 139.86
1746712553, 0, 0, 220, 220, 1, 5.78%, 0, 0, 2, 150.26
1746712558, 0, 0, 222, 222, 1, 5.78%, 0, 0, 2, 150.49
1746712563, 0, 0, 226, 226, 1, 5.78%, 0, 0, 2, 145.58
1746712568, 0, 0, 231, 231, 1, 5.78%, 0, 0, 2, 140.16
1746712573, 0, 0, 233, 233, 1, 5.78%, 0, 0, 2, 143.84
1746712579, 0, 0, 238, 238, 1, 5.80%, 0, 0, 2, 141.16
1746712584, 0, 0, 241, 241, 1, 5.80%, 0, 0, 2, 142.84
1746712589, 0, 0, 245, 245, 1, 5.80%, 0, 0, 2, 142.65
1746712594, 0, 0, 250, 250, 1, 5.80%, 0, 0, 2, 140.47
1746712599, 0, 0, 253, 253, 1, 5.80%, 0, 0, 2, 144.93
1746712604, 0, 0, 254, 254, 1, 5.80%, 0, 0, 2, 149.00
1746712610, 0, 0, 255, 255, 1, 5.80%, 0, 0, 2, 148.18
1746712615, 0, 0, 258, 258, 1, 5.80%, 0, 0, 2, 148.37
1746712620, 0, 0, 261, 261, 1, 5.80%, 0, 0, 2, 146.85
1746712625, 0, 0, 264, 264, 1, 5.80%, 0, 0, 2, 144.12
1746712630, 0, 0, 266, 266, 1, 5.80%, 0, 0, 2, 144.16
1746712635, 0, 0, 270, 270, 1, 5.80%, 0, 0, 2, 143.21
1746712640, 0, 0, 271, 271, 1, 5.80%, 0, 0, 2, 145.46
1746712646, 0, 0, 273, 273, 1, 5.80%, 0, 0, 2, 149.52
1746712651, 0, 0, 277, 277, 1, 5.80%, 0, 0, 2, 145.69
1746712656, 0, 0, 279, 279, 1, 5.80%, 0, 0, 2, 144.74
1746712661, 0, 0, 284, 284, 1, 5.80%, 0, 0, 2, 141.09
1746712666, 0, 0, 285, 285, 1, 5.80%, 0, 0, 2, 149.66
1746712671, 0, 0, 288, 288, 1, 5.80%, 0, 0, 2, 146.61
1746712676, 0, 0, 292, 292, 1, 5.80%, 0, 0, 2, 146.21
1746712682, 0, 0, 295, 295, 1, 5.80%, 0, 0, 2, 148.23
1746712687, 0, 0, 297, 297, 1, 5.80%, 0, 0, 2, 149.01
1746712692, 0, 0, 300, 300, 1, 5.80%, 0, 0, 2, 148.89
1746712697, 0, 0, 302, 302, 1, 5.80%, 0, 0, 2, 148.94
1746712702, 0, 0, 303, 303, 1, 5.80%, 0, 0, 2, 149.59
1746712707, 0, 2, 307, 306, 17, 5.80%, 0, 0, 3, 146.66
1746712718, 0, 2, 309, 308, 17, 5.80%, 0, 0, 3, 141.08
1746712723, 0, 2, 312, 311, 17, 5.80%, 0, 0, 3, 146.56
1746712728, 0, 2, 313, 312, 17, 5.80%, 0, 0, 3, 150.68
1746712733, 0, 2, 314, 313, 17, 5.80%, 0, 0, 3, 148.59
1746712738, 0, 2, 315, 314, 17, 5.80%, 0, 0, 3, 151.22
1746712743, 0, 2, 319, 318, 17, 5.80%, 0, 0, 3, 148.69
1746712753, 0, 2, 320, 319, 17, 5.80%, 0, 0, 3, 149.35
1746712759, 0, 2, 322, 321, 17, 5.81%, 0, 0, 3, 148.10
1746712774, 0, 2, 324, 323, 17, 5.81%, 0, 0, 3, 146.41
1746712779, 0, 2, 325, 324, 17, 5.81%, 0, 0, 3, 146.80
1746712789, 0, 2, 327, 326, 17, 5.81%, 0, 0, 3, 148.45
1746712794, 0, 2, 328, 327, 17, 5.81%, 0, 0, 3, 150.35
1746712820, 0, 2, 329, 328, 17, 5.81%, 0, 0, 3, 146.83
1746712825, 0, 2, 332, 331, 17, 5.81%, 0, 0, 3, 143.41
1746712830, 0, 2, 333, 332, 17, 5.81%, 0, 0, 3, 142.31
1746712835, 0, 2, 335, 334, 17, 5.81%, 0, 0, 3, 145.08
1746712846, 0, 2, 336, 335, 17, 5.81%, 0, 0, 3, 146.33
1746712851, 0, 2, 338, 337, 17, 5.81%, 0, 0, 3, 143.43
1746712866, 0, 2, 339, 338, 17, 5.81%, 0, 0, 3, 150.15
1746712871, 0, 2, 341, 340, 17, 5.81%, 0, 0, 3, 149.83
1746712876, 0, 2, 343, 342, 17, 5.81%, 0, 0, 3, 150.55
1746712882, 0, 2, 344, 343, 17, 5.81%, 0, 0, 3, 149.70
1746712887, 0, 2, 345, 344, 17, 5.81%, 0, 0, 3, 150.90
1746712892, 0, 2, 346, 345, 17, 5.81%, 0, 0, 3, 151.77
1746712907, 0, 2, 347, 346, 17, 5.81%, 0, 0, 3, 151.59
1746712927, 0, 2, 348, 347, 17, 5.81%, 0, 0, 3, 135.34
1746712933, 0, 33, 349, 347, 16, 5.81%, 0, 0, 3, 123.59
1746712969, 0, 33, 350, 348, 16, 5.81%, 0, 0, 3, 120.82
1746712979, 0, 33, 353, 351, 16, 5.81%, 0, 0, 3, 121.62
1746712984, 0, 33, 355, 353, 16, 5.81%, 0, 0, 3, 123.68
1746712989, 0, 33, 356, 354, 16, 5.81%, 0, 0, 3, 125.47
1746712999, 0, 33, 359, 357, 16, 5.81%, 0, 0, 3, 120.21
1746713004, 0, 33, 360, 358, 16, 5.81%, 0, 0, 3, 122.37
1746713010, 0, 33, 361, 359, 16, 5.81%, 0, 0, 3, 124.06
1746713015, 0, 33, 363, 361, 16, 5.81%, 0, 0, 3, 123.72
1746713020, 0, 33, 366, 364, 16, 5.81%, 0, 0, 3, 123.80
1746713025, 0, 33, 367, 365, 16, 5.81%, 0, 0, 3, 121.91
1746713041, 0, 33, 368, 366, 16, 5.81%, 0, 0, 3, 124.33
1746713046, 0, 33, 369, 367, 16, 5.81%, 0, 0, 3, 123.36
1746713051, 0, 33, 371, 369, 16, 5.81%, 0, 0, 3, 121.50
1746713056, 0, 33, 372, 370, 16, 5.81%, 0, 0, 3, 125.64
1746713061, 0, 33, 373, 371, 16, 5.81%, 0, 0, 3, 123.83
1746713066, 0, 33, 374, 372, 16, 5.81%, 0, 0, 3, 125.21
1746713077, 0, 33, 375, 373, 16, 5.81%, 0, 0, 3, 126.07
1746713082, 0, 33, 376, 374, 16, 5.81%, 0, 0, 3, 121.38
1746713087, 0, 33, 377, 375, 16, 5.81%, 0, 0, 3, 122.81
1746713102, 0, 33, 380, 378, 16, 5.81%, 0, 0, 3, 121.56
1746713108, 0, 33, 381, 379, 16, 5.81%, 0, 0, 3, 121.55
1746713118, 0, 33, 382, 380, 16, 5.81%, 0, 0, 3, 122.57
1746713144, 0, 33, 384, 382, 16, 5.81%, 0, 0, 3, 122.90
1746713164, 0, 33, 387, 385, 16, 5.81%, 0, 0, 3, 120.61
1746713169, 0, 33, 388, 386, 16, 5.81%, 0, 0, 3, 122.16
1746713175, 0, 33, 389, 387, 16, 5.81%, 0, 0, 3, 121.90
1746713180, 0, 33, 390, 388, 16, 5.81%, 0, 0, 3, 120.28
1746713190, 0, 33, 393, 391, 16, 5.81%, 0, 0, 3, 124.44
1746713195, 0, 33, 396, 394, 16, 5.81%, 0, 0, 3, 121.52
1746713211, 0, 33, 398, 396, 16, 5.81%, 0, 0, 3, 123.39
1746713216, 0, 33, 399, 397, 16, 5.81%, 0, 0, 3, 124.41
1746713221, 0, 33, 400, 398, 16, 5.81%, 0, 0, 3, 124.34
1746713226, 0, 33, 401, 399, 16, 5.81%, 0, 0, 3, 126.60
1746713236, 0, 53, 401, 398, 16, 5.81%, 0, 0, 3, 118.84
1746713282, 0, 53, 402, 399, 16, 5.81%, 0, 0, 3, 120.02
1746713287, 0, 53, 403, 400, 16, 5.81%, 0, 0, 3, 123.39
1746713292, 0, 53, 404, 401, 16, 5.81%, 0, 0, 3, 122.34
1746713297, 0, 53, 407, 404, 16, 5.81%, 0, 0, 3, 122.02
1746713302, 0, 53, 408, 405, 16, 5.81%, 0, 0, 3, 123.83
1746713307, 0, 53, 409, 406, 16, 5.81%, 0, 0, 3, 124.56
1746713313, 0, 53, 410, 407, 16, 5.81%, 0, 0, 3, 123.27
1746713318, 0, 53, 411, 408, 16, 5.81%, 0, 0, 3, 123.97
1746713328, 0, 53, 413, 410, 16, 5.81%, 0, 0, 3, 120.58
1746713359, 0, 53, 414, 411, 16, 5.81%, 0, 0, 3, 121.81
1746713369, 0, 53, 415, 412, 16, 5.81%, 0, 0, 3, 124.35
1746713374, 0, 53, 417, 414, 16, 5.81%, 0, 0, 3, 123.72
1746713379, 0, 53, 419, 416, 16, 5.81%, 0, 0, 3, 120.49
1746713400, 0, 53, 420, 417, 16, 5.81%, 0, 0, 3, 122.53
1746713405, 0, 53, 421, 418, 16, 5.81%, 0, 0, 3, 123.60
1746713425, 0, 53, 423, 420, 16, 5.81%, 0, 0, 3, 121.72
1746713430, 0, 53, 424, 421, 16, 5.81%, 0, 0, 3, 123.16
1746713441, 0, 53, 425, 422, 16, 5.81%, 0, 0, 3, 122.40
1746713446, 0, 53, 426, 423, 16, 5.81%, 0, 0, 3, 121.53
1746713461, 0, 53, 427, 424, 16, 5.81%, 0, 0, 3, 123.38
1746713482, 0, 53, 428, 425, 16, 5.81%, 0, 0, 3, 122.37
1746713487, 0, 53, 429, 426, 16, 5.81%, 0, 0, 3, 121.67
1746713518, 0, 53, 430, 427, 16, 5.81%, 0, 0, 3, 123.11
1746713543, 0, 71, 430, 426, 16, 5.81%, 0, 0, 3, 125.64
1746713589, 0, 71, 432, 428, 16, 5.90%, 0, 0, 3, 114.52
1746713610, 0, 71, 433, 429, 16, 5.90%, 0, 0, 3, 122.68
1746713625, 0, 71, 435, 431, 16, 5.97%, 0, 0, 3, 120.15
1746713635, 0, 71, 436, 432, 16, 5.97%, 0, 0, 3, 118.93
1746713640, 0, 71, 437, 433, 16, 5.97%, 0, 0, 3, 120.29
1746713645, 0, 71, 438, 434, 16, 5.97%, 0, 0, 3, 121.72
1746713650, 0, 71, 440, 436, 16, 5.97%, 0, 0, 3, 116.09
1746713655, 0, 71, 441, 437, 16, 5.97%, 0, 0, 3, 119.88
1746713660, 0, 71, 442, 438, 16, 5.97%, 0, 0, 3, 119.17
1746713676, 0, 71, 445, 441, 16, 5.97%, 0, 0, 3, 118.84
1746713681, 0, 71, 446, 442, 16, 5.97%, 0, 0, 3, 120.51
1746713701, 0, 71, 447, 443, 16, 5.97%, 0, 0, 3, 121.10
1746713711, 0, 71, 448, 444, 16, 5.97%, 0, 0, 3, 122.08
1746713767, 0, 71, 449, 445, 16, 5.97%, 0, 0, 3, 120.22
1746713773, 0, 71, 451, 447, 16, 5.97%, 0, 0, 3, 117.76
1746713819, 0, 71, 452, 448, 16, 5.97%, 0, 0, 3, 122.07
1746713829, 0, 71, 453, 449, 16, 5.97%, 0, 0, 3, 120.87
1746713855, 0, 71, 454, 450, 16, 5.97%, 0, 0, 3, 122.92
1746713860, 0, 73, 454, 449, 14, 5.97%, 0, 0, 3, 116.86
1746713906, 0, 204, 454, 448, 13, 5.97%, 0, 0, 3, 116.82
1746713911, 0, 204, 455, 449, 13, 5.97%, 0, 0, 3, 90.69
1746713931, 0, 204, 456, 450, 13, 5.97%, 0, 0, 3, 84.75
1746714059, 0, 204, 458, 452, 13, 5.97%, 0, 0, 3, 90.97
1746714064, 0, 204, 459, 453, 13, 5.97%, 0, 0, 3, 93.51
1746714069, 0, 204, 462, 456, 13, 5.97%, 0, 0, 3, 94.72
1746714074, 0, 204, 466, 460, 13, 5.97%, 0, 0, 3, 94.36
1746714079, 0, 204, 468, 462, 13, 5.97%, 0, 0, 3, 94.77
1746714084, 0, 204, 469, 463, 13, 5.97%, 0, 0, 3, 95.69
1746714090, 0, 204, 470, 464, 13, 5.97%, 0, 0, 3, 97.61
1746714095, 0, 204, 471, 465, 13, 5.97%, 0, 0, 3, 97.80
1746714100, 0, 204, 473, 467, 13, 5.97%, 0, 0, 3, 95.96
1746714110, 0, 204, 474, 468, 13, 5.97%, 0, 0, 3, 96.26
1746714115, 0, 204, 475, 469, 13, 5.97%, 0, 0, 3, 97.68
1746714120, 0, 204, 476, 470, 13, 5.97%, 0, 0, 3, 96.80
1746714125, 0, 204, 478, 472, 13, 5.97%, 0, 0, 3, 96.39
1746714136, 0, 204, 479, 473, 13, 5.97%, 0, 0, 3, 94.47
1746714146, 0, 204, 480, 474, 13, 5.97%, 0, 0, 3, 96.10
1746714161, 0, 204, 482, 476, 13, 5.97%, 0, 0, 3, 96.64
1746714166, 0, 204, 483, 477, 13, 5.97%, 0, 0, 3, 97.45
1746714177, 0, 204, 484, 478, 13, 5.97%, 0, 0, 3, 97.14
1746714187, 0, 204, 485, 479, 13, 5.97%, 0, 0, 3, 95.05
1746714192, 0, 204, 486, 480, 13, 5.97%, 0, 0, 3, 95.19
1746714207, 0, 204, 487, 481, 13, 5.97%, 0, 0, 3, 95.06
1746714218, 0, 204, 488, 482, 13, 5.97%, 0, 0, 3, 93.69
1746714223, 0, 204, 489, 483, 13, 5.97%, 0, 0, 3, 94.74
1746714228, 0, 204, 491, 485, 13, 5.97%, 0, 0, 3, 95.29
1746714238, 0, 204, 492, 486, 13, 5.97%, 0, 0, 3, 96.31
1746714259, 0, 204, 493, 487, 13, 5.97%, 0, 0, 3, 97.17
1746714264, 0, 204, 494, 488, 13, 5.97%, 0, 0, 3, 95.24
1746714269, 0, 204, 495, 489, 13, 5.97%, 0, 0, 3, 94.87
1746714300, 0, 204, 496, 490, 13, 5.97%, 0, 0, 3, 96.23
1746714310, 0, 204, 497, 491, 13, 5.97%, 0, 0, 3, 95.68
1746714315, 0, 204, 498, 492, 13, 5.97%, 0, 0, 3, 94.10
1746714330, 0, 204, 499, 493, 13, 5.97%, 0, 0, 3, 96.35
1746714346, 0, 204, 500, 494, 13, 5.97%, 0, 0, 3, 97.22
1746714356, 0, 204, 501, 495, 13, 5.97%, 0, 0, 3, 95.89
1746714382, 0, 204, 502, 496, 13, 5.97%, 0, 0, 3, 96.17
1746714387, 0, 204, 503, 497, 13, 5.97%, 0, 0, 3, 97.76
1746714402, 0, 217, 503, 496, 11, 5.97%, 0, 0, 3, 105.95
1746714458, 0, 227, 503, 495, 11, 5.97%, 0, 0, 3, 93.22
1746714617, 0, 227, 504, 496, 11, 5.97%, 0, 0, 3, 84.28
1746714632, 0, 227, 507, 499, 11, 5.97%, 0, 0, 3, 94.50
1746714637, 0, 227, 508, 500, 11, 5.97%, 0, 0, 3, 94.56
1746714643, 0, 227, 510, 502, 11, 5.97%, 0, 0, 3, 96.43
1746714678, 0, 227, 512, 504, 11, 6.09%, 0, 0, 3, 93.24
1746714684, 0, 227, 513, 505, 11, 6.09%, 0, 0, 3, 95.62
1746714699, 0, 227, 514, 506, 11, 6.09%, 0, 0, 3, 94.86
1746714704, 0, 227, 515, 507, 11, 6.09%, 0, 0, 3, 94.24
1746714709, 0, 227, 516, 508, 11, 6.09%, 0, 0, 3, 94.71
1746714740, 0, 227, 517, 509, 11, 6.09%, 0, 0, 3, 98.01
1746714750, 0, 227, 518, 510, 11, 6.09%, 0, 0, 3, 95.04
1746714755, 0, 227, 519, 511, 11, 6.10%, 0, 0, 3, 93.29
1746714760, 0, 227, 521, 513, 11, 6.10%, 0, 0, 3, 91.14
1746714766, 0, 227, 523, 515, 11, 6.10%, 0, 0, 3, 94.12
1746714771, 0, 227, 524, 516, 11, 6.10%, 0, 0, 3, 93.76
1746714776, 0, 227, 525, 517, 11, 6.10%, 0, 0, 3, 95.08
1746714786, 0, 227, 527, 519, 11, 6.10%, 0, 0, 3, 92.97
1746714807, 0, 227, 528, 520, 11, 6.10%, 0, 0, 3, 93.18
1746714812, 0, 227, 529, 521, 11, 6.10%, 0, 0, 3, 92.46
1746714832, 0, 227, 530, 522, 11, 6.10%, 0, 0, 3, 92.68
1746714847, 0, 227, 531, 523, 11, 6.10%, 0, 0, 3, 96.54
1746714853, 0, 227, 532, 524, 11, 6.10%, 0, 0, 3, 95.08
1746714863, 0, 227, 533, 525, 11, 6.10%, 0, 0, 3, 95.94
1746714873, 0, 227, 534, 526, 11, 6.10%, 0, 0, 3, 93.35
1746714883, 0, 227, 535, 527, 11, 6.10%, 0, 0, 3, 94.56
1746714888, 0, 227, 536, 528, 11, 6.10%, 0, 0, 3, 96.87
1746714894, 0, 227, 537, 529, 11, 6.10%, 0, 0, 3, 95.59
1746714899, 0, 227, 538, 530, 11, 6.10%, 0, 0, 3, 95.84
1746714909, 0, 227, 539, 531, 11, 6.10%, 0, 0, 3, 94.18
1746714924, 0, 227, 541, 533, 11, 6.10%, 0, 0, 3, 93.15
1746714935, 0, 227, 542, 534, 11, 6.10%, 0, 0, 3, 92.65
1746714976, 0, 273, 542, 533, 11, 6.10%, 0, 0, 3, 95.19
1746715077, 0, 315, 542, 532, 10, 6.10%, 0, 0, 3, 94.22
1746715194, 0, 315, 543, 533, 10, 6.10%, 0, 0, 4, 98.19
1746715209, 0, 318, 543, 532, 9, 6.10%, 0, 0, 4, 98.08
1746715357, 0, 318, 544, 533, 9, 6.10%, 0, 0, 4, 100.96
1746715368, 0, 318, 545, 534, 9, 6.10%, 0, 0, 4, 101.23
1746715373, 0, 318, 546, 535, 9, 6.10%, 0, 0, 4, 102.92
1746715408, 0, 318, 547, 536, 9, 6.10%, 0, 0, 4, 100.73
1746715418, 0, 318, 548, 537, 9, 6.10%, 0, 0, 4, 100.49
1746715429, 0, 318, 549, 538, 9, 6.10%, 0, 0, 4, 100.45
1746715439, 0, 318, 550, 539, 9, 6.10%, 0, 0, 4, 101.06
1746715469, 0, 318, 551, 540, 9, 6.10%, 0, 0, 4, 102.02
1746715530, 0, 318, 553, 542, 9, 6.10%, 0, 0, 4, 100.18
1746715535, 0, 318, 554, 543, 9, 6.10%, 0, 0, 4, 100.62
1746715550, 0, 318, 555, 544, 9, 6.10%, 0, 0, 4, 102.42
1746715565, 0, 318, 556, 545, 9, 6.10%, 0, 0, 4, 100.70
1746715575, 0, 318, 557, 546, 9, 6.10%, 0, 0, 4, 100.11
1746715611, 0, 318, 558, 547, 9, 6.10%, 0, 0, 4, 103.00
1746715657, 0, 318, 559, 548, 9, 6.10%, 0, 0, 4, 101.61
1746715672, 0, 321, 559, 547, 10, 6.10%, 0, 0, 4, 102.38
1746715820, 0, 388, 559, 546, 9, 6.10%, 0, 0, 4, 85.74
1746715871, 0, 388, 560, 547, 9, 6.10%, 0, 0, 4, 62.31
1746716319, 0, 388, 563, 550, 9, 6.10%, 0, 0, 4, 66.39
1746716324, 0, 388, 566, 553, 9, 6.10%, 0, 0, 4, 68.94
1746716329, 0, 388, 568, 555, 9, 6.10%, 0, 0, 4, 68.99
1746716334, 0, 388, 570, 557, 9, 6.10%, 0, 0, 4, 68.78
1746716340, 0, 388, 572, 559, 9, 6.10%, 0, 0, 4, 68.81
1746716345, 0, 388, 573, 560, 9, 6.10%, 0, 0, 4, 70.01
1746716350, 0, 388, 577, 564, 9, 6.10%, 0, 0, 4, 69.94
1746716355, 0, 388, 578, 565, 9, 6.10%, 0, 0, 4, 70.85
1746716360, 0, 388, 581, 568, 9, 6.10%, 0, 0, 4, 67.64
1746716366, 0, 388, 584, 571, 9, 6.10%, 0, 0, 4, 66.76
1746716371, 0, 388, 586, 573, 9, 6.10%, 0, 0, 4, 69.17
1746716381, 0, 388, 587, 574, 9, 6.10%, 0, 0, 4, 71.51
1746716391, 0, 388, 588, 575, 9, 6.10%, 0, 0, 4, 69.19
1746716396, 0, 388, 589, 576, 9, 6.10%, 0, 0, 4, 71.18
1746716401, 0, 388, 593, 580, 9, 6.10%, 0, 0, 4, 70.05
1746716406, 0, 388, 594, 581, 9, 6.10%, 0, 0, 4, 70.29
1746716422, 0, 388, 595, 582, 9, 6.10%, 0, 0, 4, 72.39
1746716437, 0, 388, 597, 584, 9, 6.10%, 0, 0, 4, 71.03
1746716443, 0, 388, 599, 586, 9, 6.10%, 0, 0, 4, 70.23
1746716448, 0, 388, 600, 587, 9, 6.10%, 0, 0, 4, 69.57
1746716453, 0, 388, 601, 588, 9, 6.10%, 0, 0, 4, 71.46
1746716458, 0, 388, 602, 589, 9, 6.10%, 0, 0, 4, 70.13
1746716463, 0, 388, 603, 590, 9, 6.10%, 0, 0, 4, 69.43
1746716468, 0, 388, 604, 591, 9, 6.10%, 0, 0, 4, 69.91
1746716484, 0, 388, 605, 592, 9, 6.10%, 0, 0, 4, 70.26
1746716489, 0, 388, 607, 594, 9, 6.10%, 0, 0, 4, 69.11
1746716494, 0, 388, 608, 595, 9, 6.10%, 0, 0, 4, 72.29
1746716499, 0, 388, 609, 596, 9, 6.10%, 0, 0, 4, 71.20
1746716510, 0, 388, 611, 598, 9, 6.10%, 0, 0, 4, 69.22
1746716525, 0, 388, 612, 599, 9, 6.10%, 0, 0, 4, 71.00
1746716535, 0, 388, 614, 601, 9, 6.10%, 0, 0, 4, 69.53
1746716541, 0, 388, 617, 604, 9, 6.10%, 0, 0, 4, 68.04
1746716546, 0, 388, 618, 605, 9, 6.10%, 0, 0, 4, 69.26
1746716551, 0, 388, 619, 606, 9, 6.10%, 0, 0, 4, 71.46
1746716556, 0, 388, 620, 607, 9, 6.10%, 0, 0, 4, 71.54
1746716561, 0, 388, 621, 608, 9, 6.10%, 0, 0, 4, 70.79
1746716577, 0, 388, 622, 609, 9, 6.10%, 0, 0, 4, 71.22
1746716582, 0, 388, 623, 610, 9, 6.10%, 0, 0, 4, 70.33
1746716592, 0, 388, 624, 611, 9, 6.10%, 0, 0, 4, 69.76
1746716623, 0, 388, 625, 612, 9, 6.10%, 0, 0, 4, 70.95
1746716649, 0, 388, 626, 613, 9, 6.10%, 0, 0, 4, 72.36
1746716654, 0, 388, 627, 614, 9, 6.10%, 0, 0, 4, 72.60
1746716659, 0, 388, 628, 615, 9, 6.10%, 0, 0, 4, 71.61
1746716670, 0, 388, 629, 616, 9, 6.10%, 0, 0, 4, 71.39
1746716680, 0, 388, 630, 617, 9, 6.10%, 0, 0, 4, 71.85
1746716685, 0, 388, 631, 618, 9, 6.10%, 0, 0, 4, 70.99
1746716706, 0, 388, 632, 619, 9, 6.10%, 0, 0, 4, 72.23
1746716721, 0, 388, 633, 620, 9, 6.10%, 0, 0, 4, 71.56
1746716731, 0, 388, 635, 622, 9, 6.10%, 0, 0, 4, 70.15
1746716742, 0, 388, 636, 623, 9, 6.10%, 0, 0, 4, 68.88
1746716752, 0, 388, 637, 624, 9, 6.10%, 0, 0, 4, 71.17
1746716773, 0, 388, 639, 626, 9, 6.10%, 0, 0, 4, 69.43
1746716783, 0, 388, 640, 627, 9, 6.10%, 0, 0, 4, 69.67
1746716788, 0, 406, 640, 626, 10, 6.10%, 0, 0, 4, 73.77
1746717021, 0, 416, 640, 625, 9, 6.10%, 0, 0, 4, 72.24
1746717372, 0, 433, 640, 624, 9, 6.10%, 0, 0, 4, 55.98
1746717377, 0, 433, 641, 625, 9, 6.10%, 0, 0, 4, 49.03
1746717383, 0, 433, 643, 627, 9, 6.10%, 0, 0, 4, 48.09
1746717449, 0, 433, 644, 628, 9, 6.10%, 0, 0, 4, 47.09
1746717454, 0, 433, 645, 629, 9, 6.10%, 0, 0, 4, 47.06
1746717677, 0, 433, 646, 630, 9, 6.10%, 0, 0, 4, 47.12
1746718150, 0, 433, 648, 632, 9, 6.10%, 0, 0, 4, 49.17
1746718155, 0, 433, 656, 640, 9, 6.10%, 0, 0, 4, 50.93
1746718160, 0, 433, 661, 645, 9, 6.10%, 0, 0, 4, 52.03
1746718165, 0, 433, 665, 649, 9, 6.10%, 0, 0, 4, 52.80
1746718170, 0, 433, 666, 650, 9, 6.10%, 0, 0, 4, 53.38
1746718175, 0, 433, 669, 653, 9, 6.10%, 0, 0, 4, 53.21
1746718180, 0, 433, 672, 656, 9, 6.10%, 0, 0, 4, 53.71
1746718185, 0, 433, 676, 660, 9, 6.10%, 0, 0, 4, 51.55
1746718190, 0, 433, 678, 662, 9, 6.10%, 0, 0, 4, 52.57
1746718195, 0, 433, 679, 663, 9, 6.10%, 0, 0, 4, 53.88
1746718200, 0, 433, 681, 665, 9, 6.10%, 0, 0, 4, 53.74
1746718206, 0, 433, 682, 666, 9, 6.10%, 0, 0, 4, 54.43
1746718211, 0, 433, 684, 668, 9, 6.10%, 0, 0, 4, 53.32
1746718216, 0, 433, 687, 671, 9, 6.10%, 0, 0, 4, 53.95
1746718221, 0, 433, 688, 672, 9, 6.10%, 0, 0, 4, 53.45
1746718231, 0, 433, 689, 673, 9, 6.10%, 0, 0, 4, 54.64
1746718236, 0, 433, 690, 674, 9, 6.10%, 0, 0, 4, 54.86
1746718241, 0, 433, 693, 677, 9, 6.10%, 0, 0, 4, 53.20
1746718246, 0, 433, 697, 681, 9, 6.10%, 0, 0, 4, 52.78
1746718251, 0, 433, 698, 682, 9, 6.10%, 0, 0, 4, 53.68
1746718256, 0, 433, 700, 684, 9, 6.10%, 0, 0, 4, 52.61
1746718261, 0, 433, 702, 686, 9, 6.10%, 0, 0, 4, 54.27
1746718266, 0, 433, 705, 689, 9, 6.10%, 0, 0, 4, 54.08
1746718272, 0, 433, 706, 690, 9, 6.10%, 0, 0, 4, 52.62
1746718277, 0, 433, 708, 692, 9, 6.10%, 0, 0, 4, 54.16
1746718282, 0, 433, 709, 693, 9, 6.10%, 0, 0, 4, 54.63
1746718302, 0, 433, 710, 694, 9, 6.10%, 0, 0, 4, 53.59
1746718307, 0, 433, 711, 695, 9, 6.10%, 0, 0, 4, 53.03
1746718317, 0, 433, 712, 696, 9, 6.10%, 0, 0, 4, 54.09
1746718327, 0, 433, 713, 697, 9, 6.10%, 0, 0, 4, 54.46
1746718338, 0, 433, 714, 698, 9, 6.10%, 0, 0, 4, 53.75
1746718343, 0, 433, 715, 699, 9, 6.10%, 0, 0, 4, 53.91
1746718368, 0, 433, 716, 700, 9, 6.10%, 0, 0, 4, 55.97
1746718373, 0, 433, 717, 701, 9, 6.10%, 0, 0, 4, 54.11
1746718389, 0, 433, 718, 702, 9, 6.10%, 0, 0, 4, 53.21
1746718399, 0, 433, 719, 703, 9, 6.10%, 0, 0, 4, 55.72
1746718409, 0, 433, 721, 705, 9, 6.10%, 0, 0, 4, 54.44
1746718440, 0, 433, 722, 706, 9, 6.10%, 0, 0, 4, 54.20
1746718450, 0, 433, 724, 708, 9, 6.10%, 0, 0, 4, 53.84
1746718465, 0, 433, 725, 709, 9, 6.10%, 0, 0, 4, 54.05
1746718480, 0, 433, 726, 710, 9, 6.10%, 0, 0, 4, 52.49
1746718490, 0, 433, 727, 711, 9, 6.11%, 0, 0, 4, 53.70
1746718495, 0, 433, 728, 712, 9, 6.11%, 0, 0, 4, 54.97
1746718500, 0, 433, 729, 713, 9, 6.11%, 0, 0, 4, 55.32
1746718516, 0, 433, 730, 714, 9, 6.11%, 0, 0, 4, 54.38
1746718541, 0, 433, 731, 715, 9, 6.11%, 0, 0, 4, 54.61
1746718571, 0, 433, 732, 716, 9, 6.11%, 0, 0, 4, 53.91
1746718612, 0, 433, 733, 717, 9, 6.11%, 0, 0, 4, 52.53
1746718617, 0, 451, 733, 716, 8, 6.11%, 0, 0, 4, 60.74
1746718799, 0, 462, 733, 715, 7, 6.11%, 0, 0, 4, 73.34
1746719160, 0, 517, 733, 714, 7, 6.11%, 0, 0, 4, 79.11
1746719308, 0, 546, 733, 713, 6, 6.11%, 0, 0, 4, 75.83
1746719380, 0, 546, 734, 714, 6, 6.11%, 0, 0, 5, 55.32
1746719825, 0, 546, 735, 715, 6, 6.11%, 0, 0, 5, 60.93
1746719830, 0, 546, 736, 716, 6, 6.11%, 0, 0, 5, 63.86
1746719835, 0, 546, 738, 718, 6, 6.11%, 0, 0, 5, 64.82
1746719845, 0, 546, 739, 719, 6, 6.11%, 0, 0, 5, 65.47
1746719850, 0, 546, 740, 720, 6, 6.11%, 0, 0, 5, 66.23
1746719855, 0, 546, 741, 721, 6, 6.11%, 0, 0, 5, 65.86
1746719886, 0, 546, 742, 722, 6, 6.11%, 0, 0, 5, 63.87
1746719891, 0, 546, 743, 723, 6, 6.11%, 0, 0, 5, 64.41
1746719907, 0, 546, 744, 724, 6, 6.47%, 0, 0, 5, 64.57
1746719912, 0, 546, 747, 727, 6, 6.47%, 0, 0, 5, 64.61
1746719917, 0, 546, 748, 728, 6, 6.47%, 0, 0, 5, 64.38
1746719922, 0, 546, 749, 729, 6, 6.47%, 0, 0, 5, 63.65
1746719948, 0, 546, 750, 730, 6, 6.47%, 0, 0, 5, 64.12
1746719994, 0, 546, 751, 731, 6, 6.48%, 0, 0, 5, 64.33
1746720025, 0, 546, 752, 732, 6, 6.54%, 0, 0, 5, 63.92
1746720045, 0, 546, 753, 733, 6, 6.54%, 0, 0, 5, 63.04
1746720051, 0, 546, 754, 734, 6, 6.54%, 0, 0, 5, 62.78
1746720333, 0, 679, 754, 733, 7, 6.54%, 0, 0, 5, 51.59
1746721025, 0, 679, 755, 734, 7, 6.54%, 0, 0, 5, 52.32
1746721051, 0, 679, 756, 735, 7, 6.54%, 0, 0, 5, 52.67
1746721066, 0, 679, 757, 736, 7, 6.54%, 0, 0, 5, 53.39
1746721096, 0, 679, 759, 738, 7, 6.54%, 0, 0, 5, 51.45
1746721158, 0, 679, 760, 739, 7, 6.54%, 0, 0, 5, 54.27
1746721183, 0, 679, 761, 740, 7, 6.54%, 0, 0, 5, 54.33
1746721284, 0, 679, 762, 741, 7, 6.54%, 0, 0, 5, 52.48
1746721411, 0, 679, 763, 742, 7, 6.54%, 0, 0, 5, 54.96
1746721477, 0, 726, 763, 741, 6, 6.54%, 0, 0, 5, 52.65
1746721492, 0, 726, 764, 742, 6, 6.54%, 0, 0, 5, 51.79
1746722138, 0, 726, 765, 743, 6, 6.54%, 0, 0, 5, 57.97
1746722179, 0, 726, 766, 744, 6, 6.54%, 0, 0, 5, 57.30
1746722184, 0, 726, 767, 745, 6, 6.54%, 0, 0, 5, 58.30
1746722234, 0, 726, 768, 746, 6, 6.54%, 0, 0, 5, 58.21
1746722311, 0, 726, 769, 747, 6, 6.54%, 0, 0, 5, 57.70
1746722582, 0, 726, 770, 748, 6, 6.54%, 0, 0, 5, 59.12
1746722603, 0, 726, 771, 749, 6, 6.54%, 0, 0, 5, 59.47
1746722675, 0, 734, 772, 749, 6, 6.54%, 0, 0, 5, 53.72
1746722695, 0, 734, 773, 750, 6, 6.54%, 0, 0, 6, 49.29
1746723326, 0, 734, 774, 751, 6, 6.54%, 0, 0, 6, 56.93
1746723331, 0, 734, 775, 752, 6, 6.54%, 0, 0, 6, 57.20
1746723346, 0, 734, 776, 753, 6, 6.54%, 0, 0, 6, 58.24
1746723382, 0, 734, 777, 754, 6, 6.54%, 0, 0, 6, 59.35
1746723499, 0, 734, 778, 755, 6, 6.54%, 0, 0, 6, 58.73
1746723525, 0, 734, 780, 757, 6, 6.54%, 0, 0, 6, 57.99
1746723530, 0, 734, 781, 758, 6, 6.54%, 0, 0, 6, 58.83
1746723545, 0, 734, 782, 759, 6, 6.54%, 0, 0, 6, 58.31
1746723591, 0, 734, 783, 760, 6, 6.54%, 0, 0, 6, 58.22
1746723673, 0, 734, 784, 761, 6, 6.54%, 0, 0, 6, 56.59
1746723683, 0, 734, 786, 763, 6, 6.54%, 0, 0, 6, 56.14
1746723714, 0, 734, 787, 764, 6, 6.54%, 0, 0, 6, 57.61
1746723831, 0, 734, 788, 765, 6, 6.54%, 0, 0, 6, 57.14
1746723887, 0, 751, 788, 764, 6, 6.54%, 0, 0, 6, 47.31
1746723923, 0, 751, 789, 765, 6, 6.54%, 0, 0, 6, 43.36
1746724005, 0, 751, 790, 766, 6, 6.54%, 0, 0, 6, 43.66
1746724015, 0, 751, 791, 767, 6, 6.54%, 0, 0, 6, 45.01
1746724021, 0, 751, 792, 768, 6, 6.54%, 0, 0, 6, 43.94
1746724680, 0, 751, 793, 769, 6, 6.54%, 0, 0, 6, 45.45
1746724737, 0, 751, 795, 771, 6, 6.54%, 0, 0, 6, 43.45
1746724763, 0, 751, 796, 772, 6, 6.54%, 0, 0, 6, 47.02
1746724773, 0, 751, 800, 776, 6, 6.55%, 0, 0, 6, 51.25
1746724778, 0, 751, 803, 779, 6, 6.56%, 0, 0, 6, 50.94
1746724783, 0, 751, 805, 781, 6, 6.56%, 0, 0, 6, 51.91
1746724788, 0, 751, 806, 782, 6, 6.56%, 0, 0, 6, 52.03
1746724793, 0, 751, 807, 783, 6, 6.56%, 0, 0, 6, 52.30
1746724798, 0, 751, 808, 784, 6, 6.57%, 0, 0, 6, 52.93
1746724804, 0, 751, 810, 786, 6, 6.57%, 0, 0, 6, 51.08
1746724824, 0, 751, 811, 787, 6, 6.57%, 0, 0, 6, 52.06
1746724829, 0, 751, 812, 788, 6, 6.57%, 0, 0, 6, 50.92
1746724834, 0, 751, 813, 789, 6, 6.57%, 0, 0, 6, 51.56
1746724839, 0, 751, 815, 791, 6, 6.57%, 0, 0, 6, 50.65
1746724844, 0, 751, 817, 793, 6, 6.81%, 0, 0, 6, 49.43
1746724849, 0, 751, 819, 795, 6, 6.81%, 0, 0, 6, 51.85
1746724854, 0, 751, 820, 796, 6, 6.81%, 0, 0, 6, 51.42
1746724869, 0, 751, 821, 797, 6, 6.81%, 0, 0, 6, 52.10
1746724879, 0, 751, 822, 798, 6, 6.81%, 0, 0, 6, 53.06
1746724899, 0, 751, 823, 799, 6, 6.81%, 0, 0, 6, 52.51
1746724925, 0, 751, 824, 800, 6, 6.81%, 0, 0, 6, 52.62
1746724986, 0, 751, 826, 802, 6, 6.81%, 0, 0, 6, 51.64
1746725011, 0, 751, 827, 803, 6, 6.81%, 0, 0, 6, 52.24
1746725021, 0, 751, 829, 805, 6, 6.81%, 0, 0, 6, 52.42
1746725042, 0, 751, 830, 806, 6, 6.81%, 0, 0, 6, 53.25
1746725057, 0, 751, 831, 807, 6, 6.81%, 0, 0, 6, 51.60
1746725062, 0, 751, 832, 808, 6, 6.81%, 0, 0, 6, 52.29
1746725097, 0, 751, 833, 809, 6, 6.81%, 0, 0, 6, 53.49
1746725133, 0, 751, 834, 810, 6, 6.81%, 0, 0, 6, 54.57
1746725183, 0, 751, 835, 811, 6, 6.81%, 0, 0, 6, 53.39
1746725219, 0, 751, 836, 812, 6, 6.81%, 0, 0, 6, 52.28
1746725239, 0, 763, 836, 811, 8, 6.81%, 0, 0, 6, 51.80
1746725916, 0, 776, 836, 810, 7, 6.81%, 0, 0, 6, 52.88
1746726563, 0, 780, 836, 809, 6, 6.81%, 0, 0, 6, 47.23
1746726584, 0, 780, 837, 810, 6, 6.81%, 0, 0, 7, 38.87
1746727325, 0, 780, 838, 811, 6, 6.81%, 0, 0, 7, 39.79
1746727808, 0, 780, 841, 814, 6, 6.81%, 0, 0, 7, 42.84
1746727813, 0, 780, 842, 815, 6, 6.81%, 0, 0, 7, 43.22
1746727818, 0, 780, 843, 816, 6, 6.81%, 0, 0, 7, 43.08
1746727829, 0, 780, 844, 817, 6, 6.81%, 0, 0, 7, 43.24
1746727839, 0, 780, 845, 818, 6, 6.81%, 0, 0, 7, 43.34
1746727849, 0, 780, 846, 819, 6, 6.81%, 0, 0, 7, 42.91
1746727859, 0, 780, 847, 820, 6, 6.81%, 0, 0, 7, 44.12
1746727895, 0, 780, 849, 822, 6, 6.81%, 0, 0, 7, 42.43
1746727900, 0, 780, 850, 823, 6, 6.81%, 0, 0, 7, 43.28
1746727905, 0, 780, 852, 825, 6, 6.81%, 0, 0, 7, 42.84
1746727915, 0, 780, 853, 826, 6, 6.81%, 0, 0, 7, 43.88
1746727925, 0, 780, 854, 827, 6, 6.81%, 0, 0, 7, 42.49
1746727930, 0, 780, 855, 828, 6, 6.81%, 0, 0, 7, 42.59
1746727971, 0, 780, 856, 829, 6, 6.81%, 0, 0, 7, 44.28
1746728032, 0, 780, 857, 830, 6, 6.81%, 0, 0, 7, 43.53
1746728062, 0, 780, 858, 831, 6, 6.81%, 0, 0, 7, 43.68
1746728067, 0, 780, 859, 832, 6, 6.81%, 0, 0, 7, 44.82
1746728077, 0, 780, 860, 833, 6, 6.81%, 0, 0, 7, 43.21
1746728098, 0, 780, 861, 834, 6, 6.81%, 0, 0, 7, 43.42
1746728108, 0, 780, 862, 835, 6, 6.81%, 0, 0, 7, 43.93
1746728123, 0, 780, 863, 836, 6, 6.81%, 0, 0, 7, 44.71
1746728143, 0, 780, 864, 837, 6, 6.81%, 0, 0, 7, 43.57
1746728184, 0, 780, 865, 838, 6, 6.81%, 0, 0, 7, 43.70
1746728245, 0, 780, 866, 839, 6, 6.81%, 0, 0, 7, 43.81
1746728326, 0, 780, 867, 840, 6, 6.81%, 0, 0, 7, 44.61
1746728366, 0, 808, 867, 839, 5, 6.81%, 0, 0, 7, 45.91
1746729185, 0, 808, 868, 840, 5, 6.81%, 0, 0, 7, 55.06
1746729216, 0, 808, 869, 841, 5, 6.81%, 0, 0, 7, 54.12
1746729251, 0, 808, 870, 842, 5, 6.81%, 0, 0, 7, 53.67
1746729332, 0, 808, 871, 843, 5, 6.81%, 0, 0, 7, 55.17
1746729352, 0, 808, 872, 844, 5, 6.81%, 0, 0, 7, 53.44
1746729428, 0, 808, 873, 845, 5, 6.81%, 0, 0, 7, 55.05
1746729580, 0, 808, 874, 846, 5, 6.81%, 0, 0, 7, 53.22
1746729768, 0, 814, 874, 845, 5, 6.81%, 0, 0, 7, 52.34
1746731022, 0, 816, 874, 844, 4, 6.81%, 0, 0, 7, 43.86
1746731063, 0, 816, 875, 845, 4, 6.81%, 0, 0, 7, 29.69
1746731068, 0, 816, 876, 846, 4, 6.81%, 0, 0, 7, 30.16
1746731089, 0, 816, 881, 851, 4, 6.85%, 0, 0, 7, 29.29
1746731094, 0, 816, 884, 854, 4, 6.85%, 0, 0, 7, 29.06
1746731099, 0, 816, 888, 858, 4, 6.85%, 0, 0, 7, 29.18
1746731166, 0, 816, 889, 859, 4, 6.85%, 0, 0, 7, 31.13
1746731268, 0, 816, 890, 860, 4, 6.85%, 0, 0, 7, 30.40
1746731273, 0, 816, 891, 861, 4, 6.85%, 0, 0, 7, 29.68
1746731284, 0, 816, 892, 862, 4, 6.85%, 0, 0, 7, 29.14
1746731289, 0, 816, 893, 863, 4, 6.85%, 0, 0, 7, 29.14
1746731330, 0, 816, 898, 868, 4, 7.01%, 0, 0, 7, 31.46
1746731340, 0, 816, 901, 871, 4, 7.02%, 0, 0, 7, 34.02
1746731345, 0, 816, 903, 873, 4, 7.02%, 0, 0, 7, 30.17
1746732365, 0, 816, 904, 874, 4, 7.02%, 0, 0, 7, 30.62
1746732396, 0, 816, 905, 875, 4, 7.25%, 0, 0, 7, 29.09
1746732745, 0, 816, 906, 876, 4, 7.25%, 0, 0, 7, 33.83
1746732765, 0, 816, 907, 877, 4, 7.25%, 0, 0, 7, 32.69
1746732817, 0, 816, 910, 880, 4, 7.25%, 0, 0, 7, 29.25
1746732894, 0, 816, 911, 881, 4, 7.25%, 0, 0, 7, 29.09
1746732965, 0, 816, 914, 884, 4, 7.25%, 0, 0, 7, 37.09
1746732970, 0, 816, 916, 886, 4, 7.25%, 0, 0, 7, 39.33
1746732975, 0, 816, 918, 888, 4, 7.25%, 0, 0, 7, 39.66
1746732981, 0, 816, 920, 890, 4, 7.25%, 0, 0, 7, 40.66
1746732991, 0, 816, 925, 895, 4, 7.25%, 0, 0, 7, 39.64
1746732996, 0, 816, 928, 898, 4, 7.25%, 0, 0, 7, 40.81
1746733001, 0, 816, 930, 900, 4, 7.25%, 0, 0, 7, 40.44
1746733006, 0, 816, 931, 901, 4, 7.26%, 0, 0, 7, 41.51
1746733021, 0, 816, 933, 903, 4, 7.26%, 0, 0, 7, 40.80
1746733026, 0, 816, 934, 904, 4, 7.28%, 0, 0, 7, 39.47
1746733037, 0, 816, 935, 905, 4, 7.28%, 0, 0, 7, 41.93
1746733047, 0, 816, 936, 906, 4, 7.28%, 0, 0, 7, 42.30
1746733052, 0, 816, 938, 908, 4, 7.28%, 0, 0, 7, 40.68
1746733062, 0, 816, 940, 910, 4, 7.28%, 0, 0, 7, 40.72
1746733067, 0, 816, 941, 911, 4, 7.28%, 0, 0, 7, 39.58
1746733072, 0, 816, 942, 912, 4, 7.28%, 0, 0, 7, 41.03
1746733083, 0, 816, 943, 913, 4, 7.28%, 0, 0, 7, 40.76
1746733123, 0, 816, 945, 915, 4, 7.28%, 0, 0, 7, 39.49
1746733134, 0, 816, 946, 916, 4, 7.28%, 0, 0, 7, 41.11
1746733144, 0, 816, 948, 918, 4, 7.28%, 0, 0, 7, 41.51
1746733154, 0, 816, 949, 919, 4, 7.28%, 0, 0, 7, 42.27
1746733159, 0, 816, 950, 920, 4, 7.28%, 0, 0, 7, 40.77
1746733169, 0, 816, 951, 921, 4, 7.28%, 0, 0, 7, 41.14
1746733174, 0, 816, 952, 922, 4, 7.28%, 0, 0, 7, 40.36
1746733179, 0, 816, 954, 924, 4, 7.28%, 0, 0, 7, 39.64
1746733185, 0, 816, 955, 925, 4, 7.28%, 0, 0, 7, 40.05
1746733225, 0, 816, 956, 926, 4, 7.28%, 0, 0, 7, 40.00
1746733256, 0, 816, 957, 927, 4, 7.28%, 0, 0, 7, 42.28
1746733261, 0, 816, 958, 928, 4, 7.28%, 0, 0, 7, 41.21
1746733271, 0, 816, 960, 930, 4, 7.28%, 0, 0, 7, 40.73
1746733276, 0, 816, 961, 931, 4, 7.28%, 0, 0, 7, 40.97
1746733311, 0, 816, 962, 932, 4, 7.28%, 0, 0, 7, 41.33
1746733337, 0, 816, 963, 933, 4, 7.28%, 0, 0, 7, 42.46
1746733377, 0, 816, 964, 934, 4, 7.28%, 0, 0, 7, 42.00
1746733393, 0, 816, 965, 935, 4, 7.28%, 0, 0, 7, 41.53
1746733408, 0, 816, 966, 936, 4, 7.28%, 0, 0, 7, 42.24
1746733438, 0, 816, 967, 937, 4, 7.28%, 0, 0, 7, 40.54
1746733444, 0, 816, 968, 938, 4, 7.28%, 0, 0, 7, 39.63
1746733479, 0, 816, 969, 939, 4, 7.28%, 0, 0, 7, 41.97
1746733489, 0, 816, 970, 940, 4, 7.28%, 0, 0, 7, 40.83
1746733530, 0, 816, 971, 941, 4, 7.28%, 0, 0, 7, 40.44
1746733535, 0, 816, 973, 943, 4, 7.28%, 0, 0, 7, 41.43
1746733627, 0, 816, 974, 944, 4, 7.28%, 0, 0, 7, 40.67
1746733637, 0, 816, 976, 946, 4, 7.30%, 0, 0, 7, 41.07
1746733672, 0, 816, 977, 947, 4, 7.31%, 0, 0, 7, 42.21
1746733693, 0, 816, 978, 948, 4, 7.31%, 0, 0, 7, 41.43
1746733749, 0, 816, 979, 949, 4, 7.31%, 0, 0, 7, 41.00
1746733764, 0, 821, 979, 948, 14, 7.31%, 0, 0, 7, 44.84
1746734662, 0, 821, 980, 949, 14, 7.31%, 0, 0, 7, 52.19
1746734713, 0, 821, 981, 950, 14, 7.31%, 0, 0, 7, 51.25
1746734774, 0, 821, 982, 951, 14, 7.31%, 0, 0, 7, 52.59
1746734926, 0, 821, 983, 952, 14, 7.31%, 0, 0, 7, 53.69
1746735006, 0, 821, 984, 953, 14, 7.31%, 0, 0, 7, 53.98
1746735119, 0, 821, 985, 954, 14, 7.31%, 0, 0, 7, 52.38
1746735215, 0, 821, 986, 955, 14, 7.31%, 0, 0, 7, 54.12
1746735250, 0, 827, 986, 954, 14, 7.31%, 0, 0, 7, 51.66
1746735292, 0, 827, 987, 955, 14, 7.31%, 0, 0, 7, 41.60
1746736195, 0, 827, 988, 956, 14, 7.31%, 0, 0, 7, 41.52
1746736262, 0, 834, 988, 955, 14, 7.31%, 0, 0, 7, 51.12
1746737311, 0, 863, 988, 954, 13, 7.31%, 0, 0, 7, 41.67
1746737366, 0, 863, 989, 955, 13, 7.31%, 0, 0, 8, 38.17
1746738572, 0, 863, 990, 956, 13, 7.31%, 0, 0, 8, 43.79
1746738603, 0, 863, 991, 957, 13, 7.31%, 0, 0, 8, 42.32
1746738613, 0, 863, 992, 958, 13, 7.31%, 0, 0, 8, 42.64
1746738679, 0, 863, 993, 959, 13, 7.31%, 0, 0, 8, 44.17
1746738760, 0, 863, 994, 960, 13, 7.31%, 0, 0, 8, 44.82
1746738826, 0, 863, 995, 961, 13, 7.31%, 0, 0, 8, 44.77
1746738882, 0, 863, 996, 962, 13, 7.31%, 0, 0, 8, 43.82
1746738968, 0, 863, 997, 963, 13, 7.31%, 0, 0, 8, 44.57
1746739100, 0, 863, 998, 964, 13, 7.31%, 0, 0, 8, 43.49
1746739116, 0, 896, 998, 963, 13, 7.31%, 0, 0, 8, 40.24
1746740998, 0, 896, 999, 964, 13, 7.31%, 0, 0, 8, 37.45
1746741044, 0, 896, 1000, 965, 13, 7.31%, 0, 0, 8, 41.12
1746741060, 0, 896, 1001, 966, 13, 7.31%, 0, 0, 8, 40.91
1746741070, 0, 896, 1002, 967, 13, 7.31%, 0, 0, 8, 40.78
1746741080, 0, 896, 1003, 968, 13, 7.31%, 0, 0, 8, 41.63
1746741090, 0, 896, 1004, 969, 13, 7.31%, 0, 0, 8, 42.04
1746741136, 0, 896, 1005, 970, 13, 7.31%, 0, 0, 8, 41.70
1746741141, 0, 896, 1006, 971, 13, 7.31%, 0, 0, 8, 42.80
1746741212, 0, 896, 1007, 972, 13, 7.31%, 0, 0, 8, 41.57
1746741227, 0, 896, 1009, 974, 13, 7.31%, 0, 0, 8, 42.04
1746741253, 0, 896, 1010, 975, 13, 7.31%, 0, 0, 8, 41.17
1746741308, 0, 896, 1011, 976, 13, 7.31%, 0, 0, 8, 41.19
1746741364, 0, 896, 1012, 977, 13, 7.31%, 0, 0, 8, 41.28
1746741420, 0, 896, 1013, 978, 13, 7.31%, 0, 0, 8, 41.10
1746741435, 0, 896, 1014, 979, 13, 7.31%, 0, 0, 8, 42.50
1746741552, 0, 896, 1015, 980, 13, 7.31%, 0, 0, 8, 41.26
1746741587, 0, 933, 1015, 979, 12, 7.31%, 0, 0, 8, 35.99
1746741674, 0, 933, 1016, 980, 12, 7.31%, 0, 0, 8, 28.68
1746741679, 0, 933, 1018, 982, 12, 7.31%, 0, 0, 8, 28.72
1746743138, 0, 933, 1019, 983, 12, 7.31%, 0, 0, 8, 28.72
1746743143, 0, 933, 1022, 986, 12, 7.31%, 0, 0, 8, 28.75
1746743148, 0, 933, 1023, 987, 12, 7.31%, 0, 0, 8, 28.74
1746743636, 0, 933, 1025, 989, 12, 7.31%, 0, 0, 8, 28.78
1746743657, 0, 933, 1026, 990, 12, 7.31%, 0, 0, 8, 29.31
1746743698, 0, 933, 1027, 991, 12, 7.31%, 0, 0, 8, 35.60
1746743713, 0, 933, 1028, 992, 12, 7.31%, 0, 0, 8, 38.66
1746743718, 0, 933, 1029, 993, 12, 7.31%, 0, 0, 8, 39.90
1746743723, 0, 933, 1030, 994, 12, 7.33%, 0, 0, 8, 38.58
1746743728, 0, 933, 1031, 995, 12, 7.34%, 0, 0, 8, 38.27
1746743759, 0, 933, 1032, 996, 12, 7.34%, 0, 0, 8, 39.51
1746743764, 0, 933, 1034, 998, 12, 7.34%, 0, 0, 8, 39.71
1746743805, 0, 933, 1035, 999, 12, 7.34%, 0, 0, 8, 39.84
1746743815, 0, 933, 1036, 1000, 12, 7.34%, 0, 0, 8, 41.08
1746743820, 0, 933, 1038, 1002, 12, 7.34%, 0, 0, 8, 38.90
1746743851, 0, 933, 1039, 1003, 12, 7.34%, 0, 0, 8, 40.70
1746743856, 0, 933, 1040, 1004, 12, 7.34%, 0, 0, 8, 40.98
1746743861, 0, 933, 1041, 1005, 12, 7.34%, 0, 0, 8, 40.96
1746743887, 0, 933, 1042, 1006, 12, 7.34%, 0, 0, 8, 39.22
1746743897, 0, 933, 1043, 1007, 12, 7.34%, 0, 0, 8, 40.53
1746743969, 0, 933, 1044, 1008, 12, 7.34%, 0, 0, 8, 38.32
1746743974, 0, 933, 1045, 1009, 12, 7.34%, 0, 0, 8, 39.36
1746744025, 0, 933, 1046, 1010, 12, 7.34%, 0, 0, 8, 40.31
1746744030, 0, 933, 1047, 1011, 12, 7.34%, 0, 0, 8, 39.46
1746744035, 0, 933, 1048, 1012, 12, 7.34%, 0, 0, 8, 39.04
1746744152, 0, 933, 1049, 1013, 12, 7.34%, 0, 0, 8, 39.90
1746744290, 0, 933, 1050, 1014, 12, 7.34%, 0, 0, 8, 39.67
1746744316, 0, 953, 1051, 1014, 14, 7.34%, 0, 0, 8, 37.12
1746744397, 0, 953, 1052, 1015, 14, 7.37%, 0, 0, 8, 27.73
1746744621, 0, 953, 1053, 1016, 14, 7.37%, 0, 0, 8, 27.74
1746746543, 0, 953, 1054, 1017, 14, 7.37%, 0, 0, 8, 40.96
1746746548, 0, 953, 1055, 1018, 14, 7.38%, 0, 0, 8, 40.27
1746746579, 0, 953, 1056, 1019, 14, 7.39%, 0, 0, 8, 39.19
1746746594, 0, 953, 1057, 1020, 14, 7.39%, 0, 0, 8, 41.18
1746746609, 0, 953, 1058, 1021, 14, 7.39%, 0, 0, 8, 41.04
1746746630, 0, 953, 1059, 1022, 14, 7.39%, 0, 0, 8, 39.38
1746746666, 0, 953, 1060, 1023, 14, 7.39%, 0, 0, 8, 39.26
1746746671, 0, 953, 1061, 1024, 14, 7.39%, 0, 0, 8, 40.03
1746746686, 0, 953, 1062, 1025, 14, 7.39%, 0, 0, 8, 40.39
1746746727, 0, 953, 1063, 1026, 14, 7.39%, 0, 0, 8, 39.10
1746746742, 0, 953, 1064, 1027, 14, 7.39%, 0, 0, 8, 39.28
1746746757, 0, 953, 1065, 1028, 14, 7.39%, 0, 0, 8, 39.89
1746746798, 0, 953, 1066, 1029, 14, 7.39%, 0, 0, 8, 39.14
1746746818, 0, 953, 1067, 1030, 14, 7.39%, 0, 0, 8, 40.32
1746746823, 0, 953, 1068, 1031, 14, 7.39%, 0, 0, 8, 40.07
1746746869, 0, 953, 1069, 1032, 14, 7.39%, 0, 0, 8, 40.59
1746746900, 0, 953, 1070, 1033, 14, 7.39%, 0, 0, 8, 40.05
1746746971, 0, 953, 1071, 1034, 14, 7.39%, 0, 0, 8, 39.06
1746747063, 0, 953, 1072, 1035, 14, 7.39%, 0, 0, 8, 39.79
1746747109, 0, 953, 1073, 1036, 14, 7.39%, 0, 0, 8, 40.66
1746747134, 0, 960, 1073, 1035, 13, 7.39%, 0, 0, 8, 40.88
1746748230, 0, 960, 1074, 1036, 13, 7.39%, 0, 0, 8, 33.33
1746748565, 0, 960, 1075, 1037, 13, 7.39%, 0, 0, 8, 33.09
1746748672, 0, 975, 1075, 1036, 14, 7.39%, 0, 0, 8, 43.92
1746750128, 0, 978, 1075, 1035, 13, 7.39%, 0, 0, 8, 37.96
1746750200, 0, 978, 1076, 1036, 13, 7.39%, 0, 0, 8, 32.37
1746750378, 0, 978, 1077, 1037, 13, 7.39%, 0, 0, 8, 34.86
1746750389, 0, 978, 1078, 1038, 13, 7.39%, 0, 0, 8, 32.72
1746751734, 0, 978, 1079, 1039, 13, 7.39%, 0, 0, 8, 38.59
1746751744, 0, 978, 1080, 1040, 13, 7.39%, 0, 0, 8, 42.27
1746751775, 0, 978, 1081, 1041, 13, 7.39%, 0, 0, 8, 42.99
1746751810, 0, 978, 1082, 1042, 13, 7.39%, 0, 0, 8, 42.16
1746751886, 0, 978, 1083, 1043, 13, 7.39%, 0, 0, 8, 43.73
1746751942, 0, 978, 1084, 1044, 13, 7.39%, 0, 0, 8, 42.03
1746752085, 0, 978, 1085, 1045, 13, 7.39%, 0, 0, 8, 42.94
1746752242, 0, 978, 1086, 1046, 13, 7.39%, 0, 0, 8, 42.76
1746752303, 0, 986, 1087, 1046, 12, 7.39%, 0, 0, 8, 43.04
1746753284, 0, 986, 1088, 1047, 12, 7.39%, 0, 0, 8, 50.34
1746753299, 0, 986, 1089, 1048, 12, 7.39%, 0, 0, 8, 49.33
1746753330, 0, 986, 1090, 1049, 12, 7.39%, 0, 0, 8, 50.82
1746753416, 0, 986, 1091, 1050, 12, 7.39%, 0, 0, 8, 50.92
1746753451, 0, 986, 1092, 1051, 12, 7.39%, 0, 0, 8, 49.69
1746753623, 0, 986, 1093, 1052, 12, 7.39%, 0, 0, 8, 49.72
1746753920, 0, 1029, 1093, 1051, 12, 7.39%, 0, 0, 8, 39.63
