# unix_time, cycles_done, cur_path, paths_total, pending_total, pending_favs, map_size, unique_crashes, unique_hangs, max_depth, execs_per_sec
1746785259, 0, 0, 1, 1, 1, 3.78%, 0, 0, 1, 29.63
1746785264, 0, 0, 13, 13, 1, 3.95%, 0, 0, 2, 36.52
1746785269, 0, 0, 24, 24, 1, 5.44%, 0, 0, 2, 35.66
1746785274, 0, 0, 34, 34, 1, 5.48%, 0, 0, 2, 35.62
1746785279, 0, 0, 42, 42, 1, 5.49%, 0, 0, 2, 32.72
1746785284, 0, 0, 52, 52, 1, 5.50%, 0, 0, 2, 33.99
1746785289, 0, 0, 62, 62, 1, 5.52%, 0, 0, 2, 33.62
1746785295, 0, 0, 72, 72, 1, 5.52%, 0, 0, 2, 33.90
1746785300, 0, 0, 77, 77, 1, 5.52%, 0, 0, 2, 35.85
1746785305, 0, 0, 82, 82, 1, 5.52%, 0, 0, 2, 35.79
1746785310, 0, 0, 87, 87, 1, 5.52%, 0, 0, 2, 36.51
1746785315, 0, 0, 90, 90, 1, 5.52%, 0, 0, 2, 37.75
1746785320, 0, 0, 97, 97, 1, 5.52%, 0, 0, 2, 33.99
1746785325, 0, 0, 101, 101, 1, 5.52%, 0, 0, 2, 36.27
1746785330, 0, 0, 104, 104, 1, 5.52%, 0, 0, 2, 36.10
1746785336, 0, 0, 108, 108, 1, 5.64%, 0, 0, 2, 35.78
1746785341, 0, 0, 113, 113, 1, 5.64%, 0, 0, 2, 36.33
1746785346, 0, 0, 116, 116, 1, 5.64%, 0, 0, 2, 32.78
1746785351, 0, 0, 121, 121, 1, 5.64%, 0, 0, 2, 29.93
1746785361, 0, 0, 126, 126, 1, 5.64%, 0, 0, 2, 31.40
1746785366, 0, 0, 129, 129, 1, 5.67%, 0, 0, 2, 31.22
1746785372, 0, 0, 132, 132, 1, 5.67%, 0, 0, 2, 26.96
1746785377, 0, 0, 135, 135, 1, 5.67%, 0, 0, 2, 31.23
1746785382, 0, 0, 136, 136, 1, 5.67%, 0, 0, 2, 33.35
1746785387, 0, 0, 142, 142, 1, 5.73%, 0, 0, 2, 30.84
1746785392, 0, 0, 148, 148, 1, 5.75%, 0, 0, 2, 27.84
1746785397, 0, 0, 150, 150, 1, 5.75%, 0, 0, 2, 31.04
1746785402, 0, 0, 151, 151, 1, 5.75%, 0, 0, 2, 32.86
1746785407, 0, 0, 154, 154, 1, 5.75%, 0, 0, 2, 32.68
1746785413, 0, 0, 158, 158, 1, 5.75%, 0, 0, 2, 32.65
1746785418, 0, 0, 162, 162, 1, 5.75%, 0, 0, 2, 31.94
1746785423, 0, 0, 167, 167, 1, 5.75%, 0, 0, 2, 30.03
1746785433, 0, 0, 168, 168, 1, 5.78%, 0, 0, 2, 31.99
1746785438, 0, 0, 170, 170, 1, 5.78%, 0, 0, 2, 32.44
1746785443, 0, 0, 173, 173, 1, 5.78%, 0, 0, 2, 31.46
1746785453, 0, 0, 177, 177, 1, 5.78%, 0, 0, 2, 30.64
1746785459, 0, 0, 179, 179, 1, 5.78%, 0, 0, 2, 32.05
1746785464, 0, 0, 180, 180, 1, 5.78%, 0, 0, 2, 33.62
1746785469, 0, 0, 183, 183, 1, 5.78%, 0, 0, 2, 31.36
1746785479, 0, 0, 184, 184, 1, 5.78%, 0, 0, 2, 32.35
1746785484, 0, 0, 185, 185, 1, 5.78%, 0, 0, 2, 33.15
1746785489, 0, 0, 189, 189, 1, 5.78%, 0, 0, 2, 31.76
1746785495, 0, 0, 190, 190, 1, 5.78%, 0, 0, 2, 32.50
1746785505, 0, 2, 190, 189, 12, 5.78%, 0, 0, 2, 34.90
1746785515, 0, 20, 190, 188, 11, 5.78%, 0, 0, 2, 30.25
1746785692, 0, 20, 192, 190, 11, 5.78%, 0, 0, 3, 28.77
1746785697, 0, 20, 195, 193, 11, 5.78%, 0, 0, 3, 29.57
1746785702, 0, 20, 200, 198, 11, 5.78%, 0, 0, 3, 26.94
1746785707, 0, 20, 202, 200, 11, 5.78%, 0, 0, 3, 29.33
1746785712, 0, 20, 205, 203, 11, 5.78%, 0, 0, 3, 28.99
1746785718, 0, 20, 207, 205, 11, 5.78%, 0, 0, 3, 29.97
1746785723, 0, 20, 209, 207, 11, 5.78%, 0, 0, 3, 30.72
1746785733, 0, 20, 212, 210, 11, 5.78%, 0, 0, 3, 30.12
1746785738, 0, 20, 214, 212, 11, 5.78%, 0, 0, 3, 29.14
1746785743, 0, 20, 217, 215, 11, 5.78%, 0, 0, 3, 27.64
1746785748, 0, 20, 219, 217, 11, 5.78%, 0, 0, 3, 29.67
1746785753, 0, 20, 221, 219, 11, 5.78%, 0, 0, 3, 29.52
1746785758, 0, 20, 223, 221, 11, 5.78%, 0, 0, 3, 28.85
1746785764, 0, 20, 226, 224, 11, 5.78%, 0, 0, 3, 28.90
1746785769, 0, 20, 229, 227, 11, 5.79%, 0, 0, 3, 27.99
1746785774, 0, 20, 230, 228, 11, 5.79%, 0, 0, 3, 30.37
1746785779, 0, 20, 233, 231, 11, 5.79%, 0, 0, 3, 29.34
1746785784, 0, 20, 236, 234, 11, 5.79%, 0, 0, 3, 29.59
1746785789, 0, 20, 241, 239, 11, 5.79%, 0, 0, 3, 25.77
1746785794, 0, 20, 244, 242, 11, 5.80%, 0, 0, 3, 27.79
1746785799, 0, 20, 245, 243, 11, 5.80%, 0, 0, 3, 29.32
1746785804, 0, 20, 246, 244, 11, 5.80%, 0, 0, 3, 28.57
1746785810, 0, 20, 248, 246, 11, 5.80%, 0, 0, 3, 29.58
1746785815, 0, 20, 249, 247, 11, 5.80%, 0, 0, 3, 30.03
1746785820, 0, 20, 250, 248, 11, 5.80%, 0, 0, 3, 29.85
1746785825, 0, 20, 253, 251, 11, 5.80%, 0, 0, 3, 28.94
1746785830, 0, 20, 254, 252, 11, 5.80%, 0, 0, 3, 29.34
1746785835, 0, 20, 255, 253, 11, 5.80%, 0, 0, 3, 29.81
1746785840, 0, 20, 257, 255, 11, 5.80%, 0, 0, 3, 29.56
1746785845, 0, 20, 258, 256, 11, 5.80%, 0, 0, 3, 28.41
1746785850, 0, 20, 260, 258, 11, 5.80%, 0, 0, 3, 27.95
1746785860, 0, 20, 262, 260, 11, 5.80%, 0, 0, 3, 29.38
1746785876, 0, 20, 265, 263, 11, 5.80%, 0, 0, 3, 27.13
1746785881, 0, 20, 266, 264, 11, 5.80%, 0, 0, 3, 29.37
1746785886, 0, 20, 268, 266, 11, 5.80%, 0, 0, 3, 28.10
1746785891, 0, 20, 271, 269, 11, 5.80%, 0, 0, 3, 27.95
1746785896, 0, 20, 273, 271, 11, 5.80%, 0, 0, 3, 27.38
1746785912, 0, 20, 275, 273, 11, 5.80%, 0, 0, 3, 28.83
1746785917, 0, 20, 276, 274, 11, 5.80%, 0, 0, 3, 29.07
1746785927, 0, 20, 278, 276, 11, 5.80%, 0, 0, 3, 28.67
1746785942, 0, 22, 278, 275, 14, 5.80%, 0, 0, 3, 28.54
1746786125, 0, 22, 280, 277, 14, 5.80%, 0, 0, 3, 26.74
1746786130, 0, 22, 282, 279, 14, 5.80%, 0, 0, 3, 27.04
1746786135, 0, 22, 283, 280, 14, 5.80%, 0, 0, 3, 29.07
1746786140, 0, 22, 286, 283, 14, 5.80%, 0, 0, 3, 27.78
1746786145, 0, 22, 288, 285, 14, 5.80%, 0, 0, 3, 27.19
1746786156, 0, 22, 292, 289, 14, 5.80%, 0, 0, 3, 26.68
1746786161, 0, 22, 294, 291, 14, 5.80%, 0, 0, 3, 27.36
1746786166, 0, 22, 295, 292, 14, 5.80%, 0, 0, 3, 27.37
1746786176, 0, 22, 296, 293, 14, 5.80%, 0, 0, 3, 29.44
1746786181, 0, 22, 297, 294, 14, 5.80%, 0, 0, 3, 29.22
1746786186, 0, 22, 301, 298, 14, 5.80%, 0, 0, 3, 27.25
1746786191, 0, 22, 302, 299, 14, 5.80%, 0, 0, 3, 27.99
1746786202, 0, 22, 303, 300, 14, 5.80%, 0, 0, 3, 29.49
1746786207, 0, 22, 305, 302, 14, 5.80%, 0, 0, 3, 28.05
1746786222, 0, 22, 306, 303, 14, 5.80%, 0, 0, 3, 28.62
1746786227, 0, 22, 307, 304, 14, 5.80%, 0, 0, 3, 29.65
1746786243, 0, 22, 309, 306, 14, 5.80%, 0, 0, 3, 27.90
1746786248, 0, 22, 310, 307, 14, 5.80%, 0, 0, 3, 27.23
1746786253, 0, 22, 311, 308, 14, 5.80%, 0, 0, 3, 29.02
1746786263, 0, 22, 312, 309, 14, 5.80%, 0, 0, 3, 29.45
1746786268, 0, 22, 314, 311, 14, 5.80%, 0, 0, 3, 28.75
1746786273, 0, 22, 316, 313, 14, 5.80%, 0, 0, 3, 28.23
1746786278, 0, 22, 317, 314, 14, 5.81%, 0, 0, 3, 28.91
1746786283, 0, 22, 319, 316, 14, 5.81%, 0, 0, 3, 27.68
1746786298, 0, 22, 322, 319, 14, 5.81%, 0, 0, 3, 27.33
1746786309, 0, 22, 323, 320, 14, 5.81%, 0, 0, 3, 27.49
1746786319, 0, 22, 324, 321, 14, 5.81%, 0, 0, 3, 28.49
1746786324, 0, 22, 326, 323, 14, 5.81%, 0, 0, 3, 26.98
1746786329, 0, 22, 329, 326, 14, 5.81%, 0, 0, 3, 27.23
1746786334, 0, 22, 330, 327, 14, 5.81%, 0, 0, 3, 28.76
1746786349, 0, 22, 331, 328, 14, 5.81%, 0, 0, 3, 29.04
1746786360, 0, 22, 333, 330, 14, 5.81%, 0, 0, 3, 27.60
1746786365, 0, 22, 334, 331, 14, 5.81%, 0, 0, 3, 27.80
1746786370, 0, 23, 334, 330, 18, 5.81%, 0, 0, 3, 28.47
1746786593, 0, 23, 336, 332, 18, 5.81%, 0, 0, 3, 26.80
1746786619, 0, 23, 337, 333, 18, 5.81%, 0, 0, 3, 29.37
1746786624, 0, 23, 338, 334, 18, 5.81%, 0, 0, 3, 29.10
1746786640, 0, 23, 339, 335, 18, 5.81%, 0, 0, 3, 29.67
1746786645, 0, 23, 340, 336, 18, 5.81%, 0, 0, 3, 29.00
1746786650, 0, 23, 342, 338, 18, 5.81%, 0, 0, 3, 27.75
1746786655, 0, 23, 343, 339, 18, 5.81%, 0, 0, 3, 29.31
1746786670, 0, 23, 344, 340, 18, 5.81%, 0, 0, 3, 29.45
1746786680, 0, 23, 345, 341, 18, 5.81%, 0, 0, 3, 27.20
1746786696, 0, 23, 346, 342, 18, 5.81%, 0, 0, 3, 29.13
1746786711, 0, 23, 347, 343, 18, 5.81%, 0, 0, 3, 28.71
1746786716, 0, 23, 348, 344, 18, 5.81%, 0, 0, 3, 28.74
1746786757, 0, 23, 350, 346, 18, 5.81%, 0, 0, 3, 28.77
1746786772, 0, 23, 351, 347, 18, 5.81%, 0, 0, 3, 29.34
1746786803, 0, 23, 352, 348, 18, 5.81%, 0, 0, 3, 29.20
1746786818, 0, 42, 352, 347, 16, 5.81%, 0, 0, 3, 29.43
1746786947, 0, 45, 352, 346, 16, 5.81%, 0, 0, 3, 27.27
1746787369, 0, 45, 354, 348, 16, 5.81%, 0, 0, 3, 23.19
1746787374, 0, 45, 356, 350, 16, 5.81%, 0, 0, 3, 24.99
1746787379, 0, 45, 357, 351, 16, 5.81%, 0, 0, 3, 25.17
1746787384, 0, 45, 359, 353, 16, 5.81%, 0, 0, 3, 24.72
1746787395, 0, 45, 360, 354, 16, 5.81%, 0, 0, 3, 25.76
1746787400, 0, 45, 362, 356, 16, 5.81%, 0, 0, 3, 25.67
1746787410, 0, 45, 363, 357, 16, 5.81%, 0, 0, 3, 24.44
1746787415, 0, 45, 366, 360, 16, 5.81%, 0, 0, 3, 22.92
1746787420, 0, 45, 368, 362, 16, 5.81%, 0, 0, 3, 24.18
1746787425, 0, 45, 371, 365, 16, 5.82%, 0, 0, 3, 22.68
1746787436, 0, 45, 372, 366, 16, 5.85%, 0, 0, 3, 23.87
1746787441, 0, 45, 375, 369, 16, 5.85%, 0, 0, 3, 21.73
1746787456, 0, 45, 376, 370, 16, 5.90%, 0, 0, 3, 23.55
1746787471, 0, 45, 377, 371, 16, 5.90%, 0, 0, 3, 24.44
1746787476, 0, 45, 378, 372, 16, 5.90%, 0, 0, 3, 24.56
1746787487, 0, 45, 380, 374, 16, 5.90%, 0, 0, 3, 24.79
1746787492, 0, 45, 382, 376, 16, 5.90%, 0, 0, 3, 23.22
1746787497, 0, 45, 383, 377, 16, 5.90%, 0, 0, 3, 24.83
1746787522, 0, 45, 385, 379, 16, 5.90%, 0, 0, 3, 25.57
1746787532, 0, 45, 386, 380, 16, 5.90%, 0, 0, 3, 26.18
1746787537, 0, 45, 387, 381, 16, 5.90%, 0, 0, 3, 25.95
1746787548, 0, 45, 390, 384, 16, 5.90%, 0, 0, 3, 24.00
1746787553, 0, 45, 391, 385, 16, 5.90%, 0, 0, 3, 24.83
1746787563, 0, 45, 392, 386, 16, 5.90%, 0, 0, 3, 25.46
1746787568, 0, 45, 393, 387, 16, 5.90%, 0, 0, 3, 25.39
1746787589, 0, 45, 394, 388, 16, 5.90%, 0, 0, 3, 24.97
1746787599, 0, 45, 395, 389, 16, 5.90%, 0, 0, 3, 25.80
1746787604, 0, 45, 396, 390, 16, 5.90%, 0, 0, 3, 25.33
1746787609, 0, 45, 397, 391, 16, 5.90%, 0, 0, 3, 25.11
1746787619, 0, 45, 398, 392, 16, 5.90%, 0, 0, 3, 25.49
1746787635, 0, 45, 400, 394, 16, 5.90%, 0, 0, 3, 22.90
1746787645, 0, 55, 400, 393, 14, 5.90%, 0, 0, 3, 26.95
1746787821, 0, 116, 400, 392, 13, 5.90%, 0, 0, 3, 29.30
1746788090, 0, 167, 400, 391, 13, 5.90%, 0, 0, 3, 26.08
1746788110, 0, 167, 401, 392, 13, 5.90%, 0, 0, 3, 13.58
1746788115, 0, 167, 406, 397, 13, 5.90%, 0, 0, 3, 13.56
1746788120, 0, 167, 407, 398, 13, 5.90%, 0, 0, 3, 13.56
1746788131, 0, 167, 408, 399, 13, 5.90%, 0, 0, 3, 13.56
1746788146, 0, 167, 410, 401, 13, 5.90%, 0, 0, 3, 13.57
1746788151, 0, 167, 411, 402, 13, 5.91%, 0, 0, 3, 13.55
1746788187, 0, 167, 412, 403, 13, 5.91%, 0, 0, 3, 13.56
1746788217, 0, 167, 413, 404, 13, 5.91%, 0, 0, 3, 13.54
1746788227, 0, 167, 414, 405, 13, 5.91%, 0, 0, 3, 13.53
1746788380, 0, 167, 415, 406, 13, 5.91%, 0, 0, 3, 13.57
1746788405, 0, 167, 416, 407, 13, 5.91%, 0, 0, 3, 13.62
1746788410, 0, 167, 417, 408, 13, 5.91%, 0, 0, 3, 13.59
1746788421, 0, 167, 422, 413, 13, 5.91%, 0, 0, 3, 13.65
1746788487, 0, 167, 423, 414, 13, 5.91%, 0, 0, 3, 13.56
1746789264, 0, 167, 424, 415, 13, 5.91%, 0, 0, 3, 13.59
1746789300, 0, 167, 425, 416, 13, 5.91%, 0, 0, 3, 13.57
1746789305, 0, 167, 426, 417, 13, 5.91%, 0, 0, 3, 13.56
1746789346, 0, 167, 427, 418, 13, 5.91%, 0, 0, 3, 13.58
1746789640, 0, 167, 428, 419, 13, 5.91%, 0, 0, 3, 13.67
1746789655, 0, 167, 429, 420, 13, 5.91%, 0, 0, 3, 13.66
1746790006, 0, 167, 433, 424, 13, 5.91%, 0, 0, 3, 14.22
1746790011, 0, 167, 439, 430, 13, 5.91%, 0, 0, 3, 14.39
1746790016, 0, 167, 444, 435, 13, 5.91%, 0, 0, 3, 14.01
1746790021, 0, 167, 449, 440, 13, 5.91%, 0, 0, 3, 14.00
1746790026, 0, 167, 454, 445, 13, 5.98%, 0, 0, 3, 14.45
1746790031, 0, 167, 458, 449, 13, 5.98%, 0, 0, 3, 15.34
1746790036, 0, 167, 464, 455, 13, 6.02%, 0, 0, 3, 14.28
1746790042, 0, 167, 467, 458, 13, 6.02%, 0, 0, 3, 14.62
1746790047, 0, 167, 472, 463, 13, 6.02%, 0, 0, 3, 14.12
1746790052, 0, 167, 475, 466, 13, 6.02%, 0, 0, 3, 15.43
1746790057, 0, 167, 479, 470, 13, 6.02%, 0, 0, 3, 14.70
1746790062, 0, 167, 481, 472, 13, 6.02%, 0, 0, 3, 14.04
1746790067, 0, 167, 485, 476, 13, 6.03%, 0, 0, 3, 14.57
1746790072, 0, 167, 488, 479, 13, 6.03%, 0, 0, 3, 14.49
1746790077, 0, 167, 489, 480, 13, 6.10%, 0, 0, 3, 14.94
1746790082, 0, 167, 491, 482, 13, 6.10%, 0, 0, 3, 14.95
1746790087, 0, 167, 496, 487, 13, 6.10%, 0, 0, 3, 13.88
1746790092, 0, 167, 498, 489, 13, 6.10%, 0, 0, 3, 14.30
1746790097, 0, 167, 501, 492, 13, 6.10%, 0, 0, 3, 13.79
1746790103, 0, 167, 503, 494, 13, 6.10%, 0, 0, 3, 15.16
1746790108, 0, 167, 507, 498, 13, 6.10%, 0, 0, 3, 14.71
1746790113, 0, 167, 508, 499, 13, 6.10%, 0, 0, 3, 15.31
1746790118, 0, 167, 511, 502, 13, 6.10%, 0, 0, 3, 14.39
1746790123, 0, 167, 513, 504, 13, 6.12%, 0, 0, 3, 14.24
1746790128, 0, 167, 516, 507, 13, 6.12%, 0, 0, 3, 14.54
1746790134, 0, 167, 519, 510, 13, 6.12%, 0, 0, 3, 15.36
1746790139, 0, 167, 521, 512, 13, 6.54%, 0, 0, 3, 14.95
1746790144, 0, 167, 525, 516, 13, 6.54%, 0, 0, 3, 14.04
1746790149, 0, 167, 528, 519, 13, 6.54%, 0, 0, 3, 13.93
1746790154, 0, 167, 530, 521, 13, 6.54%, 0, 0, 3, 14.22
1746790159, 0, 167, 531, 522, 13, 6.54%, 0, 0, 3, 15.12
1746790164, 0, 167, 533, 524, 13, 6.54%, 0, 0, 3, 14.68
1746790169, 0, 167, 536, 527, 13, 6.54%, 0, 0, 3, 14.34
1746790175, 0, 167, 538, 529, 13, 6.54%, 0, 0, 3, 14.39
1746790180, 0, 167, 541, 532, 13, 6.54%, 0, 0, 3, 13.96
1746790185, 0, 167, 542, 533, 13, 6.54%, 0, 0, 3, 15.25
1746790190, 0, 167, 544, 535, 13, 6.54%, 0, 0, 3, 15.18
1746790195, 0, 167, 545, 536, 13, 6.54%, 0, 0, 3, 15.16
1746790200, 0, 167, 547, 538, 13, 6.54%, 0, 0, 3, 14.77
1746790205, 0, 167, 548, 539, 13, 6.54%, 0, 0, 3, 15.15
1746790210, 0, 167, 550, 541, 13, 6.54%, 0, 0, 3, 15.06
1746790215, 0, 167, 551, 542, 13, 6.54%, 0, 0, 3, 14.89
1746790221, 0, 167, 552, 543, 13, 6.54%, 0, 0, 3, 15.39
1746790226, 0, 167, 554, 545, 13, 6.54%, 0, 0, 3, 14.82
1746790231, 0, 167, 555, 546, 13, 6.54%, 0, 0, 3, 16.01
1746790236, 0, 167, 556, 547, 13, 6.54%, 0, 0, 3, 16.07
1746790241, 0, 167, 557, 548, 13, 6.54%, 0, 0, 3, 15.20
1746790246, 0, 167, 560, 551, 13, 6.54%, 0, 0, 3, 13.85
1746790256, 0, 167, 561, 552, 13, 6.54%, 0, 0, 3, 15.53
1746790262, 0, 167, 562, 553, 13, 6.54%, 0, 0, 3, 15.20
1746790267, 0, 167, 564, 555, 13, 6.54%, 0, 0, 3, 15.29
1746790272, 0, 167, 566, 557, 13, 6.54%, 0, 0, 3, 14.56
1746790277, 0, 167, 568, 559, 13, 6.54%, 0, 0, 3, 14.71
1746790282, 0, 167, 569, 560, 13, 6.54%, 0, 0, 3, 15.34
1746790293, 0, 167, 571, 562, 13, 6.54%, 0, 0, 3, 15.30
1746790298, 0, 167, 573, 564, 13, 6.54%, 0, 0, 3, 14.89
1746790303, 0, 167, 575, 566, 13, 6.54%, 0, 0, 3, 14.04
1746790308, 0, 167, 576, 567, 13, 6.54%, 0, 0, 3, 14.21
1746790313, 0, 167, 577, 568, 13, 6.54%, 0, 0, 3, 14.96
1746790333, 0, 167, 578, 569, 13, 6.54%, 0, 0, 3, 16.11
1746790338, 0, 167, 579, 570, 13, 6.54%, 0, 0, 3, 15.83
1746790344, 0, 167, 580, 571, 13, 6.54%, 0, 0, 3, 15.46
1746790349, 0, 167, 583, 574, 13, 6.54%, 0, 0, 3, 14.38
1746790354, 0, 167, 584, 575, 13, 6.54%, 0, 0, 3, 16.27
1746790359, 0, 167, 585, 576, 13, 6.54%, 0, 0, 3, 15.47
1746790369, 0, 167, 586, 577, 13, 6.54%, 0, 0, 3, 15.24
1746790374, 0, 167, 588, 579, 13, 6.54%, 0, 0, 3, 14.19
1746790384, 0, 167, 590, 581, 13, 6.54%, 0, 0, 3, 15.16
1746790405, 0, 167, 591, 582, 13, 6.54%, 0, 0, 3, 14.90
1746790420, 0, 186, 591, 581, 13, 6.54%, 0, 0, 3, 20.85
1746790701, 0, 186, 592, 582, 13, 6.54%, 0, 0, 3, 22.95
1746790832, 0, 186, 593, 583, 13, 6.54%, 0, 0, 3, 26.24
1746790842, 0, 226, 593, 582, 13, 6.54%, 0, 0, 3, 23.22
1746790852, 0, 226, 594, 583, 13, 6.54%, 0, 0, 4, 21.95
1746791356, 0, 253, 594, 582, 12, 6.54%, 0, 0, 4, 20.77
1746791372, 0, 253, 595, 583, 12, 6.54%, 0, 0, 4, 18.44
1746792271, 0, 253, 596, 584, 12, 6.54%, 0, 0, 4, 20.75
1746792281, 0, 297, 596, 583, 11, 6.54%, 0, 0, 4, 21.20
1746792302, 0, 297, 597, 584, 11, 6.54%, 0, 0, 4, 23.12
1746792706, 0, 316, 597, 583, 11, 6.54%, 0, 0, 4, 25.05
1746793242, 0, 316, 598, 584, 11, 6.54%, 0, 0, 4, 21.09
1746793273, 0, 351, 598, 583, 10, 6.54%, 0, 0, 4, 21.34
1746794779, 0, 389, 598, 582, 10, 6.54%, 0, 0, 4, 16.25
1746796572, 0, 455, 598, 581, 10, 6.54%, 0, 0, 4, 14.16
1746796597, 0, 455, 600, 583, 10, 6.54%, 0, 0, 4, 11.96
1746796602, 0, 455, 601, 584, 10, 6.54%, 0, 0, 4, 11.95
1746796617, 0, 455, 602, 585, 10, 6.54%, 0, 0, 4, 11.97
1746796622, 0, 455, 603, 586, 10, 6.54%, 0, 0, 4, 11.96
1746799339, 0, 455, 604, 587, 10, 6.54%, 0, 0, 4, 13.00
1746799344, 0, 455, 605, 588, 10, 6.54%, 0, 0, 4, 13.14
1746799349, 0, 455, 607, 590, 10, 6.54%, 0, 0, 4, 13.46
1746799354, 0, 455, 610, 593, 10, 6.54%, 0, 0, 4, 12.02
1746799360, 0, 455, 612, 595, 10, 6.54%, 0, 0, 4, 13.25
1746799365, 0, 455, 616, 599, 10, 6.54%, 0, 0, 4, 12.14
1746799370, 0, 455, 617, 600, 10, 6.54%, 0, 0, 4, 13.25
1746799375, 0, 455, 619, 602, 10, 6.54%, 0, 0, 4, 12.85
1746799400, 0, 455, 622, 605, 10, 6.54%, 0, 0, 4, 12.43
1746799405, 0, 455, 623, 606, 10, 6.54%, 0, 0, 4, 13.00
1746799411, 0, 455, 626, 609, 10, 6.54%, 0, 0, 4, 12.41
1746799421, 0, 455, 627, 610, 10, 6.54%, 0, 0, 4, 14.13
1746799426, 0, 455, 628, 611, 10, 6.54%, 0, 0, 4, 13.52
1746799431, 0, 455, 629, 612, 10, 6.54%, 0, 0, 4, 13.84
1746799436, 0, 455, 630, 613, 10, 6.54%, 0, 0, 4, 13.46
1746799441, 0, 455, 632, 615, 10, 6.54%, 0, 0, 4, 12.90
1746799452, 0, 455, 633, 616, 10, 6.54%, 0, 0, 4, 13.64
1746799457, 0, 455, 635, 618, 10, 6.54%, 0, 0, 4, 13.37
1746799467, 0, 455, 636, 619, 10, 6.54%, 0, 0, 4, 13.81
1746799472, 0, 455, 637, 620, 10, 6.54%, 0, 0, 4, 14.55
1746799477, 0, 455, 638, 621, 10, 6.54%, 0, 0, 4, 13.96
1746799488, 0, 455, 639, 622, 10, 6.54%, 0, 0, 4, 13.98
1746799493, 0, 455, 640, 623, 10, 6.54%, 0, 0, 4, 13.66
1746799503, 0, 455, 641, 624, 10, 6.54%, 0, 0, 4, 13.56
1746799508, 0, 455, 642, 625, 10, 6.54%, 0, 0, 4, 13.44
1746799518, 0, 455, 644, 627, 10, 6.54%, 0, 0, 4, 13.66
1746799523, 0, 455, 645, 628, 10, 6.54%, 0, 0, 4, 13.65
1746799529, 0, 455, 646, 629, 10, 6.54%, 0, 0, 4, 13.88
1746799539, 0, 455, 649, 632, 10, 6.54%, 0, 0, 4, 13.66
1746799544, 0, 455, 650, 633, 10, 6.54%, 0, 0, 4, 13.53
1746799559, 0, 455, 651, 634, 10, 6.54%, 0, 0, 4, 13.76
1746799569, 0, 455, 652, 635, 10, 6.55%, 0, 0, 4, 12.68
1746799574, 0, 455, 653, 636, 10, 6.55%, 0, 0, 4, 13.19
1746799580, 0, 455, 654, 637, 10, 6.55%, 0, 0, 4, 13.30
1746799585, 0, 455, 656, 639, 10, 6.55%, 0, 0, 4, 13.52
1746799590, 0, 455, 658, 641, 10, 6.55%, 0, 0, 4, 12.68
1746799610, 0, 455, 659, 642, 10, 6.55%, 0, 0, 4, 14.07
1746799625, 0, 455, 660, 643, 10, 6.55%, 0, 0, 4, 13.69
1746799631, 0, 455, 661, 644, 10, 6.55%, 0, 0, 4, 13.59
1746799651, 0, 455, 663, 646, 10, 6.56%, 0, 0, 4, 12.40
1746799656, 0, 455, 665, 648, 10, 6.56%, 0, 0, 4, 12.32
1746799671, 0, 455, 666, 649, 10, 6.56%, 0, 0, 4, 13.71
1746799692, 0, 455, 668, 651, 10, 6.56%, 0, 0, 4, 12.79
1746799702, 0, 455, 669, 652, 10, 6.56%, 0, 0, 4, 13.91
1746799707, 0, 455, 670, 653, 10, 6.56%, 0, 0, 4, 13.73
1746799712, 0, 455, 671, 654, 10, 6.56%, 0, 0, 4, 13.94
1746799727, 0, 455, 672, 655, 10, 6.56%, 0, 0, 4, 13.83
1746799743, 0, 466, 672, 654, 11, 6.56%, 0, 0, 4, 14.78
1746801228, 0, 471, 672, 653, 11, 6.56%, 0, 0, 4, 14.32
1746803452, 0, 471, 673, 654, 11, 6.56%, 0, 0, 4, 16.02
1746803462, 0, 471, 674, 655, 11, 6.56%, 0, 0, 4, 16.89
1746803473, 0, 471, 675, 656, 11, 6.56%, 0, 0, 4, 16.59
1746803509, 0, 471, 676, 657, 11, 6.56%, 0, 0, 4, 17.06
1746803529, 0, 471, 677, 658, 11, 6.56%, 0, 0, 4, 17.23
1746803570, 0, 471, 678, 659, 11, 6.56%, 0, 0, 4, 16.49
1746803580, 0, 471, 679, 660, 11, 6.56%, 0, 0, 4, 16.42
1746803642, 0, 471, 680, 661, 11, 6.56%, 0, 0, 4, 16.54
1746803647, 0, 471, 681, 662, 11, 6.56%, 0, 0, 4, 16.42
1746803672, 0, 471, 682, 663, 11, 6.56%, 0, 0, 4, 16.83
1746803683, 0, 471, 683, 664, 11, 6.56%, 0, 0, 4, 17.01
1746803718, 0, 471, 684, 665, 11, 6.56%, 0, 0, 4, 16.34
1746803744, 0, 471, 685, 666, 11, 6.56%, 0, 0, 4, 16.27
1746803749, 0, 471, 686, 667, 11, 6.56%, 0, 0, 4, 16.29
1746803754, 0, 471, 687, 668, 11, 6.56%, 0, 0, 4, 16.82
1746803759, 0, 471, 689, 670, 11, 6.56%, 0, 0, 4, 14.87
1746803800, 0, 471, 691, 672, 11, 6.56%, 0, 0, 4, 15.86
1746803805, 0, 471, 692, 673, 11, 6.56%, 0, 0, 4, 15.74
1746803836, 0, 474, 692, 672, 11, 6.56%, 0, 0, 4, 15.48
1746806424, 0, 474, 693, 673, 11, 6.56%, 0, 0, 4, 13.27
1746806465, 0, 474, 695, 675, 11, 6.56%, 0, 0, 4, 14.45
1746806471, 0, 474, 696, 676, 11, 6.56%, 0, 0, 4, 14.17
1746806481, 0, 474, 698, 678, 11, 6.56%, 0, 0, 4, 15.18
1746806486, 0, 474, 699, 679, 11, 6.56%, 0, 0, 4, 15.20
1746806522, 0, 474, 700, 680, 11, 6.56%, 0, 0, 4, 15.46
1746806527, 0, 474, 701, 681, 11, 6.56%, 0, 0, 4, 15.04
1746806532, 0, 474, 702, 682, 11, 6.56%, 0, 0, 4, 14.76
1746806537, 0, 474, 703, 683, 11, 6.56%, 0, 0, 4, 14.86
1746806547, 0, 474, 704, 684, 11, 6.56%, 0, 0, 4, 15.02
1746806562, 0, 474, 706, 686, 11, 6.56%, 0, 0, 4, 14.69
1746806588, 0, 474, 707, 687, 11, 6.56%, 0, 0, 4, 14.93
1746806639, 0, 474, 708, 688, 11, 6.56%, 0, 0, 4, 15.28
1746806649, 0, 474, 709, 689, 11, 6.56%, 0, 0, 4, 14.99
1746806670, 0, 474, 710, 690, 11, 6.56%, 0, 0, 4, 15.94
1746806675, 0, 474, 711, 691, 11, 6.56%, 0, 0, 4, 15.02
1746806685, 0, 474, 712, 692, 11, 6.56%, 0, 0, 4, 14.55
1746806700, 0, 474, 713, 693, 11, 6.56%, 0, 0, 4, 15.96
1746806741, 0, 474, 715, 695, 11, 6.56%, 0, 0, 4, 15.04
1746806782, 0, 474, 716, 696, 11, 6.56%, 0, 0, 4, 14.90
1746806793, 0, 530, 716, 695, 8, 6.56%, 0, 0, 4, 16.15
1746807330, 0, 532, 716, 694, 7, 6.56%, 0, 0, 4, 19.78
1746807361, 0, 532, 717, 695, 7, 6.56%, 0, 0, 4, 11.09
1746807926, 0, 532, 718, 696, 7, 6.56%, 0, 0, 4, 11.48
1746807947, 0, 532, 719, 697, 7, 6.56%, 0, 0, 4, 11.86
1746811491, 0, 532, 720, 698, 7, 6.56%, 0, 0, 4, 12.57
1746811496, 0, 532, 722, 700, 7, 6.56%, 0, 0, 4, 13.39
1746811502, 0, 532, 724, 702, 7, 6.56%, 0, 0, 4, 13.27
1746811507, 0, 532, 725, 703, 7, 6.56%, 0, 0, 4, 12.98
1746811517, 0, 532, 728, 706, 7, 6.56%, 0, 0, 4, 12.26
1746811532, 0, 532, 730, 708, 7, 6.56%, 0, 0, 4, 12.44
1746811537, 0, 532, 731, 709, 7, 6.56%, 0, 0, 4, 12.60
1746811542, 0, 532, 732, 710, 7, 6.56%, 0, 0, 4, 12.70
1746811568, 0, 532, 733, 711, 7, 6.56%, 0, 0, 4, 13.38
1746811573, 0, 532, 734, 712, 7, 6.56%, 0, 0, 4, 13.10
1746811583, 0, 532, 735, 713, 7, 6.56%, 0, 0, 4, 13.14
1746811588, 0, 532, 736, 714, 7, 6.56%, 0, 0, 4, 13.15
1746811629, 0, 532, 738, 716, 7, 6.56%, 0, 0, 4, 12.68
1746811645, 0, 532, 739, 717, 7, 6.56%, 0, 0, 4, 12.99
1746811655, 0, 532, 740, 718, 7, 6.56%, 0, 0, 4, 12.46
1746811660, 0, 532, 742, 720, 7, 6.56%, 0, 0, 4, 13.33
1746811681, 0, 532, 743, 721, 7, 6.56%, 0, 0, 4, 13.03
1746811732, 0, 532, 744, 722, 7, 6.56%, 0, 0, 4, 12.56
1746811742, 0, 532, 745, 723, 7, 6.56%, 0, 0, 4, 12.91
1746811768, 0, 532, 746, 724, 7, 6.56%, 0, 0, 4, 12.84
1746811773, 0, 532, 747, 725, 7, 6.56%, 0, 0, 4, 12.55
1746811778, 0, 532, 748, 726, 7, 6.56%, 0, 0, 4, 12.60
1746811783, 0, 532, 750, 728, 7, 6.56%, 0, 0, 4, 12.58
1746811829, 0, 532, 751, 729, 7, 6.56%, 0, 0, 4, 12.56
1746811834, 0, 532, 752, 730, 7, 6.56%, 0, 0, 4, 13.05
1746811844, 0, 532, 753, 731, 7, 6.56%, 0, 0, 4, 13.06
1746811860, 0, 532, 754, 732, 7, 6.56%, 0, 0, 4, 13.02
1746811875, 0, 544, 754, 731, 8, 6.56%, 0, 0, 4, 13.71
1746814412, 0, 564, 754, 730, 7, 6.56%, 0, 0, 4, 12.71
1746814921, 0, 564, 755, 731, 7, 6.56%, 0, 0, 4, 12.70
1746816719, 0, 564, 756, 732, 7, 6.56%, 0, 0, 4, 12.64
1746817771, 0, 564, 757, 733, 7, 6.56%, 0, 0, 4, 13.92
1746817787, 0, 593, 757, 732, 7, 6.56%, 0, 0, 4, 20.35
1746818242, 0, 615, 757, 731, 6, 6.56%, 0, 0, 4, 22.63
1746818293, 0, 615, 758, 732, 6, 6.56%, 0, 0, 5, 11.87
1746818303, 0, 615, 759, 733, 6, 6.56%, 0, 0, 5, 11.75
1746818379, 0, 615, 760, 734, 6, 6.56%, 0, 0, 5, 11.76
1746818715, 0, 615, 761, 735, 6, 6.56%, 0, 0, 5, 10.38
1746818787, 0, 615, 762, 736, 6, 6.56%, 0, 0, 5, 10.69
1746821797, 0, 615, 763, 737, 6, 6.56%, 0, 0, 5, 13.89
1746821807, 0, 615, 764, 738, 6, 6.57%, 0, 0, 5, 14.15
1746821833, 0, 615, 765, 739, 6, 6.57%, 0, 0, 5, 13.24
1746821843, 0, 615, 766, 740, 6, 6.57%, 0, 0, 5, 14.12
1746821874, 0, 615, 767, 741, 6, 6.57%, 0, 0, 5, 13.99
1746821884, 0, 615, 769, 743, 6, 6.57%, 0, 0, 5, 12.88
1746821894, 0, 615, 770, 744, 6, 6.57%, 0, 0, 5, 13.90
1746821935, 0, 615, 771, 745, 6, 6.57%, 0, 0, 5, 14.34
1746821951, 0, 615, 772, 746, 6, 6.57%, 0, 0, 5, 13.77
1746821961, 0, 615, 773, 747, 6, 6.57%, 0, 0, 5, 13.82
1746821966, 0, 615, 774, 748, 6, 6.57%, 0, 0, 5, 13.41
1746821982, 0, 615, 775, 749, 6, 6.57%, 0, 0, 5, 13.89
1746821997, 0, 615, 777, 751, 6, 6.57%, 0, 0, 5, 13.83
1746822012, 0, 615, 778, 752, 6, 6.57%, 0, 0, 5, 13.97
1746822028, 0, 615, 779, 753, 6, 6.57%, 0, 0, 5, 14.20
1746822048, 0, 615, 780, 754, 6, 6.57%, 0, 0, 5, 13.51
1746822069, 0, 615, 781, 755, 6, 6.57%, 0, 0, 5, 13.88
1746822104, 0, 615, 782, 756, 6, 6.57%, 0, 0, 5, 14.33
1746822115, 0, 615, 783, 757, 6, 6.57%, 0, 0, 5, 14.26
1746822135, 0, 615, 784, 758, 6, 6.57%, 0, 0, 5, 13.50
1746822140, 0, 615, 785, 759, 6, 6.57%, 0, 0, 5, 13.54
1746822145, 0, 679, 785, 758, 7, 6.57%, 0, 0, 5, 13.80
1746824420, 0, 704, 785, 757, 7, 6.57%, 0, 0, 5, 14.92
1746824495, 0, 704, 786, 758, 7, 6.57%, 0, 0, 5, 14.31
1746826649, 0, 714, 786, 757, 6, 6.57%, 0, 0, 5, 13.38
