# unix_time, cycles_done, cur_path, paths_total, pending_total, pending_favs, map_size, unique_crashes, unique_hangs, max_depth, execs_per_sec
1747409880, 0, 0, 1, 1, 1, 0.03%, 0, 0, 1, 135.59
1747409885, 0, 9, 11, 6, 1, 0.05%, 0, 0, 5, 3144.30
1747409891, 1, 15, 17, 9, 0, 0.05%, 0, 0, 7, 3223.10
1747409896, 3, 10, 17, 5, 0, 0.05%, 0, 0, 7, 3229.55
1747409901, 6, 3, 17, 1, 0, 0.05%, 0, 0, 7, 3239.84
1747409906, 12, 4, 17, 0, 0, 0.05%, 0, 0, 7, 3252.99
1747409911, 18, 15, 17, 0, 0, 0.05%, 0, 0, 7, 3135.93
1747409916, 24, 0, 17, 0, 0, 0.05%, 0, 0, 7, 3164.95
1747409921, 30, 10, 17, 0, 0, 0.05%, 0, 0, 7, 3192.47
1747409926, 37, 10, 17, 0, 0, 0.05%, 0, 0, 7, 3206.45
1747409931, 43, 10, 17, 0, 0, 0.05%, 0, 0, 7, 3200.45
1747409936, 51, 10, 17, 0, 0, 0.05%, 0, 0, 7, 3225.06
1747409942, 53, 17, 24, 7, 0, 0.05%, 0, 0, 8, 3179.60
1747409947, 53, 17, 25, 8, 0, 0.05%, 0, 0, 8, 3147.72
1747409952, 53, 18, 26, 8, 0, 0.05%, 0, 0, 8, 3136.96
1747409962, 53, 25, 27, 8, 0, 0.05%, 0, 0, 9, 3034.96
1747409967, 53, 25, 28, 9, 0, 0.05%, 0, 0, 9, 3077.39
1747409972, 54, 19, 28, 8, 0, 0.05%, 0, 0, 9, 3088.91
1747409977, 54, 27, 28, 7, 0, 0.05%, 0, 0, 9, 3060.26
1747409988, 55, 23, 28, 6, 0, 0.05%, 0, 0, 9, 3087.18
1747409993, 57, 10, 28, 5, 0, 0.05%, 0, 0, 9, 3117.81
1747409998, 57, 20, 28, 5, 0, 0.05%, 0, 0, 9, 3130.06
1747410003, 57, 24, 28, 4, 0, 0.05%, 0, 0, 9, 3044.53
1747410008, 58, 10, 28, 3, 0, 0.05%, 0, 0, 9, 3097.02
1747410013, 58, 22, 28, 3, 0, 0.05%, 0, 0, 9, 3037.66
1747410018, 59, 10, 28, 2, 0, 0.05%, 0, 0, 9, 3111.83
1747410023, 59, 21, 28, 2, 0, 0.05%, 0, 0, 9, 3108.62
1747410028, 59, 26, 28, 1, 0, 0.05%, 0, 0, 9, 3034.64
1747410038, 60, 18, 28, 0, 0, 0.05%, 0, 0, 9, 3041.76
1747410044, 62, 10, 28, 0, 0, 0.05%, 0, 0, 9, 3115.75
1747410049, 67, 3, 28, 0, 0, 0.05%, 0, 0, 9, 3154.35
1747410054, 68, 10, 28, 0, 0, 0.05%, 0, 0, 9, 3140.96
1747410059, 70, 22, 28, 0, 0, 0.05%, 0, 0, 9, 3132.02
1747410064, 71, 10, 28, 0, 0, 0.05%, 0, 0, 9, 3142.93
1747410069, 72, 23, 28, 0, 0, 0.05%, 0, 0, 9, 3137.29
1747410074, 77, 3, 28, 0, 0, 0.05%, 0, 0, 9, 3152.69
1747410080, 80, 10, 28, 0, 0, 0.05%, 0, 0, 9, 3142.66
1747410085, 81, 18, 28, 0, 0, 0.05%, 0, 0, 9, 3147.19
1747410090, 81, 23, 28, 0, 0, 0.05%, 0, 0, 9, 3138.45
1747410095, 84, 3, 28, 0, 0, 0.05%, 0, 0, 9, 3137.43
1747410100, 87, 18, 28, 0, 0, 0.05%, 0, 0, 9, 3134.23
1747410105, 87, 21, 28, 0, 0, 0.05%, 0, 0, 9, 3115.44
1747410111, 89, 11, 28, 0, 0, 0.05%, 0, 0, 9, 3139.93
1747410116, 89, 24, 28, 0, 0, 0.05%, 0, 0, 9, 3136.99
1747410121, 90, 20, 28, 0, 0, 0.05%, 0, 0, 9, 3145.58
1747410126, 92, 11, 28, 0, 0, 0.05%, 0, 0, 9, 3134.89
1747410131, 95, 10, 28, 0, 0, 0.05%, 0, 0, 9, 3151.60
1747410136, 99, 18, 28, 0, 0, 0.05%, 0, 0, 9, 3129.98
1747410141, 103, 16, 28, 0, 0, 0.05%, 0, 0, 9, 3144.96
1747410147, 107, 0, 28, 0, 0, 0.05%, 0, 0, 9, 3128.23
1747410152, 108, 21, 28, 0, 0, 0.05%, 0, 0, 9, 3119.87
1747410157, 109, 19, 28, 0, 0, 0.05%, 0, 0, 9, 3099.07
1747410162, 110, 22, 28, 0, 0, 0.05%, 0, 0, 9, 3108.33
1747410167, 111, 24, 28, 0, 0, 0.05%, 0, 0, 9, 3081.20
1747410172, 113, 26, 28, 0, 0, 0.05%, 0, 0, 9, 3076.97
1747410177, 116, 27, 28, 0, 0, 0.05%, 0, 0, 9, 3081.27
1747410182, 117, 26, 28, 0, 0, 0.05%, 0, 0, 9, 3006.76
1747410187, 121, 10, 28, 0, 0, 0.05%, 0, 0, 9, 3024.53
1747410193, 124, 10, 28, 0, 0, 0.05%, 0, 0, 9, 3029.30
1747410198, 125, 21, 28, 0, 0, 0.05%, 0, 0, 9, 3025.06
1747410203, 128, 21, 28, 0, 0, 0.05%, 0, 0, 9, 3016.78
1747410208, 129, 27, 28, 0, 0, 0.05%, 0, 0, 9, 2996.36
1747410213, 134, 26, 28, 0, 0, 0.05%, 0, 0, 9, 3005.81
1747410218, 135, 27, 28, 0, 0, 0.05%, 0, 0, 9, 2963.45
1747410223, 137, 15, 28, 0, 0, 0.05%, 0, 0, 9, 2961.65
1747410228, 140, 10, 28, 0, 0, 0.05%, 0, 0, 9, 2955.30
1747410233, 143, 17, 28, 0, 0, 0.05%, 0, 0, 9, 2963.40
1747410238, 145, 4, 28, 0, 0, 0.05%, 0, 0, 9, 2988.08
1747410243, 148, 10, 28, 0, 0, 0.05%, 0, 0, 9, 2955.90
1747410248, 149, 27, 28, 0, 0, 0.05%, 0, 0, 9, 2944.95
1747410254, 151, 17, 28, 0, 0, 0.05%, 0, 0, 9, 2960.27
1747410259, 153, 3, 28, 0, 0, 0.05%, 0, 0, 9, 2957.40
1747410264, 153, 26, 28, 0, 0, 0.05%, 0, 0, 9, 2927.52
1747410269, 156, 25, 28, 0, 0, 0.05%, 0, 0, 9, 2943.96
1747410274, 159, 1, 28, 0, 0, 0.05%, 0, 0, 9, 2962.00
1747410279, 162, 27, 28, 0, 0, 0.05%, 0, 0, 9, 2958.29
1747410284, 166, 14, 28, 0, 0, 0.05%, 0, 0, 9, 2988.14
1747410289, 169, 24, 28, 0, 0, 0.05%, 0, 0, 9, 2963.48
1747410294, 173, 6, 28, 0, 0, 0.05%, 0, 0, 9, 2973.36
1747410299, 175, 19, 28, 0, 0, 0.05%, 0, 0, 9, 2981.71
1747410304, 175, 21, 28, 0, 0, 0.05%, 0, 0, 9, 2989.35
1747410309, 178, 10, 28, 0, 0, 0.05%, 0, 0, 9, 2992.92
1747410314, 179, 17, 28, 0, 0, 0.05%, 0, 0, 9, 2971.38
1747410319, 181, 17, 28, 0, 0, 0.05%, 0, 0, 9, 2977.44
1747410324, 183, 17, 28, 0, 0, 0.05%, 0, 0, 9, 2978.31
1747410330, 184, 25, 28, 0, 0, 0.05%, 0, 0, 9, 2957.77
1747410335, 185, 24, 28, 0, 0, 0.05%, 0, 0, 9, 2960.03
1747410340, 189, 22, 28, 0, 0, 0.05%, 0, 0, 9, 2973.92
1747410345, 192, 10, 28, 0, 0, 0.05%, 0, 0, 9, 2970.43
1747410350, 193, 19, 28, 0, 0, 0.05%, 0, 0, 9, 2963.81
1747410355, 195, 18, 28, 0, 0, 0.05%, 0, 0, 9, 2970.53
1747410360, 198, 23, 28, 0, 0, 0.05%, 0, 0, 9, 2945.33
1747410365, 200, 20, 28, 0, 0, 0.05%, 0, 0, 9, 2946.17
1747410370, 201, 21, 28, 0, 0, 0.05%, 0, 0, 9, 2949.24
1747410375, 201, 23, 28, 0, 0, 0.05%, 0, 0, 9, 2923.27
1747410380, 204, 10, 28, 0, 0, 0.05%, 0, 0, 9, 2942.08
1747410385, 206, 14, 28, 0, 0, 0.05%, 0, 0, 9, 2916.53
1747410390, 210, 2, 28, 0, 0, 0.05%, 0, 0, 9, 2941.34
1747410395, 215, 4, 28, 0, 0, 0.05%, 0, 0, 9, 2953.90
1747410400, 217, 0, 28, 0, 0, 0.05%, 0, 0, 9, 2937.14
1747410406, 219, 17, 28, 0, 0, 0.05%, 0, 0, 9, 2939.82
1747410411, 222, 10, 28, 0, 0, 0.05%, 0, 0, 9, 2943.08
1747410416, 224, 22, 28, 0, 0, 0.05%, 0, 0, 9, 2910.70
1747410421, 229, 4, 28, 0, 0, 0.05%, 0, 0, 9, 2911.66
1747410426, 230, 22, 28, 0, 0, 0.05%, 0, 0, 9, 2884.83
1747410431, 233, 27, 28, 0, 0, 0.05%, 0, 0, 9, 2912.07
1747410436, 235, 9, 28, 0, 0, 0.05%, 0, 0, 9, 2922.25
1747410441, 237, 10, 28, 0, 0, 0.05%, 0, 0, 9, 2920.45
1747410447, 238, 21, 28, 0, 0, 0.05%, 0, 0, 9, 2863.32
1747410452, 244, 10, 28, 0, 0, 0.05%, 0, 0, 9, 2875.23
1747410457, 246, 18, 28, 0, 0, 0.05%, 0, 0, 9, 2873.85
1747410462, 248, 25, 28, 0, 0, 0.05%, 0, 0, 9, 2898.80
1747410467, 251, 24, 28, 0, 0, 0.05%, 0, 0, 9, 2906.57
1747410472, 254, 20, 28, 0, 0, 0.05%, 0, 0, 9, 2910.96
1747410477, 258, 21, 28, 0, 0, 0.05%, 0, 0, 9, 2843.91
1747410483, 261, 10, 28, 0, 0, 0.05%, 0, 0, 9, 2869.12
1747410488, 264, 23, 28, 0, 0, 0.05%, 0, 0, 9, 2867.77
1747410493, 269, 5, 28, 0, 0, 0.05%, 0, 0, 9, 2880.75
1747410498, 272, 28, 29, 1, 0, 0.05%, 0, 0, 9, 2889.62
1747410503, 273, 21, 29, 0, 0, 0.05%, 0, 0, 9, 2834.69
1747410508, 275, 10, 29, 0, 0, 0.05%, 0, 0, 9, 2719.63
1747410513, 278, 22, 29, 0, 0, 0.05%, 0, 0, 9, 2810.09
1747410518, 280, 10, 29, 0, 0, 0.05%, 0, 0, 9, 2876.81
1747410524, 283, 3, 29, 0, 0, 0.05%, 0, 0, 9, 2888.32
1747410529, 287, 15, 29, 0, 0, 0.05%, 0, 0, 9, 2916.33
1747410534, 288, 13, 29, 0, 0, 0.05%, 0, 0, 9, 2876.93
1747410539, 290, 10, 29, 0, 0, 0.05%, 0, 0, 9, 2733.57
1747410544, 294, 23, 29, 0, 0, 0.05%, 0, 0, 9, 2835.68
1747410549, 298, 21, 29, 0, 0, 0.05%, 0, 0, 9, 2841.56
1747410554, 299, 11, 29, 0, 0, 0.05%, 0, 0, 9, 2840.45
1747410559, 303, 24, 29, 0, 0, 0.05%, 0, 0, 9, 2808.54
1747410564, 305, 27, 29, 0, 0, 0.05%, 0, 0, 9, 2809.85
1747410569, 308, 10, 29, 0, 0, 0.05%, 0, 0, 9, 2821.74
1747410574, 312, 10, 29, 0, 0, 0.05%, 0, 0, 9, 2820.45
1747410579, 314, 24, 29, 0, 0, 0.05%, 0, 0, 9, 2773.87
1747410584, 316, 24, 29, 0, 0, 0.05%, 0, 0, 9, 2881.19
1747410589, 320, 10, 29, 0, 0, 0.05%, 0, 0, 9, 2953.49
1747410594, 322, 14, 29, 0, 0, 0.05%, 0, 0, 9, 2780.09
1747410600, 324, 26, 29, 0, 0, 0.05%, 0, 0, 9, 2845.66
1747410605, 329, 24, 29, 0, 0, 0.05%, 0, 0, 9, 2877.33
1747410610, 333, 10, 29, 0, 0, 0.05%, 0, 0, 9, 2899.85
1747410615, 338, 10, 29, 0, 0, 0.05%, 0, 0, 9, 2903.36
1747410620, 343, 0, 29, 0, 0, 0.05%, 0, 0, 9, 2887.34
1747410625, 345, 10, 29, 0, 0, 0.05%, 0, 0, 9, 2874.13
1747410630, 349, 10, 29, 0, 0, 0.05%, 0, 0, 9, 2879.94
1747410635, 351, 26, 29, 0, 0, 0.05%, 0, 0, 9, 2846.83
1747410641, 356, 10, 29, 0, 0, 0.05%, 0, 0, 9, 2866.77
1747410646, 362, 0, 29, 0, 0, 0.05%, 0, 0, 9, 2857.82
1747410651, 367, 28, 29, 0, 0, 0.05%, 0, 0, 9, 2860.86
1747410656, 370, 10, 30, 1, 0, 0.05%, 0, 0, 9, 2875.17
1747410661, 373, 29, 32, 3, 0, 0.05%, 0, 0, 9, 2888.10
1747410671, 373, 30, 33, 3, 0, 0.05%, 0, 0, 9, 2878.63
1747410681, 374, 31, 34, 3, 0, 0.05%, 0, 0, 9, 2855.14
1747410692, 375, 33, 34, 2, 0, 0.05%, 0, 0, 9, 2829.22
1747410702, 378, 12, 34, 1, 0, 0.05%, 0, 0, 9, 2726.73
1747410707, 379, 32, 34, 1, 0, 0.05%, 0, 0, 9, 2638.81
1747410717, 380, 26, 34, 0, 0, 0.05%, 0, 0, 9, 2912.42
1747410722, 381, 33, 34, 0, 0, 0.05%, 0, 0, 9, 2832.79
1747410727, 382, 33, 34, 0, 0, 0.05%, 0, 0, 9, 2930.33
1747410732, 386, 10, 34, 0, 0, 0.05%, 0, 0, 9, 2971.16
1747410737, 388, 30, 34, 0, 0, 0.05%, 0, 0, 9, 2959.97
1747410742, 389, 31, 34, 0, 0, 0.05%, 0, 0, 9, 2955.11
1747410747, 392, 30, 34, 0, 0, 0.05%, 0, 0, 9, 2970.07
1747410752, 396, 30, 34, 0, 0, 0.05%, 0, 0, 9, 2974.67
1747410757, 399, 11, 34, 0, 0, 0.05%, 0, 0, 9, 2974.97
1747410763, 401, 32, 34, 0, 0, 0.05%, 0, 0, 9, 2832.04
1747410768, 403, 18, 34, 0, 0, 0.05%, 0, 0, 9, 2927.73
1747410773, 406, 10, 34, 0, 0, 0.05%, 0, 0, 9, 2943.65
1747410778, 407, 10, 34, 0, 0, 0.05%, 0, 0, 9, 2969.16
1747410783, 410, 31, 34, 0, 0, 0.05%, 0, 0, 9, 2992.55
1747410788, 411, 19, 34, 0, 0, 0.05%, 0, 0, 9, 2848.12
1747410793, 412, 32, 34, 0, 0, 0.05%, 0, 0, 9, 2894.73
1747410798, 414, 19, 34, 0, 0, 0.05%, 0, 0, 9, 2922.16
1747410803, 416, 30, 34, 0, 0, 0.05%, 0, 0, 9, 2966.50
1747410808, 418, 25, 34, 0, 0, 0.05%, 0, 0, 9, 2933.09
1747410813, 419, 30, 34, 0, 0, 0.05%, 0, 0, 9, 2845.38
1747410818, 421, 32, 34, 0, 0, 0.05%, 0, 0, 9, 2906.58
1747410823, 424, 10, 34, 0, 0, 0.05%, 0, 0, 9, 2591.90
1747410828, 425, 30, 34, 0, 0, 0.05%, 0, 0, 9, 2662.52
1747410833, 426, 31, 34, 0, 0, 0.05%, 0, 0, 9, 2897.73
1747410838, 427, 31, 34, 0, 0, 0.05%, 0, 0, 9, 2897.44
1747410844, 430, 12, 34, 0, 0, 0.05%, 0, 0, 9, 2954.99
1747410849, 433, 8, 34, 0, 0, 0.05%, 0, 0, 9, 2741.34
1747410854, 435, 10, 34, 0, 0, 0.05%, 0, 0, 9, 2666.26
1747410859, 437, 3, 34, 0, 0, 0.05%, 0, 0, 9, 2769.62
1747410864, 439, 22, 34, 0, 0, 0.05%, 0, 0, 9, 2905.63
1747410869, 441, 10, 34, 0, 0, 0.05%, 0, 0, 9, 2842.19
1747410874, 443, 28, 34, 0, 0, 0.05%, 0, 0, 9, 2934.70
1747410879, 444, 33, 34, 0, 0, 0.05%, 0, 0, 9, 2638.82
1747410885, 446, 10, 35, 1, 0, 0.05%, 0, 0, 10, 2794.80
1747410890, 449, 26, 35, 1, 0, 0.05%, 0, 0, 10, 2871.02
1747410895, 449, 34, 37, 3, 0, 0.05%, 0, 0, 11, 2267.46
1747410905, 449, 34, 38, 4, 0, 0.05%, 0, 0, 11, 2098.40
1747410910, 450, 24, 38, 3, 0, 0.05%, 0, 0, 11, 2681.13
1747410915, 450, 36, 38, 3, 0, 0.05%, 0, 0, 11, 2084.77
1747410930, 450, 37, 38, 2, 0, 0.05%, 0, 0, 11, 1996.67
1747410945, 451, 25, 38, 1, 0, 0.05%, 0, 0, 11, 2618.61
1747410950, 451, 35, 38, 1, 0, 0.05%, 0, 0, 11, 2323.90
1747410966, 452, 28, 38, 0, 0, 0.05%, 0, 0, 11, 2797.52
1747410971, 452, 37, 38, 0, 0, 0.05%, 0, 0, 11, 2729.78
1747410976, 455, 4, 38, 0, 0, 0.05%, 0, 0, 11, 2875.00
1747410981, 457, 26, 38, 0, 0, 0.05%, 0, 0, 11, 2826.01
1747410986, 459, 10, 38, 0, 0, 0.05%, 0, 0, 11, 2823.96
1747410991, 462, 14, 38, 0, 0, 0.05%, 0, 0, 11, 2821.67
1747410996, 464, 24, 38, 0, 0, 0.05%, 0, 0, 11, 2681.64
1747411001, 465, 28, 38, 0, 0, 0.05%, 0, 0, 11, 2680.50
1747411006, 467, 19, 38, 0, 0, 0.05%, 0, 0, 11, 2825.05
1747411011, 468, 27, 38, 0, 0, 0.05%, 0, 0, 11, 2880.54
1747411016, 469, 33, 38, 0, 0, 0.05%, 0, 0, 11, 2901.46
1747411021, 472, 5, 38, 0, 0, 0.05%, 0, 0, 11, 2927.17
1747411026, 475, 3, 38, 0, 0, 0.05%, 0, 0, 11, 2921.59
1747411031, 477, 18, 38, 0, 0, 0.05%, 0, 0, 11, 2908.94
1747411036, 478, 33, 38, 0, 0, 0.05%, 0, 0, 11, 2908.13
1747411041, 480, 35, 38, 0, 0, 0.05%, 0, 0, 11, 2875.62
1747411046, 482, 23, 38, 0, 0, 0.05%, 0, 0, 11, 2906.43
1747411051, 485, 10, 38, 0, 0, 0.05%, 0, 0, 11, 2942.70
1747411057, 486, 36, 38, 0, 0, 0.05%, 0, 0, 11, 2898.55
1747411062, 491, 10, 38, 0, 0, 0.05%, 0, 0, 11, 2946.38
1747411067, 491, 37, 38, 0, 0, 0.05%, 0, 0, 11, 2880.23
1747411072, 495, 21, 39, 1, 0, 0.05%, 0, 0, 12, 2917.68
1747411077, 495, 35, 39, 1, 0, 0.05%, 0, 0, 12, 2805.45
1747411082, 497, 34, 39, 1, 0, 0.05%, 0, 0, 12, 2846.90
1747411087, 500, 4, 39, 1, 0, 0.05%, 0, 0, 12, 2798.56
1747411092, 504, 30, 39, 1, 0, 0.05%, 0, 0, 12, 2923.42
1747411097, 505, 35, 39, 1, 0, 0.05%, 0, 0, 12, 2682.63
1747411102, 505, 38, 40, 2, 0, 0.05%, 0, 0, 13, 1839.20
1747411138, 507, 25, 40, 1, 0, 0.05%, 0, 0, 13, 2586.11
1747411143, 508, 31, 40, 1, 0, 0.05%, 0, 0, 13, 2684.70
1747411148, 511, 10, 40, 1, 0, 0.05%, 0, 0, 13, 2938.46
1747411153, 513, 39, 41, 2, 0, 0.05%, 0, 0, 13, 2556.22
1747411178, 514, 33, 41, 1, 0, 0.05%, 0, 0, 13, 2474.28
1747411183, 517, 32, 41, 1, 0, 0.05%, 0, 0, 13, 2796.23
1747411188, 520, 5, 41, 1, 0, 0.05%, 0, 0, 13, 2892.41
1747411193, 521, 32, 41, 1, 0, 0.05%, 0, 0, 13, 2893.04
1747411198, 521, 40, 42, 2, 0, 0.05%, 0, 0, 13, 2772.26
1747411209, 522, 28, 42, 1, 0, 0.05%, 0, 0, 13, 2887.55
1747411214, 523, 39, 42, 1, 0, 0.05%, 0, 0, 13, 2861.17
1747411219, 526, 41, 42, 1, 0, 0.05%, 0, 0, 13, 2777.94
1747411224, 527, 0, 42, 0, 0, 0.05%, 0, 0, 13, 2836.41
1747411229, 529, 33, 42, 0, 0, 0.05%, 0, 0, 13, 2903.92
1747411234, 530, 12, 42, 0, 0, 0.05%, 0, 0, 13, 2896.93
1747411239, 531, 27, 42, 0, 0, 0.05%, 0, 0, 13, 2834.11
1747411244, 532, 30, 42, 0, 0, 0.05%, 0, 0, 13, 2867.07
1747411249, 533, 41, 42, 0, 0, 0.05%, 0, 0, 13, 2628.91
1747411254, 534, 30, 42, 0, 0, 0.05%, 0, 0, 13, 2627.21
1747411259, 536, 37, 42, 0, 0, 0.05%, 0, 0, 13, 2719.52
1747411264, 537, 30, 42, 0, 0, 0.05%, 0, 0, 13, 2851.16
1747411269, 539, 8, 42, 0, 0, 0.05%, 0, 0, 13, 2881.92
1747411274, 543, 0, 42, 0, 0, 0.05%, 0, 0, 13, 2910.70
1747411279, 544, 11, 42, 0, 0, 0.05%, 0, 0, 13, 2873.92
1747411284, 546, 28, 42, 0, 0, 0.05%, 0, 0, 13, 2829.95
1747411289, 547, 28, 42, 0, 0, 0.05%, 0, 0, 13, 2856.13
1747411294, 549, 26, 42, 0, 0, 0.05%, 0, 0, 13, 2846.22
1747411300, 551, 3, 42, 0, 0, 0.05%, 0, 0, 13, 2848.53
1747411305, 553, 16, 42, 0, 0, 0.05%, 0, 0, 13, 2833.03
1747411310, 554, 37, 42, 0, 0, 0.05%, 0, 0, 13, 2765.89
1747411315, 557, 33, 42, 0, 0, 0.05%, 0, 0, 13, 2840.49
1747411320, 558, 4, 42, 0, 0, 0.05%, 0, 0, 13, 2844.17
1747411325, 560, 20, 42, 0, 0, 0.05%, 0, 0, 13, 2875.33
1747411330, 562, 23, 42, 0, 0, 0.05%, 0, 0, 13, 2878.46
1747411335, 563, 39, 42, 0, 0, 0.05%, 0, 0, 13, 2803.32
1747411340, 565, 29, 42, 0, 0, 0.05%, 0, 0, 13, 2876.90
1747411345, 566, 31, 42, 0, 0, 0.05%, 0, 0, 13, 2876.76
1747411350, 567, 21, 42, 0, 0, 0.05%, 0, 0, 13, 2840.69
1747411355, 568, 32, 42, 0, 0, 0.05%, 0, 0, 13, 2878.13
1747411360, 570, 4, 42, 0, 0, 0.05%, 0, 0, 13, 2840.84
1747411366, 572, 25, 42, 0, 0, 0.05%, 0, 0, 13, 2836.61
1747411371, 574, 10, 42, 0, 0, 0.05%, 0, 0, 13, 2780.65
1747411376, 575, 10, 42, 0, 0, 0.05%, 0, 0, 13, 2612.55
1747411381, 577, 31, 42, 0, 0, 0.05%, 0, 0, 13, 2697.60
1747411386, 578, 41, 42, 0, 0, 0.05%, 0, 0, 13, 2844.51
1747411391, 580, 31, 42, 0, 0, 0.05%, 0, 0, 13, 2866.52
1747411396, 583, 10, 42, 0, 0, 0.05%, 0, 0, 13, 2854.83
1747411401, 585, 8, 42, 0, 0, 0.05%, 0, 0, 13, 2619.74
1747411407, 587, 39, 42, 0, 0, 0.05%, 0, 0, 13, 2767.98
1747411412, 590, 33, 42, 0, 0, 0.05%, 0, 0, 13, 2843.86
1747411417, 592, 35, 42, 0, 0, 0.05%, 0, 0, 13, 2812.00
1747411422, 593, 36, 42, 0, 0, 0.05%, 0, 0, 13, 2814.63
1747411427, 594, 38, 42, 0, 0, 0.05%, 0, 0, 13, 2749.51
1747411432, 598, 25, 42, 0, 0, 0.05%, 0, 0, 13, 2854.73
1747411437, 603, 19, 42, 0, 0, 0.05%, 0, 0, 13, 2803.55
1747411442, 607, 10, 42, 0, 0, 0.05%, 0, 0, 13, 2818.78
1747411448, 608, 16, 42, 0, 0, 0.05%, 0, 0, 13, 2822.80
1747411453, 608, 32, 42, 0, 0, 0.05%, 0, 0, 13, 2825.65
1747411458, 610, 10, 42, 0, 0, 0.05%, 0, 0, 13, 2849.41
1747411463, 612, 3, 42, 0, 0, 0.05%, 0, 0, 13, 2840.93
1747411468, 614, 3, 42, 0, 0, 0.05%, 0, 0, 13, 2833.99
1747411473, 616, 37, 42, 0, 0, 0.05%, 0, 0, 13, 2765.95
1747411478, 618, 32, 42, 0, 0, 0.05%, 0, 0, 13, 2847.76
1747411483, 619, 25, 42, 0, 0, 0.05%, 0, 0, 13, 2682.06
1747411488, 620, 31, 42, 0, 0, 0.05%, 0, 0, 13, 2718.82
1747411493, 621, 21, 42, 0, 0, 0.05%, 0, 0, 13, 2735.60
1747411498, 625, 29, 42, 0, 0, 0.05%, 0, 0, 13, 2790.10
1747411503, 626, 24, 42, 0, 0, 0.05%, 0, 0, 13, 2522.39
1747411508, 629, 29, 42, 0, 0, 0.05%, 0, 0, 13, 2704.68
1747411514, 632, 10, 42, 0, 0, 0.05%, 0, 0, 13, 2814.89
1747411519, 634, 29, 42, 0, 0, 0.05%, 0, 0, 13, 2649.09
1747411524, 635, 41, 42, 0, 0, 0.05%, 0, 0, 13, 2636.89
1747411529, 638, 27, 42, 0, 0, 0.05%, 0, 0, 13, 2721.14
1747411534, 640, 10, 42, 0, 0, 0.05%, 0, 0, 13, 2474.17
1747411539, 641, 31, 42, 0, 0, 0.05%, 0, 0, 13, 2592.76
1747411544, 644, 37, 42, 0, 0, 0.05%, 0, 0, 13, 2587.01
1747411549, 645, 35, 42, 0, 0, 0.05%, 0, 0, 13, 2659.50
1747411555, 648, 31, 42, 0, 0, 0.05%, 0, 0, 13, 2738.62
1747411560, 650, 10, 42, 0, 0, 0.05%, 0, 0, 13, 2826.92
1747411565, 653, 10, 42, 0, 0, 0.05%, 0, 0, 13, 2632.57
1747411570, 654, 10, 42, 0, 0, 0.05%, 0, 0, 13, 2691.21
1747411575, 655, 38, 42, 0, 0, 0.05%, 0, 0, 13, 2425.57
1747411580, 657, 30, 42, 0, 0, 0.05%, 0, 0, 13, 2625.31
1747411585, 657, 35, 42, 0, 0, 0.05%, 0, 0, 13, 2566.79
1747411590, 659, 28, 42, 0, 0, 0.05%, 0, 0, 13, 2680.71
1747411595, 660, 21, 42, 0, 0, 0.05%, 0, 0, 13, 2486.72
1747411600, 661, 22, 42, 0, 0, 0.05%, 0, 0, 13, 2665.05
1747411605, 662, 37, 42, 0, 0, 0.05%, 0, 0, 13, 2722.90
1747411610, 663, 32, 42, 0, 0, 0.05%, 0, 0, 13, 2602.11
1747411615, 664, 31, 42, 0, 0, 0.05%, 0, 0, 13, 2794.17
1747411620, 666, 41, 42, 0, 0, 0.05%, 0, 0, 13, 2795.08
1747411626, 669, 23, 42, 0, 0, 0.05%, 0, 0, 13, 2854.53
1747411631, 671, 9, 42, 0, 0, 0.05%, 0, 0, 13, 2861.23
1747411636, 671, 34, 42, 0, 0, 0.05%, 0, 0, 13, 2695.88
1747411641, 672, 28, 42, 0, 0, 0.05%, 0, 0, 13, 2716.86
1747411646, 673, 10, 42, 0, 0, 0.05%, 0, 0, 13, 2790.63
1747411651, 675, 10, 42, 0, 0, 0.05%, 0, 0, 13, 2673.82
1747411656, 679, 31, 42, 0, 0, 0.05%, 0, 0, 13, 2793.55
1747411661, 681, 23, 42, 0, 0, 0.05%, 0, 0, 13, 2813.18
1747411666, 682, 22, 42, 0, 0, 0.05%, 0, 0, 13, 2827.76
1747411671, 683, 31, 42, 0, 0, 0.05%, 0, 0, 13, 2816.28
1747411676, 684, 0, 42, 0, 0, 0.05%, 0, 0, 13, 2771.83
1747411681, 685, 10, 42, 0, 0, 0.05%, 0, 0, 13, 2793.16
1747411686, 686, 31, 42, 0, 0, 0.05%, 0, 0, 13, 2806.64
1747411691, 687, 10, 42, 0, 0, 0.05%, 0, 0, 13, 2806.64
1747411696, 690, 41, 42, 0, 0, 0.05%, 0, 0, 13, 2823.02
1747411701, 693, 37, 42, 0, 0, 0.05%, 0, 0, 13, 2814.43
1747411707, 695, 35, 42, 0, 0, 0.05%, 0, 0, 13, 2798.08
1747411712, 697, 22, 42, 0, 0, 0.05%, 0, 0, 13, 2649.91
1747411717, 699, 0, 42, 0, 0, 0.05%, 0, 0, 13, 2773.25
1747411722, 701, 40, 42, 0, 0, 0.05%, 0, 0, 13, 2760.23
1747411727, 703, 28, 42, 0, 0, 0.05%, 0, 0, 13, 2791.27
1747411732, 705, 10, 42, 0, 0, 0.05%, 0, 0, 13, 2731.78
1747411737, 705, 31, 42, 0, 0, 0.05%, 0, 0, 13, 2788.00
1747411742, 708, 29, 42, 0, 0, 0.05%, 0, 0, 13, 2816.79
1747411747, 709, 3, 42, 0, 0, 0.05%, 0, 0, 13, 2760.90
1747411752, 710, 10, 42, 0, 0, 0.05%, 0, 0, 13, 2762.44
1747411757, 712, 12, 42, 0, 0, 0.05%, 0, 0, 13, 2749.03
1747411763, 713, 38, 42, 0, 0, 0.05%, 0, 0, 13, 2686.08
1747411768, 716, 10, 42, 0, 0, 0.05%, 0, 0, 13, 2774.89
1747411773, 719, 10, 42, 0, 0, 0.05%, 0, 0, 13, 2803.95
1747411778, 723, 20, 42, 0, 0, 0.05%, 0, 0, 13, 2781.16
1747411783, 725, 4, 42, 0, 0, 0.05%, 0, 0, 13, 2793.25
1747411788, 728, 25, 42, 0, 0, 0.05%, 0, 0, 13, 2883.50
1747411793, 728, 39, 42, 0, 0, 0.05%, 0, 0, 13, 2709.80
1747411798, 729, 30, 42, 0, 0, 0.05%, 0, 0, 13, 2722.98
1747411803, 729, 41, 42, 0, 0, 0.05%, 0, 0, 13, 2495.33
1747411808, 732, 39, 42, 0, 0, 0.05%, 0, 0, 13, 2567.01
1747411813, 733, 32, 42, 0, 0, 0.05%, 0, 0, 13, 2747.72
1747411818, 734, 10, 42, 0, 0, 0.05%, 0, 0, 13, 2754.03
1747411823, 735, 30, 42, 0, 0, 0.05%, 0, 0, 13, 2788.39
1747411828, 737, 12, 42, 0, 0, 0.05%, 0, 0, 13, 2814.17
1747411833, 741, 2, 42, 0, 0, 0.05%, 0, 0, 13, 2677.49
1747411839, 742, 37, 42, 0, 0, 0.05%, 0, 0, 13, 2702.35
1747411844, 744, 10, 42, 0, 0, 0.05%, 0, 0, 13, 2771.29
1747411849, 747, 30, 42, 0, 0, 0.05%, 0, 0, 13, 2755.13
1747411854, 748, 24, 42, 0, 0, 0.05%, 0, 0, 13, 2729.99
1747411859, 749, 25, 42, 0, 0, 0.05%, 0, 0, 13, 2718.90
1747411864, 750, 38, 42, 0, 0, 0.05%, 0, 0, 13, 2678.30
1747411869, 751, 36, 42, 0, 0, 0.05%, 0, 0, 13, 2678.56
1747411874, 752, 30, 42, 0, 0, 0.05%, 0, 0, 13, 2780.65
1747411879, 755, 13, 42, 0, 0, 0.05%, 0, 0, 13, 2761.72
1747411884, 757, 23, 42, 0, 0, 0.05%, 0, 0, 13, 2782.78
1747411889, 758, 3, 42, 0, 0, 0.05%, 0, 0, 13, 2788.15
1747411894, 759, 30, 42, 0, 0, 0.05%, 0, 0, 13, 2738.67
1747411900, 761, 4, 42, 0, 0, 0.05%, 0, 0, 13, 2749.01
1747411905, 763, 3, 42, 0, 0, 0.05%, 0, 0, 13, 2798.54
1747411910, 763, 30, 42, 0, 0, 0.05%, 0, 0, 13, 2792.08
1747411915, 766, 38, 42, 0, 0, 0.05%, 0, 0, 13, 2708.93
1747411920, 769, 30, 42, 0, 0, 0.05%, 0, 0, 13, 2426.93
1747411925, 772, 10, 42, 0, 0, 0.05%, 0, 0, 13, 2710.58
1747411930, 774, 8, 42, 0, 0, 0.05%, 0, 0, 13, 2789.51
1747411935, 775, 10, 42, 0, 0, 0.05%, 0, 0, 13, 2812.69
1747411940, 776, 16, 42, 0, 0, 0.05%, 0, 0, 13, 2774.14
1747411945, 777, 38, 42, 0, 0, 0.05%, 0, 0, 13, 2623.85
1747411951, 779, 25, 42, 0, 0, 0.05%, 0, 0, 13, 2609.15
1747411956, 781, 5, 42, 0, 0, 0.05%, 0, 0, 13, 2744.14
1747411961, 781, 35, 42, 0, 0, 0.05%, 0, 0, 13, 2751.94
1747411966, 782, 30, 42, 0, 0, 0.05%, 0, 0, 13, 2712.05
1747411971, 785, 40, 42, 0, 0, 0.05%, 0, 0, 13, 2742.00
1747411976, 788, 10, 42, 0, 0, 0.05%, 0, 0, 13, 2705.32
1747411981, 792, 10, 42, 0, 0, 0.05%, 0, 0, 13, 2760.69
1747411986, 794, 3, 42, 0, 0, 0.05%, 0, 0, 13, 2664.82
1747411991, 794, 34, 42, 0, 0, 0.05%, 0, 0, 13, 2659.94
1747411996, 796, 41, 42, 0, 0, 0.05%, 0, 0, 13, 2725.01
1747412001, 798, 32, 42, 0, 0, 0.05%, 0, 0, 13, 2738.25
1747412006, 799, 18, 42, 0, 0, 0.05%, 0, 0, 13, 2704.32
1747412011, 799, 32, 42, 0, 0, 0.05%, 0, 0, 13, 2724.20
1747412016, 802, 10, 42, 0, 0, 0.05%, 0, 0, 13, 2764.76
1747412021, 804, 7, 42, 0, 0, 0.05%, 0, 0, 13, 2752.08
1747412026, 806, 24, 42, 0, 0, 0.05%, 0, 0, 13, 2666.48
1747412032, 807, 25, 42, 0, 0, 0.05%, 0, 0, 13, 2727.05
1747412037, 810, 10, 42, 0, 0, 0.05%, 0, 0, 13, 2736.30
1747412042, 812, 30, 42, 0, 0, 0.05%, 0, 0, 13, 2792.22
1747412047, 814, 30, 42, 0, 0, 0.05%, 0, 0, 13, 2795.17
1747412052, 816, 28, 42, 0, 0, 0.05%, 0, 0, 13, 2785.98
1747412057, 816, 36, 42, 0, 0, 0.05%, 0, 0, 13, 2720.08
1747412062, 820, 10, 42, 0, 0, 0.05%, 0, 0, 13, 2783.01
1747412067, 821, 30, 42, 0, 0, 0.05%, 0, 0, 13, 2783.32
1747412072, 823, 38, 42, 0, 0, 0.05%, 0, 0, 13, 2617.22
1747412077, 824, 28, 42, 0, 0, 0.05%, 0, 0, 13, 2420.63
1747412082, 827, 10, 42, 0, 0, 0.05%, 0, 0, 13, 2640.95
1747412087, 831, 10, 42, 0, 0, 0.05%, 0, 0, 13, 2734.26
1747412092, 834, 13, 42, 0, 0, 0.05%, 0, 0, 13, 2660.81
1747412097, 836, 36, 42, 0, 0, 0.05%, 0, 0, 13, 2713.46
1747412102, 838, 10, 42, 0, 0, 0.05%, 0, 0, 13, 2468.88
1747412108, 841, 10, 42, 0, 0, 0.05%, 0, 0, 13, 2699.88
1747412113, 842, 40, 42, 0, 0, 0.05%, 0, 0, 13, 2527.97
1747412118, 845, 31, 42, 0, 0, 0.05%, 0, 0, 13, 2714.30
1747412123, 847, 0, 42, 0, 0, 0.05%, 0, 0, 13, 2713.67
1747412128, 849, 10, 42, 0, 0, 0.05%, 0, 0, 13, 2601.45
1747412133, 850, 10, 42, 0, 0, 0.05%, 0, 0, 13, 2614.88
1747412138, 851, 11, 42, 0, 0, 0.05%, 0, 0, 13, 2611.94
1747412143, 853, 20, 42, 0, 0, 0.05%, 0, 0, 13, 2737.66
1747412148, 855, 10, 42, 0, 0, 0.05%, 0, 0, 13, 2533.66
1747412154, 855, 31, 42, 0, 0, 0.05%, 0, 0, 13, 2726.05
1747412159, 857, 0, 42, 0, 0, 0.05%, 0, 0, 13, 2758.18
1747412164, 858, 30, 42, 0, 0, 0.05%, 0, 0, 13, 2725.91
1747412169, 859, 27, 42, 0, 0, 0.05%, 0, 0, 13, 2636.91
1747412174, 862, 10, 42, 0, 0, 0.05%, 0, 0, 13, 2561.98
1747412179, 865, 19, 42, 0, 0, 0.05%, 0, 0, 13, 2597.86
1747412184, 866, 10, 42, 0, 0, 0.05%, 0, 0, 13, 2632.59
1747412189, 868, 11, 42, 0, 0, 0.05%, 0, 0, 13, 2701.22
1747412194, 870, 3, 42, 0, 0, 0.05%, 0, 0, 13, 2603.09
1747412199, 871, 31, 42, 0, 0, 0.05%, 0, 0, 13, 2565.63
1747412204, 872, 32, 42, 0, 0, 0.05%, 0, 0, 13, 2474.83
1747412209, 873, 10, 42, 0, 0, 0.05%, 0, 0, 13, 2670.37
1747412214, 874, 28, 42, 0, 0, 0.05%, 0, 0, 13, 2663.86
1747412219, 875, 34, 42, 0, 0, 0.05%, 0, 0, 13, 2691.48
1747412224, 877, 33, 42, 0, 0, 0.05%, 0, 0, 13, 2670.15
1747412230, 878, 9, 42, 0, 0, 0.05%, 0, 0, 13, 2466.83
1747412235, 880, 10, 42, 0, 0, 0.05%, 0, 0, 13, 2599.05
1747412240, 881, 28, 42, 0, 0, 0.05%, 0, 0, 13, 2608.03
1747412245, 882, 41, 42, 0, 0, 0.05%, 0, 0, 13, 2301.12
1747412250, 884, 36, 42, 0, 0, 0.05%, 0, 0, 13, 2564.60
1747412255, 886, 32, 42, 0, 0, 0.05%, 0, 0, 13, 2478.61
1747412260, 887, 31, 42, 0, 0, 0.05%, 0, 0, 13, 2322.50
1747412265, 888, 0, 42, 0, 0, 0.05%, 0, 0, 13, 2609.58
1747412270, 891, 4, 42, 0, 0, 0.05%, 0, 0, 13, 2713.60
1747412275, 891, 30, 42, 0, 0, 0.05%, 0, 0, 13, 2662.25
1747412280, 892, 23, 42, 0, 0, 0.05%, 0, 0, 13, 2682.47
1747412285, 893, 37, 42, 0, 0, 0.05%, 0, 0, 13, 2640.58
1747412290, 895, 36, 42, 0, 0, 0.05%, 0, 0, 13, 2697.84
1747412295, 898, 28, 42, 0, 0, 0.05%, 0, 0, 13, 2738.12
1747412300, 899, 38, 42, 0, 0, 0.05%, 0, 0, 13, 2669.63
1747412305, 901, 3, 42, 0, 0, 0.05%, 0, 0, 13, 2727.66
1747412311, 902, 22, 42, 0, 0, 0.05%, 0, 0, 13, 2743.84
1747412316, 907, 0, 42, 0, 0, 0.05%, 0, 0, 13, 2773.91
1747412321, 909, 10, 42, 0, 0, 0.05%, 0, 0, 13, 2736.94
1747412326, 912, 10, 42, 0, 0, 0.05%, 0, 0, 13, 2755.15
1747412331, 913, 18, 42, 0, 0, 0.05%, 0, 0, 13, 2762.02
1747412336, 917, 13, 42, 0, 0, 0.05%, 0, 0, 13, 2754.84
1747412341, 918, 4, 42, 0, 0, 0.05%, 0, 0, 13, 2710.05
1747412346, 919, 32, 42, 0, 0, 0.05%, 0, 0, 13, 2719.33
1747412351, 920, 3, 42, 0, 0, 0.05%, 0, 0, 13, 2573.89
1747412356, 922, 28, 42, 0, 0, 0.05%, 0, 0, 13, 2730.35
1747412361, 924, 3, 42, 0, 0, 0.05%, 0, 0, 13, 2772.48
1747412367, 926, 21, 42, 0, 0, 0.05%, 0, 0, 13, 2566.21
1747412372, 927, 10, 42, 0, 0, 0.05%, 0, 0, 13, 2523.03
1747412377, 928, 35, 42, 0, 0, 0.05%, 0, 0, 13, 2628.58
1747412382, 929, 31, 42, 0, 0, 0.05%, 0, 0, 13, 2434.87
1747412387, 930, 35, 42, 0, 0, 0.05%, 0, 0, 13, 2533.92
1747412392, 931, 10, 42, 0, 0, 0.05%, 0, 0, 13, 2475.64
1747412397, 934, 27, 42, 0, 0, 0.05%, 0, 0, 13, 2574.34
1747412402, 936, 15, 42, 0, 0, 0.05%, 0, 0, 13, 2587.95
1747412407, 938, 41, 42, 0, 0, 0.05%, 0, 0, 13, 2669.97
1747412412, 940, 27, 42, 0, 0, 0.05%, 0, 0, 13, 2749.82
1747412417, 941, 40, 42, 0, 0, 0.05%, 0, 0, 13, 2639.25
1747412422, 942, 32, 42, 0, 0, 0.05%, 0, 0, 13, 2653.15
1747412427, 943, 31, 42, 0, 0, 0.05%, 0, 0, 13, 2645.56
1747412432, 944, 11, 42, 0, 0, 0.05%, 0, 0, 13, 2643.21
1747412437, 944, 34, 42, 0, 0, 0.05%, 0, 0, 13, 2592.68
1747412443, 946, 0, 42, 0, 0, 0.05%, 0, 0, 13, 2595.51
1747412448, 947, 30, 42, 0, 0, 0.05%, 0, 0, 13, 2622.09
1747412453, 948, 30, 42, 0, 0, 0.05%, 0, 0, 13, 2574.50
1747412458, 949, 40, 42, 0, 0, 0.05%, 0, 0, 13, 2591.47
1747412463, 951, 20, 42, 0, 0, 0.05%, 0, 0, 13, 2634.98
1747412468, 952, 38, 42, 0, 0, 0.05%, 0, 0, 13, 2534.52
1747412473, 955, 5, 42, 0, 0, 0.05%, 0, 0, 13, 2614.02
1747412478, 956, 40, 42, 0, 0, 0.05%, 0, 0, 13, 2605.80
1747412483, 957, 31, 42, 0, 0, 0.05%, 0, 0, 13, 2618.72
1747412488, 959, 4, 42, 0, 0, 0.05%, 0, 0, 13, 2594.91
1747412493, 960, 30, 42, 0, 0, 0.05%, 0, 0, 13, 2595.37
1747412498, 960, 32, 42, 0, 0, 0.05%, 0, 0, 13, 2636.29
1747412503, 963, 4, 42, 0, 0, 0.05%, 0, 0, 13, 2613.39
1747412508, 964, 22, 42, 0, 0, 0.05%, 0, 0, 13, 2610.09
1747412513, 965, 33, 42, 0, 0, 0.05%, 0, 0, 13, 2633.33
1747412518, 965, 35, 42, 0, 0, 0.05%, 0, 0, 13, 2595.79
1747412523, 966, 37, 42, 0, 0, 0.05%, 0, 0, 13, 2541.09
1747412528, 968, 8, 42, 0, 0, 0.05%, 0, 0, 13, 2567.93
1747412534, 969, 30, 42, 0, 0, 0.05%, 0, 0, 13, 2708.75
1747412539, 972, 3, 42, 0, 0, 0.05%, 0, 0, 13, 2643.52
1747412544, 973, 21, 42, 0, 0, 0.05%, 0, 0, 13, 2710.28
1747412549, 974, 29, 42, 0, 0, 0.05%, 0, 0, 13, 2711.88
1747412554, 976, 24, 42, 0, 0, 0.05%, 0, 0, 13, 2660.67
1747412559, 977, 29, 42, 0, 0, 0.05%, 0, 0, 13, 2557.37
1747412564, 977, 39, 42, 0, 0, 0.05%, 0, 0, 13, 2500.98
1747412569, 980, 4, 42, 0, 0, 0.05%, 0, 0, 13, 2706.01
1747412574, 982, 33, 42, 0, 0, 0.05%, 0, 0, 13, 2687.72
1747412579, 984, 30, 42, 0, 0, 0.05%, 0, 0, 13, 2737.04
1747412584, 986, 38, 42, 0, 0, 0.05%, 0, 0, 13, 2613.32
1747412589, 989, 15, 42, 0, 0, 0.05%, 0, 0, 13, 2712.39
1747412594, 991, 10, 42, 0, 0, 0.05%, 0, 0, 13, 2641.14
1747412599, 993, 28, 42, 0, 0, 0.05%, 0, 0, 13, 2698.74
1747412604, 994, 23, 42, 0, 0, 0.05%, 0, 0, 13, 2435.31
1747412609, 994, 38, 42, 0, 0, 0.05%, 0, 0, 13, 2465.98
1747412614, 996, 34, 42, 0, 0, 0.05%, 0, 0, 13, 2622.35
1747412619, 998, 25, 42, 0, 0, 0.05%, 0, 0, 13, 2703.48
1747412624, 999, 37, 42, 0, 0, 0.05%, 0, 0, 13, 2622.41
1747412630, 1001, 15, 42, 0, 0, 0.05%, 0, 0, 13, 2630.88
1747412635, 1002, 36, 42, 0, 0, 0.05%, 0, 0, 13, 2550.45
1747412640, 1006, 21, 42, 0, 0, 0.05%, 0, 0, 13, 2681.80
1747412645, 1007, 32, 42, 0, 0, 0.05%, 0, 0, 13, 2665.13
1747412650, 1007, 33, 42, 0, 0, 0.05%, 0, 0, 13, 2746.62
1747412655, 1009, 10, 42, 0, 0, 0.05%, 0, 0, 13, 2635.72
1747412660, 1012, 16, 42, 0, 0, 0.05%, 0, 0, 13, 2762.53
1747412665, 1013, 10, 42, 0, 0, 0.05%, 0, 0, 13, 2569.88
1747412670, 1014, 41, 42, 0, 0, 0.05%, 0, 0, 13, 2708.44
1747412675, 1016, 34, 42, 0, 0, 0.05%, 0, 0, 13, 2666.91
1747412680, 1017, 37, 42, 0, 0, 0.05%, 0, 0, 13, 2652.69
1747412686, 1018, 38, 42, 0, 0, 0.05%, 0, 0, 13, 2681.79
1747412691, 1019, 36, 42, 0, 0, 0.05%, 0, 0, 13, 2731.48
1747412696, 1023, 4, 42, 0, 0, 0.05%, 0, 0, 13, 2801.07
1747412701, 1023, 34, 42, 0, 0, 0.05%, 0, 0, 13, 2717.99
1747412706, 1023, 40, 42, 0, 0, 0.05%, 0, 0, 13, 2676.85
1747412711, 1027, 34, 42, 0, 0, 0.05%, 0, 0, 13, 2670.74
1747412716, 1029, 4, 42, 0, 0, 0.05%, 0, 0, 13, 2730.99
1747412721, 1030, 34, 42, 0, 0, 0.05%, 0, 0, 13, 2527.02
1747412727, 1031, 30, 42, 0, 0, 0.05%, 0, 0, 13, 2678.48
1747412732, 1031, 33, 42, 0, 0, 0.05%, 0, 0, 13, 2777.92
1747412737, 1033, 36, 42, 0, 0, 0.05%, 0, 0, 13, 2624.94
1747412742, 1035, 10, 42, 0, 0, 0.05%, 0, 0, 13, 2701.13
1747412747, 1036, 31, 42, 0, 0, 0.05%, 0, 0, 13, 2656.87
1747412752, 1039, 29, 42, 0, 0, 0.05%, 0, 0, 13, 2801.78
1747412757, 1040, 30, 42, 0, 0, 0.05%, 0, 0, 13, 2828.43
1747412762, 1041, 29, 42, 0, 0, 0.05%, 0, 0, 13, 2827.07
1747412767, 1042, 0, 42, 0, 0, 0.05%, 0, 0, 13, 2767.28
1747412772, 1045, 22, 42, 0, 0, 0.05%, 0, 0, 13, 2782.91
1747412777, 1047, 34, 42, 0, 0, 0.05%, 0, 0, 13, 2737.89
1747412783, 1049, 13, 42, 0, 0, 0.05%, 0, 0, 13, 2775.02
1747412788, 1049, 38, 42, 0, 0, 0.05%, 0, 0, 13, 2695.11
1747412793, 1051, 32, 42, 0, 0, 0.05%, 0, 0, 13, 2808.65
1747412798, 1052, 10, 42, 0, 0, 0.05%, 0, 0, 13, 2796.58
1747412803, 1054, 10, 42, 0, 0, 0.05%, 0, 0, 13, 2789.00
1747412808, 1057, 32, 42, 0, 0, 0.05%, 0, 0, 13, 2783.80
1747412813, 1058, 36, 42, 0, 0, 0.05%, 0, 0, 13, 2754.47
1747412819, 1060, 30, 42, 0, 0, 0.05%, 0, 0, 13, 2796.41
1747412824, 1062, 10, 42, 0, 0, 0.05%, 0, 0, 13, 2827.04
1747412829, 1063, 31, 42, 0, 0, 0.05%, 0, 0, 13, 2820.97
1747412834, 1065, 36, 42, 0, 0, 0.05%, 0, 0, 13, 2774.36
1747412839, 1066, 32, 42, 0, 0, 0.05%, 0, 0, 13, 2780.47
1747412844, 1069, 4, 42, 0, 0, 0.05%, 0, 0, 13, 2803.45
1747412849, 1069, 31, 42, 0, 0, 0.05%, 0, 0, 13, 2809.56
1747412854, 1070, 32, 42, 0, 0, 0.05%, 0, 0, 13, 2819.61
1747412859, 1071, 28, 42, 0, 0, 0.05%, 0, 0, 13, 2821.63
1747412864, 1072, 12, 42, 0, 0, 0.05%, 0, 0, 13, 2824.58
1747412869, 1075, 21, 42, 0, 0, 0.05%, 0, 0, 13, 2814.29
1747412874, 1076, 3, 42, 0, 0, 0.05%, 0, 0, 13, 2766.25
1747412879, 1078, 10, 42, 0, 0, 0.05%, 0, 0, 13, 2789.24
1747412884, 1079, 33, 42, 0, 0, 0.05%, 0, 0, 13, 2790.97
1747412889, 1082, 31, 42, 0, 0, 0.05%, 0, 0, 13, 2804.27
1747412894, 1082, 34, 42, 0, 0, 0.05%, 0, 0, 13, 2743.13
1747412899, 1083, 10, 42, 0, 0, 0.05%, 0, 0, 13, 2722.24
1747412905, 1083, 37, 42, 0, 0, 0.05%, 0, 0, 13, 2751.76
1747412910, 1085, 7, 42, 0, 0, 0.05%, 0, 0, 13, 2807.79
1747412915, 1085, 32, 42, 0, 0, 0.05%, 0, 0, 13, 2806.24
1747412920, 1086, 35, 42, 0, 0, 0.05%, 0, 0, 13, 2750.99
1747412925, 1088, 10, 42, 0, 0, 0.05%, 0, 0, 13, 2778.74
1747412930, 1091, 4, 42, 0, 0, 0.05%, 0, 0, 13, 2783.02
1747412935, 1093, 24, 42, 0, 0, 0.05%, 0, 0, 13, 2780.56
1747412940, 1094, 39, 42, 0, 0, 0.05%, 0, 0, 13, 2754.27
1747412945, 1097, 29, 42, 0, 0, 0.05%, 0, 0, 13, 2812.46
1747412950, 1098, 31, 42, 0, 0, 0.05%, 0, 0, 13, 2805.12
1747412955, 1099, 20, 43, 1, 0, 0.05%, 0, 0, 13, 2779.42
1747412961, 1100, 42, 43, 1, 0, 0.05%, 0, 0, 13, 2512.34
1747412971, 1101, 10, 43, 0, 0, 0.05%, 0, 0, 13, 2711.54
1747412976, 1102, 28, 43, 0, 0, 0.05%, 0, 0, 13, 2673.64
1747412981, 1105, 30, 43, 0, 0, 0.05%, 0, 0, 13, 2793.27
1747412986, 1105, 42, 43, 0, 0, 0.05%, 0, 0, 13, 2793.57
1747412991, 1106, 29, 43, 0, 0, 0.05%, 0, 0, 13, 2805.09
1747412996, 1108, 14, 43, 0, 0, 0.05%, 0, 0, 13, 2789.61
1747413001, 1110, 32, 43, 0, 0, 0.05%, 0, 0, 13, 2831.04
1747413006, 1114, 0, 43, 0, 0, 0.05%, 0, 0, 13, 2831.47
1747413011, 1114, 42, 43, 0, 0, 0.05%, 0, 0, 13, 2778.60
1747413016, 1115, 37, 43, 0, 0, 0.05%, 0, 0, 13, 2738.21
1747413022, 1118, 37, 43, 0, 0, 0.05%, 0, 0, 13, 2709.46
1747413027, 1120, 18, 43, 0, 0, 0.05%, 0, 0, 13, 2772.86
1747413032, 1122, 28, 43, 0, 0, 0.05%, 0, 0, 13, 2816.37
1747413037, 1124, 10, 43, 0, 0, 0.05%, 0, 0, 13, 2832.18
1747413042, 1127, 10, 43, 0, 0, 0.05%, 0, 0, 13, 2791.60
1747413047, 1129, 10, 43, 0, 0, 0.05%, 0, 0, 13, 2786.61
1747413052, 1129, 37, 43, 0, 0, 0.05%, 0, 0, 13, 2788.29
1747413057, 1131, 16, 43, 0, 0, 0.05%, 0, 0, 13, 2807.89
1747413062, 1133, 36, 43, 0, 0, 0.05%, 0, 0, 13, 2764.25
1747413067, 1136, 29, 43, 0, 0, 0.05%, 0, 0, 13, 2816.90
1747413072, 1137, 40, 43, 0, 0, 0.05%, 0, 0, 13, 2680.76
1747413077, 1140, 34, 43, 0, 0, 0.05%, 0, 0, 13, 2729.60
1747413082, 1141, 30, 43, 0, 0, 0.05%, 0, 0, 13, 2755.29
1747413087, 1143, 13, 43, 0, 0, 0.05%, 0, 0, 13, 2716.88
1747413093, 1145, 42, 43, 0, 0, 0.05%, 0, 0, 13, 2719.68
1747413098, 1149, 10, 43, 0, 0, 0.05%, 0, 0, 13, 2790.59
1747413103, 1150, 10, 43, 0, 0, 0.05%, 0, 0, 13, 2793.84
1747413108, 1151, 42, 43, 0, 0, 0.05%, 0, 0, 13, 2739.62
1747413113, 1152, 29, 43, 0, 0, 0.05%, 0, 0, 13, 2762.84
1747413118, 1153, 14, 43, 0, 0, 0.05%, 0, 0, 13, 2792.29
1747413123, 1154, 30, 43, 0, 0, 0.05%, 0, 0, 13, 2771.28
1747413128, 1155, 41, 43, 0, 0, 0.05%, 0, 0, 13, 2776.79
1747413133, 1156, 39, 43, 0, 0, 0.05%, 0, 0, 13, 2729.30
1747413138, 1158, 28, 43, 0, 0, 0.05%, 0, 0, 13, 2725.73
1747413143, 1162, 0, 43, 0, 0, 0.05%, 0, 0, 13, 2770.65
1747413148, 1163, 26, 43, 0, 0, 0.05%, 0, 0, 13, 2752.01
1747413153, 1165, 37, 43, 0, 0, 0.05%, 0, 0, 13, 2719.00
1747413159, 1167, 10, 43, 0, 0, 0.05%, 0, 0, 13, 2741.15
1747413164, 1169, 29, 43, 0, 0, 0.05%, 0, 0, 13, 2743.13
1747413169, 1170, 28, 43, 0, 0, 0.05%, 0, 0, 13, 2792.67
1747413174, 1175, 0, 43, 0, 0, 0.05%, 0, 0, 13, 2786.22
1747413179, 1176, 10, 43, 0, 0, 0.05%, 0, 0, 13, 2723.14
1747413184, 1180, 10, 43, 0, 0, 0.05%, 0, 0, 13, 2754.21
1747413189, 1182, 40, 43, 0, 0, 0.05%, 0, 0, 13, 2770.56
1747413195, 1184, 10, 43, 0, 0, 0.05%, 0, 0, 13, 2760.80
1747413200, 1185, 37, 43, 0, 0, 0.05%, 0, 0, 13, 2697.32
1747413205, 1188, 11, 43, 0, 0, 0.05%, 0, 0, 13, 2664.62
1747413210, 1191, 10, 43, 0, 0, 0.05%, 0, 0, 13, 2734.89
1747413215, 1192, 30, 43, 0, 0, 0.05%, 0, 0, 13, 2756.02
1747413220, 1194, 16, 43, 0, 0, 0.05%, 0, 0, 13, 2577.70
1747413225, 1199, 3, 43, 0, 0, 0.05%, 0, 0, 13, 2605.07
1747413230, 1199, 41, 43, 0, 0, 0.05%, 0, 0, 13, 2589.80
1747413235, 1201, 10, 43, 0, 0, 0.05%, 0, 0, 13, 2734.59
1747413240, 1204, 4, 43, 0, 0, 0.05%, 0, 0, 13, 2774.07
1747413245, 1204, 42, 43, 0, 0, 0.05%, 0, 0, 13, 2588.86
1747413250, 1208, 10, 43, 0, 0, 0.05%, 0, 0, 13, 2443.51
1747413256, 1208, 32, 43, 0, 0, 0.05%, 0, 0, 13, 2666.38
1747413261, 1210, 10, 43, 0, 0, 0.05%, 0, 0, 13, 2754.12
1747413266, 1212, 39, 43, 0, 0, 0.05%, 0, 0, 13, 2726.30
1747413271, 1214, 10, 43, 0, 0, 0.05%, 0, 0, 13, 2788.98
1747413276, 1215, 11, 43, 0, 0, 0.05%, 0, 0, 13, 2806.11
1747413281, 1217, 34, 43, 0, 0, 0.05%, 0, 0, 13, 2564.38
1747413286, 1219, 10, 43, 0, 0, 0.05%, 0, 0, 13, 2648.26
1747413291, 1222, 10, 43, 0, 0, 0.05%, 0, 0, 13, 2694.73
1747413296, 1223, 41, 43, 0, 0, 0.05%, 0, 0, 13, 2783.25
1747413301, 1224, 31, 43, 0, 0, 0.05%, 0, 0, 13, 2796.00
1747413306, 1226, 31, 43, 0, 0, 0.05%, 0, 0, 13, 2783.68
1747413311, 1227, 28, 43, 0, 0, 0.05%, 0, 0, 13, 2748.69
1747413317, 1230, 0, 43, 0, 0, 0.05%, 0, 0, 13, 2733.94
1747413322, 1231, 10, 43, 0, 0, 0.05%, 0, 0, 13, 2749.21
1747413327, 1233, 19, 43, 0, 0, 0.05%, 0, 0, 13, 2716.20
1747413332, 1234, 31, 43, 0, 0, 0.05%, 0, 0, 13, 2762.88
1747413337, 1235, 10, 43, 0, 0, 0.05%, 0, 0, 13, 2716.89
1747413342, 1237, 22, 43, 0, 0, 0.05%, 0, 0, 13, 2745.01
1747413347, 1237, 37, 43, 0, 0, 0.05%, 0, 0, 13, 2726.73
1747413352, 1239, 41, 43, 0, 0, 0.05%, 0, 0, 13, 2772.94
1747413357, 1241, 31, 43, 0, 0, 0.05%, 0, 0, 13, 2785.22
1747413362, 1242, 41, 43, 0, 0, 0.05%, 0, 0, 13, 2756.90
1747413367, 1244, 19, 43, 0, 0, 0.05%, 0, 0, 13, 2763.30
1747413372, 1245, 31, 43, 0, 0, 0.05%, 0, 0, 13, 2773.92
1747413377, 1246, 33, 43, 0, 0, 0.05%, 0, 0, 13, 2771.03
1747413383, 1248, 29, 43, 0, 0, 0.05%, 0, 0, 13, 2796.12
1747413388, 1249, 30, 43, 0, 0, 0.05%, 0, 0, 13, 2802.65
1747413393, 1250, 36, 43, 0, 0, 0.05%, 0, 0, 13, 2769.27
1747413398, 1253, 10, 43, 0, 0, 0.05%, 0, 0, 13, 2738.77
1747413403, 1256, 15, 43, 0, 0, 0.05%, 0, 0, 13, 2742.25
1747413408, 1256, 32, 43, 0, 0, 0.05%, 0, 0, 13, 2770.09
1747413413, 1258, 10, 43, 0, 0, 0.05%, 0, 0, 13, 2784.94
1747413418, 1259, 10, 43, 0, 0, 0.05%, 0, 0, 13, 2784.16
1747413423, 1261, 32, 43, 0, 0, 0.05%, 0, 0, 13, 2784.90
1747413428, 1262, 40, 43, 0, 0, 0.05%, 0, 0, 13, 2784.58
1747413434, 1264, 31, 43, 0, 0, 0.05%, 0, 0, 13, 2787.39
1747413439, 1267, 10, 43, 0, 0, 0.05%, 0, 0, 13, 2745.21
1747413444, 1267, 35, 43, 0, 0, 0.05%, 0, 0, 13, 2713.81
1747413449, 1270, 10, 43, 0, 0, 0.05%, 0, 0, 13, 2770.00
1747413454, 1270, 39, 43, 0, 0, 0.05%, 0, 0, 13, 2658.34
1747413459, 1270, 42, 43, 0, 0, 0.05%, 0, 0, 13, 2706.60
1747413464, 1273, 10, 43, 0, 0, 0.05%, 0, 0, 13, 2618.75
1747413469, 1274, 16, 43, 0, 0, 0.05%, 0, 0, 13, 2708.59
1747413474, 1275, 18, 43, 0, 0, 0.05%, 0, 0, 13, 2718.19
1747413479, 1275, 38, 43, 0, 0, 0.05%, 0, 0, 13, 2622.54
