# unix_time, cycles_done, cur_path, paths_total, pending_total, pending_favs, map_size, unique_crashes, unique_hangs, max_depth, execs_per_sec
1748451632, 0, 0, 1, 1, 1, 0.03%, 0, 0, 1, 666.67
1748451637, 0, 0, 13, 13, 1, 0.05%, 0, 0, 2, 801.63
1748451642, 0, 0, 15, 15, 1, 0.05%, 0, 0, 2, 811.64
1748451647, 0, 0, 17, 17, 1, 0.05%, 0, 0, 2, 812.92
1748451652, 0, 0, 18, 18, 1, 0.05%, 0, 0, 2, 803.46
1748451657, 0, 0, 19, 19, 1, 0.05%, 0, 0, 2, 801.11
1748451673, 0, 2, 19, 18, 3, 0.05%, 0, 0, 2, 806.87
1748451678, 0, 4, 22, 20, 2, 0.05%, 0, 0, 3, 808.63
1748451688, 0, 4, 23, 21, 2, 0.05%, 0, 0, 3, 814.03
1748451698, 0, 21, 25, 21, 0, 0.05%, 0, 0, 4, 779.06
1748451704, 1, 12, 25, 20, 0, 0.05%, 0, 0, 4, 787.84
1748451709, 1, 14, 27, 21, 0, 0.05%, 0, 0, 4, 761.01
1748451714, 1, 26, 29, 22, 1, 0.05%, 0, 0, 4, 718.00
1748451719, 1, 26, 30, 23, 1, 0.05%, 0, 0, 4, 756.26
1748451724, 1, 28, 32, 24, 1, 0.06%, 0, 0, 5, 726.08
1748451729, 1, 28, 33, 25, 1, 0.06%, 0, 0, 5, 760.68
1748451739, 1, 28, 34, 26, 1, 0.06%, 0, 0, 5, 749.04
1748451744, 1, 28, 35, 27, 1, 0.06%, 0, 0, 5, 741.80
1748451755, 1, 30, 35, 26, 2, 0.06%, 0, 0, 5, 762.83
1748451765, 1, 30, 36, 27, 2, 0.06%, 0, 0, 6, 776.98
1748451775, 1, 35, 36, 26, 1, 0.06%, 0, 0, 6, 706.66
1748451780, 1, 35, 38, 28, 1, 0.07%, 0, 0, 7, 726.65
1748451785, 1, 35, 40, 30, 1, 0.07%, 0, 0, 7, 745.36
1748451790, 1, 35, 41, 31, 1, 0.08%, 0, 0, 7, 740.15
1748451806, 1, 39, 41, 30, 2, 0.08%, 0, 0, 7, 586.31
1748451811, 1, 39, 42, 31, 2, 0.08%, 0, 0, 8, 305.86
1748451816, 1, 39, 43, 32, 2, 0.08%, 0, 0, 8, 479.00
1748451831, 1, 40, 43, 31, 2, 0.08%, 0, 0, 8, 601.20
1748451847, 1, 41, 43, 30, 1, 0.08%, 0, 0, 8, 567.76
1748451852, 1, 41, 44, 31, 1, 0.08%, 0, 0, 9, 756.22
1748451867, 1, 43, 44, 30, 1, 0.08%, 0, 0, 9, 622.80
1748451872, 1, 43, 45, 31, 1, 0.08%, 0, 0, 10, 471.45
1748451887, 1, 43, 46, 32, 1, 0.08%, 0, 0, 10, 664.88
1748451897, 1, 45, 46, 31, 1, 0.08%, 0, 0, 10, 675.02
1748451907, 1, 45, 47, 32, 1, 0.09%, 0, 0, 11, 470.05
1748451923, 1, 46, 47, 31, 1, 0.09%, 0, 0, 11, 535.52
1748451928, 1, 46, 49, 33, 1, 0.09%, 0, 0, 12, 427.00
1748451933, 1, 46, 50, 34, 1, 0.10%, 0, 0, 12, 470.78
1748451938, 1, 46, 51, 35, 1, 0.10%, 0, 0, 12, 78.53
1748451953, 1, 46, 52, 36, 1, 0.11%, 0, 0, 12, 637.63
1748451984, 1, 49, 52, 35, 3, 0.11%, 0, 0, 12, 58.93
1748451995, 1, 49, 53, 36, 3, 0.11%, 0, 0, 13, 25.25
1748452005, 1, 49, 54, 37, 3, 0.11%, 0, 0, 13, 610.00
1748452015, 1, 49, 56, 39, 3, 0.11%, 0, 0, 13, 561.33
1748452051, 1, 50, 56, 38, 5, 0.11%, 0, 0, 13, 544.55
1748452076, 1, 51, 56, 37, 4, 0.11%, 0, 0, 13, 570.91
1748452097, 1, 52, 56, 36, 3, 0.11%, 0, 0, 13, 628.27
1748452127, 1, 53, 56, 35, 2, 0.11%, 0, 0, 13, 484.38
1748452147, 1, 53, 57, 36, 2, 0.11%, 0, 0, 14, 519.45
1748452168, 1, 53, 58, 37, 2, 0.12%, 0, 0, 14, 603.38
1748452178, 1, 53, 59, 38, 2, 0.12%, 0, 0, 14, 602.47
1748452193, 1, 58, 59, 37, 1, 0.12%, 0, 0, 14, 405.62
1748452219, 1, 58, 60, 38, 1, 0.13%, 0, 0, 15, 445.43
1748452224, 1, 58, 61, 39, 1, 0.13%, 0, 0, 15, 534.57
1748452234, 1, 58, 62, 40, 1, 0.13%, 0, 0, 15, 560.73
1748452239, 1, 58, 63, 41, 1, 0.13%, 0, 0, 15, 566.10
1748452244, 1, 58, 65, 43, 1, 0.13%, 0, 0, 15, 548.95
1748452249, 1, 65, 66, 43, 1, 0.14%, 0, 0, 15, 537.91
1748452269, 1, 65, 67, 44, 1, 0.14%, 0, 0, 16, 219.27
1748452274, 1, 65, 68, 45, 1, 0.14%, 0, 0, 16, 278.61
1748452300, 1, 65, 69, 46, 1, 0.15%, 0, 0, 16, 401.68
1748452305, 1, 65, 70, 47, 1, 0.17%, 0, 0, 16, 441.63
1748452310, 1, 65, 71, 48, 1, 0.17%, 0, 0, 16, 439.98
1748452325, 1, 65, 72, 49, 1, 0.17%, 0, 0, 16, 465.76
1748452366, 1, 66, 72, 48, 4, 0.17%, 0, 0, 16, 433.29
1748452417, 1, 66, 73, 49, 4, 0.17%, 0, 0, 17, 413.34
1748452432, 1, 69, 73, 48, 2, 0.17%, 0, 0, 17, 423.75
1748452494, 1, 69, 74, 49, 2, 0.17%, 0, 0, 17, 168.01
1748452555, 1, 69, 75, 50, 2, 0.17%, 0, 0, 17, 103.91
1748452565, 1, 69, 78, 53, 2, 0.20%, 0, 0, 17, 348.27
1748452646, 1, 73, 78, 52, 4, 0.20%, 0, 0, 17, 296.70
1748452794, 1, 75, 78, 51, 3, 0.20%, 0, 0, 17, 308.06
1748452932, 1, 75, 79, 52, 3, 0.20%, 0, 0, 18, 344.22
1748452937, 1, 75, 80, 53, 3, 0.20%, 0, 0, 18, 362.64
1748452998, 1, 75, 81, 54, 3, 0.21%, 0, 0, 18, 368.90
1748453013, 1, 76, 81, 53, 2, 0.21%, 0, 0, 18, 345.80
1748453018, 1, 76, 82, 54, 2, 0.21%, 0, 0, 18, 285.34
1748453074, 1, 76, 83, 55, 2, 0.21%, 0, 0, 18, 234.08
1748453094, 1, 80, 83, 54, 2, 0.21%, 0, 0, 18, 390.31
1748453104, 1, 80, 85, 56, 2, 0.22%, 0, 0, 19, 200.18
1748453165, 1, 80, 86, 57, 2, 0.22%, 0, 0, 19, 104.71
1748453282, 1, 80, 88, 59, 2, 0.22%, 0, 0, 19, 89.47
1748453287, 1, 80, 89, 60, 2, 0.23%, 0, 0, 19, 201.05
1748453292, 1, 80, 90, 61, 2, 0.23%, 0, 0, 19, 313.35
1748453338, 1, 82, 90, 60, 5, 0.23%, 0, 0, 19, 279.25
1748453363, 1, 82, 91, 61, 5, 0.23%, 0, 0, 19, 202.76
1748453398, 1, 82, 92, 62, 5, 0.24%, 0, 0, 19, 205.59
1748453403, 1, 82, 93, 63, 5, 0.24%, 0, 0, 19, 385.33
1748453424, 1, 82, 94, 64, 5, 0.25%, 0, 0, 19, 420.13
1748453444, 1, 85, 94, 63, 6, 0.25%, 0, 0, 19, 307.16
1748453628, 1, 85, 95, 64, 6, 0.25%, 0, 0, 20, 351.07
1748453658, 1, 87, 95, 63, 6, 0.25%, 0, 0, 20, 294.73
1748453831, 1, 87, 96, 64, 6, 0.25%, 0, 0, 20, 325.36
1748453872, 1, 89, 96, 63, 5, 0.25%, 0, 0, 20, 304.93
1748454132, 1, 89, 98, 65, 5, 0.26%, 0, 0, 20, 79.73
1748454153, 1, 89, 99, 66, 5, 0.26%, 0, 0, 20, 311.32
1748454188, 1, 91, 99, 65, 5, 0.26%, 0, 0, 20, 289.92
1748454280, 1, 93, 99, 64, 4, 0.26%, 0, 0, 20, 441.69
1748454285, 1, 93, 100, 65, 4, 0.26%, 0, 0, 20, 279.08
1748454382, 1, 93, 101, 66, 4, 0.26%, 0, 0, 20, 434.11
1748454407, 1, 95, 101, 65, 4, 0.26%, 0, 0, 20, 382.35
1748454417, 1, 95, 102, 66, 4, 0.26%, 0, 0, 21, 192.76
1748454488, 1, 95, 103, 67, 4, 0.26%, 0, 0, 21, 270.55
1748454606, 1, 95, 106, 70, 4, 0.27%, 0, 0, 21, 102.36
1748454626, 1, 96, 106, 69, 6, 0.27%, 0, 0, 21, 266.35
1748454876, 1, 96, 107, 70, 6, 0.27%, 0, 0, 21, 79.90
1748454907, 1, 97, 107, 69, 6, 0.27%, 0, 0, 21, 307.76
1748455182, 1, 97, 108, 70, 6, 0.28%, 0, 0, 21, 358.70
1748455203, 1, 100, 108, 69, 5, 0.28%, 0, 0, 21, 293.51
