# unix_time, cycles_done, cur_path, paths_total, pending_total, pending_favs, map_size, unique_crashes, unique_hangs, max_depth, execs_per_sec
1748451512, 0, 0, 1, 1, 1, 0.03%, 0, 0, 1, 500.00
1748451517, 0, 0, 13, 13, 1, 0.05%, 0, 0, 2, 1220.74
1748451522, 0, 0, 15, 15, 1, 0.05%, 0, 0, 2, 1339.80
1748451527, 0, 0, 18, 18, 1, 0.05%, 0, 0, 2, 1356.89
1748451532, 0, 0, 20, 20, 1, 0.05%, 0, 0, 2, 1360.16
1748451537, 0, 3, 21, 19, 3, 0.05%, 0, 0, 3, 1379.00
1748451542, 0, 22, 23, 18, 1, 0.05%, 0, 0, 4, 1365.24
1748451548, 0, 22, 26, 21, 1, 0.06%, 0, 0, 5, 1350.99
1748451553, 0, 25, 26, 20, 1, 0.06%, 0, 0, 5, 1343.95
1748451558, 0, 25, 29, 23, 1, 0.06%, 0, 0, 6, 1349.48
1748451573, 0, 28, 30, 23, 1, 0.06%, 0, 0, 7, 1279.74
1748451578, 0, 28, 31, 24, 1, 0.06%, 0, 0, 7, 1269.89
1748451583, 0, 29, 32, 24, 1, 0.06%, 0, 0, 8, 1249.23
1748451588, 0, 31, 32, 23, 1, 0.06%, 0, 0, 8, 1244.79
1748451593, 1, 6, 32, 21, 0, 0.06%, 0, 0, 8, 1298.39
1748451598, 1, 14, 32, 16, 0, 0.06%, 0, 0, 8, 1321.17
1748451603, 1, 21, 33, 15, 0, 0.06%, 0, 0, 8, 1313.34
1748451608, 2, 23, 33, 13, 0, 0.06%, 0, 0, 8, 1305.74
1748451613, 2, 33, 34, 13, 1, 0.06%, 0, 0, 9, 1290.66
1748451619, 2, 33, 37, 16, 1, 0.07%, 0, 0, 10, 1257.28
1748451634, 2, 34, 38, 16, 1, 0.07%, 0, 0, 11, 1231.90
1748451644, 2, 34, 39, 17, 1, 0.07%, 0, 0, 11, 1294.68
1748451649, 2, 37, 39, 16, 1, 0.07%, 0, 0, 11, 1291.15
1748451654, 2, 37, 40, 17, 1, 0.07%, 0, 0, 12, 1294.77
1748451669, 2, 39, 41, 17, 1, 0.07%, 0, 0, 13, 1225.65
1748451675, 2, 39, 43, 19, 1, 0.08%, 0, 0, 13, 1289.11
1748451685, 2, 40, 43, 18, 2, 0.08%, 0, 0, 13, 1280.65
1748451700, 2, 42, 44, 18, 1, 0.08%, 0, 0, 14, 1139.69
1748451705, 2, 42, 46, 20, 1, 0.08%, 0, 0, 14, 1205.03
1748451721, 2, 43, 47, 20, 1, 0.08%, 0, 0, 15, 1134.92
1748451736, 2, 46, 47, 19, 1, 0.08%, 0, 0, 15, 1133.82
1748451751, 3, 15, 47, 16, 0, 0.08%, 0, 0, 15, 1263.44
1748451756, 3, 30, 47, 15, 0, 0.08%, 0, 0, 15, 1198.04
1748451761, 3, 36, 47, 14, 0, 0.08%, 0, 0, 15, 1209.98
1748451772, 3, 40, 47, 13, 0, 0.08%, 0, 0, 15, 1251.98
1748451777, 3, 41, 47, 13, 0, 0.08%, 0, 0, 15, 1166.98
1748451787, 3, 42, 47, 12, 0, 0.08%, 0, 0, 15, 1243.08
1748451792, 4, 16, 47, 12, 0, 0.08%, 0, 0, 15, 1236.19
1748451797, 4, 40, 47, 11, 0, 0.08%, 0, 0, 15, 1247.26
1748451802, 5, 8, 47, 11, 0, 0.08%, 1, 0, 15, 1242.82
1748451807, 5, 37, 47, 9, 0, 0.08%, 1, 0, 15, 1240.28
1748451813, 5, 38, 47, 9, 0, 0.08%, 1, 0, 15, 1068.37
1748451828, 5, 45, 47, 8, 0, 0.08%, 1, 0, 15, 1121.99
1748451833, 5, 45, 48, 9, 0, 0.09%, 1, 0, 15, 1038.01
1748451838, 5, 45, 50, 11, 0, 0.09%, 1, 0, 15, 1135.84
1748451859, 5, 47, 50, 10, 1, 0.09%, 2, 0, 15, 1179.08
1748451884, 6, 27, 50, 9, 0, 0.09%, 2, 0, 15, 1204.15
1748451889, 6, 35, 50, 8, 0, 0.09%, 2, 0, 15, 1229.76
1748451899, 6, 40, 50, 7, 0, 0.09%, 2, 0, 15, 1227.97
1748451904, 6, 47, 50, 7, 0, 0.09%, 2, 0, 15, 1188.75
1748451909, 7, 26, 50, 6, 0, 0.09%, 2, 0, 15, 1204.30
1748451914, 7, 32, 50, 5, 0, 0.09%, 2, 0, 15, 1200.29
1748451919, 7, 40, 50, 4, 0, 0.09%, 2, 0, 15, 1207.89
1748451924, 7, 47, 50, 4, 0, 0.09%, 2, 0, 15, 1136.86
1748451929, 8, 37, 50, 4, 0, 0.09%, 2, 0, 15, 1155.47
1748451934, 8, 46, 51, 5, 0, 0.09%, 2, 0, 15, 1156.07
1748451940, 8, 49, 51, 5, 0, 0.09%, 2, 0, 15, 780.14
1748451970, 9, 33, 51, 4, 0, 0.09%, 2, 0, 15, 988.34
1748451976, 9, 39, 51, 4, 0, 0.09%, 2, 0, 15, 1099.02
1748451981, 9, 46, 51, 4, 0, 0.09%, 2, 0, 15, 1210.00
1748451986, 10, 37, 51, 4, 0, 0.09%, 2, 0, 15, 1172.98
1748451991, 10, 44, 51, 4, 0, 0.09%, 2, 0, 15, 1036.26
1748452017, 10, 46, 51, 3, 0, 0.09%, 2, 0, 15, 1121.17
1748452022, 11, 37, 51, 3, 0, 0.09%, 2, 0, 15, 1194.05
1748452027, 11, 47, 51, 3, 0, 0.09%, 2, 0, 15, 1203.59
1748452032, 12, 37, 51, 3, 0, 0.09%, 2, 0, 15, 1219.97
1748452037, 12, 47, 51, 3, 0, 0.09%, 2, 0, 15, 1205.59
1748452042, 12, 48, 51, 3, 0, 0.09%, 2, 0, 15, 1086.18
1748452067, 13, 36, 51, 2, 0, 0.09%, 2, 0, 15, 1240.96
1748452073, 13, 46, 51, 2, 0, 0.09%, 2, 0, 15, 1249.28
1748452078, 14, 35, 51, 2, 0, 0.09%, 2, 0, 15, 1251.29
1748452083, 14, 42, 51, 2, 0, 0.09%, 2, 0, 15, 1250.62
1748452088, 15, 37, 51, 2, 0, 0.09%, 2, 0, 15, 1248.32
1748452093, 15, 47, 51, 2, 0, 0.09%, 2, 0, 15, 1242.52
1748452098, 15, 50, 51, 2, 0, 0.09%, 2, 0, 15, 1227.91
1748452103, 15, 50, 52, 3, 0, 0.09%, 2, 0, 15, 1246.68
1748452113, 15, 50, 53, 4, 0, 0.09%, 2, 0, 15, 1252.78
1748452118, 15, 50, 54, 5, 0, 0.09%, 2, 0, 15, 1243.55
1748452123, 15, 50, 56, 7, 0, 0.09%, 2, 0, 15, 1264.40
1748452128, 15, 53, 56, 6, 1, 0.09%, 2, 0, 15, 232.32
1748452133, 15, 53, 58, 8, 1, 0.09%, 2, 0, 16, 404.86
1748452358, 16, 33, 59, 8, 0, 0.09%, 2, 0, 16, 730.62
1748452363, 16, 40, 61, 10, 0, 0.09%, 2, 0, 16, 1071.03
1748452368, 16, 47, 61, 10, 0, 0.09%, 2, 0, 16, 1053.46
1748452373, 16, 59, 61, 10, 0, 0.09%, 2, 0, 16, 791.70
1748452445, 17, 40, 61, 9, 0, 0.09%, 2, 0, 16, 984.43
1748452450, 17, 47, 61, 9, 0, 0.09%, 2, 0, 16, 1066.17
1748452455, 18, 33, 61, 9, 0, 0.09%, 2, 0, 16, 1099.11
1748452460, 18, 46, 61, 9, 0, 0.09%, 2, 0, 16, 1165.00
1748452465, 18, 51, 61, 9, 0, 0.09%, 2, 0, 16, 1136.68
1748452485, 18, 57, 61, 8, 0, 0.09%, 2, 0, 16, 929.02
1748452546, 19, 33, 61, 6, 0, 0.09%, 2, 0, 16, 1128.86
1748452551, 19, 40, 61, 6, 0, 0.09%, 2, 0, 16, 1134.66
1748452556, 19, 47, 61, 6, 0, 0.09%, 2, 0, 16, 1127.10
1748452561, 19, 55, 61, 6, 0, 0.09%, 2, 0, 16, 750.00
1748452633, 19, 58, 61, 5, 0, 0.09%, 2, 0, 16, 1009.41
1748452658, 20, 40, 61, 4, 0, 0.09%, 2, 0, 16, 1213.27
1748452663, 20, 47, 61, 4, 0, 0.09%, 2, 0, 16, 1188.56
1748452668, 20, 50, 61, 4, 0, 0.09%, 2, 0, 16, 1141.06
1748452673, 20, 52, 61, 4, 0, 0.09%, 2, 0, 16, 754.67
1748452754, 20, 56, 61, 3, 0, 0.09%, 2, 0, 16, 778.42
1748452795, 20, 60, 61, 2, 0, 0.09%, 2, 0, 16, 806.67
1748452881, 21, 30, 61, 1, 0, 0.09%, 2, 0, 16, 958.68
1748452886, 21, 42, 61, 1, 0, 0.09%, 2, 0, 16, 1152.17
1748452891, 21, 45, 61, 1, 0, 0.09%, 2, 0, 16, 1163.53
1748452896, 21, 46, 61, 1, 0, 0.09%, 2, 0, 16, 1164.45
1748452901, 22, 37, 61, 1, 0, 0.09%, 2, 0, 16, 1167.06
1748452907, 22, 47, 61, 1, 0, 0.09%, 2, 0, 16, 1160.98
1748452912, 23, 33, 61, 1, 0, 0.09%, 2, 0, 16, 1150.53
1748452917, 23, 46, 61, 1, 0, 0.09%, 2, 0, 16, 1194.11
1748452922, 23, 54, 61, 1, 0, 0.09%, 2, 0, 16, 956.49
1748453070, 24, 33, 61, 0, 0, 0.09%, 2, 0, 16, 914.34
1748453075, 24, 42, 61, 0, 0, 0.09%, 2, 0, 16, 1093.11
1748453080, 25, 20, 61, 0, 0, 0.09%, 2, 0, 16, 1099.38
1748453085, 25, 42, 61, 0, 0, 0.09%, 2, 0, 16, 1154.98
1748453090, 25, 53, 61, 0, 0, 0.09%, 2, 0, 16, 1144.17
1748453095, 26, 42, 61, 0, 0, 0.09%, 2, 0, 16, 1152.98
1748453100, 26, 47, 61, 0, 0, 0.09%, 2, 0, 16, 1148.99
1748453105, 27, 40, 61, 0, 0, 0.09%, 2, 0, 16, 1113.36
1748453110, 27, 47, 61, 0, 0, 0.09%, 2, 0, 16, 1106.82
1748453115, 28, 37, 61, 0, 0, 0.09%, 2, 0, 16, 1114.19
1748453120, 28, 46, 61, 0, 0, 0.09%, 2, 0, 16, 1055.04
1748453126, 29, 33, 61, 0, 0, 0.09%, 2, 0, 16, 1127.83
1748453131, 29, 46, 61, 0, 0, 0.09%, 2, 0, 16, 1141.01
1748453136, 30, 33, 61, 0, 0, 0.09%, 2, 0, 16, 1115.83
1748453141, 30, 41, 61, 0, 0, 0.09%, 2, 0, 16, 1144.38
1748453146, 30, 47, 61, 0, 0, 0.09%, 2, 0, 16, 1167.64
1748453151, 31, 33, 61, 0, 0, 0.09%, 2, 0, 16, 1026.27
1748453156, 31, 42, 61, 0, 0, 0.09%, 2, 0, 16, 1112.82
1748453161, 31, 55, 61, 0, 0, 0.09%, 2, 0, 16, 1080.47
1748453167, 32, 4, 61, 0, 0, 0.09%, 2, 0, 16, 1062.73
1748453172, 32, 40, 61, 0, 0, 0.09%, 2, 0, 16, 1084.82
1748453177, 32, 47, 61, 0, 0, 0.09%, 2, 0, 16, 1103.81
1748453182, 33, 37, 61, 0, 0, 0.09%, 2, 0, 16, 1098.88
1748453187, 33, 46, 61, 0, 0, 0.09%, 2, 0, 16, 1116.91
1748453192, 34, 7, 61, 0, 0, 0.09%, 2, 0, 16, 1076.25
1748453197, 34, 40, 61, 0, 0, 0.09%, 2, 0, 16, 1157.00
1748453202, 34, 44, 61, 0, 0, 0.09%, 2, 0, 16, 1097.54
1748453207, 34, 47, 61, 0, 0, 0.09%, 2, 0, 16, 1054.55
1748453212, 35, 37, 61, 0, 0, 0.09%, 2, 0, 16, 1067.15
1748453217, 35, 46, 61, 0, 0, 0.09%, 2, 0, 16, 1129.06
1748453223, 36, 37, 61, 0, 0, 0.09%, 2, 0, 16, 1137.75
1748453228, 36, 46, 61, 0, 0, 0.09%, 2, 0, 16, 1161.40
1748453233, 37, 33, 61, 0, 0, 0.09%, 2, 0, 16, 1141.29
1748453238, 37, 43, 61, 0, 0, 0.09%, 2, 0, 16, 1168.43
1748453243, 37, 53, 61, 0, 0, 0.09%, 2, 0, 16, 1150.35
1748453248, 38, 42, 61, 0, 0, 0.09%, 2, 0, 16, 1095.53
1748453253, 38, 47, 61, 0, 0, 0.09%, 2, 0, 16, 1048.51
1748453258, 39, 42, 61, 0, 0, 0.09%, 2, 0, 16, 1127.38
1748453264, 39, 53, 61, 0, 0, 0.09%, 2, 0, 16, 1109.17
1748453269, 39, 59, 61, 0, 0, 0.09%, 2, 0, 16, 980.79
1748453274, 40, 37, 61, 0, 0, 0.09%, 2, 0, 16, 1107.12
1748453279, 40, 46, 61, 0, 0, 0.09%, 2, 0, 16, 1141.28
1748453284, 41, 33, 61, 0, 0, 0.09%, 2, 0, 16, 1149.69
1748453289, 41, 42, 61, 0, 0, 0.09%, 2, 0, 16, 1168.88
1748453294, 41, 49, 61, 0, 0, 0.09%, 2, 0, 16, 1158.01
1748453299, 41, 57, 61, 0, 0, 0.09%, 2, 0, 16, 1040.18
1748453304, 42, 42, 61, 0, 0, 0.09%, 2, 0, 16, 1156.52
1748453309, 42, 47, 61, 0, 0, 0.09%, 2, 0, 16, 1124.01
1748453314, 42, 53, 61, 0, 0, 0.09%, 2, 0, 16, 1182.35
1748453319, 43, 42, 61, 0, 0, 0.09%, 2, 0, 16, 1185.78
1748453324, 43, 47, 61, 0, 0, 0.09%, 2, 0, 16, 1149.19
1748453329, 43, 56, 61, 0, 0, 0.09%, 2, 0, 16, 1046.50
1748453335, 44, 37, 61, 0, 0, 0.09%, 2, 0, 16, 1152.35
1748453340, 44, 46, 61, 0, 0, 0.09%, 2, 0, 16, 1157.38
1748453345, 44, 58, 61, 0, 0, 0.09%, 2, 0, 16, 1118.52
1748453350, 45, 31, 61, 0, 0, 0.09%, 2, 0, 16, 1178.53
1748453355, 45, 42, 61, 0, 0, 0.09%, 2, 0, 16, 1184.95
1748453360, 45, 47, 61, 0, 0, 0.09%, 2, 0, 16, 1166.63
1748453365, 46, 37, 61, 0, 0, 0.09%, 2, 0, 16, 1148.56
1748453370, 46, 46, 61, 0, 0, 0.09%, 2, 0, 16, 1118.41
1748453375, 47, 37, 61, 0, 0, 0.09%, 2, 0, 16, 1149.08
1748453380, 47, 46, 61, 0, 0, 0.09%, 2, 0, 16, 1129.85
1748453385, 47, 54, 61, 0, 0, 0.09%, 2, 0, 16, 946.09
1748453390, 48, 42, 61, 0, 0, 0.09%, 2, 0, 16, 1110.97
1748453396, 48, 47, 61, 0, 0, 0.09%, 2, 0, 16, 1140.72
1748453401, 49, 40, 61, 0, 0, 0.09%, 2, 0, 16, 1163.72
1748453406, 49, 46, 61, 0, 0, 0.09%, 2, 0, 16, 1058.62
1748453411, 49, 57, 61, 0, 0, 0.09%, 2, 0, 16, 976.98
1748453416, 50, 25, 61, 0, 0, 0.09%, 2, 0, 16, 1025.20
1748453421, 50, 40, 61, 0, 0, 0.09%, 2, 0, 16, 1128.11
1748453426, 50, 47, 61, 0, 0, 0.09%, 2, 0, 16, 1122.54
1748453431, 51, 37, 61, 0, 0, 0.09%, 2, 0, 16, 1081.15
1748453436, 51, 46, 61, 0, 0, 0.09%, 2, 0, 16, 1082.22
1748453441, 52, 33, 61, 0, 0, 0.09%, 2, 0, 16, 998.61
1748453447, 52, 46, 61, 0, 0, 0.09%, 2, 0, 16, 1040.39
1748453452, 53, 33, 61, 0, 0, 0.09%, 2, 0, 16, 1084.17
1748453457, 53, 46, 61, 0, 0, 0.09%, 2, 0, 16, 1092.55
1748453462, 54, 33, 61, 0, 0, 0.09%, 2, 0, 16, 1087.30
1748453467, 54, 41, 61, 0, 0, 0.09%, 2, 0, 16, 1139.57
1748453472, 54, 46, 61, 0, 0, 0.09%, 2, 0, 16, 1137.83
1748453477, 55, 33, 61, 0, 0, 0.09%, 2, 0, 16, 1138.02
1748453482, 55, 46, 61, 0, 0, 0.09%, 2, 0, 16, 1139.17
1748453487, 56, 24, 61, 0, 0, 0.09%, 2, 0, 16, 1143.71
1748453492, 56, 42, 61, 0, 0, 0.09%, 2, 0, 16, 1136.46
1748453497, 56, 58, 61, 0, 0, 0.09%, 2, 0, 16, 1093.67
1748453508, 57, 42, 61, 0, 0, 0.09%, 2, 0, 16, 1131.71
1748453513, 57, 47, 61, 0, 0, 0.09%, 2, 0, 16, 1108.79
1748453518, 58, 37, 61, 0, 0, 0.09%, 2, 0, 16, 1111.32
1748453523, 58, 44, 61, 0, 0, 0.09%, 2, 0, 16, 1129.49
1748453528, 58, 47, 61, 0, 0, 0.09%, 2, 0, 16, 1109.57
1748453533, 59, 33, 61, 0, 0, 0.09%, 2, 0, 16, 1086.69
1748453538, 59, 46, 61, 0, 0, 0.09%, 2, 0, 16, 1113.47
1748453543, 59, 53, 61, 0, 0, 0.09%, 2, 0, 16, 1115.44
1748453548, 60, 40, 61, 0, 0, 0.09%, 2, 0, 16, 1140.89
1748453553, 60, 47, 61, 0, 0, 0.09%, 2, 0, 16, 1114.63
1748453559, 61, 40, 61, 0, 0, 0.09%, 2, 0, 16, 1145.53
1748453564, 61, 47, 61, 0, 0, 0.09%, 2, 0, 16, 1137.26
1748453569, 62, 37, 61, 0, 0, 0.09%, 2, 0, 16, 1139.23
1748453574, 62, 46, 61, 0, 0, 0.09%, 2, 0, 16, 1122.63
1748453579, 63, 33, 61, 0, 0, 0.09%, 2, 0, 16, 1115.34
1748453584, 63, 46, 61, 0, 0, 0.09%, 2, 0, 16, 1139.05
1748453589, 63, 55, 61, 0, 0, 0.09%, 2, 0, 16, 1051.97
1748453594, 64, 40, 61, 0, 0, 0.09%, 2, 0, 16, 1117.52
1748453599, 64, 46, 61, 0, 0, 0.09%, 2, 0, 16, 1136.07
1748453604, 65, 37, 61, 0, 0, 0.09%, 2, 0, 16, 1137.58
1748453609, 65, 46, 61, 0, 0, 0.09%, 2, 0, 16, 1137.33
1748453614, 66, 33, 61, 0, 0, 0.09%, 2, 0, 16, 1125.80
1748453619, 66, 46, 61, 0, 0, 0.09%, 2, 0, 16, 1150.12
1748453625, 67, 33, 61, 0, 0, 0.09%, 2, 0, 16, 1113.05
1748453630, 67, 46, 61, 0, 0, 0.09%, 2, 0, 16, 1136.74
1748453635, 68, 33, 61, 0, 0, 0.09%, 2, 0, 16, 1120.25
1748453640, 68, 46, 61, 0, 0, 0.09%, 2, 0, 16, 1148.70
1748453645, 68, 48, 61, 0, 0, 0.09%, 2, 0, 16, 1127.10
1748453650, 69, 37, 61, 0, 0, 0.09%, 2, 0, 16, 1117.17
1748453655, 69, 46, 61, 0, 0, 0.09%, 2, 0, 16, 1115.75
1748453660, 70, 37, 61, 0, 0, 0.09%, 2, 0, 16, 1132.69
1748453665, 70, 46, 61, 0, 0, 0.09%, 2, 0, 16, 1155.63
1748453670, 71, 34, 61, 0, 0, 0.09%, 2, 0, 16, 1121.18
1748453676, 71, 40, 61, 0, 0, 0.09%, 2, 0, 16, 1137.33
1748453681, 71, 47, 61, 0, 0, 0.09%, 2, 0, 16, 1127.11
1748453686, 72, 37, 61, 0, 0, 0.09%, 2, 0, 16, 1111.41
1748453691, 72, 46, 61, 0, 0, 0.09%, 2, 0, 16, 1136.47
1748453696, 73, 37, 61, 0, 0, 0.09%, 2, 0, 16, 1113.99
1748453701, 73, 42, 61, 0, 0, 0.09%, 2, 0, 16, 1130.39
1748453706, 73, 53, 61, 0, 0, 0.09%, 2, 0, 16, 1069.01
1748453711, 74, 37, 61, 0, 0, 0.09%, 2, 0, 16, 1138.11
1748453716, 74, 46, 61, 0, 0, 0.09%, 2, 0, 16, 1133.26
1748453721, 74, 57, 61, 0, 0, 0.09%, 2, 0, 16, 1035.82
1748453726, 75, 40, 61, 0, 0, 0.09%, 2, 0, 16, 1122.34
1748453731, 75, 47, 61, 0, 0, 0.09%, 2, 0, 16, 1105.48
1748453736, 76, 37, 61, 0, 0, 0.09%, 2, 0, 16, 1122.54
1748453741, 76, 40, 61, 0, 0, 0.09%, 2, 0, 16, 1137.16
1748453746, 76, 47, 61, 0, 0, 0.09%, 2, 0, 16, 1117.43
1748453752, 76, 60, 61, 0, 0, 0.09%, 2, 0, 16, 944.00
1748453757, 77, 40, 61, 0, 0, 0.09%, 2, 0, 16, 1098.56
1748453762, 77, 47, 61, 0, 0, 0.09%, 2, 0, 16, 1114.84
1748453767, 78, 31, 61, 0, 0, 0.09%, 2, 0, 16, 1123.09
1748453772, 78, 42, 61, 0, 0, 0.09%, 2, 0, 16, 1115.17
1748453777, 79, 3, 61, 0, 0, 0.09%, 2, 0, 16, 1081.86
1748453782, 79, 42, 61, 0, 0, 0.09%, 2, 0, 16, 1148.34
1748453787, 79, 53, 61, 0, 0, 0.09%, 2, 0, 16, 1135.78
1748453792, 80, 42, 61, 0, 0, 0.09%, 2, 0, 16, 1138.99
1748453797, 80, 47, 61, 0, 0, 0.09%, 2, 0, 16, 1131.61
1748453802, 80, 56, 61, 0, 0, 0.09%, 2, 0, 16, 1054.96
1748453807, 81, 37, 61, 0, 0, 0.09%, 2, 0, 16, 1123.58
1748453813, 81, 47, 61, 0, 0, 0.09%, 2, 0, 16, 1149.92
1748453818, 81, 53, 61, 0, 0, 0.09%, 2, 0, 16, 1036.55
1748453823, 82, 40, 61, 0, 0, 0.09%, 2, 0, 16, 1098.72
1748453828, 82, 47, 61, 0, 0, 0.09%, 2, 0, 16, 1114.06
1748453833, 83, 37, 61, 0, 0, 0.09%, 2, 0, 16, 1140.67
1748453838, 83, 46, 61, 0, 0, 0.09%, 2, 0, 16, 1120.77
1748453843, 83, 51, 61, 0, 0, 0.09%, 2, 0, 16, 1137.44
1748453848, 84, 37, 61, 0, 0, 0.09%, 2, 0, 16, 1128.80
1748453853, 84, 46, 61, 0, 0, 0.09%, 2, 0, 16, 1133.08
1748453858, 85, 33, 61, 0, 0, 0.09%, 2, 0, 16, 1127.88
1748453863, 85, 46, 61, 0, 0, 0.09%, 2, 0, 16, 1118.12
1748453869, 85, 55, 61, 0, 0, 0.09%, 2, 0, 16, 1006.91
1748453874, 86, 39, 61, 0, 0, 0.09%, 2, 0, 16, 1164.86
1748453879, 86, 46, 61, 0, 0, 0.09%, 2, 0, 16, 1166.79
1748453884, 87, 33, 61, 0, 0, 0.09%, 2, 0, 16, 1154.84
1748453889, 87, 46, 61, 0, 0, 0.09%, 2, 0, 16, 1170.61
1748453894, 88, 37, 61, 0, 0, 0.09%, 2, 0, 16, 1141.68
1748453899, 88, 46, 61, 0, 0, 0.09%, 2, 0, 16, 1182.08
1748453904, 89, 37, 61, 0, 0, 0.09%, 2, 0, 16, 1155.29
1748453909, 89, 46, 61, 0, 0, 0.09%, 2, 0, 16, 1172.46
1748453914, 90, 37, 61, 0, 0, 0.09%, 2, 0, 16, 1168.04
1748453919, 90, 46, 61, 0, 0, 0.09%, 2, 0, 16, 1161.76
1748453924, 91, 33, 61, 0, 0, 0.09%, 2, 0, 16, 1161.67
1748453929, 91, 40, 61, 0, 0, 0.09%, 2, 0, 16, 1177.92
1748453934, 91, 47, 61, 0, 0, 0.09%, 2, 0, 16, 1152.88
1748453940, 92, 33, 61, 0, 0, 0.09%, 2, 0, 16, 1153.63
1748453945, 92, 46, 61, 0, 0, 0.09%, 2, 0, 16, 1160.50
1748453950, 93, 37, 61, 0, 0, 0.09%, 2, 0, 16, 1145.38
1748453955, 93, 46, 61, 0, 0, 0.09%, 2, 0, 16, 1176.60
1748453960, 93, 60, 61, 0, 0, 0.09%, 2, 0, 16, 1012.96
1748453965, 94, 40, 61, 0, 0, 0.09%, 2, 0, 16, 1158.57
1748453970, 94, 47, 61, 0, 0, 0.09%, 2, 0, 16, 1146.09
1748453975, 95, 40, 61, 0, 0, 0.09%, 2, 0, 16, 1156.42
1748453980, 95, 47, 61, 0, 0, 0.09%, 2, 0, 16, 1149.48
1748453985, 96, 37, 61, 0, 0, 0.09%, 2, 0, 16, 1143.38
1748453990, 96, 46, 61, 0, 0, 0.09%, 2, 0, 16, 1173.30
1748453996, 97, 33, 61, 0, 0, 0.09%, 2, 0, 16, 1160.81
1748454001, 97, 46, 61, 0, 0, 0.09%, 2, 0, 16, 1187.63
1748454006, 97, 51, 61, 0, 0, 0.09%, 2, 0, 16, 1185.51
1748454011, 98, 40, 61, 0, 0, 0.09%, 2, 0, 16, 1165.00
1748454016, 98, 47, 61, 0, 0, 0.09%, 2, 0, 16, 1169.16
1748454021, 99, 37, 61, 0, 0, 0.09%, 2, 0, 16, 1159.97
1748454026, 99, 47, 61, 0, 0, 0.09%, 2, 0, 16, 1170.09
1748454031, 100, 40, 61, 0, 0, 0.09%, 2, 0, 16, 1176.49
1748454036, 100, 47, 61, 0, 0, 0.09%, 2, 0, 16, 1182.26
1748454041, 101, 37, 61, 0, 0, 0.09%, 2, 0, 16, 1186.00
1748454046, 101, 46, 61, 0, 0, 0.09%, 2, 0, 16, 1180.65
1748454051, 101, 58, 61, 0, 0, 0.09%, 2, 0, 16, 1140.18
1748454056, 102, 40, 61, 0, 0, 0.09%, 2, 0, 16, 1190.63
1748454061, 102, 47, 61, 0, 0, 0.09%, 2, 0, 16, 1162.36
1748454066, 103, 40, 61, 0, 0, 0.09%, 2, 0, 16, 1165.66
1748454071, 103, 47, 61, 0, 0, 0.09%, 2, 0, 16, 1172.42
1748454076, 104, 40, 61, 0, 0, 0.09%, 2, 0, 16, 1168.07
1748454082, 104, 47, 61, 0, 0, 0.09%, 2, 0, 16, 1142.24
1748454087, 105, 37, 61, 0, 0, 0.09%, 2, 0, 16, 1162.98
1748454092, 105, 46, 61, 0, 0, 0.09%, 2, 0, 16, 1167.85
1748454097, 106, 3, 61, 0, 0, 0.09%, 2, 0, 16, 1154.64
1748454102, 106, 42, 61, 0, 0, 0.09%, 2, 0, 16, 1183.14
1748454107, 106, 46, 61, 0, 0, 0.09%, 2, 0, 16, 1168.20
1748454112, 107, 37, 61, 0, 0, 0.09%, 2, 0, 16, 1176.02
1748454117, 107, 46, 61, 0, 0, 0.09%, 2, 0, 16, 1188.70
1748454122, 107, 57, 61, 0, 0, 0.09%, 2, 0, 16, 1094.73
1748454127, 108, 42, 61, 0, 0, 0.09%, 2, 0, 16, 1164.72
1748454132, 108, 47, 61, 0, 0, 0.09%, 2, 0, 16, 1140.24
1748454137, 109, 42, 61, 0, 0, 0.09%, 2, 0, 16, 1170.10
1748454143, 109, 47, 61, 0, 0, 0.09%, 2, 0, 16, 1182.35
1748454148, 110, 42, 61, 0, 0, 0.09%, 2, 0, 16, 1166.89
1748454153, 110, 53, 61, 0, 0, 0.09%, 2, 0, 16, 1129.34
1748454158, 111, 42, 61, 0, 0, 0.09%, 2, 0, 16, 1176.64
1748454163, 112, 3, 61, 0, 0, 0.09%, 2, 0, 16, 1116.42
1748454168, 112, 42, 61, 0, 0, 0.09%, 2, 0, 16, 1185.74
1748454173, 112, 53, 61, 0, 0, 0.09%, 2, 0, 16, 1162.67
1748454178, 113, 40, 61, 0, 0, 0.09%, 2, 0, 16, 1182.58
1748454183, 113, 47, 61, 0, 0, 0.09%, 2, 0, 16, 1173.28
1748454188, 114, 37, 61, 0, 0, 0.09%, 2, 0, 16, 1153.22
1748454193, 114, 46, 61, 0, 0, 0.09%, 2, 0, 16, 1163.85
1748454198, 115, 37, 61, 0, 0, 0.09%, 2, 0, 16, 1164.66
1748454203, 115, 43, 61, 0, 0, 0.09%, 2, 0, 16, 1175.64
1748454208, 116, 3, 61, 0, 0, 0.09%, 2, 0, 16, 1138.32
1748454213, 116, 42, 61, 0, 0, 0.09%, 2, 0, 16, 1203.04
1748454219, 116, 49, 61, 0, 0, 0.09%, 2, 0, 16, 1189.11
1748454224, 117, 40, 61, 0, 0, 0.09%, 2, 0, 16, 1184.74
1748454229, 117, 47, 61, 0, 0, 0.09%, 2, 0, 16, 1178.68
1748454234, 118, 38, 61, 0, 0, 0.09%, 2, 0, 16, 1182.95
1748454239, 118, 46, 61, 0, 0, 0.09%, 2, 0, 16, 1163.84
1748454244, 119, 3, 61, 0, 0, 0.09%, 2, 0, 16, 1073.39
1748454249, 119, 42, 61, 0, 0, 0.09%, 2, 0, 16, 1182.24
1748454254, 119, 48, 61, 0, 0, 0.09%, 2, 0, 16, 1165.38
1748454259, 120, 40, 61, 0, 0, 0.09%, 2, 0, 16, 1188.86
1748454264, 120, 47, 61, 0, 0, 0.09%, 2, 0, 16, 1164.67
1748454269, 121, 40, 61, 0, 0, 0.09%, 2, 0, 16, 1128.77
1748454274, 121, 47, 61, 0, 0, 0.09%, 2, 0, 16, 1159.23
1748454279, 122, 25, 61, 0, 0, 0.09%, 2, 0, 16, 1136.93
1748454284, 122, 40, 61, 0, 0, 0.09%, 2, 0, 16, 1168.14
1748454289, 122, 47, 61, 0, 0, 0.09%, 2, 0, 16, 1172.18
1748454294, 122, 54, 61, 0, 0, 0.09%, 2, 0, 16, 965.93
1748454299, 123, 40, 61, 0, 0, 0.09%, 2, 0, 16, 1158.19
1748454304, 123, 47, 61, 0, 0, 0.09%, 2, 0, 16, 1197.82
1748454309, 124, 37, 61, 0, 0, 0.09%, 2, 0, 16, 1175.75
1748454314, 124, 46, 61, 0, 0, 0.09%, 2, 0, 16, 1196.10
1748454319, 125, 37, 61, 0, 0, 0.09%, 2, 0, 16, 1166.87
1748454325, 125, 46, 61, 0, 0, 0.09%, 2, 0, 16, 1212.32
1748454330, 125, 54, 61, 0, 0, 0.09%, 2, 0, 16, 1046.51
1748454335, 126, 42, 61, 0, 0, 0.09%, 2, 0, 16, 1192.21
1748454340, 126, 58, 61, 0, 0, 0.09%, 2, 0, 16, 1161.13
1748454345, 127, 38, 61, 0, 0, 0.09%, 2, 0, 16, 1182.19
1748454350, 127, 46, 61, 0, 0, 0.09%, 2, 0, 16, 1179.34
1748454355, 128, 33, 61, 0, 0, 0.09%, 2, 0, 16, 1148.97
1748454360, 128, 42, 61, 0, 0, 0.09%, 2, 0, 16, 1185.18
1748454365, 128, 54, 61, 0, 0, 0.09%, 2, 0, 16, 1087.25
1748454370, 129, 37, 61, 0, 0, 0.09%, 2, 0, 16, 1166.18
1748454376, 129, 47, 61, 0, 0, 0.09%, 2, 0, 16, 1181.58
1748454381, 130, 37, 61, 0, 0, 0.09%, 2, 0, 16, 1116.34
1748454386, 130, 42, 61, 0, 0, 0.09%, 2, 0, 16, 1168.57
1748454391, 131, 12, 61, 0, 0, 0.09%, 2, 0, 16, 1145.72
1748454396, 131, 46, 61, 0, 0, 0.09%, 2, 0, 16, 1180.74
1748454401, 132, 28, 61, 0, 0, 0.09%, 2, 0, 16, 1137.60
1748454406, 132, 42, 61, 0, 0, 0.09%, 2, 0, 16, 1167.68
1748454411, 132, 48, 61, 0, 0, 0.09%, 2, 0, 16, 1164.75
1748454416, 133, 22, 61, 0, 0, 0.09%, 2, 0, 16, 1107.26
1748454421, 133, 40, 61, 0, 0, 0.09%, 2, 0, 16, 1182.82
1748454426, 133, 47, 61, 0, 0, 0.09%, 2, 0, 16, 1155.68
1748454431, 134, 37, 61, 0, 0, 0.09%, 2, 0, 16, 1156.36
1748454436, 134, 47, 61, 0, 0, 0.09%, 2, 0, 16, 1177.49
1748454441, 135, 37, 61, 0, 0, 0.09%, 2, 0, 16, 1158.02
1748454446, 135, 46, 61, 0, 0, 0.09%, 2, 0, 16, 1184.81
1748454451, 136, 28, 61, 0, 0, 0.09%, 2, 0, 16, 1158.81
1748454456, 136, 40, 61, 0, 0, 0.09%, 2, 0, 16, 1199.70
1748454461, 136, 46, 61, 0, 0, 0.09%, 2, 0, 16, 1158.31
1748454467, 137, 37, 61, 0, 0, 0.09%, 2, 0, 16, 1170.29
1748454472, 137, 46, 61, 0, 0, 0.09%, 2, 0, 16, 1198.35
1748454477, 138, 37, 61, 0, 0, 0.09%, 2, 0, 16, 1156.23
1748454482, 138, 46, 61, 0, 0, 0.09%, 2, 0, 16, 1187.83
1748454487, 139, 33, 61, 0, 0, 0.09%, 2, 0, 16, 1136.47
1748454492, 139, 44, 61, 0, 0, 0.09%, 2, 0, 16, 1179.80
1748454497, 139, 47, 61, 0, 0, 0.09%, 2, 0, 16, 1169.56
1748454502, 140, 40, 61, 0, 0, 0.09%, 2, 0, 16, 1195.16
1748454507, 140, 46, 61, 0, 0, 0.09%, 2, 0, 16, 1159.30
1748454512, 141, 37, 61, 0, 0, 0.09%, 2, 0, 16, 1169.88
1748454517, 141, 46, 61, 0, 0, 0.09%, 2, 0, 16, 1170.92
1748454522, 142, 27, 61, 0, 0, 0.09%, 2, 0, 16, 1124.80
1748454527, 142, 42, 61, 0, 0, 0.09%, 2, 0, 16, 1179.94
1748454532, 143, 3, 61, 0, 0, 0.09%, 2, 0, 16, 1137.51
1748454537, 143, 42, 61, 0, 0, 0.09%, 2, 0, 16, 1164.10
1748454543, 143, 49, 61, 0, 0, 0.09%, 2, 0, 16, 1143.42
1748454548, 144, 37, 61, 0, 0, 0.09%, 2, 0, 16, 1147.51
1748454553, 144, 46, 61, 0, 0, 0.09%, 2, 0, 16, 1181.51
1748454558, 145, 37, 61, 0, 0, 0.09%, 2, 0, 16, 1160.68
1748454563, 145, 46, 61, 0, 0, 0.09%, 2, 0, 16, 1172.39
1748454568, 146, 37, 61, 0, 0, 0.09%, 2, 0, 16, 1163.40
1748454573, 146, 45, 61, 0, 0, 0.09%, 2, 0, 16, 1159.90
1748454578, 147, 33, 61, 0, 0, 0.09%, 2, 0, 16, 1137.50
1748454583, 147, 42, 61, 0, 0, 0.09%, 2, 0, 16, 1178.84
1748454588, 147, 47, 61, 0, 0, 0.09%, 2, 0, 16, 1171.48
1748454593, 148, 40, 61, 0, 0, 0.09%, 2, 0, 16, 1166.68
1748454598, 148, 47, 61, 0, 0, 0.09%, 2, 0, 16, 1166.69
1748454603, 149, 38, 61, 0, 0, 0.09%, 2, 0, 16, 1181.08
1748454608, 149, 46, 61, 0, 0, 0.09%, 2, 0, 16, 1201.82
1748454614, 150, 34, 61, 0, 0, 0.09%, 2, 0, 16, 1181.07
1748454619, 150, 42, 61, 0, 0, 0.09%, 2, 0, 16, 1193.56
1748454624, 151, 33, 61, 0, 0, 0.09%, 2, 0, 16, 1156.84
1748454629, 151, 46, 61, 0, 0, 0.09%, 2, 0, 16, 1170.16
1748454634, 152, 33, 61, 0, 0, 0.09%, 2, 0, 16, 1159.93
1748454639, 152, 46, 61, 0, 0, 0.09%, 2, 0, 16, 1176.14
1748454644, 153, 37, 61, 0, 0, 0.09%, 2, 0, 16, 1149.18
1748454649, 153, 46, 61, 0, 0, 0.09%, 2, 0, 16, 1184.07
1748454654, 153, 57, 61, 0, 0, 0.09%, 2, 0, 16, 1107.69
1748454659, 154, 37, 61, 0, 0, 0.09%, 2, 0, 16, 1164.98
1748454664, 154, 47, 61, 0, 0, 0.09%, 2, 0, 16, 1165.16
1748454670, 155, 33, 61, 0, 0, 0.09%, 2, 0, 16, 1146.21
1748454675, 155, 42, 61, 0, 0, 0.09%, 2, 0, 16, 1136.18
1748454680, 156, 33, 61, 0, 0, 0.09%, 2, 0, 16, 1114.02
1748454685, 156, 42, 61, 0, 0, 0.09%, 2, 0, 16, 1195.36
1748454690, 156, 57, 61, 0, 0, 0.09%, 2, 0, 16, 1131.93
1748454695, 157, 38, 61, 0, 0, 0.09%, 2, 0, 16, 1155.82
1748454700, 157, 46, 61, 0, 0, 0.09%, 2, 0, 16, 1165.17
1748454705, 158, 37, 61, 0, 0, 0.09%, 2, 0, 16, 1143.87
1748454710, 158, 46, 61, 0, 0, 0.09%, 2, 0, 16, 1171.81
1748454715, 159, 37, 61, 0, 0, 0.09%, 2, 0, 16, 1172.36
1748454721, 159, 46, 61, 0, 0, 0.09%, 2, 0, 16, 1176.39
1748454726, 160, 33, 61, 0, 0, 0.09%, 2, 0, 16, 1136.87
1748454731, 160, 46, 61, 0, 0, 0.09%, 2, 0, 16, 1184.27
1748454736, 161, 33, 61, 0, 0, 0.09%, 2, 0, 16, 1178.76
1748454741, 161, 46, 61, 0, 0, 0.09%, 2, 0, 16, 1183.34
1748454746, 162, 33, 61, 0, 0, 0.09%, 2, 0, 16, 1174.67
1748454751, 162, 44, 61, 0, 0, 0.09%, 2, 0, 16, 1167.03
1748454756, 162, 47, 61, 0, 0, 0.09%, 2, 0, 16, 1180.60
1748454761, 163, 41, 61, 0, 0, 0.09%, 2, 0, 16, 1173.93
1748454766, 163, 47, 61, 0, 0, 0.09%, 2, 0, 16, 1182.25
1748454771, 164, 18, 61, 0, 0, 0.09%, 2, 0, 16, 1099.65
1748454776, 164, 42, 61, 0, 0, 0.09%, 2, 0, 16, 1195.66
1748454781, 164, 52, 61, 0, 0, 0.09%, 2, 0, 16, 1142.22
1748454786, 165, 42, 61, 0, 0, 0.09%, 2, 0, 16, 1160.63
1748454791, 165, 47, 61, 0, 0, 0.09%, 2, 0, 16, 1178.87
1748454796, 166, 37, 61, 0, 0, 0.09%, 2, 0, 16, 1177.47
1748454801, 166, 46, 61, 0, 0, 0.09%, 2, 0, 16, 1212.80
1748454806, 167, 37, 61, 0, 0, 0.09%, 2, 0, 16, 1182.49
1748454811, 167, 44, 61, 0, 0, 0.09%, 2, 0, 16, 1170.27
1748454816, 167, 53, 61, 0, 0, 0.09%, 2, 0, 16, 1166.82
1748454822, 168, 40, 61, 0, 0, 0.09%, 2, 0, 16, 1199.51
1748454827, 168, 47, 61, 0, 0, 0.09%, 2, 0, 16, 1162.56
1748454832, 169, 40, 61, 0, 0, 0.09%, 2, 0, 16, 1162.33
1748454837, 169, 47, 61, 0, 0, 0.09%, 2, 0, 16, 1149.24
1748454842, 170, 37, 61, 0, 0, 0.09%, 2, 0, 16, 1163.10
1748454847, 170, 47, 61, 0, 0, 0.09%, 2, 0, 16, 1153.77
1748454852, 171, 37, 61, 0, 0, 0.09%, 2, 0, 16, 1178.80
1748454857, 171, 46, 61, 0, 0, 0.09%, 2, 0, 16, 1179.14
1748454862, 171, 56, 61, 0, 0, 0.09%, 2, 0, 16, 1110.39
1748454867, 172, 40, 61, 0, 0, 0.09%, 2, 0, 16, 1181.56
1748454872, 172, 47, 61, 0, 0, 0.09%, 2, 0, 16, 1176.97
1748454877, 173, 40, 61, 0, 0, 0.09%, 2, 0, 16, 1172.08
1748454882, 173, 47, 61, 0, 0, 0.09%, 2, 0, 16, 1154.75
1748454887, 174, 40, 61, 0, 0, 0.09%, 2, 0, 16, 1172.33
1748454892, 174, 47, 61, 0, 0, 0.09%, 2, 0, 16, 1149.23
1748454897, 175, 37, 61, 0, 0, 0.09%, 2, 0, 16, 1175.61
1748454902, 175, 45, 61, 0, 0, 0.09%, 2, 0, 16, 1200.13
1748454907, 176, 1, 61, 0, 0, 0.09%, 2, 0, 16, 1123.10
1748454913, 176, 40, 61, 0, 0, 0.09%, 2, 0, 16, 1190.67
1748454918, 176, 47, 61, 0, 0, 0.09%, 2, 0, 16, 1183.04
1748454923, 177, 37, 61, 0, 0, 0.09%, 2, 0, 16, 1168.43
1748454928, 177, 46, 61, 0, 0, 0.09%, 2, 0, 16, 1176.80
1748454933, 178, 37, 61, 0, 0, 0.09%, 2, 0, 16, 1159.86
1748454938, 178, 46, 61, 0, 0, 0.09%, 2, 0, 16, 1191.99
1748454943, 178, 56, 61, 0, 0, 0.09%, 2, 0, 16, 1144.12
1748454948, 179, 40, 61, 0, 0, 0.09%, 2, 0, 16, 1177.87
1748454953, 179, 47, 61, 0, 0, 0.09%, 2, 0, 16, 1192.22
1748454958, 180, 40, 61, 0, 0, 0.09%, 2, 0, 16, 1193.76
1748454963, 180, 47, 61, 0, 0, 0.09%, 2, 0, 16, 1192.75
1748454968, 181, 40, 61, 0, 0, 0.09%, 2, 0, 16, 1163.66
1748454973, 181, 47, 61, 0, 0, 0.09%, 2, 0, 16, 1188.44
1748454978, 182, 37, 61, 0, 0, 0.09%, 2, 0, 16, 1196.45
1748454984, 182, 46, 61, 0, 0, 0.09%, 2, 0, 16, 1183.82
1748454989, 183, 29, 61, 0, 0, 0.09%, 2, 0, 16, 1163.49
1748454994, 183, 40, 61, 0, 0, 0.09%, 2, 0, 16, 1186.71
1748454999, 183, 47, 61, 0, 0, 0.09%, 2, 0, 16, 1173.56
1748455004, 184, 40, 61, 0, 0, 0.09%, 2, 0, 16, 1192.54
1748455009, 184, 46, 61, 0, 0, 0.09%, 2, 0, 16, 1165.03
1748455014, 185, 36, 61, 0, 0, 0.09%, 2, 0, 16, 1183.48
1748455019, 185, 46, 61, 0, 0, 0.09%, 2, 0, 16, 1192.90
1748455024, 185, 53, 61, 0, 0, 0.09%, 2, 0, 16, 1143.10
1748455029, 186, 40, 61, 0, 0, 0.09%, 2, 0, 16, 1215.33
1748455034, 186, 47, 61, 0, 0, 0.09%, 2, 0, 16, 1190.80
1748455039, 187, 40, 61, 0, 0, 0.09%, 2, 0, 16, 1200.06
1748455044, 187, 47, 61, 0, 0, 0.09%, 2, 0, 16, 1187.47
1748455049, 188, 42, 61, 0, 0, 0.09%, 2, 0, 16, 1179.78
1748455054, 188, 53, 61, 0, 0, 0.09%, 2, 0, 16, 1173.96
1748455060, 189, 40, 61, 0, 0, 0.09%, 2, 0, 16, 1224.19
1748455065, 189, 47, 61, 0, 0, 0.09%, 2, 0, 16, 1210.77
1748455070, 190, 40, 61, 0, 0, 0.09%, 2, 0, 16, 1212.43
1748455075, 190, 47, 61, 0, 0, 0.09%, 2, 0, 16, 1220.48
1748455080, 191, 33, 61, 0, 0, 0.09%, 2, 0, 16, 1224.92
1748455085, 191, 46, 61, 0, 0, 0.09%, 2, 0, 16, 1225.67
1748455090, 192, 33, 61, 0, 0, 0.09%, 2, 0, 16, 1207.76
1748455095, 192, 46, 61, 0, 0, 0.09%, 2, 0, 16, 1213.41
1748455100, 192, 59, 61, 0, 0, 0.09%, 2, 0, 16, 1128.53
1748455105, 193, 40, 61, 0, 0, 0.09%, 2, 0, 16, 1217.59
1748455110, 193, 47, 61, 0, 0, 0.09%, 2, 0, 16, 1199.49
