# unix_time, cycles_done, cur_path, paths_total, pending_total, pending_favs, map_size, unique_crashes, unique_hangs, max_depth, execs_per_sec
1746558726, 0, 0, 1, 1, 1, 4.90%, 0, 0, 1, 26.40
1746558731, 0, 0, 18, 18, 1, 5.76%, 0, 0, 2, 29.96
1746558736, 0, 0, 36, 36, 1, 5.76%, 0, 0, 2, 30.66
1746558742, 0, 0, 53, 53, 1, 5.76%, 0, 0, 2, 31.08
1746558747, 0, 0, 71, 71, 1, 5.76%, 0, 0, 2, 31.29
1746558752, 0, 0, 87, 87, 1, 5.76%, 0, 0, 2, 30.87
1746558757, 0, 0, 100, 100, 1, 5.98%, 0, 0, 2, 26.89
1746558762, 0, 0, 109, 109, 1, 5.98%, 0, 0, 2, 26.74
1746558767, 0, 0, 122, 122, 1, 5.98%, 0, 0, 2, 27.14
1746558772, 0, 0, 134, 134, 1, 5.98%, 0, 0, 2, 26.70
1746558777, 0, 0, 145, 145, 1, 5.98%, 0, 0, 2, 27.39
1746558782, 0, 0, 158, 158, 1, 5.98%, 0, 0, 2, 26.90
1746558787, 0, 0, 166, 166, 1, 5.99%, 0, 0, 2, 24.39
1746558793, 0, 0, 174, 174, 1, 5.99%, 0, 0, 2, 23.61
1746558798, 0, 0, 183, 183, 1, 5.99%, 0, 0, 2, 25.53
1746558803, 0, 0, 190, 190, 1, 5.99%, 0, 0, 2, 25.04
1746558808, 0, 0, 198, 198, 1, 5.99%, 0, 0, 2, 23.06
1746558813, 0, 0, 205, 205, 1, 5.99%, 0, 0, 2, 22.86
1746558818, 0, 0, 210, 210, 1, 6.00%, 0, 0, 2, 22.33
1746558823, 0, 0, 215, 215, 1, 6.00%, 0, 0, 2, 23.94
1746558828, 0, 0, 220, 220, 1, 6.00%, 0, 0, 2, 22.66
1746558834, 0, 0, 224, 224, 1, 6.00%, 0, 0, 2, 22.56
1746558839, 0, 0, 233, 233, 1, 6.00%, 0, 0, 2, 24.81
1746558844, 0, 0, 238, 238, 1, 6.00%, 0, 0, 2, 24.73
1746558849, 0, 0, 242, 242, 1, 6.00%, 0, 0, 2, 23.87
1746558854, 0, 0, 246, 246, 1, 6.01%, 0, 0, 2, 24.51
1746558859, 0, 0, 251, 251, 1, 6.44%, 0, 0, 2, 24.65
1746558864, 0, 0, 252, 252, 1, 6.44%, 0, 0, 2, 24.54
1746558869, 0, 0, 257, 257, 1, 6.44%, 0, 0, 2, 24.52
1746558875, 0, 0, 262, 262, 1, 6.44%, 0, 0, 2, 22.70
1746558880, 0, 0, 265, 265, 1, 6.44%, 0, 0, 2, 22.95
1746558885, 0, 0, 267, 267, 1, 6.44%, 0, 0, 2, 22.69
1746558890, 0, 0, 268, 268, 1, 6.44%, 0, 0, 2, 23.96
1746558895, 0, 0, 273, 273, 1, 6.44%, 0, 0, 2, 23.38
1746558900, 0, 0, 275, 275, 1, 6.44%, 0, 0, 2, 21.68
1746558905, 0, 0, 280, 280, 1, 6.44%, 0, 0, 2, 22.49
1746558910, 0, 0, 282, 282, 1, 6.44%, 0, 0, 2, 23.40
1746558916, 0, 0, 283, 283, 1, 6.44%, 0, 0, 2, 23.66
1746558921, 0, 0, 286, 286, 1, 6.44%, 0, 0, 2, 22.99
1746558926, 0, 0, 289, 289, 1, 6.52%, 0, 0, 2, 22.63
1746558931, 0, 0, 292, 292, 1, 6.52%, 0, 0, 2, 23.48
1746558936, 0, 0, 295, 295, 1, 6.52%, 0, 0, 2, 23.63
1746558941, 0, 0, 298, 298, 1, 6.52%, 0, 0, 2, 23.36
1746558946, 0, 0, 300, 300, 1, 6.52%, 0, 0, 2, 23.64
1746558951, 0, 0, 303, 303, 1, 6.52%, 0, 0, 2, 21.65
1746558956, 0, 0, 306, 306, 1, 6.52%, 0, 0, 2, 22.95
1746558961, 0, 0, 309, 309, 1, 6.52%, 0, 0, 2, 23.18
1746558967, 0, 0, 312, 312, 1, 6.52%, 0, 0, 2, 22.81
1746558972, 0, 0, 315, 315, 1, 6.52%, 0, 0, 2, 22.23
1746558977, 0, 0, 316, 316, 1, 6.52%, 0, 0, 2, 23.01
1746558982, 0, 0, 317, 317, 1, 6.52%, 0, 0, 2, 22.69
1746558987, 0, 0, 318, 318, 1, 6.52%, 0, 0, 2, 23.32
1746558992, 0, 0, 321, 321, 1, 6.52%, 0, 0, 2, 22.19
1746558997, 0, 0, 322, 322, 1, 6.65%, 0, 0, 2, 22.31
1746559002, 0, 0, 323, 323, 1, 6.65%, 0, 0, 2, 23.17
1746559007, 0, 0, 326, 326, 1, 6.65%, 0, 0, 2, 22.15
1746559013, 0, 0, 327, 327, 1, 6.65%, 0, 0, 2, 21.80
1746559018, 0, 0, 330, 330, 1, 6.65%, 0, 0, 2, 21.85
1746559023, 0, 0, 333, 333, 1, 6.65%, 0, 0, 2, 21.18
1746559028, 0, 0, 334, 334, 1, 6.65%, 0, 0, 2, 22.94
1746559033, 0, 0, 337, 337, 1, 6.65%, 0, 0, 2, 22.83
1746559038, 0, 0, 339, 339, 1, 6.65%, 0, 0, 2, 22.59
1746559043, 0, 0, 342, 342, 1, 6.65%, 0, 0, 2, 22.94
1746559049, 0, 0, 343, 343, 1, 6.65%, 0, 0, 2, 22.61
1746559054, 0, 0, 344, 344, 1, 6.65%, 0, 0, 2, 23.02
1746559064, 0, 0, 345, 345, 1, 6.65%, 0, 0, 2, 23.67
1746559069, 0, 0, 347, 347, 1, 6.65%, 0, 0, 2, 22.91
1746559074, 0, 0, 348, 348, 1, 6.65%, 0, 0, 2, 23.48
1746559079, 0, 0, 349, 349, 1, 6.65%, 0, 0, 2, 23.79
1746559085, 0, 0, 351, 351, 1, 6.65%, 0, 0, 2, 23.62
1746559090, 0, 0, 353, 353, 1, 6.65%, 0, 0, 2, 23.33
1746559095, 0, 0, 355, 355, 1, 6.65%, 0, 0, 2, 23.32
1746559100, 0, 0, 357, 357, 1, 6.65%, 0, 0, 2, 22.42
1746559115, 0, 0, 360, 360, 1, 6.65%, 0, 0, 2, 21.48
1746559120, 0, 0, 362, 362, 1, 6.65%, 0, 0, 2, 22.87
1746559126, 0, 17, 362, 361, 16, 6.65%, 0, 0, 2, 28.14
1746559131, 0, 17, 363, 362, 16, 6.65%, 0, 0, 3, 25.48
1746559136, 0, 17, 364, 363, 16, 6.65%, 0, 0, 3, 25.57
1746559141, 0, 17, 365, 364, 16, 6.65%, 0, 0, 3, 25.16
1746559146, 0, 17, 367, 366, 16, 6.65%, 0, 0, 3, 24.71
1746559151, 0, 17, 369, 368, 16, 6.65%, 0, 0, 3, 24.66
1746559156, 0, 17, 373, 372, 16, 6.65%, 0, 0, 3, 23.20
1746559161, 0, 17, 376, 375, 16, 6.65%, 0, 0, 3, 23.61
1746559167, 0, 17, 378, 377, 16, 6.65%, 0, 0, 3, 23.60
1746559172, 0, 17, 380, 379, 16, 6.65%, 0, 0, 3, 23.52
1746559177, 0, 17, 382, 381, 16, 6.65%, 0, 0, 3, 24.52
1746559182, 0, 17, 383, 382, 16, 6.65%, 0, 0, 3, 24.14
1746559192, 0, 17, 385, 384, 16, 6.65%, 0, 0, 3, 24.27
1746559197, 0, 17, 386, 385, 16, 6.65%, 0, 0, 3, 24.22
1746559208, 0, 17, 387, 386, 16, 6.65%, 0, 0, 3, 24.04
1746559213, 0, 17, 388, 387, 16, 6.65%, 0, 0, 3, 24.13
1746559228, 0, 17, 391, 390, 16, 6.65%, 0, 0, 3, 21.65
1746559233, 0, 17, 392, 391, 16, 6.65%, 0, 0, 3, 23.32
1746559243, 0, 17, 393, 392, 16, 6.65%, 0, 0, 3, 24.76
1746559248, 0, 17, 394, 393, 16, 6.65%, 0, 0, 3, 22.65
1746559253, 0, 17, 395, 394, 16, 6.65%, 0, 0, 3, 23.91
1746559259, 0, 17, 396, 395, 16, 6.65%, 0, 0, 3, 25.19
1746559269, 0, 17, 397, 396, 16, 6.65%, 0, 0, 3, 24.50
1746559279, 0, 17, 398, 397, 16, 6.65%, 0, 0, 3, 24.68
1746559284, 0, 17, 399, 398, 16, 6.65%, 0, 0, 3, 23.34
1746559289, 0, 17, 400, 399, 16, 6.65%, 0, 0, 3, 24.55
1746559299, 0, 17, 401, 400, 16, 6.65%, 0, 0, 3, 23.52
1746559310, 0, 17, 402, 401, 16, 6.65%, 0, 0, 3, 23.80
1746559330, 0, 17, 405, 404, 16, 6.65%, 0, 0, 3, 24.46
1746559335, 0, 17, 407, 406, 16, 6.65%, 0, 0, 3, 23.06
1746559345, 0, 17, 408, 407, 16, 6.65%, 0, 0, 3, 24.67
1746559350, 0, 17, 409, 408, 16, 6.65%, 0, 0, 3, 25.59
1746559366, 0, 17, 413, 412, 16, 6.65%, 0, 0, 3, 22.43
1746559371, 0, 17, 415, 414, 16, 6.65%, 0, 0, 3, 22.02
1746559376, 0, 17, 416, 415, 16, 6.65%, 0, 0, 3, 24.10
1746559391, 0, 17, 418, 417, 16, 6.65%, 0, 0, 3, 24.47
1746559407, 0, 17, 419, 418, 16, 6.65%, 0, 0, 3, 25.38
1746559412, 0, 17, 420, 419, 16, 6.65%, 0, 0, 3, 24.12
1746559417, 0, 78, 420, 418, 15, 6.65%, 0, 0, 3, 24.93
1746559422, 0, 78, 421, 419, 15, 6.65%, 0, 0, 3, 23.30
1746559432, 0, 78, 423, 421, 15, 6.65%, 0, 0, 3, 25.33
1746559437, 0, 78, 425, 423, 15, 6.66%, 0, 0, 3, 22.44
1746559442, 0, 78, 426, 424, 15, 6.67%, 0, 0, 3, 23.80
1746559453, 0, 78, 427, 425, 15, 6.67%, 0, 0, 3, 24.50
1746559458, 0, 78, 428, 426, 15, 6.67%, 0, 0, 3, 25.08
1746559478, 0, 78, 429, 427, 15, 6.67%, 0, 0, 3, 25.19
1746559483, 0, 78, 430, 428, 15, 6.67%, 0, 0, 3, 25.62
1746559514, 0, 78, 431, 429, 15, 6.67%, 0, 0, 3, 25.36
1746559524, 0, 78, 432, 430, 15, 6.67%, 0, 0, 3, 25.18
1746559534, 0, 78, 433, 431, 15, 6.67%, 0, 0, 3, 25.33
1746559555, 0, 78, 434, 432, 15, 6.67%, 0, 0, 3, 25.48
1746559560, 0, 78, 435, 433, 15, 6.67%, 0, 0, 3, 24.61
1746559565, 0, 78, 436, 434, 15, 6.67%, 0, 0, 3, 25.00
1746559585, 0, 78, 437, 435, 15, 6.67%, 0, 0, 3, 24.94
1746559611, 0, 78, 438, 436, 15, 6.67%, 0, 0, 3, 25.72
1746559616, 0, 92, 438, 435, 14, 6.67%, 0, 0, 3, 25.55
1746559636, 0, 104, 438, 434, 13, 6.67%, 0, 0, 3, 22.35
1746559642, 0, 104, 440, 436, 13, 6.67%, 0, 0, 3, 22.94
1746559657, 0, 104, 441, 437, 13, 6.67%, 0, 0, 3, 24.36
1746559693, 0, 104, 442, 438, 13, 6.67%, 0, 0, 3, 22.24
1746559709, 0, 104, 443, 439, 13, 6.67%, 0, 0, 3, 23.43
1746559714, 0, 104, 444, 440, 13, 6.67%, 0, 0, 3, 23.35
1746559729, 0, 104, 445, 441, 13, 6.67%, 0, 0, 3, 22.76
1746559734, 0, 104, 446, 442, 13, 6.67%, 0, 0, 3, 22.42
1746559750, 0, 104, 447, 443, 13, 6.67%, 0, 0, 3, 21.89
1746559760, 0, 104, 448, 444, 13, 6.67%, 0, 0, 3, 21.98
1746559770, 0, 104, 449, 445, 13, 6.67%, 0, 0, 3, 22.19
1746559786, 0, 104, 450, 446, 13, 6.67%, 0, 0, 3, 22.20
1746559837, 0, 104, 451, 447, 13, 6.67%, 0, 0, 3, 23.00
1746559872, 0, 104, 452, 448, 13, 6.67%, 0, 0, 3, 22.00
1746559883, 0, 104, 453, 449, 13, 6.67%, 0, 0, 3, 21.19
1746559893, 0, 104, 454, 450, 13, 6.67%, 0, 0, 3, 22.29
1746559898, 0, 104, 455, 451, 13, 6.67%, 0, 0, 3, 22.41
1746559903, 0, 104, 456, 452, 13, 6.67%, 0, 0, 3, 22.78
1746559908, 0, 104, 457, 453, 13, 6.67%, 0, 0, 3, 23.18
1746559923, 0, 104, 458, 454, 13, 6.67%, 0, 0, 3, 22.37
1746559934, 0, 143, 458, 453, 12, 6.67%, 0, 0, 3, 26.68
1746559939, 0, 143, 460, 455, 12, 6.67%, 0, 0, 3, 25.75
1746559959, 0, 143, 462, 457, 12, 6.67%, 0, 0, 3, 24.70
1746560036, 0, 143, 464, 459, 12, 6.67%, 0, 0, 3, 21.04
1746560041, 0, 143, 466, 461, 12, 6.67%, 0, 0, 3, 22.82
1746560077, 0, 143, 467, 462, 12, 6.67%, 0, 0, 3, 22.58
1746560082, 0, 143, 468, 463, 12, 6.67%, 0, 0, 3, 21.86
1746560092, 0, 143, 469, 464, 12, 6.67%, 0, 0, 3, 22.09
1746560097, 0, 143, 470, 465, 12, 6.67%, 0, 0, 3, 21.41
1746560102, 0, 143, 471, 466, 12, 6.67%, 0, 0, 3, 21.46
1746560108, 0, 143, 472, 467, 12, 6.67%, 0, 0, 3, 21.76
1746560118, 0, 143, 473, 468, 12, 6.67%, 0, 0, 3, 23.04
1746560123, 0, 143, 474, 469, 12, 6.67%, 0, 0, 3, 22.47
1746560128, 0, 143, 476, 471, 12, 6.67%, 0, 0, 3, 22.04
1746560143, 0, 143, 477, 472, 12, 6.67%, 0, 0, 3, 22.85
1746560149, 0, 143, 479, 474, 12, 6.67%, 0, 0, 3, 21.62
1746560159, 0, 143, 480, 475, 12, 6.67%, 0, 0, 3, 22.14
1746560164, 0, 143, 481, 476, 12, 6.67%, 0, 0, 3, 21.45
1746560174, 0, 143, 482, 477, 12, 6.67%, 0, 0, 3, 21.73
1746560189, 0, 143, 483, 478, 12, 6.67%, 0, 0, 3, 22.47
1746560195, 0, 143, 484, 479, 12, 6.67%, 0, 0, 3, 22.50
1746560205, 0, 143, 486, 481, 12, 6.67%, 0, 0, 3, 20.52
1746560282, 0, 143, 488, 483, 12, 6.67%, 0, 0, 3, 21.84
1746560302, 0, 143, 489, 484, 12, 6.67%, 0, 0, 3, 22.75
1746560317, 0, 143, 490, 485, 12, 6.67%, 0, 0, 3, 21.52
1746560369, 0, 143, 491, 486, 12, 6.67%, 0, 0, 3, 22.30
1746560379, 0, 145, 491, 485, 12, 6.67%, 0, 0, 3, 26.19
1746560389, 0, 148, 491, 484, 12, 6.67%, 0, 0, 3, 23.33
1746560400, 0, 186, 491, 483, 11, 6.67%, 0, 0, 3, 22.42
1746560415, 0, 186, 492, 484, 11, 6.67%, 0, 0, 3, 22.57
1746560425, 0, 207, 492, 483, 11, 6.67%, 0, 0, 3, 23.15
1746560466, 0, 225, 492, 482, 10, 6.67%, 0, 0, 3, 23.55
1746560491, 0, 225, 493, 483, 10, 6.67%, 0, 0, 3, 22.95
1746560506, 0, 246, 494, 483, 10, 6.67%, 0, 0, 3, 19.75
1746560512, 0, 246, 498, 487, 10, 6.67%, 0, 0, 3, 13.92
1746560517, 0, 246, 502, 491, 10, 6.70%, 0, 0, 3, 12.13
1746560522, 0, 246, 505, 494, 10, 6.70%, 0, 0, 3, 12.22
1746560527, 0, 246, 508, 497, 10, 6.70%, 0, 0, 3, 12.75
1746560532, 0, 246, 511, 500, 10, 6.70%, 0, 0, 3, 11.83
1746560537, 0, 246, 513, 502, 10, 6.70%, 0, 0, 3, 13.09
1746560558, 0, 246, 514, 503, 10, 6.70%, 0, 0, 3, 12.43
1746560563, 0, 246, 516, 505, 10, 6.70%, 0, 0, 3, 11.53
1746560583, 0, 246, 517, 506, 10, 6.70%, 0, 0, 3, 13.27
1746560588, 0, 246, 521, 510, 10, 6.70%, 0, 0, 3, 14.80
1746560598, 0, 246, 523, 512, 10, 6.70%, 0, 0, 3, 13.97
1746560603, 0, 246, 526, 515, 10, 6.70%, 0, 0, 3, 15.88
1746560614, 0, 246, 529, 518, 10, 6.70%, 0, 0, 3, 16.48
1746560624, 0, 246, 531, 520, 10, 6.70%, 0, 0, 3, 18.83
1746560634, 0, 246, 532, 521, 10, 6.82%, 0, 0, 3, 19.53
1746560649, 0, 246, 533, 522, 10, 6.82%, 0, 0, 3, 20.34
1746560665, 0, 246, 534, 523, 10, 6.82%, 0, 0, 3, 19.81
1746560675, 0, 246, 536, 525, 10, 6.82%, 0, 0, 3, 19.41
1746560695, 0, 246, 537, 526, 10, 6.82%, 0, 0, 3, 19.79
1746560700, 0, 246, 540, 529, 10, 6.83%, 0, 0, 3, 18.07
1746560751, 0, 246, 541, 530, 10, 6.84%, 0, 0, 3, 20.47
1746560782, 0, 246, 542, 531, 10, 6.84%, 0, 0, 3, 19.57
1746560793, 0, 246, 543, 532, 10, 6.84%, 0, 0, 3, 17.22
1746560808, 0, 246, 544, 533, 10, 6.84%, 0, 0, 3, 20.99
1746560818, 0, 246, 546, 535, 10, 6.84%, 0, 0, 3, 18.51
1746560849, 0, 246, 547, 536, 10, 6.84%, 0, 0, 3, 19.59
1746560879, 0, 246, 548, 537, 10, 6.84%, 0, 0, 3, 19.72
1746560884, 0, 246, 550, 539, 10, 6.84%, 0, 0, 3, 19.15
1746560900, 0, 246, 551, 540, 10, 6.84%, 0, 0, 3, 20.92
1746560925, 0, 246, 552, 541, 10, 6.84%, 0, 0, 3, 20.45
1746560940, 0, 246, 553, 542, 10, 6.84%, 0, 0, 3, 17.98
1746560946, 0, 246, 554, 543, 10, 6.84%, 0, 0, 3, 19.43
1746560951, 0, 246, 555, 544, 10, 6.84%, 0, 0, 3, 19.26
1746560956, 0, 288, 555, 543, 13, 6.84%, 0, 0, 3, 20.05
1746560961, 0, 288, 556, 544, 13, 6.84%, 0, 0, 3, 19.66
1746560966, 0, 288, 557, 545, 13, 6.84%, 0, 0, 3, 19.56
1746560986, 0, 321, 557, 544, 13, 6.84%, 0, 0, 3, 22.41
1746560991, 0, 321, 558, 545, 13, 6.84%, 0, 0, 3, 15.97
1746560996, 0, 321, 560, 547, 13, 6.84%, 0, 0, 3, 14.21
1746561001, 0, 321, 562, 549, 13, 6.84%, 0, 0, 3, 13.97
1746561006, 0, 321, 565, 552, 13, 6.84%, 0, 0, 3, 13.84
1746561022, 0, 321, 566, 553, 13, 6.84%, 0, 0, 3, 14.57
1746561027, 0, 321, 567, 554, 13, 6.84%, 0, 0, 3, 13.22
1746561032, 0, 321, 570, 557, 13, 6.84%, 0, 0, 3, 12.94
1746561053, 0, 321, 571, 558, 13, 6.84%, 0, 0, 3, 16.76
1746561058, 0, 321, 572, 559, 13, 6.84%, 0, 0, 3, 16.13
1746561063, 0, 321, 574, 561, 13, 6.84%, 0, 0, 3, 14.49
1746561073, 0, 321, 575, 562, 13, 6.84%, 0, 0, 3, 17.96
1746561083, 0, 321, 576, 563, 13, 6.84%, 0, 0, 3, 21.05
1746561088, 0, 321, 577, 564, 13, 6.84%, 0, 0, 3, 21.96
1746561104, 0, 321, 578, 565, 13, 6.84%, 0, 0, 3, 20.07
1746561109, 0, 321, 579, 566, 13, 6.84%, 0, 0, 3, 19.41
1746561114, 0, 321, 580, 567, 13, 6.84%, 0, 0, 3, 19.28
1746561129, 0, 321, 581, 568, 13, 6.84%, 0, 0, 3, 20.66
1746561145, 0, 321, 582, 569, 13, 6.84%, 0, 0, 3, 20.46
1746561155, 0, 321, 583, 570, 13, 6.84%, 0, 0, 3, 20.67
1746561175, 0, 321, 584, 571, 13, 6.84%, 0, 0, 3, 20.90
1746561206, 0, 321, 585, 572, 13, 6.84%, 0, 0, 3, 20.00
1746561232, 0, 321, 586, 573, 13, 6.84%, 0, 0, 3, 18.55
1746561242, 0, 321, 587, 574, 13, 6.84%, 0, 0, 3, 20.38
1746561247, 0, 321, 588, 575, 13, 6.84%, 0, 0, 3, 19.84
1746561273, 0, 321, 589, 576, 13, 6.84%, 0, 0, 3, 20.25
1746561293, 0, 321, 590, 577, 13, 6.84%, 0, 0, 3, 19.82
1746561303, 0, 321, 591, 578, 13, 6.84%, 0, 0, 3, 21.09
1746561319, 0, 394, 591, 577, 13, 6.84%, 0, 0, 3, 20.31
1746561329, 0, 394, 593, 579, 13, 6.84%, 0, 0, 4, 14.94
1746561401, 0, 394, 594, 580, 13, 6.84%, 0, 0, 4, 17.35
1746561411, 0, 394, 596, 582, 13, 6.85%, 0, 0, 4, 13.60
1746561436, 0, 394, 599, 585, 13, 6.85%, 0, 0, 4, 14.12
1746561447, 0, 469, 599, 584, 13, 6.85%, 0, 0, 4, 20.38
1746561498, 0, 470, 599, 583, 12, 6.85%, 0, 0, 4, 19.42
1746561503, 0, 470, 600, 584, 12, 6.85%, 0, 0, 4, 17.89
1746561519, 0, 470, 601, 585, 12, 6.85%, 0, 0, 4, 18.61
1746561529, 0, 470, 602, 586, 12, 6.85%, 0, 0, 4, 18.77
1746561565, 0, 470, 605, 589, 12, 6.85%, 0, 0, 4, 16.96
1746561652, 0, 470, 606, 590, 12, 6.85%, 0, 0, 4, 20.17
1746561657, 0, 470, 607, 591, 12, 6.85%, 0, 0, 4, 19.34
1746561672, 0, 470, 608, 592, 12, 6.85%, 0, 0, 4, 20.39
1746561708, 0, 470, 609, 593, 12, 6.85%, 0, 0, 4, 20.26
1746561728, 0, 470, 610, 594, 12, 6.85%, 0, 0, 4, 20.97
1746561743, 0, 470, 611, 595, 12, 6.85%, 0, 0, 4, 19.53
1746561764, 0, 470, 612, 596, 12, 6.85%, 0, 0, 4, 20.04
1746561836, 0, 470, 614, 598, 12, 6.85%, 0, 0, 4, 19.85
1746561846, 0, 470, 615, 599, 12, 6.85%, 0, 0, 4, 21.10
1746561938, 0, 470, 616, 600, 12, 6.85%, 0, 0, 4, 20.83
1746561974, 0, 475, 617, 600, 11, 6.85%, 0, 0, 4, 18.00
1746561995, 0, 475, 618, 601, 11, 6.85%, 0, 0, 4, 16.98
1746562020, 0, 499, 618, 600, 10, 6.85%, 0, 0, 4, 18.33
1746562025, 0, 499, 620, 602, 10, 6.85%, 0, 0, 4, 14.31
1746562035, 0, 499, 621, 603, 10, 6.85%, 0, 0, 4, 13.12
1746562041, 0, 499, 623, 605, 10, 6.85%, 0, 0, 4, 13.73
1746562123, 0, 527, 623, 604, 10, 6.85%, 0, 0, 4, 16.12
1746562128, 0, 527, 624, 605, 10, 6.85%, 0, 0, 4, 14.65
1746562133, 0, 527, 625, 606, 10, 6.85%, 0, 0, 4, 13.91
1746562138, 0, 527, 626, 607, 10, 6.85%, 0, 0, 4, 15.52
1746562153, 0, 527, 628, 609, 10, 6.85%, 0, 0, 4, 14.70
1746562159, 0, 527, 629, 610, 10, 6.85%, 0, 0, 4, 13.02
1746562195, 0, 527, 630, 611, 10, 6.85%, 0, 0, 4, 14.88
1746562225, 0, 531, 632, 612, 10, 7.07%, 0, 0, 4, 16.10
1746562230, 0, 531, 636, 616, 10, 7.07%, 0, 0, 4, 12.10
1746562240, 0, 531, 637, 617, 10, 7.07%, 0, 0, 4, 11.55
1746562246, 0, 531, 638, 618, 10, 7.07%, 0, 0, 4, 12.25
1746562256, 0, 531, 639, 619, 10, 7.07%, 0, 0, 4, 15.53
1746562261, 0, 531, 640, 620, 10, 7.07%, 0, 0, 4, 14.84
1746562271, 0, 531, 642, 622, 10, 7.07%, 0, 0, 4, 12.05
1746562277, 0, 531, 643, 623, 10, 7.07%, 0, 0, 4, 11.70
1746562282, 0, 531, 645, 625, 10, 7.07%, 0, 0, 4, 10.95
1746562323, 0, 531, 646, 626, 10, 7.07%, 0, 0, 4, 12.39
1746562343, 0, 531, 647, 627, 10, 7.07%, 0, 0, 4, 14.71
1746562353, 0, 534, 647, 626, 9, 7.07%, 0, 0, 4, 16.70
1746562363, 0, 534, 648, 627, 9, 7.07%, 0, 0, 4, 15.76
1746562384, 0, 534, 649, 628, 9, 7.07%, 0, 0, 4, 17.28
1746562404, 0, 538, 651, 629, 8, 7.09%, 0, 0, 4, 14.56
1746562410, 0, 538, 653, 631, 8, 7.09%, 0, 0, 4, 11.45
1746562420, 0, 538, 655, 633, 8, 7.09%, 0, 0, 4, 10.95
1746562425, 0, 538, 656, 634, 8, 7.09%, 0, 0, 4, 12.54
1746562430, 0, 538, 659, 637, 8, 7.14%, 0, 0, 4, 10.83
1746562461, 0, 538, 660, 638, 8, 7.14%, 0, 0, 4, 11.64
1746562472, 0, 538, 661, 639, 8, 7.14%, 0, 0, 4, 10.69
1746562477, 0, 538, 663, 641, 8, 7.14%, 0, 0, 4, 10.85
1746562482, 0, 538, 667, 645, 8, 7.14%, 0, 0, 4, 10.57
1746562518, 0, 538, 668, 646, 8, 7.14%, 0, 0, 4, 12.21
1746562523, 0, 538, 669, 647, 8, 7.14%, 0, 0, 4, 15.42
1746562574, 0, 538, 670, 648, 8, 7.14%, 0, 0, 4, 12.97
1746562584, 0, 541, 670, 647, 10, 7.14%, 0, 0, 4, 16.35
1746562661, 0, 548, 670, 646, 9, 7.14%, 0, 0, 4, 16.98
1746562753, 0, 549, 670, 645, 8, 7.14%, 0, 0, 4, 17.84
1746562758, 0, 549, 671, 646, 8, 7.14%, 0, 0, 4, 15.07
1746562763, 0, 549, 672, 647, 8, 7.14%, 0, 0, 4, 14.90
1746562768, 0, 549, 673, 648, 8, 7.14%, 0, 0, 4, 14.39
1746562794, 0, 549, 674, 649, 8, 7.14%, 0, 0, 4, 12.81
1746562845, 0, 549, 675, 650, 8, 7.16%, 0, 0, 4, 18.15
1746562865, 0, 595, 675, 649, 9, 7.16%, 0, 0, 4, 15.96
1746562876, 0, 595, 676, 650, 9, 7.16%, 0, 0, 5, 12.50
1746562947, 0, 595, 677, 651, 9, 7.16%, 0, 0, 5, 14.20
1746562958, 0, 595, 678, 652, 9, 7.16%, 0, 0, 5, 15.71
1746563009, 0, 620, 678, 651, 8, 7.16%, 0, 0, 5, 19.49
1746563014, 0, 620, 679, 652, 8, 7.16%, 0, 0, 5, 14.27
1746563019, 0, 620, 680, 653, 8, 7.16%, 0, 0, 5, 12.98
1746563117, 0, 634, 680, 652, 7, 7.16%, 0, 0, 5, 15.75
1746563127, 0, 634, 682, 654, 7, 7.16%, 0, 0, 5, 11.30
1746563137, 0, 634, 684, 656, 7, 7.16%, 0, 0, 5, 12.10
1746563158, 0, 634, 685, 657, 7, 7.16%, 0, 0, 5, 12.23
1746563194, 0, 634, 687, 659, 7, 7.16%, 0, 0, 5, 11.35
1746563245, 0, 635, 687, 658, 7, 7.16%, 0, 0, 5, 17.68
1746563291, 0, 635, 688, 659, 7, 7.16%, 0, 0, 5, 10.75
1746563332, 0, 635, 689, 660, 7, 7.16%, 0, 0, 5, 12.20
1746563368, 0, 644, 689, 659, 6, 7.16%, 0, 0, 5, 19.47
1746563491, 0, 655, 690, 659, 5, 7.16%, 0, 0, 5, 17.26
1746563496, 0, 655, 691, 660, 5, 7.16%, 0, 0, 5, 13.74
1746563501, 0, 655, 694, 663, 5, 7.16%, 0, 0, 5, 11.43
1746563511, 0, 655, 696, 665, 5, 7.16%, 0, 0, 5, 13.71
1746563521, 0, 655, 697, 666, 5, 7.16%, 0, 0, 5, 13.55
1746563527, 0, 655, 698, 667, 5, 7.16%, 0, 0, 5, 15.10
1746563542, 0, 655, 699, 668, 5, 7.16%, 0, 0, 5, 14.26
1746563547, 0, 655, 700, 669, 5, 7.16%, 0, 0, 5, 12.79
1746563557, 0, 655, 701, 670, 5, 7.16%, 0, 0, 5, 11.01
1746563563, 0, 655, 702, 671, 5, 7.16%, 0, 0, 5, 10.75
1746563568, 0, 655, 704, 673, 5, 7.16%, 0, 0, 5, 10.66
1746563573, 0, 655, 706, 675, 5, 7.16%, 0, 0, 5, 10.05
1746563578, 0, 655, 711, 680, 5, 7.16%, 0, 0, 5, 10.84
1746563603, 0, 655, 712, 681, 5, 7.16%, 0, 0, 5, 11.53
1746563628, 0, 655, 714, 683, 5, 7.16%, 0, 0, 5, 12.16
1746563675, 0, 658, 715, 683, 5, 7.16%, 0, 0, 5, 13.69
1746563680, 0, 658, 717, 685, 5, 7.16%, 0, 0, 5, 10.58
1746563685, 0, 658, 719, 687, 5, 7.16%, 0, 0, 5, 10.88
1746563690, 0, 658, 720, 688, 5, 7.16%, 0, 0, 5, 10.10
1746563695, 0, 658, 721, 689, 5, 7.16%, 0, 0, 5, 9.01
1746563700, 0, 658, 722, 690, 5, 7.16%, 0, 0, 5, 10.63
1746563736, 0, 658, 723, 691, 5, 7.16%, 0, 0, 5, 10.80
1746563752, 0, 658, 724, 692, 5, 7.16%, 0, 0, 5, 10.22
1746563793, 0, 658, 725, 693, 5, 7.16%, 0, 0, 5, 14.27
1746563814, 0, 658, 727, 695, 5, 7.16%, 0, 0, 5, 10.55
1746563819, 0, 658, 729, 697, 5, 7.16%, 0, 0, 5, 11.05
1746563860, 0, 664, 729, 696, 6, 7.16%, 0, 0, 5, 17.97
1746563870, 0, 664, 731, 698, 6, 7.16%, 0, 0, 5, 11.28
1746563937, 0, 664, 732, 699, 6, 7.16%, 0, 0, 5, 10.21
1746563942, 0, 664, 736, 703, 6, 7.16%, 0, 0, 5, 9.43
1746563947, 0, 664, 738, 705, 6, 7.16%, 0, 0, 5, 9.50
1746563977, 0, 664, 739, 706, 6, 7.16%, 0, 0, 5, 10.27
1746564034, 0, 664, 740, 707, 6, 7.20%, 0, 0, 5, 14.19
1746564065, 0, 674, 741, 707, 4, 7.20%, 0, 0, 5, 18.50
1746564070, 0, 674, 743, 709, 4, 7.20%, 0, 0, 5, 13.62
1746564075, 0, 674, 747, 713, 4, 7.20%, 0, 0, 5, 11.41
1746564080, 0, 674, 748, 714, 4, 7.20%, 0, 0, 5, 12.72
1746564085, 0, 674, 750, 716, 4, 7.20%, 0, 0, 5, 11.24
1746564095, 0, 674, 753, 719, 4, 7.21%, 0, 0, 5, 11.73
1746564131, 0, 674, 755, 721, 4, 7.21%, 0, 0, 5, 11.55
1746564137, 0, 674, 758, 724, 4, 7.21%, 0, 0, 5, 10.14
1746564142, 0, 674, 759, 725, 4, 7.21%, 0, 0, 5, 10.20
1746564147, 0, 674, 761, 727, 4, 7.21%, 0, 0, 5, 10.11
1746564183, 0, 674, 763, 729, 4, 7.21%, 0, 0, 5, 15.14
1746564199, 0, 674, 764, 730, 4, 7.21%, 0, 0, 5, 12.52
1746564204, 0, 674, 765, 731, 4, 7.21%, 0, 0, 5, 15.42
1746564229, 0, 674, 766, 732, 4, 7.21%, 0, 0, 5, 16.78
1746564244, 0, 682, 766, 731, 8, 7.21%, 0, 0, 5, 16.32
1746564249, 0, 682, 767, 732, 8, 7.21%, 0, 0, 6, 11.80
1746564291, 0, 682, 769, 734, 8, 7.21%, 0, 0, 6, 11.13
1746564368, 0, 706, 769, 733, 8, 7.21%, 0, 0, 6, 18.72
1746564465, 0, 706, 770, 734, 8, 7.21%, 0, 0, 6, 11.80
1746564532, 0, 739, 770, 733, 7, 7.21%, 0, 0, 6, 17.01
1746564537, 0, 739, 772, 735, 7, 7.21%, 0, 0, 6, 12.21
1746564542, 0, 739, 774, 737, 7, 7.28%, 0, 0, 6, 9.67
1746564547, 0, 739, 777, 740, 7, 7.28%, 0, 0, 6, 8.37
1746564552, 0, 739, 780, 743, 7, 7.28%, 0, 0, 6, 8.12
1746564562, 0, 739, 782, 745, 7, 7.28%, 0, 0, 6, 9.41
1746564567, 0, 739, 785, 748, 7, 7.29%, 0, 0, 6, 8.44
1746564573, 0, 739, 786, 749, 7, 7.29%, 0, 0, 6, 8.13
1746564578, 0, 739, 787, 750, 7, 7.29%, 0, 0, 6, 10.90
1746564583, 0, 739, 788, 751, 7, 7.29%, 0, 0, 6, 9.32
1746564588, 0, 739, 790, 753, 7, 7.29%, 0, 0, 6, 8.18
1746564634, 0, 739, 791, 754, 7, 7.29%, 0, 0, 6, 9.92
1746564645, 0, 739, 792, 755, 7, 7.29%, 0, 0, 6, 8.96
1746564650, 0, 739, 793, 756, 7, 7.29%, 0, 0, 6, 8.22
1746564655, 0, 739, 796, 759, 7, 7.29%, 0, 0, 6, 7.93
1746564747, 0, 739, 797, 760, 7, 7.29%, 0, 0, 6, 9.30
1746564814, 0, 739, 798, 761, 7, 7.29%, 0, 0, 6, 11.40
1746564835, 0, 752, 798, 760, 9, 7.29%, 0, 0, 6, 14.32
1746564840, 0, 752, 799, 761, 9, 7.29%, 0, 0, 6, 12.79
1746564855, 0, 752, 800, 762, 9, 7.29%, 0, 0, 6, 12.84
1746564886, 0, 752, 801, 763, 9, 7.29%, 0, 0, 6, 13.07
1746564932, 0, 752, 803, 765, 9, 7.29%, 0, 0, 6, 15.72
1746564993, 0, 761, 803, 764, 9, 7.29%, 0, 0, 6, 15.66
1746564999, 0, 761, 805, 766, 9, 7.29%, 0, 0, 6, 14.87
1746565009, 0, 761, 806, 767, 9, 7.29%, 0, 0, 6, 13.52
1746565045, 0, 761, 807, 768, 9, 7.29%, 0, 0, 6, 13.07
1746565050, 0, 761, 809, 770, 9, 7.29%, 0, 0, 6, 13.01
1746565055, 0, 761, 810, 771, 9, 7.29%, 0, 0, 6, 12.23
1746565086, 0, 761, 811, 772, 9, 7.29%, 0, 0, 6, 12.81
1746565101, 0, 761, 812, 773, 9, 7.29%, 0, 0, 6, 14.43
1746565153, 0, 771, 812, 772, 9, 7.29%, 0, 0, 6, 14.08
1746565168, 0, 771, 813, 773, 9, 7.29%, 0, 0, 7, 10.22
1746565173, 0, 771, 814, 774, 9, 7.29%, 0, 0, 7, 9.15
1746565240, 0, 771, 818, 778, 9, 7.33%, 0, 0, 7, 8.26
1746565260, 0, 771, 819, 779, 9, 7.33%, 0, 0, 7, 9.04
1746565316, 0, 771, 820, 780, 9, 7.33%, 0, 0, 7, 9.67
1746565337, 0, 771, 822, 782, 9, 7.79%, 0, 0, 7, 9.70
1746565347, 0, 771, 823, 783, 9, 7.79%, 0, 0, 7, 8.61
1746565352, 0, 771, 825, 785, 9, 7.79%, 0, 0, 7, 8.52
1746565434, 0, 778, 825, 784, 5, 7.79%, 0, 0, 7, 13.18
1746565454, 0, 778, 826, 785, 5, 7.79%, 0, 0, 7, 8.77
1746565546, 0, 778, 827, 786, 5, 7.79%, 0, 0, 7, 8.06
1746565552, 0, 778, 828, 787, 5, 7.79%, 0, 0, 7, 7.71
1746565557, 0, 778, 829, 788, 5, 7.79%, 0, 0, 7, 7.70
1746565639, 0, 778, 830, 789, 5, 7.79%, 0, 0, 7, 12.11
1746565706, 0, 802, 830, 788, 5, 7.79%, 0, 0, 7, 14.29
1746565772, 0, 802, 831, 789, 5, 7.79%, 0, 0, 7, 10.50
1746565813, 0, 802, 832, 790, 5, 7.79%, 0, 0, 7, 13.06
1746565859, 0, 803, 832, 789, 5, 7.79%, 0, 0, 7, 17.67
1746566018, 0, 818, 833, 789, 4, 7.79%, 0, 0, 8, 13.72
1746566100, 0, 818, 834, 790, 4, 7.79%, 0, 0, 8, 9.01
1746566105, 0, 818, 837, 793, 4, 7.79%, 0, 0, 8, 8.58
1746566202, 0, 818, 838, 794, 4, 7.79%, 0, 0, 8, 10.10
1746566294, 0, 824, 838, 793, 7, 7.79%, 0, 0, 8, 15.24
1746566304, 0, 824, 839, 794, 7, 7.79%, 0, 0, 8, 8.55
1746566320, 0, 824, 840, 795, 7, 7.79%, 0, 0, 8, 8.05
1746566335, 0, 824, 841, 796, 7, 7.79%, 0, 0, 8, 8.75
1746566401, 0, 824, 843, 798, 7, 7.82%, 0, 0, 8, 8.20
1746566406, 0, 824, 845, 800, 7, 7.82%, 0, 0, 8, 7.50
1746566411, 0, 824, 848, 803, 7, 7.82%, 0, 0, 8, 7.30
1746566514, 0, 824, 849, 804, 7, 7.82%, 0, 0, 8, 7.74
1746566566, 0, 824, 850, 805, 7, 7.82%, 0, 0, 8, 9.19
1746566571, 0, 824, 851, 806, 7, 7.82%, 0, 0, 8, 9.60
1746566576, 0, 824, 852, 807, 7, 7.82%, 0, 0, 8, 13.25
1746566596, 0, 830, 852, 806, 7, 7.82%, 0, 0, 8, 16.66
1746566750, 0, 835, 852, 805, 6, 7.82%, 0, 0, 8, 18.84
1746566760, 0, 835, 854, 807, 6, 7.82%, 0, 0, 9, 9.49
1746566765, 0, 835, 856, 809, 6, 7.82%, 0, 0, 9, 8.09
1746566770, 0, 835, 858, 811, 6, 7.82%, 0, 0, 9, 9.34
1746566781, 0, 835, 859, 812, 6, 7.82%, 0, 0, 9, 8.48
1746566786, 0, 835, 860, 813, 6, 7.82%, 0, 0, 9, 9.67
1746566852, 0, 835, 861, 814, 6, 7.82%, 0, 0, 9, 8.41
1746566862, 0, 835, 863, 816, 6, 7.82%, 0, 0, 9, 7.90
1746566867, 0, 835, 864, 817, 6, 7.82%, 0, 0, 9, 7.87
1746566883, 0, 835, 866, 819, 6, 7.82%, 0, 0, 9, 7.47
1746566893, 0, 835, 868, 821, 6, 7.82%, 0, 0, 9, 7.50
1746566944, 0, 835, 869, 822, 6, 7.82%, 0, 0, 9, 12.90
1746566970, 0, 835, 870, 823, 6, 7.82%, 0, 0, 9, 8.08
1746566980, 0, 835, 872, 825, 6, 7.82%, 0, 0, 9, 8.01
1746566986, 0, 835, 874, 827, 6, 7.82%, 0, 0, 9, 8.24
1746566991, 0, 835, 875, 828, 6, 7.82%, 0, 0, 9, 14.70
1746567052, 0, 835, 876, 829, 6, 7.82%, 0, 0, 9, 15.48
1746567098, 0, 841, 876, 828, 6, 7.82%, 0, 0, 9, 15.77
1746567108, 0, 841, 877, 829, 6, 7.86%, 0, 0, 9, 8.73
1746567114, 0, 841, 880, 832, 6, 7.86%, 0, 0, 9, 7.48
1746567119, 0, 841, 883, 835, 6, 7.86%, 0, 0, 9, 7.00
1746567144, 0, 841, 884, 836, 6, 7.86%, 0, 0, 9, 8.25
1746567226, 0, 841, 885, 837, 6, 7.86%, 0, 0, 9, 7.34
1746567231, 0, 841, 886, 838, 6, 7.86%, 0, 0, 9, 7.19
1746567236, 0, 841, 889, 841, 6, 7.86%, 0, 0, 9, 6.89
1746567401, 0, 856, 889, 840, 6, 7.86%, 0, 0, 9, 16.07
1746567436, 0, 856, 890, 841, 6, 7.86%, 0, 0, 10, 8.54
1746567698, 0, 873, 891, 841, 5, 7.86%, 0, 0, 10, 15.54
1746567708, 0, 873, 892, 842, 5, 7.86%, 0, 0, 10, 9.36
1746567713, 0, 873, 896, 846, 5, 7.86%, 0, 0, 10, 8.74
1746567728, 0, 873, 897, 847, 5, 7.86%, 0, 0, 10, 10.28
1746567744, 0, 873, 898, 848, 5, 7.86%, 0, 0, 10, 9.39
1746567800, 0, 873, 899, 849, 5, 7.86%, 0, 0, 10, 8.50
1746567958, 0, 873, 900, 850, 5, 7.86%, 0, 0, 10, 9.56
1746567984, 0, 873, 901, 851, 5, 7.86%, 0, 0, 10, 13.94
1746568025, 0, 873, 902, 852, 5, 7.86%, 0, 0, 10, 15.60
1746568056, 0, 873, 903, 853, 5, 7.86%, 0, 0, 10, 17.50
1746568061, 0, 873, 904, 854, 5, 7.86%, 0, 0, 10, 15.81
1746568142, 0, 873, 905, 855, 5, 7.86%, 0, 0, 10, 17.25
1746568173, 0, 873, 906, 856, 5, 7.87%, 0, 0, 10, 16.03
1746568194, 0, 876, 906, 855, 7, 7.87%, 0, 0, 10, 16.04
1746568235, 0, 876, 907, 856, 7, 7.87%, 0, 0, 10, 8.87
1746568488, 0, 885, 907, 855, 6, 7.87%, 0, 0, 10, 12.61
1746568780, 0, 890, 907, 854, 5, 7.87%, 0, 0, 10, 16.63
1746569082, 0, 900, 907, 853, 4, 7.87%, 0, 0, 10, 14.78
1746569088, 0, 900, 908, 854, 4, 7.87%, 0, 0, 11, 10.58
1746569093, 0, 900, 911, 857, 4, 7.87%, 0, 0, 11, 7.95
1746569098, 0, 900, 912, 858, 4, 7.87%, 0, 0, 11, 7.14
1746569103, 0, 900, 914, 860, 4, 7.88%, 0, 0, 11, 6.79
1746569118, 0, 900, 915, 861, 4, 7.88%, 0, 0, 11, 8.10
1746569124, 0, 900, 917, 863, 4, 7.88%, 0, 0, 11, 7.05
1746569129, 0, 900, 918, 864, 4, 7.88%, 0, 0, 11, 6.68
1746569139, 0, 900, 919, 865, 4, 7.88%, 0, 0, 11, 9.26
1746569149, 0, 900, 921, 867, 4, 7.92%, 0, 0, 11, 6.89
1746569211, 0, 900, 922, 868, 4, 7.92%, 0, 0, 11, 7.90
1746569221, 0, 900, 924, 870, 4, 7.92%, 0, 0, 11, 6.93
1746569226, 0, 900, 927, 873, 4, 7.92%, 0, 0, 11, 6.82
1746569231, 0, 900, 928, 874, 4, 7.92%, 0, 0, 11, 6.90
1746569241, 0, 900, 929, 875, 4, 7.92%, 0, 0, 11, 6.81
1746569344, 0, 900, 930, 876, 4, 7.93%, 0, 0, 11, 8.00
1746569375, 0, 900, 931, 877, 4, 7.93%, 0, 0, 11, 8.34
1746569385, 0, 900, 932, 878, 4, 7.93%, 0, 0, 11, 7.31
1746569513, 0, 908, 932, 877, 6, 7.93%, 0, 0, 11, 15.27
1746569524, 0, 908, 934, 879, 6, 7.93%, 0, 0, 12, 8.29
1746569529, 0, 908, 935, 880, 6, 7.93%, 0, 0, 12, 7.15
1746569549, 0, 908, 936, 881, 6, 7.93%, 0, 0, 12, 7.15
1746569554, 0, 908, 938, 883, 6, 7.93%, 0, 0, 12, 6.48
1746569570, 0, 908, 939, 884, 6, 7.93%, 0, 0, 12, 7.72
1746569575, 0, 908, 940, 885, 6, 7.93%, 0, 0, 12, 6.72
1746569641, 0, 908, 943, 888, 6, 7.93%, 0, 0, 12, 6.88
1746569651, 0, 908, 944, 889, 6, 7.93%, 0, 0, 12, 6.75
1746569656, 0, 908, 945, 890, 6, 7.93%, 0, 0, 12, 6.53
1746569662, 0, 908, 947, 892, 6, 7.93%, 0, 0, 12, 6.49
1746569677, 0, 908, 948, 893, 6, 7.93%, 0, 0, 12, 6.37
1746569682, 0, 908, 949, 894, 6, 7.93%, 0, 0, 12, 6.53
1746569775, 0, 908, 950, 895, 6, 7.93%, 0, 0, 12, 8.54
1746569826, 0, 908, 951, 896, 6, 7.93%, 0, 0, 12, 6.58
1746569950, 0, 913, 951, 895, 6, 7.93%, 0, 0, 12, 16.09
1746569971, 0, 913, 952, 896, 6, 7.93%, 0, 0, 12, 9.53
1746570063, 0, 913, 953, 897, 6, 7.93%, 0, 0, 12, 8.08
1746570135, 0, 913, 955, 899, 6, 7.93%, 0, 0, 12, 6.63
1746570253, 0, 913, 956, 900, 6, 7.93%, 0, 0, 12, 6.68
1746570361, 0, 928, 956, 899, 6, 7.93%, 0, 0, 12, 13.79
1746570371, 0, 928, 958, 901, 6, 7.93%, 0, 0, 12, 7.78
1746570376, 0, 928, 959, 902, 6, 7.93%, 0, 0, 12, 6.91
1746570381, 0, 928, 961, 904, 6, 7.93%, 0, 0, 12, 6.48
1746570402, 0, 928, 962, 905, 6, 7.93%, 0, 0, 12, 6.57
1746570412, 0, 928, 963, 906, 6, 7.93%, 0, 0, 12, 9.14
1746570422, 0, 928, 964, 907, 6, 7.93%, 0, 0, 12, 6.75
1746570510, 0, 928, 965, 908, 6, 7.93%, 0, 0, 12, 6.92
1746570515, 0, 928, 966, 909, 6, 7.93%, 0, 0, 12, 6.97
1746570531, 0, 928, 969, 912, 6, 7.93%, 0, 0, 12, 6.52
1746570541, 0, 928, 970, 913, 6, 7.93%, 0, 0, 12, 6.30
1746570546, 0, 928, 972, 915, 6, 7.94%, 0, 0, 12, 6.22
1746570674, 0, 928, 973, 916, 6, 7.94%, 0, 0, 12, 6.77
1746570684, 0, 928, 974, 917, 6, 7.94%, 0, 0, 12, 6.42
1746570793, 0, 932, 974, 916, 6, 7.94%, 0, 0, 12, 15.30
1746570803, 0, 932, 975, 917, 6, 7.94%, 0, 0, 13, 8.13
1746570808, 0, 932, 977, 919, 6, 7.94%, 0, 0, 13, 6.69
1746570813, 0, 932, 980, 922, 6, 7.94%, 0, 0, 13, 6.04
1746570855, 0, 932, 982, 924, 6, 7.94%, 0, 0, 13, 6.73
1746570952, 0, 932, 983, 925, 6, 7.94%, 0, 0, 13, 6.20
1746570957, 0, 932, 985, 927, 6, 7.94%, 0, 0, 13, 6.05
1746570963, 0, 932, 986, 928, 6, 7.94%, 0, 0, 13, 5.89
1746571065, 0, 932, 988, 930, 6, 7.94%, 0, 0, 13, 6.47
1746571107, 0, 932, 989, 931, 6, 7.94%, 0, 0, 13, 6.64
1746571112, 0, 932, 991, 933, 6, 7.94%, 0, 0, 13, 6.35
1746571117, 0, 932, 992, 934, 6, 7.94%, 0, 0, 13, 6.13
1746571127, 0, 932, 994, 936, 6, 7.94%, 0, 0, 13, 5.93
1746571132, 0, 932, 996, 938, 6, 7.94%, 0, 0, 13, 5.99
1746571199, 0, 932, 997, 939, 6, 7.94%, 0, 0, 13, 6.65
1746571204, 0, 932, 998, 940, 6, 7.94%, 0, 0, 13, 6.60
1746571209, 0, 932, 1000, 942, 6, 7.94%, 0, 0, 13, 6.28
1746571215, 0, 932, 1001, 943, 6, 7.94%, 0, 0, 13, 6.15
1746571235, 0, 932, 1002, 944, 6, 7.94%, 0, 0, 13, 9.49
1746571256, 0, 934, 1002, 943, 8, 7.94%, 0, 0, 13, 13.87
1746571672, 0, 938, 1002, 942, 7, 7.94%, 0, 0, 13, 16.00
1746571703, 0, 938, 1003, 943, 7, 7.94%, 0, 0, 13, 7.77
1746571795, 0, 938, 1004, 944, 7, 7.94%, 0, 0, 13, 7.18
1746571816, 0, 938, 1005, 945, 7, 7.94%, 0, 0, 13, 6.65
1746572088, 0, 951, 1005, 944, 6, 7.94%, 0, 0, 13, 16.26
1746572109, 0, 951, 1006, 945, 6, 7.94%, 0, 0, 13, 10.36
1746572124, 0, 951, 1007, 946, 6, 7.94%, 0, 0, 13, 7.17
1746572129, 0, 951, 1008, 947, 6, 7.94%, 0, 0, 13, 10.72
1746572267, 0, 951, 1009, 948, 6, 7.94%, 0, 0, 13, 6.77
1746572499, 0, 951, 1010, 949, 6, 7.94%, 0, 0, 13, 16.15
1746572540, 0, 970, 1010, 948, 6, 7.94%, 0, 0, 13, 13.17
1746572694, 0, 970, 1011, 949, 6, 7.94%, 0, 0, 13, 6.64
1746572951, 0, 970, 1012, 950, 6, 7.94%, 0, 0, 13, 14.74
1746572987, 0, 990, 1012, 949, 5, 7.94%, 0, 0, 13, 14.15
1746572997, 0, 990, 1013, 950, 5, 7.94%, 0, 0, 14, 7.68
1746573147, 0, 990, 1014, 951, 5, 7.94%, 0, 0, 14, 5.90
1746573290, 0, 990, 1015, 952, 5, 7.94%, 0, 0, 14, 6.66
1746573296, 0, 990, 1016, 953, 5, 7.94%, 0, 0, 14, 5.99
1746573399, 0, 990, 1017, 954, 5, 7.94%, 0, 0, 14, 6.76
1746573419, 0, 1000, 1017, 953, 4, 7.94%, 0, 0, 14, 15.24
1746573471, 0, 1000, 1018, 954, 4, 7.94%, 0, 0, 14, 7.19
1746573609, 0, 1000, 1019, 955, 4, 7.94%, 0, 0, 14, 5.77
1746573759, 0, 1000, 1020, 956, 4, 7.94%, 0, 0, 14, 6.48
1746573861, 0, 1000, 1021, 957, 4, 7.94%, 0, 0, 14, 13.70
1746573908, 0, 1008, 1021, 956, 3, 7.94%, 0, 0, 14, 15.28
1746574329, 1, 31, 1021, 955, 2, 7.94%, 0, 0, 14, 23.01
1746574344, 1, 49, 1021, 954, 2, 7.94%, 0, 0, 14, 24.66
1746574359, 1, 56, 1021, 953, 1, 7.94%, 0, 0, 14, 25.77
1746574375, 1, 69, 1021, 952, 1, 7.94%, 0, 0, 14, 23.89
1746574385, 1, 69, 1022, 953, 1, 7.94%, 0, 0, 14, 22.90
1746574406, 1, 70, 1022, 952, 1, 7.94%, 0, 0, 14, 25.23
1746574421, 1, 132, 1022, 951, 1, 7.94%, 0, 0, 14, 21.88
1746574503, 1, 186, 1022, 950, 1, 7.94%, 0, 0, 14, 21.32
1746574508, 1, 262, 1022, 950, 1, 7.94%, 0, 0, 14, 20.10
1746574585, 1, 352, 1022, 949, 1, 7.94%, 0, 0, 14, 19.01
1746574621, 1, 427, 1022, 948, 1, 7.94%, 0, 0, 14, 19.13
1746574692, 1, 514, 1022, 947, 1, 7.94%, 0, 0, 14, 20.73
1746574794, 1, 583, 1022, 946, 1, 7.94%, 0, 0, 14, 18.82
1746574840, 1, 648, 1022, 945, 1, 7.94%, 0, 0, 14, 17.86
1746574896, 1, 660, 1022, 944, 1, 7.94%, 0, 0, 14, 20.98
1746575086, 1, 677, 1022, 943, 1, 7.94%, 0, 0, 14, 18.29
1746575229, 1, 720, 1022, 942, 1, 7.94%, 0, 0, 14, 18.39
1746575415, 1, 786, 1022, 941, 1, 7.94%, 0, 0, 14, 15.14
1746575614, 1, 786, 1023, 942, 1, 7.94%, 0, 0, 14, 8.43
1746575675, 1, 786, 1024, 943, 1, 7.94%, 0, 0, 14, 13.81
1746575710, 1, 788, 1024, 942, 0, 7.94%, 0, 0, 14, 14.14
1746575992, 1, 789, 1024, 941, 0, 7.94%, 0, 0, 14, 17.50
1746576095, 1, 789, 1025, 942, 0, 7.94%, 0, 0, 14, 7.75
1746576280, 1, 792, 1025, 941, 0, 7.94%, 0, 0, 14, 17.23
1746576564, 1, 803, 1025, 940, 0, 7.94%, 0, 0, 14, 18.60
1746576569, 1, 805, 1025, 940, 0, 7.94%, 0, 0, 14, 18.50
1746576727, 1, 807, 1025, 939, 0, 7.94%, 0, 0, 14, 17.84
1746576886, 1, 812, 1025, 938, 0, 7.94%, 0, 0, 14, 17.45
1746577163, 1, 819, 1025, 937, 0, 7.94%, 0, 0, 14, 17.67
1746577451, 1, 820, 1025, 936, 0, 7.94%, 0, 0, 14, 16.67
1746577574, 1, 820, 1026, 937, 0, 7.94%, 0, 0, 14, 7.79
1746577739, 1, 825, 1026, 936, 0, 7.94%, 0, 0, 14, 13.08
1746577924, 1, 825, 1027, 937, 0, 7.94%, 0, 0, 14, 9.17
1746578016, 1, 830, 1027, 936, 0, 7.94%, 0, 0, 14, 18.59
1746578021, 1, 831, 1027, 936, 0, 7.94%, 0, 0, 14, 15.50
1746578072, 1, 831, 1028, 937, 0, 8.00%, 0, 0, 14, 13.83
1746578185, 1, 837, 1028, 936, 1, 8.00%, 0, 0, 14, 18.91
1746578498, 1, 978, 1029, 936, 1, 8.00%, 0, 0, 14, 12.98
1746578514, 1, 978, 1031, 938, 1, 8.00%, 0, 0, 14, 6.42
1746578540, 1, 978, 1032, 939, 1, 8.00%, 0, 0, 14, 6.01
1746578560, 1, 978, 1033, 940, 1, 8.00%, 0, 0, 14, 6.10
1746578674, 1, 978, 1034, 941, 1, 8.00%, 0, 0, 14, 5.56
1746578935, 1, 1027, 1034, 940, 1, 8.00%, 0, 0, 14, 16.58
1746578945, 1, 1027, 1036, 942, 1, 8.00%, 0, 0, 14, 13.75
1746579037, 1, 1027, 1037, 943, 1, 8.00%, 0, 0, 14, 13.89
1746579150, 1, 1035, 1037, 942, 2, 8.00%, 0, 0, 14, 14.97
1746579212, 1, 1035, 1039, 944, 2, 8.00%, 0, 0, 14, 12.24
1746579217, 1, 1035, 1044, 949, 2, 8.00%, 0, 0, 14, 13.29
1746579360, 1, 1041, 1044, 948, 2, 8.00%, 0, 0, 14, 15.40
1746579520, 1, 1041, 1045, 949, 2, 8.00%, 0, 0, 14, 18.69
1746579627, 1, 1043, 1045, 948, 1, 8.00%, 0, 0, 14, 16.91
1746579832, 2, 2, 1045, 947, 0, 8.00%, 0, 0, 14, 25.20
1746579852, 2, 4, 1045, 946, 0, 8.00%, 0, 0, 14, 23.98
1746579868, 2, 5, 1045, 945, 0, 8.00%, 0, 0, 14, 24.17
1746579873, 2, 5, 1046, 946, 0, 8.00%, 0, 0, 14, 20.82
1746579883, 2, 5, 1047, 947, 0, 8.00%, 0, 0, 14, 20.89
1746579888, 2, 5, 1048, 948, 0, 8.00%, 0, 0, 14, 20.70
1746579970, 2, 5, 1049, 949, 0, 8.00%, 0, 0, 14, 20.27
1746580001, 2, 5, 1050, 950, 0, 8.00%, 0, 0, 14, 21.89
1746580098, 2, 11, 1050, 949, 0, 8.00%, 0, 0, 14, 24.93
1746580108, 2, 11, 1052, 951, 0, 8.00%, 0, 0, 14, 20.12
1746580113, 2, 11, 1053, 952, 0, 8.00%, 0, 0, 14, 20.73
1746580134, 2, 11, 1054, 953, 0, 8.00%, 0, 0, 14, 21.30
1746580231, 2, 11, 1055, 954, 0, 8.00%, 0, 0, 14, 22.77
1746580303, 2, 11, 1056, 955, 0, 8.00%, 0, 0, 14, 22.60
1746580323, 2, 15, 1056, 954, 0, 8.00%, 0, 0, 14, 23.19
1746580339, 2, 16, 1056, 953, 0, 8.00%, 0, 0, 14, 22.37
1746580344, 2, 16, 1057, 954, 0, 8.00%, 0, 0, 14, 20.51
1746580370, 2, 17, 1057, 953, 0, 8.00%, 0, 0, 14, 22.24
1746580375, 2, 19, 1057, 953, 0, 8.00%, 0, 0, 14, 23.40
1746580390, 2, 21, 1057, 952, 0, 8.00%, 0, 0, 14, 21.91
1746580405, 2, 24, 1057, 951, 0, 8.00%, 0, 0, 14, 23.94
1746580421, 2, 34, 1057, 950, 0, 8.00%, 0, 0, 14, 22.66
1746580441, 2, 39, 1057, 949, 0, 8.00%, 0, 0, 14, 23.97
1746580457, 2, 40, 1057, 948, 0, 8.00%, 0, 0, 14, 25.42
1746580472, 2, 43, 1057, 947, 0, 8.00%, 0, 0, 14, 24.02
1746580492, 2, 45, 1057, 946, 0, 8.00%, 0, 0, 14, 23.88
1746580508, 2, 46, 1057, 945, 0, 8.00%, 0, 0, 14, 25.83
1746580513, 2, 46, 1059, 947, 0, 8.00%, 0, 0, 14, 3.32
1746580549, 2, 46, 1060, 948, 0, 8.00%, 0, 0, 14, 22.60
1746580559, 2, 46, 1061, 949, 0, 8.00%, 0, 0, 14, 19.82
1746580594, 2, 46, 1062, 950, 0, 8.00%, 0, 0, 14, 4.44
1746580640, 2, 46, 1063, 951, 0, 8.00%, 0, 0, 14, 19.69
1746580738, 2, 52, 1063, 950, 0, 8.00%, 0, 0, 14, 24.82
1746580753, 2, 57, 1063, 949, 0, 8.00%, 0, 0, 14, 22.36
1746580763, 2, 57, 1064, 950, 0, 8.00%, 0, 0, 14, 20.04
1746580788, 2, 76, 1064, 949, 0, 8.00%, 0, 0, 14, 23.38
1746580804, 2, 78, 1064, 948, 0, 8.00%, 0, 0, 14, 21.48
1746580809, 2, 79, 1064, 948, 0, 8.00%, 0, 0, 14, 26.81
1746580819, 2, 79, 1065, 949, 0, 8.00%, 0, 0, 14, 22.39
1746580855, 2, 89, 1065, 948, 0, 8.00%, 0, 0, 14, 22.30
1746580870, 2, 90, 1065, 947, 0, 8.00%, 0, 0, 14, 20.44
1746580988, 2, 90, 1066, 948, 0, 8.00%, 0, 0, 14, 17.96
1746581003, 2, 95, 1066, 947, 0, 8.00%, 0, 0, 14, 18.62
1746581044, 2, 96, 1066, 946, 0, 8.00%, 0, 0, 14, 19.66
1746581075, 2, 98, 1066, 945, 0, 8.00%, 0, 0, 14, 22.25
1746581095, 2, 101, 1066, 944, 0, 8.00%, 0, 0, 14, 23.58
1746581116, 2, 102, 1066, 943, 0, 8.00%, 0, 0, 14, 18.99
1746581157, 2, 110, 1066, 942, 0, 8.00%, 0, 0, 14, 19.92
1746581192, 2, 114, 1066, 941, 0, 8.00%, 0, 0, 14, 21.10
1746581238, 2, 116, 1066, 940, 0, 8.00%, 0, 0, 14, 22.20
1746581264, 2, 118, 1066, 939, 0, 8.00%, 0, 0, 14, 24.69
1746581279, 2, 118, 1067, 940, 0, 8.00%, 0, 0, 14, 22.41
1746581295, 2, 118, 1068, 941, 0, 8.00%, 0, 0, 14, 3.22
1746581305, 2, 118, 1069, 942, 0, 8.00%, 0, 0, 14, 21.58
1746581341, 2, 118, 1070, 943, 0, 8.00%, 0, 0, 14, 19.62
1746581392, 2, 118, 1071, 944, 0, 8.00%, 0, 0, 14, 22.69
1746581428, 2, 118, 1072, 945, 0, 8.00%, 0, 0, 14, 21.37
1746581438, 2, 119, 1072, 944, 0, 8.00%, 0, 0, 14, 21.29
1746581520, 2, 122, 1072, 943, 0, 8.00%, 0, 0, 14, 20.45
1746581545, 2, 123, 1072, 942, 0, 8.00%, 0, 0, 14, 22.71
1746581566, 2, 130, 1072, 941, 0, 8.00%, 0, 0, 14, 22.79
1746581587, 2, 130, 1073, 942, 0, 8.00%, 0, 0, 14, 18.21
1746581602, 2, 138, 1073, 941, 0, 8.00%, 0, 0, 14, 21.97
1746581622, 2, 139, 1073, 940, 0, 8.00%, 0, 0, 14, 21.93
1746581633, 2, 141, 1073, 939, 0, 8.00%, 0, 0, 14, 26.42
1746581653, 2, 143, 1073, 938, 0, 8.00%, 0, 0, 14, 22.10
1746581658, 2, 149, 1073, 938, 0, 8.00%, 0, 0, 14, 24.60
1746581679, 2, 151, 1073, 937, 0, 8.00%, 0, 0, 14, 21.48
1746581761, 2, 155, 1073, 936, 0, 8.00%, 0, 0, 14, 24.68
1746581782, 2, 156, 1073, 935, 0, 8.00%, 0, 0, 14, 22.90
1746581802, 2, 164, 1073, 934, 0, 8.00%, 0, 0, 14, 22.63
1746581823, 2, 170, 1073, 933, 0, 8.00%, 0, 0, 14, 21.29
1746581844, 2, 172, 1073, 932, 0, 8.00%, 0, 0, 14, 21.42
1746581859, 2, 175, 1073, 931, 0, 8.00%, 0, 0, 14, 21.99
1746581869, 2, 176, 1073, 930, 0, 8.00%, 0, 0, 14, 21.64
1746581889, 2, 177, 1073, 929, 0, 8.00%, 0, 0, 14, 20.42
1746581926, 2, 181, 1073, 928, 0, 8.00%, 0, 0, 14, 25.00
1746581946, 2, 182, 1073, 927, 0, 8.00%, 0, 0, 14, 26.15
1746581961, 2, 183, 1073, 926, 0, 8.00%, 0, 0, 14, 22.39
1746582002, 2, 185, 1073, 925, 0, 8.00%, 0, 0, 14, 23.32
1746582017, 2, 192, 1073, 924, 0, 8.00%, 0, 0, 14, 21.87
1746582038, 2, 195, 1073, 923, 0, 8.00%, 0, 0, 14, 20.33
1746582063, 2, 197, 1073, 922, 0, 8.00%, 0, 0, 14, 21.87
1746582079, 2, 197, 1074, 923, 0, 8.00%, 0, 0, 14, 21.38
1746582089, 2, 200, 1074, 922, 0, 8.00%, 0, 0, 14, 19.46
1746582125, 2, 209, 1074, 921, 0, 8.00%, 0, 0, 14, 21.07
1746582212, 2, 210, 1074, 920, 0, 8.00%, 0, 0, 14, 25.27
1746582227, 2, 211, 1074, 919, 0, 8.00%, 0, 0, 14, 23.19
1746582237, 2, 214, 1074, 918, 0, 8.00%, 0, 0, 14, 23.95
1746582258, 2, 216, 1074, 917, 0, 8.00%, 0, 0, 14, 22.33
1746582294, 2, 217, 1074, 916, 0, 8.00%, 0, 0, 14, 21.16
1746582309, 2, 218, 1074, 915, 0, 8.00%, 0, 0, 14, 20.61
1746582345, 2, 228, 1074, 914, 0, 8.00%, 0, 0, 14, 25.62
1746582365, 2, 230, 1074, 913, 0, 8.00%, 0, 0, 14, 24.42
1746582376, 2, 230, 1075, 914, 0, 8.00%, 0, 0, 14, 21.01
1746582396, 2, 236, 1075, 913, 0, 8.00%, 0, 0, 14, 19.40
1746582431, 2, 237, 1075, 912, 0, 8.00%, 0, 0, 14, 26.81
1746582447, 2, 238, 1075, 911, 0, 8.00%, 0, 0, 14, 19.91
1746582477, 2, 244, 1075, 910, 0, 8.00%, 0, 0, 14, 22.07
1746582488, 2, 247, 1075, 909, 0, 8.00%, 0, 0, 14, 25.55
1746582503, 2, 248, 1075, 908, 0, 8.00%, 0, 0, 14, 24.21
1746582528, 2, 249, 1075, 907, 0, 8.00%, 0, 0, 14, 21.60
1746582544, 2, 252, 1075, 906, 0, 8.00%, 0, 0, 14, 22.50
1746582569, 2, 253, 1075, 905, 0, 8.00%, 0, 0, 14, 27.84
1746582590, 2, 255, 1075, 904, 0, 8.00%, 0, 0, 14, 25.62
1746582605, 2, 256, 1075, 903, 0, 8.00%, 0, 0, 14, 20.02
1746582682, 2, 257, 1075, 902, 0, 8.00%, 0, 0, 14, 19.01
1746582718, 2, 260, 1075, 901, 0, 8.00%, 0, 0, 14, 20.40
1746582800, 2, 264, 1075, 900, 0, 8.00%, 0, 0, 14, 21.85
1746582811, 2, 266, 1075, 899, 0, 8.00%, 0, 0, 14, 20.81
1746582851, 2, 268, 1075, 898, 0, 8.00%, 0, 0, 14, 19.33
1746582887, 2, 273, 1075, 897, 0, 8.00%, 0, 0, 14, 19.95
1746582923, 2, 276, 1075, 896, 0, 8.00%, 0, 0, 14, 20.98
1746582959, 2, 285, 1075, 895, 0, 8.00%, 0, 0, 14, 20.17
1746582999, 2, 294, 1075, 894, 0, 8.00%, 0, 0, 14, 26.17
1746583015, 2, 303, 1075, 893, 0, 8.00%, 0, 0, 14, 23.76
1746583035, 2, 305, 1075, 892, 0, 8.00%, 0, 0, 14, 21.17
1746583076, 2, 314, 1075, 891, 0, 8.00%, 0, 0, 14, 19.56
1746583158, 2, 314, 1076, 892, 0, 8.00%, 0, 0, 14, 22.27
1746583173, 2, 315, 1076, 891, 0, 8.00%, 0, 0, 14, 19.45
1746583286, 2, 317, 1076, 890, 0, 8.00%, 0, 0, 14, 19.50
1746583352, 2, 318, 1076, 889, 0, 8.00%, 0, 0, 14, 18.93
1746583388, 2, 319, 1076, 888, 0, 8.00%, 0, 0, 14, 19.94
1746583418, 2, 320, 1076, 887, 0, 8.00%, 0, 0, 14, 19.02
1746583495, 2, 325, 1076, 886, 0, 8.00%, 0, 0, 14, 19.39
1746583572, 2, 332, 1076, 885, 0, 8.00%, 0, 0, 14, 19.73
1746583613, 2, 336, 1076, 884, 0, 8.00%, 0, 0, 14, 20.26
1746583649, 2, 341, 1076, 883, 0, 8.00%, 0, 0, 14, 20.07
1746583685, 2, 341, 1077, 884, 0, 8.07%, 0, 0, 14, 1.10
1746583701, 2, 388, 1077, 883, 1, 8.07%, 0, 0, 14, 20.12
1746583834, 2, 413, 1077, 882, 1, 8.07%, 0, 0, 14, 18.47
1746583926, 2, 515, 1077, 881, 1, 8.07%, 0, 0, 14, 17.42
1746584028, 2, 550, 1077, 880, 1, 8.07%, 0, 0, 14, 19.33
1746584059, 2, 638, 1077, 879, 1, 8.07%, 0, 0, 14, 14.74
1746584193, 2, 659, 1077, 878, 1, 8.07%, 0, 0, 14, 14.66
1746584377, 2, 931, 1077, 877, 1, 8.07%, 0, 0, 14, 13.98
1746584403, 2, 931, 1078, 878, 1, 8.07%, 0, 0, 14, 8.14
1746584783, 2, 931, 1079, 879, 1, 8.07%, 0, 0, 14, 12.11
1746584803, 2, 931, 1080, 880, 1, 8.07%, 0, 0, 14, 14.78
1746584875, 2, 1067, 1080, 879, 1, 8.07%, 0, 0, 14, 3.16
1746585144, 2, 1067, 1081, 880, 1, 8.07%, 0, 0, 14, 3.43
1746585149, 2, 1067, 1082, 881, 1, 8.07%, 0, 0, 14, 3.52
1746585154, 2, 1067, 1083, 882, 1, 8.07%, 0, 0, 14, 3.43
1746585159, 2, 1067, 1084, 883, 1, 8.07%, 0, 0, 14, 3.60
1746585185, 2, 1067, 1085, 884, 1, 8.07%, 0, 0, 14, 4.01
1746585243, 2, 1067, 1086, 885, 1, 8.07%, 0, 0, 14, 5.92
1746585310, 2, 1067, 1087, 886, 1, 8.07%, 0, 0, 14, 6.08
1746585326, 2, 1067, 1088, 887, 1, 8.07%, 0, 0, 14, 6.67
1746585347, 2, 1067, 1089, 888, 1, 8.07%, 0, 0, 14, 6.26
1746585383, 2, 1067, 1090, 889, 1, 8.07%, 0, 0, 14, 5.73
1746585388, 2, 1067, 1094, 893, 1, 8.07%, 0, 0, 14, 8.51
1746585403, 2, 1067, 1095, 894, 1, 8.07%, 0, 0, 14, 5.83
1746585408, 2, 1067, 1096, 895, 1, 8.07%, 0, 0, 14, 6.04
1746585413, 2, 1067, 1098, 897, 1, 8.07%, 0, 0, 14, 6.63
1746585444, 2, 1067, 1099, 898, 1, 8.07%, 0, 0, 14, 6.19
1746585449, 2, 1067, 1102, 901, 1, 8.07%, 0, 0, 14, 7.61
1746585454, 2, 1067, 1105, 904, 1, 8.07%, 0, 0, 14, 7.94
1746585465, 2, 1067, 1106, 905, 1, 8.07%, 0, 0, 14, 5.77
1746585480, 2, 1067, 1108, 907, 1, 8.07%, 0, 0, 14, 5.78
1746585486, 2, 1067, 1110, 909, 1, 8.07%, 0, 0, 14, 5.98
1746585491, 2, 1067, 1111, 910, 1, 8.07%, 0, 0, 14, 5.92
1746585496, 2, 1067, 1113, 912, 1, 8.07%, 0, 0, 14, 6.21
1746585512, 2, 1067, 1115, 914, 1, 8.07%, 0, 0, 14, 6.66
1746585517, 2, 1067, 1117, 916, 1, 8.07%, 0, 0, 14, 6.78
1746585522, 2, 1067, 1120, 919, 1, 8.07%, 0, 0, 14, 7.09
1746585527, 2, 1067, 1121, 920, 1, 8.07%, 0, 0, 14, 7.19
1746585533, 2, 1067, 1123, 922, 1, 8.07%, 0, 0, 14, 7.00
1746585554, 2, 1067, 1124, 923, 1, 8.07%, 0, 0, 14, 5.72
1746585845, 2, 1067, 1125, 924, 1, 8.07%, 0, 0, 14, 5.09
1746586221, 2, 1067, 1126, 925, 1, 8.07%, 0, 0, 14, 4.25
1746586267, 2, 1067, 1127, 926, 1, 8.07%, 0, 0, 14, 4.14
1746586465, 2, 1067, 1128, 927, 1, 8.07%, 0, 0, 14, 4.15
1746586800, 2, 1067, 1129, 928, 1, 8.07%, 0, 0, 14, 3.89
1746586894, 2, 1067, 1130, 929, 1, 8.07%, 0, 0, 14, 3.90
1746586899, 2, 1067, 1131, 930, 1, 8.07%, 0, 0, 14, 3.98
1746587295, 2, 1067, 1132, 931, 1, 8.07%, 0, 0, 14, 3.65
1746587383, 2, 1067, 1133, 932, 1, 8.07%, 0, 0, 14, 3.61
1746587763, 2, 1067, 1134, 933, 1, 8.07%, 0, 0, 14, 3.40
1746588017, 2, 1067, 1135, 934, 1, 8.07%, 0, 0, 14, 3.37
1746588476, 2, 1067, 1136, 935, 1, 8.07%, 0, 0, 14, 3.27
1746588921, 2, 1067, 1137, 936, 1, 8.07%, 0, 0, 14, 6.84
1746590083, 2, 1067, 1138, 937, 1, 8.07%, 0, 0, 14, 3.93
1746594185, 2, 1067, 1139, 938, 1, 8.07%, 0, 0, 14, 3.16
1746594313, 2, 1067, 1140, 939, 1, 8.07%, 0, 0, 14, 3.04
1746595263, 2, 1067, 1141, 940, 1, 8.07%, 0, 0, 14, 6.46
