# unix_time, cycles_done, cur_path, paths_total, pending_total, pending_favs, map_size, unique_crashes, unique_hangs, max_depth, execs_per_sec
1746558726, 0, 0, 1, 1, 1, 5.34%, 0, 0, 1, 20.89
1746558732, 0, 0, 18, 18, 1, 5.45%, 0, 0, 2, 27.95
1746558737, 0, 0, 35, 35, 1, 5.45%, 0, 0, 2, 29.12
1746558742, 0, 0, 51, 51, 1, 5.45%, 0, 0, 2, 28.97
1746558747, 0, 0, 68, 68, 1, 5.45%, 0, 0, 2, 29.32
1746558752, 0, 0, 84, 84, 1, 5.84%, 0, 0, 2, 30.86
1746558757, 0, 0, 97, 97, 1, 5.87%, 0, 0, 2, 30.16
1746558762, 0, 0, 109, 109, 1, 5.95%, 0, 0, 2, 31.44
1746558767, 0, 0, 118, 118, 1, 5.98%, 0, 0, 2, 27.33
1746558772, 0, 0, 128, 128, 1, 5.98%, 0, 0, 2, 30.71
1746558778, 0, 0, 134, 134, 1, 5.98%, 0, 0, 2, 27.67
1746558783, 0, 0, 142, 142, 1, 5.98%, 0, 0, 2, 26.10
1746558788, 0, 0, 150, 150, 1, 5.98%, 0, 0, 2, 26.88
1746558793, 0, 0, 154, 154, 1, 5.99%, 0, 0, 2, 24.71
1746558798, 0, 0, 159, 159, 1, 5.99%, 0, 0, 2, 24.08
1746558803, 0, 0, 166, 166, 1, 5.99%, 0, 0, 2, 24.28
1746558808, 0, 0, 170, 170, 1, 5.99%, 0, 0, 2, 22.61
1746558814, 0, 0, 173, 173, 1, 5.99%, 0, 0, 2, 22.73
1746558819, 0, 0, 178, 178, 1, 5.99%, 0, 0, 2, 25.08
1746558824, 0, 0, 183, 183, 1, 5.99%, 0, 0, 2, 23.37
1746558829, 0, 0, 188, 188, 1, 5.99%, 0, 0, 2, 22.23
1746558834, 0, 0, 191, 191, 1, 5.99%, 0, 0, 2, 22.52
1746558839, 0, 0, 194, 194, 1, 5.99%, 0, 0, 2, 23.12
1746558844, 0, 0, 199, 199, 1, 5.99%, 0, 0, 2, 21.92
1746558850, 0, 0, 202, 202, 1, 5.99%, 0, 0, 2, 23.82
1746558855, 0, 0, 207, 207, 1, 5.99%, 0, 0, 2, 21.72
1746558860, 0, 0, 210, 210, 1, 5.99%, 0, 0, 2, 21.73
1746558865, 0, 0, 214, 214, 1, 5.99%, 0, 0, 2, 21.91
1746558870, 0, 0, 217, 217, 1, 5.99%, 0, 0, 2, 22.93
1746558875, 0, 0, 222, 222, 1, 5.99%, 0, 0, 2, 22.13
1746558880, 0, 0, 226, 226, 1, 5.99%, 0, 0, 2, 23.17
1746558885, 0, 0, 228, 228, 1, 5.99%, 0, 0, 2, 23.32
1746558891, 0, 0, 230, 230, 1, 5.99%, 0, 0, 2, 23.00
1746558896, 0, 0, 233, 233, 1, 5.99%, 0, 0, 2, 23.28
1746558906, 0, 0, 237, 237, 1, 5.99%, 0, 0, 2, 21.56
1746558911, 0, 0, 240, 240, 1, 6.66%, 0, 0, 2, 20.72
1746558916, 0, 0, 244, 244, 1, 6.66%, 0, 0, 2, 19.46
1746558921, 0, 0, 245, 245, 1, 6.66%, 0, 0, 2, 22.30
1746558926, 0, 0, 248, 248, 1, 6.66%, 0, 0, 2, 22.05
1746558931, 0, 0, 249, 249, 1, 6.66%, 0, 0, 2, 23.18
1746558937, 0, 0, 251, 251, 1, 6.66%, 0, 0, 2, 22.72
1746558947, 0, 0, 255, 255, 1, 6.66%, 0, 0, 2, 21.76
1746558952, 0, 0, 256, 256, 1, 6.66%, 0, 0, 2, 23.71
1746558957, 0, 0, 258, 258, 1, 6.66%, 0, 0, 2, 21.49
1746558962, 0, 0, 261, 261, 1, 6.66%, 0, 0, 2, 21.52
1746558968, 0, 0, 263, 263, 1, 6.66%, 0, 0, 2, 22.34
1746558973, 0, 0, 264, 264, 1, 6.66%, 0, 0, 2, 22.73
1746558978, 0, 0, 266, 266, 1, 6.66%, 0, 0, 2, 22.41
1746558983, 0, 0, 269, 269, 1, 6.66%, 0, 0, 2, 21.49
1746558993, 0, 0, 271, 271, 1, 6.66%, 0, 0, 2, 23.52
1746558998, 0, 0, 273, 273, 1, 6.71%, 0, 0, 2, 18.73
1746559004, 0, 0, 274, 274, 1, 6.71%, 0, 0, 2, 21.49
1746559009, 0, 0, 277, 277, 1, 6.71%, 0, 0, 2, 22.48
1746559014, 0, 0, 279, 279, 1, 6.71%, 0, 0, 2, 22.67
1746559019, 0, 0, 281, 281, 1, 6.71%, 0, 0, 2, 22.20
1746559024, 0, 0, 282, 282, 1, 6.71%, 0, 0, 2, 22.35
1746559029, 0, 0, 284, 284, 1, 6.71%, 0, 0, 2, 21.93
1746559034, 0, 0, 285, 285, 1, 6.71%, 0, 0, 2, 23.82
1746559040, 0, 0, 287, 287, 1, 6.71%, 0, 0, 2, 23.25
1746559045, 0, 0, 289, 289, 1, 6.71%, 0, 0, 2, 24.68
1746559050, 0, 0, 290, 290, 1, 6.71%, 0, 0, 2, 23.80
1746559055, 0, 0, 292, 292, 1, 6.71%, 0, 0, 2, 23.24
1746559060, 0, 0, 294, 294, 1, 6.71%, 0, 0, 2, 21.72
1746559065, 0, 0, 295, 295, 1, 6.72%, 0, 0, 2, 22.02
1746559075, 0, 0, 298, 298, 1, 6.72%, 0, 0, 2, 22.37
1746559080, 0, 0, 299, 299, 1, 6.72%, 0, 0, 2, 22.19
1746559085, 0, 0, 300, 300, 1, 6.72%, 0, 0, 2, 23.44
1746559091, 0, 0, 301, 301, 1, 6.72%, 0, 0, 2, 22.42
1746559096, 0, 0, 303, 303, 1, 6.72%, 0, 0, 2, 22.35
1746559101, 0, 0, 304, 304, 1, 6.72%, 0, 0, 2, 23.62
1746559106, 0, 0, 305, 305, 1, 6.72%, 0, 0, 2, 22.97
1746559111, 0, 1, 306, 305, 14, 6.72%, 0, 0, 2, 22.77
1746559116, 0, 1, 307, 306, 14, 6.72%, 0, 0, 3, 21.86
1746559121, 0, 1, 308, 307, 14, 6.72%, 0, 0, 3, 23.44
1746559126, 0, 1, 309, 308, 14, 6.72%, 0, 0, 3, 23.63
1746559131, 0, 1, 310, 309, 14, 6.72%, 0, 0, 3, 22.83
1746559137, 0, 1, 314, 313, 14, 6.72%, 0, 0, 3, 22.38
1746559142, 0, 1, 315, 314, 14, 6.72%, 0, 0, 3, 22.86
1746559147, 0, 1, 317, 316, 14, 6.72%, 0, 0, 3, 21.94
1746559152, 0, 1, 318, 317, 14, 6.72%, 0, 0, 3, 22.34
1746559162, 0, 1, 320, 319, 14, 6.72%, 0, 0, 3, 23.04
1746559178, 0, 1, 321, 320, 14, 6.72%, 0, 0, 3, 23.02
1746559188, 0, 1, 322, 321, 14, 6.72%, 0, 0, 3, 22.11
1746559193, 0, 1, 323, 322, 14, 6.72%, 0, 0, 3, 21.86
1746559198, 0, 1, 325, 324, 14, 6.72%, 0, 0, 3, 21.72
1746559203, 0, 1, 326, 325, 14, 6.72%, 0, 0, 3, 21.92
1746559219, 0, 1, 329, 328, 14, 6.72%, 0, 0, 3, 21.27
1746559245, 0, 1, 331, 330, 14, 6.72%, 0, 0, 3, 22.97
1746559255, 0, 1, 334, 333, 14, 6.72%, 0, 0, 3, 22.31
1746559260, 0, 1, 335, 334, 14, 7.36%, 0, 0, 3, 22.01
1746559265, 0, 1, 337, 336, 14, 7.36%, 0, 0, 3, 21.81
1746559270, 0, 1, 339, 338, 14, 7.36%, 0, 0, 3, 22.18
1746559280, 0, 1, 341, 340, 14, 7.36%, 0, 0, 3, 21.83
1746559285, 0, 1, 342, 341, 14, 7.36%, 0, 0, 3, 22.42
1746559290, 0, 1, 344, 343, 14, 7.36%, 0, 0, 3, 21.28
1746559296, 0, 1, 345, 344, 14, 7.36%, 0, 0, 3, 22.54
1746559301, 0, 1, 346, 345, 14, 7.36%, 0, 0, 3, 22.23
1746559306, 0, 1, 347, 346, 14, 7.36%, 0, 0, 3, 22.34
1746559311, 0, 1, 348, 347, 14, 7.36%, 0, 0, 3, 22.79
1746559316, 0, 1, 349, 348, 14, 7.36%, 0, 0, 3, 22.86
1746559321, 0, 1, 351, 350, 14, 7.36%, 0, 0, 3, 22.84
1746559336, 0, 1, 352, 351, 14, 7.36%, 0, 0, 3, 23.12
1746559342, 0, 1, 353, 352, 14, 7.36%, 0, 0, 3, 23.53
1746559347, 0, 1, 354, 353, 14, 7.36%, 0, 0, 3, 23.16
1746559377, 0, 1, 355, 354, 14, 7.36%, 0, 0, 3, 22.26
1746559383, 0, 1, 356, 355, 14, 7.36%, 0, 0, 3, 23.06
1746559388, 0, 1, 358, 357, 14, 7.36%, 0, 0, 3, 23.42
1746559408, 0, 1, 360, 359, 14, 7.36%, 0, 0, 3, 23.41
1746559424, 0, 35, 360, 358, 8, 7.36%, 0, 0, 3, 25.08
1746559429, 0, 35, 362, 360, 8, 7.36%, 0, 0, 3, 24.25
1746559444, 0, 35, 364, 362, 8, 7.36%, 0, 0, 3, 24.01
1746559460, 0, 35, 365, 363, 8, 7.36%, 0, 0, 3, 23.37
1746559465, 0, 35, 367, 365, 8, 7.38%, 0, 0, 3, 17.33
1746559470, 0, 35, 368, 366, 8, 7.38%, 0, 0, 3, 22.95
1746559480, 0, 35, 369, 367, 8, 7.38%, 0, 0, 3, 23.54
1746559485, 0, 35, 371, 369, 8, 7.38%, 0, 0, 3, 22.80
1746559490, 0, 35, 372, 370, 8, 7.38%, 0, 0, 3, 23.43
1746559505, 0, 35, 374, 372, 8, 7.38%, 0, 0, 3, 22.53
1746559516, 0, 35, 375, 373, 8, 7.38%, 0, 0, 3, 23.39
1746559521, 0, 35, 376, 374, 8, 7.38%, 0, 0, 3, 23.40
1746559536, 0, 35, 377, 375, 8, 7.38%, 0, 0, 3, 23.21
1746559541, 0, 35, 378, 376, 8, 7.38%, 0, 0, 3, 23.07
1746559567, 0, 35, 379, 377, 8, 7.38%, 0, 0, 3, 23.38
1746559577, 0, 35, 380, 378, 8, 7.38%, 0, 0, 3, 22.83
1746559592, 0, 35, 381, 379, 8, 7.38%, 0, 0, 3, 23.37
1746559597, 0, 35, 382, 380, 8, 7.38%, 0, 0, 3, 23.21
1746559602, 0, 35, 383, 381, 8, 7.38%, 0, 0, 3, 23.38
1746559613, 0, 35, 385, 383, 8, 7.39%, 0, 0, 3, 22.41
1746559618, 0, 35, 387, 385, 8, 7.39%, 0, 0, 3, 24.19
1746559633, 0, 35, 388, 386, 8, 7.39%, 0, 0, 3, 24.13
1746559669, 0, 35, 389, 387, 8, 7.39%, 0, 0, 3, 24.40
1746559694, 0, 35, 390, 388, 8, 7.39%, 0, 0, 3, 23.42
1746559705, 0, 35, 391, 389, 8, 7.39%, 0, 0, 3, 22.35
1746559710, 0, 39, 391, 388, 10, 7.39%, 0, 0, 3, 23.53
1746559720, 0, 39, 392, 389, 10, 7.39%, 0, 0, 3, 24.07
1746559730, 0, 39, 393, 390, 10, 7.39%, 0, 0, 3, 25.27
1746559735, 0, 39, 394, 391, 10, 7.39%, 0, 0, 3, 24.45
1746559746, 0, 39, 395, 392, 10, 7.39%, 0, 0, 3, 24.51
1746559751, 0, 39, 397, 394, 10, 7.39%, 0, 0, 3, 23.62
1746559756, 0, 39, 398, 395, 10, 7.39%, 0, 0, 3, 22.32
1746559771, 0, 39, 399, 396, 10, 7.39%, 0, 0, 3, 24.80
1746559782, 0, 39, 400, 397, 10, 7.39%, 0, 0, 3, 25.02
1746559787, 0, 39, 401, 398, 10, 7.39%, 0, 0, 3, 24.14
1746559792, 0, 39, 402, 399, 10, 7.41%, 0, 0, 3, 18.57
1746559817, 0, 39, 403, 400, 10, 7.41%, 0, 0, 3, 23.75
1746559827, 0, 39, 404, 401, 10, 7.41%, 0, 0, 3, 24.44
1746559848, 0, 39, 406, 403, 10, 7.41%, 0, 0, 3, 20.22
1746559863, 0, 39, 407, 404, 10, 7.41%, 0, 0, 3, 23.74
1746559889, 0, 39, 408, 405, 10, 7.41%, 0, 0, 3, 23.30
1746559894, 0, 39, 409, 406, 10, 7.41%, 0, 0, 3, 23.53
1746559930, 0, 39, 410, 407, 10, 7.41%, 0, 0, 3, 23.65
1746559945, 0, 39, 412, 409, 10, 7.41%, 0, 0, 3, 24.84
1746559960, 0, 39, 413, 410, 10, 7.41%, 0, 0, 3, 24.09
1746559965, 0, 39, 414, 411, 10, 7.42%, 0, 0, 3, 23.03
1746559986, 0, 39, 415, 412, 10, 7.42%, 0, 0, 3, 23.89
1746559996, 0, 75, 415, 411, 11, 7.42%, 0, 0, 3, 26.16
1746560006, 0, 75, 416, 412, 11, 7.42%, 0, 0, 3, 25.39
1746560021, 0, 185, 416, 411, 10, 7.42%, 0, 0, 3, 25.02
1746560027, 0, 185, 417, 412, 10, 7.42%, 0, 0, 3, 21.47
1746560032, 0, 185, 423, 418, 10, 7.42%, 0, 0, 3, 19.34
1746560037, 0, 185, 424, 419, 10, 7.42%, 0, 0, 3, 19.94
1746560057, 0, 258, 425, 419, 10, 7.42%, 0, 0, 3, 22.47
1746560063, 0, 258, 427, 421, 10, 7.42%, 0, 0, 3, 21.40
1746560068, 0, 258, 429, 423, 10, 7.42%, 0, 0, 3, 20.84
1746560073, 0, 258, 432, 426, 10, 7.42%, 0, 0, 3, 20.83
1746560078, 0, 258, 433, 427, 10, 7.42%, 0, 0, 3, 21.00
1746560083, 0, 258, 435, 429, 10, 7.42%, 0, 0, 3, 21.57
1746560093, 0, 258, 436, 430, 10, 7.42%, 0, 0, 3, 20.87
1746560099, 0, 258, 437, 431, 10, 7.42%, 0, 0, 3, 21.88
1746560104, 0, 258, 438, 432, 10, 7.42%, 0, 0, 3, 23.26
1746560119, 0, 294, 441, 434, 10, 7.42%, 0, 0, 3, 15.59
1746560124, 0, 294, 447, 440, 10, 7.42%, 0, 0, 3, 11.90
1746560129, 0, 294, 452, 445, 10, 7.42%, 0, 0, 3, 10.24
1746560134, 0, 294, 457, 450, 10, 7.42%, 0, 0, 3, 10.09
1746560139, 0, 294, 459, 452, 10, 7.42%, 0, 0, 3, 13.23
1746560144, 0, 294, 464, 457, 10, 7.42%, 0, 0, 3, 10.30
1746560150, 0, 294, 469, 462, 10, 7.42%, 0, 0, 3, 10.54
1746560155, 0, 294, 470, 463, 10, 7.42%, 0, 0, 3, 13.23
1746560160, 0, 294, 474, 467, 10, 7.42%, 0, 0, 3, 9.38
1746560165, 0, 294, 479, 472, 10, 7.42%, 0, 0, 3, 8.32
1746560170, 0, 294, 483, 476, 10, 7.42%, 0, 0, 3, 8.15
1746560175, 0, 294, 488, 481, 10, 7.42%, 0, 0, 3, 7.67
1746560180, 0, 294, 490, 483, 10, 7.42%, 0, 0, 3, 8.72
1746560185, 0, 294, 493, 486, 10, 7.42%, 0, 0, 3, 6.60
1746560191, 0, 294, 495, 488, 10, 7.42%, 0, 0, 3, 12.64
1746560201, 0, 294, 496, 489, 10, 7.42%, 0, 0, 3, 17.95
1746560206, 0, 294, 498, 491, 10, 7.42%, 0, 0, 3, 14.70
1746560211, 0, 294, 500, 493, 10, 7.42%, 0, 0, 3, 13.31
1746560216, 0, 294, 505, 498, 10, 7.42%, 0, 0, 3, 11.67
1746560222, 0, 294, 509, 502, 10, 7.42%, 0, 0, 3, 11.54
1746560227, 0, 294, 515, 508, 10, 7.42%, 0, 0, 3, 10.93
1746560232, 0, 294, 519, 512, 10, 7.42%, 0, 0, 3, 9.07
1746560237, 0, 294, 522, 515, 10, 7.42%, 0, 0, 3, 9.84
1746560242, 0, 294, 527, 520, 10, 7.42%, 0, 0, 3, 10.68
1746560247, 0, 294, 528, 521, 10, 7.42%, 0, 0, 3, 9.79
1746560252, 0, 294, 531, 524, 10, 7.42%, 0, 0, 3, 10.88
1746560263, 0, 294, 532, 525, 10, 7.42%, 0, 0, 3, 11.72
1746560268, 0, 294, 533, 526, 10, 7.42%, 0, 0, 3, 11.28
1746560273, 0, 294, 538, 531, 10, 7.42%, 0, 0, 3, 8.93
1746560278, 0, 294, 541, 534, 10, 7.42%, 0, 0, 3, 12.44
1746560283, 0, 294, 542, 535, 10, 7.42%, 0, 0, 3, 17.29
1746560289, 0, 294, 544, 537, 10, 7.42%, 0, 0, 3, 13.52
1746560294, 0, 294, 547, 540, 10, 7.42%, 0, 0, 3, 9.36
1746560299, 0, 294, 549, 542, 10, 7.42%, 0, 0, 3, 7.35
1746560304, 0, 294, 554, 547, 10, 7.42%, 0, 0, 3, 9.70
1746560309, 0, 294, 558, 551, 10, 7.42%, 0, 0, 3, 8.29
1746560320, 0, 294, 560, 553, 10, 7.42%, 0, 0, 3, 15.33
1746560330, 0, 294, 561, 554, 10, 7.42%, 0, 0, 3, 15.30
1746560335, 0, 294, 564, 557, 10, 7.42%, 0, 0, 3, 9.12
1746560340, 0, 294, 566, 559, 10, 7.42%, 0, 0, 3, 9.49
1746560345, 0, 294, 568, 561, 10, 7.42%, 0, 0, 3, 9.29
1746560350, 0, 294, 570, 563, 10, 7.42%, 0, 0, 3, 11.68
1746560355, 0, 294, 572, 565, 10, 7.42%, 0, 0, 3, 13.69
1746560361, 0, 294, 575, 568, 10, 7.42%, 0, 0, 3, 13.95
1746560366, 0, 294, 577, 570, 10, 7.42%, 0, 0, 3, 12.05
1746560371, 0, 294, 579, 572, 10, 7.42%, 0, 0, 3, 15.93
1746560376, 0, 294, 581, 574, 10, 7.42%, 0, 0, 3, 17.64
1746560386, 0, 294, 583, 576, 10, 7.42%, 0, 0, 3, 17.32
1746560391, 0, 294, 585, 578, 10, 7.42%, 0, 0, 3, 16.32
1746560396, 0, 294, 587, 580, 10, 7.42%, 0, 0, 3, 16.67
1746560401, 0, 294, 588, 581, 10, 7.42%, 0, 0, 3, 18.70
1746560407, 0, 294, 589, 582, 10, 7.42%, 0, 0, 3, 19.22
1746560412, 0, 294, 590, 583, 10, 7.42%, 0, 0, 3, 17.88
1746560417, 0, 294, 591, 584, 10, 7.42%, 0, 0, 3, 18.07
1746560422, 0, 294, 592, 585, 10, 7.54%, 0, 0, 3, 16.95
1746560427, 0, 294, 593, 586, 10, 7.54%, 0, 0, 3, 16.72
1746560438, 0, 294, 596, 589, 10, 7.54%, 0, 0, 3, 16.61
1746560443, 0, 294, 597, 590, 10, 7.56%, 0, 0, 3, 17.85
1746560448, 0, 294, 598, 591, 10, 7.56%, 0, 0, 3, 16.66
1746560453, 0, 294, 599, 592, 10, 7.56%, 0, 0, 3, 19.09
1746560458, 0, 294, 601, 594, 10, 7.56%, 0, 0, 3, 19.06
1746560463, 0, 294, 603, 596, 10, 7.56%, 0, 0, 3, 14.91
1746560473, 0, 294, 604, 597, 10, 7.56%, 0, 0, 3, 19.04
1746560488, 0, 294, 605, 598, 10, 7.56%, 0, 0, 3, 18.77
1746560499, 0, 294, 606, 599, 10, 7.56%, 0, 0, 3, 17.97
1746560504, 0, 294, 608, 601, 10, 7.56%, 0, 0, 3, 15.35
1746560509, 0, 294, 610, 603, 10, 7.57%, 0, 0, 3, 15.08
1746560514, 0, 294, 611, 604, 10, 7.57%, 0, 0, 3, 12.04
1746560525, 0, 294, 612, 605, 10, 7.57%, 0, 0, 3, 17.47
1746560530, 0, 294, 614, 607, 10, 7.57%, 0, 0, 3, 18.17
1746560535, 0, 294, 616, 609, 10, 7.60%, 0, 0, 3, 16.29
1746560545, 0, 294, 617, 610, 10, 7.60%, 0, 0, 3, 19.98
1746560550, 0, 294, 618, 611, 10, 7.60%, 0, 0, 3, 18.70
1746560555, 0, 294, 619, 612, 10, 7.60%, 0, 0, 3, 17.56
1746560560, 0, 294, 620, 613, 10, 7.60%, 0, 0, 3, 18.78
1746560571, 0, 294, 621, 614, 10, 7.60%, 0, 0, 3, 18.78
1746560586, 0, 294, 622, 615, 10, 7.60%, 0, 0, 3, 20.29
1746560591, 0, 294, 623, 616, 10, 7.60%, 0, 0, 3, 17.60
1746560596, 0, 294, 625, 618, 10, 7.60%, 0, 0, 3, 14.59
1746560601, 0, 294, 627, 620, 10, 7.60%, 0, 0, 3, 15.92
1746560606, 0, 294, 628, 621, 10, 7.60%, 0, 0, 3, 18.43
1746560611, 0, 294, 629, 622, 10, 7.60%, 0, 0, 3, 18.97
1746560626, 0, 294, 630, 623, 10, 7.60%, 0, 0, 3, 16.55
1746560632, 0, 294, 631, 624, 10, 7.60%, 0, 0, 3, 18.72
1746560642, 0, 294, 632, 625, 10, 7.60%, 0, 0, 3, 20.11
1746560657, 0, 334, 634, 626, 16, 7.60%, 0, 0, 4, 17.08
1746560667, 0, 334, 635, 627, 16, 7.60%, 0, 0, 4, 13.92
1746560673, 0, 334, 637, 629, 16, 7.60%, 0, 0, 4, 14.63
1746560678, 0, 334, 638, 630, 16, 7.60%, 0, 0, 4, 14.22
1746560683, 0, 334, 639, 631, 16, 7.60%, 0, 0, 4, 16.54
1746560688, 0, 334, 641, 633, 16, 7.60%, 0, 0, 4, 15.51
1746560693, 0, 334, 642, 634, 16, 7.60%, 0, 0, 4, 16.03
1746560724, 0, 334, 644, 636, 16, 7.60%, 0, 0, 4, 15.92
1746560734, 0, 334, 645, 637, 16, 7.60%, 0, 0, 4, 12.96
1746560796, 0, 334, 646, 638, 16, 7.60%, 0, 0, 4, 17.20
1746560806, 0, 334, 647, 639, 16, 7.60%, 0, 0, 4, 16.64
1746560816, 0, 334, 648, 640, 16, 7.60%, 0, 0, 4, 16.36
1746560841, 0, 334, 650, 642, 16, 7.60%, 0, 0, 4, 15.65
1746560857, 0, 339, 653, 644, 17, 7.60%, 0, 0, 4, 15.75
1746560862, 0, 339, 654, 645, 17, 7.60%, 0, 0, 4, 15.74
1746560867, 0, 339, 655, 646, 17, 7.60%, 0, 0, 4, 17.09
1746560872, 0, 339, 657, 648, 17, 7.60%, 0, 0, 4, 17.23
1746560877, 0, 339, 662, 653, 17, 7.60%, 0, 0, 4, 14.63
1746560887, 0, 339, 667, 658, 17, 7.60%, 0, 0, 4, 14.99
1746560893, 0, 339, 670, 661, 17, 7.60%, 0, 0, 4, 14.75
1746560913, 0, 339, 672, 663, 17, 7.60%, 0, 0, 4, 15.34
1746560918, 0, 339, 673, 664, 17, 7.60%, 0, 0, 4, 18.55
1746560934, 0, 359, 673, 663, 17, 7.60%, 0, 0, 4, 19.93
1746560939, 0, 359, 674, 664, 17, 7.60%, 0, 0, 4, 19.30
1746561036, 0, 359, 675, 665, 17, 7.60%, 0, 0, 4, 17.91
1746561052, 0, 359, 676, 666, 17, 7.60%, 0, 0, 4, 18.32
1746561092, 0, 390, 677, 666, 16, 7.60%, 0, 0, 4, 15.86
1746561098, 0, 390, 680, 669, 16, 7.60%, 0, 0, 4, 10.03
1746561103, 0, 390, 682, 671, 16, 7.61%, 0, 0, 4, 8.28
1746561108, 0, 390, 684, 673, 16, 7.61%, 0, 0, 4, 6.03
1746561113, 0, 390, 687, 676, 16, 7.61%, 0, 0, 4, 5.33
1746561118, 0, 390, 690, 679, 16, 7.61%, 0, 0, 4, 5.16
1746561123, 0, 390, 691, 680, 16, 7.61%, 0, 0, 4, 5.18
1746561129, 0, 390, 692, 681, 16, 7.61%, 0, 0, 4, 5.21
1746561134, 0, 390, 694, 683, 16, 7.61%, 0, 0, 4, 4.90
1746561139, 0, 390, 696, 685, 16, 7.61%, 0, 0, 4, 4.76
1746561144, 0, 390, 697, 686, 16, 7.61%, 0, 0, 4, 4.98
1746561149, 0, 390, 699, 688, 16, 7.61%, 0, 0, 4, 5.18
1746561154, 0, 390, 701, 690, 16, 7.61%, 0, 0, 4, 8.81
1746561160, 0, 390, 702, 691, 16, 7.61%, 0, 0, 4, 8.11
1746561165, 0, 390, 705, 694, 16, 7.61%, 0, 0, 4, 5.37
1746561170, 0, 390, 707, 696, 16, 7.61%, 0, 0, 4, 4.82
1746561175, 0, 390, 708, 697, 16, 7.61%, 0, 0, 4, 4.85
1746561180, 0, 390, 710, 699, 16, 7.61%, 0, 0, 4, 4.91
1746561185, 0, 390, 711, 700, 16, 7.61%, 0, 0, 4, 4.71
1746561190, 0, 390, 713, 702, 16, 7.61%, 0, 0, 4, 4.52
1746561196, 0, 390, 714, 703, 16, 7.61%, 0, 0, 4, 4.86
1746561201, 0, 390, 715, 704, 16, 7.61%, 0, 0, 4, 5.02
1746561206, 0, 390, 716, 705, 16, 7.61%, 0, 0, 4, 8.70
1746561211, 0, 390, 718, 707, 16, 7.61%, 0, 0, 4, 6.10
1746561216, 0, 390, 720, 709, 16, 7.61%, 0, 0, 4, 5.20
1746561221, 0, 390, 721, 710, 16, 7.61%, 0, 0, 4, 4.94
1746561227, 0, 390, 723, 712, 16, 7.61%, 0, 0, 4, 4.82
1746561232, 0, 390, 725, 714, 16, 7.61%, 0, 0, 4, 4.65
1746561237, 0, 390, 727, 716, 16, 7.61%, 0, 0, 4, 4.77
1746561242, 0, 390, 728, 717, 16, 7.61%, 0, 0, 4, 4.54
1746561247, 0, 390, 729, 718, 16, 7.61%, 0, 0, 4, 4.86
1746561253, 0, 390, 731, 720, 16, 7.61%, 0, 0, 4, 5.72
1746561258, 0, 390, 732, 721, 16, 7.61%, 0, 0, 4, 5.45
1746561263, 0, 390, 734, 723, 16, 7.61%, 0, 0, 4, 4.33
1746561268, 0, 390, 735, 724, 16, 7.61%, 0, 0, 4, 4.83
1746561273, 0, 390, 736, 725, 16, 7.61%, 0, 0, 4, 6.24
1746561278, 0, 390, 737, 726, 16, 7.61%, 0, 0, 4, 12.93
1746561298, 0, 390, 738, 727, 16, 7.62%, 0, 0, 4, 9.15
1746561304, 0, 390, 741, 730, 16, 7.62%, 0, 0, 4, 8.07
1746561309, 0, 390, 743, 732, 16, 7.62%, 0, 0, 4, 6.65
1746561319, 0, 390, 744, 733, 16, 7.62%, 0, 0, 4, 5.79
1746561324, 0, 390, 746, 735, 16, 7.62%, 0, 0, 4, 5.60
1746561329, 0, 390, 747, 736, 16, 7.62%, 0, 0, 4, 5.50
1746561334, 0, 390, 750, 739, 16, 7.62%, 0, 0, 4, 5.32
1746561340, 0, 390, 753, 742, 16, 7.62%, 0, 0, 4, 5.31
1746561345, 0, 390, 754, 743, 16, 7.62%, 0, 0, 4, 5.53
1746561361, 0, 390, 755, 744, 16, 7.62%, 0, 0, 4, 5.40
1746561366, 0, 390, 756, 745, 16, 7.62%, 0, 0, 4, 5.36
1746561376, 0, 390, 757, 746, 16, 7.62%, 0, 0, 4, 5.37
1746561418, 0, 390, 759, 748, 16, 7.62%, 0, 0, 4, 5.18
1746561423, 0, 390, 760, 749, 16, 7.62%, 0, 0, 4, 5.18
1746561428, 0, 390, 761, 750, 16, 7.62%, 0, 0, 4, 5.21
1746561433, 0, 390, 763, 752, 16, 7.62%, 0, 0, 4, 5.17
1746561438, 0, 390, 764, 753, 16, 7.62%, 0, 0, 4, 5.14
1746561443, 0, 390, 766, 755, 16, 7.62%, 0, 0, 4, 5.18
1746561448, 0, 390, 768, 757, 16, 7.62%, 0, 0, 4, 5.19
1746561454, 0, 390, 769, 758, 16, 7.62%, 0, 0, 4, 5.22
1746561464, 0, 390, 770, 759, 16, 7.62%, 0, 0, 4, 5.16
1746561474, 0, 390, 771, 760, 16, 7.62%, 0, 0, 4, 5.15
1746561495, 0, 390, 772, 761, 16, 7.62%, 0, 0, 4, 6.80
1746561500, 0, 390, 774, 763, 16, 7.62%, 0, 0, 4, 5.20
1746561505, 0, 390, 775, 764, 16, 7.62%, 0, 0, 4, 5.04
1746561510, 0, 390, 777, 766, 16, 7.62%, 0, 0, 4, 4.74
1746561520, 0, 390, 778, 767, 16, 7.62%, 0, 0, 4, 8.35
1746561525, 0, 390, 779, 768, 16, 7.62%, 0, 0, 4, 12.64
1746561530, 0, 390, 780, 769, 16, 7.62%, 0, 0, 4, 12.89
1746561536, 0, 390, 781, 770, 16, 7.62%, 0, 0, 4, 8.25
1746561541, 0, 390, 782, 771, 16, 7.62%, 0, 0, 4, 6.72
1746561546, 0, 390, 784, 773, 16, 7.62%, 0, 0, 4, 5.70
1746561551, 0, 390, 785, 774, 16, 7.62%, 0, 0, 4, 5.44
1746561556, 0, 390, 786, 775, 16, 7.62%, 0, 0, 4, 5.46
1746561561, 0, 390, 788, 777, 16, 7.62%, 0, 0, 4, 4.98
1746561567, 0, 390, 789, 778, 16, 7.62%, 0, 0, 4, 5.04
1746561572, 0, 390, 790, 779, 16, 7.62%, 0, 0, 4, 4.73
1746561577, 0, 390, 792, 781, 16, 7.62%, 0, 0, 4, 4.94
1746561593, 0, 390, 793, 782, 16, 7.62%, 0, 0, 4, 5.16
1746561598, 0, 390, 795, 784, 16, 7.62%, 0, 0, 4, 4.66
1746561603, 0, 390, 797, 786, 16, 7.62%, 0, 0, 4, 4.21
1746561613, 0, 390, 798, 787, 16, 7.62%, 0, 0, 4, 4.56
1746561619, 0, 390, 799, 788, 16, 7.62%, 0, 0, 4, 4.70
1746561655, 0, 390, 800, 789, 16, 7.62%, 0, 0, 4, 6.82
1746561660, 0, 390, 802, 791, 16, 7.62%, 0, 0, 4, 6.21
1746561665, 0, 390, 803, 792, 16, 7.62%, 0, 0, 4, 5.32
1746561670, 0, 390, 804, 793, 16, 7.62%, 0, 0, 4, 5.33
1746561680, 0, 390, 805, 794, 16, 7.62%, 0, 0, 4, 4.58
1746561685, 0, 390, 806, 795, 16, 7.62%, 0, 0, 4, 5.40
1746561691, 0, 390, 807, 796, 16, 7.62%, 0, 0, 4, 4.97
1746561711, 0, 390, 809, 798, 16, 7.62%, 0, 0, 4, 5.47
1746561716, 0, 390, 810, 799, 16, 7.62%, 0, 0, 4, 5.14
1746561721, 0, 390, 811, 800, 16, 7.62%, 0, 0, 4, 4.46
1746561737, 0, 390, 812, 801, 16, 7.62%, 0, 0, 4, 4.80
1746561747, 0, 390, 813, 802, 16, 7.62%, 0, 0, 4, 5.25
1746561752, 0, 390, 814, 803, 16, 7.62%, 0, 0, 4, 5.03
1746561757, 0, 390, 815, 804, 16, 7.62%, 0, 0, 4, 5.09
1746561762, 0, 390, 816, 805, 16, 7.62%, 0, 0, 4, 6.59
1746561773, 0, 390, 817, 806, 16, 7.62%, 0, 0, 4, 11.53
1746561778, 0, 390, 818, 807, 16, 7.62%, 0, 0, 4, 12.23
1746561783, 0, 390, 819, 808, 16, 7.62%, 0, 0, 4, 13.82
1746561788, 0, 390, 821, 810, 16, 7.62%, 0, 0, 4, 11.19
1746561793, 0, 390, 822, 811, 16, 7.62%, 0, 0, 4, 10.37
1746561819, 0, 390, 823, 812, 16, 7.62%, 0, 0, 4, 14.98
1746561824, 0, 390, 824, 813, 16, 7.62%, 0, 0, 4, 15.41
1746561834, 0, 390, 825, 814, 16, 7.62%, 0, 0, 4, 11.02
1746561840, 0, 390, 826, 815, 16, 7.62%, 0, 0, 4, 11.16
1746561845, 0, 390, 827, 816, 16, 7.62%, 0, 0, 4, 14.26
1746561850, 0, 390, 828, 817, 16, 7.62%, 0, 0, 4, 10.20
1746561860, 0, 390, 829, 818, 16, 7.62%, 0, 0, 4, 11.02
1746561891, 0, 390, 831, 820, 16, 8.19%, 0, 0, 4, 12.88
1746561896, 0, 390, 832, 821, 16, 8.19%, 0, 0, 4, 8.68
1746561907, 0, 390, 833, 822, 16, 8.19%, 0, 0, 4, 12.61
1746561912, 0, 390, 834, 823, 16, 8.19%, 0, 0, 4, 11.00
1746561922, 0, 390, 835, 824, 16, 8.19%, 0, 0, 4, 13.86
1746561927, 0, 390, 836, 825, 16, 8.19%, 0, 0, 4, 12.78
1746561937, 0, 390, 838, 827, 16, 8.19%, 0, 0, 4, 11.16
1746561978, 0, 390, 839, 828, 16, 8.19%, 0, 0, 4, 14.26
1746561983, 0, 390, 840, 829, 16, 8.19%, 0, 0, 4, 12.26
1746562004, 0, 390, 841, 830, 16, 8.19%, 0, 0, 4, 12.03
1746562019, 0, 390, 842, 831, 16, 8.19%, 0, 0, 4, 12.86
1746562025, 0, 390, 843, 832, 16, 8.19%, 0, 0, 4, 9.31
1746562035, 0, 390, 844, 833, 16, 8.19%, 0, 0, 4, 13.72
1746562040, 0, 390, 845, 834, 16, 8.19%, 0, 0, 4, 12.09
1746562045, 0, 390, 846, 835, 16, 8.19%, 0, 0, 4, 10.66
1746562050, 0, 390, 847, 836, 16, 8.19%, 0, 0, 4, 10.84
1746562055, 0, 390, 849, 838, 16, 8.19%, 0, 0, 4, 12.31
1746562096, 0, 390, 850, 839, 16, 8.19%, 0, 0, 4, 11.35
1746562101, 0, 390, 851, 840, 16, 8.19%, 0, 0, 4, 11.30
1746562111, 0, 390, 852, 841, 16, 8.19%, 0, 0, 4, 11.67
1746562147, 0, 390, 853, 842, 16, 8.19%, 0, 0, 4, 11.09
1746562163, 0, 390, 854, 843, 16, 8.19%, 0, 0, 4, 10.80
1746562178, 0, 390, 855, 844, 16, 8.19%, 0, 0, 4, 20.67
1746562183, 0, 390, 856, 845, 16, 8.19%, 0, 0, 4, 12.27
1746562188, 0, 390, 857, 846, 16, 8.19%, 0, 0, 4, 11.95
1746562209, 0, 390, 858, 847, 16, 8.19%, 0, 0, 4, 13.37
1746562219, 0, 390, 859, 848, 16, 8.19%, 0, 0, 4, 11.52
1746562255, 0, 390, 860, 849, 16, 8.19%, 0, 0, 4, 13.49
1746562270, 0, 390, 861, 850, 16, 8.19%, 0, 0, 4, 10.74
1746562280, 0, 390, 862, 851, 16, 8.19%, 0, 0, 4, 13.40
1746562291, 0, 390, 863, 852, 16, 8.19%, 0, 0, 4, 13.45
1746562296, 0, 424, 865, 853, 20, 8.19%, 0, 0, 4, 14.41
1746562301, 0, 424, 868, 856, 20, 8.19%, 0, 0, 4, 16.02
1746562306, 0, 424, 870, 858, 20, 8.19%, 0, 0, 4, 15.91
1746562321, 0, 424, 873, 861, 20, 8.19%, 0, 0, 4, 16.75
1746562327, 0, 424, 877, 865, 20, 8.19%, 0, 0, 4, 15.77
1746562367, 0, 440, 877, 864, 20, 8.19%, 0, 0, 4, 15.61
1746562444, 0, 440, 879, 866, 20, 8.19%, 0, 0, 4, 13.57
1746562449, 0, 440, 880, 867, 20, 8.22%, 0, 0, 4, 15.10
1746562480, 0, 476, 880, 866, 20, 8.22%, 0, 0, 4, 14.86
1746562485, 0, 476, 882, 868, 20, 8.22%, 0, 0, 4, 9.32
1746562506, 0, 476, 883, 869, 20, 8.22%, 0, 0, 4, 8.20
1746562511, 0, 476, 884, 870, 20, 8.22%, 0, 0, 4, 10.33
1746562546, 0, 476, 885, 871, 20, 8.22%, 0, 0, 4, 8.23
1746562629, 0, 476, 886, 872, 20, 8.22%, 0, 0, 4, 14.43
1746562644, 0, 542, 886, 871, 21, 8.22%, 0, 0, 4, 15.39
1746562659, 0, 542, 887, 872, 21, 8.22%, 0, 0, 4, 15.86
1746562690, 0, 542, 888, 873, 21, 8.22%, 0, 0, 4, 12.24
1746562757, 0, 557, 888, 872, 20, 8.22%, 0, 0, 4, 18.28
1746562762, 0, 557, 889, 873, 20, 8.22%, 0, 0, 4, 11.66
1746562767, 0, 557, 890, 874, 20, 8.22%, 0, 0, 4, 9.73
1746562783, 0, 557, 891, 875, 20, 8.22%, 0, 0, 4, 10.09
1746562814, 0, 557, 892, 876, 20, 8.22%, 0, 0, 4, 8.68
1746562834, 0, 557, 893, 877, 20, 8.22%, 0, 0, 4, 6.56
1746562865, 0, 557, 895, 879, 20, 8.22%, 0, 0, 4, 8.12
1746562922, 0, 562, 896, 879, 19, 8.22%, 0, 0, 4, 10.06
1746563045, 0, 562, 897, 880, 19, 8.22%, 0, 0, 4, 7.27
1746563116, 0, 569, 897, 879, 18, 8.22%, 0, 0, 4, 16.09
1746563158, 0, 569, 898, 880, 18, 8.22%, 0, 0, 4, 8.38
1746563163, 0, 569, 899, 881, 18, 8.22%, 0, 0, 4, 6.24
1746563168, 0, 569, 900, 882, 18, 8.22%, 0, 0, 4, 5.35
1746563219, 0, 569, 901, 883, 18, 8.22%, 0, 0, 4, 6.18
1746563255, 0, 569, 902, 884, 18, 8.22%, 0, 0, 4, 5.36
1746563323, 0, 569, 903, 885, 18, 8.22%, 0, 0, 4, 4.95
1746563369, 0, 569, 904, 886, 18, 8.22%, 0, 0, 4, 4.91
1746563374, 0, 569, 905, 887, 18, 8.22%, 0, 0, 4, 4.83
1746563379, 0, 569, 906, 888, 18, 8.22%, 0, 0, 4, 4.88
1746563426, 0, 569, 907, 889, 18, 8.22%, 0, 0, 4, 6.51
1746563431, 0, 569, 908, 890, 18, 8.22%, 0, 0, 4, 4.87
1746563488, 0, 573, 908, 889, 16, 8.22%, 0, 0, 4, 15.55
1746563503, 0, 573, 909, 890, 16, 8.22%, 0, 0, 4, 16.76
1746563524, 0, 573, 910, 891, 16, 8.22%, 0, 0, 4, 14.52
1746563570, 0, 593, 910, 890, 15, 8.22%, 0, 0, 4, 20.24
1746563682, 0, 604, 910, 889, 15, 8.22%, 0, 0, 4, 17.94
1746563882, 0, 604, 911, 890, 15, 8.22%, 0, 0, 4, 9.48
1746563908, 0, 608, 911, 889, 14, 8.22%, 0, 0, 4, 16.08
1746563934, 0, 608, 912, 890, 14, 8.22%, 0, 0, 4, 9.81
1746563959, 0, 608, 913, 891, 14, 8.22%, 0, 0, 4, 11.45
1746564082, 0, 609, 913, 890, 12, 8.22%, 0, 0, 4, 14.28
1746564087, 0, 609, 914, 891, 12, 8.22%, 0, 0, 4, 9.34
1746564097, 0, 609, 915, 892, 12, 8.22%, 0, 0, 4, 4.93
1746564118, 0, 609, 916, 893, 12, 8.22%, 0, 0, 4, 4.32
1746564148, 0, 609, 917, 894, 12, 8.22%, 0, 0, 4, 5.03
1746564154, 0, 609, 918, 895, 12, 8.22%, 0, 0, 4, 4.52
1746564164, 0, 609, 919, 896, 12, 8.22%, 0, 0, 4, 4.30
1746564174, 0, 609, 919, 896, 12, 8.22%, 0, 1, 4, 10.33
1746564184, 0, 609, 921, 898, 12, 8.23%, 0, 1, 4, 5.78
1746564189, 0, 609, 923, 900, 12, 8.23%, 0, 1, 4, 4.80
1746564200, 0, 609, 924, 901, 12, 8.23%, 0, 1, 4, 4.94
1746564205, 0, 609, 925, 902, 12, 8.23%, 0, 1, 4, 4.45
1746564210, 0, 609, 926, 903, 12, 8.23%, 0, 1, 4, 4.17
1746564231, 0, 609, 927, 904, 12, 8.23%, 0, 1, 4, 4.73
1746564236, 0, 609, 928, 905, 12, 8.23%, 0, 1, 4, 5.51
1746564354, 0, 609, 929, 906, 12, 8.23%, 0, 1, 4, 4.74
1746564390, 0, 609, 930, 907, 12, 8.23%, 0, 1, 4, 4.88
1746564406, 0, 609, 931, 908, 12, 8.23%, 0, 1, 4, 4.68
1746564437, 0, 609, 932, 909, 12, 8.23%, 0, 1, 4, 4.26
1746564651, 0, 609, 933, 910, 12, 8.23%, 0, 1, 4, 6.47
1746564682, 0, 609, 934, 911, 12, 8.23%, 0, 1, 4, 6.61
1746564693, 0, 609, 935, 912, 12, 8.23%, 0, 1, 4, 5.46
1746564714, 0, 609, 936, 913, 12, 8.23%, 0, 1, 4, 4.60
1746564734, 0, 609, 937, 914, 12, 8.23%, 0, 1, 4, 4.18
1746564755, 0, 609, 938, 915, 12, 8.23%, 0, 1, 4, 4.21
1746564760, 0, 609, 939, 916, 12, 8.23%, 0, 1, 4, 4.26
1746564765, 0, 609, 940, 917, 12, 8.23%, 0, 1, 4, 4.01
1746564908, 0, 609, 941, 918, 12, 8.23%, 0, 1, 4, 4.29
1746564970, 0, 609, 942, 919, 12, 8.23%, 0, 1, 4, 7.20
1746564985, 0, 637, 942, 918, 13, 8.23%, 0, 1, 4, 15.81
1746564990, 0, 637, 943, 919, 13, 8.23%, 0, 1, 5, 14.17
1746564995, 0, 637, 945, 921, 13, 8.23%, 0, 1, 5, 13.42
1746565000, 0, 637, 946, 922, 13, 8.23%, 0, 1, 5, 15.16
1746565057, 0, 637, 947, 923, 13, 8.23%, 0, 1, 5, 11.66
1746565134, 0, 637, 949, 925, 13, 8.23%, 0, 1, 5, 14.60
1746565165, 0, 637, 950, 926, 13, 8.23%, 0, 1, 5, 16.23
1746565185, 0, 646, 950, 925, 12, 8.23%, 0, 1, 5, 19.72
1746565385, 0, 737, 950, 924, 12, 8.23%, 0, 1, 5, 16.16
1746565390, 0, 737, 951, 925, 12, 8.23%, 0, 1, 5, 10.62
1746565411, 0, 737, 952, 926, 12, 8.23%, 0, 1, 5, 5.25
1746565437, 0, 737, 953, 927, 12, 8.23%, 0, 1, 5, 5.13
1746565447, 0, 737, 954, 928, 12, 8.23%, 0, 1, 5, 5.84
1746565463, 0, 737, 955, 929, 12, 8.23%, 0, 1, 5, 4.93
1746565607, 0, 737, 957, 931, 12, 8.23%, 0, 1, 5, 5.29
1746565612, 0, 737, 958, 932, 12, 8.23%, 0, 1, 5, 5.22
1746565685, 0, 737, 959, 933, 12, 8.23%, 0, 1, 5, 7.28
1746565870, 0, 782, 959, 932, 11, 8.23%, 0, 1, 5, 14.46
1746565880, 0, 782, 960, 933, 11, 8.23%, 0, 1, 5, 7.34
1746566344, 0, 830, 960, 932, 11, 8.23%, 0, 1, 5, 10.94
1746566354, 0, 830, 961, 933, 11, 8.23%, 0, 1, 5, 5.65
1746566365, 0, 830, 962, 934, 11, 8.24%, 0, 1, 5, 4.66
1746566370, 0, 830, 963, 935, 11, 8.24%, 0, 1, 5, 4.31
1746566375, 0, 830, 964, 936, 11, 8.24%, 0, 1, 5, 4.26
1746566380, 0, 830, 965, 937, 11, 8.24%, 0, 1, 5, 4.22
1746566385, 0, 830, 966, 938, 11, 8.24%, 0, 1, 5, 4.11
1746566401, 0, 830, 968, 940, 11, 8.24%, 0, 1, 5, 3.69
1746566406, 0, 830, 970, 942, 11, 8.25%, 0, 1, 5, 3.55
1746566411, 0, 830, 972, 944, 11, 8.42%, 0, 1, 5, 3.41
1746566416, 0, 830, 973, 945, 11, 8.42%, 0, 1, 5, 3.28
1746566421, 0, 830, 975, 947, 11, 8.46%, 0, 1, 5, 3.27
1746566432, 0, 830, 977, 949, 11, 8.46%, 0, 1, 5, 3.39
1746566458, 0, 830, 978, 950, 11, 8.46%, 0, 1, 5, 5.23
1746566468, 0, 830, 979, 951, 11, 8.46%, 0, 1, 5, 4.16
1746566473, 0, 830, 980, 952, 11, 8.46%, 0, 1, 5, 4.06
1746566493, 0, 830, 981, 953, 11, 8.46%, 0, 1, 5, 3.86
1746566498, 0, 830, 982, 954, 11, 8.46%, 0, 1, 5, 3.61
1746566503, 0, 830, 984, 956, 11, 8.46%, 0, 1, 5, 3.45
1746566509, 0, 830, 986, 958, 11, 8.46%, 0, 1, 5, 3.46
1746566514, 0, 830, 988, 960, 11, 8.56%, 0, 1, 5, 3.45
1746566519, 0, 830, 989, 961, 11, 8.56%, 0, 1, 5, 3.15
1746566524, 0, 830, 991, 963, 11, 8.57%, 0, 1, 5, 3.20
1746566529, 0, 830, 992, 964, 11, 8.57%, 0, 1, 5, 3.25
1746566534, 0, 830, 993, 965, 11, 8.60%, 0, 1, 5, 3.28
1746566540, 0, 830, 994, 966, 11, 8.60%, 0, 1, 5, 3.40
1746566570, 0, 830, 995, 967, 11, 8.60%, 0, 1, 5, 4.49
1746566576, 0, 830, 996, 968, 11, 8.61%, 0, 1, 5, 4.32
1746566586, 0, 830, 998, 970, 11, 8.61%, 0, 1, 5, 4.19
1746566591, 0, 830, 999, 971, 11, 8.61%, 0, 1, 5, 4.02
1746566601, 0, 830, 1000, 972, 11, 8.61%, 0, 1, 5, 3.96
1746566606, 0, 830, 1001, 973, 11, 8.61%, 0, 1, 5, 3.77
1746566611, 0, 830, 1002, 974, 11, 8.61%, 0, 1, 5, 3.38
1746566617, 0, 830, 1004, 976, 11, 8.61%, 0, 1, 5, 3.28
1746566622, 0, 830, 1006, 978, 11, 8.61%, 0, 1, 5, 3.25
1746566627, 0, 830, 1007, 979, 11, 8.61%, 0, 1, 5, 3.19
1746566632, 0, 830, 1008, 980, 11, 8.61%, 0, 1, 5, 3.35
1746566653, 0, 830, 1009, 981, 11, 8.61%, 0, 1, 5, 6.26
1746566663, 0, 830, 1010, 982, 11, 8.61%, 0, 1, 5, 4.09
1746566668, 0, 830, 1011, 983, 11, 8.61%, 0, 1, 5, 3.23
1746566673, 0, 830, 1012, 984, 11, 8.61%, 0, 1, 5, 16.12
1746566679, 0, 830, 1013, 985, 11, 8.61%, 0, 1, 5, 7.88
1746566684, 0, 830, 1014, 986, 11, 8.61%, 0, 1, 5, 4.89
1746566818, 0, 830, 1015, 987, 11, 8.61%, 0, 1, 5, 3.81
1746566839, 0, 830, 1016, 988, 11, 8.61%, 0, 1, 5, 4.62
1746566844, 0, 830, 1017, 989, 11, 8.61%, 0, 1, 5, 4.27
1746566854, 0, 830, 1018, 990, 11, 8.61%, 0, 1, 5, 4.28
1746566870, 0, 830, 1019, 991, 11, 8.61%, 0, 1, 5, 4.62
1746566952, 0, 830, 1020, 992, 11, 8.61%, 0, 1, 5, 4.03
1746566957, 0, 830, 1021, 993, 11, 8.61%, 0, 1, 5, 3.64
1746566962, 0, 830, 1022, 994, 11, 8.61%, 0, 1, 5, 3.59
1746566967, 0, 830, 1023, 995, 11, 8.61%, 0, 1, 5, 3.88
1746566973, 0, 830, 1024, 996, 11, 8.61%, 0, 1, 5, 3.89
1746566978, 0, 830, 1025, 997, 11, 8.61%, 0, 1, 5, 3.64
1746566983, 0, 830, 1026, 998, 11, 8.61%, 0, 1, 5, 3.52
1746566988, 0, 830, 1027, 999, 11, 8.61%, 0, 1, 5, 3.60
1746566998, 0, 830, 1029, 1001, 11, 8.61%, 0, 1, 5, 3.40
1746567009, 0, 830, 1031, 1003, 11, 8.61%, 0, 1, 5, 3.40
1746567024, 0, 830, 1032, 1004, 11, 8.61%, 0, 1, 5, 3.57
1746567029, 0, 830, 1033, 1005, 11, 8.61%, 0, 1, 5, 3.48
1746567034, 0, 830, 1035, 1007, 11, 8.61%, 0, 1, 5, 3.39
1746567045, 0, 830, 1037, 1009, 11, 8.61%, 0, 1, 5, 3.40
1746567050, 0, 830, 1038, 1010, 11, 8.61%, 0, 1, 5, 3.31
1746567055, 0, 830, 1039, 1011, 11, 8.61%, 0, 1, 5, 3.29
1746567065, 0, 830, 1040, 1012, 11, 8.61%, 0, 1, 5, 3.37
1746567070, 0, 830, 1041, 1013, 11, 8.61%, 0, 1, 5, 3.28
1746567081, 0, 830, 1042, 1014, 11, 8.61%, 0, 1, 5, 3.25
1746567086, 0, 830, 1043, 1015, 11, 8.61%, 0, 1, 5, 3.36
1746567091, 0, 830, 1044, 1016, 11, 8.61%, 0, 1, 5, 3.33
1746567096, 0, 830, 1046, 1018, 11, 8.61%, 0, 1, 5, 3.33
1746567101, 0, 830, 1047, 1019, 11, 8.61%, 0, 1, 5, 3.28
1746567107, 0, 830, 1048, 1020, 11, 8.61%, 0, 1, 5, 3.25
1746567127, 0, 830, 1049, 1021, 11, 8.61%, 0, 1, 5, 3.35
1746567245, 0, 830, 1050, 1022, 11, 8.61%, 0, 1, 5, 3.49
1746567296, 0, 830, 1051, 1023, 11, 8.61%, 0, 1, 5, 3.58
1746567337, 0, 830, 1052, 1024, 11, 8.61%, 0, 1, 5, 4.47
1746567383, 0, 830, 1053, 1025, 11, 8.61%, 0, 1, 5, 3.73
1746567403, 0, 830, 1054, 1026, 11, 8.61%, 0, 1, 5, 4.27
1746567434, 0, 830, 1055, 1027, 11, 8.61%, 0, 1, 5, 4.01
1746567439, 0, 830, 1056, 1028, 11, 8.61%, 0, 1, 5, 3.84
1746567449, 0, 830, 1057, 1029, 11, 8.61%, 0, 1, 5, 3.26
1746567454, 0, 830, 1058, 1030, 11, 8.61%, 0, 1, 5, 2.96
1746567459, 0, 830, 1060, 1032, 11, 8.61%, 0, 1, 5, 3.04
1746567465, 0, 830, 1061, 1033, 11, 8.61%, 0, 1, 5, 3.34
1746567470, 0, 830, 1062, 1034, 11, 8.61%, 0, 1, 5, 3.21
1746567475, 0, 830, 1063, 1035, 11, 8.61%, 0, 1, 5, 3.06
1746567480, 0, 830, 1064, 1036, 11, 8.61%, 0, 1, 5, 3.18
1746567485, 0, 830, 1065, 1037, 11, 8.61%, 0, 1, 5, 3.14
1746567490, 0, 830, 1066, 1038, 11, 8.61%, 0, 1, 5, 3.14
1746567496, 0, 830, 1067, 1039, 11, 8.61%, 0, 1, 5, 3.23
1746567501, 0, 830, 1068, 1040, 11, 8.61%, 0, 1, 5, 3.19
1746567506, 0, 830, 1070, 1042, 11, 8.61%, 0, 1, 5, 3.21
1746567511, 0, 830, 1071, 1043, 11, 8.61%, 0, 1, 5, 3.24
1746567516, 0, 830, 1072, 1044, 11, 8.61%, 0, 1, 5, 3.40
1746567527, 0, 830, 1073, 1045, 11, 8.61%, 0, 1, 5, 3.49
1746567763, 0, 830, 1074, 1046, 11, 8.61%, 0, 1, 5, 3.89
1746567774, 0, 830, 1075, 1047, 11, 8.61%, 0, 1, 5, 3.91
1746567779, 0, 830, 1076, 1048, 11, 8.61%, 0, 1, 5, 3.02
1746567784, 0, 830, 1077, 1049, 11, 8.61%, 0, 1, 5, 3.20
1746567789, 0, 830, 1079, 1051, 11, 8.61%, 0, 1, 5, 3.47
1746567794, 0, 830, 1080, 1052, 11, 8.61%, 0, 1, 5, 3.16
1746567805, 0, 830, 1081, 1053, 11, 8.61%, 0, 1, 5, 2.83
1746567810, 0, 830, 1082, 1054, 11, 8.61%, 0, 1, 5, 2.73
1746567815, 0, 830, 1083, 1055, 11, 8.61%, 0, 1, 5, 2.56
1746567820, 0, 830, 1084, 1056, 11, 8.61%, 0, 1, 5, 3.26
1746567825, 0, 830, 1085, 1057, 11, 8.61%, 0, 1, 5, 3.18
1746567836, 0, 830, 1086, 1058, 11, 8.61%, 0, 1, 5, 2.97
1746567841, 0, 830, 1087, 1059, 11, 8.61%, 0, 1, 5, 3.20
1746567852, 0, 830, 1088, 1060, 11, 8.61%, 0, 1, 5, 3.30
1746567857, 0, 830, 1090, 1062, 11, 8.61%, 0, 1, 5, 3.01
1746567872, 0, 830, 1091, 1063, 11, 8.61%, 0, 1, 5, 3.24
1746567877, 0, 830, 1092, 1064, 11, 8.61%, 0, 1, 5, 3.17
1746567898, 0, 830, 1094, 1066, 11, 8.61%, 0, 1, 5, 3.51
1746567918, 0, 830, 1095, 1067, 11, 8.61%, 0, 1, 5, 3.54
1746567949, 0, 830, 1096, 1068, 11, 8.61%, 0, 1, 5, 3.69
1746567974, 0, 844, 1096, 1067, 20, 8.61%, 0, 1, 5, 11.33
1746568449, 0, 854, 1096, 1066, 19, 8.61%, 0, 1, 5, 13.11
1746568752, 0, 868, 1096, 1065, 18, 8.61%, 0, 1, 5, 16.58
1746568833, 0, 879, 1096, 1064, 17, 8.61%, 0, 1, 5, 19.24
1746568838, 0, 879, 1097, 1065, 17, 8.61%, 0, 1, 5, 14.08
1746568849, 0, 879, 1098, 1066, 17, 8.61%, 0, 1, 5, 14.33
1746568885, 0, 879, 1099, 1067, 17, 8.61%, 0, 1, 5, 12.03
1746568890, 0, 879, 1100, 1068, 17, 8.61%, 0, 1, 5, 11.37
1746568971, 0, 880, 1100, 1067, 17, 8.61%, 0, 1, 5, 16.73
1746569131, 0, 902, 1100, 1066, 17, 8.61%, 0, 1, 5, 13.90
1746569166, 0, 902, 1101, 1067, 17, 8.61%, 0, 1, 5, 4.83
1746569192, 0, 902, 1102, 1068, 17, 8.61%, 0, 1, 5, 4.54
1746569315, 0, 902, 1103, 1069, 17, 8.61%, 0, 1, 5, 4.54
1746569445, 0, 902, 1104, 1070, 17, 8.61%, 0, 1, 5, 4.52
1746569470, 0, 902, 1105, 1071, 17, 8.61%, 0, 1, 5, 10.11
1746569558, 0, 908, 1105, 1070, 17, 8.61%, 0, 1, 5, 14.84
1746569568, 0, 908, 1106, 1071, 17, 8.61%, 0, 1, 5, 13.55
1746569589, 0, 908, 1108, 1073, 17, 8.61%, 0, 1, 5, 13.93
1746569604, 0, 908, 1109, 1074, 17, 8.61%, 0, 1, 5, 11.53
1746569660, 0, 908, 1110, 1075, 17, 8.61%, 0, 1, 5, 15.13
1746569691, 0, 909, 1110, 1074, 19, 8.61%, 0, 1, 5, 19.21
1746569788, 0, 914, 1110, 1073, 18, 8.61%, 0, 1, 5, 16.22
1746570138, 0, 914, 1111, 1074, 18, 8.61%, 0, 1, 5, 4.30
1746570421, 0, 914, 1112, 1075, 18, 8.61%, 0, 1, 5, 4.26
1746570627, 0, 914, 1113, 1076, 18, 8.61%, 0, 1, 5, 6.90
1746570668, 0, 925, 1113, 1075, 17, 8.61%, 0, 1, 5, 12.82
1746571379, 0, 925, 1114, 1076, 17, 8.61%, 0, 1, 5, 2.25
1746571409, 0, 960, 1114, 1075, 16, 8.61%, 0, 1, 5, 14.42
1746571470, 0, 960, 1115, 1076, 16, 8.61%, 0, 1, 6, 4.68
1746571719, 0, 960, 1116, 1077, 16, 8.61%, 0, 1, 6, 4.35
1746571816, 0, 960, 1117, 1078, 16, 8.61%, 0, 1, 6, 4.24
1746571822, 0, 960, 1118, 1079, 16, 8.61%, 0, 1, 6, 4.18
1746571959, 0, 960, 1119, 1080, 16, 8.61%, 0, 1, 6, 5.73
1746572326, 0, 970, 1119, 1079, 16, 8.61%, 0, 1, 6, 10.29
1746572372, 0, 970, 1120, 1080, 16, 8.61%, 0, 1, 6, 3.45
1746572378, 0, 970, 1122, 1082, 16, 8.61%, 0, 1, 6, 3.36
1746572388, 0, 970, 1123, 1083, 16, 8.68%, 0, 1, 6, 3.34
1746572408, 0, 970, 1124, 1084, 16, 8.68%, 0, 1, 6, 5.26
1746572449, 0, 970, 1125, 1085, 16, 8.68%, 0, 1, 6, 3.50
1746572459, 0, 970, 1127, 1087, 16, 8.68%, 0, 1, 6, 3.28
1746572464, 0, 970, 1128, 1088, 16, 8.68%, 0, 1, 6, 3.27
1746572521, 0, 970, 1130, 1090, 16, 8.68%, 0, 1, 6, 3.49
1746572531, 0, 970, 1131, 1091, 16, 8.68%, 0, 1, 6, 3.34
1746572536, 0, 970, 1132, 1092, 16, 8.68%, 0, 1, 6, 3.23
1746572542, 0, 970, 1133, 1093, 16, 8.68%, 0, 1, 6, 3.22
1746572568, 0, 970, 1134, 1094, 16, 8.76%, 0, 1, 6, 4.67
1746572578, 0, 970, 1135, 1095, 16, 9.04%, 0, 1, 6, 19.61
1746572830, 0, 970, 1136, 1096, 16, 9.04%, 0, 1, 6, 4.12
1746572876, 0, 970, 1137, 1097, 16, 9.04%, 0, 1, 6, 3.44
1746572882, 0, 970, 1139, 1099, 16, 9.04%, 0, 1, 6, 3.39
1746572887, 0, 970, 1140, 1100, 16, 9.04%, 0, 1, 6, 3.39
1746572897, 0, 970, 1141, 1101, 16, 9.04%, 0, 1, 6, 3.56
1746572928, 0, 970, 1142, 1102, 16, 9.04%, 0, 1, 6, 3.40
1746572958, 0, 970, 1143, 1103, 16, 9.04%, 0, 1, 6, 3.42
1746572963, 0, 970, 1144, 1104, 16, 9.04%, 0, 1, 6, 3.38
1746572969, 0, 970, 1145, 1105, 16, 9.04%, 0, 1, 6, 3.38
1746572974, 0, 970, 1146, 1106, 16, 9.04%, 0, 1, 6, 3.27
1746573128, 0, 970, 1147, 1107, 16, 9.04%, 0, 1, 6, 3.53
1746573133, 0, 970, 1148, 1108, 16, 9.04%, 0, 1, 6, 3.34
1746573281, 0, 970, 1149, 1109, 16, 9.04%, 0, 1, 6, 3.34
1746573292, 0, 970, 1150, 1110, 16, 9.04%, 0, 1, 6, 3.18
1746573317, 0, 970, 1151, 1111, 16, 9.04%, 0, 1, 6, 3.24
1746573322, 0, 970, 1152, 1112, 16, 9.04%, 0, 1, 6, 3.18
1746573328, 0, 970, 1153, 1113, 16, 9.04%, 0, 1, 6, 3.19
1746573333, 0, 970, 1154, 1114, 16, 9.04%, 0, 1, 6, 3.17
1746573590, 0, 970, 1155, 1115, 16, 9.04%, 0, 1, 6, 2.90
1746573595, 0, 970, 1156, 1116, 16, 9.04%, 0, 1, 6, 3.11
1746573600, 0, 970, 1157, 1117, 16, 9.04%, 0, 1, 6, 3.08
1746573610, 0, 970, 1158, 1118, 16, 9.04%, 0, 1, 6, 3.22
1746573620, 0, 970, 1159, 1119, 16, 9.04%, 0, 1, 6, 3.22
1746573626, 0, 970, 1160, 1120, 16, 9.04%, 0, 1, 6, 3.28
1746573631, 0, 970, 1161, 1121, 16, 9.04%, 0, 1, 6, 3.28
1746573667, 0, 970, 1162, 1122, 16, 9.04%, 0, 1, 6, 3.47
1746573672, 0, 970, 1163, 1123, 16, 9.04%, 0, 1, 6, 2.94
1746573677, 0, 970, 1164, 1124, 16, 9.09%, 0, 1, 6, 2.65
1746573682, 0, 970, 1165, 1125, 16, 9.09%, 0, 1, 6, 3.07
1746573692, 0, 970, 1166, 1126, 16, 9.09%, 0, 1, 6, 3.13
1746573698, 0, 970, 1167, 1127, 16, 9.09%, 0, 1, 6, 2.91
1746573765, 0, 976, 1167, 1126, 15, 9.09%, 0, 1, 6, 9.86
1746573785, 0, 976, 1168, 1127, 15, 9.09%, 0, 1, 6, 4.40
1746573815, 0, 976, 1169, 1128, 15, 9.09%, 0, 1, 6, 3.40
1746573821, 0, 976, 1170, 1129, 15, 9.09%, 0, 1, 6, 3.32
1746573836, 0, 976, 1171, 1130, 15, 9.09%, 0, 1, 6, 3.21
1746573877, 0, 976, 1172, 1131, 15, 9.09%, 0, 1, 6, 4.15
1746573888, 0, 976, 1173, 1132, 15, 9.09%, 0, 1, 6, 3.39
1746573893, 0, 976, 1175, 1134, 15, 9.09%, 0, 1, 6, 3.30
1746573908, 0, 976, 1176, 1135, 15, 9.09%, 0, 1, 6, 3.24
1746573918, 0, 976, 1177, 1136, 15, 9.09%, 0, 1, 6, 18.78
1746573959, 0, 976, 1178, 1137, 15, 9.09%, 0, 1, 6, 3.84
1746573970, 0, 976, 1180, 1139, 15, 9.09%, 0, 1, 6, 3.34
1746573980, 0, 976, 1181, 1140, 15, 9.09%, 0, 1, 6, 3.36
1746573990, 0, 976, 1182, 1141, 15, 9.09%, 0, 1, 6, 3.22
1746573995, 0, 976, 1183, 1142, 15, 9.09%, 0, 1, 6, 3.19
1746574319, 0, 976, 1185, 1144, 15, 9.09%, 0, 1, 6, 3.38
1746574335, 0, 976, 1186, 1145, 15, 9.09%, 0, 1, 6, 3.40
1746574391, 0, 976, 1187, 1146, 15, 9.09%, 0, 1, 6, 3.39
1746574396, 0, 976, 1189, 1148, 15, 9.09%, 0, 1, 6, 3.35
1746574401, 0, 976, 1191, 1150, 15, 9.09%, 0, 1, 6, 3.33
1746574406, 0, 976, 1192, 1151, 15, 9.09%, 0, 1, 6, 3.33
1746574411, 0, 976, 1193, 1152, 15, 9.09%, 0, 1, 6, 3.34
1746574416, 0, 976, 1194, 1153, 15, 9.09%, 0, 1, 6, 3.38
1746574452, 0, 976, 1195, 1154, 15, 9.09%, 0, 1, 6, 3.32
1746574468, 0, 976, 1197, 1156, 15, 9.09%, 0, 1, 6, 3.33
1746574473, 0, 976, 1198, 1157, 15, 9.09%, 0, 1, 6, 3.33
1746574483, 0, 976, 1199, 1158, 15, 9.09%, 0, 1, 6, 3.23
1746574724, 0, 976, 1200, 1159, 15, 9.09%, 0, 1, 6, 3.19
1746574729, 0, 976, 1201, 1160, 15, 9.09%, 0, 1, 6, 3.14
1746574744, 0, 976, 1202, 1161, 15, 9.09%, 0, 1, 6, 3.25
1746574785, 0, 976, 1203, 1162, 15, 9.09%, 0, 1, 6, 3.20
1746574791, 0, 976, 1204, 1163, 15, 9.09%, 0, 1, 6, 2.94
1746574801, 0, 976, 1205, 1164, 15, 9.09%, 0, 1, 6, 20.73
1746575021, 0, 976, 1206, 1165, 15, 9.09%, 0, 1, 6, 3.70
1746575032, 0, 976, 1207, 1166, 15, 9.09%, 0, 1, 6, 3.30
1746575037, 0, 976, 1208, 1167, 15, 9.09%, 0, 1, 6, 3.27
1746575042, 0, 976, 1209, 1168, 15, 9.09%, 0, 1, 6, 2.71
1746575161, 0, 976, 1210, 1169, 15, 9.09%, 0, 1, 6, 3.78
1746575191, 0, 977, 1210, 1168, 15, 9.09%, 0, 1, 6, 9.66
1746575232, 0, 977, 1211, 1169, 15, 9.09%, 0, 1, 6, 4.09
1746575849, 0, 977, 1212, 1170, 15, 9.09%, 0, 1, 6, 4.54
1746575946, 0, 977, 1213, 1171, 15, 9.09%, 0, 1, 6, 3.78
1746576090, 0, 977, 1214, 1172, 15, 9.09%, 0, 1, 6, 3.99
1746576193, 0, 977, 1215, 1173, 15, 9.09%, 0, 1, 6, 4.01
1746576219, 0, 977, 1216, 1174, 15, 9.09%, 0, 1, 6, 2.73
1746576292, 0, 977, 1217, 1175, 15, 9.10%, 0, 1, 6, 8.28
1746576338, 0, 978, 1217, 1174, 14, 9.10%, 0, 1, 6, 8.94
1746576554, 0, 978, 1218, 1175, 14, 9.10%, 0, 1, 6, 4.76
1746576734, 0, 978, 1220, 1177, 14, 9.10%, 0, 1, 6, 3.64
1746576755, 0, 978, 1221, 1178, 14, 9.10%, 0, 1, 6, 3.57
1746576760, 0, 978, 1222, 1179, 14, 9.10%, 0, 1, 6, 3.51
1746576796, 0, 978, 1223, 1180, 14, 9.10%, 0, 1, 6, 3.27
1746577220, 0, 978, 1224, 1181, 14, 9.10%, 0, 1, 6, 3.61
1746577375, 0, 978, 1225, 1182, 14, 9.10%, 0, 1, 6, 3.50
1746577400, 0, 992, 1225, 1181, 14, 9.10%, 0, 1, 6, 9.64
1746577446, 0, 992, 1226, 1182, 14, 9.10%, 0, 1, 6, 3.44
1746577462, 0, 992, 1227, 1183, 14, 9.10%, 0, 1, 6, 3.21
1746577529, 0, 992, 1228, 1184, 14, 9.10%, 0, 1, 6, 3.14
1746577534, 0, 992, 1229, 1185, 14, 9.10%, 0, 1, 6, 3.12
1746577595, 0, 992, 1230, 1186, 14, 9.10%, 0, 1, 6, 3.24
1746577766, 0, 992, 1231, 1187, 14, 9.10%, 0, 1, 6, 3.51
1746578008, 0, 992, 1233, 1189, 14, 9.10%, 0, 1, 6, 3.24
1746578013, 0, 992, 1234, 1190, 14, 9.10%, 0, 1, 6, 3.33
1746578358, 0, 992, 1235, 1191, 14, 9.10%, 0, 1, 6, 3.35
1746578369, 0, 992, 1236, 1192, 14, 9.10%, 0, 1, 6, 3.10
1746578610, 0, 992, 1237, 1193, 14, 9.10%, 0, 1, 6, 3.36
1746578719, 0, 992, 1238, 1194, 14, 9.10%, 0, 1, 6, 4.10
1746578770, 0, 1029, 1238, 1193, 14, 9.10%, 0, 1, 6, 9.99
1746578781, 0, 1029, 1239, 1194, 14, 9.10%, 0, 1, 6, 4.94
1746578817, 0, 1029, 1240, 1195, 14, 9.10%, 0, 1, 6, 3.74
1746578838, 0, 1029, 1241, 1196, 14, 9.10%, 0, 1, 6, 3.27
1746578905, 0, 1029, 1242, 1197, 14, 9.10%, 0, 1, 6, 3.24
1746578971, 0, 1029, 1243, 1198, 14, 9.10%, 0, 1, 6, 3.18
1746579501, 0, 1029, 1244, 1199, 14, 9.10%, 0, 1, 6, 3.10
1746579506, 0, 1029, 1245, 1200, 14, 9.10%, 0, 1, 6, 3.05
1746579697, 0, 1029, 1246, 1201, 14, 9.10%, 0, 1, 6, 3.12
1746579743, 0, 1029, 1247, 1202, 14, 9.10%, 0, 1, 6, 3.24
1746579754, 0, 1029, 1248, 1203, 14, 9.10%, 0, 1, 6, 3.18
1746579892, 0, 1029, 1249, 1204, 14, 9.10%, 0, 1, 6, 4.04
1746579948, 0, 1029, 1250, 1205, 14, 9.10%, 0, 1, 6, 3.87
1746580062, 0, 1029, 1251, 1206, 14, 9.10%, 0, 1, 6, 3.18
1746580130, 0, 1029, 1253, 1208, 14, 9.12%, 0, 1, 6, 5.36
1746580218, 0, 1029, 1254, 1209, 14, 9.13%, 0, 1, 6, 11.14
1746580233, 0, 1029, 1255, 1210, 14, 9.13%, 0, 1, 6, 8.45
1746580378, 0, 1029, 1256, 1211, 14, 9.13%, 0, 1, 6, 8.26
1746580604, 0, 1097, 1256, 1210, 15, 9.13%, 0, 1, 6, 11.92
1746580737, 0, 1103, 1256, 1209, 14, 9.13%, 0, 1, 6, 14.84
1746580793, 0, 1103, 1257, 1210, 14, 9.13%, 0, 1, 6, 4.73
1746581163, 0, 1106, 1257, 1209, 13, 9.13%, 0, 1, 6, 14.92
1746581280, 0, 1107, 1257, 1208, 12, 9.13%, 0, 1, 6, 15.36
1746581403, 0, 1114, 1257, 1207, 11, 9.13%, 0, 1, 6, 11.33
1746581761, 0, 1114, 1258, 1208, 11, 9.13%, 0, 1, 7, 3.85
1746582047, 0, 1114, 1259, 1209, 11, 9.13%, 0, 1, 7, 4.03
1746582367, 0, 1119, 1259, 1208, 11, 9.13%, 0, 1, 7, 10.00
1746582418, 0, 1119, 1261, 1210, 11, 9.13%, 0, 1, 7, 3.43
1746582557, 0, 1119, 1263, 1212, 11, 9.13%, 0, 1, 7, 3.22
1746582598, 0, 1119, 1264, 1213, 11, 9.30%, 0, 1, 7, 3.48
1746582897, 0, 1119, 1265, 1214, 11, 9.30%, 0, 1, 7, 3.36
1746582902, 0, 1119, 1267, 1216, 11, 9.30%, 0, 1, 7, 3.33
1746582938, 0, 1119, 1268, 1217, 11, 9.30%, 0, 1, 7, 3.32
1746582943, 0, 1119, 1269, 1218, 11, 9.30%, 0, 1, 7, 3.30
1746582949, 0, 1119, 1271, 1220, 11, 9.30%, 0, 1, 7, 3.30
1746582954, 0, 1119, 1272, 1221, 11, 9.30%, 0, 1, 7, 3.31
1746582959, 0, 1119, 1274, 1223, 11, 9.30%, 0, 1, 7, 3.31
1746583320, 0, 1119, 1275, 1224, 11, 9.30%, 0, 1, 7, 3.25
1746583632, 0, 1119, 1277, 1226, 11, 9.30%, 0, 1, 7, 2.98
1746583637, 0, 1119, 1278, 1227, 11, 9.33%, 0, 1, 7, 2.66
1746583653, 0, 1119, 1279, 1228, 11, 9.33%, 0, 1, 7, 3.05
1746583658, 0, 1119, 1280, 1229, 11, 9.33%, 0, 1, 7, 2.76
1746583740, 0, 1119, 1281, 1230, 11, 9.33%, 0, 1, 7, 10.68
1746583781, 0, 1119, 1282, 1231, 11, 9.33%, 0, 1, 7, 8.41
1746583838, 0, 1119, 1283, 1232, 11, 9.33%, 0, 1, 7, 10.19
1746583858, 0, 1119, 1284, 1233, 11, 9.33%, 0, 1, 7, 8.54
1746584018, 0, 1119, 1285, 1234, 11, 9.38%, 0, 1, 7, 1.83
1746584110, 0, 1119, 1286, 1235, 11, 9.38%, 0, 1, 7, 9.07
1746584136, 0, 1119, 1287, 1236, 11, 9.62%, 0, 1, 7, 1.86
1746584182, 0, 1151, 1287, 1235, 13, 9.62%, 0, 1, 7, 10.42
1746584229, 0, 1151, 1288, 1236, 13, 9.62%, 0, 1, 7, 3.23
1746584234, 0, 1151, 1289, 1237, 13, 9.62%, 0, 1, 7, 2.94
1746584322, 0, 1151, 1290, 1238, 13, 9.62%, 0, 1, 7, 2.85
1746584389, 0, 1151, 1291, 1239, 13, 9.62%, 0, 1, 7, 3.02
1746584394, 0, 1151, 1293, 1241, 13, 9.62%, 0, 1, 7, 2.84
1746584399, 0, 1151, 1294, 1242, 13, 9.62%, 0, 1, 7, 2.82
1746584404, 0, 1151, 1295, 1243, 13, 9.62%, 0, 1, 7, 2.77
1746584702, 0, 1151, 1296, 1244, 13, 9.62%, 0, 1, 7, 3.14
1746584800, 0, 1151, 1297, 1245, 13, 9.62%, 0, 1, 7, 3.18
1746584805, 0, 1151, 1298, 1246, 13, 9.62%, 0, 1, 7, 3.11
1746584826, 0, 1151, 1299, 1247, 13, 9.62%, 0, 1, 7, 2.98
1746584852, 0, 1151, 1300, 1248, 13, 9.62%, 0, 1, 7, 2.93
1746584867, 0, 1151, 1301, 1249, 13, 9.62%, 0, 1, 7, 2.80
1746585187, 0, 1151, 1302, 1250, 13, 9.62%, 0, 1, 7, 3.08
1746585193, 0, 1151, 1303, 1251, 13, 9.62%, 0, 1, 7, 2.80
1746585213, 0, 1151, 1304, 1252, 13, 9.62%, 0, 1, 7, 3.00
1746585260, 0, 1151, 1305, 1253, 13, 9.62%, 0, 1, 7, 21.37
1746585492, 0, 1151, 1306, 1254, 13, 9.62%, 0, 1, 7, 2.69
1746585498, 0, 1151, 1307, 1255, 13, 9.62%, 0, 1, 7, 2.50
1746585503, 0, 1151, 1308, 1256, 13, 9.62%, 0, 1, 7, 2.31
1746585518, 0, 1151, 1309, 1257, 13, 9.62%, 0, 1, 7, 2.75
1746585529, 0, 1151, 1310, 1258, 13, 9.62%, 0, 1, 7, 2.43
1746585637, 0, 1151, 1311, 1259, 13, 9.62%, 0, 1, 7, 3.29
1746585657, 0, 1159, 1311, 1258, 13, 9.62%, 0, 1, 7, 10.88
1746585683, 0, 1159, 1312, 1259, 13, 9.62%, 0, 1, 7, 4.26
1746585781, 0, 1159, 1313, 1260, 13, 9.62%, 0, 1, 7, 3.64
1746586269, 0, 1159, 1314, 1261, 13, 9.62%, 0, 1, 7, 3.55
1746586901, 0, 1159, 1315, 1262, 13, 9.62%, 0, 1, 7, 3.82
1746586953, 0, 1159, 1316, 1263, 13, 9.62%, 0, 1, 7, 3.10
1746586958, 0, 1159, 1317, 1264, 13, 9.62%, 0, 1, 7, 3.33
1746586963, 0, 1159, 1318, 1265, 13, 9.62%, 0, 1, 7, 3.37
1746586974, 0, 1159, 1319, 1266, 13, 9.62%, 0, 1, 7, 3.73
1746587056, 0, 1163, 1319, 1265, 13, 9.62%, 0, 1, 7, 11.29
1746587102, 0, 1163, 1320, 1266, 13, 9.62%, 0, 1, 7, 3.26
1746587118, 0, 1163, 1321, 1267, 13, 9.62%, 0, 1, 7, 2.60
1746587185, 0, 1163, 1322, 1268, 13, 9.62%, 0, 1, 7, 2.99
1746587196, 0, 1163, 1323, 1269, 13, 9.62%, 0, 1, 7, 2.77
1746587201, 0, 1163, 1324, 1270, 13, 9.62%, 0, 1, 7, 2.64
1746587273, 0, 1163, 1325, 1271, 13, 9.62%, 0, 1, 7, 2.75
1746587598, 0, 1163, 1326, 1272, 13, 9.62%, 0, 1, 7, 2.93
1746587609, 0, 1163, 1327, 1273, 13, 9.62%, 0, 1, 7, 2.68
1746587692, 0, 1163, 1328, 1274, 13, 9.62%, 0, 1, 7, 2.91
1746587697, 0, 1163, 1329, 1275, 13, 9.62%, 0, 1, 7, 2.80
1746587702, 0, 1163, 1330, 1276, 13, 9.62%, 0, 1, 7, 2.73
1746587708, 0, 1163, 1331, 1277, 13, 9.62%, 0, 1, 7, 2.68
1746587728, 0, 1163, 1332, 1278, 13, 9.62%, 0, 1, 7, 2.63
1746587820, 0, 1163, 1333, 1279, 13, 9.62%, 0, 1, 7, 3.05
1746588439, 0, 1163, 1334, 1280, 13, 9.62%, 0, 1, 7, 2.69
1746588459, 0, 1163, 1335, 1281, 13, 9.62%, 0, 1, 7, 2.47
1746588470, 0, 1163, 1336, 1282, 13, 9.62%, 0, 1, 7, 2.86
1746588568, 0, 1163, 1337, 1283, 13, 9.62%, 0, 1, 7, 3.17
1746588604, 0, 1179, 1337, 1282, 13, 9.62%, 0, 1, 7, 10.25
1746589714, 0, 1212, 1337, 1281, 12, 9.62%, 0, 1, 7, 10.79
1746590162, 0, 1212, 1338, 1282, 12, 9.62%, 0, 1, 7, 3.41
1746590198, 0, 1212, 1339, 1283, 12, 9.62%, 0, 1, 7, 3.66
1746590214, 0, 1212, 1340, 1284, 12, 9.62%, 0, 1, 7, 3.65
1746590841, 0, 1216, 1340, 1283, 12, 9.62%, 0, 1, 7, 2.08
1746590852, 0, 1216, 1341, 1284, 12, 9.62%, 0, 1, 7, 2.09
1746590867, 0, 1216, 1342, 1285, 12, 9.62%, 0, 1, 7, 4.34
1746590908, 0, 1216, 1343, 1286, 12, 9.63%, 0, 1, 7, 2.75
1746590913, 0, 1216, 1344, 1287, 12, 9.63%, 0, 1, 7, 2.48
1746590918, 0, 1216, 1345, 1288, 12, 9.63%, 0, 1, 7, 2.66
1746590924, 0, 1216, 1346, 1289, 12, 9.63%, 0, 1, 7, 2.40
1746590934, 0, 1216, 1347, 1290, 12, 9.63%, 0, 1, 7, 2.27
1746590939, 0, 1216, 1348, 1291, 12, 9.63%, 0, 1, 7, 2.14
1746590966, 0, 1216, 1349, 1292, 12, 9.63%, 0, 1, 7, 2.21
1746590971, 0, 1216, 1350, 1293, 12, 9.63%, 0, 1, 7, 2.14
1746590976, 0, 1216, 1351, 1294, 12, 9.63%, 0, 1, 7, 2.06
1746590997, 0, 1216, 1352, 1295, 12, 9.63%, 0, 1, 7, 1.99
1746591013, 0, 1216, 1353, 1296, 12, 9.90%, 0, 1, 7, 1.96
1746591081, 0, 1216, 1354, 1297, 12, 9.90%, 0, 1, 7, 3.31
1746591107, 0, 1216, 1355, 1298, 12, 9.90%, 0, 1, 7, 2.98
1746591174, 0, 1216, 1356, 1299, 12, 9.90%, 0, 1, 7, 1.99
1746591190, 0, 1216, 1357, 1300, 12, 9.90%, 0, 1, 7, 1.99
1746591206, 0, 1216, 1358, 1301, 12, 9.92%, 0, 1, 7, 1.82
1746591279, 0, 1216, 1359, 1302, 12, 9.92%, 0, 1, 7, 2.50
1746591284, 0, 1216, 1360, 1303, 12, 9.92%, 0, 1, 7, 2.29
1746591289, 0, 1216, 1361, 1304, 12, 9.92%, 0, 1, 7, 2.23
1746591316, 0, 1216, 1362, 1305, 12, 9.92%, 0, 1, 7, 2.18
1746591321, 0, 1216, 1363, 1306, 12, 9.92%, 0, 1, 7, 1.91
1746591348, 0, 1216, 1364, 1307, 12, 9.92%, 0, 1, 7, 1.81
1746591379, 0, 1216, 1365, 1308, 12, 9.92%, 0, 1, 7, 1.78
1746591385, 0, 1216, 1366, 1309, 12, 9.92%, 0, 1, 7, 1.82
1746591395, 0, 1216, 1367, 1310, 12, 9.92%, 0, 1, 7, 1.62
1746591401, 0, 1216, 1368, 1311, 12, 9.92%, 0, 1, 7, 1.73
1746591448, 0, 1216, 1369, 1312, 12, 9.92%, 0, 1, 7, 7.53
1746591458, 0, 1216, 1370, 1313, 12, 9.92%, 0, 1, 7, 3.54
1746591463, 0, 1216, 1371, 1314, 12, 9.92%, 0, 1, 7, 2.72
1746591469, 0, 1216, 1372, 1315, 12, 9.95%, 0, 1, 7, 2.23
1746591479, 0, 1216, 1373, 1316, 12, 9.95%, 0, 1, 7, 1.88
1746591495, 0, 1216, 1374, 1317, 12, 9.95%, 0, 1, 7, 4.59
1746591506, 0, 1216, 1375, 1318, 12, 9.95%, 0, 1, 7, 2.62
1746591511, 0, 1216, 1376, 1319, 12, 9.95%, 0, 1, 7, 2.21
1746591516, 0, 1216, 1377, 1320, 12, 9.95%, 0, 1, 7, 1.98
1746591825, 0, 1216, 1378, 1321, 12, 9.95%, 0, 1, 7, 2.95
1746591836, 0, 1216, 1379, 1322, 12, 9.95%, 0, 1, 7, 2.31
1746591841, 0, 1216, 1380, 1323, 12, 9.95%, 0, 1, 7, 2.31
1746591862, 0, 1216, 1381, 1324, 12, 9.95%, 0, 1, 7, 2.16
1746591883, 0, 1216, 1382, 1325, 12, 9.95%, 0, 1, 7, 2.32
1746591899, 0, 1216, 1383, 1326, 12, 9.95%, 0, 1, 7, 2.31
1746592249, 0, 1216, 1384, 1327, 12, 9.95%, 0, 1, 7, 1.75
1746592254, 0, 1216, 1385, 1328, 12, 9.95%, 0, 1, 7, 1.67
1746592260, 0, 1216, 1386, 1329, 12, 9.95%, 0, 1, 7, 1.61
1746592270, 0, 1216, 1387, 1330, 12, 9.95%, 0, 1, 7, 1.60
1746592280, 0, 1216, 1388, 1331, 12, 9.95%, 0, 1, 7, 1.70
1746592393, 0, 1216, 1389, 1332, 12, 9.95%, 0, 1, 7, 1.87
1746592403, 0, 1216, 1390, 1333, 12, 9.95%, 0, 1, 7, 1.63
1746592409, 0, 1216, 1391, 1334, 12, 9.95%, 0, 1, 7, 1.58
1746592441, 0, 1216, 1392, 1335, 12, 9.95%, 0, 1, 7, 1.74
1746592479, 0, 1216, 1393, 1336, 12, 9.95%, 0, 1, 7, 1.71
1746592719, 0, 1216, 1394, 1337, 12, 10.02%, 0, 1, 7, 2.60
1746592899, 0, 1216, 1395, 1338, 12, 10.02%, 0, 1, 7, 1.99
1746592925, 0, 1216, 1396, 1339, 12, 10.02%, 0, 1, 7, 1.94
1746593075, 0, 1216, 1397, 1340, 12, 10.02%, 0, 1, 7, 2.79
1746593080, 0, 1216, 1398, 1341, 12, 10.02%, 0, 1, 7, 2.77
1746593096, 0, 1216, 1399, 1342, 12, 10.02%, 0, 1, 7, 2.55
1746593112, 0, 1216, 1400, 1343, 12, 10.02%, 0, 1, 7, 2.67
1746593133, 0, 1216, 1401, 1344, 12, 10.02%, 0, 1, 7, 2.12
1746593143, 0, 1216, 1402, 1345, 12, 10.02%, 0, 1, 7, 2.13
1746593154, 0, 1216, 1403, 1346, 12, 10.02%, 0, 1, 7, 1.98
1746593232, 0, 1216, 1404, 1347, 12, 10.02%, 0, 1, 7, 2.22
1746593368, 0, 1216, 1405, 1348, 12, 10.02%, 0, 1, 7, 1.83
1746593389, 0, 1216, 1406, 1349, 12, 10.02%, 0, 1, 7, 1.77
1746593400, 0, 1216, 1407, 1350, 12, 10.02%, 0, 1, 7, 1.77
1746593437, 0, 1216, 1408, 1351, 12, 10.02%, 0, 1, 7, 1.73
1746593452, 0, 1216, 1409, 1352, 12, 10.02%, 0, 1, 7, 1.85
1746593463, 0, 1216, 1410, 1353, 12, 10.02%, 0, 1, 7, 1.80
1746593737, 0, 1216, 1411, 1354, 12, 10.02%, 0, 1, 7, 2.94
1746593748, 0, 1216, 1412, 1355, 12, 10.02%, 0, 1, 7, 2.43
1746593753, 0, 1216, 1413, 1356, 12, 10.02%, 0, 1, 7, 2.18
1746593789, 0, 1216, 1414, 1357, 12, 10.02%, 0, 1, 7, 2.56
1746593800, 0, 1216, 1415, 1358, 12, 10.02%, 0, 1, 7, 2.12
1746593941, 0, 1216, 1416, 1359, 12, 10.15%, 0, 1, 7, 2.20
1746593957, 0, 1216, 1417, 1360, 12, 10.16%, 0, 1, 7, 2.29
1746593968, 0, 1216, 1418, 1361, 12, 10.16%, 0, 1, 7, 2.05
1746593994, 0, 1216, 1419, 1362, 12, 10.16%, 0, 1, 7, 1.80
1746594020, 0, 1216, 1420, 1363, 12, 10.16%, 0, 1, 7, 1.92
1746594030, 0, 1216, 1421, 1364, 12, 10.16%, 0, 1, 7, 1.78
1746594036, 0, 1216, 1422, 1365, 12, 10.16%, 0, 1, 7, 1.74
1746594041, 0, 1216, 1423, 1366, 12, 10.16%, 0, 1, 7, 1.67
1746594067, 0, 1216, 1424, 1367, 12, 10.16%, 0, 1, 7, 1.81
1746594094, 0, 1216, 1425, 1368, 12, 10.16%, 0, 1, 7, 1.77
1746594099, 0, 1216, 1426, 1369, 12, 10.16%, 0, 1, 7, 1.79
1746594115, 0, 1216, 1427, 1370, 12, 10.26%, 0, 1, 7, 1.87
1746594136, 0, 1216, 1428, 1371, 12, 10.26%, 0, 1, 7, 1.78
1746594147, 0, 1216, 1429, 1372, 12, 10.26%, 0, 1, 7, 1.89
1746594178, 0, 1216, 1430, 1373, 12, 10.26%, 0, 1, 7, 1.88
1746594188, 0, 1216, 1431, 1374, 12, 10.26%, 0, 1, 7, 1.92
1746594199, 0, 1216, 1432, 1375, 12, 10.26%, 0, 1, 7, 1.72
1746594214, 0, 1216, 1433, 1376, 12, 10.26%, 0, 1, 7, 1.83
1746594251, 0, 1216, 1434, 1377, 12, 10.26%, 0, 1, 7, 1.74
1746594330, 0, 1216, 1435, 1378, 12, 10.26%, 0, 1, 7, 1.92
1746594520, 0, 1216, 1436, 1379, 12, 10.26%, 0, 1, 7, 2.05
1746594551, 0, 1218, 1436, 1378, 17, 10.26%, 0, 1, 7, 8.67
1746594612, 0, 1218, 1437, 1379, 17, 10.26%, 0, 1, 7, 3.87
1746595384, 0, 1218, 1438, 1380, 17, 10.26%, 0, 1, 7, 12.77
1746595425, 0, 1272, 1438, 1379, 16, 10.26%, 0, 1, 7, 10.58
1746596344, 0, 1272, 1439, 1380, 16, 10.26%, 0, 1, 8, 3.35
1746596812, 0, 1297, 1439, 1379, 15, 10.26%, 0, 1, 8, 10.72
1746596921, 0, 1297, 1440, 1380, 15, 10.26%, 0, 1, 8, 3.74
1746596947, 0, 1297, 1441, 1381, 15, 10.26%, 0, 1, 8, 3.06
1746597035, 0, 1297, 1442, 1382, 15, 10.26%, 0, 1, 8, 4.53
1746597349, 0, 1297, 1443, 1383, 15, 10.26%, 0, 1, 8, 3.14
1746598100, 0, 1297, 1444, 1384, 15, 10.26%, 0, 1, 8, 2.78
1746598243, 0, 1313, 1444, 1383, 14, 10.26%, 0, 1, 8, 10.19
1746598305, 0, 1313, 1445, 1384, 14, 10.26%, 0, 1, 8, 3.44
1746598841, 0, 1313, 1446, 1385, 14, 10.26%, 0, 1, 8, 3.63
1746599672, 0, 1335, 1446, 1384, 13, 10.26%, 0, 1, 8, 9.54
1746599816, 0, 1335, 1447, 1385, 13, 10.26%, 0, 1, 8, 2.55
1746599889, 0, 1335, 1448, 1386, 13, 10.26%, 0, 1, 8, 2.58
1746599920, 0, 1335, 1449, 1387, 13, 10.26%, 0, 1, 8, 3.23
1746600878, 0, 1335, 1450, 1388, 13, 10.26%, 0, 1, 8, 3.61
1746601162, 0, 1335, 1451, 1389, 13, 10.26%, 0, 1, 8, 2.87
1746601172, 0, 1335, 1452, 1390, 13, 10.26%, 0, 1, 8, 2.22
1746601183, 0, 1335, 1453, 1391, 13, 10.26%, 0, 1, 8, 2.17
1746601224, 0, 1335, 1454, 1392, 13, 10.26%, 0, 1, 8, 2.85
1746601302, 0, 1335, 1455, 1393, 13, 10.26%, 0, 1, 8, 2.93
1746601333, 0, 1338, 1455, 1392, 13, 10.26%, 0, 1, 8, 11.39
