# unix_time, cycles_done, cur_path, paths_total, pending_total, pending_favs, map_size, unique_crashes, unique_hangs, max_depth, execs_per_sec
1746558726, 0, 0, 1, 1, 1, 4.67%, 0, 0, 1, 83.33
1746558731, 0, 0, 54, 54, 1, 4.87%, 0, 0, 2, 91.01
1746558736, 0, 0, 101, 101, 1, 5.46%, 0, 0, 2, 89.35
1746558742, 0, 0, 134, 134, 1, 5.54%, 0, 0, 2, 84.46
1746558747, 0, 0, 164, 164, 1, 5.54%, 0, 0, 2, 83.69
1746558752, 0, 0, 192, 192, 1, 5.54%, 0, 0, 2, 83.00
1746558757, 0, 0, 211, 211, 1, 5.54%, 0, 0, 2, 85.90
1746558762, 0, 0, 225, 225, 1, 5.54%, 0, 0, 2, 81.88
1746558767, 0, 0, 237, 237, 1, 5.54%, 0, 0, 2, 84.47
1746558772, 0, 0, 246, 246, 1, 5.56%, 0, 0, 2, 77.98
1746558778, 0, 0, 253, 253, 1, 5.57%, 0, 0, 2, 80.04
1746558783, 0, 0, 262, 262, 1, 5.57%, 0, 0, 2, 82.35
1746558788, 0, 0, 265, 265, 1, 5.57%, 0, 0, 2, 72.70
1746558793, 0, 0, 270, 270, 1, 5.57%, 0, 0, 2, 71.85
1746558798, 0, 0, 274, 274, 1, 5.57%, 0, 0, 2, 74.62
1746558803, 0, 0, 279, 279, 1, 6.16%, 0, 0, 2, 71.89
1746558809, 0, 0, 283, 283, 1, 6.16%, 0, 0, 2, 71.91
1746558814, 0, 0, 286, 286, 1, 6.16%, 0, 0, 2, 74.82
1746558819, 0, 0, 287, 287, 1, 6.16%, 0, 0, 2, 74.57
1746558824, 0, 0, 291, 291, 1, 6.16%, 0, 0, 2, 74.27
1746558829, 0, 0, 294, 294, 1, 6.16%, 0, 0, 2, 72.14
1746558834, 0, 0, 297, 297, 1, 6.16%, 0, 0, 2, 73.68
1746558840, 0, 0, 301, 301, 1, 6.16%, 0, 0, 2, 72.51
1746558845, 0, 0, 308, 308, 1, 6.17%, 0, 0, 2, 69.25
1746558850, 0, 0, 314, 314, 1, 6.17%, 0, 0, 2, 71.89
1746558855, 0, 0, 318, 318, 1, 6.17%, 0, 0, 2, 71.66
1746558860, 0, 0, 320, 320, 1, 6.17%, 0, 0, 2, 72.31
1746558866, 0, 0, 325, 325, 1, 6.17%, 0, 0, 2, 73.00
1746558871, 0, 0, 327, 327, 1, 6.17%, 0, 0, 2, 74.27
1746558881, 0, 0, 332, 332, 1, 6.17%, 0, 0, 2, 72.14
1746558886, 0, 0, 335, 335, 1, 6.17%, 0, 0, 2, 70.34
1746558891, 0, 0, 337, 337, 1, 6.17%, 0, 0, 2, 72.51
1746558897, 0, 0, 340, 340, 1, 6.17%, 0, 0, 2, 72.90
1746558902, 0, 0, 342, 342, 1, 6.17%, 0, 0, 2, 75.15
1746558907, 0, 0, 345, 345, 1, 6.17%, 0, 0, 2, 72.86
1746558912, 0, 0, 348, 348, 1, 6.17%, 0, 0, 2, 73.87
1746558917, 0, 0, 350, 350, 1, 6.17%, 0, 0, 2, 72.96
1746558922, 0, 0, 352, 352, 1, 6.17%, 0, 0, 2, 73.26
1746558928, 0, 0, 354, 354, 1, 6.17%, 0, 0, 2, 73.15
1746558933, 0, 0, 357, 357, 1, 6.17%, 0, 0, 2, 74.35
1746558948, 0, 0, 358, 358, 1, 6.17%, 0, 0, 2, 72.76
1746558953, 0, 0, 360, 360, 1, 6.17%, 0, 0, 2, 71.46
1746558959, 0, 0, 362, 362, 1, 6.17%, 0, 0, 2, 72.26
1746558969, 0, 0, 363, 363, 1, 6.17%, 0, 0, 2, 73.47
1746558974, 0, 0, 364, 364, 1, 6.17%, 0, 0, 2, 75.12
1746558979, 0, 0, 367, 367, 1, 6.17%, 0, 0, 2, 73.71
1746558984, 0, 19, 368, 367, 7, 6.17%, 0, 0, 2, 73.40
1746558990, 0, 19, 370, 369, 7, 6.17%, 0, 0, 3, 69.98
1746558995, 0, 19, 371, 370, 7, 6.17%, 0, 0, 3, 69.21
1746559000, 0, 19, 373, 372, 7, 6.17%, 0, 0, 3, 71.90
1746559005, 0, 19, 375, 374, 7, 6.17%, 0, 0, 3, 70.65
1746559010, 0, 19, 376, 375, 7, 6.17%, 0, 0, 3, 72.36
1746559015, 0, 19, 378, 377, 7, 6.17%, 0, 0, 3, 71.49
1746559020, 0, 19, 380, 379, 7, 6.17%, 0, 0, 3, 73.64
1746559026, 0, 19, 384, 383, 7, 6.17%, 0, 0, 3, 69.86
1746559031, 0, 19, 385, 384, 7, 6.17%, 0, 0, 3, 71.64
1746559041, 0, 19, 387, 386, 7, 6.17%, 0, 0, 3, 73.37
1746559051, 0, 19, 392, 391, 7, 6.17%, 0, 0, 3, 68.90
1746559057, 0, 19, 395, 394, 7, 6.17%, 0, 0, 3, 69.17
1746559067, 0, 19, 396, 395, 7, 6.17%, 0, 0, 3, 70.62
1746559072, 0, 19, 397, 396, 7, 6.17%, 0, 0, 3, 72.08
1746559077, 0, 19, 398, 397, 7, 6.17%, 0, 0, 3, 71.64
1746559083, 0, 19, 399, 398, 7, 6.17%, 0, 0, 3, 70.43
1746559093, 0, 19, 400, 399, 7, 6.17%, 0, 0, 3, 72.77
1746559098, 0, 19, 401, 400, 7, 6.17%, 0, 0, 3, 72.60
1746559103, 0, 19, 403, 402, 7, 6.17%, 0, 0, 3, 74.27
1746559113, 0, 19, 405, 404, 7, 6.17%, 0, 0, 3, 72.26
1746559119, 0, 19, 406, 405, 7, 6.17%, 0, 0, 3, 72.79
1746559124, 0, 19, 407, 406, 7, 6.17%, 0, 0, 3, 72.89
1746559129, 0, 19, 408, 407, 7, 6.17%, 0, 0, 3, 74.57
1746559139, 0, 19, 409, 408, 7, 6.17%, 0, 0, 3, 72.52
1746559165, 0, 19, 410, 409, 7, 6.17%, 0, 0, 3, 72.90
1746559175, 0, 19, 412, 411, 7, 6.17%, 0, 0, 3, 70.76
1746559180, 0, 19, 413, 412, 7, 6.17%, 0, 0, 3, 71.81
1746559186, 0, 19, 414, 413, 7, 6.17%, 0, 0, 3, 73.13
1746559191, 0, 19, 415, 414, 7, 6.17%, 0, 0, 3, 72.35
1746559196, 0, 19, 416, 415, 7, 6.19%, 0, 0, 3, 68.79
1746559201, 0, 19, 417, 416, 7, 6.19%, 0, 0, 3, 73.13
1746559211, 0, 19, 418, 417, 7, 6.19%, 0, 0, 3, 72.06
1746559217, 0, 42, 418, 416, 7, 6.19%, 0, 0, 3, 73.37
1746559227, 0, 42, 421, 419, 7, 6.34%, 0, 0, 3, 70.26
1746559242, 0, 42, 424, 422, 7, 6.34%, 0, 0, 3, 74.64
1746559248, 0, 42, 425, 423, 7, 6.34%, 0, 0, 3, 75.29
1746559258, 0, 42, 427, 425, 7, 6.34%, 0, 0, 3, 73.47
1746559263, 0, 42, 428, 426, 7, 6.34%, 0, 0, 3, 72.39
1746559284, 0, 42, 430, 428, 7, 6.34%, 0, 0, 3, 74.75
1746559289, 0, 42, 431, 429, 7, 6.34%, 0, 0, 3, 73.48
1746559299, 0, 42, 433, 431, 7, 6.34%, 0, 0, 3, 74.62
1746559310, 0, 42, 435, 433, 7, 6.34%, 0, 0, 3, 72.56
1746559320, 0, 42, 437, 435, 7, 6.34%, 0, 0, 3, 76.26
1746559325, 0, 42, 438, 436, 7, 6.34%, 0, 0, 3, 75.68
1746559330, 0, 42, 439, 437, 7, 6.34%, 0, 0, 3, 75.11
1746559336, 0, 42, 440, 438, 7, 6.34%, 0, 0, 3, 73.81
1746559341, 0, 42, 442, 440, 7, 6.34%, 0, 0, 3, 74.77
1746559346, 0, 42, 444, 442, 7, 6.34%, 0, 0, 3, 75.63
1746559382, 0, 42, 445, 443, 7, 6.34%, 0, 0, 3, 73.47
1746559392, 0, 42, 446, 444, 7, 6.34%, 0, 0, 3, 75.28
1746559403, 0, 42, 447, 445, 7, 6.34%, 0, 0, 3, 76.14
1746559418, 0, 42, 449, 447, 7, 6.34%, 0, 0, 3, 75.25
1746559423, 0, 42, 450, 448, 7, 6.34%, 0, 0, 3, 74.79
1746559429, 0, 42, 453, 451, 7, 6.34%, 0, 0, 3, 72.14
1746559434, 0, 42, 454, 452, 7, 6.34%, 0, 0, 3, 72.97
1746559444, 0, 77, 454, 451, 7, 6.34%, 0, 0, 3, 79.74
1746559449, 0, 77, 455, 452, 7, 6.34%, 0, 0, 3, 78.93
1746559454, 0, 77, 456, 453, 7, 6.34%, 0, 0, 3, 81.08
1746559460, 0, 77, 457, 454, 7, 6.34%, 0, 0, 3, 76.71
1746559485, 0, 77, 458, 455, 7, 6.34%, 0, 0, 3, 75.55
1746559490, 0, 77, 459, 456, 7, 6.34%, 0, 0, 3, 77.89
1746559501, 0, 77, 462, 459, 7, 6.34%, 0, 0, 3, 78.62
1746559516, 0, 77, 463, 460, 7, 6.34%, 0, 0, 3, 80.82
1746559522, 0, 77, 464, 461, 7, 6.34%, 0, 0, 3, 81.06
1746559527, 0, 77, 466, 463, 7, 6.34%, 0, 0, 3, 80.49
1746559537, 0, 77, 467, 464, 7, 6.34%, 0, 0, 3, 78.52
1746559547, 0, 77, 468, 465, 7, 6.34%, 0, 0, 3, 78.99
1746559552, 0, 77, 469, 466, 7, 6.34%, 0, 0, 3, 76.24
1746559557, 0, 77, 471, 468, 7, 6.34%, 0, 0, 3, 72.37
1746559563, 0, 77, 472, 469, 7, 6.34%, 0, 0, 3, 77.04
1746559568, 0, 77, 473, 470, 7, 6.34%, 0, 0, 3, 80.62
1746559573, 0, 77, 474, 471, 7, 6.34%, 0, 0, 3, 79.48
1746559594, 0, 77, 475, 472, 7, 6.34%, 0, 0, 3, 79.69
1746559599, 0, 276, 475, 471, 6, 6.34%, 0, 0, 3, 75.18
1746559604, 0, 276, 478, 474, 6, 6.34%, 0, 0, 3, 54.92
1746559609, 0, 276, 479, 475, 6, 6.34%, 0, 0, 3, 45.20
1746559614, 0, 276, 482, 478, 6, 6.34%, 0, 0, 3, 48.87
1746559619, 0, 276, 488, 484, 6, 6.34%, 0, 0, 3, 54.13
1746559624, 0, 276, 489, 485, 6, 6.34%, 0, 0, 3, 56.69
1746559629, 0, 276, 491, 487, 6, 6.34%, 0, 0, 3, 59.63
1746559634, 0, 276, 493, 489, 6, 6.34%, 0, 0, 3, 60.31
1746559639, 0, 276, 494, 490, 6, 6.34%, 0, 0, 3, 57.83
1746559644, 0, 276, 499, 495, 6, 6.34%, 0, 0, 3, 52.61
1746559650, 0, 276, 503, 499, 6, 6.34%, 0, 0, 3, 56.50
1746559655, 0, 276, 508, 504, 6, 6.34%, 0, 0, 3, 55.47
1746559660, 0, 276, 509, 505, 6, 6.34%, 0, 0, 3, 59.21
1746559665, 0, 276, 513, 509, 6, 6.34%, 0, 0, 3, 53.34
1746559670, 0, 276, 515, 511, 6, 6.34%, 0, 0, 3, 58.88
1746559675, 0, 276, 516, 512, 6, 6.34%, 0, 0, 3, 59.04
1746559680, 0, 276, 518, 514, 6, 6.34%, 0, 0, 3, 60.06
1746559685, 0, 276, 521, 517, 6, 6.62%, 0, 0, 3, 56.47
1746559690, 0, 276, 522, 518, 6, 6.62%, 0, 0, 3, 56.01
1746559700, 0, 276, 526, 522, 6, 6.62%, 0, 0, 3, 55.85
1746559710, 0, 276, 529, 525, 6, 6.62%, 0, 0, 3, 56.71
1746559715, 0, 276, 530, 526, 6, 6.62%, 0, 0, 3, 57.60
1746559726, 0, 276, 531, 527, 6, 6.62%, 0, 0, 3, 58.93
1746559736, 0, 276, 532, 528, 6, 6.62%, 0, 0, 3, 58.61
1746559746, 0, 276, 535, 531, 6, 6.62%, 0, 0, 3, 55.77
1746559751, 0, 276, 538, 534, 6, 6.62%, 0, 0, 3, 54.96
1746559756, 0, 276, 540, 536, 6, 6.62%, 0, 0, 3, 53.21
1746559761, 0, 276, 542, 538, 6, 6.62%, 0, 0, 3, 58.16
1746559766, 0, 276, 545, 541, 6, 6.62%, 0, 0, 3, 54.85
1746559771, 0, 276, 546, 542, 6, 6.62%, 0, 0, 3, 59.13
1746559782, 0, 276, 547, 543, 6, 6.62%, 0, 0, 3, 61.06
1746559787, 0, 276, 548, 544, 6, 6.62%, 0, 0, 3, 61.17
1746559797, 0, 276, 549, 545, 6, 6.62%, 0, 0, 3, 56.87
1746559802, 0, 276, 550, 546, 6, 6.62%, 0, 0, 3, 58.39
1746559812, 0, 276, 551, 547, 6, 6.62%, 0, 0, 3, 60.54
1746559822, 0, 276, 552, 548, 6, 6.62%, 0, 0, 3, 57.16
1746559833, 0, 276, 554, 550, 6, 6.62%, 0, 0, 3, 57.33
1746559843, 0, 284, 560, 555, 9, 6.66%, 0, 0, 3, 42.85
1746559848, 0, 284, 565, 560, 9, 6.67%, 0, 0, 3, 41.01
1746559853, 0, 284, 568, 563, 9, 6.67%, 0, 0, 3, 44.81
1746559858, 0, 284, 571, 566, 9, 6.67%, 0, 0, 3, 43.31
1746559863, 0, 284, 577, 572, 9, 6.67%, 0, 0, 3, 38.29
1746559868, 0, 284, 582, 577, 9, 6.67%, 0, 0, 3, 33.30
1746559884, 0, 284, 584, 579, 9, 6.72%, 0, 0, 3, 44.34
1746559889, 0, 284, 588, 583, 9, 6.72%, 0, 0, 3, 37.26
1746559894, 0, 284, 590, 585, 9, 6.72%, 0, 0, 3, 47.47
1746559904, 0, 284, 591, 586, 9, 6.72%, 0, 0, 3, 47.08
1746559909, 0, 284, 592, 587, 9, 6.72%, 0, 0, 3, 55.67
1746559919, 0, 358, 594, 588, 10, 6.72%, 0, 0, 3, 50.21
1746559924, 0, 358, 595, 589, 10, 6.72%, 0, 0, 3, 46.02
1746559929, 0, 358, 596, 590, 10, 6.72%, 0, 0, 3, 53.29
1746559934, 0, 358, 598, 592, 10, 6.72%, 0, 0, 3, 45.23
1746559939, 0, 358, 599, 593, 10, 6.72%, 0, 0, 3, 43.00
1746559965, 0, 358, 600, 594, 10, 6.72%, 0, 0, 3, 49.16
1746559980, 0, 358, 602, 596, 10, 6.72%, 0, 0, 3, 49.03
1746559985, 0, 358, 603, 597, 10, 6.72%, 0, 0, 3, 56.04
1746559990, 0, 358, 604, 598, 10, 6.72%, 0, 0, 3, 57.42
1746560001, 0, 358, 605, 599, 10, 6.72%, 0, 0, 3, 58.44
1746560011, 0, 358, 607, 601, 10, 6.72%, 0, 0, 3, 53.53
1746560016, 0, 358, 608, 602, 10, 6.72%, 0, 0, 3, 55.98
1746560027, 0, 358, 610, 604, 10, 6.72%, 0, 0, 3, 55.17
1746560037, 0, 358, 612, 606, 10, 6.72%, 0, 0, 3, 57.74
1746560042, 0, 358, 613, 607, 10, 6.72%, 0, 0, 3, 54.94
1746560047, 0, 358, 614, 608, 10, 6.72%, 0, 0, 3, 57.49
1746560052, 0, 358, 616, 610, 10, 6.72%, 0, 0, 3, 54.25
1746560067, 0, 358, 617, 611, 10, 6.72%, 0, 0, 3, 57.85
1746560082, 0, 358, 618, 612, 10, 6.72%, 0, 0, 3, 57.19
1746560088, 0, 358, 619, 613, 10, 6.72%, 0, 0, 3, 57.75
1746560098, 0, 358, 620, 614, 10, 6.72%, 0, 0, 3, 58.70
1746560108, 0, 358, 622, 616, 10, 6.72%, 0, 0, 3, 54.99
1746560113, 0, 358, 623, 617, 10, 6.72%, 0, 0, 3, 55.02
1746560118, 0, 358, 624, 618, 10, 6.72%, 0, 0, 3, 57.66
1746560133, 0, 358, 626, 620, 10, 6.72%, 0, 0, 3, 54.51
1746560149, 0, 358, 627, 621, 10, 6.72%, 0, 0, 3, 57.13
1746560174, 0, 358, 628, 622, 10, 6.72%, 0, 0, 3, 55.55
1746560194, 0, 358, 629, 623, 10, 6.72%, 0, 0, 3, 53.71
1746560199, 0, 358, 631, 625, 10, 7.46%, 0, 0, 3, 58.52
1746560209, 0, 358, 633, 627, 10, 7.46%, 0, 0, 3, 54.19
1746560215, 0, 358, 634, 628, 10, 7.46%, 0, 0, 3, 56.96
1746560230, 0, 358, 635, 629, 10, 7.46%, 0, 0, 3, 50.88
1746560261, 0, 358, 636, 630, 10, 7.46%, 0, 0, 3, 59.72
1746560266, 0, 358, 637, 631, 10, 7.46%, 0, 0, 3, 59.03
1746560271, 0, 376, 637, 630, 8, 7.46%, 0, 0, 3, 57.39
1746560301, 0, 376, 639, 632, 8, 7.46%, 0, 0, 4, 55.78
1746560306, 0, 376, 640, 633, 8, 7.46%, 0, 0, 4, 58.59
1746560311, 0, 376, 641, 634, 8, 7.46%, 0, 0, 4, 60.54
1746560327, 0, 376, 642, 635, 8, 7.46%, 0, 0, 4, 58.13
1746560337, 0, 376, 644, 637, 8, 7.46%, 0, 0, 4, 57.71
1746560347, 0, 376, 645, 638, 8, 7.46%, 0, 0, 4, 58.21
1746560352, 0, 376, 647, 640, 8, 7.46%, 0, 0, 4, 52.38
1746560358, 0, 376, 648, 641, 8, 7.66%, 0, 0, 4, 51.98
1746560373, 0, 376, 650, 643, 8, 7.66%, 0, 0, 4, 55.29
1746560378, 0, 376, 651, 644, 8, 7.66%, 0, 0, 4, 58.10
1746560394, 0, 376, 652, 645, 8, 7.66%, 0, 0, 4, 58.13
1746560399, 0, 376, 653, 646, 8, 7.66%, 0, 0, 4, 57.18
1746560409, 0, 376, 654, 647, 8, 7.66%, 0, 0, 4, 61.65
1746560419, 0, 376, 655, 648, 8, 7.66%, 0, 0, 4, 57.05
1746560425, 0, 376, 657, 650, 8, 7.66%, 0, 0, 4, 56.50
1746560435, 0, 376, 658, 651, 8, 7.66%, 0, 0, 4, 59.88
1746560455, 0, 376, 659, 652, 8, 7.66%, 0, 0, 4, 58.37
1746560465, 0, 376, 660, 653, 8, 7.66%, 0, 0, 4, 59.70
1746560486, 0, 376, 662, 655, 8, 7.66%, 0, 0, 4, 58.11
1746560491, 0, 376, 663, 656, 8, 7.66%, 0, 0, 4, 52.08
1746560501, 0, 376, 664, 657, 8, 7.66%, 0, 0, 4, 58.75
1746560516, 0, 376, 665, 658, 8, 7.66%, 0, 0, 4, 59.17
1746560521, 0, 376, 666, 659, 8, 7.66%, 0, 0, 4, 58.81
1746560531, 0, 376, 667, 660, 8, 7.66%, 0, 0, 4, 59.05
1746560542, 0, 376, 669, 662, 8, 7.66%, 0, 0, 4, 59.87
1746560582, 0, 485, 669, 661, 9, 7.66%, 0, 0, 4, 58.00
1746560603, 0, 485, 670, 662, 9, 7.66%, 0, 0, 4, 56.89
1746560613, 0, 546, 670, 661, 9, 7.66%, 0, 0, 4, 61.39
1746560634, 0, 561, 674, 664, 9, 7.66%, 0, 0, 4, 47.14
1746560654, 0, 561, 675, 665, 9, 7.66%, 0, 0, 4, 43.70
1746560684, 0, 570, 676, 665, 8, 7.66%, 0, 0, 4, 48.54
1746560690, 0, 570, 677, 666, 8, 7.67%, 0, 0, 4, 43.16
1746560700, 0, 570, 678, 667, 8, 7.67%, 0, 0, 4, 40.24
1746560705, 0, 570, 680, 669, 8, 7.67%, 0, 0, 4, 37.75
1746560720, 0, 570, 686, 675, 8, 7.71%, 0, 0, 4, 38.86
1746560741, 0, 570, 689, 678, 8, 7.71%, 0, 0, 4, 48.29
1746560746, 0, 570, 691, 680, 8, 7.71%, 0, 0, 4, 55.30
1746560761, 0, 570, 692, 681, 8, 7.71%, 0, 0, 4, 58.00
1746560766, 0, 570, 693, 682, 8, 7.71%, 0, 0, 4, 56.65
1746560776, 0, 570, 694, 683, 8, 7.71%, 0, 0, 4, 53.85
1746560781, 0, 570, 695, 684, 8, 7.71%, 0, 0, 4, 53.05
1746560786, 0, 570, 696, 685, 8, 7.71%, 0, 0, 4, 56.08
1746560791, 0, 570, 697, 686, 8, 7.71%, 0, 0, 4, 54.73
1746560796, 0, 570, 698, 687, 8, 7.71%, 0, 0, 4, 53.36
1746560801, 0, 570, 700, 689, 8, 7.71%, 0, 0, 4, 57.69
1746560817, 0, 570, 702, 691, 8, 7.71%, 0, 0, 4, 53.35
1746560822, 0, 570, 703, 692, 8, 7.71%, 0, 0, 4, 57.06
1746560862, 0, 570, 704, 693, 8, 7.71%, 0, 0, 4, 55.14
1746560893, 0, 570, 706, 695, 8, 7.71%, 0, 0, 4, 54.49
1746560898, 0, 570, 708, 697, 8, 7.71%, 0, 0, 4, 55.84
1746560913, 0, 570, 709, 698, 8, 7.71%, 0, 0, 4, 56.37
1746560929, 0, 570, 710, 699, 8, 7.71%, 0, 0, 4, 56.59
1746560944, 0, 570, 711, 700, 8, 7.71%, 0, 0, 4, 57.87
1746560959, 0, 570, 712, 701, 8, 7.71%, 0, 0, 4, 57.26
1746560995, 0, 570, 713, 702, 8, 7.71%, 0, 0, 4, 59.84
1746561005, 0, 570, 714, 703, 8, 7.71%, 0, 0, 4, 60.39
1746561010, 0, 570, 715, 704, 8, 7.71%, 0, 0, 4, 57.55
1746561015, 0, 570, 716, 705, 8, 7.71%, 0, 0, 4, 57.19
1746561020, 0, 621, 721, 709, 8, 7.71%, 0, 0, 4, 48.83
1746561030, 0, 621, 722, 710, 8, 7.71%, 0, 0, 4, 43.05
1746561051, 0, 630, 723, 710, 7, 7.71%, 0, 0, 4, 48.03
1746561056, 0, 630, 726, 713, 7, 7.71%, 0, 0, 4, 28.04
1746561061, 0, 630, 731, 718, 7, 7.72%, 0, 0, 4, 14.90
1746561066, 0, 630, 736, 723, 7, 7.72%, 0, 0, 4, 11.71
1746561071, 0, 630, 742, 729, 7, 7.72%, 0, 0, 4, 10.60
1746561076, 0, 630, 747, 734, 7, 7.74%, 0, 0, 4, 9.83
1746561081, 0, 630, 752, 739, 7, 7.74%, 0, 0, 4, 10.08
1746561087, 0, 630, 758, 745, 7, 7.74%, 0, 0, 4, 10.06
1746561092, 0, 630, 762, 749, 7, 7.75%, 0, 0, 4, 9.93
1746561097, 0, 630, 767, 754, 7, 7.75%, 0, 0, 4, 9.72
1746561102, 0, 630, 771, 758, 7, 7.75%, 0, 0, 4, 9.65
1746561107, 0, 630, 775, 762, 7, 7.75%, 0, 0, 4, 9.49
1746561112, 0, 630, 778, 765, 7, 7.75%, 0, 0, 4, 9.69
1746561117, 0, 630, 779, 766, 7, 7.75%, 0, 0, 4, 23.53
1746561122, 0, 630, 783, 770, 7, 7.75%, 0, 0, 4, 14.93
1746561127, 0, 630, 787, 774, 7, 7.75%, 0, 0, 4, 11.18
1746561133, 0, 630, 792, 779, 7, 8.05%, 0, 0, 4, 10.19
1746561138, 0, 630, 796, 783, 7, 8.05%, 0, 0, 4, 9.85
1746561143, 0, 630, 798, 785, 7, 8.05%, 0, 0, 4, 9.62
1746561148, 0, 630, 803, 790, 7, 8.05%, 0, 0, 4, 9.05
1746561153, 0, 630, 807, 794, 7, 8.05%, 0, 0, 4, 9.78
1746561158, 0, 630, 808, 795, 7, 8.05%, 0, 0, 4, 48.23
1746561163, 0, 630, 810, 797, 7, 8.05%, 0, 0, 4, 22.44
1746561168, 0, 630, 814, 801, 7, 8.05%, 0, 0, 4, 12.60
1746561173, 0, 630, 817, 804, 7, 8.05%, 0, 0, 4, 10.61
1746561178, 0, 630, 821, 808, 7, 8.05%, 0, 0, 4, 9.66
1746561183, 0, 630, 824, 811, 7, 8.05%, 0, 0, 4, 9.14
1746561189, 0, 630, 828, 815, 7, 8.05%, 0, 0, 4, 9.35
1746561194, 0, 630, 829, 816, 7, 8.05%, 0, 0, 4, 38.55
1746561199, 0, 630, 833, 820, 7, 8.05%, 0, 0, 4, 16.50
1746561204, 0, 630, 837, 824, 7, 8.05%, 0, 0, 4, 11.60
1746561209, 0, 630, 839, 826, 7, 8.05%, 0, 0, 4, 11.35
1746561214, 0, 630, 843, 830, 7, 8.05%, 0, 0, 4, 8.83
1746561249, 0, 630, 844, 831, 7, 8.05%, 0, 0, 4, 16.08
1746561254, 0, 630, 845, 832, 7, 8.05%, 0, 0, 4, 14.48
1746561259, 0, 630, 847, 834, 7, 8.05%, 0, 0, 4, 12.99
1746561265, 0, 630, 848, 835, 7, 8.05%, 0, 0, 4, 10.88
1746561270, 0, 630, 849, 836, 7, 8.05%, 0, 0, 4, 10.10
1746561275, 0, 630, 851, 838, 7, 8.05%, 0, 0, 4, 10.13
1746561280, 0, 630, 853, 840, 7, 8.05%, 0, 0, 4, 9.61
1746561285, 0, 630, 855, 842, 7, 8.05%, 0, 0, 4, 9.14
1746561290, 0, 630, 859, 846, 7, 8.05%, 0, 0, 4, 9.56
1746561295, 0, 630, 861, 848, 7, 8.05%, 0, 0, 4, 9.89
1746561300, 0, 630, 862, 849, 7, 8.05%, 0, 0, 4, 10.13
1746561305, 0, 630, 863, 850, 7, 8.05%, 0, 0, 4, 9.91
1746561310, 0, 630, 864, 851, 7, 8.05%, 0, 0, 4, 9.83
1746561315, 0, 630, 866, 853, 7, 8.07%, 0, 0, 4, 10.14
1746561325, 0, 630, 868, 855, 7, 8.07%, 0, 0, 4, 9.22
1746561336, 0, 630, 869, 856, 7, 8.07%, 0, 0, 4, 9.10
1746561397, 0, 630, 871, 858, 7, 8.07%, 0, 0, 4, 9.58
1746561402, 0, 630, 872, 859, 7, 8.07%, 0, 0, 4, 9.72
1746561422, 0, 630, 874, 861, 7, 8.07%, 0, 0, 4, 8.40
1746561428, 0, 630, 875, 862, 7, 8.07%, 0, 0, 4, 8.23
1746561453, 0, 630, 876, 863, 7, 8.07%, 0, 0, 4, 8.36
1746561464, 0, 630, 877, 864, 7, 8.07%, 0, 0, 4, 17.84
1746561469, 0, 630, 881, 868, 7, 8.07%, 0, 0, 4, 11.45
1746561484, 0, 630, 882, 869, 7, 8.07%, 0, 0, 4, 21.34
1746561489, 0, 630, 883, 870, 7, 8.07%, 0, 0, 4, 17.86
1746561494, 0, 630, 886, 873, 7, 8.07%, 0, 0, 4, 12.63
1746561499, 0, 630, 891, 878, 7, 8.07%, 0, 0, 4, 10.46
1746561504, 0, 630, 894, 881, 7, 8.19%, 0, 0, 4, 10.07
1746561509, 0, 630, 896, 883, 7, 8.19%, 0, 0, 4, 9.83
1746561520, 0, 630, 898, 885, 7, 8.19%, 0, 0, 4, 9.27
1746561525, 0, 630, 899, 886, 7, 8.19%, 0, 0, 4, 9.04
1746561530, 0, 630, 902, 889, 7, 8.19%, 0, 0, 4, 8.69
1746561540, 0, 630, 904, 891, 7, 8.19%, 0, 0, 4, 9.68
1746561565, 0, 630, 905, 892, 7, 8.19%, 0, 0, 4, 19.30
1746561576, 0, 630, 907, 894, 7, 8.19%, 0, 0, 4, 14.64
1746561581, 0, 630, 908, 895, 7, 8.19%, 0, 0, 4, 11.16
1746561586, 0, 630, 912, 899, 7, 8.19%, 0, 0, 4, 9.49
1746561591, 0, 630, 915, 902, 7, 8.19%, 0, 0, 4, 8.80
1746561596, 0, 630, 918, 905, 7, 8.19%, 0, 0, 4, 9.20
1746561601, 0, 630, 919, 906, 7, 8.19%, 0, 0, 4, 9.14
1746561606, 0, 630, 920, 907, 7, 8.19%, 0, 0, 4, 8.91
1746561612, 0, 630, 924, 911, 7, 8.19%, 0, 0, 4, 8.56
1746561617, 0, 630, 926, 913, 7, 8.19%, 0, 0, 4, 8.61
1746561622, 0, 630, 928, 915, 7, 8.19%, 0, 0, 4, 8.31
1746561627, 0, 630, 929, 916, 7, 8.19%, 0, 0, 4, 8.64
1746561632, 0, 630, 931, 918, 7, 8.19%, 0, 0, 4, 8.52
1746561637, 0, 630, 932, 919, 7, 8.19%, 0, 0, 4, 9.13
1746561642, 0, 630, 934, 921, 7, 8.19%, 0, 0, 4, 8.74
1746561647, 0, 630, 937, 924, 7, 8.19%, 0, 0, 4, 9.57
1746561668, 0, 630, 938, 925, 7, 8.19%, 0, 0, 4, 20.19
1746561673, 0, 630, 941, 928, 7, 8.23%, 0, 0, 4, 20.05
1746561678, 0, 630, 942, 929, 7, 8.23%, 0, 0, 4, 35.33
1746561683, 0, 646, 945, 931, 15, 8.23%, 0, 0, 5, 25.36
1746561689, 0, 646, 947, 933, 15, 8.23%, 0, 0, 5, 22.80
1746561694, 0, 646, 948, 934, 15, 8.23%, 0, 0, 5, 23.05
1746561750, 0, 646, 950, 936, 15, 8.23%, 0, 0, 5, 33.78
1746561755, 0, 646, 951, 937, 15, 8.23%, 0, 0, 5, 36.05
1746561781, 0, 647, 951, 936, 15, 8.23%, 0, 0, 5, 38.75
1746561786, 0, 647, 953, 938, 15, 8.23%, 0, 0, 5, 21.85
1746561791, 0, 647, 957, 942, 15, 8.27%, 0, 0, 5, 14.92
1746561796, 0, 647, 961, 946, 15, 8.27%, 0, 0, 5, 12.68
1746561801, 0, 647, 964, 949, 15, 8.27%, 0, 0, 5, 11.79
1746561812, 0, 647, 966, 951, 15, 8.27%, 0, 0, 5, 16.08
1746561817, 0, 647, 968, 953, 15, 8.27%, 0, 0, 5, 12.72
1746561827, 0, 647, 972, 957, 15, 8.27%, 0, 0, 5, 15.92
1746561832, 0, 647, 973, 958, 15, 8.27%, 0, 0, 5, 15.59
1746561837, 0, 647, 975, 960, 15, 8.27%, 0, 0, 5, 12.93
1746561842, 0, 647, 978, 963, 15, 8.27%, 0, 0, 5, 11.19
1746561853, 0, 647, 980, 965, 15, 8.27%, 0, 0, 5, 12.23
1746561863, 0, 647, 981, 966, 15, 8.27%, 0, 0, 5, 35.90
1746561888, 0, 647, 983, 968, 15, 8.27%, 0, 0, 5, 14.43
1746561899, 0, 647, 984, 969, 15, 8.27%, 0, 0, 5, 14.69
1746561909, 0, 647, 986, 971, 15, 8.27%, 0, 0, 5, 14.06
1746561919, 0, 647, 987, 972, 15, 8.27%, 0, 0, 5, 12.15
1746561924, 0, 647, 989, 974, 15, 8.27%, 0, 0, 5, 11.81
1746561940, 0, 647, 990, 975, 15, 8.27%, 0, 0, 5, 11.19
1746561945, 0, 647, 991, 976, 15, 8.27%, 0, 0, 5, 11.10
1746561950, 0, 647, 993, 978, 15, 8.27%, 0, 0, 5, 10.90
1746561955, 0, 647, 995, 980, 15, 8.27%, 0, 0, 5, 11.18
1746561960, 0, 647, 996, 981, 15, 8.27%, 0, 0, 5, 11.29
1746561965, 0, 647, 997, 982, 15, 8.27%, 0, 0, 5, 11.40
1746561981, 0, 647, 998, 983, 15, 8.27%, 0, 0, 5, 11.72
1746561986, 0, 647, 999, 984, 15, 8.27%, 0, 0, 5, 15.80
1746561991, 0, 647, 1000, 985, 15, 8.27%, 0, 0, 5, 13.28
1746562006, 0, 647, 1001, 986, 15, 8.27%, 0, 0, 5, 19.18
1746562027, 0, 647, 1003, 988, 15, 8.28%, 0, 0, 5, 11.35
1746562032, 0, 647, 1005, 990, 15, 8.28%, 0, 0, 5, 11.15
1746562037, 0, 647, 1006, 991, 15, 8.28%, 0, 0, 5, 10.66
1746562088, 0, 647, 1007, 992, 15, 8.28%, 0, 0, 5, 13.48
1746562093, 0, 647, 1008, 993, 15, 8.28%, 0, 0, 5, 11.07
1746562098, 0, 647, 1009, 994, 15, 8.28%, 0, 0, 5, 11.21
1746562108, 0, 647, 1010, 995, 15, 8.28%, 0, 0, 5, 10.42
1746562113, 0, 647, 1011, 996, 15, 8.28%, 0, 0, 5, 9.90
1746562118, 0, 647, 1014, 999, 15, 8.28%, 0, 0, 5, 9.20
1746562124, 0, 647, 1016, 1001, 15, 8.28%, 0, 0, 5, 9.53
1746562129, 0, 647, 1019, 1004, 15, 8.28%, 0, 0, 5, 11.11
1746562144, 0, 647, 1020, 1005, 15, 8.28%, 0, 0, 5, 36.07
1746562160, 0, 647, 1021, 1006, 15, 8.28%, 0, 0, 5, 41.12
1746562165, 0, 647, 1022, 1007, 15, 8.28%, 0, 0, 5, 36.01
1746562170, 0, 647, 1023, 1008, 15, 8.28%, 0, 0, 5, 36.29
1746562175, 0, 647, 1025, 1010, 15, 8.35%, 0, 0, 5, 33.43
1746562180, 0, 647, 1025, 1010, 15, 8.35%, 0, 1, 5, 38.35
1746562190, 0, 647, 1026, 1011, 15, 8.80%, 0, 1, 5, 43.81
1746562196, 0, 647, 1028, 1013, 15, 8.80%, 0, 1, 5, 33.56
1746562211, 0, 647, 1030, 1015, 15, 8.80%, 0, 1, 5, 32.21
1746562216, 0, 647, 1031, 1016, 15, 8.84%, 0, 1, 5, 43.57
1746562221, 0, 647, 1032, 1017, 15, 8.84%, 0, 1, 5, 40.33
1746562231, 0, 647, 1033, 1018, 15, 8.84%, 0, 1, 5, 37.90
1746562241, 0, 647, 1035, 1020, 15, 9.10%, 0, 1, 5, 24.65
1746562246, 0, 647, 1036, 1021, 15, 9.10%, 0, 1, 5, 39.25
1746562252, 0, 647, 1038, 1023, 15, 9.10%, 0, 1, 5, 36.35
1746562257, 0, 647, 1041, 1026, 15, 9.10%, 0, 1, 5, 33.17
1746562262, 0, 647, 1042, 1027, 15, 9.10%, 0, 1, 5, 53.74
1746562282, 0, 647, 1043, 1028, 15, 9.11%, 0, 1, 5, 54.72
1746562303, 0, 647, 1044, 1029, 15, 9.11%, 0, 1, 5, 39.48
1746562308, 0, 647, 1045, 1030, 15, 9.11%, 0, 1, 5, 34.68
1746562313, 0, 647, 1046, 1031, 15, 9.11%, 0, 1, 5, 38.26
1746562318, 0, 647, 1047, 1032, 15, 9.11%, 0, 1, 5, 37.50
1746562323, 0, 647, 1048, 1033, 15, 9.13%, 0, 1, 5, 6.13
1746562333, 0, 647, 1049, 1034, 15, 9.13%, 0, 1, 5, 35.22
1746562348, 0, 647, 1050, 1035, 15, 9.13%, 0, 1, 5, 28.00
1746562353, 0, 647, 1051, 1036, 15, 9.15%, 0, 1, 5, 34.07
1746562364, 0, 647, 1052, 1037, 15, 9.15%, 0, 1, 5, 36.26
1746562384, 0, 647, 1053, 1038, 15, 9.15%, 0, 1, 5, 39.21
1746562389, 0, 647, 1055, 1040, 15, 9.15%, 0, 1, 5, 32.26
1746562415, 0, 647, 1056, 1041, 15, 9.15%, 0, 1, 5, 51.42
1746562420, 0, 647, 1057, 1042, 15, 9.15%, 0, 1, 5, 39.36
1746562430, 0, 647, 1059, 1044, 15, 9.15%, 0, 1, 5, 56.30
1746562435, 0, 647, 1061, 1046, 15, 9.15%, 0, 1, 5, 25.78
1746562456, 0, 647, 1063, 1048, 15, 9.15%, 0, 1, 5, 37.86
1746562471, 0, 670, 1063, 1047, 21, 9.15%, 0, 1, 5, 44.10
1746562532, 0, 677, 1063, 1046, 20, 9.15%, 0, 1, 5, 46.84
1746562563, 0, 677, 1064, 1047, 20, 9.15%, 0, 1, 5, 44.28
1746562598, 0, 683, 1066, 1048, 19, 9.15%, 0, 1, 5, 41.94
1746562604, 0, 683, 1069, 1051, 19, 9.15%, 0, 1, 5, 38.34
1746562619, 0, 683, 1076, 1058, 19, 9.15%, 0, 1, 5, 33.66
1746562624, 0, 683, 1080, 1062, 19, 9.15%, 0, 1, 5, 37.56
1746562665, 0, 700, 1080, 1061, 19, 9.15%, 0, 1, 5, 45.18
1746562680, 0, 700, 1081, 1062, 19, 9.15%, 0, 1, 5, 23.41
1746562807, 0, 742, 1081, 1061, 19, 9.15%, 0, 1, 5, 49.53
1746562843, 0, 742, 1082, 1062, 19, 9.15%, 0, 1, 5, 9.78
1746562853, 0, 742, 1084, 1064, 19, 9.15%, 0, 1, 5, 51.50
1746562869, 0, 742, 1085, 1065, 19, 9.15%, 0, 1, 5, 9.45
1746562874, 0, 742, 1087, 1067, 19, 9.15%, 0, 1, 5, 8.30
1746562879, 0, 742, 1088, 1068, 19, 9.15%, 0, 1, 5, 8.16
1746562884, 0, 742, 1089, 1069, 19, 9.15%, 0, 1, 5, 13.81
1746562889, 0, 742, 1092, 1072, 19, 9.15%, 0, 1, 5, 9.10
1746562894, 0, 742, 1093, 1073, 19, 9.15%, 0, 1, 5, 55.66
1746562992, 0, 742, 1094, 1074, 19, 9.15%, 0, 1, 5, 8.24
1746563023, 0, 742, 1095, 1075, 19, 9.15%, 0, 1, 5, 7.82
1746563028, 0, 742, 1099, 1079, 19, 9.15%, 0, 1, 5, 7.47
1746563033, 0, 742, 1100, 1080, 19, 9.15%, 0, 1, 5, 7.58
1746563038, 0, 742, 1103, 1083, 19, 9.15%, 0, 1, 5, 7.52
1746563110, 0, 742, 1105, 1085, 19, 9.15%, 0, 1, 5, 7.97
1746563115, 0, 742, 1107, 1087, 19, 9.15%, 0, 1, 5, 7.58
1746563120, 0, 742, 1108, 1088, 19, 9.15%, 0, 1, 5, 7.44
1746563125, 0, 742, 1109, 1089, 19, 9.15%, 0, 1, 5, 7.05
1746563131, 0, 742, 1111, 1091, 19, 9.15%, 0, 1, 5, 6.90
1746563136, 0, 742, 1112, 1092, 19, 9.15%, 0, 1, 5, 7.04
1746563141, 0, 742, 1114, 1094, 19, 9.15%, 0, 1, 5, 7.06
1746563187, 0, 742, 1115, 1095, 19, 9.15%, 0, 1, 5, 10.32
1746563213, 0, 742, 1116, 1096, 19, 9.15%, 0, 1, 5, 8.89
1746563218, 0, 742, 1119, 1099, 19, 9.15%, 0, 1, 5, 7.90
1746563259, 0, 742, 1120, 1100, 19, 9.15%, 0, 1, 5, 9.97
1746563269, 0, 742, 1121, 1101, 19, 9.15%, 0, 1, 5, 9.69
1746563275, 0, 742, 1123, 1103, 19, 9.15%, 0, 1, 5, 8.30
1746563280, 0, 742, 1125, 1105, 19, 9.15%, 0, 1, 5, 7.68
1746563285, 0, 742, 1126, 1106, 19, 9.15%, 0, 1, 5, 7.63
1746563295, 0, 742, 1127, 1107, 19, 9.15%, 0, 1, 5, 7.40
1746563300, 0, 742, 1128, 1108, 19, 9.15%, 0, 1, 5, 7.84
1746563305, 0, 742, 1129, 1109, 19, 9.15%, 0, 1, 5, 8.12
1746563346, 0, 761, 1129, 1108, 19, 9.15%, 0, 1, 5, 36.36
1746563356, 0, 761, 1131, 1110, 19, 9.15%, 0, 1, 5, 11.41
1746563402, 0, 761, 1132, 1111, 19, 9.15%, 0, 1, 5, 9.93
1746563413, 0, 761, 1134, 1113, 19, 9.15%, 0, 1, 5, 16.61
1746563670, 0, 761, 1135, 1114, 19, 9.15%, 0, 1, 5, 9.22
1746563675, 0, 761, 1136, 1115, 19, 9.15%, 0, 1, 5, 8.90
1746563685, 0, 761, 1138, 1117, 19, 9.15%, 0, 1, 5, 9.93
1746563747, 0, 761, 1139, 1118, 19, 9.15%, 0, 1, 5, 8.23
1746563757, 0, 761, 1140, 1119, 19, 9.15%, 0, 1, 5, 8.23
1746563767, 0, 761, 1141, 1120, 19, 9.15%, 0, 1, 5, 9.41
1746563803, 0, 761, 1142, 1121, 19, 9.15%, 0, 1, 5, 42.53
1746563808, 0, 761, 1143, 1122, 19, 9.15%, 0, 1, 5, 42.02
1746563859, 0, 785, 1143, 1121, 20, 9.15%, 0, 1, 5, 43.84
1746563972, 0, 785, 1145, 1123, 20, 9.15%, 0, 1, 5, 10.17
1746563977, 0, 785, 1146, 1124, 20, 9.15%, 0, 1, 5, 11.04
1746563987, 0, 785, 1147, 1125, 20, 9.15%, 0, 1, 5, 10.18
1746564003, 0, 785, 1148, 1126, 20, 9.15%, 0, 1, 5, 10.26
1746564238, 0, 785, 1149, 1127, 20, 9.15%, 0, 1, 5, 9.08
1746564249, 0, 785, 1150, 1128, 20, 9.15%, 0, 1, 5, 9.93
1746564290, 0, 940, 1150, 1127, 20, 9.15%, 0, 1, 5, 33.58
1746564300, 0, 940, 1151, 1128, 20, 9.15%, 0, 1, 5, 11.69
1746564305, 0, 940, 1152, 1129, 20, 9.15%, 0, 1, 5, 10.03
1746564320, 0, 940, 1153, 1130, 20, 9.15%, 0, 1, 5, 11.43
1746564325, 0, 940, 1154, 1131, 20, 9.15%, 0, 1, 5, 10.09
1746564346, 0, 940, 1155, 1132, 20, 9.15%, 0, 1, 5, 10.04
1746564417, 0, 940, 1156, 1133, 20, 9.15%, 0, 1, 5, 9.52
1746564453, 0, 940, 1157, 1134, 20, 9.15%, 0, 1, 5, 8.95
1746564473, 0, 940, 1159, 1136, 20, 9.15%, 0, 1, 5, 9.30
1746564478, 0, 940, 1160, 1137, 20, 9.15%, 0, 1, 5, 9.29
1746564525, 0, 940, 1161, 1138, 20, 9.15%, 0, 1, 5, 9.55
1746564555, 0, 940, 1162, 1139, 20, 9.15%, 0, 1, 5, 7.89
1746564591, 0, 940, 1163, 1140, 20, 9.15%, 0, 1, 5, 12.05
1746564616, 0, 940, 1164, 1141, 20, 9.15%, 0, 1, 5, 9.53
1746564627, 0, 940, 1165, 1142, 20, 9.15%, 0, 1, 5, 56.33
1746564657, 0, 940, 1166, 1143, 20, 9.15%, 0, 1, 5, 15.27
1746564703, 0, 940, 1167, 1144, 20, 9.15%, 0, 1, 5, 8.89
1746564739, 0, 940, 1168, 1145, 20, 9.15%, 0, 1, 5, 44.98
1746564765, 0, 945, 1168, 1144, 19, 9.15%, 0, 1, 5, 27.39
1746564868, 0, 973, 1168, 1143, 18, 9.15%, 0, 1, 5, 35.56
1746564883, 0, 973, 1169, 1144, 18, 9.15%, 0, 1, 6, 20.88
1746565036, 0, 973, 1170, 1145, 18, 9.15%, 0, 1, 6, 15.64
1746565056, 0, 973, 1171, 1146, 18, 9.15%, 0, 1, 6, 19.24
1746565139, 0, 973, 1172, 1147, 18, 9.15%, 0, 1, 6, 11.50
1746565144, 0, 973, 1173, 1148, 18, 9.15%, 0, 1, 6, 10.44
1746565180, 0, 973, 1174, 1149, 18, 9.15%, 0, 1, 6, 18.43
1746565185, 0, 973, 1175, 1150, 18, 9.15%, 0, 1, 6, 33.39
1746565190, 0, 973, 1176, 1151, 18, 9.15%, 0, 1, 6, 39.40
1746565210, 0, 973, 1177, 1152, 18, 9.15%, 0, 1, 6, 6.62
1746565216, 0, 973, 1179, 1154, 18, 9.45%, 0, 1, 6, 38.15
1746565221, 0, 973, 1180, 1155, 18, 9.45%, 0, 1, 6, 50.00
1746565231, 0, 973, 1182, 1157, 18, 9.46%, 0, 1, 6, 8.27
1746565267, 0, 973, 1183, 1158, 18, 9.46%, 0, 1, 6, 50.79
1746565287, 0, 973, 1184, 1159, 18, 9.46%, 0, 1, 6, 42.70
1746565313, 0, 973, 1185, 1160, 18, 9.46%, 0, 1, 6, 43.90
1746565318, 0, 973, 1186, 1161, 18, 9.46%, 0, 1, 6, 43.93
1746565323, 0, 973, 1187, 1162, 18, 9.46%, 0, 1, 6, 50.59
1746565384, 0, 973, 1188, 1163, 18, 9.46%, 0, 1, 6, 6.82
1746565405, 0, 973, 1189, 1164, 18, 9.46%, 0, 1, 6, 36.27
1746565430, 0, 973, 1190, 1165, 18, 9.46%, 0, 1, 6, 39.86
1746565477, 0, 1002, 1190, 1164, 17, 9.46%, 0, 1, 6, 38.72
1746565492, 0, 1002, 1191, 1165, 17, 9.46%, 0, 1, 6, 10.31
1746565497, 0, 1002, 1193, 1167, 17, 9.46%, 0, 1, 6, 8.47
1746565513, 0, 1002, 1194, 1168, 17, 9.46%, 0, 1, 6, 9.92
1746565528, 0, 1002, 1195, 1169, 17, 9.46%, 0, 1, 6, 12.41
1746565626, 0, 1002, 1196, 1170, 17, 9.46%, 0, 1, 6, 9.46
1746565636, 0, 1002, 1197, 1171, 17, 9.46%, 0, 1, 6, 9.59
1746565651, 0, 1002, 1199, 1173, 17, 9.46%, 0, 1, 6, 9.48
1746565728, 0, 1002, 1200, 1174, 17, 9.46%, 0, 1, 6, 9.69
1746565815, 0, 1002, 1201, 1175, 17, 9.46%, 0, 1, 6, 50.13
1746565840, 0, 1002, 1202, 1176, 17, 9.46%, 0, 1, 6, 55.00
1746565851, 0, 1002, 1203, 1177, 17, 9.46%, 0, 1, 6, 23.67
1746565871, 0, 1002, 1204, 1178, 17, 9.46%, 0, 1, 6, 54.37
1746565938, 0, 1002, 1205, 1179, 17, 9.46%, 0, 1, 6, 42.90
1746565943, 0, 1002, 1206, 1180, 17, 9.46%, 0, 1, 6, 40.85
1746565984, 0, 1002, 1207, 1181, 17, 9.46%, 0, 1, 6, 49.33
1746566030, 0, 1002, 1208, 1182, 17, 9.46%, 0, 1, 6, 46.89
1746566040, 0, 1002, 1209, 1183, 17, 9.46%, 0, 1, 6, 47.64
1746566101, 0, 1002, 1210, 1184, 17, 9.46%, 0, 1, 6, 38.83
1746566111, 0, 1002, 1211, 1185, 17, 9.46%, 0, 1, 6, 40.11
1746566116, 0, 1002, 1212, 1186, 17, 9.46%, 0, 1, 6, 47.10
1746566132, 0, 1009, 1212, 1185, 18, 9.46%, 0, 1, 6, 40.38
1746566209, 0, 1009, 1213, 1186, 18, 9.46%, 0, 1, 6, 21.94
1746566265, 0, 1009, 1214, 1187, 18, 9.46%, 0, 1, 6, 9.37
1746566414, 0, 1009, 1215, 1188, 18, 9.46%, 0, 1, 6, 8.71
1746566455, 0, 1009, 1216, 1189, 18, 9.46%, 0, 1, 6, 13.46
1746566517, 0, 1016, 1216, 1188, 18, 9.46%, 0, 1, 6, 29.73
1746566527, 0, 1016, 1217, 1189, 18, 9.46%, 0, 1, 6, 14.21
1746566542, 0, 1016, 1218, 1190, 18, 9.46%, 0, 1, 6, 13.52
1746566558, 0, 1016, 1219, 1191, 18, 9.46%, 0, 1, 6, 13.52
1746566645, 0, 1016, 1223, 1195, 18, 9.46%, 0, 1, 6, 12.99
1746566650, 0, 1016, 1226, 1198, 18, 9.46%, 0, 1, 6, 12.78
1746566768, 0, 1016, 1227, 1199, 18, 9.46%, 0, 1, 6, 12.55
1746566824, 0, 1016, 1229, 1201, 18, 9.46%, 0, 1, 6, 12.59
1746566855, 0, 1016, 1230, 1202, 18, 9.46%, 0, 1, 6, 41.28
1746566881, 0, 1034, 1230, 1201, 18, 9.46%, 0, 1, 6, 7.33
1746566886, 0, 1034, 1231, 1202, 18, 9.46%, 0, 1, 6, 10.79
1746566891, 0, 1034, 1232, 1203, 18, 9.46%, 0, 1, 6, 12.60
1746566896, 0, 1034, 1235, 1206, 18, 9.47%, 0, 1, 6, 9.29
1746566901, 0, 1034, 1237, 1208, 18, 9.47%, 0, 1, 6, 8.51
1746566906, 0, 1034, 1240, 1211, 18, 9.47%, 0, 1, 6, 7.56
1746566911, 0, 1034, 1242, 1213, 18, 9.47%, 0, 1, 6, 7.92
1746566916, 0, 1034, 1244, 1215, 18, 9.47%, 0, 1, 6, 7.66
1746566922, 0, 1034, 1246, 1217, 18, 9.47%, 0, 1, 6, 7.35
1746566927, 0, 1034, 1248, 1219, 18, 9.47%, 0, 1, 6, 6.93
1746566947, 0, 1034, 1250, 1221, 18, 9.47%, 0, 1, 6, 6.72
1746566952, 0, 1034, 1252, 1223, 18, 9.47%, 0, 1, 6, 6.75
1746566957, 0, 1034, 1255, 1226, 18, 9.47%, 0, 1, 6, 6.88
1746566962, 0, 1034, 1257, 1228, 18, 9.47%, 0, 1, 6, 6.86
1746566967, 0, 1034, 1259, 1230, 18, 9.47%, 0, 1, 6, 6.80
1746566972, 0, 1034, 1262, 1233, 18, 9.47%, 0, 1, 6, 6.81
1746566977, 0, 1034, 1265, 1236, 18, 9.47%, 0, 1, 6, 6.87
1746566983, 0, 1034, 1266, 1237, 18, 9.47%, 0, 1, 6, 40.37
1746566988, 0, 1034, 1267, 1238, 18, 9.47%, 0, 1, 6, 10.76
1746566993, 0, 1034, 1269, 1240, 18, 9.48%, 0, 1, 6, 9.85
1746566998, 0, 1034, 1271, 1242, 18, 9.48%, 0, 1, 6, 8.64
1746567003, 0, 1034, 1273, 1244, 18, 9.48%, 0, 1, 6, 8.15
1746567008, 0, 1034, 1276, 1247, 18, 9.48%, 0, 1, 6, 7.54
1746567014, 0, 1034, 1278, 1249, 18, 9.48%, 0, 1, 6, 7.82
1746567019, 0, 1034, 1281, 1252, 18, 9.49%, 0, 1, 6, 7.12
1746567024, 0, 1034, 1283, 1254, 18, 9.49%, 0, 1, 6, 6.66
1746567045, 0, 1034, 1285, 1256, 18, 9.49%, 0, 1, 6, 6.63
1746567050, 0, 1034, 1287, 1258, 18, 9.49%, 0, 1, 6, 6.63
1746567055, 0, 1034, 1288, 1259, 18, 9.49%, 0, 1, 6, 6.76
1746567060, 0, 1034, 1291, 1262, 18, 9.49%, 0, 1, 6, 6.83
1746567065, 0, 1034, 1293, 1264, 18, 9.49%, 0, 1, 6, 6.69
1746567070, 0, 1034, 1296, 1267, 18, 9.49%, 0, 1, 6, 6.65
1746567075, 0, 1034, 1297, 1268, 18, 9.49%, 0, 1, 6, 8.12
1746567086, 0, 1034, 1298, 1269, 18, 9.49%, 0, 1, 6, 10.57
1746567091, 0, 1034, 1300, 1271, 18, 9.49%, 0, 1, 6, 9.10
1746567096, 0, 1034, 1303, 1274, 18, 9.49%, 0, 1, 6, 7.42
1746567101, 0, 1034, 1305, 1276, 18, 9.49%, 0, 1, 6, 7.55
1746567106, 0, 1034, 1307, 1278, 18, 9.49%, 0, 1, 6, 7.23
1746567111, 0, 1034, 1310, 1281, 18, 9.49%, 0, 1, 6, 6.75
1746567132, 0, 1034, 1312, 1283, 18, 9.49%, 0, 1, 6, 6.71
1746567137, 0, 1034, 1314, 1285, 18, 9.49%, 0, 1, 6, 6.62
1746567142, 0, 1034, 1316, 1287, 18, 9.49%, 0, 1, 6, 6.60
1746567148, 0, 1034, 1318, 1289, 18, 9.49%, 0, 1, 6, 6.80
1746567153, 0, 1034, 1319, 1290, 18, 9.49%, 0, 1, 6, 6.65
1746567158, 0, 1034, 1322, 1293, 18, 9.49%, 0, 1, 6, 6.64
1746567163, 0, 1034, 1323, 1294, 18, 9.49%, 0, 1, 6, 9.63
1746567168, 0, 1034, 1324, 1295, 18, 9.49%, 0, 1, 6, 7.56
1746567173, 0, 1034, 1326, 1297, 18, 9.51%, 0, 1, 6, 9.00
1746567178, 0, 1034, 1328, 1299, 18, 9.71%, 0, 1, 6, 6.91
1746567183, 0, 1034, 1331, 1302, 18, 9.71%, 0, 1, 6, 6.14
1746567189, 0, 1034, 1334, 1305, 18, 9.71%, 0, 1, 6, 6.13
1746567194, 0, 1034, 1336, 1307, 18, 9.71%, 0, 1, 6, 22.40
1746567199, 0, 1034, 1338, 1309, 18, 9.71%, 0, 1, 6, 12.14
1746567204, 0, 1034, 1339, 1310, 18, 9.71%, 0, 1, 6, 59.35
1746567271, 0, 1034, 1340, 1311, 18, 9.71%, 0, 1, 6, 10.37
1746567291, 0, 1034, 1341, 1312, 18, 9.71%, 0, 1, 6, 8.75
1746567297, 0, 1034, 1342, 1313, 18, 9.71%, 0, 1, 6, 9.49
1746567307, 0, 1034, 1343, 1314, 18, 9.71%, 0, 1, 6, 9.24
1746567338, 0, 1034, 1344, 1315, 18, 9.71%, 0, 1, 6, 7.48
1746567343, 0, 1034, 1345, 1316, 18, 9.71%, 0, 1, 6, 7.17
1746567348, 0, 1034, 1347, 1318, 18, 9.71%, 0, 1, 6, 6.97
1746567363, 0, 1034, 1348, 1319, 18, 9.71%, 0, 1, 6, 7.00
1746567513, 0, 1034, 1349, 1320, 18, 9.71%, 0, 1, 6, 7.04
1746567534, 0, 1034, 1350, 1321, 18, 9.71%, 0, 1, 6, 6.99
1746567539, 0, 1034, 1351, 1322, 18, 9.71%, 0, 1, 6, 7.00
1746567549, 0, 1034, 1352, 1323, 18, 9.71%, 0, 1, 6, 6.94
1746567560, 0, 1034, 1353, 1324, 18, 9.71%, 0, 1, 6, 6.91
1746567565, 0, 1034, 1354, 1325, 18, 9.71%, 0, 1, 6, 6.95
1746567570, 0, 1034, 1356, 1327, 18, 9.71%, 0, 1, 6, 6.92
1746567581, 0, 1034, 1358, 1329, 18, 9.71%, 0, 1, 6, 6.83
1746567586, 0, 1034, 1359, 1330, 18, 9.72%, 0, 1, 6, 6.54
1746567642, 0, 1034, 1360, 1331, 18, 9.72%, 0, 1, 6, 6.76
1746567668, 0, 1034, 1361, 1332, 18, 9.72%, 0, 1, 6, 7.30
1746567673, 0, 1034, 1362, 1333, 18, 9.72%, 0, 1, 6, 6.96
1746567678, 0, 1034, 1364, 1335, 18, 9.72%, 0, 1, 6, 55.91
1746567709, 0, 1034, 1365, 1336, 18, 9.72%, 0, 1, 6, 10.82
1746567730, 0, 1034, 1366, 1337, 18, 9.72%, 0, 1, 6, 8.88
1746567735, 0, 1034, 1367, 1338, 18, 9.72%, 0, 1, 6, 8.38
1746567745, 0, 1034, 1368, 1339, 18, 9.72%, 0, 1, 6, 7.62
1746567750, 0, 1034, 1369, 1340, 18, 9.72%, 0, 1, 6, 7.25
1746567755, 0, 1034, 1370, 1341, 18, 9.72%, 0, 1, 6, 6.78
1746567807, 0, 1034, 1371, 1342, 18, 10.02%, 0, 1, 6, 6.46
1746567822, 0, 1034, 1373, 1344, 18, 10.02%, 0, 1, 6, 6.53
1746567828, 0, 1034, 1374, 1345, 18, 10.02%, 0, 1, 6, 6.79
1746567838, 0, 1034, 1375, 1346, 18, 10.02%, 0, 1, 6, 6.93
1746567843, 0, 1034, 1376, 1347, 18, 10.02%, 0, 1, 6, 6.69
1746567859, 0, 1034, 1377, 1348, 18, 10.02%, 0, 1, 6, 6.74
1746567864, 0, 1034, 1378, 1349, 18, 10.02%, 0, 1, 6, 6.89
1746567869, 0, 1034, 1380, 1351, 18, 10.02%, 0, 1, 6, 6.60
1746567874, 0, 1034, 1382, 1353, 18, 10.02%, 0, 1, 6, 6.34
1746567879, 0, 1034, 1385, 1356, 18, 10.03%, 0, 1, 6, 6.53
1746567936, 0, 1034, 1387, 1358, 18, 10.03%, 0, 1, 6, 10.56
1746567946, 0, 1034, 1388, 1359, 18, 10.03%, 0, 1, 6, 9.02
1746567966, 0, 1034, 1389, 1360, 18, 10.03%, 0, 1, 6, 9.24
1746567977, 0, 1034, 1390, 1361, 18, 10.03%, 0, 1, 6, 8.51
1746567992, 0, 1034, 1391, 1362, 18, 10.03%, 0, 1, 6, 8.36
1746567997, 0, 1034, 1393, 1364, 18, 10.03%, 0, 1, 6, 7.16
1746568012, 0, 1034, 1394, 1365, 18, 10.03%, 0, 1, 6, 6.53
1746568028, 0, 1034, 1395, 1366, 18, 10.03%, 0, 1, 6, 6.65
1746568033, 0, 1034, 1396, 1367, 18, 10.03%, 0, 1, 6, 6.45
1746568054, 0, 1034, 1397, 1368, 18, 10.03%, 0, 1, 6, 6.74
1746568064, 0, 1034, 1398, 1369, 18, 10.03%, 0, 1, 6, 6.56
1746568069, 0, 1034, 1399, 1370, 18, 10.03%, 0, 1, 6, 6.56
1746568079, 0, 1034, 1400, 1371, 18, 10.03%, 0, 1, 6, 6.69
1746568084, 0, 1034, 1401, 1372, 18, 10.03%, 0, 1, 6, 6.57
1746568089, 0, 1034, 1402, 1373, 18, 10.03%, 0, 1, 6, 6.78
1746568094, 0, 1034, 1403, 1374, 18, 10.03%, 0, 1, 6, 6.64
1746568100, 0, 1034, 1404, 1375, 18, 10.03%, 0, 1, 6, 6.81
1746568105, 0, 1034, 1405, 1376, 18, 10.03%, 0, 1, 6, 7.03
1746568115, 0, 1034, 1407, 1378, 18, 10.03%, 0, 1, 6, 7.15
1746568120, 0, 1034, 1408, 1379, 18, 10.03%, 0, 1, 6, 6.97
1746568136, 0, 1034, 1409, 1380, 18, 10.03%, 0, 1, 6, 6.64
1746568141, 0, 1034, 1411, 1382, 18, 10.03%, 0, 1, 6, 6.21
1746568156, 0, 1034, 1412, 1383, 18, 10.03%, 0, 1, 6, 6.51
1746568197, 0, 1034, 1413, 1384, 18, 10.03%, 0, 1, 6, 10.05
1746568223, 0, 1034, 1415, 1386, 18, 10.03%, 0, 1, 6, 7.47
1746568239, 0, 1034, 1416, 1387, 18, 10.03%, 0, 1, 6, 22.78
1746568259, 0, 1034, 1417, 1388, 18, 10.03%, 0, 1, 6, 25.84
1746568264, 0, 1034, 1418, 1389, 18, 10.03%, 0, 1, 6, 28.21
1746568285, 0, 1034, 1419, 1390, 18, 10.03%, 0, 1, 6, 7.34
1746568290, 0, 1034, 1420, 1391, 18, 10.03%, 0, 1, 6, 19.45
1746568295, 0, 1034, 1421, 1392, 18, 10.03%, 0, 1, 6, 23.20
1746568300, 0, 1034, 1422, 1393, 18, 10.03%, 0, 1, 6, 23.23
1746568316, 0, 1034, 1423, 1394, 18, 10.03%, 0, 1, 6, 29.68
1746568321, 0, 1034, 1424, 1395, 18, 10.03%, 0, 1, 6, 40.86
1746568326, 0, 1034, 1426, 1397, 18, 10.03%, 0, 1, 6, 46.08
1746568336, 0, 1034, 1427, 1398, 18, 10.03%, 0, 1, 6, 29.87
1746568341, 0, 1034, 1429, 1400, 18, 10.03%, 0, 1, 6, 26.37
1746568362, 0, 1034, 1430, 1401, 18, 10.03%, 0, 1, 6, 23.90
1746568382, 0, 1034, 1431, 1402, 18, 10.03%, 0, 1, 6, 22.75
1746568418, 0, 1034, 1433, 1404, 18, 10.03%, 0, 1, 6, 5.03
1746568429, 0, 1034, 1435, 1406, 18, 10.03%, 0, 1, 6, 20.77
1746568465, 0, 1034, 1436, 1407, 18, 10.03%, 0, 1, 6, 22.36
1746568470, 0, 1034, 1437, 1408, 18, 10.03%, 0, 1, 6, 29.76
1746568485, 0, 1034, 1438, 1409, 18, 10.03%, 0, 1, 6, 23.32
1746568516, 0, 1034, 1439, 1410, 18, 10.03%, 0, 1, 6, 5.35
1746568536, 0, 1034, 1440, 1411, 18, 10.03%, 0, 1, 6, 24.15
1746568541, 0, 1034, 1441, 1412, 18, 10.03%, 0, 1, 6, 23.38
1746568608, 0, 1034, 1442, 1413, 18, 10.03%, 0, 1, 6, 24.12
1746568613, 0, 1034, 1443, 1414, 18, 10.03%, 0, 1, 6, 23.95
1746568638, 0, 1034, 1444, 1415, 18, 10.03%, 0, 1, 6, 22.41
1746568643, 0, 1034, 1445, 1416, 18, 10.03%, 0, 1, 6, 26.03
1746568669, 0, 1034, 1446, 1417, 18, 10.04%, 0, 1, 6, 25.02
1746568674, 0, 1034, 1447, 1418, 18, 10.04%, 0, 1, 6, 21.21
1746568690, 0, 1034, 1448, 1419, 18, 10.04%, 0, 1, 6, 21.38
1746568710, 0, 1040, 1448, 1418, 28, 10.04%, 0, 1, 6, 25.81
1746569053, 0, 1041, 1448, 1417, 27, 10.04%, 0, 1, 6, 43.24
1746569073, 0, 1041, 1450, 1419, 27, 10.04%, 0, 1, 6, 6.96
1746569105, 0, 1041, 1451, 1420, 27, 10.04%, 0, 1, 6, 11.79
1746569146, 0, 1041, 1452, 1421, 27, 10.04%, 0, 1, 6, 7.99
1746569177, 0, 1041, 1454, 1423, 27, 10.04%, 0, 1, 6, 10.36
1746569188, 0, 1041, 1457, 1426, 27, 10.04%, 0, 1, 6, 5.86
1746569254, 0, 1041, 1458, 1427, 27, 10.04%, 0, 1, 6, 9.05
1746569663, 0, 1041, 1459, 1428, 27, 10.04%, 0, 1, 6, 57.15
1746569709, 0, 1041, 1460, 1429, 27, 10.04%, 0, 1, 6, 10.05
1746569772, 0, 1041, 1461, 1430, 27, 10.05%, 0, 1, 6, 5.25
1746569787, 0, 1041, 1463, 1432, 27, 10.05%, 0, 1, 6, 4.62
1746569802, 0, 1041, 1464, 1433, 27, 10.05%, 0, 1, 6, 5.26
1746569818, 0, 1041, 1466, 1435, 27, 10.05%, 0, 1, 6, 5.55
1746569823, 0, 1041, 1467, 1436, 27, 10.05%, 0, 1, 6, 5.92
1746569834, 0, 1041, 1468, 1437, 27, 10.05%, 0, 1, 6, 6.43
1746569839, 0, 1041, 1469, 1438, 27, 10.05%, 0, 1, 6, 6.60
1746569870, 0, 1041, 1470, 1439, 27, 10.05%, 0, 1, 6, 6.16
1746569875, 0, 1041, 1471, 1440, 27, 10.05%, 0, 1, 6, 42.44
1746569890, 0, 1069, 1472, 1440, 26, 10.05%, 0, 1, 6, 36.87
1746569910, 0, 1069, 1473, 1441, 26, 10.05%, 0, 1, 6, 34.82
1746569961, 0, 1071, 1473, 1440, 25, 10.05%, 0, 1, 6, 55.75
1746570037, 0, 1142, 1473, 1439, 25, 10.05%, 0, 1, 6, 46.38
1746570253, 0, 1142, 1474, 1440, 25, 10.05%, 0, 1, 6, 36.28
1746570396, 0, 1163, 1474, 1439, 25, 10.05%, 0, 1, 6, 41.40
1746570457, 0, 1163, 1475, 1440, 25, 10.05%, 0, 1, 6, 9.91
1746570580, 0, 1163, 1476, 1441, 25, 10.05%, 0, 1, 6, 8.76
1746570585, 0, 1163, 1477, 1442, 25, 10.05%, 0, 1, 6, 8.35
1746570641, 0, 1163, 1478, 1443, 25, 10.05%, 0, 1, 6, 9.42
1746570692, 0, 1163, 1479, 1444, 25, 10.05%, 0, 1, 6, 32.93
1746570825, 0, 1163, 1480, 1445, 25, 10.05%, 0, 1, 6, 9.18
1746570840, 0, 1163, 1481, 1446, 25, 10.05%, 0, 1, 6, 9.14
1746570876, 0, 1178, 1481, 1445, 25, 10.05%, 0, 1, 6, 46.94
1746571014, 0, 1178, 1482, 1446, 25, 10.05%, 0, 1, 7, 10.29
1746571219, 0, 1178, 1483, 1447, 25, 10.05%, 0, 1, 7, 50.08
1746571255, 0, 1178, 1484, 1448, 25, 10.05%, 0, 1, 7, 34.68
1746571306, 0, 1189, 1484, 1447, 25, 10.05%, 0, 1, 7, 35.21
1746571357, 0, 1189, 1485, 1448, 25, 10.05%, 0, 1, 7, 11.82
1746571367, 0, 1189, 1486, 1449, 25, 10.05%, 0, 1, 7, 11.59
1746571455, 0, 1189, 1487, 1450, 25, 10.06%, 0, 1, 7, 10.91
1746571532, 0, 1189, 1488, 1451, 25, 10.06%, 0, 1, 7, 27.44
1746571588, 0, 1189, 1489, 1452, 25, 10.06%, 0, 1, 7, 10.19
1746571726, 0, 1196, 1489, 1451, 25, 10.06%, 0, 1, 7, 44.39
1746571783, 0, 1196, 1490, 1452, 25, 10.06%, 0, 1, 7, 13.18
1746572049, 0, 1196, 1491, 1453, 25, 10.06%, 0, 1, 7, 9.82
1746572089, 0, 1202, 1491, 1452, 24, 10.06%, 0, 1, 7, 30.73
1746572151, 0, 1202, 1493, 1454, 24, 10.06%, 0, 1, 7, 7.98
1746572156, 0, 1202, 1494, 1455, 24, 10.06%, 0, 1, 7, 7.69
1746572192, 0, 1202, 1496, 1457, 24, 10.06%, 0, 1, 7, 7.72
1746572213, 0, 1202, 1497, 1458, 24, 10.06%, 0, 1, 7, 10.24
1746572274, 0, 1202, 1498, 1459, 24, 10.06%, 0, 1, 7, 10.45
1746572505, 0, 1202, 1499, 1460, 24, 10.06%, 0, 1, 7, 9.00
1746572536, 0, 1202, 1500, 1461, 24, 10.06%, 0, 1, 7, 11.01
1746572602, 0, 1202, 1501, 1462, 24, 10.06%, 0, 1, 7, 7.66
1746572623, 0, 1202, 1502, 1463, 24, 10.06%, 0, 1, 7, 7.50
1746572628, 0, 1202, 1503, 1464, 24, 10.06%, 0, 1, 7, 56.90
1746572721, 0, 1202, 1506, 1467, 24, 10.06%, 0, 1, 7, 8.33
1746572746, 0, 1202, 1507, 1468, 24, 10.06%, 0, 1, 7, 7.31
1746572762, 0, 1202, 1508, 1469, 24, 10.06%, 0, 1, 7, 7.60
1746572777, 0, 1202, 1509, 1470, 24, 10.06%, 0, 1, 7, 7.87
1746572844, 0, 1202, 1510, 1471, 24, 10.06%, 0, 1, 7, 8.17
1746572880, 0, 1217, 1510, 1470, 24, 10.06%, 0, 1, 7, 25.12
1746572885, 0, 1217, 1511, 1471, 24, 10.06%, 0, 1, 7, 17.06
1746572977, 0, 1217, 1512, 1472, 24, 10.06%, 0, 1, 7, 14.61
1746573008, 0, 1217, 1518, 1478, 24, 10.06%, 0, 1, 7, 13.21
1746573182, 0, 1217, 1519, 1479, 24, 10.06%, 0, 1, 7, 13.51
1746573238, 0, 1237, 1519, 1478, 23, 10.06%, 0, 1, 7, 40.04
1746573352, 0, 1237, 1520, 1479, 23, 10.06%, 0, 1, 7, 45.78
1746573409, 0, 1237, 1522, 1481, 23, 10.06%, 0, 1, 7, 31.21
1746573424, 0, 1237, 1523, 1482, 23, 10.06%, 0, 1, 7, 38.17
1746573593, 0, 1237, 1524, 1483, 23, 10.06%, 0, 1, 7, 6.81
1746573878, 0, 1237, 1525, 1484, 23, 10.06%, 0, 1, 7, 6.93
1746574161, 0, 1237, 1526, 1485, 23, 10.06%, 0, 1, 7, 7.79
1746574207, 0, 1237, 1527, 1486, 23, 10.06%, 0, 1, 7, 6.76
1746574238, 0, 1237, 1528, 1487, 23, 10.06%, 0, 1, 7, 6.43
1746574264, 0, 1237, 1529, 1488, 23, 10.06%, 0, 1, 7, 6.95
1746574285, 0, 1237, 1530, 1489, 23, 10.06%, 0, 1, 7, 6.63
1746574321, 0, 1237, 1531, 1490, 23, 10.06%, 0, 1, 7, 6.90
1746574423, 0, 1237, 1532, 1491, 23, 10.06%, 0, 1, 7, 24.18
1746574454, 0, 1240, 1532, 1490, 23, 10.06%, 0, 1, 7, 26.27
1746574501, 0, 1240, 1533, 1491, 23, 10.06%, 0, 1, 7, 7.02
1746574506, 0, 1240, 1534, 1492, 23, 10.06%, 0, 1, 7, 6.89
1746574562, 0, 1240, 1535, 1493, 23, 10.06%, 0, 1, 7, 6.77
1746574567, 0, 1240, 1536, 1494, 23, 10.06%, 0, 1, 7, 54.35
1746574634, 0, 1240, 1537, 1495, 23, 10.06%, 0, 1, 7, 8.59
1746574913, 0, 1240, 1538, 1496, 23, 10.06%, 0, 1, 7, 6.71
1746575016, 0, 1240, 1539, 1497, 23, 10.06%, 0, 1, 7, 6.63
1746575021, 0, 1240, 1542, 1500, 23, 10.06%, 0, 1, 7, 6.73
1746575109, 0, 1240, 1543, 1501, 23, 10.06%, 0, 1, 7, 54.59
1746575155, 0, 1240, 1544, 1502, 23, 10.06%, 0, 1, 7, 8.59
1746575443, 0, 1240, 1545, 1503, 23, 10.06%, 0, 1, 7, 6.39
1746575459, 0, 1240, 1546, 1504, 23, 10.06%, 0, 1, 7, 6.94
1746575547, 0, 1240, 1548, 1506, 23, 10.06%, 0, 1, 7, 5.99
1746575557, 0, 1240, 1549, 1507, 23, 10.06%, 0, 1, 7, 5.77
1746575562, 0, 1240, 1550, 1508, 23, 10.06%, 0, 1, 7, 6.56
1746575645, 0, 1240, 1551, 1509, 23, 10.06%, 0, 1, 7, 17.88
1746575650, 0, 1240, 1552, 1510, 23, 10.06%, 0, 1, 7, 21.18
1746575701, 0, 1240, 1553, 1511, 23, 10.06%, 0, 1, 7, 27.35
1746575731, 0, 1240, 1554, 1512, 23, 10.06%, 0, 1, 7, 5.48
1746575772, 0, 1240, 1555, 1513, 23, 10.06%, 0, 1, 7, 25.59
1746575813, 0, 1240, 1557, 1515, 23, 10.06%, 0, 1, 7, 20.12
1746575854, 0, 1240, 1558, 1516, 23, 10.06%, 0, 1, 7, 51.70
1746575859, 0, 1240, 1559, 1517, 23, 10.06%, 0, 1, 7, 6.04
1746575910, 0, 1240, 1560, 1518, 23, 10.06%, 0, 1, 7, 27.74
1746575926, 0, 1240, 1561, 1519, 23, 10.06%, 0, 1, 7, 41.82
1746575956, 0, 1240, 1562, 1520, 23, 10.06%, 0, 1, 7, 22.78
1746575982, 0, 1293, 1562, 1519, 23, 10.06%, 0, 1, 7, 28.59
1746576161, 0, 1293, 1564, 1521, 23, 10.06%, 0, 1, 7, 12.16
1746576600, 0, 1293, 1565, 1522, 23, 10.06%, 0, 1, 7, 7.94
1746576667, 0, 1293, 1566, 1523, 23, 10.06%, 0, 1, 7, 9.10
1746576780, 0, 1293, 1567, 1524, 23, 10.06%, 0, 1, 7, 6.65
1746576790, 0, 1293, 1568, 1525, 23, 10.06%, 0, 1, 7, 6.87
1746576995, 0, 1293, 1569, 1526, 23, 10.06%, 0, 1, 7, 6.87
1746577098, 0, 1293, 1570, 1527, 23, 10.09%, 0, 1, 7, 6.96
1746577109, 0, 1293, 1571, 1528, 23, 10.09%, 0, 1, 7, 6.18
1746577140, 0, 1293, 1572, 1529, 23, 10.09%, 0, 1, 7, 6.82
1746577155, 0, 1293, 1573, 1530, 23, 10.09%, 0, 1, 7, 22.15
1746577186, 0, 1293, 1574, 1531, 23, 10.09%, 0, 1, 7, 35.17
1746577216, 0, 1293, 1575, 1532, 23, 10.09%, 0, 1, 7, 23.83
1746577263, 0, 1293, 1576, 1533, 23, 10.09%, 0, 1, 7, 22.22
1746577365, 0, 1293, 1577, 1534, 23, 10.09%, 0, 1, 7, 8.69
1746577442, 0, 1293, 1578, 1535, 23, 10.09%, 0, 1, 7, 4.86
1746577591, 0, 1296, 1578, 1534, 20, 10.09%, 0, 1, 7, 23.92
1746578352, 0, 1296, 1579, 1535, 20, 10.09%, 0, 1, 7, 6.45
1746578517, 0, 1296, 1580, 1536, 20, 10.09%, 0, 1, 7, 7.65
1746578810, 0, 1313, 1580, 1535, 20, 10.09%, 0, 1, 7, 25.96
1746579330, 0, 1313, 1581, 1536, 20, 10.09%, 0, 1, 7, 6.07
1746579536, 0, 1313, 1582, 1537, 20, 10.09%, 0, 1, 7, 7.76
1746579541, 0, 1313, 1583, 1538, 20, 10.09%, 0, 1, 7, 6.56
1746579597, 0, 1313, 1584, 1539, 20, 10.09%, 0, 1, 7, 6.36
1746579602, 0, 1313, 1585, 1540, 20, 10.09%, 0, 1, 7, 6.13
1746579932, 0, 1313, 1586, 1541, 20, 10.09%, 0, 1, 7, 5.57
1746579958, 0, 1313, 1587, 1542, 20, 10.09%, 0, 1, 7, 9.86
1746580051, 0, 1328, 1587, 1541, 22, 10.09%, 0, 1, 7, 26.95
1746580077, 0, 1328, 1588, 1542, 22, 10.09%, 0, 1, 7, 7.18
1746580103, 0, 1328, 1589, 1543, 22, 10.09%, 0, 1, 7, 5.82
1746580114, 0, 1328, 1591, 1545, 22, 10.11%, 0, 1, 7, 5.56
1746580119, 0, 1328, 1592, 1546, 22, 10.11%, 0, 1, 7, 5.47
1746580176, 0, 1328, 1594, 1548, 22, 10.11%, 0, 1, 7, 5.74
1746580243, 0, 1328, 1595, 1549, 22, 10.11%, 0, 1, 7, 5.39
1746580264, 0, 1328, 1597, 1551, 22, 10.11%, 0, 1, 7, 7.15
1746580429, 0, 1328, 1598, 1552, 22, 10.11%, 0, 1, 7, 6.07
1746580434, 0, 1328, 1599, 1553, 22, 10.11%, 0, 1, 7, 5.93
1746580589, 0, 1328, 1600, 1554, 22, 10.11%, 0, 1, 7, 5.50
1746580625, 0, 1328, 1601, 1555, 22, 10.11%, 0, 1, 7, 5.80
1746580651, 0, 1328, 1602, 1556, 22, 10.11%, 0, 1, 7, 5.37
1746580656, 0, 1328, 1605, 1559, 22, 10.11%, 0, 1, 7, 5.38
1746580697, 0, 1328, 1606, 1560, 22, 10.11%, 0, 1, 7, 5.48
1746580702, 0, 1328, 1608, 1562, 22, 10.11%, 0, 1, 7, 5.49
1746580795, 0, 1328, 1609, 1563, 22, 10.11%, 0, 1, 7, 5.78
1746580939, 0, 1328, 1611, 1565, 22, 10.11%, 0, 1, 7, 5.74
1746581078, 0, 1328, 1613, 1567, 22, 10.11%, 0, 1, 7, 8.12
1746581351, 0, 1328, 1615, 1569, 22, 10.11%, 0, 1, 7, 6.19
1746581372, 0, 1328, 1616, 1570, 22, 10.11%, 0, 1, 7, 5.58
1746581377, 0, 1328, 1617, 1571, 22, 10.11%, 0, 1, 7, 5.54
1746581397, 0, 1338, 1617, 1570, 23, 10.11%, 0, 1, 7, 25.35
1746581526, 0, 1338, 1618, 1571, 23, 10.11%, 0, 1, 7, 4.91
1746581614, 0, 1338, 1619, 1572, 23, 10.11%, 0, 1, 7, 58.43
1746582566, 0, 1338, 1620, 1573, 23, 10.11%, 0, 1, 7, 4.66
1746582571, 0, 1338, 1621, 1574, 23, 10.11%, 0, 1, 7, 4.62
1746582727, 0, 1338, 1622, 1575, 23, 10.13%, 0, 1, 7, 4.86
1746582753, 0, 1360, 1622, 1574, 24, 10.13%, 0, 1, 7, 24.53
1746582799, 0, 1360, 1625, 1577, 24, 10.13%, 0, 1, 7, 7.26
1746582850, 0, 1360, 1626, 1578, 24, 10.13%, 0, 1, 7, 7.06
1746582855, 0, 1360, 1628, 1580, 24, 10.13%, 0, 1, 7, 7.05
1746582907, 0, 1360, 1629, 1581, 24, 10.13%, 0, 1, 7, 7.01
1746583232, 0, 1360, 1630, 1582, 24, 10.13%, 0, 1, 7, 7.00
1746583330, 0, 1360, 1632, 1584, 24, 10.13%, 0, 1, 7, 7.05
1746583396, 0, 1360, 1633, 1585, 24, 10.13%, 0, 1, 7, 7.85
1746583453, 0, 1360, 1634, 1586, 24, 10.13%, 0, 1, 7, 6.92
1746583484, 0, 1360, 1635, 1587, 24, 10.13%, 0, 1, 7, 7.10
1746583489, 0, 1360, 1637, 1589, 24, 10.13%, 0, 1, 7, 7.00
1746583495, 0, 1360, 1638, 1590, 24, 10.13%, 0, 1, 7, 6.89
1746583700, 0, 1360, 1639, 1591, 24, 10.13%, 0, 1, 7, 7.43
1746583737, 0, 1360, 1640, 1592, 24, 10.13%, 0, 1, 7, 6.89
1746583819, 0, 1360, 1642, 1594, 24, 10.13%, 0, 1, 7, 8.42
1746583850, 0, 1377, 1642, 1593, 23, 10.13%, 0, 1, 7, 23.63
1746584610, 0, 1377, 1643, 1594, 23, 10.13%, 0, 1, 7, 6.77
1746584959, 0, 1377, 1644, 1595, 23, 10.13%, 0, 1, 7, 7.63
1746585010, 0, 1377, 1645, 1596, 23, 10.13%, 0, 1, 7, 6.94
1746585046, 0, 1390, 1645, 1595, 23, 10.13%, 0, 1, 7, 21.66
1746585134, 0, 1390, 1646, 1596, 23, 10.13%, 0, 1, 7, 58.75
1746585504, 0, 1390, 1647, 1597, 23, 10.13%, 0, 1, 7, 8.54
1746585530, 0, 1390, 1648, 1598, 23, 10.13%, 0, 1, 7, 8.08
1746585535, 0, 1390, 1649, 1599, 23, 10.13%, 0, 1, 7, 8.34
1746585555, 0, 1390, 1650, 1600, 23, 10.13%, 0, 1, 7, 57.42
1746585616, 0, 1390, 1651, 1601, 23, 10.13%, 0, 1, 7, 8.97
1746585657, 0, 1390, 1652, 1602, 23, 10.13%, 0, 1, 7, 6.78
1746585857, 0, 1390, 1653, 1603, 23, 10.13%, 0, 1, 7, 6.13
1746585862, 0, 1390, 1654, 1604, 23, 10.13%, 0, 1, 7, 5.95
1746585867, 0, 1390, 1655, 1605, 23, 10.13%, 0, 1, 7, 6.35
1746585898, 0, 1390, 1656, 1606, 23, 10.13%, 0, 1, 7, 9.98
1746585949, 0, 1390, 1659, 1609, 23, 10.13%, 0, 1, 7, 6.49
1746585990, 0, 1403, 1659, 1608, 23, 10.13%, 0, 1, 7, 28.24
1746586042, 0, 1403, 1662, 1611, 23, 10.13%, 0, 1, 7, 6.19
1746586047, 0, 1403, 1664, 1613, 23, 10.13%, 0, 1, 7, 6.04
1746586052, 0, 1403, 1665, 1614, 23, 10.13%, 0, 1, 7, 6.04
1746586057, 0, 1403, 1667, 1616, 23, 10.13%, 0, 1, 7, 5.90
1746586062, 0, 1403, 1669, 1618, 23, 10.13%, 0, 1, 7, 5.99
1746586114, 0, 1403, 1670, 1619, 23, 10.13%, 0, 1, 7, 6.19
1746586119, 0, 1403, 1672, 1621, 23, 10.13%, 0, 1, 7, 6.03
1746586124, 0, 1403, 1674, 1623, 23, 10.13%, 0, 1, 7, 5.92
1746586180, 0, 1403, 1676, 1625, 23, 10.13%, 0, 1, 7, 6.04
1746586185, 0, 1403, 1677, 1626, 23, 10.13%, 0, 1, 7, 5.81
1746586191, 0, 1403, 1679, 1628, 23, 10.13%, 0, 1, 7, 5.76
1746586196, 0, 1403, 1680, 1629, 23, 10.13%, 0, 1, 7, 9.32
1746586201, 0, 1403, 1681, 1630, 23, 10.13%, 0, 1, 7, 7.47
1746586217, 0, 1403, 1682, 1631, 23, 10.13%, 0, 1, 7, 8.13
1746586566, 0, 1403, 1684, 1633, 23, 10.13%, 0, 1, 7, 6.02
1746586576, 0, 1403, 1685, 1634, 23, 10.13%, 0, 1, 7, 5.83
1746586689, 0, 1403, 1686, 1635, 23, 10.13%, 0, 1, 7, 5.52
1746586740, 0, 1403, 1687, 1636, 23, 10.13%, 0, 1, 7, 6.06
1746586745, 0, 1403, 1688, 1637, 23, 10.13%, 0, 1, 7, 57.50
1746586890, 0, 1403, 1689, 1638, 23, 10.13%, 0, 1, 7, 6.10
1746586921, 0, 1403, 1690, 1639, 23, 10.13%, 0, 1, 7, 5.81
1746587174, 0, 1403, 1691, 1640, 23, 10.13%, 0, 1, 7, 5.55
1746587195, 0, 1403, 1692, 1641, 23, 10.13%, 0, 1, 7, 5.03
1746587200, 0, 1403, 1693, 1642, 23, 10.13%, 0, 1, 7, 5.56
1746587308, 0, 1403, 1694, 1643, 23, 10.13%, 0, 1, 7, 6.00
1746587318, 0, 1403, 1695, 1644, 23, 10.13%, 0, 1, 7, 5.79
1746587323, 0, 1403, 1696, 1645, 23, 10.13%, 0, 1, 7, 7.28
1746587405, 0, 1445, 1696, 1644, 22, 10.13%, 0, 1, 7, 29.22
1746587468, 0, 1445, 1699, 1647, 22, 10.13%, 0, 1, 7, 6.15
1746587524, 0, 1445, 1700, 1648, 22, 10.13%, 0, 1, 7, 6.03
1746587529, 0, 1445, 1701, 1649, 22, 10.13%, 0, 1, 7, 6.11
1746587580, 0, 1445, 1702, 1650, 22, 10.13%, 0, 1, 7, 6.20
1746587590, 0, 1445, 1703, 1651, 22, 10.13%, 0, 1, 7, 33.06
1746587606, 0, 1445, 1705, 1653, 22, 10.13%, 0, 1, 7, 7.94
1746587616, 0, 1445, 1706, 1654, 22, 10.13%, 0, 1, 7, 57.66
1746587904, 0, 1445, 1707, 1655, 22, 10.13%, 0, 1, 7, 6.43
1746587951, 0, 1445, 1708, 1656, 22, 10.13%, 0, 1, 7, 6.12
1746587967, 0, 1445, 1709, 1657, 22, 10.13%, 0, 1, 7, 5.95
1746588048, 0, 1445, 1710, 1658, 22, 10.13%, 0, 1, 7, 6.24
1746588275, 0, 1445, 1711, 1659, 22, 10.13%, 0, 1, 7, 5.88
1746588531, 0, 1445, 1712, 1660, 22, 10.13%, 0, 1, 7, 5.40
1746588674, 0, 1445, 1714, 1662, 22, 10.13%, 0, 1, 7, 5.78
1746588695, 0, 1445, 1715, 1663, 22, 10.13%, 0, 1, 7, 18.71
1746588761, 0, 1445, 1716, 1664, 22, 10.13%, 0, 1, 7, 39.20
1746588844, 0, 1445, 1717, 1665, 22, 10.13%, 0, 1, 7, 32.76
1746589018, 0, 1460, 1717, 1664, 22, 10.13%, 0, 1, 7, 25.87
1746589096, 0, 1460, 1719, 1666, 22, 10.13%, 0, 1, 7, 4.26
1746589368, 0, 1460, 1720, 1667, 22, 10.13%, 0, 1, 7, 4.42
1746589948, 0, 1460, 1721, 1668, 22, 10.13%, 0, 1, 7, 5.06
1746589959, 0, 1460, 1722, 1669, 22, 10.13%, 0, 1, 7, 4.63
1746589979, 0, 1473, 1722, 1668, 22, 10.13%, 0, 1, 7, 33.38
1746590200, 0, 1473, 1723, 1669, 22, 10.13%, 0, 1, 7, 36.77
1746590358, 0, 1482, 1723, 1668, 22, 10.13%, 0, 1, 7, 16.78
1746590399, 0, 1482, 1724, 1669, 22, 10.13%, 0, 1, 8, 7.36
1746590404, 0, 1482, 1725, 1670, 22, 10.13%, 0, 1, 8, 47.67
1746590450, 0, 1482, 1727, 1672, 22, 10.13%, 0, 1, 8, 7.60
1746590476, 0, 1482, 1728, 1673, 22, 10.13%, 0, 1, 8, 8.24
1746591140, 0, 1482, 1729, 1674, 22, 10.13%, 0, 1, 8, 7.69
1746591340, 0, 1486, 1729, 1673, 21, 10.13%, 0, 1, 8, 30.74
1746591781, 0, 1488, 1729, 1672, 20, 10.13%, 0, 1, 8, 35.79
1746591801, 0, 1488, 1730, 1673, 20, 10.13%, 0, 1, 8, 56.07
1746591842, 0, 1488, 1731, 1674, 20, 10.13%, 0, 1, 8, 9.95
1746591960, 0, 1488, 1732, 1675, 20, 10.13%, 0, 1, 8, 10.12
1746592222, 0, 1488, 1733, 1676, 20, 10.13%, 0, 1, 8, 39.17
1746592268, 0, 1494, 1733, 1675, 20, 10.13%, 0, 1, 8, 30.82
1746592344, 0, 1494, 1734, 1676, 20, 10.13%, 0, 1, 8, 25.86
1746593079, 0, 1500, 1734, 1675, 19, 10.13%, 0, 1, 8, 26.97
1746593950, 0, 1500, 1735, 1676, 19, 10.13%, 0, 1, 8, 28.49
1746593976, 0, 1504, 1735, 1675, 18, 10.13%, 0, 1, 8, 27.71
1746594017, 0, 1504, 1736, 1676, 18, 10.13%, 0, 1, 8, 5.78
1746594063, 0, 1504, 1737, 1677, 18, 10.13%, 0, 1, 8, 5.74
1746594105, 0, 1504, 1738, 1678, 18, 10.13%, 0, 1, 8, 5.84
1746594393, 0, 1504, 1739, 1679, 18, 10.13%, 0, 1, 8, 5.70
1746594917, 0, 1507, 1739, 1678, 18, 10.13%, 0, 1, 8, 33.06
1746595502, 0, 1507, 1740, 1679, 18, 10.13%, 0, 1, 8, 6.30
1746595815, 0, 1533, 1740, 1678, 17, 10.13%, 0, 1, 8, 29.38
1746596987, 0, 1533, 1741, 1679, 17, 10.13%, 0, 1, 8, 6.51
1746597074, 0, 1584, 1741, 1678, 16, 10.13%, 0, 1, 8, 22.89
1746597125, 0, 1584, 1742, 1679, 16, 10.13%, 0, 1, 8, 5.71
1746597130, 0, 1584, 1743, 1680, 16, 10.13%, 0, 1, 8, 5.57
1746597141, 0, 1584, 1744, 1681, 16, 10.13%, 0, 1, 8, 5.55
1746597191, 0, 1584, 1745, 1682, 16, 10.13%, 0, 1, 8, 5.72
1746597196, 0, 1584, 1746, 1683, 16, 10.13%, 0, 1, 8, 5.51
1746597201, 0, 1584, 1748, 1685, 16, 10.13%, 0, 1, 8, 5.45
1746597212, 0, 1584, 1749, 1686, 16, 10.13%, 0, 1, 8, 55.56
1746597264, 0, 1584, 1750, 1687, 16, 10.13%, 0, 1, 8, 5.44
1746597274, 0, 1584, 1751, 1688, 16, 10.13%, 0, 1, 8, 32.96
1746597295, 0, 1584, 1752, 1689, 16, 10.13%, 0, 1, 8, 6.18
1746597589, 0, 1584, 1753, 1690, 16, 10.13%, 0, 1, 8, 5.80
1746597759, 0, 1584, 1754, 1691, 16, 10.13%, 0, 1, 8, 5.11
1746598001, 0, 1584, 1755, 1692, 16, 10.13%, 0, 1, 8, 5.19
1746598294, 0, 1584, 1756, 1693, 16, 10.13%, 0, 1, 8, 5.22
1746598454, 0, 1584, 1757, 1694, 16, 10.13%, 0, 1, 8, 5.38
1746598485, 0, 1590, 1757, 1693, 15, 10.13%, 0, 1, 8, 25.79
1746598511, 0, 1590, 1758, 1694, 15, 10.13%, 0, 1, 8, 7.13
1746598547, 0, 1590, 1759, 1695, 15, 10.13%, 0, 1, 8, 5.61
1746598552, 0, 1590, 1761, 1697, 15, 10.13%, 0, 1, 8, 5.47
1746599827, 0, 1590, 1762, 1698, 15, 10.13%, 0, 1, 8, 28.88
1746599848, 0, 1608, 1762, 1697, 15, 10.13%, 0, 1, 8, 27.33
1746599868, 0, 1608, 1763, 1698, 15, 10.13%, 0, 1, 8, 7.91
1746599873, 0, 1608, 1764, 1699, 15, 10.13%, 0, 1, 8, 6.81
1746599976, 0, 1608, 1765, 1700, 15, 10.13%, 0, 1, 8, 9.36
1746600048, 0, 1608, 1766, 1701, 15, 10.13%, 0, 1, 8, 7.61
1746600342, 0, 1608, 1767, 1702, 15, 10.13%, 0, 1, 8, 5.89
1746600456, 0, 1608, 1768, 1703, 15, 10.13%, 0, 1, 8, 5.68
1746600719, 0, 1608, 1769, 1704, 15, 10.13%, 0, 1, 8, 5.63
1746600802, 0, 1608, 1770, 1705, 15, 10.13%, 0, 1, 8, 9.22
1746601209, 0, 1621, 1770, 1704, 15, 10.13%, 0, 1, 8, 25.23
