# unix_time, cycles_done, cur_path, paths_total, pending_total, pending_favs, map_size, unique_crashes, unique_hangs, max_depth, execs_per_sec
1746712264, 0, 0, 1, 1, 1, 3.78%, 0, 0, 1, 28.67
1746712269, 0, 0, 10, 10, 1, 4.06%, 0, 0, 2, 31.47
1746712274, 0, 0, 20, 20, 1, 4.95%, 0, 0, 2, 30.67
1746712280, 0, 0, 30, 30, 1, 4.98%, 0, 0, 2, 28.47
1746712285, 0, 0, 37, 37, 1, 4.99%, 0, 0, 2, 29.68
1746712290, 0, 0, 46, 46, 1, 5.01%, 0, 0, 2, 28.71
1746712295, 0, 0, 52, 52, 1, 5.08%, 0, 0, 2, 29.18
1746712300, 0, 0, 59, 59, 1, 5.09%, 0, 0, 2, 28.56
1746712305, 0, 0, 66, 66, 1, 5.09%, 0, 0, 2, 28.13
1746712310, 0, 0, 70, 70, 1, 5.12%, 0, 0, 2, 30.37
1746712315, 0, 0, 74, 74, 1, 5.12%, 0, 0, 2, 29.36
1746712320, 0, 0, 76, 76, 1, 5.12%, 0, 0, 2, 30.93
1746712326, 0, 0, 79, 79, 1, 5.12%, 0, 0, 2, 31.09
1746712331, 0, 0, 83, 83, 1, 5.12%, 0, 0, 2, 30.13
1746712336, 0, 0, 88, 88, 1, 5.12%, 0, 0, 2, 29.63
1746712341, 0, 0, 90, 90, 1, 5.13%, 0, 0, 2, 31.02
1746712346, 0, 0, 94, 94, 1, 5.13%, 0, 0, 2, 30.15
1746712351, 0, 0, 97, 97, 1, 5.13%, 0, 0, 2, 29.15
1746712356, 0, 0, 99, 99, 1, 5.13%, 0, 0, 2, 30.15
1746712361, 0, 0, 105, 105, 1, 5.13%, 0, 0, 2, 29.37
1746712366, 0, 0, 109, 109, 1, 5.13%, 0, 0, 2, 29.19
1746712372, 0, 0, 113, 113, 1, 5.13%, 0, 0, 2, 29.24
1746712377, 0, 0, 116, 116, 1, 5.13%, 0, 0, 2, 29.47
1746712382, 0, 0, 119, 119, 1, 5.13%, 0, 0, 2, 30.24
1746712387, 0, 0, 121, 121, 1, 5.13%, 0, 0, 2, 30.96
1746712392, 0, 0, 124, 124, 1, 5.13%, 0, 0, 2, 31.25
1746712397, 0, 0, 126, 126, 1, 5.13%, 0, 0, 2, 31.59
1746712403, 0, 0, 129, 129, 1, 5.13%, 0, 0, 2, 30.87
1746712408, 0, 0, 133, 133, 1, 5.13%, 0, 0, 2, 29.99
1746712413, 0, 0, 136, 136, 1, 5.13%, 0, 0, 2, 31.24
1746712418, 0, 0, 140, 140, 1, 5.13%, 0, 0, 2, 30.62
1746712423, 0, 0, 144, 144, 1, 5.13%, 0, 0, 2, 28.86
1746712428, 0, 0, 146, 146, 1, 5.13%, 0, 0, 2, 30.85
1746712434, 0, 0, 150, 150, 1, 5.13%, 0, 0, 2, 28.96
1746712439, 0, 0, 154, 154, 1, 5.13%, 0, 0, 2, 28.61
1746712444, 0, 0, 156, 156, 1, 5.13%, 0, 0, 2, 30.02
1746712449, 0, 0, 159, 159, 1, 5.13%, 0, 0, 2, 29.23
1746712454, 0, 0, 161, 161, 1, 5.13%, 0, 0, 2, 31.34
1746712459, 0, 0, 163, 163, 1, 5.13%, 0, 0, 2, 29.06
1746712464, 0, 0, 167, 167, 1, 5.13%, 0, 0, 2, 28.54
1746712469, 0, 0, 170, 170, 1, 5.13%, 0, 0, 2, 27.53
1746712474, 0, 0, 172, 172, 1, 5.13%, 0, 0, 2, 27.59
1746712484, 0, 0, 174, 174, 1, 5.13%, 0, 0, 2, 28.89
1746712490, 0, 0, 176, 176, 1, 5.14%, 0, 0, 2, 27.70
1746712500, 0, 0, 178, 178, 1, 5.14%, 0, 0, 2, 28.73
1746712505, 0, 0, 180, 180, 1, 5.14%, 0, 0, 2, 28.51
1746712510, 0, 0, 182, 182, 1, 5.16%, 0, 0, 2, 26.98
1746712515, 0, 0, 183, 183, 1, 5.16%, 0, 0, 2, 28.27
1746712520, 0, 0, 184, 184, 1, 5.16%, 0, 0, 2, 27.84
1746712525, 0, 0, 185, 185, 1, 5.16%, 0, 0, 2, 28.97
1746712530, 0, 0, 186, 186, 1, 5.16%, 0, 0, 2, 29.12
1746712535, 0, 0, 188, 188, 1, 5.16%, 0, 0, 2, 29.44
1746712541, 0, 1, 188, 187, 10, 5.16%, 0, 0, 2, 29.33
1746712546, 0, 1, 190, 189, 10, 5.16%, 0, 0, 3, 28.28
1746712551, 0, 1, 192, 191, 10, 5.16%, 0, 0, 3, 27.95
1746712556, 0, 1, 193, 192, 10, 5.16%, 0, 0, 3, 28.16
1746712561, 0, 1, 197, 196, 10, 5.16%, 0, 0, 3, 26.32
1746712566, 0, 1, 199, 198, 10, 5.16%, 0, 0, 3, 26.39
1746712571, 0, 1, 202, 201, 10, 5.16%, 0, 0, 3, 26.38
1746712577, 0, 1, 204, 203, 10, 5.16%, 0, 0, 3, 27.97
1746712582, 0, 1, 205, 204, 10, 5.16%, 0, 0, 3, 27.62
1746712587, 0, 1, 207, 206, 10, 5.16%, 0, 0, 3, 27.95
1746712592, 0, 1, 208, 207, 10, 5.16%, 0, 0, 3, 28.37
1746712597, 0, 1, 209, 208, 10, 5.16%, 0, 0, 3, 28.87
1746712602, 0, 1, 211, 210, 10, 5.16%, 0, 0, 3, 27.99
1746712607, 0, 1, 212, 211, 10, 5.16%, 0, 0, 3, 28.89
1746712623, 0, 1, 213, 212, 10, 5.16%, 0, 0, 3, 29.29
1746712649, 0, 1, 215, 214, 10, 5.16%, 0, 0, 3, 28.75
1746712654, 0, 1, 216, 215, 10, 5.16%, 0, 0, 3, 28.17
1746712669, 0, 1, 217, 216, 10, 5.16%, 0, 0, 3, 28.58
1746712674, 0, 1, 218, 217, 10, 5.16%, 0, 0, 3, 28.83
1746712679, 0, 1, 219, 218, 10, 5.16%, 0, 0, 3, 28.37
1746712684, 0, 1, 220, 219, 10, 5.16%, 0, 0, 3, 29.16
1746712690, 0, 1, 221, 220, 10, 5.16%, 0, 0, 3, 29.45
1746712695, 0, 1, 222, 221, 10, 5.16%, 0, 0, 3, 28.32
1746712700, 0, 1, 224, 223, 10, 5.16%, 0, 0, 3, 27.50
1746712710, 0, 1, 225, 224, 10, 5.16%, 0, 0, 3, 28.73
1746712715, 0, 1, 226, 225, 10, 5.16%, 0, 0, 3, 27.12
1746712725, 0, 1, 227, 226, 10, 5.16%, 0, 0, 3, 29.61
1746712730, 0, 1, 228, 227, 10, 5.16%, 0, 0, 3, 28.60
1746712735, 0, 1, 230, 229, 10, 5.16%, 0, 0, 3, 29.13
1746712740, 0, 1, 232, 231, 10, 5.16%, 0, 0, 3, 27.33
1746712746, 0, 1, 233, 232, 10, 5.16%, 0, 0, 3, 28.15
1746712756, 0, 1, 234, 233, 10, 5.16%, 0, 0, 3, 27.34
1746712761, 0, 1, 235, 234, 10, 5.16%, 0, 0, 3, 28.06
1746712766, 0, 1, 236, 235, 10, 5.16%, 0, 0, 3, 28.18
1746712771, 0, 1, 237, 236, 10, 5.16%, 0, 0, 3, 28.39
1746712776, 0, 1, 238, 237, 10, 5.16%, 0, 0, 3, 28.04
1746712787, 0, 34, 238, 236, 10, 5.16%, 0, 0, 3, 29.57
1746712828, 0, 34, 239, 237, 10, 5.16%, 0, 0, 3, 28.09
1746712833, 0, 34, 241, 239, 10, 5.16%, 0, 0, 3, 27.33
1746712838, 0, 34, 243, 241, 10, 5.16%, 0, 0, 3, 27.29
1746712843, 0, 34, 244, 242, 10, 5.16%, 0, 0, 3, 28.41
1746712859, 0, 34, 245, 243, 10, 5.16%, 0, 0, 3, 27.24
1746712869, 0, 34, 246, 244, 10, 5.16%, 0, 0, 3, 28.26
1746712874, 0, 34, 247, 245, 10, 5.16%, 0, 0, 3, 28.34
1746712880, 0, 34, 248, 246, 10, 5.16%, 0, 0, 3, 28.15
1746712890, 0, 34, 249, 247, 10, 5.16%, 0, 0, 3, 29.10
1746712895, 0, 34, 250, 248, 10, 5.16%, 0, 0, 3, 28.52
1746712900, 0, 34, 251, 249, 10, 5.16%, 0, 0, 3, 28.77
1746712905, 0, 34, 252, 250, 10, 5.16%, 0, 0, 3, 28.58
1746712915, 0, 34, 253, 251, 10, 5.16%, 0, 0, 3, 28.66
1746712920, 0, 34, 254, 252, 10, 5.16%, 0, 0, 3, 28.31
1746712925, 0, 34, 255, 253, 10, 5.16%, 0, 0, 3, 26.04
1746712931, 0, 34, 256, 254, 10, 5.16%, 0, 0, 3, 25.80
1746712946, 0, 34, 258, 256, 10, 5.16%, 0, 0, 3, 26.36
1746712956, 0, 34, 259, 257, 10, 5.18%, 0, 0, 3, 26.70
1746712982, 0, 34, 262, 260, 10, 5.18%, 0, 0, 3, 24.40
1746712992, 0, 34, 263, 261, 10, 5.19%, 0, 0, 3, 25.72
1746713002, 0, 34, 264, 262, 10, 5.19%, 0, 0, 3, 26.07
1746713022, 0, 34, 265, 263, 10, 5.19%, 0, 0, 3, 26.14
1746713033, 0, 34, 266, 264, 10, 5.19%, 0, 0, 3, 26.88
1746713038, 0, 34, 267, 265, 10, 5.19%, 0, 0, 3, 25.87
1746713058, 0, 34, 269, 267, 10, 5.19%, 0, 0, 3, 24.28
1746713063, 0, 34, 270, 268, 10, 5.19%, 0, 0, 3, 25.96
1746713073, 0, 61, 270, 267, 12, 5.19%, 0, 0, 3, 26.51
1746713099, 0, 61, 271, 268, 12, 5.19%, 0, 0, 3, 17.78
1746713104, 0, 61, 272, 269, 12, 5.19%, 0, 0, 3, 17.80
1746713509, 0, 61, 273, 270, 12, 5.19%, 0, 0, 3, 18.11
1746713745, 0, 61, 274, 271, 12, 5.19%, 0, 0, 3, 18.09
1746713780, 0, 61, 275, 272, 12, 5.19%, 0, 0, 3, 18.74
1746713785, 0, 61, 279, 276, 12, 5.19%, 0, 0, 3, 19.17
1746713791, 0, 61, 282, 279, 12, 5.19%, 0, 0, 3, 19.22
1746713796, 0, 61, 286, 283, 12, 5.35%, 0, 0, 3, 18.41
1746713801, 0, 61, 288, 285, 12, 5.35%, 0, 0, 3, 19.54
1746713806, 0, 61, 289, 286, 12, 5.35%, 0, 0, 3, 19.57
1746713811, 0, 61, 294, 291, 12, 5.35%, 0, 0, 3, 18.25
1746713816, 0, 61, 298, 295, 12, 5.35%, 0, 0, 3, 17.38
1746713822, 0, 61, 299, 296, 12, 5.35%, 0, 0, 3, 18.73
1746713827, 0, 61, 300, 297, 12, 5.35%, 0, 0, 3, 20.26
1746713832, 0, 61, 302, 299, 12, 5.35%, 0, 0, 3, 20.18
1746713837, 0, 61, 305, 302, 12, 5.35%, 0, 0, 3, 19.01
1746713842, 0, 61, 308, 305, 12, 5.35%, 0, 0, 3, 18.44
1746713853, 0, 61, 310, 307, 12, 5.35%, 0, 0, 3, 19.73
1746713858, 0, 61, 311, 308, 12, 5.35%, 0, 0, 3, 20.37
1746713863, 0, 61, 312, 309, 12, 5.35%, 0, 0, 3, 20.13
1746713868, 0, 61, 316, 313, 12, 5.35%, 0, 0, 3, 19.09
1746713878, 0, 61, 318, 315, 12, 5.35%, 0, 0, 3, 19.97
1746713883, 0, 61, 321, 318, 12, 5.35%, 0, 0, 3, 18.03
1746713888, 0, 61, 322, 319, 12, 5.35%, 0, 0, 3, 19.65
1746713893, 0, 61, 324, 321, 12, 5.35%, 0, 0, 3, 18.02
1746713909, 0, 61, 326, 323, 12, 5.35%, 0, 0, 3, 19.15
1746713914, 0, 61, 327, 324, 12, 5.35%, 0, 0, 3, 19.88
1746713919, 0, 61, 328, 325, 12, 5.35%, 0, 0, 3, 19.80
1746713924, 0, 61, 329, 326, 12, 5.35%, 0, 0, 3, 19.77
1746713934, 0, 61, 331, 328, 12, 5.35%, 0, 0, 3, 19.61
1746713939, 0, 61, 334, 331, 12, 5.35%, 0, 0, 3, 18.73
1746713944, 0, 61, 335, 332, 12, 5.35%, 0, 0, 3, 19.58
1746713954, 0, 61, 336, 333, 12, 5.35%, 0, 0, 3, 19.61
1746713960, 0, 61, 337, 334, 12, 5.35%, 0, 0, 3, 20.07
1746713970, 0, 61, 338, 335, 12, 5.35%, 0, 0, 3, 19.02
1746713975, 0, 61, 339, 336, 12, 5.35%, 0, 0, 3, 19.71
1746713980, 0, 61, 340, 337, 12, 5.36%, 0, 0, 3, 18.51
1746714000, 0, 61, 341, 338, 12, 5.36%, 0, 0, 3, 19.16
1746714006, 0, 61, 343, 340, 12, 5.36%, 0, 0, 3, 18.92
1746714011, 0, 61, 344, 341, 12, 5.36%, 0, 0, 3, 19.04
1746714036, 0, 61, 345, 342, 12, 5.36%, 0, 0, 3, 19.84
1746714041, 0, 61, 346, 343, 12, 5.36%, 0, 0, 3, 19.62
1746714051, 0, 61, 348, 345, 12, 5.36%, 0, 0, 3, 18.20
1746714056, 0, 61, 349, 346, 12, 5.36%, 0, 0, 3, 18.67
1746714062, 0, 61, 350, 347, 12, 5.36%, 0, 0, 3, 19.61
1746714072, 0, 61, 351, 348, 12, 5.36%, 0, 0, 3, 18.95
1746714082, 0, 61, 352, 349, 12, 5.36%, 0, 0, 3, 18.44
1746714087, 0, 61, 353, 350, 12, 5.36%, 0, 0, 3, 19.05
1746714097, 0, 61, 354, 351, 12, 5.36%, 0, 0, 3, 19.39
1746714102, 0, 61, 355, 352, 12, 5.36%, 0, 0, 3, 19.24
1746714107, 0, 61, 356, 353, 12, 5.36%, 0, 0, 3, 19.66
1746714113, 0, 61, 357, 354, 12, 5.36%, 0, 0, 3, 20.19
1746714118, 0, 61, 358, 355, 12, 5.36%, 0, 0, 3, 19.52
1746714128, 0, 61, 359, 356, 12, 5.36%, 0, 0, 3, 18.74
1746714133, 0, 61, 360, 357, 12, 5.36%, 0, 0, 3, 18.80
1746714138, 0, 61, 361, 358, 12, 5.36%, 0, 0, 3, 19.20
1746714148, 0, 61, 362, 359, 12, 5.36%, 0, 0, 3, 20.41
1746714154, 0, 82, 362, 358, 15, 5.36%, 0, 0, 3, 17.17
1746715394, 0, 82, 363, 359, 15, 5.36%, 0, 0, 3, 17.29
1746715399, 0, 82, 366, 362, 15, 5.36%, 0, 0, 3, 15.86
1746715404, 0, 82, 368, 364, 15, 5.36%, 0, 0, 3, 16.73
1746715409, 0, 82, 370, 366, 15, 5.36%, 0, 0, 3, 16.97
1746715415, 0, 82, 373, 369, 15, 5.36%, 0, 0, 3, 16.02
1746715420, 0, 82, 374, 370, 15, 5.36%, 0, 0, 3, 16.85
1746715425, 0, 82, 376, 372, 15, 5.36%, 0, 0, 3, 16.37
1746715430, 0, 82, 378, 374, 15, 6.07%, 0, 0, 3, 15.09
1746715440, 0, 82, 381, 377, 15, 6.07%, 0, 0, 3, 16.84
1746715445, 0, 82, 383, 379, 15, 6.07%, 0, 0, 3, 16.41
1746715450, 0, 82, 386, 382, 15, 6.07%, 0, 0, 3, 14.38
1746715455, 0, 82, 390, 386, 15, 6.07%, 0, 0, 3, 14.79
1746715461, 0, 82, 392, 388, 15, 6.08%, 0, 0, 3, 16.36
1746715466, 0, 82, 393, 389, 15, 6.08%, 0, 0, 3, 14.77
1746715471, 0, 82, 395, 391, 15, 6.09%, 0, 0, 3, 16.30
1746715476, 0, 82, 396, 392, 15, 6.09%, 0, 0, 3, 17.01
1746715481, 0, 82, 399, 395, 15, 6.09%, 0, 0, 3, 16.64
1746715486, 0, 82, 400, 396, 15, 6.09%, 0, 0, 3, 16.71
1746715491, 0, 82, 401, 397, 15, 6.10%, 0, 0, 3, 17.47
1746715496, 0, 82, 402, 398, 15, 6.10%, 0, 0, 3, 16.70
1746715501, 0, 82, 403, 399, 15, 6.10%, 0, 0, 3, 16.99
1746715506, 0, 82, 404, 400, 15, 6.10%, 0, 0, 3, 17.39
1746715512, 0, 82, 406, 402, 15, 6.10%, 0, 0, 3, 16.28
1746715517, 0, 82, 409, 405, 15, 6.10%, 0, 0, 3, 15.73
1746715527, 0, 82, 411, 407, 15, 6.10%, 0, 0, 3, 16.52
1746715532, 0, 82, 413, 409, 15, 6.10%, 0, 0, 3, 15.49
1746715537, 0, 82, 414, 410, 15, 6.10%, 0, 0, 3, 15.85
1746715542, 0, 82, 415, 411, 15, 6.38%, 0, 0, 3, 15.66
1746715547, 0, 82, 416, 412, 15, 6.38%, 0, 0, 3, 16.78
1746715558, 0, 82, 417, 413, 15, 6.38%, 0, 0, 3, 17.12
1746715563, 0, 82, 418, 414, 15, 6.38%, 0, 0, 3, 16.24
1746715578, 0, 82, 419, 415, 15, 6.38%, 0, 0, 3, 17.08
1746715583, 0, 82, 421, 417, 15, 6.38%, 0, 0, 3, 16.97
1746715588, 0, 82, 422, 418, 15, 6.38%, 0, 0, 3, 17.26
1746715594, 0, 82, 424, 420, 15, 6.38%, 0, 0, 3, 16.37
1746715599, 0, 82, 425, 421, 15, 6.38%, 0, 0, 3, 17.16
1746715604, 0, 82, 427, 423, 15, 6.38%, 0, 0, 3, 16.53
1746715609, 0, 82, 428, 424, 15, 6.38%, 0, 0, 3, 17.55
1746715614, 0, 82, 429, 425, 15, 6.38%, 0, 0, 3, 16.42
1746715619, 0, 82, 431, 427, 15, 6.38%, 0, 0, 3, 16.39
1746715630, 0, 82, 432, 428, 15, 6.38%, 0, 0, 3, 16.35
1746715640, 0, 82, 433, 429, 15, 6.38%, 0, 0, 3, 16.80
1746715650, 0, 82, 434, 430, 15, 6.38%, 0, 0, 3, 16.61
1746715655, 0, 82, 435, 431, 15, 6.38%, 0, 0, 3, 16.87
1746715665, 0, 82, 438, 434, 15, 6.41%, 0, 0, 3, 15.59
1746715681, 0, 82, 440, 436, 15, 6.41%, 0, 0, 3, 15.28
1746715686, 0, 82, 441, 437, 15, 6.41%, 0, 0, 3, 16.02
1746715706, 0, 82, 443, 439, 15, 6.41%, 0, 0, 3, 16.20
1746715717, 0, 82, 444, 440, 15, 6.42%, 0, 0, 3, 15.83
1746715747, 0, 82, 445, 441, 15, 6.42%, 0, 0, 3, 17.65
1746715757, 0, 82, 446, 442, 15, 6.42%, 0, 0, 3, 16.36
1746715762, 0, 82, 448, 444, 15, 6.43%, 0, 0, 3, 16.10
1746715767, 0, 82, 449, 445, 15, 6.43%, 0, 0, 3, 16.27
1746715778, 0, 82, 451, 447, 15, 6.43%, 0, 0, 3, 15.85
1746715798, 0, 82, 452, 448, 15, 6.43%, 0, 0, 3, 16.43
1746715803, 0, 82, 453, 449, 15, 6.43%, 0, 0, 3, 16.64
1746715808, 0, 82, 455, 451, 15, 6.43%, 0, 0, 3, 15.98
1746715814, 0, 82, 456, 452, 15, 6.43%, 0, 0, 3, 16.70
1746715819, 0, 82, 457, 453, 15, 6.43%, 0, 0, 3, 16.13
1746715824, 0, 82, 458, 454, 15, 6.45%, 0, 0, 3, 16.61
1746715829, 0, 137, 458, 453, 17, 6.45%, 0, 0, 3, 18.52
1746716225, 0, 137, 459, 454, 17, 6.45%, 0, 0, 3, 21.16
1746716240, 0, 162, 459, 453, 17, 6.45%, 0, 0, 3, 22.35
1746716694, 0, 162, 462, 456, 17, 6.45%, 0, 0, 3, 20.46
1746716699, 0, 162, 463, 457, 17, 6.45%, 0, 0, 3, 20.95
1746716704, 0, 162, 464, 458, 17, 6.45%, 0, 0, 3, 22.06
1746716709, 0, 162, 465, 459, 17, 6.45%, 0, 0, 3, 21.19
1746716720, 0, 162, 466, 460, 17, 6.45%, 0, 0, 3, 21.35
1746716786, 0, 162, 467, 461, 17, 6.45%, 0, 0, 3, 21.18
1746716791, 0, 162, 468, 462, 17, 6.45%, 0, 0, 3, 20.77
1746716924, 0, 162, 469, 463, 17, 6.45%, 0, 0, 3, 20.11
1746716950, 0, 162, 470, 464, 17, 6.45%, 0, 0, 3, 21.63
1746716996, 0, 184, 470, 463, 16, 6.45%, 0, 0, 3, 21.38
1746717281, 0, 188, 470, 462, 16, 6.45%, 0, 0, 3, 23.41
1746717580, 0, 251, 470, 461, 15, 6.45%, 0, 0, 3, 19.92
1746718132, 0, 279, 470, 460, 14, 6.45%, 0, 0, 3, 17.37
1746719688, 0, 279, 471, 461, 14, 6.45%, 0, 0, 4, 15.04
1746719693, 0, 279, 473, 463, 14, 6.45%, 0, 0, 4, 14.85
1746719714, 0, 279, 474, 464, 14, 6.45%, 0, 0, 4, 14.96
1746719729, 0, 279, 476, 466, 14, 6.45%, 0, 0, 4, 15.04
1746719734, 0, 279, 477, 467, 14, 6.45%, 0, 0, 4, 15.17
1746719745, 0, 279, 478, 468, 14, 6.45%, 0, 0, 4, 15.20
1746719760, 0, 279, 479, 469, 14, 6.45%, 0, 0, 4, 16.27
1746719765, 0, 279, 480, 470, 14, 6.45%, 0, 0, 4, 15.37
1746719770, 0, 279, 481, 471, 14, 6.45%, 0, 0, 4, 14.83
1746719791, 0, 279, 482, 472, 14, 6.45%, 0, 0, 4, 16.48
1746719806, 0, 279, 483, 473, 14, 6.45%, 0, 0, 4, 15.09
1746719816, 0, 279, 484, 474, 14, 6.45%, 0, 0, 4, 16.24
1746719821, 0, 279, 486, 476, 14, 6.45%, 0, 0, 4, 14.04
1746719831, 0, 279, 487, 477, 14, 6.45%, 0, 0, 4, 16.02
1746719862, 0, 279, 488, 478, 14, 6.45%, 0, 0, 4, 16.19
1746719883, 0, 279, 488, 478, 14, 6.45%, 0, 1, 4, 17.27
1746719944, 0, 279, 489, 479, 14, 6.45%, 0, 1, 4, 15.55
1746720026, 0, 279, 490, 480, 14, 6.45%, 0, 1, 4, 15.79
1746720041, 0, 279, 491, 481, 14, 6.45%, 0, 1, 4, 15.59
1746720046, 0, 279, 493, 483, 14, 6.45%, 0, 1, 4, 15.29
1746720072, 0, 279, 494, 484, 14, 6.45%, 0, 1, 4, 15.63
1746720087, 0, 279, 495, 485, 14, 6.45%, 0, 1, 4, 15.53
1746720107, 0, 283, 495, 484, 14, 6.45%, 0, 1, 4, 16.48
1746720943, 0, 339, 495, 483, 13, 6.45%, 0, 1, 4, 14.51
1746721061, 0, 339, 496, 484, 13, 6.45%, 0, 1, 4, 10.42
1746721133, 0, 339, 497, 485, 13, 6.45%, 0, 1, 4, 10.41
1746721447, 0, 339, 498, 486, 13, 6.45%, 0, 1, 4, 10.42
1746721488, 0, 339, 499, 487, 13, 6.45%, 0, 1, 4, 10.58
1746721575, 0, 339, 500, 488, 13, 6.45%, 0, 1, 4, 10.43
1746721581, 0, 339, 501, 489, 13, 6.45%, 0, 1, 4, 10.41
1746723685, 0, 339, 502, 490, 13, 6.45%, 0, 1, 4, 9.49
1746725677, 0, 339, 505, 493, 13, 6.45%, 0, 1, 4, 9.58
1746725682, 0, 339, 510, 498, 13, 6.45%, 0, 1, 4, 9.62
1746725687, 0, 339, 513, 501, 13, 6.45%, 0, 1, 4, 9.64
1746725692, 0, 339, 518, 506, 13, 6.45%, 0, 1, 4, 9.79
1746725697, 0, 339, 521, 509, 13, 6.45%, 0, 1, 4, 9.36
1746725702, 0, 339, 525, 513, 13, 6.45%, 0, 1, 4, 9.54
1746725708, 0, 339, 528, 516, 13, 6.45%, 0, 1, 4, 10.00
1746725713, 0, 339, 532, 520, 13, 6.45%, 0, 1, 4, 10.03
1746725718, 0, 339, 535, 523, 13, 6.45%, 0, 1, 4, 10.44
1746725723, 0, 339, 538, 526, 13, 6.45%, 0, 1, 4, 10.00
1746725728, 0, 339, 539, 527, 13, 6.45%, 0, 1, 4, 10.32
1746725733, 0, 339, 542, 530, 13, 6.45%, 0, 1, 4, 9.28
1746725738, 0, 339, 543, 531, 13, 6.45%, 0, 1, 4, 9.65
1746725743, 0, 339, 545, 533, 13, 6.45%, 0, 1, 4, 9.61
1746725748, 0, 339, 548, 536, 13, 6.45%, 0, 1, 4, 9.66
1746725754, 0, 339, 549, 537, 13, 6.45%, 0, 1, 4, 9.89
1746725759, 0, 339, 551, 539, 13, 6.45%, 0, 1, 4, 10.01
1746725764, 0, 339, 552, 540, 13, 6.45%, 0, 1, 4, 9.80
1746725769, 0, 339, 553, 541, 13, 6.45%, 0, 1, 4, 9.73
1746725774, 0, 339, 554, 542, 13, 6.45%, 0, 1, 4, 10.44
1746725779, 0, 339, 556, 544, 13, 6.45%, 0, 1, 4, 9.76
1746725785, 0, 339, 557, 545, 13, 6.45%, 0, 1, 4, 10.34
1746725795, 0, 339, 559, 547, 13, 6.45%, 0, 1, 4, 9.62
1746725800, 0, 339, 561, 549, 13, 6.45%, 0, 1, 4, 10.52
1746725810, 0, 339, 563, 551, 13, 6.45%, 0, 1, 4, 9.46
1746725820, 0, 339, 564, 552, 13, 6.45%, 0, 1, 4, 10.18
1746725826, 0, 339, 565, 553, 13, 6.45%, 0, 1, 4, 9.97
1746725846, 0, 339, 567, 555, 13, 6.45%, 0, 1, 4, 10.30
1746725851, 0, 339, 568, 556, 13, 6.45%, 0, 1, 4, 10.46
1746725862, 0, 339, 569, 557, 13, 6.45%, 0, 1, 4, 10.08
1746725867, 0, 339, 570, 558, 13, 6.45%, 0, 1, 4, 9.72
1746725872, 0, 339, 571, 559, 13, 6.45%, 0, 1, 4, 10.41
1746725882, 0, 339, 572, 560, 13, 6.46%, 0, 1, 4, 10.00
1746725887, 0, 339, 573, 561, 13, 6.46%, 0, 1, 4, 9.79
1746725893, 0, 339, 574, 562, 13, 6.46%, 0, 1, 4, 9.46
1746725908, 0, 339, 575, 563, 13, 6.47%, 0, 1, 4, 10.28
1746725913, 0, 339, 576, 564, 13, 6.47%, 0, 1, 4, 10.49
1746725918, 0, 339, 577, 565, 13, 6.47%, 0, 1, 4, 9.92
1746725939, 0, 339, 578, 566, 13, 6.47%, 0, 1, 4, 10.21
1746725944, 0, 339, 579, 567, 13, 6.53%, 0, 1, 4, 9.94
1746725949, 0, 339, 580, 568, 13, 6.53%, 0, 1, 4, 9.43
1746725959, 0, 339, 583, 571, 13, 6.53%, 0, 1, 4, 10.64
1746725974, 0, 339, 584, 572, 13, 6.53%, 0, 1, 4, 10.29
1746725980, 0, 339, 585, 573, 13, 6.53%, 0, 1, 4, 10.05
1746725985, 0, 339, 586, 574, 13, 6.53%, 0, 1, 4, 10.15
1746725995, 0, 339, 587, 575, 13, 6.53%, 0, 1, 4, 9.97
1746726005, 0, 339, 589, 577, 13, 6.53%, 0, 1, 4, 9.92
1746726021, 0, 339, 590, 578, 13, 6.53%, 0, 1, 4, 10.60
1746726026, 0, 339, 591, 579, 13, 6.53%, 0, 1, 4, 10.67
1746726031, 0, 339, 592, 580, 13, 6.53%, 0, 1, 4, 10.39
1746726036, 0, 339, 593, 581, 13, 6.54%, 0, 1, 4, 10.01
1746726057, 0, 339, 594, 582, 13, 6.54%, 0, 1, 4, 10.20
1746726062, 0, 339, 595, 583, 13, 6.54%, 0, 1, 4, 10.60
1746726082, 0, 339, 596, 584, 13, 6.54%, 0, 1, 4, 10.45
1746726108, 0, 339, 597, 585, 13, 6.54%, 0, 1, 4, 10.67
1746726118, 0, 339, 598, 586, 13, 6.54%, 0, 1, 4, 11.03
1746726123, 0, 339, 599, 587, 13, 6.54%, 0, 1, 4, 10.68
1746726128, 0, 339, 600, 588, 13, 6.54%, 0, 1, 4, 9.42
1746726139, 0, 339, 602, 590, 13, 6.54%, 0, 1, 4, 9.89
1746726159, 0, 339, 603, 591, 13, 6.54%, 0, 1, 4, 10.98
1746726175, 0, 339, 604, 592, 13, 6.54%, 0, 1, 4, 10.35
1746726190, 0, 339, 605, 593, 13, 6.54%, 0, 1, 4, 9.90
1746726200, 0, 339, 606, 594, 13, 6.54%, 0, 1, 4, 10.80
1746726226, 0, 339, 608, 596, 13, 6.54%, 0, 1, 4, 10.56
1746726231, 0, 339, 609, 597, 13, 6.54%, 0, 1, 4, 9.94
1746726236, 0, 354, 610, 597, 18, 6.54%, 0, 1, 4, 11.31
1746727241, 0, 354, 611, 598, 18, 6.54%, 0, 1, 4, 18.17
1746727256, 0, 354, 612, 599, 18, 6.54%, 0, 1, 4, 18.41
1746727282, 0, 376, 612, 598, 18, 6.54%, 0, 1, 4, 15.23
1746727338, 0, 376, 613, 599, 18, 6.54%, 0, 1, 4, 13.83
1746727457, 0, 376, 614, 600, 18, 6.54%, 0, 1, 4, 13.64
1746728262, 0, 376, 615, 601, 18, 6.54%, 0, 1, 4, 13.69
1746728808, 0, 376, 616, 602, 18, 6.54%, 0, 1, 4, 16.12
1746728813, 0, 376, 617, 603, 18, 6.54%, 0, 1, 4, 15.92
1746728819, 0, 376, 618, 604, 18, 6.54%, 0, 1, 4, 15.04
1746728829, 0, 376, 620, 606, 18, 6.54%, 0, 1, 4, 15.27
1746728834, 0, 376, 621, 607, 18, 6.54%, 0, 1, 4, 15.67
1746728839, 0, 376, 622, 608, 18, 6.54%, 0, 1, 4, 15.39
1746728844, 0, 376, 623, 609, 18, 6.54%, 0, 1, 4, 15.32
1746728849, 0, 376, 624, 610, 18, 6.54%, 0, 1, 4, 15.34
1746728855, 0, 376, 627, 613, 18, 6.54%, 0, 1, 4, 15.25
1746728860, 0, 376, 628, 614, 18, 6.54%, 0, 1, 4, 15.80
1746728865, 0, 376, 629, 615, 18, 6.54%, 0, 1, 4, 15.64
1746728875, 0, 376, 630, 616, 18, 6.54%, 0, 1, 4, 15.16
1746728890, 0, 376, 631, 617, 18, 6.54%, 0, 1, 4, 14.94
1746728921, 0, 376, 632, 618, 18, 6.55%, 0, 1, 4, 14.13
1746728926, 0, 376, 633, 619, 18, 6.55%, 0, 1, 4, 14.91
1746728931, 0, 376, 634, 620, 18, 6.55%, 0, 1, 4, 14.90
1746728942, 0, 376, 636, 622, 18, 6.55%, 0, 1, 4, 14.63
1746728947, 0, 376, 637, 623, 18, 6.55%, 0, 1, 4, 15.39
1746728952, 0, 376, 638, 624, 18, 6.55%, 0, 1, 4, 15.61
1746728957, 0, 376, 639, 625, 18, 6.55%, 0, 1, 4, 14.99
1746728962, 0, 376, 640, 626, 18, 6.55%, 0, 1, 4, 14.48
1746728988, 0, 376, 641, 627, 18, 6.55%, 0, 1, 4, 15.40
1746728993, 0, 376, 642, 628, 18, 6.55%, 0, 1, 4, 15.61
1746729018, 0, 376, 643, 629, 18, 6.61%, 0, 1, 4, 15.01
1746729029, 0, 376, 644, 630, 18, 6.61%, 0, 1, 4, 15.47
1746729034, 0, 376, 645, 631, 18, 6.61%, 0, 1, 4, 15.75
1746729044, 0, 376, 646, 632, 18, 6.62%, 0, 1, 4, 16.07
1746729074, 0, 376, 647, 633, 18, 6.62%, 0, 1, 4, 15.64
1746729090, 0, 376, 648, 634, 18, 6.62%, 0, 1, 4, 15.78
1746729095, 0, 376, 649, 635, 18, 6.62%, 0, 1, 4, 16.01
1746729125, 0, 376, 650, 636, 18, 6.62%, 0, 1, 4, 15.70
1746729162, 0, 376, 651, 637, 18, 6.62%, 0, 1, 4, 16.19
1746729172, 0, 376, 652, 638, 18, 6.62%, 0, 1, 4, 16.10
1746729212, 0, 376, 653, 639, 18, 6.62%, 0, 1, 4, 15.58
1746729218, 0, 376, 654, 640, 18, 6.62%, 0, 1, 4, 15.52
1746729228, 0, 376, 655, 641, 18, 6.62%, 0, 1, 4, 15.81
1746729238, 0, 393, 655, 640, 16, 6.62%, 0, 1, 4, 13.15
1746729362, 0, 393, 656, 641, 16, 6.62%, 0, 1, 4, 11.46
1746733571, 0, 393, 657, 642, 16, 6.62%, 0, 1, 4, 6.63
1746733576, 0, 393, 658, 643, 16, 6.62%, 0, 1, 4, 6.78
1746733581, 0, 393, 659, 644, 16, 6.62%, 0, 1, 4, 6.46
1746733587, 0, 393, 660, 645, 16, 6.62%, 0, 1, 4, 6.42
1746733592, 0, 393, 661, 646, 16, 6.62%, 0, 1, 4, 6.65
1746733602, 0, 393, 663, 648, 16, 6.62%, 0, 1, 4, 7.23
1746733607, 0, 393, 664, 649, 16, 6.62%, 0, 1, 4, 6.95
1746733612, 0, 393, 665, 650, 16, 6.62%, 0, 1, 4, 6.82
1746733623, 0, 393, 666, 651, 16, 6.62%, 0, 1, 4, 7.07
1746733633, 0, 393, 667, 652, 16, 6.62%, 0, 1, 4, 7.43
1746733638, 0, 393, 668, 653, 16, 6.62%, 0, 1, 4, 7.23
1746733643, 0, 393, 669, 654, 16, 6.62%, 0, 1, 4, 6.98
1746733648, 0, 393, 670, 655, 16, 6.62%, 0, 1, 4, 6.28
1746733653, 0, 393, 671, 656, 16, 6.62%, 0, 1, 4, 6.71
1746733664, 0, 393, 672, 657, 16, 6.62%, 0, 1, 4, 6.75
1746733690, 0, 393, 673, 658, 16, 6.62%, 0, 1, 4, 7.06
1746733695, 0, 393, 675, 660, 16, 6.62%, 0, 1, 4, 7.19
1746733705, 0, 393, 676, 661, 16, 6.62%, 0, 1, 4, 6.95
1746733710, 0, 393, 677, 662, 16, 6.62%, 0, 1, 4, 6.73
1746733731, 0, 393, 678, 663, 16, 6.62%, 0, 1, 4, 6.75
1746733751, 0, 393, 679, 664, 16, 6.62%, 0, 1, 4, 7.24
1746733782, 0, 393, 680, 665, 16, 6.62%, 0, 1, 4, 7.12
1746733802, 0, 393, 682, 667, 16, 6.65%, 0, 1, 4, 6.31
1746733828, 0, 393, 683, 668, 16, 6.65%, 0, 1, 4, 6.81
1746733910, 0, 393, 684, 669, 16, 6.65%, 0, 1, 4, 7.01
1746733930, 0, 393, 686, 671, 16, 6.65%, 0, 1, 4, 7.02
1746733956, 0, 393, 687, 672, 16, 6.65%, 0, 1, 4, 6.73
1746733981, 0, 393, 688, 673, 16, 6.65%, 0, 1, 4, 7.08
1746733991, 0, 393, 689, 674, 16, 6.65%, 0, 1, 4, 6.94
1746733996, 0, 393, 690, 675, 16, 6.65%, 0, 1, 4, 6.94
1746734022, 0, 393, 691, 676, 16, 6.65%, 0, 1, 4, 7.08
1746734032, 0, 393, 692, 677, 16, 6.65%, 0, 1, 4, 6.94
1746734038, 0, 393, 693, 678, 16, 6.65%, 0, 1, 4, 6.96
1746734043, 0, 393, 694, 679, 16, 6.72%, 0, 1, 4, 7.12
1746734058, 0, 393, 695, 680, 16, 6.72%, 0, 1, 4, 6.80
1746734063, 0, 393, 696, 681, 16, 6.72%, 0, 1, 4, 6.56
1746734079, 0, 393, 697, 682, 16, 6.72%, 0, 1, 4, 6.79
1746734167, 0, 393, 698, 683, 16, 6.72%, 0, 1, 4, 6.54
1746734182, 0, 393, 699, 684, 16, 6.72%, 0, 1, 4, 6.60
1746734208, 0, 393, 700, 685, 16, 6.72%, 0, 1, 4, 7.17
1746734234, 0, 393, 701, 686, 16, 6.72%, 0, 1, 4, 6.89
1746734259, 0, 393, 702, 687, 16, 6.72%, 0, 1, 4, 6.91
1746734326, 0, 393, 703, 688, 16, 6.72%, 0, 1, 4, 7.40
1746734352, 0, 393, 704, 689, 16, 6.72%, 0, 1, 4, 7.53
1746734357, 0, 393, 706, 691, 16, 6.72%, 0, 1, 4, 6.65
1746734398, 0, 393, 707, 692, 16, 6.72%, 0, 1, 4, 7.36
1746734408, 0, 393, 708, 693, 16, 6.72%, 0, 1, 4, 7.17
1746734413, 0, 393, 709, 694, 16, 6.72%, 0, 1, 4, 5.76
1746734439, 0, 393, 710, 695, 16, 6.72%, 0, 1, 4, 5.94
1746734444, 0, 393, 711, 696, 16, 6.72%, 0, 1, 4, 6.40
1746734454, 0, 393, 712, 697, 16, 6.72%, 0, 1, 4, 7.08
1746734557, 0, 457, 712, 696, 13, 6.72%, 0, 1, 4, 7.48
1746735303, 0, 457, 713, 697, 13, 6.72%, 0, 1, 4, 6.68
1746737907, 0, 457, 714, 698, 13, 6.72%, 0, 1, 4, 13.67
1746737922, 0, 462, 714, 697, 12, 6.72%, 0, 1, 4, 17.66
1746738452, 0, 519, 714, 696, 11, 6.72%, 0, 1, 4, 16.22
1746742618, 0, 519, 715, 697, 11, 6.72%, 0, 1, 5, 8.48
1746744457, 0, 578, 715, 696, 11, 6.72%, 0, 1, 5, 9.46
1746744498, 0, 578, 717, 698, 11, 6.72%, 0, 1, 5, 7.81
1746744503, 0, 578, 719, 700, 11, 6.72%, 0, 1, 5, 7.85
1746744509, 0, 578, 722, 703, 11, 6.72%, 0, 1, 5, 8.19
1746744514, 0, 578, 724, 705, 11, 6.72%, 0, 1, 5, 8.01
1746744519, 0, 578, 726, 707, 11, 6.72%, 0, 1, 5, 8.44
1746744524, 0, 578, 729, 710, 11, 6.72%, 0, 1, 5, 8.00
1746744529, 0, 578, 732, 713, 11, 6.72%, 0, 1, 5, 7.87
1746744534, 0, 578, 735, 716, 11, 6.72%, 0, 1, 5, 7.97
1746744570, 0, 578, 736, 717, 11, 6.72%, 0, 1, 5, 7.77
1746744607, 0, 578, 737, 718, 11, 6.72%, 0, 1, 5, 7.92
1746744632, 0, 578, 738, 719, 11, 6.72%, 0, 1, 5, 7.80
1746744648, 0, 578, 739, 720, 11, 6.72%, 0, 1, 5, 7.56
1746744658, 0, 578, 740, 721, 11, 6.72%, 0, 1, 5, 7.68
1746744684, 0, 578, 741, 722, 11, 6.72%, 0, 1, 5, 7.72
1746744767, 0, 578, 742, 723, 11, 6.72%, 0, 1, 5, 7.68
1746744820, 0, 578, 743, 724, 11, 6.72%, 0, 1, 5, 8.20
1746744830, 0, 578, 744, 725, 11, 6.72%, 0, 1, 5, 8.61
1746745110, 0, 578, 745, 726, 11, 6.72%, 0, 1, 5, 8.23
1746745202, 0, 578, 747, 728, 11, 6.72%, 0, 1, 5, 7.63
1746745233, 0, 578, 748, 729, 11, 6.72%, 0, 1, 5, 7.88
1746745394, 0, 578, 749, 730, 11, 6.72%, 0, 1, 5, 8.40
1746745405, 0, 578, 750, 731, 11, 6.72%, 0, 1, 5, 7.89
1746745435, 0, 578, 751, 732, 11, 6.72%, 0, 1, 5, 8.13
1746745441, 0, 578, 752, 733, 11, 6.72%, 0, 1, 5, 7.97
1746747656, 0, 578, 753, 734, 11, 6.72%, 0, 1, 5, 9.17
1746748506, 0, 578, 754, 735, 11, 6.72%, 0, 1, 5, 9.07
1746748966, 0, 578, 755, 736, 11, 6.72%, 0, 1, 5, 4.29
1746750094, 0, 578, 756, 737, 11, 6.72%, 0, 1, 5, 5.29
1746750099, 0, 578, 757, 738, 11, 6.72%, 0, 1, 5, 5.18
1746750114, 0, 578, 758, 739, 11, 6.72%, 0, 1, 5, 4.80
1746750186, 0, 578, 759, 740, 11, 6.72%, 0, 1, 5, 5.24
1746750227, 0, 578, 760, 741, 11, 6.72%, 0, 1, 5, 4.57
1746750676, 0, 578, 761, 742, 11, 6.72%, 0, 1, 5, 7.89
1746750687, 0, 578, 762, 743, 11, 6.72%, 0, 1, 5, 7.88
1746750789, 0, 578, 763, 744, 11, 6.72%, 0, 1, 5, 7.71
1746750795, 0, 578, 764, 745, 11, 6.72%, 0, 1, 5, 7.62
1746751572, 0, 578, 767, 748, 11, 6.72%, 0, 1, 5, 7.93
1746751578, 0, 578, 768, 749, 11, 6.72%, 0, 1, 5, 9.01
1746751583, 0, 578, 770, 751, 11, 6.72%, 0, 1, 5, 9.12
1746751588, 0, 578, 771, 752, 11, 6.72%, 0, 1, 5, 9.30
1746751593, 0, 578, 773, 754, 11, 6.72%, 0, 1, 5, 8.96
1746751603, 0, 578, 775, 756, 11, 6.72%, 0, 1, 5, 9.51
1746751608, 0, 578, 777, 758, 11, 6.73%, 0, 1, 5, 9.30
1746751613, 0, 578, 778, 759, 11, 6.73%, 0, 1, 5, 9.42
1746751618, 0, 578, 780, 761, 11, 6.73%, 0, 1, 5, 9.49
1746751629, 0, 578, 782, 763, 11, 6.73%, 0, 1, 5, 9.32
1746751639, 0, 578, 783, 764, 11, 6.73%, 0, 1, 5, 9.67
1746751649, 0, 578, 785, 766, 11, 6.73%, 0, 1, 5, 9.44
1746751660, 0, 578, 787, 768, 11, 6.75%, 0, 1, 5, 9.05
1746751665, 0, 578, 789, 770, 11, 6.75%, 0, 1, 5, 8.96
1746751675, 0, 578, 790, 771, 11, 6.75%, 0, 1, 5, 9.51
1746751685, 0, 578, 792, 773, 11, 6.75%, 0, 1, 5, 8.90
1746751700, 0, 578, 793, 774, 11, 6.75%, 0, 1, 5, 9.09
1746751711, 0, 578, 796, 777, 11, 6.75%, 0, 1, 5, 9.31
1746751726, 0, 578, 797, 778, 11, 6.75%, 0, 1, 5, 9.66
1746751737, 0, 578, 798, 779, 11, 6.75%, 0, 1, 5, 9.48
1746751747, 0, 578, 799, 780, 11, 6.75%, 0, 1, 5, 8.99
1746751752, 0, 578, 800, 781, 11, 6.75%, 0, 1, 5, 9.41
1746751762, 0, 578, 802, 783, 11, 6.75%, 0, 1, 5, 9.15
1746751773, 0, 578, 803, 784, 11, 6.75%, 0, 1, 5, 9.09
1746751783, 0, 578, 804, 785, 11, 6.75%, 0, 1, 5, 8.92
1746751788, 0, 578, 805, 786, 11, 6.75%, 0, 1, 5, 9.34
1746751793, 0, 578, 806, 787, 11, 6.75%, 0, 1, 5, 9.26
1746751799, 0, 578, 808, 789, 11, 6.75%, 0, 1, 5, 8.71
1746751809, 0, 578, 810, 791, 11, 6.75%, 0, 1, 5, 8.95
1746751814, 0, 578, 811, 792, 11, 6.75%, 0, 1, 5, 9.29
1746751819, 0, 578, 812, 793, 11, 6.75%, 0, 1, 5, 9.01
1746751825, 0, 578, 813, 794, 11, 6.75%, 0, 1, 5, 9.36
1746751830, 0, 578, 814, 795, 11, 6.75%, 0, 1, 5, 9.85
1746751835, 0, 578, 815, 796, 11, 6.76%, 0, 1, 5, 8.87
1746751851, 0, 578, 816, 797, 11, 6.76%, 0, 1, 5, 9.68
1746751866, 0, 578, 817, 798, 11, 6.76%, 0, 1, 5, 9.44
1746751871, 0, 578, 818, 799, 11, 6.76%, 0, 1, 5, 9.30
1746751881, 0, 578, 819, 800, 11, 6.76%, 0, 1, 5, 9.45
1746751887, 0, 578, 822, 803, 11, 6.76%, 0, 1, 5, 8.59
1746751892, 0, 578, 824, 805, 11, 6.76%, 0, 1, 5, 8.72
1746751907, 0, 578, 825, 806, 11, 6.76%, 0, 1, 5, 9.59
1746751933, 0, 578, 827, 808, 11, 6.76%, 0, 1, 5, 8.97
1746751938, 0, 578, 828, 809, 11, 6.76%, 0, 1, 5, 9.95
1746751943, 0, 578, 829, 810, 11, 6.76%, 0, 1, 5, 9.73
1746751953, 0, 578, 830, 811, 11, 6.76%, 0, 1, 5, 9.71
1746751979, 0, 578, 831, 812, 11, 6.76%, 0, 1, 5, 9.01
1746751984, 0, 578, 832, 813, 11, 6.76%, 0, 1, 5, 9.25
1746752015, 0, 578, 833, 814, 11, 6.76%, 0, 1, 5, 9.59
1746752020, 0, 578, 834, 815, 11, 6.76%, 0, 1, 5, 9.61
1746752025, 0, 578, 835, 816, 11, 6.76%, 0, 1, 5, 9.72
1746752046, 0, 578, 836, 817, 11, 6.76%, 0, 1, 5, 9.71
1746752051, 0, 578, 837, 818, 11, 6.76%, 0, 1, 5, 8.94
1746752076, 0, 578, 838, 819, 11, 6.76%, 0, 1, 5, 10.12
1746752087, 0, 578, 839, 820, 11, 6.76%, 0, 1, 5, 9.25
1746752102, 0, 578, 840, 821, 11, 6.76%, 0, 1, 5, 9.25
1746752153, 0, 589, 841, 821, 14, 6.76%, 0, 1, 5, 9.88
