# unix_time, cycles_done, cur_path, paths_total, pending_total, pending_favs, map_size, unique_crashes, unique_hangs, max_depth, execs_per_sec
1746611934, 0, 0, 1, 1, 1, 4.71%, 0, 0, 1, 81.63
1746611939, 0, 0, 50, 50, 1, 4.81%, 0, 0, 2, 87.51
1746611944, 0, 0, 87, 87, 1, 4.84%, 0, 0, 2, 92.24
1746611949, 0, 0, 110, 110, 1, 5.03%, 0, 0, 2, 93.49
1746611954, 0, 0, 127, 127, 1, 5.05%, 0, 0, 2, 90.57
1746611959, 0, 0, 140, 140, 1, 5.05%, 0, 0, 2, 87.97
1746611965, 0, 0, 151, 151, 1, 5.05%, 0, 0, 2, 85.32
1746611970, 0, 0, 159, 159, 1, 5.05%, 0, 0, 2, 87.84
1746611975, 0, 0, 169, 169, 1, 5.05%, 0, 0, 2, 85.55
1746611980, 0, 0, 174, 174, 1, 6.22%, 0, 0, 2, 80.32
1746611985, 0, 0, 177, 177, 1, 6.22%, 0, 0, 2, 84.96
1746611990, 0, 0, 180, 180, 1, 6.22%, 0, 0, 2, 85.09
1746611995, 0, 0, 188, 188, 1, 6.22%, 0, 0, 2, 83.41
1746612001, 0, 0, 193, 193, 1, 6.23%, 0, 0, 2, 82.62
1746612006, 0, 0, 195, 195, 1, 6.23%, 0, 0, 2, 83.94
1746612011, 0, 0, 199, 199, 1, 6.23%, 0, 0, 2, 84.39
1746612016, 0, 0, 202, 202, 1, 6.23%, 0, 0, 2, 82.66
1746612021, 0, 0, 208, 208, 1, 6.23%, 0, 0, 2, 84.72
1746612026, 0, 0, 213, 213, 1, 6.27%, 0, 0, 2, 89.23
1746612031, 0, 0, 218, 218, 1, 6.27%, 0, 0, 2, 8.50
1746612036, 0, 0, 222, 222, 1, 6.27%, 0, 0, 2, 84.63
1746612042, 0, 0, 223, 223, 1, 6.27%, 0, 0, 2, 79.75
1746612047, 0, 0, 226, 226, 1, 6.27%, 0, 0, 2, 83.73
1746612052, 0, 0, 229, 229, 1, 6.27%, 0, 0, 2, 79.60
1746612057, 0, 0, 234, 234, 1, 6.27%, 0, 0, 2, 81.88
1746612062, 0, 0, 237, 237, 1, 6.27%, 0, 0, 2, 83.63
1746612067, 0, 0, 239, 239, 1, 6.27%, 0, 0, 2, 82.51
1746612078, 0, 0, 240, 240, 1, 6.27%, 0, 0, 2, 82.76
1746612083, 0, 0, 242, 242, 1, 6.27%, 0, 0, 2, 82.93
1746612088, 0, 0, 244, 244, 1, 6.27%, 0, 0, 2, 78.70
1746612093, 0, 0, 245, 245, 1, 6.28%, 0, 0, 2, 3.61
1746612098, 0, 0, 250, 250, 1, 6.28%, 0, 0, 2, 82.35
1746612103, 0, 0, 252, 252, 1, 6.28%, 0, 0, 2, 73.55
1746612108, 0, 0, 253, 253, 1, 6.28%, 0, 0, 2, 82.04
1746612114, 0, 0, 255, 255, 1, 6.28%, 0, 0, 2, 81.70
1746612119, 0, 0, 257, 257, 1, 6.28%, 0, 0, 2, 77.67
1746612124, 0, 0, 259, 259, 1, 6.28%, 0, 0, 2, 82.54
1746612129, 0, 0, 261, 261, 1, 6.28%, 0, 0, 2, 77.56
1746612134, 0, 0, 264, 264, 1, 6.28%, 0, 0, 2, 37.53
1746612139, 0, 0, 266, 266, 1, 6.28%, 0, 0, 2, 68.81
1746612144, 0, 0, 268, 268, 1, 6.28%, 0, 0, 2, 79.84
1746612149, 0, 0, 271, 271, 1, 6.28%, 0, 0, 2, 82.66
1746612154, 0, 0, 274, 274, 1, 6.28%, 0, 0, 2, 73.94
1746612159, 0, 0, 275, 275, 1, 6.28%, 0, 0, 2, 80.50
1746612165, 0, 1, 279, 278, 9, 6.28%, 0, 0, 2, 79.21
1746612170, 0, 1, 280, 279, 9, 6.28%, 0, 0, 3, 81.28
1746612175, 0, 1, 281, 280, 9, 6.28%, 0, 0, 3, 82.31
1746612180, 0, 1, 282, 281, 9, 6.28%, 0, 0, 3, 81.52
1746612185, 0, 1, 283, 282, 9, 6.28%, 0, 0, 3, 81.71
1746612190, 0, 1, 284, 283, 9, 6.28%, 0, 0, 3, 81.87
1746612201, 0, 1, 286, 285, 9, 6.28%, 0, 0, 3, 81.37
1746612206, 0, 1, 288, 287, 9, 6.28%, 0, 0, 3, 80.85
1746612211, 0, 1, 289, 288, 9, 6.28%, 0, 0, 3, 81.92
1746612216, 0, 1, 291, 290, 9, 6.28%, 0, 0, 3, 73.85
1746612226, 0, 1, 292, 291, 9, 6.28%, 0, 0, 3, 80.33
1746612232, 0, 1, 293, 292, 9, 6.28%, 0, 0, 3, 81.77
1746612237, 0, 1, 294, 293, 9, 6.28%, 0, 0, 3, 81.72
1746612247, 0, 1, 295, 294, 9, 6.31%, 0, 0, 3, 80.31
1746612257, 0, 1, 296, 295, 9, 6.31%, 0, 0, 3, 82.30
1746612263, 0, 1, 297, 296, 9, 6.31%, 0, 0, 3, 82.20
1746612268, 0, 1, 299, 298, 9, 6.31%, 0, 0, 3, 30.57
1746612273, 0, 1, 300, 299, 9, 6.31%, 0, 0, 3, 71.40
1746612278, 0, 1, 303, 302, 9, 6.31%, 0, 0, 3, 79.91
1746612288, 0, 1, 305, 304, 9, 6.31%, 0, 0, 3, 77.93
1746612298, 0, 1, 308, 307, 9, 6.31%, 0, 0, 3, 54.08
1746612314, 0, 1, 309, 308, 9, 6.31%, 0, 0, 3, 80.22
1746612319, 0, 1, 312, 311, 9, 6.32%, 0, 0, 3, 58.79
1746612324, 0, 1, 313, 312, 9, 6.32%, 0, 0, 3, 77.41
1746612329, 0, 1, 315, 314, 9, 6.32%, 0, 0, 3, 65.88
1746612334, 0, 1, 319, 318, 9, 6.32%, 0, 0, 3, 82.52
1746612339, 0, 1, 321, 320, 9, 6.32%, 0, 0, 3, 82.18
1746612350, 0, 1, 323, 322, 9, 6.32%, 0, 0, 3, 78.99
1746612355, 0, 1, 327, 326, 9, 6.32%, 0, 0, 3, 12.77
1746612360, 0, 1, 328, 327, 9, 6.32%, 0, 0, 3, 78.32
1746612370, 0, 1, 329, 328, 9, 6.32%, 0, 0, 3, 71.23
1746612381, 0, 14, 330, 328, 11, 6.32%, 0, 0, 3, 81.69
1746612386, 0, 14, 331, 329, 11, 6.32%, 0, 0, 3, 85.58
1746612391, 0, 14, 333, 331, 11, 6.32%, 0, 0, 3, 12.26
1746612396, 0, 14, 335, 333, 11, 6.32%, 0, 0, 3, 85.96
1746612401, 0, 14, 336, 334, 11, 6.32%, 0, 0, 3, 85.06
1746612406, 0, 14, 340, 338, 11, 6.32%, 0, 0, 3, 84.74
1746612411, 0, 14, 343, 341, 11, 6.32%, 0, 0, 3, 78.09
1746612417, 0, 14, 344, 342, 11, 6.32%, 0, 0, 3, 84.11
1746612422, 0, 14, 346, 344, 11, 6.32%, 0, 0, 3, 80.50
1746612427, 0, 14, 348, 346, 11, 6.32%, 0, 0, 3, 88.07
1746612437, 0, 14, 350, 348, 11, 6.32%, 0, 0, 3, 86.27
1746612442, 0, 14, 351, 349, 11, 6.32%, 0, 0, 3, 86.96
1746612447, 0, 14, 353, 351, 11, 6.32%, 0, 0, 3, 83.09
1746612463, 0, 14, 355, 353, 11, 6.32%, 0, 0, 3, 82.40
1746612468, 0, 14, 357, 355, 11, 6.32%, 0, 0, 3, 86.20
1746612473, 0, 14, 358, 356, 11, 6.32%, 0, 0, 3, 86.87
1746612478, 0, 14, 359, 357, 11, 6.32%, 0, 0, 3, 84.48
1746612489, 0, 14, 360, 358, 11, 6.32%, 0, 0, 3, 84.73
1746612499, 0, 14, 361, 359, 11, 6.32%, 0, 0, 3, 87.01
1746612504, 0, 14, 362, 360, 11, 6.32%, 0, 0, 3, 87.34
1746612509, 0, 14, 363, 361, 11, 6.32%, 0, 0, 3, 87.41
1746612514, 0, 14, 365, 363, 11, 6.32%, 0, 0, 3, 86.81
1746612519, 0, 14, 366, 364, 11, 6.32%, 0, 0, 3, 86.26
1746612524, 0, 14, 369, 367, 11, 6.32%, 0, 0, 3, 82.18
1746612529, 0, 14, 370, 368, 11, 6.32%, 0, 0, 3, 80.53
1746612535, 0, 28, 370, 367, 14, 6.32%, 0, 0, 3, 82.57
1746612540, 0, 28, 373, 370, 14, 6.32%, 0, 0, 3, 79.41
1746612545, 0, 28, 375, 372, 14, 6.32%, 0, 0, 3, 80.80
1746612560, 0, 28, 376, 373, 14, 6.32%, 0, 0, 3, 80.86
1746612576, 0, 28, 377, 374, 14, 6.32%, 0, 0, 3, 82.69
1746612581, 0, 28, 378, 375, 14, 6.32%, 0, 0, 3, 81.20
1746612586, 0, 28, 380, 377, 14, 6.32%, 0, 0, 3, 78.24
1746612591, 0, 28, 381, 378, 14, 6.32%, 0, 0, 3, 73.34
1746612607, 0, 28, 382, 379, 14, 6.32%, 0, 0, 3, 82.02
1746612612, 0, 28, 383, 380, 14, 6.32%, 0, 0, 3, 80.17
1746612617, 0, 28, 384, 381, 14, 6.32%, 0, 0, 3, 82.19
1746612622, 0, 28, 385, 382, 14, 6.32%, 0, 0, 3, 79.88
1746612627, 0, 28, 388, 385, 14, 6.32%, 0, 0, 3, 73.57
1746612633, 0, 28, 389, 386, 14, 6.32%, 0, 0, 3, 78.54
1746612643, 0, 28, 390, 387, 14, 6.32%, 0, 0, 3, 80.56
1746612648, 0, 28, 391, 388, 14, 6.32%, 0, 0, 3, 81.27
1746612658, 0, 28, 392, 389, 14, 6.32%, 0, 0, 3, 80.81
1746612663, 0, 28, 394, 391, 14, 6.32%, 0, 0, 3, 10.72
1746612669, 0, 28, 395, 392, 14, 6.32%, 0, 0, 3, 82.43
1746612674, 0, 28, 396, 393, 14, 6.32%, 0, 0, 3, 82.41
1746612689, 0, 28, 398, 395, 14, 6.32%, 0, 0, 3, 80.96
1746612694, 0, 28, 399, 396, 14, 6.32%, 0, 0, 3, 76.94
1746612699, 0, 28, 400, 397, 14, 6.32%, 0, 0, 3, 77.53
1746612705, 0, 28, 401, 398, 14, 6.32%, 0, 0, 3, 80.58
1746612715, 0, 28, 404, 401, 14, 6.32%, 0, 0, 3, 80.82
1746612740, 0, 110, 404, 400, 15, 6.32%, 0, 0, 3, 86.33
1746612746, 0, 110, 405, 401, 15, 6.32%, 0, 0, 3, 85.62
1746612751, 0, 110, 406, 402, 15, 6.32%, 0, 0, 3, 79.75
1746612761, 0, 110, 407, 403, 15, 6.32%, 0, 0, 3, 85.23
1746612766, 0, 110, 409, 405, 15, 6.32%, 0, 0, 3, 83.25
1746612771, 0, 110, 411, 407, 15, 6.32%, 0, 0, 3, 77.18
1746612787, 0, 110, 413, 409, 15, 6.32%, 0, 0, 3, 80.83
1746612812, 0, 110, 415, 411, 15, 6.32%, 0, 0, 3, 81.76
1746612818, 0, 110, 417, 413, 15, 6.32%, 0, 0, 3, 79.83
1746612823, 0, 110, 419, 415, 15, 6.32%, 0, 0, 3, 83.82
1746612828, 0, 110, 421, 417, 15, 6.32%, 0, 0, 3, 79.41
1746612833, 0, 110, 422, 418, 15, 6.32%, 0, 0, 3, 83.69
1746612848, 0, 110, 423, 419, 15, 6.32%, 0, 0, 3, 84.36
1746612859, 0, 110, 424, 420, 15, 6.32%, 0, 0, 3, 84.55
1746612864, 0, 110, 425, 421, 15, 6.32%, 0, 0, 3, 84.65
1746612879, 0, 110, 426, 422, 15, 6.32%, 0, 0, 3, 85.51
1746612884, 0, 110, 428, 424, 15, 6.32%, 0, 0, 3, 76.74
1746612895, 0, 116, 430, 425, 15, 6.32%, 0, 0, 3, 15.27
1746612905, 0, 116, 431, 426, 15, 6.32%, 0, 0, 3, 81.08
1746612910, 0, 116, 432, 427, 15, 6.32%, 0, 0, 3, 85.07
1746612920, 0, 116, 434, 429, 15, 6.32%, 0, 0, 3, 83.82
1746612925, 0, 116, 435, 430, 15, 6.32%, 0, 0, 3, 81.44
1746612930, 0, 116, 436, 431, 15, 6.32%, 0, 0, 3, 85.58
1746612941, 0, 116, 437, 432, 15, 6.32%, 0, 0, 3, 86.23
1746612956, 0, 116, 439, 434, 15, 6.32%, 0, 0, 3, 80.50
1746612966, 0, 116, 440, 435, 15, 6.32%, 0, 0, 3, 85.70
1746612977, 0, 116, 441, 436, 15, 6.32%, 0, 0, 3, 86.77
1746612982, 0, 116, 442, 437, 15, 6.32%, 0, 0, 3, 83.22
1746612987, 0, 116, 443, 438, 15, 6.32%, 0, 0, 3, 87.19
1746613008, 0, 116, 444, 439, 15, 6.32%, 0, 0, 3, 83.69
1746613018, 0, 116, 446, 441, 15, 6.32%, 0, 0, 3, 56.55
1746613038, 0, 116, 447, 442, 15, 6.32%, 0, 0, 3, 85.29
1746613043, 0, 117, 449, 443, 15, 6.32%, 0, 0, 3, 11.58
1746613054, 0, 117, 450, 444, 15, 6.32%, 0, 0, 3, 9.13
1746613059, 0, 117, 451, 445, 15, 6.32%, 0, 0, 3, 80.82
1746613064, 0, 117, 452, 446, 15, 6.32%, 0, 0, 3, 80.16
1746613069, 0, 117, 453, 447, 15, 6.32%, 0, 0, 3, 88.27
1746613074, 0, 117, 454, 448, 15, 6.32%, 0, 0, 3, 86.76
1746613079, 0, 117, 455, 449, 15, 6.32%, 0, 0, 3, 84.20
1746613090, 0, 117, 456, 450, 15, 6.32%, 0, 0, 3, 83.97
1746613100, 0, 117, 458, 452, 15, 6.32%, 0, 0, 3, 84.71
1746613110, 0, 117, 459, 453, 15, 6.32%, 0, 0, 3, 82.19
1746613126, 0, 117, 461, 455, 15, 6.32%, 0, 0, 3, 80.68
1746613136, 0, 117, 463, 457, 15, 6.32%, 0, 0, 3, 80.94
1746613146, 0, 117, 464, 458, 15, 6.32%, 0, 0, 3, 82.03
1746613172, 0, 117, 466, 460, 15, 6.32%, 0, 0, 3, 63.90
1746613177, 0, 117, 467, 461, 15, 6.32%, 0, 0, 3, 78.48
1746613182, 0, 117, 468, 462, 15, 6.32%, 0, 0, 3, 81.25
1746613187, 0, 117, 469, 463, 15, 6.32%, 0, 0, 3, 84.70
1746613192, 0, 117, 470, 464, 15, 6.32%, 0, 0, 3, 82.13
1746613198, 0, 131, 470, 463, 14, 6.32%, 0, 0, 3, 87.45
1746613208, 0, 172, 472, 464, 13, 6.33%, 0, 0, 3, 72.73
1746613213, 0, 172, 483, 475, 13, 6.33%, 0, 0, 3, 34.61
1746613218, 0, 172, 492, 484, 13, 6.33%, 0, 0, 3, 24.50
1746613223, 0, 172, 503, 495, 13, 6.33%, 0, 0, 3, 22.43
1746613228, 0, 172, 513, 505, 13, 6.33%, 0, 0, 3, 21.77
1746613233, 0, 172, 520, 512, 13, 6.33%, 0, 0, 3, 21.81
1746613239, 0, 172, 528, 520, 13, 6.33%, 0, 0, 3, 25.29
1746613244, 0, 172, 535, 527, 13, 6.33%, 0, 0, 3, 21.81
1746613249, 0, 172, 542, 534, 13, 6.33%, 0, 0, 3, 20.85
1746613254, 0, 172, 549, 541, 13, 6.33%, 0, 0, 3, 20.55
1746613259, 0, 172, 554, 546, 13, 6.33%, 0, 0, 3, 24.54
1746613264, 0, 172, 561, 553, 13, 6.33%, 0, 0, 3, 20.15
1746613269, 0, 172, 568, 560, 13, 6.33%, 0, 0, 3, 18.79
1746613275, 0, 172, 578, 570, 13, 6.33%, 0, 0, 3, 19.33
1746613280, 0, 172, 585, 577, 13, 6.33%, 0, 0, 3, 18.93
1746613285, 0, 172, 592, 584, 13, 6.33%, 0, 0, 3, 18.56
1746613290, 0, 172, 598, 590, 13, 6.33%, 0, 0, 3, 16.20
1746613295, 0, 172, 605, 597, 13, 6.33%, 0, 0, 3, 15.86
1746613300, 0, 172, 609, 601, 13, 6.33%, 0, 0, 3, 23.76
1746613305, 0, 172, 613, 605, 13, 6.33%, 0, 0, 3, 36.60
1746613310, 0, 172, 621, 613, 13, 6.33%, 0, 0, 3, 24.52
1746613316, 0, 172, 626, 618, 13, 6.33%, 0, 0, 3, 21.02
1746613321, 0, 172, 632, 624, 13, 6.33%, 0, 0, 3, 19.82
1746613326, 0, 172, 636, 628, 13, 6.33%, 0, 0, 3, 21.53
1746613331, 0, 172, 639, 631, 13, 6.33%, 0, 0, 3, 20.01
1746613336, 0, 172, 644, 636, 13, 6.33%, 0, 0, 3, 20.22
1746613341, 0, 172, 646, 638, 13, 6.33%, 0, 0, 3, 19.87
1746613346, 0, 172, 650, 642, 13, 6.33%, 0, 0, 3, 20.12
1746613351, 0, 172, 653, 645, 13, 6.33%, 0, 0, 3, 20.76
1746613357, 0, 172, 656, 648, 13, 6.33%, 0, 0, 3, 19.70
1746613362, 0, 172, 660, 652, 13, 6.33%, 0, 0, 3, 19.86
1746613367, 0, 172, 667, 659, 13, 6.33%, 0, 0, 3, 19.41
1746613372, 0, 172, 669, 661, 13, 6.33%, 0, 0, 3, 20.05
1746613377, 0, 172, 673, 665, 13, 6.33%, 0, 0, 3, 19.89
1746613382, 0, 172, 675, 667, 13, 6.33%, 0, 0, 3, 20.44
1746613387, 0, 172, 676, 668, 13, 6.33%, 0, 0, 3, 19.72
1746613392, 0, 172, 677, 669, 13, 6.33%, 0, 0, 3, 19.75
1746613407, 0, 172, 679, 671, 13, 6.33%, 0, 0, 3, 20.54
1746613418, 0, 172, 682, 674, 13, 6.33%, 0, 0, 3, 16.87
1746613423, 0, 172, 683, 675, 13, 6.33%, 0, 0, 3, 16.61
1746613433, 0, 172, 684, 676, 13, 6.33%, 0, 0, 3, 16.96
1746613438, 0, 172, 685, 677, 13, 6.33%, 0, 0, 3, 16.94
1746613443, 0, 172, 686, 678, 13, 6.33%, 0, 0, 3, 17.00
1746613454, 0, 172, 689, 681, 13, 6.33%, 0, 0, 3, 20.39
1746613459, 0, 172, 694, 686, 13, 6.33%, 0, 0, 3, 20.01
1746613464, 0, 172, 699, 691, 13, 6.33%, 0, 0, 3, 27.13
1746613469, 0, 172, 702, 694, 13, 6.33%, 0, 0, 3, 22.46
1746613474, 0, 172, 704, 696, 13, 6.33%, 0, 0, 3, 20.26
1746613479, 0, 172, 707, 699, 13, 6.33%, 0, 0, 3, 18.85
1746613484, 0, 172, 710, 702, 13, 6.33%, 0, 0, 3, 19.02
1746613489, 0, 172, 712, 704, 13, 6.33%, 0, 0, 3, 19.77
1746613494, 0, 172, 714, 706, 13, 6.33%, 0, 0, 3, 19.98
1746613499, 0, 172, 715, 707, 13, 6.33%, 0, 0, 3, 19.58
1746613505, 0, 172, 717, 709, 13, 6.33%, 0, 0, 3, 26.32
1746613510, 0, 172, 722, 714, 13, 6.33%, 0, 0, 3, 33.34
1746613515, 0, 172, 726, 718, 13, 6.33%, 0, 0, 3, 21.72
1746613520, 0, 172, 731, 723, 13, 6.33%, 0, 0, 3, 19.59
1746613530, 0, 172, 732, 724, 13, 6.33%, 0, 0, 3, 18.75
1746613535, 0, 172, 736, 728, 13, 6.33%, 0, 0, 3, 17.64
1746613541, 0, 172, 740, 732, 13, 6.33%, 0, 0, 3, 18.33
1746613546, 0, 172, 742, 734, 13, 6.33%, 0, 0, 3, 17.36
1746613551, 0, 172, 744, 736, 13, 6.33%, 0, 0, 3, 18.80
1746613556, 0, 172, 747, 739, 13, 6.33%, 0, 0, 3, 19.21
1746613561, 0, 172, 749, 741, 13, 6.33%, 0, 0, 3, 19.74
1746613566, 0, 172, 750, 742, 13, 6.33%, 0, 0, 3, 19.16
1746613572, 0, 172, 752, 744, 13, 6.33%, 0, 0, 3, 18.32
1746613577, 0, 172, 755, 747, 13, 6.33%, 0, 0, 3, 28.88
1746613582, 0, 172, 758, 750, 13, 6.33%, 0, 0, 3, 38.34
1746613587, 0, 172, 760, 752, 13, 6.33%, 0, 0, 3, 45.69
1746613592, 0, 172, 762, 754, 13, 6.33%, 0, 0, 3, 45.37
1746613597, 0, 172, 765, 757, 13, 6.33%, 0, 0, 3, 38.84
1746613602, 0, 172, 767, 759, 13, 6.33%, 0, 0, 3, 42.17
1746613607, 0, 172, 770, 762, 13, 6.33%, 0, 0, 3, 41.28
1746613612, 0, 172, 772, 764, 13, 6.33%, 0, 0, 3, 41.41
1746613618, 0, 172, 775, 767, 13, 6.33%, 0, 0, 3, 40.58
1746613623, 0, 172, 778, 770, 13, 6.33%, 0, 0, 3, 45.45
1746613628, 0, 172, 779, 771, 13, 6.33%, 0, 0, 3, 43.57
1746613633, 0, 172, 780, 772, 13, 6.54%, 0, 0, 3, 39.76
1746613638, 0, 172, 781, 773, 13, 6.54%, 0, 0, 3, 41.84
1746613643, 0, 172, 783, 775, 13, 6.54%, 0, 0, 3, 38.20
1746613648, 0, 172, 785, 777, 13, 6.54%, 0, 0, 3, 40.84
1746613653, 0, 172, 788, 780, 13, 6.54%, 0, 0, 3, 39.16
1746613658, 0, 172, 790, 782, 13, 6.54%, 0, 0, 3, 42.91
1746613663, 0, 172, 791, 783, 13, 6.54%, 0, 0, 3, 42.38
1746613669, 0, 172, 792, 784, 13, 6.54%, 0, 0, 3, 6.58
1746613674, 0, 172, 794, 786, 13, 6.56%, 0, 0, 3, 41.86
1746613679, 0, 172, 798, 790, 13, 6.56%, 0, 0, 3, 42.12
1746613684, 0, 172, 799, 791, 13, 6.56%, 0, 0, 3, 40.36
1746613689, 0, 172, 800, 792, 13, 6.56%, 0, 0, 3, 44.24
1746613694, 0, 172, 801, 793, 13, 6.56%, 0, 0, 3, 44.91
1746613699, 0, 172, 802, 794, 13, 6.56%, 0, 0, 3, 41.12
1746613704, 0, 172, 803, 795, 13, 6.56%, 0, 0, 3, 33.75
1746613709, 0, 172, 804, 796, 13, 6.56%, 0, 0, 3, 44.43
1746613714, 0, 172, 806, 798, 13, 6.56%, 0, 0, 3, 42.61
1746613725, 0, 172, 808, 800, 13, 6.56%, 0, 0, 3, 43.80
1746613730, 0, 172, 809, 801, 13, 6.56%, 0, 0, 3, 39.80
1746613735, 0, 172, 810, 802, 13, 6.56%, 0, 0, 3, 42.98
1746613740, 0, 172, 811, 803, 13, 6.56%, 0, 0, 3, 38.93
1746613745, 0, 172, 812, 804, 13, 6.56%, 0, 0, 3, 38.67
1746613750, 0, 172, 813, 805, 13, 6.56%, 0, 0, 3, 46.01
1746613760, 0, 172, 815, 807, 13, 6.56%, 0, 0, 3, 41.66
1746613771, 0, 172, 816, 808, 13, 6.56%, 0, 0, 3, 8.55
1746613791, 0, 172, 817, 809, 13, 6.56%, 0, 0, 3, 47.30
1746613796, 0, 172, 818, 810, 13, 6.56%, 0, 0, 3, 43.76
1746613811, 0, 172, 819, 811, 13, 6.56%, 0, 0, 3, 45.24
1746613826, 0, 172, 822, 814, 13, 6.56%, 0, 0, 3, 43.62
1746613831, 0, 172, 823, 815, 13, 6.56%, 0, 0, 3, 40.87
1746613836, 0, 172, 824, 816, 13, 6.56%, 0, 0, 3, 43.94
1746613842, 0, 172, 825, 817, 13, 6.56%, 0, 0, 3, 46.62
1746613847, 0, 172, 827, 819, 13, 6.57%, 0, 0, 3, 44.45
1746613852, 0, 172, 829, 821, 13, 6.57%, 0, 0, 3, 40.75
1746613857, 0, 172, 830, 822, 13, 6.57%, 0, 0, 3, 40.13
1746613862, 0, 172, 835, 827, 13, 6.57%, 0, 0, 3, 36.72
1746613868, 0, 172, 836, 828, 13, 6.57%, 0, 0, 3, 43.28
1746613873, 0, 172, 837, 829, 13, 6.57%, 0, 0, 3, 41.01
1746613883, 0, 172, 838, 830, 13, 6.57%, 0, 0, 3, 42.90
1746613888, 0, 244, 838, 829, 12, 6.57%, 0, 0, 3, 5.68
1746613893, 0, 244, 839, 830, 12, 6.57%, 0, 0, 3, 3.58
1746613898, 0, 244, 840, 831, 12, 6.57%, 0, 0, 3, 3.76
1746613909, 0, 244, 842, 833, 12, 6.57%, 0, 0, 3, 3.92
1746613914, 0, 244, 843, 834, 12, 6.57%, 0, 0, 3, 3.67
1746613919, 0, 244, 844, 835, 12, 6.57%, 0, 0, 3, 3.73
1746613939, 0, 244, 845, 836, 12, 6.57%, 0, 0, 3, 4.36
1746613944, 0, 244, 846, 837, 12, 6.57%, 0, 0, 3, 3.80
1746613949, 0, 244, 847, 838, 12, 6.57%, 0, 0, 3, 3.65
1746613965, 0, 244, 848, 839, 12, 6.57%, 0, 0, 3, 3.62
1746614011, 0, 244, 849, 840, 12, 6.57%, 0, 0, 3, 4.37
1746614027, 0, 244, 850, 841, 12, 6.57%, 0, 0, 3, 6.58
1746614032, 0, 244, 851, 842, 12, 6.57%, 0, 0, 3, 5.29
1746614037, 0, 244, 852, 843, 12, 6.57%, 0, 0, 3, 4.10
1746614047, 0, 244, 853, 844, 12, 6.57%, 0, 0, 3, 3.67
1746614182, 0, 244, 854, 845, 12, 6.57%, 0, 0, 3, 4.97
1746614192, 0, 244, 855, 846, 12, 6.57%, 0, 0, 3, 4.40
1746614342, 0, 244, 857, 848, 12, 6.57%, 0, 0, 3, 10.25
1746614347, 0, 244, 858, 849, 12, 6.57%, 0, 0, 3, 6.65
1746614357, 0, 244, 859, 850, 12, 6.57%, 0, 0, 3, 4.62
1746614765, 0, 244, 860, 851, 12, 6.57%, 0, 0, 3, 5.86
1746614889, 0, 244, 861, 852, 12, 6.57%, 0, 0, 3, 3.88
1746614967, 0, 244, 862, 853, 12, 6.57%, 0, 0, 3, 6.38
1746615034, 0, 244, 863, 854, 12, 6.57%, 0, 0, 3, 3.53
1746615208, 0, 244, 864, 855, 12, 6.57%, 0, 0, 3, 5.20
1746615223, 0, 244, 865, 856, 12, 6.57%, 0, 0, 3, 5.70
1746615229, 0, 244, 866, 857, 12, 6.57%, 0, 0, 3, 6.85
1746615239, 0, 244, 867, 858, 12, 6.57%, 0, 0, 3, 13.27
1746615270, 0, 244, 868, 859, 12, 6.57%, 0, 0, 3, 3.42
1746615290, 0, 244, 869, 860, 12, 6.57%, 0, 0, 3, 3.82
1746615296, 0, 244, 870, 861, 12, 6.57%, 0, 0, 3, 3.76
1746615301, 0, 244, 871, 862, 12, 6.57%, 0, 0, 3, 3.60
1746615327, 0, 244, 872, 863, 12, 6.57%, 0, 0, 3, 3.92
1746615342, 0, 244, 873, 864, 12, 6.57%, 0, 0, 3, 4.11
1746615347, 0, 244, 874, 865, 12, 6.57%, 0, 0, 3, 4.08
1746615362, 0, 244, 875, 866, 12, 6.57%, 0, 0, 3, 4.02
1746615543, 0, 244, 876, 867, 12, 6.57%, 0, 0, 3, 5.29
1746615553, 0, 294, 876, 866, 12, 6.57%, 0, 0, 3, 33.92
1746615558, 0, 294, 878, 868, 12, 6.57%, 0, 0, 4, 35.64
1746615563, 0, 294, 882, 872, 12, 6.57%, 0, 0, 4, 39.88
1746615589, 0, 295, 882, 871, 11, 6.57%, 0, 0, 4, 66.32
1746615634, 0, 311, 882, 870, 11, 6.57%, 0, 0, 4, 57.85
1746615644, 0, 311, 883, 871, 11, 6.57%, 0, 0, 4, 48.02
1746615670, 0, 311, 884, 872, 11, 6.57%, 0, 0, 4, 41.17
1746615690, 0, 319, 884, 871, 10, 6.57%, 0, 0, 4, 66.40
1746615695, 0, 319, 885, 872, 10, 6.57%, 0, 0, 4, 11.10
1746615721, 0, 319, 886, 873, 10, 6.57%, 0, 0, 4, 78.12
1746615741, 0, 319, 887, 874, 10, 6.57%, 0, 0, 4, 78.14
1746615803, 0, 348, 887, 873, 10, 6.57%, 0, 0, 4, 78.82
1746615829, 0, 423, 888, 873, 10, 6.57%, 0, 0, 4, 52.40
1746615834, 0, 423, 890, 875, 10, 6.57%, 0, 0, 4, 42.51
1746615916, 0, 423, 891, 876, 10, 6.57%, 0, 0, 4, 32.27
1746615947, 0, 423, 892, 877, 10, 6.57%, 0, 0, 4, 31.42
1746615973, 0, 424, 892, 876, 10, 6.57%, 0, 0, 4, 62.49
1746615978, 0, 424, 893, 877, 10, 6.57%, 0, 0, 4, 71.42
1746615988, 0, 479, 893, 876, 10, 6.57%, 0, 0, 4, 45.51
1746616019, 0, 479, 894, 877, 10, 6.57%, 0, 0, 4, 29.96
1746616044, 0, 479, 895, 878, 10, 6.57%, 0, 0, 4, 23.13
1746616177, 0, 536, 895, 877, 9, 6.57%, 0, 0, 4, 29.97
1746616484, 0, 669, 895, 876, 9, 6.57%, 0, 0, 4, 30.67
1746616556, 0, 669, 896, 877, 9, 6.57%, 0, 0, 4, 19.62
1746616663, 0, 669, 897, 878, 9, 6.57%, 0, 0, 4, 18.96
1746616750, 0, 737, 897, 877, 9, 6.57%, 0, 0, 4, 35.66
1746616781, 0, 737, 898, 878, 9, 6.57%, 0, 0, 4, 29.59
1746617011, 0, 737, 899, 879, 9, 6.57%, 0, 0, 4, 36.49
1746617031, 0, 750, 899, 878, 8, 6.57%, 0, 0, 4, 28.39
1746617128, 0, 750, 900, 879, 8, 6.57%, 0, 0, 4, 13.94
1746617133, 0, 750, 901, 880, 8, 6.57%, 0, 0, 4, 14.04
1746617343, 0, 750, 902, 881, 8, 6.57%, 0, 0, 4, 19.53
1746617358, 0, 779, 902, 880, 8, 6.57%, 0, 0, 4, 24.72
1746617364, 0, 779, 903, 881, 8, 6.57%, 0, 0, 4, 15.80
1746617374, 0, 779, 904, 882, 8, 6.57%, 0, 0, 4, 12.48
1746617379, 0, 779, 907, 885, 8, 6.57%, 0, 0, 4, 11.63
1746617384, 0, 779, 909, 887, 8, 6.57%, 0, 0, 4, 11.00
1746617394, 0, 779, 910, 888, 8, 6.57%, 0, 0, 4, 12.76
1746617399, 0, 779, 911, 889, 8, 6.57%, 0, 0, 4, 14.33
1746617404, 0, 779, 912, 890, 8, 6.57%, 0, 0, 4, 12.38
1746617410, 0, 779, 915, 893, 8, 6.57%, 0, 0, 4, 11.93
1746617415, 0, 779, 919, 897, 8, 6.57%, 0, 0, 4, 10.94
1746617420, 0, 779, 920, 898, 8, 6.57%, 0, 0, 4, 10.58
1746617430, 0, 779, 921, 899, 8, 6.57%, 0, 0, 4, 13.93
1746617440, 0, 779, 923, 901, 8, 6.57%, 0, 0, 4, 12.17
1746617445, 0, 779, 925, 903, 8, 6.57%, 0, 0, 4, 10.92
1746617456, 0, 779, 926, 904, 8, 6.57%, 0, 0, 4, 11.81
1746617461, 0, 779, 927, 905, 8, 6.57%, 0, 0, 4, 62.56
1746617471, 0, 779, 928, 906, 8, 6.57%, 0, 0, 4, 18.04
1746617486, 0, 779, 929, 907, 8, 6.57%, 0, 0, 4, 12.50
1746617517, 0, 779, 930, 908, 8, 6.57%, 0, 0, 4, 11.83
1746617614, 0, 779, 933, 911, 8, 6.57%, 0, 0, 4, 11.73
1746617625, 0, 779, 936, 914, 8, 6.57%, 0, 0, 4, 10.03
1746617768, 0, 779, 938, 916, 8, 6.57%, 0, 0, 4, 12.38
1746617773, 0, 779, 940, 918, 8, 6.57%, 0, 0, 4, 26.99
1746617835, 0, 779, 941, 919, 8, 6.57%, 0, 0, 4, 11.16
1746617845, 0, 779, 942, 920, 8, 6.57%, 0, 0, 4, 11.82
1746617865, 0, 779, 943, 921, 8, 6.57%, 0, 0, 4, 29.71
1746617962, 0, 779, 945, 923, 8, 6.57%, 0, 0, 4, 10.72
1746617973, 0, 779, 947, 925, 8, 6.57%, 0, 0, 4, 12.28
1746617978, 0, 779, 948, 926, 8, 6.57%, 0, 0, 4, 11.29
1746617993, 0, 779, 950, 928, 8, 6.57%, 0, 0, 4, 13.88
1746618008, 0, 825, 950, 927, 10, 6.57%, 0, 0, 4, 28.62
1746618218, 0, 825, 951, 928, 10, 6.57%, 0, 0, 4, 20.45
1746618259, 0, 843, 951, 927, 9, 6.57%, 0, 0, 4, 19.58
1746619305, 0, 843, 952, 928, 9, 6.57%, 0, 0, 4, 14.20
1746619310, 0, 843, 953, 929, 9, 6.57%, 0, 0, 4, 8.08
1746619558, 0, 843, 954, 930, 9, 6.57%, 0, 0, 4, 4.56
1746619614, 0, 843, 955, 931, 9, 6.57%, 0, 0, 4, 4.10
1746619829, 0, 843, 956, 932, 9, 6.57%, 0, 0, 4, 4.02
1746619839, 0, 843, 957, 933, 9, 6.57%, 0, 0, 4, 3.64
1746619845, 0, 843, 958, 934, 9, 6.57%, 0, 0, 4, 32.18
1746619850, 0, 843, 959, 935, 9, 6.57%, 0, 0, 4, 37.84
1746619860, 0, 843, 960, 936, 9, 6.63%, 0, 0, 4, 2.36
1746619865, 0, 843, 961, 937, 9, 6.63%, 0, 0, 4, 2.99
1746619870, 0, 843, 962, 938, 9, 6.63%, 0, 0, 4, 2.05
1746619921, 0, 843, 963, 939, 9, 6.63%, 0, 0, 4, 2.17
1746619926, 0, 843, 964, 940, 9, 6.63%, 0, 0, 4, 13.98
1746619931, 0, 843, 965, 941, 9, 6.63%, 0, 0, 4, 7.86
1746619936, 0, 843, 966, 942, 9, 6.63%, 0, 0, 4, 11.32
1746619952, 0, 843, 967, 943, 9, 6.63%, 0, 0, 4, 19.42
1746619962, 0, 843, 968, 944, 9, 6.63%, 0, 0, 4, 37.85
1746619978, 0, 843, 969, 945, 9, 6.64%, 0, 0, 4, 38.38
1746619993, 0, 843, 970, 946, 9, 6.64%, 0, 0, 4, 25.29
1746619998, 0, 843, 971, 947, 9, 6.64%, 0, 0, 4, 2.45
1746620004, 0, 843, 973, 949, 9, 6.64%, 0, 0, 4, 24.94
1746620081, 0, 843, 974, 950, 9, 6.64%, 0, 0, 4, 29.08
1746620091, 0, 843, 975, 951, 9, 6.64%, 0, 0, 4, 2.98
1746620122, 0, 843, 976, 952, 9, 6.64%, 0, 0, 4, 2.48
1746620137, 0, 843, 977, 953, 9, 6.64%, 0, 0, 4, 7.53
1746620148, 0, 843, 978, 954, 9, 6.64%, 0, 0, 4, 22.23
1746620225, 0, 843, 979, 955, 9, 6.64%, 0, 0, 4, 58.82
1746620256, 0, 843, 980, 956, 9, 6.64%, 0, 0, 4, 51.45
1746620287, 0, 843, 981, 957, 9, 6.64%, 0, 0, 4, 2.10
1746620297, 0, 843, 982, 958, 9, 6.64%, 0, 0, 4, 6.58
1746620318, 0, 843, 983, 959, 9, 6.64%, 0, 0, 4, 4.88
1746620323, 0, 843, 984, 960, 9, 6.64%, 0, 0, 4, 60.65
1746620380, 0, 843, 986, 962, 9, 6.64%, 0, 0, 4, 15.63
1746620529, 0, 889, 986, 961, 10, 6.64%, 0, 0, 4, 39.57
1746620677, 0, 889, 987, 962, 10, 6.64%, 0, 0, 5, 64.62
1746620713, 0, 892, 987, 961, 9, 6.64%, 0, 0, 5, 62.02
1746620728, 0, 892, 988, 962, 9, 6.64%, 0, 0, 5, 69.53
1746620759, 0, 913, 988, 961, 8, 6.64%, 0, 0, 5, 51.70
1746620764, 0, 913, 990, 963, 8, 6.64%, 0, 0, 5, 23.41
1746620770, 0, 913, 991, 964, 8, 6.64%, 0, 0, 5, 16.23
1746620780, 0, 913, 994, 967, 8, 6.64%, 0, 0, 5, 13.17
1746620785, 0, 913, 995, 968, 8, 6.64%, 0, 0, 5, 55.32
1746620790, 0, 913, 996, 969, 8, 6.64%, 0, 0, 5, 24.26
1746620806, 0, 913, 999, 972, 8, 6.64%, 0, 0, 5, 12.80
1746620827, 0, 913, 1000, 973, 8, 6.64%, 0, 0, 5, 12.77
1746620832, 0, 913, 1002, 975, 8, 6.64%, 0, 0, 5, 13.12
1746620857, 0, 913, 1003, 976, 8, 6.64%, 0, 0, 5, 14.65
1746620960, 0, 913, 1004, 977, 8, 6.64%, 0, 0, 5, 12.27
1746620980, 0, 913, 1007, 980, 8, 6.64%, 0, 0, 5, 12.43
1746620985, 0, 913, 1010, 983, 8, 6.64%, 0, 0, 5, 12.61
1746621103, 0, 913, 1011, 984, 8, 6.64%, 0, 0, 5, 76.56
1746621154, 0, 913, 1012, 985, 8, 6.64%, 0, 0, 5, 12.97
1746621174, 0, 913, 1014, 987, 8, 6.64%, 0, 0, 5, 12.36
1746621277, 0, 913, 1015, 988, 8, 6.64%, 0, 0, 5, 11.95
1746621292, 0, 913, 1016, 989, 8, 6.64%, 0, 0, 5, 33.28
1746621297, 0, 913, 1017, 990, 8, 6.64%, 0, 0, 5, 28.18
1746621318, 0, 929, 1017, 989, 7, 6.64%, 0, 0, 5, 35.34
1746621395, 0, 929, 1018, 990, 7, 6.64%, 0, 0, 5, 31.69
1746621400, 0, 929, 1019, 991, 7, 6.64%, 0, 0, 5, 29.31
1746621620, 0, 929, 1020, 992, 7, 6.64%, 0, 0, 5, 10.70
1746621626, 0, 929, 1021, 993, 7, 6.64%, 0, 0, 5, 10.49
1746621861, 0, 929, 1022, 994, 7, 6.64%, 0, 0, 5, 29.69
1746621866, 0, 929, 1023, 995, 7, 6.64%, 0, 0, 5, 37.50
1746621871, 0, 929, 1024, 996, 7, 6.64%, 0, 0, 5, 35.21
1746621887, 0, 929, 1025, 997, 7, 6.64%, 0, 0, 5, 31.00
1746621933, 0, 929, 1027, 999, 7, 6.64%, 0, 0, 5, 5.40
1746622050, 0, 929, 1028, 1000, 7, 6.64%, 0, 0, 5, 6.81
1746622071, 0, 929, 1029, 1001, 7, 6.64%, 0, 0, 5, 30.16
1746622081, 0, 929, 1030, 1002, 7, 6.64%, 0, 0, 5, 34.01
1746622091, 0, 929, 1031, 1003, 7, 6.64%, 0, 0, 5, 40.74
1746622214, 0, 931, 1031, 1002, 6, 6.64%, 0, 0, 5, 31.85
1746622235, 0, 931, 1032, 1003, 6, 6.64%, 0, 0, 5, 13.22
1746622260, 0, 931, 1034, 1005, 6, 6.64%, 0, 0, 5, 61.43
1746622639, 0, 931, 1035, 1006, 6, 6.64%, 0, 0, 5, 51.47
1746622701, 0, 931, 1036, 1007, 6, 6.64%, 0, 0, 5, 16.75
1746622747, 0, 931, 1037, 1008, 6, 6.64%, 0, 0, 5, 12.09
1746622788, 0, 940, 1037, 1007, 6, 6.64%, 0, 0, 5, 32.55
1746622864, 0, 940, 1038, 1008, 6, 6.64%, 0, 0, 5, 11.27
1746622869, 0, 940, 1039, 1009, 6, 6.64%, 0, 0, 5, 11.55
1746622874, 0, 940, 1040, 1010, 6, 6.64%, 0, 0, 5, 11.88
1746623033, 0, 940, 1041, 1011, 6, 6.64%, 0, 0, 5, 10.58
1746623038, 0, 940, 1042, 1012, 6, 6.64%, 0, 0, 5, 9.95
1746623263, 0, 940, 1044, 1014, 6, 6.64%, 0, 0, 5, 10.13
1746623268, 0, 940, 1045, 1015, 6, 6.64%, 0, 0, 5, 10.21
1746623391, 0, 940, 1046, 1016, 6, 6.64%, 0, 0, 5, 9.90
1746623396, 0, 940, 1048, 1018, 6, 6.64%, 0, 0, 5, 9.60
1746623432, 0, 947, 1048, 1017, 6, 6.64%, 0, 0, 5, 21.51
1746624104, 0, 968, 1048, 1016, 5, 6.64%, 0, 0, 5, 4.90
1746629018, 0, 979, 1048, 1015, 4, 6.64%, 0, 0, 5, 53.19
1746629023, 0, 979, 1050, 1017, 4, 6.64%, 0, 0, 5, 2.63
1746629029, 0, 979, 1051, 1018, 4, 6.64%, 0, 0, 5, 2.71
1746629044, 0, 979, 1052, 1019, 4, 6.64%, 0, 0, 5, 3.40
1746629050, 0, 979, 1053, 1020, 4, 6.64%, 0, 0, 5, 2.52
1746629055, 0, 979, 1054, 1021, 4, 6.64%, 0, 0, 5, 2.50
1746629065, 0, 979, 1055, 1022, 4, 6.64%, 0, 0, 5, 3.07
1746629189, 0, 979, 1056, 1023, 4, 6.64%, 0, 0, 5, 11.05
1746629205, 0, 979, 1057, 1024, 4, 6.64%, 0, 0, 5, 4.46
1746629545, 0, 979, 1058, 1025, 4, 6.64%, 0, 0, 5, 11.61
1746629551, 0, 979, 1059, 1026, 4, 6.64%, 0, 0, 5, 6.65
1746629718, 0, 979, 1060, 1027, 4, 6.64%, 0, 0, 5, 6.80
1746631284, 0, 979, 1061, 1028, 4, 6.64%, 0, 0, 5, 2.54
1746632004, 0, 996, 1061, 1027, 4, 6.64%, 0, 0, 5, 35.67
1746632019, 0, 996, 1063, 1029, 4, 6.64%, 0, 0, 6, 14.60
1746632039, 0, 996, 1064, 1030, 4, 6.64%, 0, 0, 6, 14.32
1746632045, 0, 996, 1065, 1031, 4, 6.64%, 0, 0, 6, 21.08
1746632474, 0, 996, 1066, 1032, 4, 6.64%, 0, 0, 6, 12.91
1746632515, 0, 996, 1068, 1034, 4, 6.64%, 0, 0, 6, 35.69
1746632618, 0, 998, 1068, 1033, 4, 6.64%, 0, 0, 6, 36.16
1746632638, 0, 998, 1069, 1034, 4, 6.64%, 0, 0, 6, 12.17
1746632853, 0, 998, 1070, 1035, 4, 6.64%, 0, 0, 6, 10.86
1746633185, 0, 998, 1071, 1036, 4, 6.64%, 0, 0, 6, 3.19
1746633211, 0, 1023, 1071, 1035, 3, 6.64%, 0, 0, 6, 41.23
1746633257, 0, 1023, 1072, 1036, 3, 6.64%, 0, 0, 6, 24.51
1746633349, 0, 1044, 1072, 1035, 3, 6.64%, 0, 0, 6, 55.96
1746633988, 0, 1050, 1072, 1034, 2, 6.64%, 0, 0, 6, 3.99
1746634138, 0, 1050, 1073, 1035, 2, 6.64%, 0, 0, 6, 2.48
1746636937, 1, 54, 1073, 1034, 1, 6.64%, 0, 0, 6, 38.64
1746636947, 1, 54, 1074, 1035, 1, 6.64%, 0, 0, 6, 79.25
1746636978, 1, 60, 1074, 1034, 1, 6.64%, 0, 0, 6, 81.22
1746636994, 1, 60, 1075, 1035, 1, 6.64%, 0, 0, 6, 77.06
1746637019, 1, 210, 1075, 1034, 1, 6.64%, 0, 0, 6, 80.60
1746637040, 1, 214, 1075, 1033, 1, 6.64%, 0, 0, 6, 77.24
1746637101, 1, 235, 1075, 1032, 1, 6.64%, 0, 0, 6, 74.21
1746637172, 1, 235, 1076, 1033, 1, 6.64%, 0, 0, 6, 74.49
1746637193, 1, 372, 1076, 1032, 1, 6.64%, 0, 0, 6, 69.36
1746637213, 1, 454, 1076, 1031, 1, 6.64%, 0, 0, 6, 63.44
1746637229, 1, 458, 1076, 1030, 0, 6.64%, 0, 0, 6, 11.89
1746637561, 1, 466, 1076, 1029, 0, 6.64%, 0, 0, 6, 31.98
1746637663, 1, 470, 1076, 1028, 0, 6.64%, 0, 0, 6, 31.31
1746637924, 1, 472, 1076, 1027, 0, 6.64%, 0, 0, 6, 50.39
1746637996, 1, 474, 1076, 1026, 0, 6.64%, 0, 0, 6, 35.73
1746638190, 1, 477, 1076, 1025, 0, 6.64%, 0, 0, 6, 38.15
1746638450, 1, 478, 1076, 1024, 0, 6.64%, 0, 0, 6, 39.80
1746638701, 1, 483, 1076, 1023, 0, 6.64%, 0, 0, 6, 47.21
1746638966, 1, 484, 1076, 1022, 0, 6.64%, 0, 0, 6, 31.43
1746639252, 1, 486, 1076, 1021, 0, 6.64%, 0, 0, 6, 37.61
1746639523, 1, 498, 1076, 1020, 0, 6.64%, 0, 0, 6, 32.21
1746639799, 1, 500, 1076, 1019, 0, 6.64%, 0, 0, 6, 44.53
1746640065, 1, 504, 1076, 1018, 0, 6.64%, 0, 0, 6, 39.37
1746640331, 1, 505, 1076, 1017, 0, 6.64%, 0, 0, 6, 29.46
1746640607, 1, 507, 1076, 1016, 0, 6.64%, 0, 0, 6, 35.86
1746640867, 1, 507, 1077, 1017, 0, 6.64%, 0, 0, 6, 41.88
1746640887, 1, 518, 1077, 1016, 0, 6.64%, 0, 0, 6, 37.84
1746641153, 1, 522, 1077, 1015, 0, 6.64%, 0, 0, 6, 38.46
1746641424, 1, 525, 1077, 1014, 0, 6.64%, 0, 0, 6, 33.86
1746641675, 1, 528, 1077, 1013, 0, 6.64%, 0, 0, 6, 46.98
1746641941, 1, 543, 1077, 1012, 0, 6.64%, 0, 0, 6, 43.70
1746642212, 1, 544, 1077, 1011, 0, 6.64%, 0, 0, 6, 34.60
1746642514, 1, 555, 1077, 1010, 0, 6.64%, 0, 0, 6, 42.35
1746642831, 1, 556, 1077, 1009, 0, 6.64%, 0, 0, 6, 37.61
1746643142, 1, 560, 1077, 1008, 0, 6.64%, 0, 0, 6, 34.50
1746643455, 1, 566, 1077, 1007, 0, 6.64%, 0, 0, 6, 36.22
1746643741, 1, 577, 1077, 1006, 0, 6.64%, 0, 0, 6, 40.31
1746644012, 1, 581, 1077, 1005, 0, 6.64%, 0, 0, 6, 40.96
1746644319, 1, 587, 1077, 1004, 0, 6.64%, 0, 0, 6, 43.10
1746644631, 1, 590, 1077, 1003, 0, 6.64%, 0, 0, 6, 40.13
1746644948, 1, 592, 1077, 1002, 0, 6.64%, 0, 0, 6, 27.19
1746645264, 1, 596, 1077, 1001, 0, 6.64%, 0, 0, 6, 36.46
1746645643, 1, 599, 1077, 1000, 0, 6.64%, 0, 0, 6, 30.96
1746645924, 1, 600, 1077, 999, 0, 6.64%, 0, 0, 6, 24.47
1746646283, 1, 600, 1078, 1000, 0, 6.64%, 0, 0, 6, 2.33
1746646314, 1, 604, 1078, 999, 0, 6.64%, 0, 0, 6, 25.49
1746646416, 1, 607, 1078, 998, 0, 6.64%, 0, 0, 6, 52.76
1746646841, 1, 612, 1078, 997, 0, 6.64%, 0, 0, 6, 39.68
1746646974, 1, 617, 1078, 996, 0, 6.64%, 0, 0, 6, 52.54
1746647281, 1, 619, 1078, 995, 0, 6.64%, 0, 0, 6, 36.16
1746647541, 1, 623, 1078, 994, 0, 6.64%, 0, 0, 6, 43.81
1746647827, 1, 623, 1079, 995, 0, 6.64%, 0, 0, 6, 15.64
1746647853, 1, 629, 1079, 994, 0, 6.64%, 0, 0, 6, 38.94
1746648171, 1, 634, 1079, 993, 0, 6.64%, 0, 0, 6, 30.28
1746648432, 1, 638, 1079, 992, 0, 6.64%, 0, 0, 6, 40.23
1746648748, 1, 641, 1079, 991, 0, 6.64%, 0, 0, 6, 39.23
1746649076, 1, 650, 1079, 990, 0, 6.64%, 0, 0, 6, 28.90
1746649342, 1, 650, 1080, 991, 0, 6.64%, 0, 0, 6, 43.75
1746649357, 1, 651, 1080, 990, 0, 6.64%, 0, 0, 6, 33.51
1746649623, 1, 654, 1080, 989, 0, 6.64%, 0, 0, 6, 38.78
1746649782, 1, 654, 1081, 990, 0, 6.64%, 0, 0, 6, 26.19
1746649884, 1, 655, 1081, 989, 0, 6.64%, 0, 0, 6, 42.85
1746650211, 1, 658, 1081, 988, 0, 6.64%, 0, 0, 6, 29.76
1746650534, 1, 659, 1081, 987, 0, 6.64%, 0, 0, 6, 36.84
1746650621, 1, 659, 1082, 988, 0, 6.64%, 0, 0, 6, 20.08
1746650626, 1, 659, 1083, 989, 0, 6.64%, 0, 0, 6, 19.71
1746650800, 1, 659, 1084, 990, 0, 6.64%, 0, 0, 6, 54.59
1746650820, 1, 660, 1084, 989, 0, 6.64%, 0, 0, 6, 32.34
1746651092, 1, 662, 1084, 988, 0, 6.64%, 0, 0, 6, 32.87
1746651353, 1, 663, 1084, 987, 0, 6.64%, 0, 0, 6, 43.96
1746651670, 1, 664, 1084, 986, 0, 6.64%, 0, 0, 6, 25.23
1746651963, 1, 666, 1084, 985, 0, 6.64%, 0, 0, 6, 34.75
1746652255, 1, 674, 1084, 984, 0, 6.64%, 0, 0, 6, 39.91
1746652527, 1, 679, 1084, 983, 0, 6.64%, 0, 0, 6, 28.27
1746652844, 1, 680, 1084, 982, 0, 6.64%, 0, 0, 6, 38.13
1746653166, 1, 681, 1084, 981, 0, 6.64%, 0, 0, 6, 29.28
1746653489, 1, 689, 1084, 980, 0, 6.64%, 0, 0, 6, 30.99
1746653775, 1, 702, 1084, 979, 0, 6.64%, 0, 0, 6, 27.16
1746653969, 1, 708, 1084, 978, 0, 6.64%, 0, 0, 6, 29.51
1746654256, 1, 712, 1084, 977, 0, 6.64%, 0, 0, 6, 34.66
1746654523, 1, 729, 1084, 976, 0, 6.64%, 0, 0, 6, 33.24
1746654783, 1, 730, 1084, 975, 0, 6.64%, 0, 0, 6, 43.80
1746654988, 1, 732, 1084, 974, 0, 6.64%, 0, 0, 6, 39.37
