# unix_time, cycles_done, cur_path, paths_total, pending_total, pending_favs, map_size, unique_crashes, unique_hangs, max_depth, execs_per_sec
1746712459, 0, 0, 1, 1, 1, 3.78%, 0, 0, 1, 48.78
1746712464, 0, 0, 13, 13, 1, 4.93%, 0, 0, 2, 46.32
1746712469, 0, 0, 27, 27, 1, 5.00%, 0, 0, 2, 44.91
1746712474, 0, 0, 37, 37, 1, 5.00%, 0, 0, 2, 45.13
1746712480, 0, 0, 45, 45, 1, 5.01%, 0, 0, 2, 45.07
1746712485, 0, 0, 55, 55, 1, 5.01%, 0, 0, 2, 43.49
1746712490, 0, 0, 62, 62, 1, 5.01%, 0, 0, 2, 43.69
1746712495, 0, 0, 69, 69, 1, 5.01%, 0, 0, 2, 44.84
1746712500, 0, 0, 77, 77, 1, 5.02%, 0, 0, 2, 42.78
1746712505, 0, 0, 86, 86, 1, 5.02%, 0, 0, 2, 42.77
1746712510, 0, 0, 95, 95, 1, 5.02%, 0, 0, 2, 44.98
1746712515, 0, 0, 99, 99, 1, 5.03%, 0, 0, 2, 47.43
1746712520, 0, 0, 103, 103, 1, 5.03%, 0, 0, 2, 47.80
1746712525, 0, 0, 109, 109, 1, 5.03%, 0, 0, 2, 45.36
1746712530, 0, 0, 114, 114, 1, 5.05%, 0, 0, 2, 44.26
1746712535, 0, 0, 119, 119, 1, 5.05%, 0, 0, 2, 45.96
1746712540, 0, 0, 120, 120, 1, 5.05%, 0, 0, 2, 48.39
1746712545, 0, 0, 124, 124, 1, 5.05%, 0, 0, 2, 45.92
1746712551, 0, 0, 129, 129, 1, 5.05%, 0, 0, 2, 44.52
1746712561, 0, 0, 131, 131, 1, 5.05%, 0, 0, 2, 48.16
1746712566, 0, 0, 133, 133, 1, 5.05%, 0, 0, 2, 48.76
1746712571, 0, 0, 139, 139, 1, 5.06%, 0, 0, 2, 44.24
1746712576, 0, 0, 146, 146, 1, 5.06%, 0, 0, 2, 43.08
1746712581, 0, 0, 151, 151, 1, 5.06%, 0, 0, 2, 45.07
1746712586, 0, 0, 158, 158, 1, 5.06%, 0, 0, 2, 43.87
1746712591, 0, 0, 160, 160, 1, 5.06%, 0, 0, 2, 47.57
1746712596, 0, 0, 164, 164, 1, 5.06%, 0, 0, 2, 44.42
1746712601, 0, 0, 165, 165, 1, 5.07%, 0, 0, 2, 45.81
1746712606, 0, 0, 171, 171, 1, 5.07%, 0, 0, 2, 40.77
1746712611, 0, 0, 173, 173, 1, 5.07%, 0, 0, 2, 44.07
1746712616, 0, 0, 175, 175, 1, 5.07%, 0, 0, 2, 45.46
1746712622, 0, 0, 177, 177, 1, 5.07%, 0, 0, 2, 47.09
1746712632, 0, 0, 182, 182, 1, 5.10%, 0, 0, 2, 44.30
1746712637, 0, 0, 183, 183, 1, 5.10%, 0, 0, 2, 48.15
1746712642, 0, 0, 187, 187, 1, 5.10%, 0, 0, 2, 45.63
1746712647, 0, 0, 191, 191, 1, 5.10%, 0, 0, 2, 43.90
1746712652, 0, 0, 192, 192, 1, 5.10%, 0, 0, 2, 47.28
1746712657, 0, 0, 193, 193, 1, 5.10%, 0, 0, 2, 48.62
1746712662, 0, 0, 196, 196, 1, 5.11%, 0, 0, 2, 47.08
1746712667, 0, 0, 198, 198, 1, 5.11%, 0, 0, 2, 46.53
1746712672, 0, 0, 199, 199, 1, 5.11%, 0, 0, 2, 47.64
1746712678, 0, 0, 201, 201, 1, 5.11%, 0, 0, 2, 47.20
1746712683, 0, 0, 202, 202, 1, 5.11%, 0, 0, 2, 47.43
1746712693, 0, 0, 204, 204, 1, 5.11%, 0, 0, 2, 46.86
1746712698, 0, 0, 206, 206, 1, 5.11%, 0, 0, 2, 46.40
1746712703, 0, 0, 209, 209, 1, 5.11%, 0, 0, 2, 45.11
1746712708, 0, 0, 211, 211, 1, 5.11%, 0, 0, 2, 46.73
1746712713, 0, 0, 214, 214, 1, 5.11%, 0, 0, 2, 46.51
1746712718, 0, 0, 216, 216, 1, 5.11%, 0, 0, 2, 47.37
1746712723, 0, 0, 218, 218, 1, 5.11%, 0, 0, 2, 46.75
1746712733, 0, 0, 221, 221, 1, 5.11%, 0, 0, 2, 45.52
1746712738, 0, 0, 224, 224, 1, 5.11%, 0, 0, 2, 44.13
1746712749, 0, 0, 225, 225, 1, 5.11%, 0, 0, 2, 46.57
1746712759, 0, 0, 226, 226, 1, 5.11%, 0, 0, 2, 47.78
1746712769, 0, 0, 228, 228, 1, 5.11%, 0, 0, 2, 48.29
1746712779, 0, 0, 231, 231, 1, 5.11%, 0, 0, 2, 47.57
1746712789, 0, 0, 232, 232, 1, 5.11%, 0, 0, 2, 47.80
1746712794, 0, 0, 234, 234, 1, 5.21%, 0, 0, 2, 44.90
1746712799, 0, 0, 236, 236, 1, 5.21%, 0, 0, 2, 44.69
1746712810, 0, 0, 237, 237, 1, 5.21%, 0, 0, 2, 48.90
1746712815, 0, 0, 240, 240, 1, 5.21%, 0, 0, 2, 47.45
1746712825, 0, 0, 241, 241, 1, 5.21%, 0, 0, 2, 48.35
1746712835, 0, 0, 243, 243, 1, 5.21%, 0, 0, 2, 46.66
1746712840, 0, 0, 244, 244, 1, 5.21%, 0, 0, 2, 46.60
1746712845, 0, 0, 245, 245, 1, 5.21%, 0, 0, 2, 47.72
1746712855, 0, 0, 246, 246, 1, 5.21%, 0, 0, 2, 48.93
1746712860, 0, 2, 246, 245, 15, 5.21%, 0, 0, 2, 48.41
1746712865, 0, 2, 248, 247, 15, 5.21%, 0, 0, 3, 47.27
1746712870, 0, 2, 249, 248, 15, 5.21%, 0, 0, 3, 46.61
1746712890, 0, 2, 251, 250, 15, 5.21%, 0, 0, 3, 46.27
1746712901, 0, 2, 253, 252, 15, 5.21%, 0, 0, 3, 45.75
1746712906, 0, 2, 257, 256, 15, 5.21%, 0, 0, 3, 43.97
1746712911, 0, 2, 259, 258, 15, 5.21%, 0, 0, 3, 45.50
1746712916, 0, 2, 260, 259, 15, 5.21%, 0, 0, 3, 46.31
1746712931, 0, 2, 261, 260, 15, 5.21%, 0, 0, 3, 42.39
1746712936, 0, 2, 262, 261, 15, 5.21%, 0, 0, 3, 43.58
1746712952, 0, 2, 263, 262, 15, 5.21%, 0, 0, 3, 43.92
1746712957, 0, 2, 264, 263, 15, 5.21%, 0, 0, 3, 43.53
1746712962, 0, 2, 265, 264, 15, 5.21%, 0, 0, 3, 44.46
1746712972, 0, 2, 266, 265, 15, 5.21%, 0, 0, 3, 44.47
1746712987, 0, 2, 267, 266, 15, 5.21%, 0, 0, 3, 44.40
1746712997, 0, 2, 268, 267, 15, 5.21%, 0, 0, 3, 44.08
1746713007, 0, 2, 269, 268, 15, 5.21%, 0, 0, 3, 45.33
1746713013, 0, 2, 272, 271, 15, 5.21%, 0, 0, 3, 43.63
1746713018, 0, 2, 273, 272, 15, 5.21%, 0, 0, 3, 45.93
1746713023, 0, 2, 274, 273, 15, 5.21%, 0, 0, 3, 45.53
1746713028, 0, 2, 275, 274, 15, 5.21%, 0, 0, 3, 46.52
1746713033, 0, 2, 276, 275, 15, 5.21%, 0, 0, 3, 45.04
1746713038, 0, 2, 277, 276, 15, 5.21%, 0, 0, 3, 44.18
1746713053, 0, 2, 279, 278, 15, 5.21%, 0, 0, 3, 42.96
1746713064, 0, 2, 281, 280, 15, 5.21%, 0, 0, 3, 44.09
1746713079, 0, 2, 282, 281, 15, 5.21%, 0, 0, 3, 44.96
1746713109, 0, 2, 283, 282, 15, 5.21%, 0, 0, 3, 45.07
1746713120, 0, 2, 284, 283, 15, 5.21%, 0, 0, 3, 45.58
1746713130, 0, 2, 285, 284, 15, 5.21%, 0, 0, 3, 44.48
1746713135, 0, 2, 286, 285, 15, 5.21%, 0, 0, 3, 45.21
1746713150, 0, 2, 287, 286, 15, 5.21%, 0, 0, 3, 45.22
1746713165, 0, 2, 288, 287, 15, 5.21%, 0, 0, 3, 45.53
1746713176, 0, 2, 291, 290, 15, 5.21%, 0, 0, 3, 42.90
1746713181, 0, 2, 292, 291, 15, 5.21%, 0, 0, 3, 44.93
1746713186, 0, 2, 293, 292, 15, 5.21%, 0, 0, 3, 45.85
1746713196, 0, 2, 294, 293, 15, 5.21%, 0, 0, 3, 44.47
1746713206, 0, 2, 295, 294, 15, 5.21%, 0, 0, 3, 43.84
1746713221, 0, 2, 297, 296, 15, 5.21%, 0, 0, 3, 44.49
1746713227, 0, 2, 298, 297, 15, 5.21%, 0, 0, 3, 44.24
1746713232, 0, 33, 298, 296, 15, 5.21%, 0, 0, 3, 41.05
1746713361, 0, 33, 300, 298, 15, 5.21%, 0, 0, 3, 39.16
1746713376, 0, 33, 301, 299, 15, 5.21%, 0, 0, 3, 40.53
1746713386, 0, 33, 302, 300, 15, 5.21%, 0, 0, 3, 41.34
1746713391, 0, 33, 303, 301, 15, 5.21%, 0, 0, 3, 41.92
1746713396, 0, 33, 305, 303, 15, 5.21%, 0, 0, 3, 41.23
1746713406, 0, 33, 306, 304, 15, 5.21%, 0, 0, 3, 40.23
1746713417, 0, 33, 307, 305, 15, 5.21%, 0, 0, 3, 41.19
1746713427, 0, 33, 309, 307, 15, 5.21%, 0, 0, 3, 39.17
1746713437, 0, 33, 310, 308, 15, 5.21%, 0, 0, 3, 41.21
1746713447, 0, 33, 312, 310, 15, 5.21%, 0, 0, 3, 40.89
1746713457, 0, 33, 314, 312, 15, 5.21%, 0, 0, 3, 40.30
1746713473, 0, 33, 316, 314, 15, 5.21%, 0, 0, 3, 40.15
1746713478, 0, 33, 317, 315, 15, 5.21%, 0, 0, 3, 40.73
1746713488, 0, 33, 318, 316, 15, 5.21%, 0, 0, 3, 42.05
1746713493, 0, 33, 319, 317, 15, 5.21%, 0, 0, 3, 41.57
1746713503, 0, 33, 320, 318, 15, 5.21%, 0, 0, 3, 41.15
1746713518, 0, 33, 321, 319, 15, 5.21%, 0, 0, 3, 41.46
1746713524, 0, 33, 322, 320, 15, 5.21%, 0, 0, 3, 41.97
1746713529, 0, 33, 323, 321, 15, 5.21%, 0, 0, 3, 41.69
1746713539, 0, 33, 324, 322, 15, 5.21%, 0, 0, 3, 40.18
1746713569, 0, 33, 327, 325, 15, 5.21%, 0, 0, 3, 38.82
1746713590, 0, 33, 328, 326, 15, 5.21%, 0, 0, 3, 41.46
1746713605, 0, 33, 329, 327, 15, 5.21%, 0, 0, 3, 40.86
1746713610, 0, 33, 330, 328, 15, 5.21%, 0, 0, 3, 41.33
1746713615, 0, 33, 331, 329, 15, 5.21%, 0, 0, 3, 40.96
1746713630, 0, 33, 332, 330, 15, 5.21%, 0, 0, 3, 40.45
1746713636, 0, 33, 333, 331, 15, 5.21%, 0, 0, 3, 41.17
1746713651, 0, 33, 334, 332, 15, 5.21%, 0, 0, 3, 40.78
1746713717, 0, 33, 335, 333, 15, 5.21%, 0, 0, 3, 41.30
1746713742, 0, 33, 336, 334, 15, 5.21%, 0, 0, 3, 40.69
1746713748, 0, 33, 337, 335, 15, 5.21%, 0, 0, 3, 40.75
1746713758, 0, 42, 337, 334, 16, 5.21%, 0, 0, 3, 39.35
1746713884, 0, 57, 337, 333, 15, 5.21%, 0, 0, 3, 38.33
1746714324, 0, 57, 338, 334, 15, 5.21%, 0, 0, 3, 30.17
1746714330, 0, 57, 339, 335, 15, 5.21%, 0, 0, 3, 33.40
1746714340, 0, 57, 344, 340, 15, 5.21%, 0, 0, 3, 31.55
1746714350, 0, 57, 345, 341, 15, 5.21%, 0, 0, 3, 33.36
1746714355, 0, 57, 347, 343, 15, 5.21%, 0, 0, 3, 32.47
1746714371, 0, 57, 348, 344, 15, 5.21%, 0, 0, 3, 33.76
1746714376, 0, 57, 349, 345, 15, 5.21%, 0, 0, 3, 33.35
1746714381, 0, 57, 350, 346, 15, 5.21%, 0, 0, 3, 32.99
1746714391, 0, 57, 351, 347, 15, 5.21%, 0, 0, 3, 33.75
1746714396, 0, 57, 352, 348, 15, 5.22%, 0, 0, 3, 33.05
1746714417, 0, 57, 353, 349, 15, 5.22%, 0, 0, 3, 33.68
1746714427, 0, 57, 354, 350, 15, 5.22%, 0, 0, 3, 33.20
1746714437, 0, 57, 355, 351, 15, 5.22%, 0, 0, 3, 33.32
1746714468, 0, 57, 357, 353, 15, 5.22%, 0, 0, 3, 33.10
1746714474, 0, 57, 358, 354, 15, 5.22%, 0, 0, 3, 33.48
1746714489, 0, 57, 359, 355, 15, 5.22%, 0, 0, 3, 33.51
1746714509, 0, 57, 361, 357, 15, 5.22%, 0, 0, 3, 32.53
1746714520, 0, 57, 363, 359, 15, 5.22%, 0, 0, 3, 32.78
1746714525, 0, 57, 365, 361, 15, 5.22%, 0, 0, 3, 33.21
1746714535, 0, 57, 366, 362, 15, 5.22%, 0, 0, 3, 33.19
1746714545, 0, 57, 367, 363, 15, 5.22%, 0, 0, 3, 34.17
1746714551, 0, 57, 368, 364, 15, 5.22%, 0, 0, 3, 33.03
1746714576, 0, 57, 369, 365, 15, 5.22%, 0, 0, 3, 33.79
1746714602, 0, 57, 370, 366, 15, 5.22%, 0, 0, 3, 33.25
1746714607, 0, 57, 371, 367, 15, 5.22%, 0, 0, 3, 33.27
1746714612, 0, 57, 372, 368, 15, 5.22%, 0, 0, 3, 33.95
1746714617, 0, 57, 373, 369, 15, 5.22%, 0, 0, 3, 32.83
1746714622, 0, 57, 374, 370, 15, 5.22%, 0, 0, 3, 33.67
1746714653, 0, 57, 375, 371, 15, 5.22%, 0, 0, 3, 33.61
1746714689, 0, 57, 376, 372, 15, 5.22%, 0, 0, 3, 32.85
1746714751, 0, 57, 377, 373, 15, 5.22%, 0, 0, 3, 31.87
1746714782, 0, 57, 378, 374, 15, 5.22%, 0, 0, 3, 32.34
1746714802, 0, 57, 379, 375, 15, 5.22%, 0, 0, 3, 34.37
1746714812, 0, 57, 381, 377, 15, 5.22%, 0, 0, 3, 33.14
1746714817, 0, 57, 382, 378, 15, 5.22%, 0, 0, 3, 33.31
1746714823, 0, 60, 382, 377, 16, 5.22%, 0, 0, 3, 33.07
1746715106, 0, 78, 382, 376, 15, 5.22%, 0, 0, 3, 35.66
1746715385, 0, 119, 382, 375, 14, 5.22%, 0, 0, 3, 37.26
1746715563, 0, 122, 382, 374, 13, 5.22%, 0, 0, 3, 33.86
1746716085, 0, 122, 384, 376, 13, 5.22%, 0, 0, 3, 32.36
1746716100, 0, 122, 385, 377, 13, 5.22%, 0, 0, 3, 34.19
1746716105, 0, 122, 386, 378, 13, 5.22%, 0, 0, 3, 33.34
1746716136, 0, 122, 387, 379, 13, 5.22%, 0, 0, 3, 34.73
1746716146, 0, 122, 388, 380, 13, 5.22%, 0, 0, 3, 33.78
1746716162, 0, 122, 389, 381, 13, 5.22%, 0, 0, 3, 33.00
1746716167, 0, 122, 390, 382, 13, 5.22%, 0, 0, 3, 33.05
1746716177, 0, 122, 392, 384, 13, 5.22%, 0, 0, 3, 32.32
1746716198, 0, 122, 393, 385, 13, 5.22%, 0, 0, 3, 33.93
1746716203, 0, 122, 394, 386, 13, 5.23%, 0, 0, 3, 32.50
1746716213, 0, 122, 395, 387, 13, 5.23%, 0, 0, 3, 32.18
1746716218, 0, 122, 396, 388, 13, 5.23%, 0, 0, 3, 32.91
1746716239, 0, 122, 397, 389, 13, 5.23%, 0, 0, 3, 33.15
1746716249, 0, 122, 398, 390, 13, 5.23%, 0, 0, 3, 33.43
1746716254, 0, 122, 399, 391, 13, 5.23%, 0, 0, 3, 33.22
1746716259, 0, 122, 401, 393, 13, 5.23%, 0, 0, 3, 32.51
1746716264, 0, 122, 403, 395, 13, 5.23%, 0, 0, 3, 31.70
1746716270, 0, 122, 404, 396, 13, 5.23%, 0, 0, 3, 32.87
1746716275, 0, 122, 405, 397, 13, 5.23%, 0, 0, 3, 33.10
1746716285, 0, 122, 406, 398, 13, 5.23%, 0, 0, 3, 33.60
1746716295, 0, 122, 408, 400, 13, 5.23%, 0, 0, 3, 32.37
1746716306, 0, 122, 409, 401, 13, 5.23%, 0, 0, 3, 33.25
1746716367, 0, 122, 410, 402, 13, 5.23%, 0, 0, 3, 33.60
1746716377, 0, 122, 411, 403, 13, 5.23%, 0, 0, 3, 34.28
1746716383, 0, 122, 412, 404, 13, 5.23%, 0, 0, 3, 33.99
1746716398, 0, 122, 413, 405, 13, 5.23%, 0, 0, 3, 33.89
1746716403, 0, 122, 414, 406, 13, 5.23%, 0, 0, 3, 32.10
1746716414, 0, 122, 416, 408, 13, 5.23%, 0, 0, 3, 32.62
1746716424, 0, 122, 417, 409, 13, 5.23%, 0, 0, 3, 32.43
1746716439, 0, 122, 418, 410, 13, 5.23%, 0, 0, 3, 33.74
1746716460, 0, 122, 419, 411, 13, 5.23%, 0, 0, 3, 33.12
1746716480, 0, 122, 420, 412, 13, 5.23%, 0, 0, 3, 33.39
1746716511, 0, 122, 421, 413, 13, 5.23%, 0, 0, 3, 33.03
1746716573, 0, 122, 422, 414, 13, 5.23%, 0, 0, 3, 32.41
1746716578, 0, 128, 423, 414, 13, 5.23%, 0, 0, 3, 33.31
1746716793, 0, 128, 425, 416, 13, 5.23%, 0, 0, 3, 36.52
1746716813, 0, 128, 426, 417, 13, 5.23%, 0, 0, 3, 37.10
1746716839, 0, 128, 427, 418, 13, 5.23%, 0, 0, 3, 37.45
1746716931, 0, 128, 428, 419, 13, 5.23%, 0, 0, 3, 37.39
1746716982, 0, 128, 429, 420, 13, 5.23%, 0, 0, 3, 36.96
1746716992, 0, 128, 430, 421, 13, 5.23%, 0, 0, 3, 37.28
1746717053, 0, 128, 431, 422, 13, 5.23%, 0, 0, 3, 36.94
1746717089, 0, 128, 432, 423, 13, 5.23%, 0, 0, 3, 37.35
1746717115, 0, 128, 433, 424, 13, 5.23%, 0, 0, 3, 38.22
1746717171, 0, 128, 434, 425, 13, 5.23%, 0, 0, 3, 35.77
1746717176, 0, 128, 435, 426, 13, 5.23%, 0, 0, 3, 35.50
1746717222, 0, 170, 435, 425, 12, 5.23%, 0, 0, 3, 28.34
1746718100, 0, 170, 438, 428, 12, 5.23%, 0, 0, 3, 23.13
1746718105, 0, 170, 439, 429, 12, 5.23%, 0, 0, 3, 23.90
1746718115, 0, 170, 441, 431, 12, 5.23%, 0, 0, 3, 24.85
1746718121, 0, 170, 444, 434, 12, 5.23%, 0, 0, 3, 25.24
1746718126, 0, 170, 446, 436, 12, 5.23%, 0, 0, 3, 24.19
1746718131, 0, 170, 450, 440, 12, 5.23%, 0, 0, 3, 23.32
1746718136, 0, 170, 451, 441, 12, 5.23%, 0, 0, 3, 24.91
1746718141, 0, 170, 452, 442, 12, 5.23%, 0, 0, 3, 25.16
1746718146, 0, 170, 454, 444, 12, 5.23%, 0, 0, 3, 24.39
1746718151, 0, 170, 456, 446, 12, 5.30%, 0, 0, 3, 25.18
1746718156, 0, 170, 457, 447, 12, 5.30%, 0, 0, 3, 25.11
1746718162, 0, 170, 460, 450, 12, 5.30%, 0, 0, 3, 23.20
1746718167, 0, 170, 461, 451, 12, 5.30%, 0, 0, 3, 25.55
1746718187, 0, 170, 463, 453, 12, 5.30%, 0, 0, 3, 25.91
1746718192, 0, 170, 464, 454, 12, 5.30%, 0, 0, 3, 26.19
1746718197, 0, 170, 465, 455, 12, 5.30%, 0, 0, 3, 26.24
1746718202, 0, 170, 467, 457, 12, 5.30%, 0, 0, 3, 25.05
1746718213, 0, 170, 470, 460, 12, 5.38%, 0, 0, 3, 24.72
1746718218, 0, 170, 471, 461, 12, 5.38%, 0, 0, 3, 25.77
1746718223, 0, 170, 473, 463, 12, 5.38%, 0, 0, 3, 25.68
1746718238, 0, 170, 475, 465, 12, 5.38%, 0, 0, 3, 25.91
1746718248, 0, 170, 476, 466, 12, 5.38%, 0, 0, 3, 26.33
1746718253, 0, 170, 477, 467, 12, 5.96%, 0, 0, 3, 25.94
1746718269, 0, 170, 478, 468, 12, 5.96%, 0, 0, 3, 24.34
1746718274, 0, 170, 479, 469, 12, 5.96%, 0, 0, 3, 25.93
1746718279, 0, 170, 481, 471, 12, 5.96%, 0, 0, 3, 24.32
1746718284, 0, 170, 482, 472, 12, 5.96%, 0, 0, 3, 24.91
1746718299, 0, 170, 483, 473, 12, 5.96%, 0, 0, 3, 25.93
1746718310, 0, 170, 485, 475, 12, 5.96%, 0, 0, 3, 25.17
1746718315, 0, 170, 486, 476, 12, 5.96%, 0, 0, 3, 25.59
1746718330, 0, 170, 487, 477, 12, 5.96%, 0, 0, 3, 25.85
1746718345, 0, 170, 488, 478, 12, 5.97%, 0, 0, 3, 25.05
1746718350, 0, 170, 489, 479, 12, 5.97%, 0, 0, 3, 25.18
1746718371, 0, 170, 490, 480, 12, 5.97%, 0, 0, 3, 25.03
1746718376, 0, 170, 491, 481, 12, 5.97%, 0, 0, 3, 24.39
1746718386, 0, 170, 492, 482, 12, 5.97%, 0, 0, 3, 25.44
1746718396, 0, 170, 494, 484, 12, 5.97%, 0, 0, 3, 25.92
1746718401, 0, 170, 495, 485, 12, 5.97%, 0, 0, 3, 26.62
1746718406, 0, 170, 496, 486, 12, 5.97%, 0, 0, 3, 25.31
1746718437, 0, 170, 498, 488, 12, 5.98%, 0, 0, 3, 25.82
1746718447, 0, 170, 499, 489, 12, 5.98%, 0, 0, 3, 26.12
1746718452, 0, 170, 500, 490, 12, 5.98%, 0, 0, 3, 26.15
1746718462, 0, 170, 501, 491, 12, 5.98%, 0, 0, 3, 26.59
1746718467, 0, 170, 502, 492, 12, 5.98%, 0, 0, 3, 25.71
1746718472, 0, 170, 503, 493, 12, 5.98%, 0, 0, 3, 25.58
1746718483, 0, 170, 504, 494, 12, 5.98%, 0, 0, 3, 25.59
1746718498, 0, 170, 505, 495, 12, 5.98%, 0, 0, 3, 26.03
1746718513, 0, 170, 506, 496, 12, 6.08%, 0, 0, 3, 26.55
1746718523, 0, 170, 507, 497, 12, 6.08%, 0, 0, 3, 24.84
1746718569, 0, 170, 508, 498, 12, 6.08%, 0, 0, 3, 25.45
1746718589, 0, 170, 509, 499, 12, 6.08%, 0, 0, 3, 25.41
1746718594, 0, 170, 510, 500, 12, 6.08%, 0, 0, 3, 24.37
1746718600, 0, 170, 511, 501, 12, 6.08%, 0, 0, 3, 25.70
1746718605, 0, 170, 512, 502, 12, 6.08%, 0, 0, 3, 25.94
1746718651, 0, 170, 513, 503, 12, 6.08%, 0, 0, 3, 25.82
1746718661, 0, 170, 514, 504, 12, 6.08%, 0, 0, 3, 25.35
1746718681, 0, 170, 515, 505, 12, 6.08%, 0, 0, 3, 25.52
1746718687, 0, 170, 516, 506, 12, 6.08%, 0, 0, 3, 24.86
1746718712, 0, 170, 517, 507, 12, 6.08%, 0, 0, 3, 25.21
1746718732, 0, 170, 518, 508, 12, 6.08%, 0, 0, 3, 25.23
1746718738, 0, 170, 519, 509, 12, 6.09%, 0, 0, 3, 26.30
1746718753, 0, 170, 520, 510, 12, 6.09%, 0, 0, 3, 26.37
1746718758, 0, 170, 521, 511, 12, 6.09%, 0, 0, 3, 25.25
1746718763, 0, 205, 521, 510, 12, 6.09%, 0, 0, 3, 34.72
1746718928, 0, 232, 521, 509, 11, 6.09%, 0, 0, 3, 39.58
1746718949, 0, 232, 522, 510, 11, 6.09%, 0, 0, 3, 17.06
1746718969, 0, 232, 523, 511, 11, 6.09%, 0, 0, 3, 17.28
1746718980, 0, 232, 524, 512, 11, 6.09%, 0, 0, 3, 17.12
1746718995, 0, 232, 525, 513, 11, 6.09%, 0, 0, 3, 17.01
1746719016, 0, 232, 526, 514, 11, 6.09%, 0, 0, 3, 17.07
1746719149, 0, 232, 527, 515, 11, 6.09%, 0, 0, 3, 17.26
1746719180, 0, 232, 528, 516, 11, 6.09%, 0, 0, 3, 16.99
1746719216, 0, 232, 530, 518, 11, 6.09%, 0, 0, 3, 17.18
1746719252, 0, 232, 531, 519, 11, 6.09%, 0, 0, 3, 17.02
1746719263, 0, 232, 532, 520, 11, 6.09%, 0, 0, 3, 17.20
1746719478, 0, 232, 533, 521, 11, 6.10%, 0, 0, 3, 17.12
1746719483, 0, 232, 534, 522, 11, 6.10%, 0, 0, 3, 17.36
1746719581, 0, 232, 535, 523, 11, 6.10%, 0, 0, 3, 16.96
1746719740, 0, 232, 536, 524, 11, 6.10%, 0, 0, 3, 16.98
1746720028, 0, 232, 537, 525, 11, 6.10%, 0, 0, 3, 17.19
1746720413, 0, 232, 538, 526, 11, 6.10%, 0, 0, 3, 17.03
1746720727, 0, 232, 540, 528, 11, 6.10%, 0, 0, 3, 17.30
1746720768, 0, 232, 541, 529, 11, 6.10%, 0, 0, 3, 17.27
1746720779, 0, 232, 542, 530, 11, 6.10%, 0, 0, 3, 17.05
1746720789, 0, 232, 543, 531, 11, 6.10%, 0, 0, 3, 17.09
1746721191, 0, 232, 547, 535, 11, 6.10%, 0, 0, 3, 17.78
1746721196, 0, 232, 551, 539, 11, 6.10%, 0, 0, 3, 18.24
1746721201, 0, 232, 553, 541, 11, 6.10%, 0, 0, 3, 18.67
1746721206, 0, 232, 557, 545, 11, 6.10%, 0, 0, 3, 17.87
1746721211, 0, 232, 562, 550, 11, 6.10%, 0, 0, 3, 17.96
1746721217, 0, 232, 563, 551, 11, 6.10%, 0, 0, 3, 19.00
1746721222, 0, 232, 566, 554, 11, 6.10%, 0, 0, 3, 18.98
1746721227, 0, 232, 568, 556, 11, 6.10%, 0, 0, 3, 19.15
1746721232, 0, 232, 570, 558, 11, 6.10%, 0, 0, 3, 18.53
1746721237, 0, 232, 572, 560, 11, 6.10%, 0, 0, 3, 18.90
1746721242, 0, 232, 574, 562, 11, 6.10%, 0, 0, 3, 18.51
1746721247, 0, 232, 576, 564, 11, 6.10%, 0, 0, 3, 18.45
1746721252, 0, 232, 580, 568, 11, 6.10%, 0, 0, 3, 18.25
1746721257, 0, 232, 582, 570, 11, 6.10%, 0, 0, 3, 18.28
1746721262, 0, 232, 584, 572, 11, 6.10%, 0, 0, 3, 18.61
1746721267, 0, 232, 585, 573, 11, 6.10%, 0, 0, 3, 19.01
1746721272, 0, 232, 587, 575, 11, 6.10%, 0, 0, 3, 18.81
1746721278, 0, 232, 589, 577, 11, 6.10%, 0, 0, 3, 18.22
1746721283, 0, 232, 590, 578, 11, 6.10%, 0, 0, 3, 19.31
1746721288, 0, 232, 591, 579, 11, 6.10%, 0, 0, 3, 19.57
1746721293, 0, 232, 592, 580, 11, 6.10%, 0, 0, 3, 18.39
1746721303, 0, 232, 593, 581, 11, 6.10%, 0, 0, 3, 18.71
1746721308, 0, 232, 594, 582, 11, 6.10%, 0, 0, 3, 19.12
1746721313, 0, 232, 596, 584, 11, 6.10%, 0, 0, 3, 18.98
1746721318, 0, 232, 598, 586, 11, 6.10%, 0, 0, 3, 18.39
1746721323, 0, 232, 601, 589, 11, 6.10%, 0, 0, 3, 18.73
1746721329, 0, 232, 603, 591, 11, 6.10%, 0, 0, 3, 18.65
1746721334, 0, 232, 605, 593, 11, 6.10%, 0, 0, 3, 18.50
1746721344, 0, 232, 606, 594, 11, 6.10%, 0, 0, 3, 18.82
1746721354, 0, 232, 607, 595, 11, 6.10%, 0, 0, 3, 19.18
1746721359, 0, 232, 609, 597, 11, 6.10%, 0, 0, 3, 18.48
1746721370, 0, 232, 612, 600, 11, 6.10%, 0, 0, 3, 18.69
1746721375, 0, 232, 614, 602, 11, 6.10%, 0, 0, 3, 18.55
1746721385, 0, 232, 616, 604, 11, 6.10%, 0, 0, 3, 18.92
1746721390, 0, 232, 618, 606, 11, 6.10%, 0, 0, 3, 18.49
1746721395, 0, 232, 619, 607, 11, 6.10%, 0, 0, 3, 18.93
1746721406, 0, 232, 621, 609, 11, 6.10%, 0, 0, 3, 18.39
1746721411, 0, 232, 623, 611, 11, 6.10%, 0, 0, 3, 18.21
1746721426, 0, 232, 624, 612, 11, 6.10%, 0, 0, 3, 18.51
1746721442, 0, 232, 625, 613, 11, 6.10%, 0, 0, 3, 19.22
1746721467, 0, 232, 626, 614, 11, 6.10%, 0, 0, 3, 18.46
1746721482, 0, 232, 627, 615, 11, 6.10%, 0, 0, 3, 18.93
1746721513, 0, 232, 628, 616, 11, 6.10%, 0, 0, 3, 19.05
1746721523, 0, 232, 630, 618, 11, 6.10%, 0, 0, 3, 18.51
1746721534, 0, 232, 631, 619, 11, 6.10%, 0, 0, 3, 19.12
1746721544, 0, 232, 632, 620, 11, 6.10%, 0, 0, 3, 18.74
1746721554, 0, 232, 634, 622, 11, 6.10%, 0, 0, 3, 18.27
1746721559, 0, 232, 635, 623, 11, 6.10%, 0, 0, 3, 19.28
1746721570, 0, 232, 636, 624, 11, 6.10%, 0, 0, 3, 18.84
1746721580, 0, 232, 637, 625, 11, 6.10%, 0, 0, 3, 17.78
1746721585, 0, 232, 639, 627, 11, 6.10%, 0, 0, 3, 18.55
1746721600, 0, 232, 640, 628, 11, 6.10%, 0, 0, 3, 19.31
1746721605, 0, 232, 641, 629, 11, 6.10%, 0, 0, 3, 19.39
1746721615, 0, 232, 643, 631, 11, 6.10%, 0, 0, 3, 18.88
1746721626, 0, 232, 644, 632, 11, 6.10%, 0, 0, 3, 19.77
1746721656, 0, 232, 645, 633, 11, 6.10%, 0, 0, 3, 19.04
1746721666, 0, 232, 646, 634, 11, 6.10%, 0, 0, 3, 19.02
1746721672, 0, 232, 647, 635, 11, 6.10%, 0, 0, 3, 18.75
1746721697, 0, 232, 648, 636, 11, 6.10%, 0, 0, 3, 18.80
1746721702, 0, 232, 649, 637, 11, 6.10%, 0, 0, 3, 18.24
1746721707, 0, 232, 650, 638, 11, 6.10%, 0, 0, 3, 18.34
1746721717, 0, 232, 651, 639, 11, 6.10%, 0, 0, 3, 19.72
1746721728, 0, 232, 652, 640, 11, 6.10%, 0, 0, 3, 18.11
1746721743, 0, 232, 653, 641, 11, 6.10%, 0, 0, 3, 18.46
1746721769, 0, 232, 654, 642, 11, 6.10%, 0, 0, 3, 18.66
1746721779, 0, 232, 655, 643, 11, 6.10%, 0, 0, 3, 18.91
1746721795, 0, 232, 656, 644, 11, 6.10%, 0, 0, 3, 19.55
1746721810, 0, 232, 657, 645, 11, 6.10%, 0, 0, 3, 18.60
1746721851, 0, 232, 658, 646, 11, 6.10%, 0, 0, 3, 19.11
1746721861, 0, 232, 659, 647, 11, 6.10%, 0, 0, 3, 18.96
1746721866, 0, 232, 660, 648, 11, 6.10%, 0, 0, 3, 18.89
1746721872, 0, 232, 661, 649, 11, 6.10%, 0, 0, 3, 18.53
1746721882, 0, 232, 662, 650, 11, 6.10%, 0, 0, 3, 19.06
1746721887, 0, 252, 662, 649, 9, 6.10%, 0, 0, 3, 22.27
1746722798, 0, 285, 662, 648, 8, 6.10%, 0, 0, 3, 27.41
1746723284, 0, 424, 662, 647, 7, 6.10%, 0, 0, 3, 31.26
1746723627, 0, 532, 662, 646, 6, 6.10%, 0, 0, 3, 28.18
1746723677, 0, 532, 663, 647, 6, 6.10%, 0, 0, 4, 19.01
1746724610, 0, 532, 664, 648, 6, 6.10%, 0, 0, 4, 19.42
1746725171, 0, 532, 665, 649, 6, 6.10%, 0, 0, 4, 21.77
1746725176, 0, 532, 667, 651, 6, 6.12%, 0, 0, 4, 21.04
1746725181, 0, 532, 668, 652, 6, 6.12%, 0, 0, 4, 21.16
1746725237, 0, 532, 670, 654, 6, 6.12%, 0, 0, 4, 20.96
1746725267, 0, 532, 671, 655, 6, 6.12%, 0, 0, 4, 21.06
1746725396, 0, 532, 672, 656, 6, 6.12%, 0, 0, 4, 21.52
1746725457, 0, 532, 673, 657, 6, 6.12%, 0, 0, 4, 20.74
1746725601, 0, 532, 674, 658, 6, 6.12%, 0, 0, 4, 21.47
1746725733, 0, 532, 675, 659, 6, 6.12%, 0, 0, 4, 21.45
1746725856, 0, 532, 676, 660, 6, 6.12%, 0, 0, 4, 21.60
1746725882, 0, 532, 677, 661, 6, 6.12%, 0, 0, 4, 21.24
1746725908, 0, 532, 678, 662, 6, 6.12%, 0, 0, 4, 22.34
1746725918, 0, 578, 678, 661, 7, 6.12%, 0, 0, 4, 20.96
1746727764, 0, 595, 678, 660, 6, 6.12%, 0, 0, 4, 19.54
1746730097, 0, 657, 678, 659, 6, 6.12%, 0, 0, 4, 18.25
1746730491, 0, 657, 679, 660, 6, 6.12%, 0, 0, 4, 16.28
1746732866, 0, 657, 680, 661, 6, 6.12%, 0, 0, 4, 17.39
1746732882, 0, 657, 681, 662, 6, 6.12%, 0, 0, 4, 17.87
1746732897, 0, 657, 682, 663, 6, 6.12%, 0, 0, 4, 18.17
1746732938, 0, 657, 683, 664, 6, 6.12%, 0, 0, 4, 16.94
1746732958, 0, 657, 684, 665, 6, 6.12%, 0, 0, 4, 17.35
1746733004, 0, 657, 685, 666, 6, 6.12%, 0, 0, 4, 17.68
1746733015, 0, 657, 686, 667, 6, 6.13%, 0, 0, 4, 17.72
1746733030, 0, 657, 687, 668, 6, 6.13%, 0, 0, 4, 17.76
1746733091, 0, 657, 688, 669, 6, 6.13%, 0, 0, 4, 17.44
1746733111, 0, 657, 689, 670, 6, 6.13%, 0, 0, 4, 16.96
1746733117, 0, 657, 690, 671, 6, 6.13%, 0, 0, 4, 18.19
1746733331, 0, 657, 691, 672, 6, 6.13%, 0, 0, 4, 17.32
1746733377, 0, 657, 692, 673, 6, 6.13%, 0, 0, 4, 17.06
1746733413, 0, 657, 693, 674, 6, 6.13%, 0, 0, 4, 17.07
1746733515, 0, 657, 694, 675, 6, 6.13%, 0, 0, 4, 17.60
1746733551, 0, 663, 694, 674, 7, 6.13%, 0, 0, 4, 18.84
1746735187, 0, 665, 694, 673, 6, 6.13%, 0, 0, 4, 19.07
1746735207, 0, 665, 696, 675, 6, 6.13%, 0, 0, 5, 15.63
1746735284, 0, 665, 697, 676, 6, 6.13%, 0, 0, 5, 15.66
1746735556, 0, 665, 698, 677, 6, 6.13%, 0, 0, 5, 15.70
1746737765, 0, 665, 699, 678, 6, 6.13%, 0, 0, 5, 17.27
1746737770, 0, 665, 700, 679, 6, 6.13%, 0, 0, 5, 18.40
1746737801, 0, 665, 701, 680, 6, 6.15%, 0, 0, 5, 18.20
1746737811, 0, 665, 702, 681, 6, 6.15%, 0, 0, 5, 18.55
1746737816, 0, 665, 703, 682, 6, 6.15%, 0, 0, 5, 17.87
1746737832, 0, 665, 704, 683, 6, 6.15%, 0, 0, 5, 18.46
1746737868, 0, 665, 705, 684, 6, 6.15%, 0, 0, 5, 18.31
1746737904, 0, 665, 706, 685, 6, 6.15%, 0, 0, 5, 18.77
1746737944, 0, 665, 707, 686, 6, 6.15%, 0, 0, 5, 18.32
1746738021, 0, 665, 708, 687, 6, 6.15%, 0, 0, 5, 18.52
1746738036, 0, 665, 709, 688, 6, 6.16%, 0, 0, 5, 18.76
1746738072, 0, 665, 710, 689, 6, 6.23%, 0, 0, 5, 18.33
1746738077, 0, 665, 711, 690, 6, 6.28%, 0, 0, 5, 17.99
1746738144, 0, 665, 712, 691, 6, 6.28%, 0, 0, 5, 17.46
1746738200, 0, 665, 713, 692, 6, 6.28%, 0, 0, 5, 17.93
1746738246, 0, 665, 714, 693, 6, 6.28%, 0, 0, 5, 18.28
1746738307, 0, 665, 715, 694, 6, 6.28%, 0, 0, 5, 18.56
1746738332, 0, 665, 716, 695, 6, 6.28%, 0, 0, 5, 18.49
1746738430, 0, 685, 716, 694, 7, 6.28%, 0, 0, 5, 15.86
1746738476, 0, 685, 717, 695, 7, 6.28%, 0, 0, 5, 14.06
1746738573, 0, 685, 718, 696, 7, 6.28%, 0, 0, 5, 14.10
1746738584, 0, 685, 719, 697, 7, 6.28%, 0, 0, 5, 14.03
1746742357, 0, 685, 720, 698, 7, 6.28%, 0, 0, 5, 14.25
1746742367, 0, 685, 721, 699, 7, 6.28%, 0, 0, 5, 14.80
1746742372, 0, 685, 722, 700, 7, 6.28%, 0, 0, 5, 15.16
1746742398, 0, 685, 723, 701, 7, 6.28%, 0, 0, 5, 15.48
1746742475, 0, 685, 724, 702, 7, 6.28%, 0, 0, 5, 15.37
1746742511, 0, 685, 725, 703, 7, 6.28%, 0, 0, 5, 15.43
1746742526, 0, 685, 726, 704, 7, 6.28%, 0, 0, 5, 15.22
1746742593, 0, 685, 727, 705, 7, 6.28%, 0, 0, 5, 15.49
1746742649, 0, 685, 728, 706, 7, 6.28%, 0, 0, 5, 15.55
1746742833, 0, 685, 729, 707, 7, 6.28%, 0, 0, 5, 15.11
1746742982, 0, 685, 730, 708, 7, 6.28%, 0, 0, 5, 15.44
1746743110, 0, 685, 732, 710, 7, 6.28%, 0, 0, 5, 14.14
1746743151, 0, 703, 732, 709, 7, 6.28%, 0, 0, 5, 16.45
1746743172, 0, 703, 734, 711, 7, 6.28%, 0, 0, 6, 14.48
1746743218, 0, 703, 735, 712, 7, 6.28%, 0, 0, 6, 14.71
1746743259, 0, 703, 736, 713, 7, 6.28%, 0, 0, 6, 14.54
1746743398, 0, 703, 737, 714, 7, 6.28%, 0, 0, 6, 14.50
1746743599, 0, 703, 738, 715, 7, 6.28%, 0, 0, 6, 14.52
1746746153, 0, 703, 740, 717, 7, 6.28%, 0, 0, 6, 17.63
1746746164, 0, 703, 741, 718, 7, 6.28%, 0, 0, 6, 17.50
1746746184, 0, 703, 742, 719, 7, 6.28%, 0, 0, 6, 17.92
1746746194, 0, 703, 743, 720, 7, 6.28%, 0, 0, 6, 17.67
1746746199, 0, 703, 744, 721, 7, 6.28%, 0, 0, 6, 17.45
1746746210, 0, 703, 745, 722, 7, 6.28%, 0, 0, 6, 17.60
1746746215, 0, 703, 746, 723, 7, 6.28%, 0, 0, 6, 17.12
1746746240, 0, 703, 747, 724, 7, 6.28%, 0, 0, 6, 17.82
1746746245, 0, 703, 749, 726, 7, 6.29%, 0, 0, 6, 17.17
1746746256, 0, 703, 750, 727, 7, 6.29%, 0, 0, 6, 17.41
1746746286, 0, 703, 751, 728, 7, 6.44%, 0, 0, 6, 17.93
1746746327, 0, 703, 752, 729, 7, 6.44%, 0, 0, 6, 17.48
1746746332, 0, 703, 754, 731, 7, 6.44%, 0, 0, 6, 16.87
1746746429, 0, 703, 755, 732, 7, 6.44%, 0, 0, 6, 18.28
1746746445, 0, 703, 756, 733, 7, 6.44%, 0, 0, 6, 17.25
1746746470, 0, 703, 757, 734, 7, 6.44%, 0, 0, 6, 18.29
1746746531, 0, 703, 758, 735, 7, 6.44%, 0, 0, 6, 17.33
1746746633, 0, 703, 759, 736, 7, 6.47%, 0, 0, 6, 17.13
1746746649, 0, 703, 760, 737, 7, 6.47%, 0, 0, 6, 17.29
1746746669, 0, 703, 761, 738, 7, 6.47%, 0, 0, 6, 17.22
1746746721, 0, 703, 762, 739, 7, 6.47%, 0, 0, 6, 17.58
1746746848, 0, 712, 762, 738, 10, 6.47%, 0, 0, 6, 17.81
1746749430, 0, 712, 763, 739, 10, 6.47%, 0, 0, 6, 18.58
1746749466, 0, 712, 764, 740, 10, 6.47%, 0, 0, 6, 18.33
1746749476, 0, 712, 765, 741, 10, 6.47%, 0, 0, 6, 18.16
1746749742, 0, 712, 766, 742, 10, 6.47%, 0, 0, 6, 18.79
1746749763, 0, 712, 767, 743, 10, 6.58%, 0, 0, 6, 18.33
1746749968, 0, 712, 768, 744, 10, 6.58%, 0, 0, 6, 19.34
1746750024, 0, 712, 769, 745, 10, 6.58%, 0, 0, 6, 18.90
1746750075, 0, 715, 769, 744, 11, 6.58%, 0, 0, 6, 17.60
1746750445, 0, 715, 770, 745, 11, 6.58%, 0, 0, 6, 15.52
1746752669, 0, 715, 771, 746, 11, 6.58%, 0, 0, 6, 18.80
1746752710, 0, 715, 772, 747, 11, 6.58%, 0, 0, 6, 18.72
1746752813, 0, 718, 772, 746, 11, 6.58%, 0, 0, 6, 18.29
