# unix_time, cycles_done, cur_path, paths_total, pending_total, pending_favs, map_size, unique_crashes, unique_hangs, max_depth, execs_per_sec
1746558726, 0, 0, 1, 1, 1, 4.91%, 0, 0, 1, 82.47
1746558731, 0, 0, 53, 53, 1, 5.91%, 0, 0, 2, 89.88
1746558736, 0, 0, 95, 95, 1, 7.46%, 0, 0, 2, 72.29
1746558741, 0, 0, 123, 123, 1, 7.50%, 0, 0, 2, 61.17
1746558747, 0, 0, 154, 154, 1, 7.50%, 0, 0, 2, 61.50
1746558752, 0, 0, 180, 180, 1, 8.00%, 0, 0, 2, 54.69
1746558757, 0, 0, 201, 201, 1, 8.00%, 0, 0, 2, 42.45
1746558762, 0, 0, 224, 224, 1, 8.00%, 0, 0, 2, 52.15
1746558767, 0, 0, 247, 247, 1, 8.01%, 0, 0, 2, 58.19
1746558772, 0, 0, 270, 270, 1, 8.01%, 0, 0, 2, 54.49
1746558777, 0, 0, 286, 286, 1, 8.01%, 0, 0, 2, 45.32
1746558782, 0, 0, 303, 303, 1, 8.01%, 0, 0, 2, 46.81
1746558788, 0, 0, 318, 318, 1, 8.01%, 0, 0, 2, 40.47
1746558793, 0, 0, 329, 329, 1, 8.05%, 0, 0, 2, 28.18
1746558798, 0, 0, 346, 346, 1, 8.05%, 0, 0, 2, 45.64
1746558803, 0, 0, 360, 360, 1, 8.05%, 0, 0, 2, 42.60
1746558808, 0, 0, 371, 371, 1, 8.05%, 0, 0, 2, 36.08
1746558813, 0, 0, 381, 381, 1, 8.05%, 0, 0, 2, 36.17
1746558818, 0, 0, 392, 392, 1, 8.05%, 0, 0, 2, 46.74
1746558823, 0, 0, 405, 405, 1, 8.07%, 0, 0, 2, 39.26
1746558828, 0, 0, 417, 417, 1, 8.07%, 0, 0, 2, 39.06
1746558834, 0, 0, 427, 427, 1, 8.07%, 0, 0, 2, 44.60
1746558839, 0, 0, 437, 437, 1, 8.29%, 0, 0, 2, 38.86
1746558844, 0, 0, 446, 446, 1, 8.29%, 0, 0, 2, 33.81
1746558849, 0, 0, 454, 454, 1, 8.29%, 0, 0, 2, 37.80
1746558854, 0, 0, 460, 460, 1, 8.29%, 0, 0, 2, 34.60
1746558859, 0, 0, 468, 468, 1, 8.29%, 0, 0, 2, 33.86
1746558864, 0, 0, 474, 474, 1, 8.29%, 0, 0, 2, 33.97
1746558870, 0, 0, 480, 480, 1, 8.29%, 0, 0, 2, 33.70
1746558875, 0, 0, 487, 487, 1, 8.29%, 0, 0, 2, 32.30
1746558880, 0, 0, 492, 492, 1, 8.29%, 0, 0, 2, 35.44
1746558885, 0, 0, 498, 498, 1, 8.29%, 0, 0, 2, 36.86
1746558890, 0, 0, 503, 503, 1, 8.35%, 0, 0, 2, 30.68
1746558895, 0, 0, 509, 509, 1, 8.35%, 0, 0, 2, 40.97
1746558900, 0, 0, 516, 516, 1, 8.35%, 0, 0, 2, 46.32
1746558905, 0, 0, 522, 522, 1, 8.35%, 0, 0, 2, 49.69
1746558910, 0, 0, 528, 528, 1, 8.35%, 0, 0, 2, 50.42
1746558915, 0, 0, 534, 534, 1, 8.35%, 0, 0, 2, 49.27
1746558921, 0, 0, 536, 536, 1, 8.35%, 0, 0, 2, 51.90
1746558926, 0, 0, 540, 540, 1, 8.35%, 0, 0, 2, 46.90
1746558931, 0, 0, 544, 544, 1, 8.35%, 0, 0, 2, 46.24
1746558936, 0, 0, 551, 551, 1, 8.35%, 0, 0, 2, 34.61
1746558941, 0, 0, 555, 555, 1, 8.35%, 0, 0, 2, 39.33
1746558946, 0, 0, 559, 559, 1, 8.35%, 0, 0, 2, 36.88
1746558951, 0, 0, 563, 563, 1, 8.36%, 0, 0, 2, 39.89
1746558957, 0, 0, 567, 567, 1, 8.36%, 0, 0, 2, 44.64
1746558962, 0, 0, 569, 569, 1, 8.36%, 0, 0, 2, 9.62
1746558967, 0, 0, 572, 572, 1, 8.36%, 0, 0, 2, 45.84
1746558972, 0, 0, 574, 574, 1, 8.36%, 0, 0, 2, 50.29
1746558977, 0, 0, 578, 578, 1, 8.36%, 0, 0, 2, 41.08
1746558982, 0, 0, 582, 582, 1, 8.36%, 0, 0, 2, 35.00
1746558987, 0, 0, 587, 587, 1, 8.36%, 0, 0, 2, 40.53
1746558992, 0, 0, 588, 588, 1, 8.36%, 0, 0, 2, 43.03
1746558997, 0, 0, 590, 590, 1, 8.36%, 0, 0, 2, 51.19
1746559003, 0, 0, 593, 593, 1, 8.36%, 0, 0, 2, 51.62
1746559008, 0, 0, 594, 594, 1, 8.36%, 0, 0, 2, 55.78
1746559013, 0, 0, 596, 596, 1, 8.36%, 0, 0, 2, 49.49
1746559018, 0, 0, 597, 597, 1, 8.36%, 0, 0, 2, 52.41
1746559023, 0, 0, 601, 601, 1, 8.36%, 0, 0, 2, 42.82
1746559028, 0, 0, 605, 605, 1, 8.36%, 0, 0, 2, 40.11
1746559033, 0, 0, 609, 609, 1, 8.36%, 0, 0, 2, 35.91
1746559038, 0, 0, 610, 610, 1, 8.36%, 0, 0, 2, 47.24
1746559043, 0, 0, 612, 612, 1, 8.36%, 0, 0, 2, 48.21
1746559048, 0, 0, 614, 614, 1, 8.36%, 0, 0, 2, 45.76
1746559054, 0, 0, 618, 618, 1, 8.36%, 0, 0, 2, 42.28
1746559059, 0, 0, 621, 621, 1, 8.36%, 0, 0, 2, 42.04
1746559064, 0, 0, 625, 625, 1, 8.36%, 0, 0, 2, 35.03
1746559069, 0, 0, 629, 629, 1, 8.36%, 0, 0, 2, 42.96
1746559074, 0, 0, 631, 631, 1, 8.36%, 0, 0, 2, 46.50
1746559079, 0, 0, 633, 633, 1, 8.36%, 0, 0, 2, 48.51
1746559084, 0, 0, 637, 637, 1, 8.36%, 0, 0, 2, 39.24
1746559089, 0, 0, 639, 639, 1, 8.36%, 0, 0, 2, 42.22
1746559094, 0, 0, 641, 641, 1, 8.36%, 0, 0, 2, 48.12
1746559099, 0, 0, 644, 644, 1, 8.36%, 0, 0, 2, 49.48
1746559105, 0, 0, 646, 646, 1, 8.36%, 0, 0, 2, 52.13
1746559110, 0, 0, 648, 648, 1, 8.36%, 0, 0, 2, 50.92
1746559115, 0, 0, 651, 651, 1, 8.36%, 0, 0, 2, 49.92
1746559120, 0, 0, 652, 652, 1, 8.36%, 0, 0, 2, 48.64
1746559125, 0, 0, 653, 653, 1, 8.36%, 0, 0, 2, 49.93
1746559130, 0, 0, 655, 655, 1, 8.36%, 0, 0, 2, 58.33
1746559135, 0, 0, 657, 657, 1, 8.37%, 0, 0, 2, 7.57
1746559146, 0, 0, 658, 658, 1, 8.37%, 0, 0, 2, 54.88
1746559151, 0, 0, 660, 660, 1, 8.37%, 0, 0, 2, 53.03
1746559161, 0, 0, 661, 661, 1, 8.37%, 0, 0, 2, 52.99
1746559166, 0, 0, 663, 663, 1, 8.37%, 0, 0, 2, 57.96
1746559176, 0, 0, 664, 664, 1, 8.37%, 0, 0, 2, 52.42
1746559181, 0, 0, 665, 665, 1, 8.37%, 0, 0, 2, 54.46
1746559191, 0, 0, 667, 667, 1, 8.37%, 0, 0, 2, 47.15
1746559197, 0, 0, 668, 668, 1, 8.37%, 0, 0, 2, 49.38
1746559202, 0, 0, 669, 669, 1, 8.37%, 0, 0, 2, 48.52
1746559207, 0, 0, 671, 671, 1, 8.37%, 0, 0, 2, 51.54
1746559217, 0, 52, 673, 672, 23, 8.37%, 0, 0, 3, 55.34
1746559222, 0, 52, 677, 676, 23, 8.37%, 0, 0, 3, 56.98
1746559227, 0, 52, 678, 677, 23, 8.38%, 0, 0, 3, 51.75
1746559232, 0, 52, 680, 679, 23, 8.38%, 0, 0, 3, 55.55
1746559237, 0, 52, 681, 680, 23, 8.38%, 0, 0, 3, 54.18
1746559242, 0, 52, 683, 682, 23, 8.39%, 0, 0, 3, 9.66
1746559258, 0, 52, 685, 684, 23, 8.39%, 0, 0, 3, 54.08
1746559263, 0, 52, 687, 686, 23, 8.39%, 0, 0, 3, 46.40
1746559268, 0, 52, 689, 688, 23, 8.39%, 0, 0, 3, 52.17
1746559273, 0, 52, 690, 689, 23, 8.39%, 0, 0, 3, 53.55
1746559278, 0, 52, 694, 693, 23, 8.42%, 0, 0, 3, 49.57
1746559283, 0, 52, 695, 694, 23, 8.42%, 0, 0, 3, 49.84
1746559288, 0, 52, 696, 695, 23, 8.42%, 0, 0, 3, 51.69
1746559293, 0, 52, 697, 696, 23, 8.43%, 0, 0, 3, 5.42
1746559304, 0, 52, 698, 697, 23, 8.43%, 0, 0, 3, 51.70
1746559309, 0, 52, 700, 699, 23, 8.43%, 0, 0, 3, 51.67
1746559319, 0, 52, 701, 700, 23, 8.43%, 0, 0, 3, 54.28
1746559324, 0, 52, 702, 701, 23, 8.43%, 0, 0, 3, 55.77
1746559329, 0, 52, 704, 703, 23, 8.43%, 0, 0, 3, 56.05
1746559340, 0, 52, 705, 704, 23, 8.43%, 0, 0, 3, 55.73
1746559345, 0, 52, 706, 705, 23, 8.43%, 0, 0, 3, 10.28
1746559350, 0, 52, 707, 706, 23, 8.43%, 0, 0, 3, 56.77
1746559355, 0, 52, 711, 710, 23, 8.43%, 0, 0, 3, 45.45
1746559360, 0, 52, 712, 711, 23, 8.43%, 0, 0, 3, 48.80
1746559365, 0, 52, 713, 712, 23, 8.43%, 0, 0, 3, 52.41
1746559370, 0, 52, 714, 713, 23, 8.43%, 0, 0, 3, 51.93
1746559381, 0, 52, 715, 714, 23, 8.43%, 0, 0, 3, 9.93
1746559386, 0, 52, 716, 715, 23, 8.43%, 0, 0, 3, 60.14
1746559391, 0, 52, 718, 717, 23, 8.43%, 0, 0, 3, 49.62
1746559396, 0, 52, 719, 718, 23, 8.43%, 0, 0, 3, 55.24
1746559401, 0, 52, 720, 719, 23, 8.43%, 0, 0, 3, 54.09
1746559406, 0, 52, 723, 722, 23, 8.43%, 0, 0, 3, 56.56
1746559411, 0, 52, 724, 723, 23, 8.43%, 0, 0, 3, 58.99
1746559421, 0, 52, 725, 724, 23, 8.43%, 0, 0, 3, 22.70
1746559431, 0, 52, 726, 725, 23, 8.43%, 0, 0, 3, 51.26
1746559437, 0, 52, 727, 726, 23, 8.43%, 0, 0, 3, 53.95
1746559442, 0, 52, 729, 728, 23, 8.43%, 0, 0, 3, 50.06
1746559447, 0, 52, 731, 730, 23, 8.43%, 0, 0, 3, 8.69
1746559467, 0, 52, 732, 731, 23, 8.43%, 0, 0, 3, 67.61
1746559493, 0, 52, 734, 733, 23, 8.43%, 0, 0, 3, 54.05
1746559513, 0, 52, 736, 735, 23, 8.43%, 0, 0, 3, 53.03
1746559518, 0, 52, 737, 736, 23, 8.43%, 0, 0, 3, 53.46
1746559529, 0, 52, 738, 737, 23, 8.43%, 0, 0, 3, 56.51
1746559534, 0, 52, 739, 738, 23, 8.43%, 0, 0, 3, 6.92
1746559544, 0, 79, 741, 739, 25, 8.43%, 0, 0, 3, 53.49
1746559554, 0, 79, 742, 740, 25, 8.43%, 0, 0, 3, 55.03
1746559559, 0, 79, 743, 741, 25, 8.43%, 0, 0, 3, 14.31
1746559564, 0, 79, 746, 744, 25, 8.43%, 0, 0, 3, 43.34
1746559575, 0, 79, 747, 745, 25, 8.43%, 0, 0, 3, 55.08
1746559580, 0, 79, 748, 746, 25, 8.43%, 0, 0, 3, 55.38
1746559625, 0, 79, 749, 747, 25, 8.43%, 0, 0, 3, 60.59
1746559631, 0, 79, 751, 749, 25, 8.43%, 0, 0, 3, 49.18
1746559641, 0, 79, 752, 750, 25, 8.43%, 0, 0, 3, 53.78
1746559651, 0, 79, 754, 752, 25, 8.43%, 0, 0, 3, 66.30
1746559656, 0, 79, 757, 755, 25, 8.43%, 0, 0, 3, 45.93
1746559661, 0, 79, 758, 756, 25, 8.43%, 0, 0, 3, 58.24
1746559666, 0, 79, 759, 757, 25, 8.43%, 0, 0, 3, 54.70
1746559671, 0, 79, 760, 758, 25, 8.43%, 0, 0, 3, 54.85
1746559677, 0, 79, 763, 761, 25, 8.43%, 0, 0, 3, 53.33
1746559687, 0, 79, 764, 762, 25, 8.43%, 0, 0, 3, 55.92
1746559697, 0, 79, 765, 763, 25, 8.43%, 0, 0, 3, 56.05
1746559712, 0, 79, 766, 764, 25, 8.43%, 0, 0, 3, 53.59
1746559717, 0, 177, 769, 766, 24, 8.43%, 0, 0, 3, 57.03
1746559722, 0, 177, 778, 775, 24, 8.43%, 0, 0, 3, 57.24
1746559728, 0, 177, 779, 776, 24, 8.43%, 0, 0, 3, 51.82
1746559733, 0, 177, 780, 777, 24, 8.43%, 0, 0, 3, 49.33
1746559743, 0, 177, 781, 778, 24, 8.43%, 0, 0, 3, 47.26
1746559748, 0, 177, 784, 781, 24, 8.43%, 0, 0, 3, 35.80
1746559753, 0, 177, 787, 784, 24, 8.43%, 0, 0, 3, 32.33
1746559759, 0, 177, 789, 786, 24, 8.43%, 0, 0, 3, 41.37
1746559764, 0, 177, 792, 789, 24, 8.43%, 0, 0, 3, 46.12
1746559769, 0, 177, 793, 790, 24, 8.43%, 0, 0, 3, 49.17
1746559779, 0, 177, 794, 791, 24, 8.43%, 0, 0, 3, 50.99
1746559784, 0, 177, 796, 793, 24, 8.43%, 0, 0, 3, 49.54
1746559789, 0, 177, 797, 794, 24, 8.43%, 0, 0, 3, 48.84
1746559795, 0, 177, 799, 796, 24, 8.43%, 0, 0, 3, 11.29
1746559800, 0, 177, 800, 797, 24, 8.43%, 0, 0, 3, 35.79
1746559805, 0, 177, 801, 798, 24, 8.43%, 0, 0, 3, 46.58
1746559810, 0, 177, 802, 799, 24, 8.43%, 0, 0, 3, 48.41
1746559815, 0, 177, 803, 800, 24, 8.43%, 0, 0, 3, 50.20
1746559820, 0, 177, 804, 801, 24, 8.43%, 0, 0, 3, 43.50
1746559825, 0, 177, 805, 802, 24, 8.43%, 0, 0, 3, 51.40
1746559830, 0, 177, 807, 804, 24, 8.44%, 0, 0, 3, 47.35
1746559836, 0, 177, 809, 806, 24, 8.44%, 0, 0, 3, 8.35
1746559846, 0, 177, 811, 808, 24, 8.45%, 0, 0, 3, 13.36
1746559851, 0, 177, 813, 810, 24, 8.45%, 0, 0, 3, 39.94
1746559861, 0, 177, 815, 812, 24, 8.45%, 0, 0, 3, 64.13
1746559867, 0, 177, 816, 813, 24, 8.45%, 0, 0, 3, 52.79
1746559882, 0, 177, 817, 814, 24, 8.45%, 0, 0, 3, 48.10
1746559887, 0, 177, 818, 815, 24, 8.45%, 0, 0, 3, 49.58
1746559902, 0, 177, 819, 816, 24, 8.45%, 0, 0, 3, 44.33
1746559907, 0, 177, 820, 817, 24, 8.45%, 0, 0, 3, 46.59
1746559917, 0, 177, 822, 819, 24, 8.45%, 0, 0, 3, 47.12
1746559923, 0, 177, 823, 820, 24, 8.45%, 0, 0, 3, 46.76
1746559953, 0, 177, 824, 821, 24, 8.45%, 0, 0, 3, 44.28
1746559963, 0, 177, 825, 822, 24, 8.45%, 0, 0, 3, 52.40
1746559968, 0, 177, 826, 823, 24, 8.45%, 0, 0, 3, 50.82
1746559983, 0, 177, 827, 824, 24, 8.45%, 0, 0, 3, 50.08
1746559999, 0, 177, 829, 826, 24, 8.45%, 0, 0, 3, 49.68
1746560004, 0, 266, 829, 825, 25, 8.45%, 0, 0, 3, 26.84
1746560009, 0, 266, 830, 826, 25, 8.45%, 0, 0, 3, 23.74
1746560029, 0, 266, 831, 827, 25, 8.45%, 0, 0, 3, 32.14
1746560045, 0, 296, 831, 826, 24, 8.45%, 0, 0, 3, 40.41
1746560060, 0, 310, 831, 825, 23, 8.45%, 0, 0, 3, 54.33
1746560070, 0, 310, 832, 826, 23, 8.45%, 0, 0, 3, 50.00
1746560086, 0, 310, 833, 827, 23, 8.46%, 0, 0, 3, 43.85
1746560106, 0, 310, 834, 828, 23, 8.46%, 0, 0, 3, 48.35
1746560127, 0, 310, 835, 829, 23, 8.46%, 0, 0, 3, 47.40
1746560132, 0, 310, 836, 830, 23, 8.46%, 0, 0, 3, 49.96
1746560147, 0, 310, 837, 831, 23, 8.46%, 0, 0, 3, 45.52
1746560167, 0, 310, 838, 832, 23, 8.46%, 0, 0, 3, 51.19
1746560172, 0, 310, 839, 833, 23, 8.46%, 0, 0, 3, 44.04
1746560178, 0, 310, 840, 834, 23, 8.46%, 0, 0, 3, 42.44
1746560203, 0, 310, 841, 835, 23, 8.46%, 0, 0, 3, 45.63
1746560208, 0, 310, 842, 836, 23, 8.46%, 0, 0, 3, 46.35
1746560218, 0, 310, 843, 837, 23, 8.46%, 0, 0, 3, 44.18
1746560239, 0, 310, 844, 838, 23, 8.46%, 0, 0, 3, 45.28
1746560285, 0, 310, 845, 839, 23, 8.46%, 0, 0, 3, 50.80
1746560310, 0, 310, 846, 840, 23, 8.46%, 0, 0, 3, 8.93
1746560320, 0, 349, 846, 839, 23, 8.46%, 0, 0, 3, 52.25
1746560336, 0, 351, 846, 838, 23, 8.46%, 0, 0, 3, 44.18
1746560366, 0, 431, 846, 837, 23, 8.46%, 0, 0, 3, 39.17
1746560382, 0, 431, 848, 839, 23, 8.46%, 0, 0, 3, 43.78
1746560423, 0, 431, 851, 842, 23, 8.46%, 0, 0, 3, 26.91
1746560433, 0, 431, 852, 843, 23, 8.46%, 0, 0, 3, 8.14
1746560438, 0, 431, 853, 844, 23, 8.46%, 0, 0, 3, 49.15
1746560443, 0, 431, 854, 845, 23, 8.46%, 0, 0, 3, 45.82
1746560458, 0, 431, 855, 846, 23, 8.46%, 0, 0, 3, 50.50
1746560499, 0, 431, 856, 847, 23, 8.46%, 0, 0, 3, 44.35
1746560628, 0, 431, 857, 848, 23, 8.46%, 0, 0, 3, 41.39
1746560638, 0, 431, 858, 849, 23, 8.46%, 0, 0, 3, 46.28
1746560709, 0, 431, 859, 850, 23, 8.46%, 0, 0, 3, 47.78
1746560745, 0, 452, 859, 849, 23, 8.46%, 0, 0, 3, 29.65
1746560750, 0, 452, 860, 850, 23, 8.46%, 0, 0, 3, 24.52
1746560755, 0, 452, 861, 851, 23, 8.46%, 0, 0, 3, 21.69
1746560765, 0, 452, 862, 852, 23, 8.46%, 0, 0, 3, 22.00
1746560796, 0, 452, 863, 853, 23, 8.46%, 0, 0, 3, 19.76
1746560827, 0, 452, 864, 854, 23, 8.46%, 0, 0, 3, 23.08
1746560868, 0, 452, 865, 855, 23, 8.46%, 0, 0, 3, 19.09
1746560873, 0, 452, 866, 856, 23, 8.46%, 0, 0, 3, 18.65
1746560883, 0, 452, 867, 857, 23, 8.46%, 0, 0, 3, 35.07
1746560888, 0, 452, 868, 858, 23, 8.46%, 0, 0, 3, 31.86
1746560893, 0, 452, 869, 859, 23, 8.46%, 0, 0, 3, 31.64
1746560898, 0, 452, 870, 860, 23, 8.46%, 0, 0, 3, 33.65
1746560934, 0, 452, 871, 861, 23, 8.46%, 0, 0, 3, 34.83
1746560939, 0, 452, 872, 862, 23, 8.46%, 0, 0, 3, 32.81
1746560944, 0, 452, 874, 864, 23, 8.46%, 0, 0, 3, 27.96
1746560959, 0, 452, 877, 867, 23, 8.46%, 0, 0, 3, 28.42
1746560985, 0, 452, 878, 868, 23, 8.46%, 0, 0, 3, 33.77
1746561031, 0, 452, 879, 869, 23, 8.46%, 0, 0, 3, 31.97
1746561041, 0, 452, 880, 870, 23, 8.46%, 0, 0, 3, 34.93
1746561056, 0, 452, 882, 872, 23, 8.46%, 0, 0, 3, 34.45
1746561061, 0, 452, 883, 873, 23, 8.46%, 0, 0, 3, 33.18
1746561066, 0, 452, 884, 874, 23, 8.46%, 0, 0, 3, 31.07
1746561102, 0, 452, 885, 875, 23, 8.46%, 0, 0, 3, 34.44
1746561143, 0, 452, 886, 876, 23, 8.46%, 0, 0, 3, 30.89
1746561179, 0, 452, 887, 877, 23, 8.46%, 0, 0, 3, 31.56
1746561189, 0, 452, 888, 878, 23, 8.46%, 0, 0, 3, 35.96
1746561194, 0, 452, 889, 879, 23, 8.46%, 0, 0, 3, 33.52
1746561199, 0, 452, 890, 880, 23, 8.46%, 0, 0, 3, 31.25
1746561250, 0, 452, 891, 881, 23, 8.46%, 0, 0, 3, 34.15
1746561256, 0, 452, 892, 882, 23, 8.52%, 0, 0, 3, 37.35
1746561322, 0, 452, 893, 883, 23, 8.52%, 0, 0, 3, 30.05
1746561342, 0, 452, 895, 885, 23, 8.52%, 0, 0, 3, 28.98
1746561347, 0, 452, 897, 887, 23, 8.52%, 0, 0, 3, 33.77
1746561368, 0, 464, 897, 886, 27, 8.52%, 0, 0, 3, 22.86
1746561440, 0, 522, 898, 886, 27, 8.52%, 0, 0, 3, 27.61
1746561470, 0, 532, 898, 885, 27, 8.52%, 0, 0, 3, 44.71
1746561491, 0, 532, 900, 887, 27, 8.52%, 0, 0, 3, 8.16
1746561516, 0, 532, 901, 888, 27, 8.52%, 0, 0, 3, 46.26
1746561568, 0, 532, 902, 889, 27, 8.52%, 0, 0, 3, 43.71
1746561588, 0, 532, 903, 890, 27, 8.52%, 0, 0, 3, 45.58
1746561619, 0, 532, 904, 891, 27, 8.52%, 0, 0, 3, 42.30
1746561670, 0, 532, 905, 892, 27, 8.52%, 0, 0, 3, 46.73
1746561741, 0, 532, 906, 893, 27, 8.52%, 0, 0, 3, 45.35
1746561756, 0, 577, 906, 892, 26, 8.52%, 0, 0, 3, 31.90
1746561766, 0, 577, 907, 893, 26, 8.52%, 0, 0, 3, 15.50
1746561802, 0, 577, 908, 894, 26, 8.52%, 0, 0, 3, 13.36
1746561808, 0, 577, 910, 896, 26, 8.52%, 0, 0, 3, 17.89
1746561849, 0, 581, 910, 895, 26, 8.52%, 0, 0, 3, 29.75
1746561997, 0, 654, 910, 894, 26, 8.52%, 0, 0, 3, 21.20
1746562007, 0, 654, 911, 895, 26, 8.52%, 0, 0, 3, 14.74
1746562063, 0, 654, 912, 896, 26, 8.52%, 0, 0, 3, 23.53
1746562079, 0, 655, 912, 895, 26, 8.52%, 0, 0, 3, 29.47
1746562208, 0, 666, 912, 894, 25, 8.52%, 0, 0, 3, 22.34
1746562213, 0, 666, 913, 895, 25, 8.52%, 0, 0, 3, 16.84
1746562269, 0, 666, 914, 896, 25, 8.52%, 0, 0, 3, 15.73
1746562290, 0, 666, 915, 897, 25, 8.52%, 0, 0, 3, 34.63
1746562305, 0, 674, 916, 897, 24, 8.52%, 0, 0, 4, 40.50
1746562325, 0, 674, 917, 898, 24, 8.52%, 0, 0, 4, 33.93
1746562346, 0, 681, 920, 900, 24, 8.52%, 0, 0, 4, 27.51
1746562351, 0, 681, 921, 901, 24, 8.52%, 0, 0, 4, 22.04
1746562356, 0, 681, 925, 905, 24, 8.52%, 0, 0, 4, 17.86
1746562387, 0, 681, 926, 906, 24, 8.52%, 0, 0, 4, 18.24
1746562392, 0, 681, 928, 908, 24, 8.52%, 0, 0, 4, 21.52
1746562397, 0, 681, 933, 913, 24, 8.52%, 0, 0, 4, 21.43
1746562402, 0, 681, 934, 914, 24, 8.52%, 0, 0, 4, 26.33
1746562407, 0, 681, 936, 916, 24, 8.52%, 0, 0, 4, 23.70
1746562418, 0, 681, 938, 918, 24, 8.52%, 0, 0, 4, 31.05
1746562448, 0, 681, 939, 919, 24, 8.52%, 0, 0, 4, 33.38
1746562453, 0, 681, 940, 920, 24, 8.52%, 0, 0, 4, 30.84
1746562458, 0, 681, 941, 921, 24, 8.52%, 0, 0, 4, 30.64
1746562463, 0, 681, 942, 922, 24, 8.52%, 0, 0, 4, 33.13
1746562479, 0, 681, 944, 924, 24, 8.52%, 0, 0, 4, 34.17
1746562494, 0, 681, 945, 925, 24, 8.52%, 0, 0, 4, 6.19
1746562509, 0, 681, 947, 927, 24, 8.52%, 0, 0, 4, 31.08
1746562525, 0, 681, 948, 928, 24, 8.52%, 0, 0, 4, 32.55
1746562535, 0, 681, 949, 929, 24, 8.54%, 0, 0, 4, 33.01
1746562550, 0, 681, 950, 930, 24, 8.54%, 0, 0, 4, 30.38
1746562570, 0, 681, 951, 931, 24, 8.54%, 0, 0, 4, 35.21
1746562576, 0, 681, 952, 932, 24, 8.54%, 0, 0, 4, 38.60
1746562581, 0, 681, 953, 933, 24, 8.54%, 0, 0, 4, 43.65
1746562586, 0, 681, 954, 934, 24, 8.54%, 0, 0, 4, 30.41
1746562606, 0, 681, 955, 935, 24, 8.54%, 0, 0, 4, 31.94
1746562642, 0, 681, 957, 937, 24, 8.54%, 0, 0, 4, 28.83
1746562657, 0, 681, 958, 938, 24, 8.54%, 0, 0, 4, 34.86
1746562724, 0, 681, 959, 939, 24, 8.54%, 0, 0, 4, 34.18
1746562734, 0, 681, 960, 940, 24, 8.54%, 0, 0, 4, 36.26
1746562739, 0, 681, 961, 941, 24, 8.54%, 0, 0, 4, 32.45
1746562759, 0, 681, 962, 942, 24, 8.54%, 0, 0, 4, 32.08
1746562831, 0, 681, 963, 943, 24, 8.54%, 0, 0, 4, 33.46
1746562836, 0, 681, 965, 945, 24, 8.54%, 0, 0, 4, 32.30
1746562892, 0, 690, 965, 944, 18, 8.54%, 0, 0, 4, 24.84
1746562933, 0, 726, 965, 943, 18, 8.54%, 0, 0, 4, 44.95
1746562953, 0, 733, 965, 942, 17, 8.54%, 0, 0, 4, 39.00
1746562979, 0, 733, 966, 943, 17, 8.54%, 0, 0, 4, 24.07
1746563004, 0, 733, 967, 944, 17, 8.54%, 0, 0, 4, 25.03
1746563040, 0, 746, 967, 943, 16, 8.54%, 0, 0, 4, 38.41
1746563096, 0, 746, 968, 944, 16, 8.54%, 0, 0, 4, 37.55
1746563112, 0, 746, 969, 945, 16, 8.54%, 0, 0, 4, 42.55
1746563168, 0, 753, 969, 944, 15, 8.54%, 0, 0, 4, 40.76
1746563203, 0, 754, 969, 943, 14, 8.54%, 0, 0, 4, 30.25
1746563265, 0, 754, 970, 944, 14, 8.54%, 0, 0, 4, 22.62
1746563280, 0, 755, 970, 943, 14, 8.54%, 0, 0, 4, 36.28
1746563337, 0, 802, 970, 942, 13, 8.54%, 0, 0, 4, 38.94
1746563362, 0, 848, 970, 941, 12, 8.54%, 0, 0, 4, 10.45
1746563367, 0, 848, 971, 942, 12, 8.55%, 0, 0, 4, 11.56
1746563454, 0, 848, 972, 943, 12, 8.55%, 0, 0, 4, 8.03
1746563459, 0, 848, 973, 944, 12, 8.55%, 0, 0, 4, 9.66
1746563854, 0, 848, 974, 945, 12, 8.59%, 0, 0, 4, 13.31
1746563859, 0, 848, 975, 946, 12, 8.59%, 0, 0, 4, 11.95
1746564048, 0, 848, 976, 947, 12, 8.59%, 0, 0, 4, 7.77
1746564063, 0, 848, 977, 948, 12, 8.59%, 0, 0, 4, 9.69
1746564084, 0, 853, 977, 947, 13, 8.59%, 0, 0, 4, 22.90
1746564104, 0, 853, 978, 948, 13, 8.59%, 0, 0, 4, 16.72
1746564114, 0, 853, 979, 949, 13, 8.59%, 0, 0, 4, 18.99
1746564499, 0, 853, 980, 950, 13, 8.59%, 0, 0, 4, 26.53
1746564510, 0, 853, 981, 951, 13, 8.59%, 0, 0, 4, 16.42
1746564515, 0, 853, 982, 952, 13, 8.59%, 0, 0, 4, 14.06
1746564535, 0, 853, 983, 953, 13, 8.59%, 0, 0, 4, 17.43
1746564612, 0, 853, 984, 954, 13, 8.59%, 0, 0, 4, 14.69
1746564622, 0, 853, 985, 955, 13, 8.59%, 0, 0, 4, 15.51
1746564683, 0, 853, 986, 956, 13, 8.59%, 0, 0, 4, 26.54
1746564688, 0, 853, 987, 957, 13, 8.59%, 0, 0, 4, 28.64
1746564693, 0, 853, 988, 958, 13, 8.59%, 0, 0, 4, 28.12
1746564714, 0, 853, 989, 959, 13, 8.59%, 0, 0, 4, 30.45
1746564852, 0, 853, 990, 960, 13, 8.59%, 0, 0, 4, 26.85
1746564873, 0, 853, 991, 961, 13, 8.59%, 0, 0, 4, 28.58
1746564878, 0, 853, 992, 962, 13, 8.59%, 0, 0, 4, 25.01
1746564975, 0, 853, 993, 963, 13, 8.59%, 0, 0, 4, 29.02
1746565011, 0, 853, 994, 964, 13, 8.59%, 0, 0, 4, 28.73
1746565016, 0, 853, 995, 965, 13, 8.59%, 0, 0, 4, 25.84
1746565046, 0, 853, 996, 966, 13, 8.59%, 0, 0, 4, 29.23
1746565098, 0, 853, 997, 967, 13, 8.59%, 0, 0, 4, 27.01
1746565103, 0, 879, 997, 966, 13, 8.59%, 0, 0, 4, 23.14
1746565108, 0, 879, 999, 968, 13, 8.59%, 0, 0, 4, 16.32
1746565133, 0, 879, 1000, 969, 13, 8.59%, 0, 0, 4, 13.95
1746565143, 0, 879, 1001, 970, 13, 8.59%, 0, 0, 4, 16.52
1746565164, 0, 879, 1003, 972, 13, 8.61%, 0, 0, 4, 17.28
1746565169, 0, 879, 1004, 973, 13, 8.61%, 0, 0, 4, 15.13
1746565184, 0, 879, 1005, 974, 13, 8.61%, 0, 0, 4, 14.61
1746565251, 0, 879, 1006, 975, 13, 8.61%, 0, 0, 4, 16.68
1746565256, 0, 879, 1007, 976, 13, 8.61%, 0, 0, 4, 14.15
1746565307, 0, 879, 1008, 977, 13, 8.61%, 0, 0, 4, 12.94
1746565313, 0, 879, 1009, 978, 13, 8.61%, 0, 0, 4, 13.86
1746565349, 0, 882, 1009, 977, 13, 8.61%, 0, 0, 4, 24.83
1746565445, 0, 882, 1010, 978, 13, 8.61%, 0, 0, 4, 20.78
1746565471, 0, 882, 1011, 979, 13, 8.61%, 0, 0, 4, 21.65
1746565522, 0, 887, 1011, 978, 13, 8.61%, 0, 0, 4, 29.23
1746565588, 0, 891, 1013, 979, 12, 8.61%, 0, 0, 4, 8.82
1746565593, 0, 891, 1015, 981, 12, 8.61%, 0, 0, 4, 11.12
1746565598, 0, 891, 1016, 982, 12, 8.61%, 0, 0, 4, 12.49
1746565604, 0, 891, 1018, 984, 12, 8.61%, 0, 0, 4, 9.32
1746565614, 0, 891, 1019, 985, 12, 8.61%, 0, 0, 4, 8.28
1746565619, 0, 891, 1021, 987, 12, 8.61%, 0, 0, 4, 7.78
1746565624, 0, 891, 1024, 990, 12, 8.77%, 0, 0, 4, 7.52
1746565629, 0, 891, 1025, 991, 12, 8.77%, 0, 0, 4, 7.09
1746565634, 0, 891, 1027, 993, 12, 8.77%, 0, 0, 4, 6.87
1746565644, 0, 891, 1028, 994, 12, 8.77%, 0, 0, 4, 6.51
1746565649, 0, 891, 1030, 996, 12, 8.77%, 0, 0, 4, 6.36
1746565654, 0, 891, 1032, 998, 12, 8.77%, 0, 0, 4, 6.38
1746565659, 0, 891, 1033, 999, 12, 8.77%, 0, 0, 4, 6.37
1746565675, 0, 891, 1034, 1000, 12, 8.77%, 0, 0, 4, 9.40
1746565680, 0, 891, 1035, 1001, 12, 8.77%, 0, 0, 4, 8.40
1746565710, 0, 891, 1036, 1002, 12, 8.77%, 0, 0, 4, 6.35
1746565726, 0, 891, 1037, 1003, 12, 8.77%, 0, 0, 4, 10.01
1746565731, 0, 891, 1039, 1005, 12, 8.77%, 0, 0, 4, 9.56
1746565736, 0, 891, 1040, 1006, 12, 8.77%, 0, 0, 4, 8.00
1746565747, 0, 891, 1041, 1007, 12, 8.77%, 0, 0, 4, 7.44
1746565767, 0, 891, 1042, 1008, 12, 8.77%, 0, 0, 4, 6.30
1746565783, 0, 891, 1044, 1010, 12, 8.77%, 0, 0, 4, 7.56
1746565788, 0, 891, 1045, 1011, 12, 8.77%, 0, 0, 4, 8.52
1746565793, 0, 891, 1046, 1012, 12, 8.77%, 0, 0, 4, 6.62
1746565839, 0, 891, 1047, 1013, 12, 8.77%, 0, 0, 4, 12.68
1746565890, 0, 891, 1048, 1014, 12, 8.77%, 0, 0, 4, 9.73
1746565895, 0, 891, 1049, 1015, 12, 8.77%, 0, 0, 4, 9.70
1746565900, 0, 891, 1051, 1017, 12, 8.77%, 0, 0, 4, 9.36
1746565946, 0, 891, 1052, 1018, 12, 8.77%, 0, 0, 4, 8.44
1746566090, 0, 891, 1053, 1019, 12, 8.77%, 0, 0, 4, 6.37
1746566096, 0, 891, 1054, 1020, 12, 8.77%, 0, 0, 4, 6.44
1746566101, 0, 891, 1055, 1021, 12, 8.77%, 0, 0, 4, 6.44
1746566106, 0, 891, 1057, 1023, 12, 8.77%, 0, 0, 4, 6.51
1746566111, 0, 891, 1059, 1025, 12, 8.77%, 0, 0, 4, 6.43
1746566122, 0, 891, 1061, 1027, 12, 8.77%, 0, 0, 4, 6.40
1746566292, 0, 891, 1062, 1028, 12, 8.77%, 0, 0, 4, 6.72
1746566307, 0, 891, 1063, 1029, 12, 8.77%, 0, 0, 4, 17.60
1746566312, 0, 891, 1064, 1030, 12, 8.77%, 0, 0, 4, 14.96
1746566348, 0, 891, 1065, 1031, 12, 8.77%, 0, 0, 4, 9.21
1746566363, 0, 891, 1066, 1032, 12, 8.77%, 0, 0, 4, 8.34
1746566399, 0, 891, 1067, 1033, 12, 8.77%, 0, 0, 4, 7.00
1746566451, 0, 891, 1068, 1034, 12, 8.77%, 0, 0, 4, 6.36
1746566569, 0, 891, 1069, 1035, 12, 8.77%, 0, 0, 4, 8.77
1746566630, 0, 891, 1070, 1036, 12, 8.77%, 0, 0, 4, 6.38
1746566671, 0, 891, 1071, 1037, 12, 8.77%, 0, 0, 4, 5.75
1746566691, 0, 891, 1072, 1038, 12, 8.77%, 0, 0, 4, 6.12
1746566702, 0, 891, 1073, 1039, 12, 8.77%, 0, 0, 4, 6.43
1746566707, 0, 891, 1074, 1040, 12, 8.77%, 0, 0, 4, 6.46
1746566717, 0, 891, 1075, 1041, 12, 8.77%, 0, 0, 4, 8.02
1746566722, 0, 891, 1076, 1042, 12, 8.77%, 0, 0, 4, 17.19
1746566728, 0, 891, 1077, 1043, 12, 8.77%, 0, 0, 4, 19.26
1746566748, 0, 891, 1078, 1044, 12, 8.77%, 0, 0, 4, 19.59
1746566763, 0, 891, 1079, 1045, 12, 8.77%, 0, 0, 4, 18.84
1746566768, 0, 891, 1080, 1046, 12, 8.77%, 0, 0, 4, 17.79
1746566784, 0, 891, 1081, 1047, 12, 8.77%, 0, 0, 4, 17.90
1746566789, 0, 891, 1082, 1048, 12, 8.77%, 0, 0, 4, 17.71
1746566794, 0, 891, 1083, 1049, 12, 8.77%, 0, 0, 4, 17.82
1746566809, 0, 891, 1084, 1050, 12, 8.77%, 0, 0, 4, 18.77
1746566820, 0, 891, 1085, 1051, 12, 8.77%, 0, 0, 4, 17.58
1746566835, 0, 891, 1086, 1052, 12, 8.77%, 0, 0, 4, 18.45
1746566845, 0, 891, 1087, 1053, 12, 8.77%, 0, 0, 4, 19.20
1746566907, 0, 891, 1088, 1054, 12, 8.77%, 0, 0, 4, 21.98
1746566912, 0, 891, 1089, 1055, 12, 8.77%, 0, 0, 4, 3.36
1746566943, 0, 891, 1090, 1056, 12, 8.77%, 0, 0, 4, 19.55
1746566948, 0, 891, 1091, 1057, 12, 8.77%, 0, 0, 4, 19.30
1746566999, 0, 891, 1092, 1058, 12, 8.77%, 0, 0, 4, 19.60
1746567005, 0, 891, 1093, 1059, 12, 8.80%, 0, 0, 4, 22.17
1746567015, 0, 891, 1094, 1060, 12, 8.80%, 0, 0, 4, 17.75
1746567025, 0, 891, 1095, 1061, 12, 8.80%, 0, 0, 4, 18.66
1746567045, 0, 891, 1096, 1062, 12, 8.80%, 0, 0, 4, 19.28
1746567051, 0, 891, 1097, 1063, 12, 8.80%, 0, 0, 4, 18.04
1746567056, 0, 891, 1098, 1064, 12, 8.84%, 0, 0, 4, 15.42
1746567097, 0, 891, 1099, 1065, 12, 8.84%, 0, 0, 4, 15.52
1746567112, 0, 891, 1100, 1066, 12, 8.84%, 0, 0, 4, 17.90
1746567148, 0, 891, 1101, 1067, 12, 8.84%, 0, 0, 4, 11.15
1746567169, 0, 891, 1102, 1068, 12, 8.84%, 0, 0, 4, 17.40
1746567189, 0, 891, 1103, 1069, 12, 8.84%, 0, 0, 4, 19.42
1746567236, 0, 891, 1104, 1070, 12, 8.84%, 0, 0, 4, 17.94
1746567246, 0, 891, 1105, 1071, 12, 8.84%, 0, 0, 4, 20.13
1746567318, 0, 891, 1106, 1072, 12, 8.84%, 0, 0, 4, 20.06
1746567328, 0, 891, 1107, 1073, 12, 8.84%, 0, 0, 4, 18.37
1746567348, 0, 891, 1108, 1074, 12, 8.84%, 0, 0, 4, 19.38
1746567354, 0, 891, 1109, 1075, 12, 8.84%, 0, 0, 4, 20.33
1746567404, 0, 891, 1110, 1076, 12, 8.84%, 0, 0, 4, 20.74
1746567440, 0, 891, 1111, 1077, 12, 8.84%, 0, 0, 4, 18.93
1746567456, 0, 891, 1112, 1078, 12, 8.84%, 0, 0, 4, 17.12
1746567466, 0, 891, 1113, 1079, 12, 8.84%, 0, 0, 4, 21.50
1746567512, 0, 891, 1114, 1080, 12, 8.84%, 0, 0, 4, 20.89
1746567533, 0, 891, 1115, 1081, 12, 8.91%, 0, 0, 4, 1.71
1746567558, 0, 909, 1115, 1080, 15, 8.91%, 0, 0, 4, 20.06
1746567655, 0, 913, 1115, 1079, 14, 8.91%, 0, 0, 4, 23.61
1746567666, 0, 913, 1116, 1080, 14, 8.91%, 0, 0, 4, 16.97
1746567691, 0, 913, 1118, 1082, 14, 8.91%, 0, 0, 4, 14.98
1746567742, 0, 915, 1118, 1081, 13, 8.91%, 0, 0, 4, 41.04
1746567783, 0, 947, 1118, 1080, 12, 8.91%, 0, 0, 4, 32.83
1746567794, 0, 947, 1119, 1081, 12, 8.91%, 0, 0, 5, 17.71
1746567824, 0, 947, 1120, 1082, 12, 8.91%, 0, 0, 5, 21.49
1746567850, 0, 947, 1121, 1083, 12, 8.91%, 0, 0, 5, 23.31
1746567881, 0, 961, 1121, 1082, 12, 8.91%, 0, 0, 5, 33.78
1746567886, 0, 961, 1122, 1083, 12, 8.91%, 0, 0, 5, 18.37
1746567947, 0, 961, 1123, 1084, 12, 8.91%, 0, 0, 5, 11.25
1746567952, 0, 961, 1124, 1085, 12, 8.91%, 0, 0, 5, 11.27
1746568009, 0, 961, 1125, 1086, 12, 8.91%, 0, 0, 5, 12.82
1746568024, 0, 961, 1127, 1088, 12, 8.91%, 0, 0, 5, 12.48
1746568039, 0, 961, 1128, 1089, 12, 8.91%, 0, 0, 5, 14.99
1746568065, 0, 961, 1130, 1091, 12, 8.91%, 0, 0, 5, 14.90
1746568075, 0, 961, 1131, 1092, 12, 8.91%, 0, 0, 5, 22.43
1746568090, 0, 961, 1132, 1093, 12, 8.91%, 0, 0, 5, 28.46
1746568111, 0, 961, 1133, 1094, 12, 8.91%, 0, 0, 5, 25.74
1746568142, 0, 961, 1134, 1095, 12, 8.91%, 0, 0, 5, 26.92
1746568152, 0, 961, 1135, 1096, 12, 8.91%, 0, 0, 5, 26.37
1746568162, 0, 961, 1136, 1097, 12, 8.91%, 0, 0, 5, 25.45
1746568167, 0, 961, 1137, 1098, 12, 8.91%, 0, 0, 5, 26.72
1746568208, 0, 961, 1138, 1099, 12, 8.91%, 0, 0, 5, 24.04
1746568218, 0, 961, 1139, 1100, 12, 8.91%, 0, 0, 5, 26.18
1746568285, 0, 961, 1140, 1101, 12, 8.91%, 0, 0, 5, 28.58
1746568336, 0, 961, 1142, 1103, 12, 8.92%, 0, 0, 5, 27.98
1746568341, 0, 961, 1143, 1104, 12, 8.92%, 0, 0, 5, 20.91
1746568346, 0, 961, 1144, 1105, 12, 8.92%, 0, 0, 5, 26.00
1746568521, 0, 961, 1145, 1106, 12, 8.92%, 0, 0, 5, 29.08
1746568531, 0, 973, 1145, 1105, 15, 8.92%, 0, 0, 5, 20.81
1746568541, 0, 973, 1146, 1106, 15, 8.94%, 0, 0, 5, 13.18
1746568679, 0, 973, 1147, 1107, 15, 8.94%, 0, 0, 5, 12.42
1746568931, 0, 973, 1148, 1108, 15, 8.94%, 0, 0, 5, 12.08
1746568956, 0, 973, 1149, 1109, 15, 8.94%, 0, 0, 5, 10.23
1746569022, 0, 973, 1150, 1110, 15, 8.94%, 0, 0, 5, 13.74
1746569033, 0, 973, 1151, 1111, 15, 8.94%, 0, 0, 5, 12.15
1746569119, 0, 976, 1151, 1110, 14, 8.94%, 0, 0, 5, 17.32
1746569448, 0, 976, 1156, 1115, 14, 8.94%, 0, 0, 5, 11.15
1746569633, 0, 976, 1157, 1116, 14, 8.94%, 0, 0, 5, 11.33
1746569700, 0, 1002, 1157, 1115, 13, 8.94%, 0, 0, 5, 23.87
1746569777, 0, 1002, 1158, 1116, 13, 8.94%, 0, 0, 5, 14.66
1746569782, 0, 1002, 1160, 1118, 13, 8.94%, 0, 0, 5, 14.69
1746569787, 0, 1002, 1161, 1119, 13, 8.94%, 0, 0, 5, 14.62
1746569966, 0, 1010, 1161, 1118, 13, 8.94%, 0, 0, 5, 26.47
1746570028, 0, 1010, 1162, 1119, 13, 8.94%, 0, 0, 5, 16.41
1746570145, 0, 1010, 1163, 1120, 13, 8.94%, 0, 0, 5, 34.93
1746570176, 0, 1092, 1163, 1119, 12, 8.94%, 0, 0, 5, 30.27
1746570197, 0, 1092, 1164, 1120, 12, 8.94%, 0, 0, 5, 8.32
1746570212, 0, 1092, 1166, 1122, 12, 8.94%, 0, 0, 5, 6.72
1746570217, 0, 1092, 1167, 1123, 12, 8.94%, 0, 0, 5, 6.75
1746570222, 0, 1092, 1168, 1124, 12, 8.94%, 0, 0, 5, 6.29
1746570238, 0, 1092, 1169, 1125, 12, 8.94%, 0, 0, 5, 5.94
1746570393, 0, 1092, 1170, 1126, 12, 8.94%, 0, 0, 5, 6.29
1746570398, 0, 1092, 1171, 1127, 12, 8.94%, 0, 0, 5, 7.27
1746570408, 0, 1092, 1172, 1128, 12, 8.94%, 0, 0, 5, 19.68
1746570527, 0, 1092, 1173, 1129, 12, 8.94%, 0, 0, 5, 7.12
1746570681, 0, 1092, 1174, 1130, 12, 9.03%, 0, 0, 5, 5.96
1746571005, 0, 1092, 1175, 1131, 12, 9.03%, 0, 0, 5, 6.25
1746571159, 0, 1092, 1176, 1132, 12, 9.03%, 0, 0, 5, 6.11
1746571374, 0, 1092, 1177, 1133, 12, 9.03%, 0, 0, 5, 5.83
1746571421, 0, 1092, 1178, 1134, 12, 9.03%, 0, 0, 5, 5.34
1746571555, 0, 1104, 1178, 1133, 14, 9.03%, 0, 0, 5, 20.13
1746571601, 0, 1104, 1179, 1134, 14, 9.03%, 0, 0, 5, 6.32
1746571652, 0, 1104, 1180, 1135, 14, 9.03%, 0, 0, 5, 6.21
1746571699, 0, 1104, 1181, 1136, 14, 9.03%, 0, 0, 5, 6.26
1746571704, 0, 1104, 1182, 1137, 14, 9.03%, 0, 0, 5, 6.08
1746571730, 0, 1104, 1184, 1139, 14, 9.03%, 0, 0, 5, 5.67
1746572659, 0, 1114, 1184, 1138, 13, 9.03%, 0, 0, 5, 2.97
1746572685, 0, 1114, 1185, 1139, 13, 9.03%, 0, 0, 5, 5.35
1746572712, 0, 1114, 1186, 1140, 13, 9.03%, 0, 0, 5, 4.00
1746572728, 0, 1114, 1187, 1141, 13, 9.03%, 0, 0, 5, 2.70
1746572754, 0, 1114, 1188, 1142, 13, 9.03%, 0, 0, 5, 2.22
1746572963, 0, 1114, 1189, 1143, 13, 9.03%, 0, 0, 5, 2.22
1746572978, 0, 1114, 1190, 1144, 13, 9.03%, 0, 0, 5, 5.33
1746573006, 0, 1114, 1191, 1145, 13, 9.03%, 0, 0, 5, 3.83
1746573021, 0, 1114, 1192, 1146, 13, 9.03%, 0, 0, 5, 3.54
1746573518, 0, 1114, 1193, 1147, 13, 9.03%, 0, 0, 5, 2.60
1746573560, 0, 1114, 1194, 1148, 13, 9.03%, 0, 0, 5, 2.24
1746573565, 0, 1114, 1195, 1149, 13, 9.03%, 0, 0, 5, 2.04
1746573571, 0, 1114, 1196, 1150, 13, 9.03%, 0, 0, 5, 1.94
1746573582, 0, 1114, 1197, 1151, 13, 9.03%, 0, 0, 5, 1.86
1746573949, 0, 1114, 1198, 1152, 13, 9.03%, 0, 0, 5, 3.30
1746574027, 0, 1114, 1199, 1153, 13, 9.03%, 0, 0, 5, 1.74
1746575838, 0, 1114, 1200, 1154, 13, 9.03%, 0, 0, 5, 6.66
1746575879, 0, 1114, 1201, 1155, 13, 9.03%, 0, 0, 5, 5.12
1746576004, 0, 1114, 1202, 1156, 13, 9.03%, 0, 0, 5, 1.95
1746576009, 0, 1114, 1203, 1157, 13, 9.03%, 0, 0, 5, 1.88
1746576014, 0, 1114, 1204, 1158, 13, 9.03%, 0, 0, 5, 1.84
1746576019, 0, 1114, 1205, 1159, 13, 9.03%, 0, 0, 5, 1.81
1746576034, 0, 1114, 1206, 1160, 13, 9.03%, 0, 0, 5, 1.79
1746576040, 0, 1114, 1207, 1161, 13, 9.03%, 0, 0, 5, 1.77
1746576494, 0, 1114, 1208, 1162, 13, 9.03%, 0, 0, 5, 1.74
1746576878, 0, 1114, 1209, 1163, 13, 9.03%, 0, 0, 5, 5.05
1746576883, 0, 1114, 1210, 1164, 13, 9.03%, 0, 0, 5, 3.72
1746576889, 0, 1114, 1211, 1165, 13, 9.03%, 0, 0, 5, 2.91
1746576894, 0, 1114, 1212, 1166, 13, 9.03%, 0, 0, 5, 2.60
1746577535, 0, 1114, 1213, 1167, 13, 9.03%, 0, 0, 5, 1.81
1746577619, 0, 1114, 1214, 1168, 13, 9.03%, 0, 0, 5, 1.76
1746577651, 0, 1114, 1215, 1169, 13, 9.03%, 0, 0, 5, 1.74
1746577666, 0, 1114, 1216, 1170, 13, 9.03%, 0, 0, 5, 1.74
1746577977, 0, 1114, 1217, 1171, 13, 9.03%, 0, 0, 5, 3.64
1746577982, 0, 1114, 1218, 1172, 13, 9.03%, 0, 0, 5, 3.02
1746577998, 0, 1114, 1219, 1173, 13, 9.03%, 0, 0, 5, 2.40
1746578013, 0, 1114, 1221, 1175, 13, 9.03%, 0, 0, 5, 3.42
1746578034, 0, 1114, 1222, 1176, 13, 9.04%, 0, 0, 5, 1.37
1746578121, 0, 1114, 1223, 1177, 13, 9.04%, 0, 0, 5, 1.67
1746578142, 0, 1114, 1224, 1178, 13, 9.04%, 0, 0, 5, 2.66
1746578261, 0, 1114, 1225, 1179, 13, 9.04%, 0, 0, 5, 7.24
1746578294, 0, 1114, 1226, 1180, 13, 9.04%, 0, 0, 5, 15.18
1746578304, 0, 1114, 1227, 1181, 13, 9.04%, 0, 0, 5, 2.58
1746578451, 0, 1114, 1228, 1182, 13, 9.04%, 0, 0, 5, 16.64
1746578499, 0, 1114, 1229, 1183, 13, 9.04%, 0, 0, 5, 1.93
1746578509, 0, 1114, 1230, 1184, 13, 9.04%, 0, 0, 5, 2.16
1746578519, 0, 1114, 1231, 1185, 13, 9.04%, 0, 0, 5, 2.55
1746578524, 0, 1114, 1232, 1186, 13, 9.04%, 0, 0, 5, 3.18
1746578650, 0, 1114, 1233, 1187, 13, 9.04%, 0, 0, 5, 18.16
1746578676, 0, 1114, 1234, 1188, 13, 9.04%, 0, 0, 5, 2.58
1746578744, 0, 1114, 1235, 1189, 13, 9.04%, 0, 0, 5, 18.54
1746578863, 0, 1114, 1236, 1190, 13, 9.04%, 0, 0, 5, 2.17
1746578910, 0, 1114, 1237, 1191, 13, 9.04%, 0, 0, 5, 1.79
1746578985, 0, 1114, 1238, 1192, 13, 9.04%, 0, 0, 5, 2.94
1746579085, 0, 1114, 1239, 1193, 13, 9.04%, 0, 0, 5, 1.78
1746579127, 0, 1114, 1240, 1194, 13, 9.04%, 0, 0, 5, 2.41
1746579153, 0, 1128, 1240, 1193, 16, 9.04%, 0, 0, 5, 24.02
1746579163, 0, 1128, 1241, 1194, 16, 9.04%, 0, 0, 6, 10.81
1746579168, 0, 1128, 1242, 1195, 16, 9.04%, 0, 0, 6, 9.35
1746579194, 0, 1128, 1243, 1196, 16, 9.04%, 0, 0, 6, 9.06
1746579276, 0, 1128, 1244, 1197, 16, 9.04%, 0, 0, 6, 9.20
1746579312, 0, 1128, 1245, 1198, 16, 9.04%, 0, 0, 6, 8.97
1746579322, 0, 1128, 1246, 1199, 16, 9.04%, 0, 0, 6, 9.14
1746579342, 0, 1128, 1247, 1200, 16, 9.04%, 0, 0, 6, 9.15
1746579445, 0, 1128, 1248, 1201, 16, 9.04%, 0, 0, 6, 7.89
1746579501, 0, 1128, 1249, 1202, 16, 9.05%, 0, 0, 6, 8.78
1746579603, 0, 1128, 1250, 1203, 16, 9.05%, 0, 0, 6, 8.79
1746579679, 0, 1131, 1250, 1202, 17, 9.05%, 0, 0, 6, 18.34
1746579685, 0, 1131, 1251, 1203, 17, 9.05%, 0, 0, 6, 12.90
1746579690, 0, 1131, 1252, 1204, 17, 9.05%, 0, 0, 6, 11.25
1746579705, 0, 1131, 1253, 1205, 17, 9.05%, 0, 0, 6, 10.75
1746579726, 0, 1131, 1254, 1206, 17, 9.05%, 0, 0, 6, 9.92
1746579731, 0, 1131, 1255, 1207, 17, 9.05%, 0, 0, 6, 9.61
1746579736, 0, 1131, 1256, 1208, 17, 9.05%, 0, 0, 6, 16.04
1746579813, 0, 1131, 1257, 1209, 17, 9.05%, 0, 0, 6, 9.87
1746579818, 0, 1131, 1260, 1212, 17, 9.05%, 0, 0, 6, 9.33
1746579823, 0, 1131, 1262, 1214, 17, 9.05%, 0, 0, 6, 10.07
1746579951, 0, 1131, 1263, 1215, 17, 9.05%, 0, 0, 6, 9.93
1746579961, 0, 1131, 1265, 1217, 17, 9.05%, 0, 0, 6, 9.42
1746579976, 0, 1131, 1266, 1218, 17, 9.05%, 0, 0, 6, 13.41
1746580007, 0, 1131, 1267, 1219, 17, 9.05%, 0, 0, 6, 11.19
1746580022, 0, 1131, 1268, 1220, 17, 9.05%, 0, 0, 6, 10.16
1746580038, 0, 1131, 1269, 1221, 17, 9.05%, 0, 0, 6, 9.57
1746580068, 0, 1131, 1270, 1222, 17, 9.05%, 0, 0, 6, 22.10
1746580073, 0, 1131, 1271, 1223, 17, 9.05%, 0, 0, 6, 21.69
1746580145, 0, 1131, 1272, 1224, 17, 9.05%, 0, 0, 6, 24.05
1746580232, 0, 1131, 1273, 1225, 17, 9.05%, 0, 0, 6, 20.90
1746580237, 0, 1131, 1274, 1226, 17, 9.05%, 0, 0, 6, 21.18
1746580263, 0, 1131, 1275, 1227, 17, 9.05%, 0, 0, 6, 19.89
1746580278, 0, 1131, 1276, 1228, 17, 9.05%, 0, 0, 6, 20.08
1746580457, 0, 1131, 1278, 1230, 17, 9.05%, 0, 0, 6, 22.38
1746580472, 0, 1131, 1279, 1231, 17, 9.05%, 0, 0, 6, 20.21
1746580488, 0, 1131, 1280, 1232, 17, 9.05%, 0, 0, 6, 23.93
1746580508, 0, 1131, 1282, 1234, 17, 9.05%, 0, 0, 6, 18.27
1746580575, 0, 1131, 1283, 1235, 17, 9.05%, 0, 0, 6, 22.03
1746580744, 0, 1131, 1284, 1236, 17, 9.05%, 0, 0, 6, 19.23
1746580754, 0, 1134, 1284, 1235, 21, 9.05%, 0, 0, 6, 19.03
1746580795, 0, 1134, 1285, 1236, 21, 9.05%, 0, 0, 6, 10.23
1746580891, 0, 1134, 1286, 1237, 21, 9.05%, 0, 0, 6, 9.58
1746580896, 0, 1134, 1287, 1238, 21, 9.05%, 0, 0, 6, 9.50
1746580984, 0, 1134, 1288, 1239, 21, 9.05%, 0, 0, 6, 9.74
1746581112, 0, 1136, 1288, 1238, 20, 9.05%, 0, 0, 6, 24.58
1746581234, 0, 1136, 1291, 1241, 20, 9.05%, 0, 0, 6, 9.85
1746581419, 0, 1139, 1291, 1240, 19, 9.05%, 0, 0, 6, 18.64
1746581572, 0, 1139, 1292, 1241, 19, 9.05%, 0, 0, 6, 16.30
1746581618, 0, 1140, 1292, 1240, 18, 9.05%, 0, 0, 6, 25.30
1746581781, 0, 1149, 1292, 1239, 17, 9.05%, 0, 0, 6, 23.82
1746581833, 0, 1149, 1293, 1240, 17, 9.05%, 0, 0, 6, 12.78
1746582267, 0, 1156, 1293, 1239, 16, 9.05%, 0, 0, 6, 22.11
1746582303, 0, 1156, 1294, 1240, 16, 9.05%, 0, 0, 6, 12.64
1746582313, 0, 1156, 1295, 1241, 16, 9.07%, 0, 0, 6, 11.24
1746582492, 0, 1156, 1296, 1242, 16, 9.07%, 0, 0, 6, 11.13
1746582497, 0, 1156, 1299, 1245, 16, 9.07%, 0, 0, 6, 11.02
1746582703, 0, 1156, 1300, 1246, 16, 9.07%, 0, 0, 6, 11.44
1746582708, 0, 1156, 1301, 1247, 16, 9.07%, 0, 0, 6, 11.13
1746582871, 0, 1158, 1301, 1246, 16, 9.07%, 0, 0, 6, 19.29
1746583138, 0, 1166, 1301, 1245, 15, 9.07%, 0, 0, 6, 19.64
1746583354, 0, 1166, 1302, 1246, 15, 9.07%, 0, 0, 6, 20.47
1746583359, 0, 1166, 1303, 1247, 15, 9.07%, 0, 0, 6, 19.66
1746583631, 0, 1166, 1304, 1248, 15, 9.07%, 0, 0, 6, 5.73
1746583642, 0, 1166, 1305, 1249, 15, 9.07%, 0, 0, 6, 5.67
1746584538, 0, 1171, 1305, 1248, 14, 9.07%, 0, 0, 6, 16.93
1746584600, 0, 1171, 1306, 1249, 14, 9.07%, 0, 0, 6, 8.10
1746585022, 0, 1171, 1307, 1250, 14, 9.07%, 0, 0, 6, 6.07
1746585533, 0, 1171, 1308, 1251, 14, 9.07%, 0, 0, 6, 6.02
1746585878, 0, 1175, 1308, 1250, 14, 9.07%, 0, 0, 6, 20.26
1746585883, 0, 1175, 1309, 1251, 14, 9.08%, 0, 0, 6, 16.45
1746585914, 0, 1175, 1310, 1252, 14, 9.08%, 0, 0, 6, 6.73
1746585919, 0, 1175, 1311, 1253, 14, 9.08%, 0, 0, 6, 6.43
1746585924, 0, 1175, 1312, 1254, 14, 9.08%, 0, 0, 6, 6.16
1746585945, 0, 1175, 1314, 1256, 14, 9.08%, 0, 0, 6, 5.66
1746585950, 0, 1175, 1316, 1258, 14, 9.08%, 0, 0, 6, 5.46
1746586007, 0, 1175, 1317, 1259, 14, 9.08%, 0, 0, 6, 5.88
1746586012, 0, 1175, 1318, 1260, 14, 9.08%, 0, 0, 6, 5.76
1746586017, 0, 1175, 1319, 1261, 14, 9.08%, 0, 0, 6, 5.48
1746586022, 0, 1175, 1320, 1262, 14, 9.08%, 0, 0, 6, 5.42
1746586084, 0, 1175, 1321, 1263, 14, 9.08%, 0, 0, 6, 5.32
1746586089, 0, 1175, 1322, 1264, 14, 9.08%, 0, 0, 6, 26.39
1746586105, 0, 1175, 1323, 1265, 14, 9.14%, 0, 0, 6, 6.62
1746586115, 0, 1175, 1324, 1266, 14, 9.14%, 0, 0, 6, 5.65
1746586197, 0, 1175, 1325, 1267, 14, 9.14%, 0, 0, 6, 8.62
1746586444, 0, 1175, 1326, 1268, 14, 9.14%, 0, 0, 6, 5.88
1746586511, 0, 1175, 1327, 1269, 14, 9.14%, 0, 0, 6, 5.63
1746586516, 0, 1175, 1328, 1270, 14, 9.14%, 0, 0, 6, 5.55
1746586932, 0, 1175, 1329, 1271, 14, 9.14%, 0, 0, 6, 5.22
1746587246, 0, 1175, 1330, 1272, 14, 9.15%, 0, 0, 6, 5.37
1746587308, 0, 1213, 1330, 1271, 17, 9.15%, 0, 0, 6, 2.26
1746587323, 0, 1213, 1331, 1272, 17, 9.15%, 0, 0, 6, 1.85
1746588030, 0, 1213, 1332, 1273, 17, 9.15%, 0, 0, 6, 1.81
1746588202, 0, 1213, 1333, 1274, 17, 9.15%, 0, 0, 6, 1.85
1746588223, 0, 1213, 1334, 1275, 17, 9.15%, 0, 0, 6, 5.21
1746588470, 0, 1213, 1335, 1276, 17, 9.15%, 0, 0, 6, 3.03
1746589849, 0, 1213, 1336, 1277, 17, 9.15%, 0, 0, 6, 2.76
1746592449, 0, 1221, 1336, 1276, 17, 9.15%, 0, 0, 6, 2.26
1746593666, 0, 1221, 1337, 1277, 17, 9.15%, 0, 0, 6, 2.16
1746599912, 0, 1223, 1337, 1276, 16, 9.15%, 0, 0, 6, 3.80
