# unix_time, cycles_done, cur_path, paths_total, pending_total, pending_favs, map_size, unique_crashes, unique_hangs, max_depth, execs_per_sec
1746712459, 0, 0, 1, 1, 1, 3.79%, 0, 0, 1, 76.19
1746712464, 0, 0, 24, 24, 1, 5.43%, 0, 0, 2, 73.31
1746712469, 0, 0, 43, 43, 1, 5.65%, 0, 0, 2, 66.54
1746712475, 0, 0, 57, 57, 1, 5.67%, 0, 0, 2, 67.99
1746712480, 0, 0, 68, 68, 1, 5.67%, 0, 0, 2, 68.40
1746712485, 0, 0, 77, 77, 1, 5.71%, 0, 0, 2, 70.08
1746712490, 0, 0, 88, 88, 1, 5.71%, 0, 0, 2, 68.55
1746712495, 0, 0, 98, 98, 1, 5.71%, 0, 0, 2, 67.78
1746712500, 0, 0, 105, 105, 1, 5.71%, 0, 0, 2, 70.08
1746712506, 0, 0, 113, 113, 1, 5.71%, 0, 0, 2, 68.42
1746712511, 0, 0, 123, 123, 1, 5.71%, 0, 0, 2, 67.56
1746712516, 0, 0, 130, 130, 1, 5.71%, 0, 0, 2, 65.90
1746712521, 0, 0, 135, 135, 1, 5.71%, 0, 0, 2, 70.81
1746712526, 0, 0, 143, 143, 1, 5.71%, 0, 0, 2, 69.84
1746712532, 0, 0, 148, 148, 1, 5.71%, 0, 0, 2, 71.38
1746712537, 0, 0, 157, 157, 1, 5.71%, 0, 0, 2, 69.04
1746712542, 0, 0, 161, 161, 1, 5.71%, 0, 0, 2, 70.49
1746712547, 0, 0, 163, 163, 1, 5.71%, 0, 0, 2, 72.53
1746712552, 0, 0, 169, 169, 1, 5.72%, 0, 0, 2, 71.42
1746712557, 0, 0, 172, 172, 1, 5.72%, 0, 0, 2, 71.26
1746712563, 0, 0, 176, 176, 1, 5.72%, 0, 0, 2, 71.52
1746712568, 0, 0, 183, 183, 1, 5.72%, 0, 0, 2, 66.67
1746712573, 0, 0, 186, 186, 1, 5.72%, 0, 0, 2, 69.90
1746712578, 0, 0, 190, 190, 1, 5.72%, 0, 0, 2, 68.98
1746712583, 0, 0, 194, 194, 1, 5.72%, 0, 0, 2, 69.56
1746712588, 0, 0, 200, 200, 1, 5.72%, 0, 0, 2, 67.46
1746712594, 0, 0, 201, 201, 1, 5.72%, 0, 0, 2, 70.35
1746712599, 0, 0, 203, 203, 1, 5.72%, 0, 0, 2, 72.33
1746712604, 0, 0, 205, 205, 1, 5.74%, 0, 0, 2, 72.41
1746712609, 0, 0, 208, 208, 1, 5.74%, 0, 0, 2, 71.96
1746712614, 0, 0, 211, 211, 1, 5.74%, 0, 0, 2, 74.68
1746712619, 0, 0, 215, 215, 1, 5.74%, 0, 0, 2, 69.89
1746712625, 0, 0, 217, 217, 1, 5.74%, 0, 0, 2, 70.74
1746712630, 0, 0, 219, 219, 1, 5.74%, 0, 0, 2, 71.20
1746712635, 0, 0, 222, 222, 1, 5.74%, 0, 0, 2, 69.29
1746712640, 0, 0, 223, 223, 1, 5.74%, 0, 0, 2, 72.44
1746712645, 0, 0, 224, 224, 1, 5.74%, 0, 0, 2, 74.83
1746712650, 0, 0, 225, 225, 1, 5.74%, 0, 0, 2, 72.17
1746712656, 0, 0, 228, 228, 1, 5.74%, 0, 0, 2, 71.91
1746712661, 0, 0, 231, 231, 1, 5.74%, 0, 0, 2, 70.86
1746712666, 0, 0, 232, 232, 1, 5.74%, 0, 0, 2, 75.17
1746712671, 0, 0, 235, 235, 1, 5.74%, 0, 0, 2, 70.24
1746712676, 0, 0, 238, 238, 1, 5.74%, 0, 0, 2, 71.36
1746712681, 0, 0, 239, 239, 1, 5.74%, 0, 0, 2, 73.86
1746712686, 0, 0, 243, 243, 1, 5.74%, 0, 0, 2, 72.03
1746712692, 0, 0, 245, 245, 1, 5.74%, 0, 0, 2, 72.27
1746712697, 0, 0, 249, 249, 1, 5.74%, 0, 0, 2, 69.82
1746712702, 0, 0, 250, 250, 1, 5.74%, 0, 0, 2, 72.86
1746712707, 0, 0, 252, 252, 1, 5.74%, 0, 0, 2, 72.00
1746712712, 0, 0, 253, 253, 1, 5.74%, 0, 0, 2, 71.74
1746712723, 0, 42, 253, 252, 14, 5.74%, 0, 0, 2, 68.37
1746712804, 0, 42, 255, 254, 14, 5.74%, 0, 0, 3, 62.94
1746712809, 0, 42, 260, 259, 14, 5.74%, 0, 0, 3, 60.42
1746712814, 0, 42, 263, 262, 14, 5.74%, 0, 0, 3, 60.50
1746712819, 0, 42, 265, 264, 14, 5.74%, 0, 0, 3, 62.99
1746712824, 0, 42, 267, 266, 14, 5.74%, 0, 0, 3, 63.69
1746712829, 0, 42, 269, 268, 14, 5.74%, 0, 0, 3, 61.91
1746712835, 0, 42, 270, 269, 14, 5.74%, 0, 0, 3, 62.63
1746712840, 0, 42, 271, 270, 14, 5.74%, 0, 0, 3, 63.57
1746712845, 0, 42, 273, 272, 14, 5.74%, 0, 0, 3, 62.35
1746712850, 0, 42, 274, 273, 14, 5.74%, 0, 0, 3, 63.42
1746712861, 0, 42, 277, 276, 14, 5.74%, 0, 0, 3, 63.27
1746712866, 0, 42, 278, 277, 14, 5.74%, 0, 0, 3, 65.70
1746712871, 0, 42, 279, 278, 14, 5.74%, 0, 0, 3, 65.24
1746712876, 0, 42, 281, 280, 14, 5.74%, 0, 0, 3, 63.60
1746712881, 0, 42, 286, 285, 14, 5.81%, 0, 0, 3, 61.03
1746712886, 0, 42, 289, 288, 14, 5.81%, 0, 0, 3, 63.99
1746712891, 0, 42, 290, 289, 14, 5.81%, 0, 0, 3, 67.11
1746712901, 0, 42, 292, 291, 14, 5.81%, 0, 0, 3, 65.66
1746712907, 0, 42, 293, 292, 14, 5.81%, 0, 0, 3, 65.84
1746712912, 0, 42, 296, 295, 14, 5.81%, 0, 0, 3, 64.16
1746712917, 0, 42, 297, 296, 14, 5.81%, 0, 0, 3, 66.11
1746712922, 0, 42, 298, 297, 14, 5.81%, 0, 0, 3, 62.11
1746712927, 0, 42, 300, 299, 14, 5.81%, 0, 0, 3, 58.68
1746712943, 0, 42, 302, 301, 14, 5.81%, 0, 0, 3, 60.64
1746712948, 0, 42, 303, 302, 14, 5.81%, 0, 0, 3, 61.54
1746712963, 0, 42, 304, 303, 14, 5.81%, 0, 0, 3, 60.69
1746712973, 0, 42, 307, 306, 14, 5.82%, 0, 0, 3, 57.56
1746712978, 0, 42, 309, 308, 14, 5.82%, 0, 0, 3, 59.54
1746712984, 0, 42, 310, 309, 14, 5.82%, 0, 0, 3, 61.03
1746712994, 0, 42, 311, 310, 14, 5.82%, 0, 0, 3, 60.86
1746713004, 0, 42, 312, 311, 14, 5.82%, 0, 0, 3, 60.24
1746713009, 0, 42, 313, 312, 14, 5.82%, 0, 0, 3, 59.75
1746713014, 0, 42, 314, 313, 14, 5.82%, 0, 0, 3, 60.09
1746713034, 0, 42, 316, 315, 14, 5.82%, 0, 0, 3, 60.67
1746713040, 0, 42, 317, 316, 14, 5.82%, 0, 0, 3, 61.33
1746713055, 0, 42, 319, 318, 14, 5.82%, 0, 0, 3, 60.51
1746713060, 0, 42, 322, 321, 14, 5.82%, 0, 0, 3, 56.53
1746713076, 0, 48, 322, 320, 10, 5.82%, 0, 0, 3, 60.31
1746713148, 0, 48, 323, 321, 10, 5.82%, 0, 0, 3, 59.75
1746713153, 0, 48, 326, 324, 10, 5.82%, 0, 0, 3, 56.31
1746713163, 0, 48, 327, 325, 10, 5.82%, 0, 0, 3, 61.44
1746713168, 0, 48, 328, 326, 10, 5.82%, 0, 0, 3, 61.47
1746713189, 0, 48, 329, 327, 10, 5.82%, 0, 0, 3, 61.68
1746713204, 0, 48, 330, 328, 10, 5.82%, 0, 0, 3, 61.65
1746713214, 0, 48, 332, 330, 10, 5.82%, 0, 0, 3, 59.21
1746713220, 0, 48, 333, 331, 10, 5.82%, 0, 0, 3, 60.38
1746713225, 0, 48, 334, 332, 10, 5.82%, 0, 0, 3, 59.99
1746713230, 0, 48, 336, 334, 10, 5.82%, 0, 0, 3, 58.21
1746713240, 0, 48, 337, 335, 10, 5.83%, 0, 0, 3, 59.25
1746713255, 0, 48, 338, 336, 10, 5.83%, 0, 0, 3, 59.45
1746713271, 0, 48, 339, 337, 10, 5.83%, 0, 0, 3, 59.55
1746713276, 0, 48, 341, 339, 10, 5.83%, 0, 0, 3, 58.67
1746713297, 0, 48, 342, 340, 10, 5.83%, 0, 0, 3, 60.98
1746713307, 0, 48, 343, 341, 10, 5.83%, 0, 0, 3, 62.98
1746713322, 0, 48, 344, 342, 10, 5.83%, 0, 0, 3, 61.74
1746713333, 0, 48, 345, 343, 10, 5.83%, 0, 0, 3, 62.87
1746713338, 0, 48, 346, 344, 10, 5.83%, 0, 0, 3, 61.54
1746713358, 0, 48, 347, 345, 10, 5.83%, 0, 0, 3, 61.01
1746713364, 0, 48, 348, 346, 10, 5.83%, 0, 0, 3, 61.28
1746713369, 0, 48, 350, 348, 10, 5.83%, 0, 0, 3, 61.19
1746713395, 0, 48, 351, 349, 10, 5.83%, 0, 0, 3, 61.69
1746713405, 0, 48, 352, 350, 10, 5.83%, 0, 0, 3, 59.98
1746713415, 0, 63, 352, 349, 9, 5.83%, 0, 0, 3, 48.95
1746713722, 0, 63, 353, 350, 9, 5.83%, 0, 0, 3, 44.84
1746713727, 0, 63, 357, 354, 9, 5.83%, 0, 0, 3, 44.67
1746713732, 0, 63, 361, 358, 9, 6.07%, 0, 0, 3, 42.47
1746713737, 0, 63, 363, 360, 9, 6.07%, 0, 0, 3, 45.27
1746713742, 0, 63, 364, 361, 9, 6.07%, 0, 0, 3, 47.78
1746713747, 0, 63, 366, 363, 9, 6.07%, 0, 0, 3, 47.41
1746713752, 0, 63, 367, 364, 9, 6.12%, 0, 0, 3, 49.29
1746713757, 0, 63, 370, 367, 9, 6.12%, 0, 0, 3, 47.84
1746713762, 0, 63, 372, 369, 9, 6.12%, 0, 0, 3, 46.97
1746713768, 0, 63, 374, 371, 9, 6.12%, 0, 0, 3, 47.40
1746713773, 0, 63, 375, 372, 9, 6.25%, 0, 0, 3, 46.97
1746713778, 0, 63, 377, 374, 9, 6.25%, 0, 0, 3, 47.59
1746713783, 0, 63, 378, 375, 9, 6.25%, 0, 0, 3, 48.01
1746713793, 0, 63, 379, 376, 9, 6.25%, 0, 0, 3, 48.88
1746713798, 0, 63, 380, 377, 9, 6.26%, 0, 0, 3, 48.30
1746713803, 0, 63, 381, 378, 9, 6.26%, 0, 0, 3, 47.06
1746713808, 0, 63, 383, 380, 9, 6.26%, 0, 0, 3, 46.97
1746713813, 0, 63, 384, 381, 9, 6.26%, 0, 0, 3, 47.96
1746713818, 0, 63, 386, 383, 9, 6.26%, 0, 0, 3, 45.38
1746713823, 0, 63, 387, 384, 9, 6.26%, 0, 0, 3, 47.58
1746713828, 0, 63, 390, 387, 9, 6.26%, 0, 0, 3, 44.06
1746713833, 0, 63, 391, 388, 9, 6.26%, 0, 0, 3, 45.85
1746713839, 0, 63, 392, 389, 9, 6.26%, 0, 0, 3, 45.52
1746713844, 0, 63, 393, 390, 9, 6.26%, 0, 0, 3, 47.84
1746713849, 0, 63, 394, 391, 9, 6.26%, 0, 0, 3, 47.64
1746713854, 0, 63, 395, 392, 9, 6.26%, 0, 0, 3, 46.81
1746713859, 0, 63, 397, 394, 9, 6.26%, 0, 0, 3, 46.84
1746713869, 0, 63, 398, 395, 9, 6.26%, 0, 0, 3, 46.26
1746713874, 0, 63, 400, 397, 9, 6.26%, 0, 0, 3, 46.89
1746713879, 0, 63, 402, 399, 9, 6.26%, 0, 0, 3, 46.53
1746713884, 0, 63, 403, 400, 9, 6.26%, 0, 0, 3, 46.70
1746713894, 0, 63, 406, 403, 9, 6.29%, 0, 0, 3, 45.45
1746713905, 0, 63, 407, 404, 9, 6.29%, 0, 0, 3, 47.16
1746713915, 0, 63, 408, 405, 9, 6.29%, 0, 0, 3, 46.95
1746713920, 0, 63, 410, 407, 9, 6.29%, 0, 0, 3, 47.08
1746713945, 0, 63, 411, 408, 9, 6.29%, 0, 0, 3, 47.90
1746713955, 0, 63, 412, 409, 9, 6.29%, 0, 0, 3, 49.68
1746714001, 0, 63, 413, 410, 9, 6.30%, 0, 0, 3, 45.90
1746714006, 0, 63, 414, 411, 9, 6.30%, 0, 0, 3, 48.83
1746714011, 0, 63, 415, 412, 9, 6.30%, 0, 0, 3, 47.58
1746714016, 0, 63, 416, 413, 9, 6.30%, 0, 0, 3, 46.28
1746714021, 0, 63, 417, 414, 9, 6.30%, 0, 0, 3, 47.11
1746714052, 0, 63, 420, 417, 9, 6.30%, 0, 0, 3, 45.63
1746714072, 0, 63, 422, 419, 9, 6.30%, 0, 0, 3, 45.19
1746714077, 0, 90, 424, 420, 14, 6.30%, 0, 0, 3, 40.30
1746714726, 0, 90, 426, 422, 14, 6.30%, 0, 0, 3, 35.65
1746714731, 0, 90, 428, 424, 14, 6.30%, 0, 0, 3, 37.02
1746714737, 0, 90, 430, 426, 14, 6.30%, 0, 0, 3, 35.43
1746714742, 0, 90, 431, 427, 14, 6.31%, 0, 0, 3, 36.29
1746714747, 0, 90, 432, 428, 14, 6.31%, 0, 0, 3, 36.69
1746714752, 0, 90, 435, 431, 14, 6.31%, 0, 0, 3, 34.94
1746714757, 0, 90, 439, 435, 14, 6.31%, 0, 0, 3, 34.05
1746714762, 0, 90, 440, 436, 14, 6.31%, 0, 0, 3, 36.81
1746714767, 0, 90, 442, 438, 14, 6.31%, 0, 0, 3, 35.60
1746714772, 0, 90, 443, 439, 14, 6.31%, 0, 0, 3, 36.57
1746714778, 0, 90, 445, 441, 14, 6.31%, 0, 0, 3, 34.64
1746714783, 0, 90, 449, 445, 14, 6.31%, 0, 0, 3, 34.50
1746714788, 0, 90, 452, 448, 14, 6.31%, 0, 0, 3, 34.23
1746714793, 0, 90, 454, 450, 14, 6.31%, 0, 0, 3, 35.57
1746714798, 0, 90, 457, 453, 14, 6.31%, 0, 0, 3, 34.00
1746714808, 0, 90, 458, 454, 14, 6.31%, 0, 0, 3, 36.22
1746714814, 0, 90, 459, 455, 14, 6.31%, 0, 0, 3, 36.25
1746714829, 0, 90, 460, 456, 14, 6.31%, 0, 0, 3, 35.58
1746714834, 0, 90, 462, 458, 14, 6.31%, 0, 0, 3, 34.49
1746714839, 0, 90, 463, 459, 14, 6.31%, 0, 0, 3, 36.70
1746714844, 0, 90, 466, 462, 14, 6.31%, 0, 0, 3, 36.10
1746714850, 0, 90, 468, 464, 14, 6.31%, 0, 0, 3, 35.52
1746714855, 0, 90, 470, 466, 14, 6.31%, 0, 0, 3, 36.24
1746714860, 0, 90, 471, 467, 14, 6.31%, 0, 0, 3, 37.40
1746714865, 0, 90, 473, 469, 14, 6.31%, 0, 0, 3, 38.12
1746714875, 0, 90, 475, 471, 14, 6.31%, 0, 0, 3, 37.51
1746714880, 0, 90, 476, 472, 14, 6.31%, 0, 0, 3, 36.80
1746714885, 0, 90, 478, 474, 14, 6.31%, 0, 0, 3, 36.39
1746714895, 0, 90, 480, 476, 14, 6.31%, 0, 0, 3, 36.56
1746714901, 0, 90, 482, 478, 14, 6.31%, 0, 0, 3, 35.17
1746714906, 0, 90, 483, 479, 14, 6.31%, 0, 0, 3, 36.40
1746714916, 0, 90, 484, 480, 14, 6.31%, 0, 0, 3, 36.97
1746714926, 0, 90, 485, 481, 14, 6.31%, 0, 0, 3, 37.23
1746714937, 0, 90, 486, 482, 14, 6.31%, 0, 0, 3, 36.60
1746714947, 0, 90, 487, 483, 14, 6.31%, 0, 0, 3, 36.32
1746714952, 0, 90, 488, 484, 14, 6.31%, 0, 0, 3, 35.70
1746714962, 0, 90, 489, 485, 14, 6.31%, 0, 0, 3, 36.33
1746714973, 0, 90, 490, 486, 14, 6.31%, 0, 0, 3, 36.65
1746714978, 0, 90, 491, 487, 14, 6.31%, 0, 0, 3, 35.88
1746714983, 0, 90, 492, 488, 14, 6.31%, 0, 0, 3, 36.69
1746714988, 0, 90, 493, 489, 14, 6.31%, 0, 0, 3, 35.89
1746714993, 0, 90, 494, 490, 14, 6.31%, 0, 0, 3, 34.38
1746715008, 0, 90, 496, 492, 14, 6.32%, 0, 0, 3, 33.10
1746715013, 0, 90, 497, 493, 14, 6.39%, 0, 0, 3, 34.42
1746715024, 0, 90, 498, 494, 14, 6.39%, 0, 0, 3, 37.49
1746715029, 0, 90, 499, 495, 14, 6.39%, 0, 0, 3, 37.19
1746715034, 0, 90, 500, 496, 14, 6.39%, 0, 0, 3, 36.64
1746715044, 0, 90, 501, 497, 14, 6.39%, 0, 0, 3, 36.63
1746715049, 0, 90, 502, 498, 14, 6.39%, 0, 0, 3, 37.18
1746715060, 0, 90, 504, 500, 14, 6.39%, 0, 0, 3, 34.95
1746715065, 0, 90, 505, 501, 14, 6.39%, 0, 0, 3, 36.17
1746715090, 0, 90, 506, 502, 14, 6.39%, 0, 0, 3, 36.54
1746715095, 0, 90, 507, 503, 14, 6.39%, 0, 0, 3, 36.19
1746715111, 0, 90, 508, 504, 14, 6.39%, 0, 0, 3, 35.90
1746715121, 0, 90, 509, 505, 14, 6.39%, 0, 0, 3, 36.88
1746715131, 0, 90, 510, 506, 14, 6.39%, 0, 0, 3, 36.71
1746715137, 0, 90, 511, 507, 14, 6.39%, 0, 0, 3, 36.66
1746715152, 0, 90, 513, 509, 14, 6.39%, 0, 0, 3, 35.87
1746715157, 0, 90, 515, 511, 14, 6.39%, 0, 0, 3, 34.95
1746715167, 0, 90, 516, 512, 14, 6.39%, 0, 0, 3, 37.97
1746715188, 0, 90, 517, 513, 14, 6.39%, 0, 0, 3, 36.36
1746715193, 0, 109, 517, 512, 12, 6.39%, 0, 0, 3, 38.60
1746715362, 0, 158, 517, 511, 12, 6.39%, 0, 0, 3, 53.08
1746715505, 0, 203, 517, 510, 11, 6.39%, 0, 0, 3, 57.52
1746715597, 0, 259, 517, 509, 10, 6.39%, 0, 0, 3, 39.85
1746716247, 0, 259, 518, 510, 10, 6.39%, 0, 0, 4, 37.20
1746716257, 0, 259, 519, 511, 10, 6.39%, 0, 0, 4, 38.74
1746716273, 0, 259, 520, 512, 10, 6.39%, 0, 0, 4, 37.91
1746716298, 0, 259, 521, 513, 10, 6.39%, 0, 0, 4, 37.10
1746716329, 0, 259, 522, 514, 10, 6.39%, 0, 0, 4, 36.42
1746716334, 0, 259, 523, 515, 10, 6.39%, 0, 0, 4, 38.02
1746716349, 0, 259, 524, 516, 10, 6.39%, 0, 0, 4, 38.71
1746716355, 0, 259, 526, 518, 10, 6.39%, 0, 0, 4, 37.08
1746716380, 0, 259, 527, 519, 10, 6.39%, 0, 0, 4, 37.67
1746716411, 0, 259, 528, 520, 10, 6.39%, 0, 0, 4, 36.82
1746716436, 0, 259, 529, 521, 10, 6.39%, 0, 0, 4, 38.42
1746716442, 0, 259, 530, 522, 10, 6.39%, 0, 0, 4, 36.47
1746716447, 0, 259, 531, 523, 10, 6.39%, 0, 0, 4, 37.00
1746716467, 0, 259, 532, 524, 10, 6.39%, 0, 0, 4, 37.31
1746716488, 0, 259, 533, 525, 10, 6.39%, 0, 0, 4, 35.50
1746716554, 0, 259, 534, 526, 10, 6.39%, 0, 0, 4, 38.18
1746716580, 0, 259, 535, 527, 10, 6.39%, 0, 0, 4, 35.93
1746716585, 0, 259, 536, 528, 10, 6.40%, 0, 0, 4, 35.96
1746716611, 0, 259, 538, 530, 10, 6.40%, 0, 0, 4, 35.59
1746716636, 0, 259, 539, 531, 10, 6.41%, 0, 0, 4, 38.21
1746716662, 0, 259, 540, 532, 10, 6.41%, 0, 0, 4, 37.75
1746716677, 0, 294, 540, 531, 11, 6.41%, 0, 0, 4, 41.91
1746716936, 0, 350, 540, 530, 10, 6.41%, 0, 0, 4, 47.09
1746717231, 0, 366, 540, 529, 9, 6.41%, 0, 0, 4, 38.18
1746717540, 0, 366, 541, 530, 9, 6.41%, 0, 0, 4, 27.34
1746718140, 0, 366, 545, 534, 9, 6.41%, 0, 0, 4, 29.20
1746718145, 0, 366, 550, 539, 9, 6.42%, 0, 0, 4, 29.16
1746718150, 0, 366, 551, 540, 9, 6.42%, 0, 0, 4, 30.68
1746718155, 0, 366, 554, 543, 9, 6.42%, 0, 0, 4, 30.40
1746718160, 0, 366, 557, 546, 9, 6.42%, 0, 0, 4, 30.79
1746718165, 0, 366, 561, 550, 9, 6.44%, 0, 0, 4, 28.11
1746718170, 0, 366, 564, 553, 9, 6.44%, 0, 0, 4, 27.78
1746718176, 0, 366, 568, 557, 9, 6.44%, 0, 0, 4, 28.74
1746718181, 0, 366, 569, 558, 9, 6.44%, 0, 0, 4, 30.53
1746718186, 0, 366, 571, 560, 9, 6.44%, 0, 0, 4, 30.06
1746718191, 0, 366, 574, 563, 9, 6.44%, 0, 0, 4, 30.90
1746718196, 0, 366, 578, 567, 9, 6.44%, 0, 0, 4, 29.05
1746718201, 0, 366, 579, 568, 9, 6.44%, 0, 0, 4, 30.68
1746718206, 0, 366, 581, 570, 9, 6.44%, 0, 0, 4, 30.66
1746718211, 0, 366, 582, 571, 9, 6.44%, 0, 0, 4, 31.38
1746718216, 0, 366, 583, 572, 9, 6.44%, 0, 0, 4, 31.30
1746718221, 0, 366, 584, 573, 9, 6.44%, 0, 0, 4, 30.79
1746718227, 0, 366, 585, 574, 9, 6.44%, 0, 0, 4, 31.29
1746718232, 0, 366, 586, 575, 9, 6.44%, 0, 0, 4, 31.73
1746718242, 0, 366, 589, 578, 9, 6.44%, 0, 0, 4, 30.94
1746718252, 0, 366, 590, 579, 9, 6.44%, 0, 0, 4, 30.80
1746718257, 0, 366, 592, 581, 9, 6.44%, 0, 0, 4, 30.92
1746718267, 0, 366, 593, 582, 9, 6.44%, 0, 0, 4, 31.47
1746718278, 0, 366, 594, 583, 9, 6.44%, 0, 0, 4, 31.86
1746718288, 0, 366, 595, 584, 9, 6.44%, 0, 0, 4, 30.78
1746718304, 0, 366, 596, 585, 9, 6.44%, 0, 0, 4, 30.63
1746718309, 0, 366, 597, 586, 9, 6.44%, 0, 0, 4, 31.24
1746718314, 0, 366, 598, 587, 9, 6.44%, 0, 0, 4, 31.98
1746718324, 0, 366, 599, 588, 9, 6.44%, 0, 0, 4, 30.88
1746718334, 0, 366, 601, 590, 9, 6.44%, 0, 0, 4, 29.58
1746718339, 0, 366, 602, 591, 9, 6.44%, 0, 0, 4, 29.49
1746718344, 0, 366, 604, 593, 9, 6.44%, 0, 0, 4, 30.28
1746718349, 0, 366, 607, 596, 9, 6.44%, 0, 0, 4, 28.91
1746718354, 0, 366, 608, 597, 9, 6.44%, 0, 0, 4, 30.50
1746718370, 0, 366, 609, 598, 9, 6.44%, 0, 0, 4, 31.20
1746718390, 0, 366, 610, 599, 9, 6.51%, 0, 0, 4, 29.53
1746718395, 0, 366, 611, 600, 9, 6.51%, 0, 0, 4, 30.68
1746718401, 0, 366, 612, 601, 9, 6.51%, 0, 0, 4, 31.28
1746718411, 0, 366, 613, 602, 9, 6.51%, 0, 0, 4, 32.08
1746718416, 0, 366, 614, 603, 9, 6.51%, 0, 0, 4, 31.94
1746718421, 0, 366, 616, 605, 9, 6.51%, 0, 0, 4, 29.94
1746718426, 0, 366, 617, 606, 9, 6.51%, 0, 0, 4, 30.55
1746718431, 0, 366, 619, 608, 9, 6.51%, 0, 0, 4, 29.63
1746718436, 0, 366, 620, 609, 9, 6.51%, 0, 0, 4, 30.47
1746718441, 0, 366, 622, 611, 9, 6.51%, 0, 0, 4, 31.54
1746718457, 0, 366, 623, 612, 9, 6.51%, 0, 0, 4, 30.91
1746718467, 0, 366, 624, 613, 9, 6.51%, 0, 0, 4, 30.80
1746718472, 0, 366, 625, 614, 9, 6.51%, 0, 0, 4, 31.54
1746718482, 0, 366, 626, 615, 9, 6.51%, 0, 0, 4, 32.53
1746718513, 0, 366, 627, 616, 9, 6.51%, 0, 0, 4, 30.59
1746718518, 0, 366, 629, 618, 9, 6.51%, 0, 0, 4, 30.74
1746718565, 0, 366, 630, 619, 9, 6.51%, 0, 0, 4, 30.29
1746718570, 0, 366, 631, 620, 9, 6.51%, 0, 0, 4, 31.73
1746718606, 0, 366, 632, 621, 9, 6.51%, 0, 0, 4, 30.84
1746718611, 0, 366, 633, 622, 9, 6.51%, 0, 0, 4, 31.03
1746718621, 0, 366, 634, 623, 9, 6.51%, 0, 0, 4, 30.82
1746718626, 0, 366, 635, 624, 9, 6.51%, 0, 0, 4, 30.47
1746718631, 0, 366, 636, 625, 9, 6.51%, 0, 0, 4, 30.89
1746718667, 0, 366, 637, 626, 9, 6.51%, 0, 0, 4, 31.27
1746718688, 0, 376, 637, 625, 10, 6.51%, 0, 0, 4, 31.58
1746719345, 0, 406, 637, 624, 9, 6.51%, 0, 0, 4, 37.80
1746719880, 0, 406, 637, 624, 9, 6.51%, 0, 1, 4, 34.23
1746719966, 0, 423, 637, 623, 9, 6.51%, 0, 1, 4, 36.36
1746720651, 0, 496, 637, 622, 9, 6.51%, 0, 1, 4, 27.81
1746720671, 0, 496, 638, 623, 9, 6.51%, 0, 1, 4, 22.21
1746720701, 0, 496, 640, 625, 9, 6.51%, 0, 1, 4, 21.57
1746720712, 0, 496, 641, 626, 9, 6.51%, 0, 1, 4, 21.65
1746720875, 0, 496, 642, 627, 9, 6.51%, 0, 1, 4, 22.08
1746722267, 0, 496, 643, 628, 9, 6.51%, 0, 1, 4, 22.16
1746722573, 0, 496, 644, 629, 9, 6.51%, 0, 1, 4, 22.49
1746722578, 0, 496, 647, 632, 9, 6.51%, 0, 1, 4, 22.98
1746722584, 0, 496, 649, 634, 9, 6.51%, 0, 1, 4, 24.67
1746722589, 0, 496, 650, 635, 9, 6.51%, 0, 1, 4, 25.67
1746722594, 0, 496, 654, 639, 9, 6.51%, 0, 1, 4, 23.61
1746722599, 0, 496, 656, 641, 9, 6.51%, 0, 1, 4, 24.52
1746722604, 0, 496, 659, 644, 9, 6.51%, 0, 1, 4, 24.03
1746722609, 0, 496, 661, 646, 9, 6.51%, 0, 1, 4, 23.87
1746722614, 0, 496, 662, 647, 9, 6.51%, 0, 1, 4, 24.44
1746722619, 0, 496, 663, 648, 9, 6.51%, 0, 1, 4, 24.95
1746722624, 0, 496, 664, 649, 9, 6.51%, 0, 1, 4, 24.93
1746722635, 0, 496, 666, 651, 9, 6.51%, 0, 1, 4, 23.48
1746722640, 0, 496, 667, 652, 9, 6.51%, 0, 1, 4, 25.18
1746722650, 0, 496, 669, 654, 9, 6.51%, 0, 1, 4, 24.97
1746722660, 0, 496, 670, 655, 9, 6.51%, 0, 1, 4, 24.90
1746722665, 0, 496, 671, 656, 9, 6.51%, 0, 1, 4, 23.97
1746722671, 0, 496, 672, 657, 9, 6.51%, 0, 1, 4, 23.39
1746722681, 0, 496, 674, 659, 9, 6.51%, 0, 1, 4, 24.27
1746722686, 0, 496, 675, 660, 9, 6.51%, 0, 1, 4, 24.81
1746722696, 0, 496, 676, 661, 9, 6.51%, 0, 1, 4, 25.27
1746722706, 0, 496, 677, 662, 9, 6.51%, 0, 1, 4, 25.78
1746722711, 0, 496, 678, 663, 9, 6.51%, 0, 1, 4, 24.56
1746722716, 0, 496, 679, 664, 9, 6.51%, 0, 1, 4, 24.91
1746722722, 0, 496, 681, 666, 9, 6.51%, 0, 1, 4, 24.44
1746722727, 0, 496, 683, 668, 9, 6.51%, 0, 1, 4, 24.38
1746722732, 0, 496, 684, 669, 9, 6.51%, 0, 1, 4, 24.87
1746722737, 0, 496, 685, 670, 9, 6.51%, 0, 1, 4, 25.48
1746722747, 0, 496, 686, 671, 9, 6.51%, 0, 1, 4, 25.15
1746722767, 0, 496, 687, 672, 9, 6.51%, 0, 1, 4, 24.62
1746722793, 0, 496, 688, 673, 9, 6.51%, 0, 1, 4, 24.21
1746722808, 0, 496, 689, 674, 9, 6.51%, 0, 1, 4, 24.82
1746722823, 0, 496, 690, 675, 9, 6.51%, 0, 1, 4, 24.84
1746722839, 0, 496, 691, 676, 9, 6.51%, 0, 1, 4, 24.72
1746722844, 0, 496, 692, 677, 9, 6.51%, 0, 1, 4, 24.72
1746722854, 0, 496, 694, 679, 9, 6.51%, 0, 1, 4, 23.80
1746722859, 0, 496, 695, 680, 9, 6.51%, 0, 1, 4, 23.67
1746722864, 0, 496, 696, 681, 9, 6.51%, 0, 1, 4, 24.42
1746722869, 0, 496, 697, 682, 9, 6.51%, 0, 1, 4, 24.77
1746722946, 0, 496, 698, 683, 9, 6.51%, 0, 1, 4, 26.36
1746722956, 0, 496, 699, 684, 9, 6.51%, 0, 1, 4, 24.01
1746722976, 0, 496, 700, 685, 9, 6.51%, 0, 1, 4, 24.74
1746722981, 0, 496, 702, 687, 9, 6.53%, 0, 1, 4, 23.75
1746723002, 0, 496, 703, 688, 9, 6.53%, 0, 1, 4, 24.06
1746723012, 0, 496, 704, 689, 9, 6.53%, 0, 1, 4, 25.00
1746723022, 0, 496, 705, 690, 9, 6.53%, 0, 1, 4, 24.39
1746723058, 0, 496, 706, 691, 9, 6.53%, 0, 1, 4, 24.98
1746723089, 0, 512, 706, 690, 9, 6.53%, 0, 1, 4, 24.77
1746724479, 0, 541, 706, 689, 8, 6.53%, 0, 1, 4, 27.84
1746725592, 0, 541, 707, 690, 8, 6.53%, 0, 1, 5, 29.02
1746725653, 0, 558, 707, 689, 7, 6.53%, 0, 1, 5, 26.84
1746726998, 0, 558, 708, 690, 7, 6.53%, 0, 1, 5, 22.14
1746727080, 0, 558, 709, 691, 7, 6.53%, 0, 1, 5, 24.69
1746727086, 0, 558, 710, 692, 7, 6.53%, 0, 1, 5, 28.45
1746727091, 0, 558, 711, 693, 7, 6.53%, 0, 1, 5, 27.51
1746727101, 0, 558, 712, 694, 7, 6.53%, 0, 1, 5, 27.47
1746727111, 0, 558, 714, 696, 7, 6.53%, 0, 1, 5, 26.84
1746727142, 0, 558, 715, 697, 7, 6.53%, 0, 1, 5, 26.97
1746727158, 0, 558, 716, 698, 7, 6.53%, 0, 1, 5, 27.17
1746727168, 0, 558, 717, 699, 7, 6.53%, 0, 1, 5, 26.83
1746727193, 0, 558, 718, 700, 7, 6.53%, 0, 1, 5, 27.11
1746727198, 0, 558, 719, 701, 7, 6.53%, 0, 1, 5, 26.63
1746727208, 0, 558, 720, 702, 7, 6.53%, 0, 1, 5, 27.57
1746727213, 0, 558, 721, 703, 7, 6.53%, 0, 1, 5, 26.83
1746727249, 0, 558, 722, 704, 7, 6.53%, 0, 1, 5, 29.97
1746727264, 0, 558, 723, 705, 7, 6.53%, 0, 1, 5, 26.56
1746727290, 0, 558, 724, 706, 7, 6.53%, 0, 1, 5, 27.01
1746727300, 0, 558, 725, 707, 7, 6.53%, 0, 1, 5, 27.22
1746727326, 0, 558, 727, 709, 7, 6.53%, 0, 1, 5, 25.88
1746727336, 0, 558, 728, 710, 7, 6.53%, 0, 1, 5, 27.06
1746727346, 0, 558, 729, 711, 7, 6.53%, 0, 1, 5, 26.67
1746727402, 0, 558, 730, 712, 7, 6.53%, 0, 1, 5, 27.88
1746727408, 0, 558, 731, 713, 7, 6.53%, 0, 1, 5, 27.40
1746727525, 0, 585, 731, 712, 8, 6.53%, 0, 1, 5, 26.51
1746728244, 0, 585, 732, 713, 8, 6.53%, 0, 1, 5, 19.77
1746729318, 0, 585, 734, 715, 8, 6.53%, 0, 1, 5, 23.20
1746729338, 0, 585, 735, 716, 8, 6.53%, 0, 1, 5, 24.94
1746729354, 0, 585, 736, 717, 8, 6.53%, 0, 1, 5, 24.64
1746729369, 0, 585, 737, 718, 8, 6.53%, 0, 1, 5, 23.91
1746729379, 0, 585, 738, 719, 8, 6.53%, 0, 1, 5, 23.04
1746729395, 0, 585, 740, 721, 8, 6.53%, 0, 1, 5, 23.44
1746729400, 0, 585, 741, 722, 8, 6.53%, 0, 1, 5, 23.10
1746729435, 0, 585, 742, 723, 8, 6.53%, 0, 1, 5, 24.39
1746729446, 0, 585, 744, 725, 8, 6.54%, 0, 1, 5, 23.68
1746729476, 0, 585, 745, 726, 8, 6.54%, 0, 1, 5, 25.78
1746729492, 0, 585, 746, 727, 8, 6.54%, 0, 1, 5, 24.67
1746729502, 0, 585, 747, 728, 8, 6.54%, 0, 1, 5, 25.03
1746729548, 0, 585, 748, 729, 8, 6.54%, 0, 1, 5, 25.80
1746729573, 0, 585, 749, 730, 8, 6.54%, 0, 1, 5, 24.35
1746729614, 0, 585, 750, 731, 8, 6.54%, 0, 1, 5, 24.75
1746729634, 0, 585, 751, 732, 8, 6.54%, 0, 1, 5, 25.25
1746729665, 0, 585, 752, 733, 8, 6.54%, 0, 1, 5, 24.12
1746729686, 0, 585, 753, 734, 8, 6.54%, 0, 1, 5, 22.89
1746729808, 0, 585, 754, 735, 8, 6.54%, 0, 1, 5, 24.04
1746729813, 0, 636, 754, 734, 9, 6.54%, 0, 1, 5, 26.77
1746730686, 0, 644, 754, 733, 8, 6.54%, 0, 1, 5, 28.58
1746733248, 0, 644, 755, 734, 8, 6.54%, 0, 1, 5, 21.29
1746733309, 0, 645, 755, 733, 8, 6.54%, 0, 1, 5, 22.23
1746733432, 0, 645, 756, 734, 8, 6.54%, 0, 1, 5, 14.88
1746733866, 0, 645, 757, 735, 8, 6.54%, 0, 1, 5, 15.48
1746737367, 0, 645, 758, 736, 8, 6.54%, 0, 1, 5, 16.39
1746737372, 0, 645, 760, 738, 8, 6.54%, 0, 1, 5, 17.08
1746737382, 0, 645, 761, 739, 8, 6.55%, 0, 1, 5, 17.43
1746737387, 0, 645, 762, 740, 8, 6.55%, 0, 1, 5, 17.57
1746737397, 0, 645, 763, 741, 8, 6.55%, 0, 1, 5, 17.40
1746737402, 0, 645, 764, 742, 8, 6.55%, 0, 1, 5, 16.91
1746737418, 0, 645, 765, 743, 8, 6.55%, 0, 1, 5, 16.51
1746737433, 0, 645, 766, 744, 8, 6.55%, 0, 1, 5, 16.82
1746737454, 0, 645, 768, 746, 8, 6.55%, 0, 1, 5, 16.80
1746737459, 0, 645, 769, 747, 8, 6.55%, 0, 1, 5, 17.27
1746737474, 0, 645, 770, 748, 8, 6.55%, 0, 1, 5, 18.12
1746737489, 0, 645, 771, 749, 8, 6.55%, 0, 1, 5, 17.81
1746737535, 0, 645, 772, 750, 8, 6.55%, 0, 1, 5, 17.59
1746737541, 0, 645, 773, 751, 8, 6.55%, 0, 1, 5, 17.24
1746737546, 0, 645, 774, 752, 8, 6.55%, 0, 1, 5, 16.99
1746737551, 0, 645, 775, 753, 8, 6.57%, 0, 1, 5, 17.45
1746737592, 0, 645, 776, 754, 8, 6.57%, 0, 1, 5, 17.56
1746737607, 0, 645, 777, 755, 8, 6.57%, 0, 1, 5, 17.61
1746737617, 0, 645, 778, 756, 8, 6.57%, 0, 1, 5, 17.50
1746737622, 0, 645, 779, 757, 8, 6.57%, 0, 1, 5, 16.32
1746737633, 0, 645, 780, 758, 8, 6.57%, 0, 1, 5, 17.17
1746737643, 0, 645, 781, 759, 8, 6.57%, 0, 1, 5, 17.35
1746737648, 0, 645, 783, 761, 8, 6.57%, 0, 1, 5, 16.68
1746737689, 0, 645, 784, 762, 8, 6.57%, 0, 1, 5, 17.78
1746737776, 0, 645, 785, 763, 8, 6.57%, 0, 1, 5, 16.62
1746737796, 0, 645, 786, 764, 8, 6.57%, 0, 1, 5, 16.92
1746737817, 0, 645, 787, 765, 8, 6.57%, 0, 1, 5, 17.51
1746737832, 0, 645, 788, 766, 8, 6.57%, 0, 1, 5, 17.45
1746737893, 0, 645, 789, 767, 8, 6.57%, 0, 1, 5, 17.27
1746737914, 0, 645, 790, 768, 8, 6.57%, 0, 1, 5, 17.54
1746737995, 0, 645, 791, 769, 8, 6.57%, 0, 1, 5, 18.35
1746738000, 0, 645, 792, 770, 8, 6.57%, 0, 1, 5, 18.10
1746738077, 0, 646, 792, 769, 10, 6.57%, 0, 1, 5, 20.51
1746740259, 0, 701, 792, 768, 10, 6.57%, 0, 1, 5, 22.57
1746740683, 0, 701, 793, 769, 10, 6.57%, 0, 1, 5, 18.39
1746743347, 0, 721, 793, 768, 9, 6.57%, 0, 1, 5, 24.66
1746744106, 0, 725, 793, 767, 8, 6.57%, 0, 1, 5, 24.46
1746746080, 0, 725, 794, 768, 8, 6.57%, 0, 1, 6, 23.70
1746746126, 0, 727, 794, 767, 7, 6.57%, 0, 1, 6, 22.54
1746748601, 0, 736, 794, 766, 6, 6.57%, 0, 1, 6, 23.94
1746749795, 0, 736, 795, 767, 6, 6.57%, 0, 1, 6, 15.30
1746752142, 0, 736, 797, 769, 6, 6.57%, 0, 1, 6, 18.45
1746752147, 0, 736, 798, 770, 6, 6.57%, 0, 1, 6, 18.90
1746752167, 0, 736, 799, 771, 6, 6.57%, 0, 1, 6, 18.70
1746752188, 0, 736, 800, 772, 6, 6.57%, 0, 1, 6, 18.42
1746752223, 0, 736, 801, 773, 6, 6.57%, 0, 1, 6, 18.14
1746752249, 0, 736, 803, 775, 6, 6.57%, 0, 1, 6, 17.41
1746752310, 0, 736, 804, 776, 6, 6.57%, 0, 1, 6, 19.26
1746752402, 0, 736, 805, 777, 6, 6.57%, 0, 1, 6, 17.62
1746752464, 0, 736, 806, 778, 6, 6.57%, 0, 1, 6, 18.38
1746752515, 0, 736, 807, 779, 6, 6.57%, 0, 1, 6, 18.25
1746752525, 0, 736, 808, 780, 6, 6.57%, 0, 1, 6, 17.81
1746752571, 0, 736, 809, 781, 6, 6.73%, 0, 1, 6, 13.30
1746752612, 0, 736, 810, 782, 6, 6.73%, 0, 1, 6, 12.16
1746752663, 0, 736, 811, 783, 6, 6.73%, 0, 1, 6, 12.45
1746752719, 0, 736, 812, 784, 6, 6.73%, 0, 1, 6, 12.93
1746752797, 0, 736, 813, 785, 6, 6.73%, 0, 1, 6, 11.88
1746752853, 0, 743, 813, 784, 4, 6.73%, 0, 1, 6, 12.56
1746752889, 0, 743, 814, 785, 4, 6.73%, 0, 1, 6, 10.32
1746753625, 0, 743, 815, 786, 4, 6.73%, 0, 1, 6, 10.53
