# unix_time, cycles_done, cur_path, paths_total, pending_total, pending_favs, map_size, unique_crashes, unique_hangs, max_depth, execs_per_sec
1746785259, 0, 0, 1, 1, 1, 3.78%, 0, 0, 1, 66.12
1746785264, 0, 0, 25, 25, 1, 5.05%, 0, 0, 2, 71.80
1746785269, 0, 0, 44, 44, 1, 5.14%, 0, 0, 2, 72.51
1746785274, 0, 0, 57, 57, 1, 5.15%, 0, 0, 2, 70.92
1746785279, 0, 0, 70, 70, 1, 5.18%, 0, 0, 2, 71.58
1746785284, 0, 0, 81, 81, 1, 5.18%, 0, 0, 2, 74.12
1746785289, 0, 0, 91, 91, 1, 5.18%, 0, 0, 2, 75.00
1746785295, 0, 0, 99, 99, 1, 5.18%, 0, 0, 2, 75.24
1746785300, 0, 0, 106, 106, 1, 5.18%, 0, 0, 2, 74.47
1746785305, 0, 0, 116, 116, 1, 5.18%, 0, 0, 2, 72.08
1746785310, 0, 0, 126, 126, 1, 5.18%, 0, 0, 2, 73.14
1746785315, 0, 0, 132, 132, 1, 5.18%, 0, 0, 2, 76.60
1746785320, 0, 0, 137, 137, 1, 5.20%, 0, 0, 2, 75.24
1746785326, 0, 0, 147, 147, 1, 5.20%, 0, 0, 2, 72.61
1746785331, 0, 0, 153, 153, 1, 5.21%, 0, 0, 2, 75.14
1746785336, 0, 0, 160, 160, 1, 5.21%, 0, 0, 2, 75.16
1746785341, 0, 0, 165, 165, 1, 5.21%, 0, 0, 2, 74.01
1746785346, 0, 0, 170, 170, 1, 5.21%, 0, 0, 2, 69.10
1746785351, 0, 0, 174, 174, 1, 5.21%, 0, 0, 2, 65.84
1746785356, 0, 0, 181, 181, 1, 5.21%, 0, 0, 2, 65.22
1746785362, 0, 0, 183, 183, 1, 5.21%, 0, 0, 2, 68.44
1746785367, 0, 0, 193, 193, 1, 5.22%, 0, 0, 2, 63.29
1746785372, 0, 0, 196, 196, 1, 5.22%, 0, 0, 2, 64.55
1746785377, 0, 0, 199, 199, 1, 5.22%, 0, 0, 2, 66.79
1746785382, 0, 0, 203, 203, 1, 5.22%, 0, 0, 2, 65.65
1746785387, 0, 0, 204, 204, 1, 5.22%, 0, 0, 2, 67.69
1746785392, 0, 0, 206, 206, 1, 5.22%, 0, 0, 2, 68.38
1746785397, 0, 0, 210, 210, 1, 5.22%, 0, 0, 2, 66.98
1746785403, 0, 0, 212, 212, 1, 5.22%, 0, 0, 2, 67.52
1746785408, 0, 0, 214, 214, 1, 5.22%, 0, 0, 2, 68.43
1746785413, 0, 0, 216, 216, 1, 5.22%, 0, 0, 2, 67.52
1746785418, 0, 0, 218, 218, 1, 5.22%, 0, 0, 2, 66.54
1746785423, 0, 0, 219, 219, 1, 5.22%, 0, 0, 2, 68.76
1746785428, 0, 0, 225, 225, 1, 5.22%, 0, 0, 2, 64.70
1746785433, 0, 0, 228, 228, 1, 5.22%, 0, 0, 2, 65.69
1746785439, 0, 0, 229, 229, 1, 5.23%, 0, 0, 2, 68.14
1746785444, 0, 0, 232, 232, 1, 5.23%, 0, 0, 2, 66.23
1746785454, 0, 0, 235, 235, 1, 5.23%, 0, 0, 2, 67.19
1746785459, 0, 0, 236, 236, 1, 5.23%, 0, 0, 2, 67.75
1746785464, 0, 0, 237, 237, 1, 5.23%, 0, 0, 2, 68.99
1746785469, 0, 0, 238, 238, 1, 5.23%, 0, 0, 2, 68.93
1746785475, 0, 0, 240, 240, 1, 5.23%, 0, 0, 2, 66.51
1746785480, 0, 0, 241, 241, 1, 5.23%, 0, 0, 2, 66.67
1746785490, 0, 0, 242, 242, 1, 5.23%, 0, 0, 2, 68.82
1746785495, 0, 0, 244, 244, 1, 5.23%, 0, 0, 2, 66.42
1746785500, 0, 0, 246, 246, 1, 5.23%, 0, 0, 2, 67.14
1746785511, 0, 0, 247, 247, 1, 5.23%, 0, 0, 2, 68.50
1746785521, 0, 0, 248, 248, 1, 5.23%, 0, 0, 2, 68.27
1746785526, 0, 2, 249, 248, 15, 5.23%, 0, 0, 2, 69.04
1746785531, 0, 2, 250, 249, 15, 5.23%, 0, 0, 3, 68.34
1746785537, 0, 2, 252, 251, 15, 5.23%, 0, 0, 3, 67.65
1746785542, 0, 2, 254, 253, 15, 5.23%, 0, 0, 3, 65.09
1746785557, 0, 2, 256, 255, 15, 5.23%, 0, 0, 3, 68.00
1746785562, 0, 2, 257, 256, 15, 5.23%, 0, 0, 3, 68.51
1746785568, 0, 2, 258, 257, 15, 5.23%, 0, 0, 3, 68.00
1746785573, 0, 2, 259, 258, 15, 5.23%, 0, 0, 3, 67.65
1746785578, 0, 2, 260, 259, 15, 5.23%, 0, 0, 3, 68.29
1746785583, 0, 2, 261, 260, 15, 5.23%, 0, 0, 3, 67.92
1746785588, 0, 2, 262, 261, 15, 5.23%, 0, 0, 3, 68.41
1746785593, 0, 2, 263, 262, 15, 5.23%, 0, 0, 3, 67.53
1746785599, 0, 2, 265, 264, 15, 5.23%, 0, 0, 3, 66.21
1746785609, 0, 2, 266, 265, 15, 5.23%, 0, 0, 3, 68.75
1746785614, 0, 2, 268, 267, 15, 5.23%, 0, 0, 3, 68.08
1746785619, 0, 2, 269, 268, 15, 5.23%, 0, 0, 3, 67.51
1746785624, 0, 2, 271, 270, 15, 5.23%, 0, 0, 3, 67.48
1746785630, 0, 2, 272, 271, 15, 5.23%, 0, 0, 3, 67.58
1746785640, 0, 2, 274, 273, 15, 5.23%, 0, 0, 3, 66.76
1746785650, 0, 2, 275, 274, 15, 5.23%, 0, 0, 3, 68.63
1746785655, 0, 2, 276, 275, 15, 5.23%, 0, 0, 3, 68.95
1746785661, 0, 2, 278, 277, 15, 5.23%, 0, 0, 3, 67.06
1746785666, 0, 2, 280, 279, 15, 5.23%, 0, 0, 3, 66.82
1746785671, 0, 2, 281, 280, 15, 5.23%, 0, 0, 3, 67.55
1746785676, 0, 2, 282, 281, 15, 5.25%, 0, 0, 3, 68.34
1746785681, 0, 2, 283, 282, 15, 5.25%, 0, 0, 3, 68.81
1746785697, 0, 2, 284, 283, 15, 5.26%, 0, 0, 3, 66.31
1746785702, 0, 2, 285, 284, 15, 5.26%, 0, 0, 3, 66.18
1746785717, 0, 2, 286, 285, 15, 5.26%, 0, 0, 3, 67.77
1746785722, 0, 2, 287, 286, 15, 5.26%, 0, 0, 3, 68.25
1746785743, 0, 2, 288, 287, 15, 5.26%, 0, 0, 3, 68.19
1746785748, 0, 2, 289, 288, 15, 5.26%, 0, 0, 3, 66.99
1746785753, 0, 2, 290, 289, 15, 5.26%, 0, 0, 3, 67.54
1746785758, 0, 2, 291, 290, 15, 5.26%, 0, 0, 3, 68.25
1746785774, 0, 22, 292, 290, 14, 5.26%, 0, 0, 3, 63.84
1746785850, 0, 22, 293, 291, 14, 5.26%, 0, 0, 3, 59.74
1746785856, 0, 22, 294, 292, 14, 5.26%, 0, 0, 3, 59.72
1746785861, 0, 22, 296, 294, 14, 5.81%, 0, 0, 3, 58.74
1746785866, 0, 22, 299, 297, 14, 5.81%, 0, 0, 3, 59.46
1746785871, 0, 22, 300, 298, 14, 5.81%, 0, 0, 3, 60.55
1746785876, 0, 22, 302, 300, 14, 5.81%, 0, 0, 3, 60.67
1746785881, 0, 22, 303, 301, 14, 5.81%, 0, 0, 3, 60.59
1746785886, 0, 22, 304, 302, 14, 5.81%, 0, 0, 3, 60.53
1746785891, 0, 22, 307, 305, 14, 5.81%, 0, 0, 3, 58.41
1746785897, 0, 22, 309, 307, 14, 5.81%, 0, 0, 3, 60.21
1746785902, 0, 22, 310, 308, 14, 5.81%, 0, 0, 3, 60.49
1746785907, 0, 22, 311, 309, 14, 5.81%, 0, 0, 3, 60.49
1746785912, 0, 22, 314, 312, 14, 5.81%, 0, 0, 3, 59.48
1746785917, 0, 22, 315, 313, 14, 5.82%, 0, 0, 3, 60.64
1746785922, 0, 22, 317, 315, 14, 5.82%, 0, 0, 3, 61.56
1746785927, 0, 22, 318, 316, 14, 5.82%, 0, 0, 3, 60.90
1746785932, 0, 22, 320, 318, 14, 5.82%, 0, 0, 3, 59.13
1746785943, 0, 22, 321, 319, 14, 5.82%, 0, 0, 3, 60.01
1746785948, 0, 22, 322, 320, 14, 5.82%, 0, 0, 3, 60.57
1746785953, 0, 22, 324, 322, 14, 5.82%, 0, 0, 3, 59.48
1746785963, 0, 22, 325, 323, 14, 5.82%, 0, 0, 3, 61.30
1746785973, 0, 22, 327, 325, 14, 5.82%, 0, 0, 3, 60.05
1746785979, 0, 22, 328, 326, 14, 5.82%, 0, 0, 3, 59.47
1746785994, 0, 22, 329, 327, 14, 5.82%, 0, 0, 3, 60.36
1746785999, 0, 22, 330, 328, 14, 5.82%, 0, 0, 3, 60.14
1746786010, 0, 22, 332, 330, 14, 5.82%, 0, 0, 3, 59.77
1746786020, 0, 22, 333, 331, 14, 5.82%, 0, 0, 3, 61.41
1746786025, 0, 22, 335, 333, 14, 5.82%, 0, 0, 3, 60.94
1746786035, 0, 22, 336, 334, 14, 5.82%, 0, 0, 3, 59.49
1746786051, 0, 22, 337, 335, 14, 5.82%, 0, 0, 3, 60.95
1746786061, 0, 22, 338, 336, 14, 5.82%, 0, 0, 3, 61.29
1746786066, 0, 22, 340, 338, 14, 5.82%, 0, 0, 3, 59.52
1746786071, 0, 22, 342, 340, 14, 5.82%, 0, 0, 3, 59.72
1746786076, 0, 22, 344, 342, 14, 5.82%, 0, 0, 3, 60.14
1746786092, 0, 22, 345, 343, 14, 5.82%, 0, 0, 3, 61.40
1746786102, 0, 22, 346, 344, 14, 5.82%, 0, 0, 3, 60.67
1746786107, 0, 22, 347, 345, 14, 5.82%, 0, 0, 3, 60.58
1746786118, 0, 22, 348, 346, 14, 5.82%, 0, 0, 3, 61.61
1746786123, 0, 51, 348, 345, 9, 5.82%, 0, 0, 3, 56.31
1746786343, 0, 51, 350, 347, 9, 5.82%, 0, 0, 3, 50.93
1746786348, 0, 51, 351, 348, 9, 5.82%, 0, 0, 3, 52.23
1746786358, 0, 51, 352, 349, 9, 5.82%, 0, 0, 3, 52.95
1746786368, 0, 51, 356, 353, 9, 5.82%, 0, 0, 3, 51.55
1746786373, 0, 51, 357, 354, 9, 5.82%, 0, 0, 3, 52.85
1746786378, 0, 51, 359, 356, 9, 5.82%, 0, 0, 3, 52.46
1746786383, 0, 51, 361, 358, 9, 5.82%, 0, 0, 3, 51.04
1746786389, 0, 51, 362, 359, 9, 5.82%, 0, 0, 3, 53.02
1746786394, 0, 51, 364, 361, 9, 5.82%, 0, 0, 3, 52.45
1746786399, 0, 51, 366, 363, 9, 5.82%, 0, 0, 3, 52.21
1746786404, 0, 51, 367, 364, 9, 5.82%, 0, 0, 3, 52.46
1746786409, 0, 51, 368, 365, 9, 5.82%, 0, 0, 3, 53.24
1746786414, 0, 51, 370, 367, 9, 5.82%, 0, 0, 3, 52.16
1746786424, 0, 51, 371, 368, 9, 5.82%, 0, 0, 3, 52.56
1746786429, 0, 51, 372, 369, 9, 5.82%, 0, 0, 3, 53.52
1746786434, 0, 51, 373, 370, 9, 5.82%, 0, 0, 3, 51.62
1746786439, 0, 51, 374, 371, 9, 5.82%, 0, 0, 3, 51.42
1746786444, 0, 51, 375, 372, 9, 5.82%, 0, 0, 3, 53.22
1746786454, 0, 51, 376, 373, 9, 5.82%, 0, 0, 3, 53.68
1746786459, 0, 51, 377, 374, 9, 5.82%, 0, 0, 3, 52.10
1746786465, 0, 51, 378, 375, 9, 5.82%, 0, 0, 3, 52.48
1746786470, 0, 51, 380, 377, 9, 5.82%, 0, 0, 3, 50.99
1746786475, 0, 51, 381, 378, 9, 5.82%, 0, 0, 3, 52.39
1746786495, 0, 51, 383, 380, 9, 5.82%, 0, 0, 3, 53.07
1746786510, 0, 51, 384, 381, 9, 5.82%, 0, 0, 3, 53.78
1746786515, 0, 51, 385, 382, 9, 5.82%, 0, 0, 3, 53.86
1746786520, 0, 51, 386, 383, 9, 5.84%, 0, 0, 3, 54.49
1746786540, 0, 51, 387, 384, 9, 5.84%, 0, 0, 3, 53.43
1746786545, 0, 51, 388, 385, 9, 5.86%, 0, 0, 3, 53.48
1746786555, 0, 51, 389, 386, 9, 5.86%, 0, 0, 3, 52.50
1746786560, 0, 51, 390, 387, 9, 5.86%, 0, 0, 3, 54.32
1746786571, 0, 51, 391, 388, 9, 5.86%, 0, 0, 3, 52.10
1746786576, 0, 51, 392, 389, 9, 5.86%, 0, 0, 3, 52.76
1746786591, 0, 51, 393, 390, 9, 5.86%, 0, 0, 3, 53.42
1746786601, 0, 51, 394, 391, 9, 5.86%, 0, 0, 3, 54.50
1746786606, 0, 51, 396, 393, 9, 5.86%, 0, 0, 3, 51.34
1746786611, 0, 51, 397, 394, 9, 5.86%, 0, 0, 3, 52.64
1746786631, 0, 51, 399, 396, 9, 5.86%, 0, 0, 3, 53.19
1746786641, 0, 51, 400, 397, 9, 5.91%, 0, 0, 3, 51.96
1746786657, 0, 56, 400, 396, 10, 5.91%, 0, 0, 3, 43.65
1746787368, 0, 56, 404, 400, 10, 5.91%, 0, 0, 3, 36.78
1746787373, 0, 56, 410, 406, 10, 5.91%, 0, 0, 3, 39.40
1746787378, 0, 56, 414, 410, 10, 5.91%, 0, 0, 3, 38.78
1746787383, 0, 56, 416, 412, 10, 5.91%, 0, 0, 3, 39.91
1746787388, 0, 56, 418, 414, 10, 5.91%, 0, 0, 3, 40.35
1746787393, 0, 56, 421, 417, 10, 5.91%, 0, 0, 3, 41.39
1746787398, 0, 56, 424, 420, 10, 5.91%, 0, 0, 3, 38.17
1746787404, 0, 56, 425, 421, 10, 5.91%, 0, 0, 3, 40.97
1746787409, 0, 56, 432, 428, 10, 5.91%, 0, 0, 3, 36.23
1746787414, 0, 56, 433, 429, 10, 5.91%, 0, 0, 3, 38.57
1746787419, 0, 56, 434, 430, 10, 5.91%, 0, 0, 3, 39.97
1746787424, 0, 56, 437, 433, 10, 5.91%, 0, 0, 3, 38.73
1746787429, 0, 56, 441, 437, 10, 5.91%, 0, 0, 3, 39.74
1746787434, 0, 56, 443, 439, 10, 5.91%, 0, 0, 3, 39.22
1746787439, 0, 56, 445, 441, 10, 5.91%, 0, 0, 3, 38.41
1746787449, 0, 56, 447, 443, 10, 5.91%, 0, 0, 3, 40.59
1746787455, 0, 56, 448, 444, 10, 5.91%, 0, 0, 3, 40.31
1746787460, 0, 56, 450, 446, 10, 5.91%, 0, 0, 3, 39.33
1746787465, 0, 56, 452, 448, 10, 5.91%, 0, 0, 3, 39.04
1746787470, 0, 56, 454, 450, 10, 5.99%, 0, 0, 3, 40.30
1746787480, 0, 56, 455, 451, 10, 5.99%, 0, 0, 3, 40.84
1746787485, 0, 56, 456, 452, 10, 5.99%, 0, 0, 3, 41.21
1746787490, 0, 56, 457, 453, 10, 5.99%, 0, 0, 3, 39.36
1746787495, 0, 56, 458, 454, 10, 5.99%, 0, 0, 3, 41.53
1746787506, 0, 56, 460, 456, 10, 5.99%, 0, 0, 3, 39.65
1746787516, 0, 56, 461, 457, 10, 6.25%, 0, 0, 3, 40.26
1746787531, 0, 56, 462, 458, 10, 6.25%, 0, 0, 3, 40.57
1746787536, 0, 56, 463, 459, 10, 6.25%, 0, 0, 3, 40.34
1746787546, 0, 56, 464, 460, 10, 6.25%, 0, 0, 3, 40.20
1746787551, 0, 56, 465, 461, 10, 6.25%, 0, 0, 3, 39.39
1746787562, 0, 56, 466, 462, 10, 6.25%, 0, 0, 3, 38.86
1746787567, 0, 56, 467, 463, 10, 6.25%, 0, 0, 3, 40.06
1746787572, 0, 56, 468, 464, 10, 6.25%, 0, 0, 3, 41.04
1746787582, 0, 56, 470, 466, 10, 6.25%, 0, 0, 3, 40.04
1746787587, 0, 56, 471, 467, 10, 6.25%, 0, 0, 3, 40.72
1746787592, 0, 56, 473, 469, 10, 6.25%, 0, 0, 3, 39.99
1746787597, 0, 56, 474, 470, 10, 6.25%, 0, 0, 3, 40.20
1746787602, 0, 56, 476, 472, 10, 6.25%, 0, 0, 3, 38.86
1746787607, 0, 56, 478, 474, 10, 6.25%, 0, 0, 3, 39.72
1746787612, 0, 56, 479, 475, 10, 6.25%, 0, 0, 3, 40.81
1746787617, 0, 56, 481, 477, 10, 6.25%, 0, 0, 3, 39.77
1746787623, 0, 56, 482, 478, 10, 6.25%, 0, 0, 3, 39.63
1746787628, 0, 56, 485, 481, 10, 6.25%, 0, 0, 3, 38.47
1746787638, 0, 56, 487, 483, 10, 6.25%, 0, 0, 3, 39.32
1746787643, 0, 56, 488, 484, 10, 6.25%, 0, 0, 3, 40.15
1746787648, 0, 56, 489, 485, 10, 6.25%, 0, 0, 3, 40.49
1746787658, 0, 56, 490, 486, 10, 6.25%, 0, 0, 3, 40.48
1746787673, 0, 56, 491, 487, 10, 6.25%, 0, 0, 3, 40.18
1746787679, 0, 56, 492, 488, 10, 6.25%, 0, 0, 3, 40.08
1746787704, 0, 56, 494, 490, 10, 6.25%, 0, 0, 3, 39.71
1746787714, 0, 56, 496, 492, 10, 6.26%, 0, 0, 3, 38.87
1746787720, 0, 56, 497, 493, 10, 6.26%, 0, 0, 3, 39.45
1746787725, 0, 56, 498, 494, 10, 6.26%, 0, 0, 3, 40.91
1746787730, 0, 56, 500, 496, 10, 6.26%, 0, 0, 3, 39.84
1746787740, 0, 56, 503, 499, 10, 6.26%, 0, 0, 3, 38.39
1746787776, 0, 56, 504, 500, 10, 6.26%, 0, 0, 3, 40.24
1746787781, 0, 56, 506, 502, 10, 6.26%, 0, 0, 3, 40.25
1746787796, 0, 73, 507, 502, 10, 6.26%, 0, 0, 3, 44.71
1746787888, 0, 150, 507, 501, 9, 6.26%, 0, 0, 3, 57.23
1746788017, 0, 154, 507, 500, 9, 6.26%, 0, 0, 3, 48.52
1746788068, 0, 154, 508, 501, 9, 6.26%, 0, 0, 3, 42.47
1746788327, 0, 154, 510, 503, 9, 6.26%, 0, 0, 3, 47.07
1746788342, 0, 154, 511, 504, 9, 6.26%, 0, 0, 3, 47.02
1746788347, 0, 154, 512, 505, 9, 6.26%, 0, 0, 3, 49.78
1746788367, 0, 154, 513, 506, 9, 6.26%, 0, 0, 3, 48.79
1746788377, 0, 154, 515, 508, 9, 6.26%, 0, 0, 3, 47.37
1746788408, 0, 154, 516, 509, 9, 6.26%, 0, 0, 3, 48.59
1746788484, 0, 154, 518, 511, 9, 6.26%, 0, 0, 3, 45.21
1746788494, 0, 154, 519, 512, 9, 6.26%, 0, 0, 3, 47.80
1746788534, 0, 154, 520, 513, 9, 6.26%, 0, 0, 3, 48.91
1746788560, 0, 154, 521, 514, 9, 6.26%, 0, 0, 3, 47.29
1746788565, 0, 154, 522, 515, 9, 6.26%, 0, 0, 3, 48.28
1746788606, 0, 154, 523, 516, 9, 6.27%, 0, 0, 3, 46.61
1746788611, 0, 154, 524, 517, 9, 6.27%, 0, 0, 3, 48.89
1746788661, 0, 294, 524, 516, 9, 6.27%, 0, 0, 3, 35.15
1746788671, 0, 294, 526, 518, 9, 6.27%, 0, 0, 4, 26.88
1746788676, 0, 294, 527, 519, 9, 6.29%, 0, 0, 4, 26.50
1746788681, 0, 294, 530, 522, 9, 6.29%, 0, 0, 4, 26.37
1746788686, 0, 294, 531, 523, 9, 6.29%, 0, 0, 4, 26.28
1746788691, 0, 294, 533, 525, 9, 6.29%, 0, 0, 4, 26.22
1746788803, 0, 294, 535, 527, 9, 6.29%, 0, 0, 4, 26.26
1746788853, 0, 294, 538, 530, 9, 6.30%, 0, 0, 4, 26.31
1746788863, 0, 294, 541, 533, 9, 6.30%, 0, 0, 4, 26.23
1746789221, 0, 294, 542, 534, 9, 6.30%, 0, 0, 4, 26.26
1746789297, 0, 294, 543, 535, 9, 6.30%, 0, 0, 4, 26.40
1746789464, 0, 294, 546, 538, 9, 6.30%, 0, 0, 4, 26.22
1746789489, 0, 294, 547, 539, 9, 6.30%, 0, 0, 4, 26.15
1746789590, 0, 294, 548, 540, 9, 6.30%, 0, 0, 4, 26.17
1746789670, 0, 294, 549, 541, 9, 6.30%, 0, 0, 4, 26.06
1746789715, 0, 294, 550, 542, 9, 6.30%, 0, 0, 4, 26.32
1746789877, 0, 294, 551, 543, 9, 6.30%, 0, 0, 4, 26.11
1746789943, 0, 294, 552, 544, 9, 6.30%, 0, 0, 4, 26.26
1746789948, 0, 294, 561, 553, 9, 6.30%, 0, 0, 4, 26.77
1746789953, 0, 294, 570, 562, 9, 6.32%, 0, 0, 4, 26.91
1746789958, 0, 294, 577, 569, 9, 6.32%, 0, 0, 4, 28.19
1746789963, 0, 294, 585, 577, 9, 6.33%, 0, 0, 4, 27.29
1746789968, 0, 294, 592, 584, 9, 6.33%, 0, 0, 4, 27.93
1746789973, 0, 294, 598, 590, 9, 6.34%, 0, 0, 4, 27.08
1746789978, 0, 294, 602, 594, 9, 6.34%, 0, 0, 4, 28.08
1746789983, 0, 294, 606, 598, 9, 6.35%, 0, 0, 4, 29.01
1746789988, 0, 294, 611, 603, 9, 6.35%, 0, 0, 4, 28.34
1746789993, 0, 294, 615, 607, 9, 6.35%, 0, 0, 4, 28.87
1746789999, 0, 294, 620, 612, 9, 6.36%, 0, 0, 4, 27.86
1746790004, 0, 294, 625, 617, 9, 6.36%, 0, 0, 4, 27.51
1746790014, 0, 294, 631, 623, 9, 6.36%, 0, 0, 4, 26.49
1746790019, 0, 294, 633, 625, 9, 6.36%, 0, 0, 4, 27.87
1746790024, 0, 294, 636, 628, 9, 6.36%, 0, 0, 4, 28.67
1746790029, 0, 294, 639, 631, 9, 6.36%, 0, 0, 4, 28.96
1746790034, 0, 294, 642, 634, 9, 6.36%, 0, 0, 4, 28.55
1746790040, 0, 294, 645, 637, 9, 6.37%, 0, 0, 4, 29.08
1746790045, 0, 294, 647, 639, 9, 6.37%, 0, 0, 4, 27.95
1746790050, 0, 294, 648, 640, 9, 6.37%, 0, 0, 4, 28.94
1746790055, 0, 294, 650, 642, 9, 6.37%, 0, 0, 4, 28.90
1746790060, 0, 294, 652, 644, 9, 6.37%, 0, 0, 4, 30.15
1746790065, 0, 294, 656, 648, 9, 6.37%, 0, 0, 4, 28.54
1746790070, 0, 294, 658, 650, 9, 6.37%, 0, 0, 4, 28.76
1746790080, 0, 294, 659, 651, 9, 6.37%, 0, 0, 4, 30.20
1746790086, 0, 294, 660, 652, 9, 6.37%, 0, 0, 4, 29.22
1746790096, 0, 294, 661, 653, 9, 6.37%, 0, 0, 4, 29.98
1746790101, 0, 294, 663, 655, 9, 6.37%, 0, 0, 4, 28.94
1746790106, 0, 294, 667, 659, 9, 6.37%, 0, 0, 4, 28.02
1746790111, 0, 294, 668, 660, 9, 6.37%, 0, 0, 4, 29.49
1746790117, 0, 294, 670, 662, 9, 6.37%, 0, 0, 4, 28.72
1746790127, 0, 294, 672, 664, 9, 6.37%, 0, 0, 4, 29.51
1746790132, 0, 294, 673, 665, 9, 6.37%, 0, 0, 4, 29.32
1746790142, 0, 294, 674, 666, 9, 6.37%, 0, 0, 4, 29.54
1746790168, 0, 294, 675, 667, 9, 6.37%, 0, 0, 4, 28.83
1746790173, 0, 294, 676, 668, 9, 6.37%, 0, 0, 4, 30.28
1746790188, 0, 294, 677, 669, 9, 6.37%, 0, 0, 4, 29.03
1746790204, 0, 294, 679, 671, 9, 6.37%, 0, 0, 4, 29.78
1746790209, 0, 294, 681, 673, 9, 6.37%, 0, 0, 4, 28.63
1746790214, 0, 294, 682, 674, 9, 6.37%, 0, 0, 4, 29.19
1746790224, 0, 294, 684, 676, 9, 6.37%, 0, 0, 4, 29.79
1746790229, 0, 294, 685, 677, 9, 6.37%, 0, 0, 4, 27.96
1746790234, 0, 294, 687, 679, 9, 6.37%, 0, 0, 4, 28.41
1746790239, 0, 294, 689, 681, 9, 6.37%, 0, 0, 4, 28.56
1746790249, 0, 294, 690, 682, 9, 6.37%, 0, 0, 4, 29.97
1746790255, 0, 294, 691, 683, 9, 6.37%, 0, 0, 4, 30.25
1746790265, 0, 294, 692, 684, 9, 6.37%, 0, 0, 4, 29.25
1746790275, 0, 294, 693, 685, 9, 6.37%, 0, 0, 4, 29.43
1746790280, 0, 294, 694, 686, 9, 6.37%, 0, 0, 4, 28.80
1746790290, 0, 294, 695, 687, 9, 6.37%, 0, 0, 4, 30.32
1746790306, 0, 294, 696, 688, 9, 6.37%, 0, 0, 4, 29.76
1746790321, 0, 294, 697, 689, 9, 6.37%, 0, 0, 4, 29.40
1746790337, 0, 294, 699, 691, 9, 6.37%, 0, 0, 4, 27.84
1746790347, 0, 294, 700, 692, 9, 6.37%, 0, 0, 4, 29.62
1746790362, 0, 294, 701, 693, 9, 6.37%, 0, 0, 4, 29.34
1746790382, 0, 294, 702, 694, 9, 6.37%, 0, 0, 4, 29.96
1746790403, 0, 294, 703, 695, 9, 6.37%, 0, 0, 4, 30.46
1746790408, 0, 367, 703, 694, 14, 6.37%, 0, 0, 4, 36.60
1746790867, 0, 401, 703, 693, 14, 6.37%, 0, 0, 4, 39.91
1746791472, 0, 401, 704, 694, 14, 6.37%, 0, 0, 4, 41.39
1746791492, 0, 404, 704, 693, 14, 6.37%, 0, 0, 4, 39.14
1746792844, 0, 404, 705, 694, 14, 6.37%, 0, 0, 4, 31.70
1746792850, 0, 404, 706, 695, 14, 6.37%, 0, 0, 4, 31.81
1746792855, 0, 404, 707, 696, 14, 6.37%, 0, 0, 4, 30.81
1746792875, 0, 404, 708, 697, 14, 6.37%, 0, 0, 4, 32.98
1746792880, 0, 404, 709, 698, 14, 6.37%, 0, 0, 4, 31.62
1746792891, 0, 404, 710, 699, 14, 6.37%, 0, 0, 4, 32.36
1746792968, 0, 404, 711, 700, 14, 6.37%, 0, 0, 4, 31.52
1746793004, 0, 404, 713, 702, 14, 6.37%, 0, 0, 4, 30.85
1746793045, 0, 404, 714, 703, 14, 6.37%, 0, 0, 4, 31.80
1746793065, 0, 404, 715, 704, 14, 6.37%, 0, 0, 4, 32.07
1746793086, 0, 404, 716, 705, 14, 6.37%, 0, 0, 4, 30.81
1746793168, 0, 404, 717, 706, 14, 6.37%, 0, 0, 4, 32.33
1746793178, 0, 404, 718, 707, 14, 6.37%, 0, 0, 4, 30.93
1746793219, 0, 404, 719, 708, 14, 6.37%, 0, 0, 4, 31.88
1746793281, 0, 404, 720, 709, 14, 6.37%, 0, 0, 4, 33.69
1746793307, 0, 404, 721, 710, 14, 6.37%, 0, 0, 4, 32.26
1746793348, 0, 414, 721, 709, 14, 6.37%, 0, 0, 4, 31.92
1746794325, 0, 495, 721, 708, 14, 6.37%, 0, 0, 4, 34.03
1746794340, 0, 495, 722, 709, 14, 6.37%, 0, 0, 4, 25.88
1746795572, 0, 495, 723, 710, 14, 6.37%, 0, 0, 4, 25.80
1746795715, 0, 495, 725, 712, 14, 6.37%, 0, 0, 4, 27.45
1746795720, 0, 495, 726, 713, 14, 6.37%, 0, 0, 4, 29.32
1746795725, 0, 495, 729, 716, 14, 6.37%, 0, 0, 4, 28.21
1746795735, 0, 495, 730, 717, 14, 6.37%, 0, 0, 4, 30.98
1746795745, 0, 495, 732, 719, 14, 6.37%, 0, 0, 4, 29.47
1746795750, 0, 495, 734, 721, 14, 6.37%, 0, 0, 4, 29.26
1746795755, 0, 495, 735, 722, 14, 6.37%, 0, 0, 4, 29.81
1746795766, 0, 495, 737, 724, 14, 6.37%, 0, 0, 4, 29.43
1746795781, 0, 495, 738, 725, 14, 6.37%, 0, 0, 4, 29.89
1746795791, 0, 495, 739, 726, 14, 6.37%, 0, 0, 4, 28.72
1746795812, 0, 495, 740, 727, 14, 6.37%, 0, 0, 4, 29.71
1746795822, 0, 495, 741, 728, 14, 6.37%, 0, 0, 4, 28.69
1746795827, 0, 495, 742, 729, 14, 6.37%, 0, 0, 4, 29.72
1746795832, 0, 495, 743, 730, 14, 6.37%, 0, 0, 4, 30.37
1746795837, 0, 495, 744, 731, 14, 6.37%, 0, 0, 4, 29.55
1746795847, 0, 495, 745, 732, 14, 6.37%, 0, 0, 4, 30.55
1746795909, 0, 495, 746, 733, 14, 6.37%, 0, 0, 4, 29.42
1746795929, 0, 495, 748, 735, 14, 6.37%, 0, 0, 4, 31.00
1746795945, 0, 495, 749, 736, 14, 6.37%, 0, 0, 4, 30.24
1746795965, 0, 495, 750, 737, 14, 6.37%, 0, 0, 4, 29.70
1746795970, 0, 495, 751, 738, 14, 6.37%, 0, 0, 4, 29.04
1746795980, 0, 495, 752, 739, 14, 6.37%, 0, 0, 4, 29.15
1746795991, 0, 495, 753, 740, 14, 6.37%, 0, 0, 4, 29.80
1746796062, 0, 495, 754, 741, 14, 6.37%, 0, 0, 4, 30.06
1746796068, 0, 495, 755, 742, 14, 6.37%, 0, 0, 4, 30.61
1746796088, 0, 495, 756, 743, 14, 6.37%, 0, 0, 4, 29.87
1746796205, 0, 495, 757, 744, 14, 6.37%, 0, 0, 4, 30.18
1746796236, 0, 495, 758, 745, 14, 6.37%, 0, 0, 4, 29.97
1746796241, 0, 495, 759, 746, 14, 6.37%, 0, 0, 4, 30.00
1746796262, 0, 507, 759, 745, 13, 6.37%, 0, 0, 4, 31.05
1746796574, 0, 536, 759, 744, 12, 6.37%, 0, 0, 4, 41.23
1746796750, 0, 536, 760, 745, 12, 6.37%, 0, 0, 5, 26.74
1746797840, 0, 536, 761, 746, 12, 6.37%, 0, 0, 5, 29.91
1746797896, 0, 543, 761, 745, 12, 6.37%, 0, 0, 5, 29.63
1746799165, 0, 543, 762, 746, 12, 6.37%, 0, 0, 5, 28.87
1746799186, 0, 543, 763, 747, 12, 6.37%, 0, 0, 5, 29.02
1746799299, 0, 550, 763, 746, 11, 6.37%, 0, 0, 5, 28.02
1746800610, 0, 600, 763, 745, 10, 6.37%, 0, 0, 5, 29.86
1746801914, 0, 613, 763, 744, 9, 6.37%, 0, 0, 5, 29.57
1746802704, 0, 631, 763, 743, 8, 6.37%, 0, 0, 5, 30.58
1746802750, 0, 631, 764, 744, 8, 6.37%, 0, 0, 5, 20.23
1746805672, 0, 631, 765, 745, 8, 6.37%, 0, 0, 5, 15.00
1746805677, 0, 631, 766, 746, 8, 6.37%, 0, 0, 5, 14.87
1746805687, 0, 631, 767, 747, 8, 6.37%, 0, 0, 5, 14.76
1746805707, 0, 631, 768, 748, 8, 6.37%, 0, 0, 5, 15.76
1746805712, 0, 631, 769, 749, 8, 6.37%, 0, 0, 5, 15.05
1746805769, 0, 631, 771, 751, 8, 6.37%, 0, 0, 5, 14.04
1746805784, 0, 631, 772, 752, 8, 6.37%, 0, 0, 5, 14.89
1746805794, 0, 631, 773, 753, 8, 6.37%, 0, 0, 5, 15.11
1746805815, 0, 631, 774, 754, 8, 6.37%, 0, 0, 5, 14.53
1746805820, 0, 631, 775, 755, 8, 6.37%, 0, 0, 5, 14.42
1746805830, 0, 631, 776, 756, 8, 6.37%, 0, 0, 5, 14.93
1746805840, 0, 631, 777, 757, 8, 6.37%, 0, 0, 5, 14.84
1746805891, 0, 631, 778, 758, 8, 6.37%, 0, 0, 5, 15.54
1746805922, 0, 631, 779, 759, 8, 6.37%, 0, 0, 5, 14.68
1746805968, 0, 631, 780, 760, 8, 6.37%, 0, 0, 5, 14.41
1746806050, 0, 631, 781, 761, 8, 6.37%, 0, 0, 5, 15.45
1746806086, 0, 631, 782, 762, 8, 6.37%, 0, 0, 5, 15.04
1746806091, 0, 631, 783, 763, 8, 6.37%, 0, 0, 5, 14.59
1746806096, 0, 631, 784, 764, 8, 6.37%, 0, 0, 5, 14.46
1746806111, 0, 631, 785, 765, 8, 6.37%, 0, 0, 5, 14.73
1746806163, 0, 631, 786, 766, 8, 6.37%, 0, 0, 5, 14.65
1746806193, 0, 631, 787, 767, 8, 6.37%, 0, 0, 5, 15.03
1746806203, 0, 631, 788, 768, 8, 6.37%, 0, 0, 5, 15.33
1746806316, 0, 631, 789, 769, 8, 6.37%, 0, 0, 5, 15.38
1746806459, 0, 631, 790, 770, 8, 6.37%, 0, 0, 5, 14.27
1746806469, 0, 644, 790, 769, 7, 6.37%, 0, 0, 5, 17.56
1746807595, 0, 665, 790, 768, 6, 6.37%, 0, 0, 5, 32.43
1746808586, 0, 682, 790, 767, 6, 6.37%, 0, 0, 5, 29.31
1746809862, 0, 695, 790, 766, 5, 6.37%, 0, 0, 5, 25.82
1746811245, 0, 695, 791, 767, 5, 6.37%, 0, 0, 5, 26.81
1746811291, 0, 710, 791, 766, 4, 6.37%, 0, 0, 5, 28.01
1746813736, 0, 710, 792, 767, 4, 6.37%, 0, 0, 5, 25.42
1746813767, 0, 723, 792, 766, 4, 6.37%, 0, 0, 5, 25.55
1746814916, 0, 730, 792, 765, 3, 6.37%, 0, 0, 5, 19.12
1746814999, 0, 730, 793, 766, 3, 6.37%, 0, 0, 5, 16.06
1746817192, 0, 730, 794, 767, 3, 6.37%, 0, 0, 5, 18.69
1746817207, 0, 730, 795, 768, 3, 6.37%, 0, 0, 5, 19.84
1746817310, 0, 730, 796, 769, 3, 6.37%, 0, 0, 5, 19.43
1746817407, 0, 730, 797, 770, 3, 6.37%, 0, 0, 5, 19.60
1746817556, 0, 730, 799, 772, 3, 6.37%, 0, 0, 5, 18.48
1746817730, 0, 730, 800, 773, 3, 6.39%, 0, 0, 5, 19.49
1746817781, 0, 730, 801, 774, 3, 6.39%, 0, 0, 5, 18.88
1746817873, 0, 730, 802, 775, 3, 6.39%, 0, 0, 5, 18.75
1746818017, 0, 735, 802, 774, 4, 6.39%, 0, 0, 5, 16.70
1746821609, 0, 759, 802, 773, 3, 6.39%, 0, 0, 5, 17.52
1746821898, 0, 759, 803, 774, 3, 6.39%, 0, 0, 6, 18.51
1746823423, 0, 759, 804, 775, 3, 6.39%, 0, 0, 6, 19.53
1746823516, 0, 799, 804, 774, 2, 6.39%, 0, 0, 6, 21.10
1746823541, 0, 799, 805, 775, 2, 6.39%, 0, 0, 6, 13.92
1746823607, 0, 799, 806, 776, 2, 6.39%, 0, 0, 6, 13.63
1746823612, 0, 799, 807, 777, 2, 6.39%, 0, 0, 6, 13.65
1746823658, 0, 799, 808, 778, 2, 6.39%, 0, 0, 6, 13.63
1746823977, 0, 799, 809, 779, 2, 6.39%, 0, 0, 6, 13.63
1746824012, 0, 799, 810, 780, 2, 6.39%, 0, 0, 6, 14.02
1746825472, 0, 799, 811, 781, 2, 6.39%, 0, 0, 6, 13.66
1746826878, 0, 799, 812, 782, 2, 6.39%, 0, 0, 6, 13.65
1746826974, 0, 799, 813, 783, 2, 6.39%, 0, 0, 6, 14.84
1746826979, 0, 799, 815, 785, 2, 6.39%, 0, 0, 6, 16.00
1746826989, 0, 799, 817, 787, 2, 6.39%, 0, 0, 6, 15.77
1746827010, 0, 799, 819, 789, 2, 6.39%, 0, 0, 6, 16.15
1746827025, 0, 799, 820, 790, 2, 6.39%, 0, 0, 6, 16.81
1746827030, 0, 799, 821, 791, 2, 6.39%, 0, 0, 6, 16.53
1746827092, 0, 799, 823, 793, 2, 6.40%, 0, 0, 6, 16.74
1746827097, 0, 799, 824, 794, 2, 6.40%, 0, 0, 6, 15.98
1746827154, 0, 799, 825, 795, 2, 6.40%, 0, 0, 6, 16.37
1746827179, 0, 799, 826, 796, 2, 6.40%, 0, 0, 6, 16.35
1746827210, 0, 799, 827, 797, 2, 6.40%, 0, 0, 6, 15.76
1746827225, 0, 799, 828, 798, 2, 6.40%, 0, 0, 6, 16.57
1746827230, 0, 799, 829, 799, 2, 6.40%, 0, 0, 6, 15.86
1746827241, 0, 799, 830, 800, 2, 6.40%, 0, 0, 6, 16.46
1746827302, 0, 799, 831, 801, 2, 6.40%, 0, 0, 6, 15.64
1746827328, 0, 799, 832, 802, 2, 6.40%, 0, 0, 6, 15.17
1746827389, 0, 799, 833, 803, 2, 6.40%, 0, 0, 6, 16.46
1746827409, 0, 799, 834, 804, 2, 6.40%, 0, 0, 6, 15.89
1746827440, 0, 799, 835, 805, 2, 6.40%, 0, 0, 6, 15.83
1746827450, 0, 799, 836, 806, 2, 6.40%, 0, 0, 6, 16.10
1746827466, 0, 799, 837, 807, 2, 6.40%, 0, 0, 6, 15.49
1746827476, 0, 799, 838, 808, 2, 6.40%, 0, 0, 6, 15.34
1746827604, 0, 799, 839, 809, 2, 6.40%, 0, 0, 6, 16.53
1746827614, 0, 799, 840, 810, 2, 6.40%, 0, 0, 6, 16.86
1746827619, 0, 799, 841, 811, 2, 6.40%, 0, 0, 6, 15.95
1746827666, 0, 799, 842, 812, 2, 6.40%, 0, 0, 6, 15.98
1746827722, 0, 799, 843, 813, 2, 6.40%, 0, 0, 6, 16.81
1746827778, 0, 799, 844, 814, 2, 6.40%, 0, 0, 6, 15.79
1746827958, 0, 799, 845, 815, 2, 6.40%, 0, 0, 6, 16.31
1746827984, 0, 800, 845, 814, 4, 6.40%, 0, 0, 6, 14.52
