# unix_time, cycles_done, cur_path, paths_total, pending_total, pending_favs, map_size, unique_crashes, unique_hangs, max_depth, execs_per_sec
1747410241, 0, 0, 1, 1, 1, 0.03%, 0, 0, 1, 666.67
1747410246, 0, 7, 12, 7, 1, 0.06%, 0, 0, 4, 2095.21
1747410251, 0, 10, 16, 10, 1, 0.06%, 0, 0, 5, 2364.82
1747410256, 0, 10, 19, 13, 1, 0.06%, 0, 0, 5, 2431.48
1747410261, 0, 17, 21, 14, 1, 0.06%, 0, 0, 6, 2408.07
1747410266, 0, 24, 25, 16, 1, 0.06%, 0, 0, 7, 2366.30
1747410271, 1, 16, 25, 13, 0, 0.06%, 0, 0, 7, 2246.49
1747410276, 1, 22, 29, 14, 0, 0.06%, 0, 0, 8, 2326.76
1747410281, 2, 23, 29, 11, 0, 0.06%, 0, 0, 8, 2292.01
1747410286, 3, 12, 29, 8, 0, 0.06%, 0, 0, 8, 2369.71
1747410292, 3, 29, 33, 11, 1, 0.07%, 0, 0, 9, 2302.44
1747410297, 3, 29, 34, 12, 1, 0.07%, 0, 0, 9, 2313.40
1747410302, 3, 31, 36, 13, 4, 0.08%, 0, 0, 10, 2202.61
1747410307, 3, 34, 38, 14, 3, 0.08%, 0, 0, 10, 2151.03
1747410312, 3, 34, 40, 16, 3, 0.08%, 0, 0, 10, 2222.60
1747410317, 3, 35, 40, 15, 4, 0.08%, 0, 0, 10, 2123.18
1747410322, 3, 36, 41, 15, 3, 0.08%, 0, 0, 11, 2019.53
1747410327, 3, 38, 41, 14, 2, 0.08%, 0, 0, 11, 2056.41
1747410332, 3, 39, 42, 14, 1, 0.09%, 0, 0, 11, 2040.09
1747410342, 3, 41, 43, 14, 1, 0.09%, 0, 0, 12, 2114.78
1747410347, 3, 42, 44, 14, 1, 0.09%, 0, 0, 13, 2074.29
1747410352, 3, 43, 44, 13, 1, 0.09%, 0, 0, 13, 2064.21
1747410358, 4, 26, 44, 10, 0, 0.09%, 0, 0, 13, 2245.49
1747410363, 4, 34, 45, 10, 0, 0.09%, 0, 0, 13, 2302.18
1747410368, 4, 37, 45, 10, 0, 0.09%, 0, 0, 13, 2145.78
1747410373, 4, 41, 45, 9, 0, 0.09%, 0, 0, 13, 2219.15
1747410378, 5, 28, 45, 9, 0, 0.09%, 0, 0, 13, 2263.09
1747410383, 5, 28, 46, 10, 0, 0.09%, 0, 0, 13, 2330.71
1747410388, 5, 32, 46, 9, 0, 0.09%, 0, 0, 13, 2192.93
1747410393, 5, 39, 46, 8, 0, 0.09%, 0, 0, 13, 2232.16
1747410398, 5, 46, 47, 9, 1, 0.09%, 0, 0, 14, 2214.45
1747410403, 5, 46, 50, 12, 1, 0.09%, 0, 0, 15, 1990.55
1747410409, 5, 46, 52, 14, 1, 0.10%, 0, 0, 15, 2095.92
1747410414, 5, 46, 53, 15, 1, 0.10%, 0, 0, 15, 2103.92
1747410419, 5, 48, 53, 14, 3, 0.10%, 0, 0, 15, 1842.79
1747410429, 5, 51, 54, 14, 2, 0.10%, 0, 0, 16, 2000.97
1747410434, 5, 51, 56, 16, 2, 0.11%, 0, 0, 16, 1989.21
1747410444, 5, 51, 57, 17, 2, 0.11%, 0, 0, 16, 2092.20
1747410449, 5, 54, 57, 16, 3, 0.11%, 0, 0, 16, 1799.70
1747410459, 5, 55, 57, 15, 2, 0.11%, 0, 0, 16, 1971.02
1747410474, 5, 56, 58, 15, 1, 0.12%, 0, 0, 17, 1674.37
1747410484, 5, 57, 59, 15, 1, 0.12%, 0, 0, 18, 1716.98
1747410500, 5, 58, 59, 14, 1, 0.12%, 0, 0, 18, 1748.22
1747410505, 5, 58, 60, 15, 1, 0.12%, 0, 0, 19, 1912.63
1747410520, 5, 59, 61, 15, 1, 0.13%, 0, 0, 20, 1449.81
1747410525, 5, 59, 62, 16, 1, 0.13%, 0, 0, 20, 1764.66
1747410540, 5, 61, 62, 15, 1, 0.13%, 0, 0, 20, 1682.60
1747410545, 5, 61, 64, 17, 1, 0.14%, 0, 0, 21, 1395.44
1747410566, 5, 62, 65, 17, 2, 0.14%, 0, 0, 22, 1504.62
1747410576, 5, 62, 66, 18, 2, 0.15%, 0, 0, 22, 1766.59
1747410581, 5, 62, 69, 21, 2, 0.15%, 0, 0, 22, 1831.19
1747410591, 5, 63, 69, 20, 5, 0.15%, 0, 0, 22, 1339.47
1747410601, 5, 63, 70, 21, 5, 0.16%, 0, 0, 22, 1697.78
1747410616, 5, 64, 71, 21, 5, 0.16%, 0, 0, 23, 1434.28
1747410621, 5, 64, 72, 22, 5, 0.16%, 0, 0, 23, 1389.10
1747410642, 5, 65, 72, 21, 5, 0.16%, 0, 0, 23, 1275.02
1747410657, 5, 66, 72, 20, 4, 0.16%, 0, 0, 23, 1546.04
1747410678, 5, 67, 72, 19, 3, 0.16%, 0, 0, 23, 1272.89
1747410688, 5, 67, 73, 20, 3, 0.16%, 0, 0, 23, 1811.79
1747410703, 5, 70, 73, 19, 2, 0.16%, 0, 0, 23, 1260.15
1747410719, 5, 72, 74, 19, 1, 0.16%, 0, 0, 24, 1222.06
1747410734, 5, 72, 75, 20, 1, 0.16%, 0, 0, 24, 1746.18
1747410744, 5, 73, 75, 19, 1, 0.16%, 0, 0, 24, 1476.26
1747410759, 5, 74, 75, 18, 0, 0.16%, 0, 0, 24, 1506.95
1747410779, 6, 36, 75, 16, 0, 0.16%, 0, 0, 24, 2014.45
1747410785, 6, 53, 75, 16, 0, 0.16%, 0, 0, 24, 1742.55
1747410800, 6, 63, 75, 15, 0, 0.16%, 0, 0, 24, 1851.55
1747410805, 6, 66, 75, 15, 0, 0.16%, 0, 0, 24, 1797.12
1747410810, 6, 69, 75, 15, 0, 0.16%, 0, 0, 24, 1330.76
1747410825, 6, 70, 75, 14, 0, 0.16%, 0, 0, 24, 1567.65
1747410830, 6, 71, 75, 14, 0, 0.16%, 0, 0, 24, 1265.58
1747410846, 7, 39, 75, 12, 0, 0.16%, 0, 0, 24, 2017.83
1747410851, 7, 47, 75, 12, 0, 0.16%, 0, 0, 24, 1862.04
1747410861, 7, 50, 75, 11, 0, 0.16%, 0, 0, 24, 1599.57
1747410871, 7, 54, 75, 10, 0, 0.16%, 0, 0, 24, 1989.12
1747410876, 7, 70, 75, 10, 0, 0.16%, 0, 0, 24, 1922.65
1747410881, 8, 44, 75, 10, 0, 0.16%, 0, 0, 24, 1962.37
1747410886, 8, 44, 76, 11, 0, 0.16%, 0, 0, 24, 2112.65
1747410891, 8, 52, 76, 10, 0, 0.16%, 0, 0, 24, 1690.78
1747410906, 8, 66, 76, 9, 0, 0.16%, 0, 0, 24, 1800.72
1747410911, 8, 76, 77, 10, 1, 0.17%, 0, 0, 24, 1561.63
1747410917, 8, 76, 78, 11, 1, 0.17%, 0, 0, 25, 957.48
1747410927, 8, 76, 79, 12, 1, 0.17%, 0, 0, 25, 1600.33
1747410932, 8, 76, 80, 13, 1, 0.18%, 0, 0, 25, 1418.19
1747410942, 8, 79, 80, 12, 1, 0.18%, 0, 0, 25, 1767.53
1747410952, 8, 79, 81, 13, 1, 0.18%, 0, 0, 26, 966.14
1747410962, 8, 80, 81, 12, 1, 0.18%, 0, 0, 26, 1353.88
1747410967, 8, 80, 82, 13, 1, 0.18%, 0, 0, 27, 1032.00
1747410978, 8, 80, 83, 14, 1, 0.19%, 0, 0, 27, 1540.80
1747410993, 8, 82, 83, 13, 1, 0.19%, 0, 0, 27, 1539.07
1747411003, 8, 82, 84, 14, 1, 0.19%, 0, 0, 28, 959.06
1747411018, 8, 83, 84, 13, 1, 0.19%, 0, 0, 28, 1197.06
1747411028, 8, 83, 85, 14, 1, 0.20%, 0, 0, 29, 926.09
1747411044, 8, 84, 85, 13, 1, 0.20%, 0, 0, 29, 1317.19
1747411059, 8, 84, 87, 15, 1, 0.20%, 0, 0, 30, 1421.53
1747411064, 8, 84, 88, 16, 1, 0.21%, 0, 0, 30, 1571.65
1747411074, 8, 87, 88, 15, 1, 0.21%, 0, 0, 30, 1571.37
1747411085, 8, 87, 91, 18, 1, 0.22%, 0, 0, 31, 722.39
1747411095, 8, 87, 92, 19, 1, 0.22%, 0, 0, 31, 977.32
1747411120, 8, 88, 92, 18, 4, 0.22%, 0, 0, 31, 1155.78
1747411125, 8, 88, 93, 19, 4, 0.22%, 0, 0, 32, 788.52
1747411146, 8, 89, 93, 18, 4, 0.22%, 0, 0, 32, 1137.39
1747411156, 8, 89, 94, 19, 4, 0.22%, 0, 0, 32, 908.30
1747411171, 8, 90, 94, 18, 4, 0.22%, 0, 0, 32, 1496.79
1747411181, 8, 90, 95, 19, 4, 0.22%, 0, 0, 32, 649.18
1747411201, 8, 91, 95, 18, 4, 0.22%, 0, 0, 32, 1321.24
1747411227, 8, 91, 96, 19, 4, 0.22%, 0, 0, 32, 1400.92
1747411242, 8, 92, 96, 18, 4, 0.22%, 0, 0, 32, 1586.69
1747411273, 8, 93, 96, 17, 3, 0.22%, 0, 0, 32, 1095.85
1747411288, 8, 93, 98, 19, 3, 0.23%, 0, 0, 33, 1428.88
1747411308, 8, 94, 98, 18, 3, 0.23%, 0, 0, 33, 1174.37
1747411334, 8, 95, 98, 17, 2, 0.23%, 0, 0, 33, 1224.76
1747411344, 8, 95, 100, 19, 2, 0.23%, 0, 0, 33, 780.88
1747411354, 8, 95, 101, 20, 2, 0.23%, 0, 0, 33, 1173.85
1747411364, 8, 97, 101, 19, 4, 0.23%, 0, 0, 33, 1295.11
1747411374, 8, 97, 102, 20, 4, 0.24%, 0, 0, 34, 788.10
1747411395, 8, 98, 102, 19, 4, 0.24%, 0, 0, 34, 1209.49
1747411415, 8, 98, 103, 20, 4, 0.24%, 0, 0, 34, 1191.60
1747411426, 8, 99, 103, 19, 3, 0.24%, 0, 0, 34, 1193.96
1747411436, 8, 99, 104, 20, 3, 0.24%, 0, 0, 34, 755.79
1747411457, 8, 101, 104, 19, 3, 0.24%, 0, 0, 34, 1189.33
1747411467, 8, 101, 105, 20, 3, 0.24%, 0, 0, 35, 752.63
1747411487, 8, 102, 105, 19, 3, 0.24%, 0, 0, 35, 1176.01
1747411518, 8, 103, 105, 18, 2, 0.24%, 0, 0, 35, 1253.41
1747411538, 8, 103, 106, 19, 2, 0.25%, 0, 0, 35, 972.56
1747411543, 8, 103, 107, 20, 2, 0.25%, 0, 0, 35, 1389.80
1747411563, 8, 104, 107, 19, 3, 0.25%, 0, 0, 35, 1022.15
1747411574, 8, 104, 108, 20, 3, 0.25%, 0, 0, 36, 744.95
1747411594, 8, 105, 108, 19, 3, 0.25%, 0, 0, 36, 1018.61
1747411630, 8, 106, 108, 18, 2, 0.25%, 0, 0, 36, 1062.40
1747411655, 8, 106, 109, 19, 2, 0.26%, 0, 0, 36, 1315.89
1747411665, 8, 106, 110, 20, 2, 0.27%, 0, 0, 36, 1390.29
1747411675, 8, 107, 110, 19, 3, 0.27%, 0, 0, 36, 1167.80
1747411701, 8, 108, 110, 18, 2, 0.27%, 0, 0, 36, 1509.25
1747411716, 8, 108, 112, 20, 2, 0.27%, 0, 0, 37, 572.64
1747411742, 8, 109, 112, 19, 2, 0.27%, 0, 0, 37, 1337.79
1747411747, 8, 109, 113, 20, 2, 0.27%, 0, 0, 37, 1149.67
1747411762, 8, 111, 113, 19, 2, 0.27%, 0, 0, 37, 1020.64
1747411772, 8, 111, 114, 20, 2, 0.27%, 0, 0, 38, 574.07
1747411798, 8, 112, 114, 19, 2, 0.27%, 0, 0, 38, 1347.77
1747411803, 8, 112, 115, 20, 2, 0.27%, 0, 0, 38, 1107.31
1747411818, 8, 113, 115, 19, 2, 0.27%, 0, 0, 38, 929.93
1747411844, 8, 113, 116, 20, 2, 0.28%, 0, 0, 39, 970.35
1747411869, 8, 114, 117, 20, 2, 0.28%, 0, 0, 39, 1115.29
1747411874, 8, 114, 118, 21, 2, 0.28%, 0, 0, 39, 1295.11
1747411879, 8, 114, 119, 22, 2, 0.28%, 0, 0, 39, 1666.68
1747411889, 8, 114, 120, 23, 2, 0.29%, 0, 0, 39, 1629.84
1747411895, 8, 115, 120, 22, 3, 0.29%, 0, 0, 39, 1326.64
1747411910, 8, 115, 121, 23, 3, 0.29%, 0, 0, 40, 677.35
1747411936, 8, 116, 121, 22, 3, 0.29%, 0, 0, 40, 1361.58
1747411956, 8, 119, 121, 21, 2, 0.29%, 0, 0, 40, 1197.12
1747411961, 8, 119, 122, 22, 2, 0.29%, 0, 0, 40, 993.89
1747411971, 8, 119, 123, 23, 2, 0.29%, 0, 0, 40, 1671.28
1747411986, 8, 120, 123, 22, 3, 0.29%, 0, 0, 40, 966.84
1747412012, 8, 120, 124, 23, 3, 0.30%, 0, 0, 41, 1081.34
1747412017, 8, 120, 125, 24, 3, 0.30%, 0, 0, 41, 1309.44
1747412033, 8, 121, 125, 23, 3, 0.30%, 0, 0, 41, 1303.68
1747412048, 8, 121, 126, 24, 3, 0.31%, 0, 0, 41, 1587.96
1747412063, 8, 124, 126, 23, 2, 0.31%, 0, 0, 41, 1316.72
1747412068, 8, 124, 127, 24, 2, 0.31%, 0, 0, 42, 1002.71
1747412109, 8, 125, 127, 23, 2, 0.31%, 0, 0, 42, 1102.48
1747412114, 8, 125, 128, 24, 2, 0.31%, 0, 0, 42, 987.08
1747412130, 8, 126, 128, 23, 2, 0.31%, 0, 0, 42, 1218.30
1747412170, 8, 127, 128, 22, 1, 0.31%, 0, 0, 42, 1274.28
1747412186, 8, 127, 129, 23, 1, 0.32%, 0, 0, 43, 1416.80
1747412206, 8, 128, 130, 23, 1, 0.32%, 0, 0, 44, 1324.83
1747412231, 8, 129, 130, 22, 1, 0.32%, 0, 0, 44, 1256.61
1747412236, 8, 129, 131, 23, 1, 0.32%, 0, 0, 45, 854.49
1747412257, 8, 130, 131, 22, 1, 0.32%, 0, 0, 45, 1178.95
1747412282, 9, 33, 131, 20, 0, 0.32%, 0, 0, 45, 2041.32
1747412287, 9, 48, 131, 19, 0, 0.32%, 0, 0, 45, 2053.74
1747412292, 9, 66, 131, 19, 0, 0.32%, 0, 0, 45, 1888.76
1747412297, 9, 83, 131, 19, 0, 0.32%, 0, 0, 45, 1740.03
1747412302, 9, 88, 131, 19, 0, 0.32%, 0, 0, 45, 1660.06
1747412307, 9, 91, 131, 19, 0, 0.32%, 0, 0, 45, 1621.78
1747412313, 9, 92, 131, 19, 0, 0.32%, 0, 0, 45, 1697.62
1747412318, 9, 107, 131, 19, 0, 0.32%, 0, 0, 45, 1507.03
1747412323, 9, 108, 131, 19, 0, 0.32%, 0, 0, 45, 1496.40
1747412328, 9, 116, 131, 19, 0, 0.32%, 0, 0, 45, 1687.17
1747412333, 9, 118, 131, 19, 0, 0.32%, 0, 0, 45, 1509.45
1747412353, 9, 120, 131, 18, 0, 0.32%, 0, 0, 45, 1540.43
1747412358, 9, 124, 131, 18, 0, 0.32%, 0, 0, 45, 1595.11
1747412363, 9, 125, 131, 18, 0, 0.32%, 0, 0, 45, 1632.70
1747412368, 9, 128, 131, 18, 0, 0.32%, 0, 0, 45, 1497.48
1747412373, 9, 129, 131, 18, 0, 0.32%, 0, 0, 45, 1626.30
1747412379, 10, 5, 131, 18, 0, 0.32%, 0, 0, 45, 1710.88
1747412384, 10, 45, 131, 18, 0, 0.32%, 0, 0, 45, 2054.23
1747412389, 10, 55, 131, 17, 0, 0.32%, 0, 0, 45, 2112.67
1747412394, 10, 75, 131, 17, 0, 0.32%, 0, 0, 45, 1918.18
1747412404, 10, 77, 131, 16, 0, 0.32%, 0, 0, 45, 1401.91
1747412419, 10, 81, 131, 15, 0, 0.32%, 0, 0, 45, 1332.92
1747412439, 10, 88, 131, 14, 0, 0.32%, 0, 0, 45, 1615.07
1747412444, 10, 90, 131, 14, 0, 0.32%, 0, 0, 45, 1673.06
1747412449, 10, 103, 131, 14, 0, 0.32%, 0, 0, 45, 1512.16
1747412454, 10, 116, 131, 14, 0, 0.32%, 0, 0, 45, 1598.35
1747412460, 10, 122, 131, 14, 0, 0.32%, 0, 0, 45, 1381.44
1747412480, 10, 125, 131, 13, 0, 0.32%, 0, 0, 45, 1573.14
1747412485, 10, 130, 131, 13, 0, 0.32%, 0, 0, 45, 1622.56
1747412490, 11, 40, 131, 13, 0, 0.32%, 0, 0, 45, 1748.70
1747412495, 11, 55, 131, 12, 0, 0.32%, 0, 0, 45, 1894.55
1747412500, 11, 60, 131, 12, 0, 0.32%, 0, 0, 45, 1397.36
1747412511, 11, 62, 131, 11, 0, 0.32%, 0, 0, 45, 1808.96
1747412516, 11, 86, 131, 11, 0, 0.32%, 0, 0, 45, 1349.73
1747412541, 11, 88, 131, 10, 0, 0.32%, 0, 0, 45, 1566.98
1747412546, 11, 100, 131, 10, 0, 0.32%, 0, 0, 45, 1483.49
1747412582, 11, 113, 131, 9, 0, 0.32%, 0, 0, 45, 1487.60
1747412587, 11, 118, 131, 9, 0, 0.32%, 0, 0, 45, 1618.16
1747412592, 11, 124, 131, 9, 0, 0.32%, 0, 0, 45, 1594.03
1747412597, 11, 129, 131, 9, 0, 0.32%, 0, 0, 45, 1624.78
1747412602, 12, 28, 131, 8, 0, 0.32%, 0, 0, 45, 2054.77
1747412607, 12, 62, 131, 8, 0, 0.32%, 0, 0, 45, 2002.74
1747412612, 12, 68, 131, 8, 0, 0.32%, 0, 0, 45, 1669.55
1747412627, 12, 88, 131, 7, 0, 0.32%, 0, 0, 45, 1700.99
1747412633, 12, 102, 131, 7, 0, 0.32%, 0, 0, 45, 1592.43
1747412638, 12, 110, 131, 7, 0, 0.32%, 0, 0, 45, 1132.36
1747412679, 12, 123, 131, 6, 0, 0.32%, 0, 0, 45, 1521.77
1747412724, 12, 128, 131, 5, 0, 0.32%, 0, 0, 45, 1543.99
1747412729, 13, 48, 131, 5, 0, 0.32%, 0, 0, 45, 1817.45
1747412734, 13, 65, 131, 5, 0, 0.32%, 0, 0, 45, 1647.18
1747412739, 13, 88, 131, 5, 0, 0.32%, 0, 0, 45, 1532.59
1747412744, 13, 106, 131, 5, 0, 0.32%, 0, 0, 45, 1587.60
1747412749, 13, 108, 131, 5, 0, 0.32%, 0, 0, 45, 1596.01
1747412755, 13, 124, 131, 5, 0, 0.32%, 0, 0, 45, 1583.65
1747412760, 13, 129, 131, 5, 0, 0.32%, 0, 0, 45, 1585.40
1747412765, 14, 42, 131, 5, 0, 0.32%, 0, 0, 45, 1882.33
1747412770, 14, 64, 131, 5, 0, 0.32%, 0, 0, 45, 1869.45
1747412775, 14, 80, 131, 5, 0, 0.32%, 0, 0, 45, 1752.79
1747412780, 14, 85, 131, 5, 0, 0.32%, 0, 0, 45, 1305.48
1747412806, 14, 90, 131, 4, 0, 0.32%, 0, 0, 45, 1574.95
1747412811, 14, 96, 131, 4, 0, 0.32%, 0, 0, 45, 1140.69
1747412836, 14, 101, 131, 3, 0, 0.32%, 0, 0, 45, 1552.52
1747412842, 14, 107, 131, 3, 0, 0.32%, 0, 0, 45, 1601.96
1747412847, 14, 109, 131, 3, 0, 0.32%, 0, 0, 45, 1654.94
1747412852, 14, 117, 131, 3, 0, 0.32%, 0, 0, 45, 1236.31
1747412867, 14, 120, 131, 2, 0, 0.32%, 0, 0, 45, 1691.65
1747412872, 14, 126, 131, 2, 0, 0.32%, 0, 0, 45, 1637.33
1747412877, 15, 22, 131, 2, 0, 0.32%, 0, 0, 45, 1608.03
1747412882, 15, 62, 131, 2, 0, 0.32%, 0, 0, 45, 1786.66
1747412887, 15, 79, 131, 2, 0, 0.32%, 0, 0, 45, 1553.62
1747412892, 15, 92, 131, 2, 0, 0.32%, 0, 0, 45, 1524.35
1747412897, 15, 116, 131, 2, 0, 0.32%, 0, 0, 45, 1467.10
1747412902, 15, 125, 131, 2, 0, 0.32%, 0, 0, 45, 1584.38
1747412908, 15, 130, 131, 2, 0, 0.32%, 0, 0, 45, 1489.59
1747412913, 16, 62, 131, 2, 0, 0.32%, 0, 0, 45, 1863.48
1747412918, 16, 90, 131, 2, 0, 0.32%, 0, 0, 45, 1676.10
1747412923, 16, 99, 131, 2, 0, 0.32%, 0, 0, 45, 1530.99
1747412928, 16, 116, 131, 2, 0, 0.32%, 0, 0, 45, 1597.61
1747412933, 16, 125, 131, 2, 0, 0.32%, 0, 0, 45, 1593.00
1747412938, 16, 130, 131, 2, 0, 0.32%, 0, 0, 45, 1633.70
1747412943, 17, 62, 131, 2, 0, 0.32%, 0, 0, 45, 1908.34
1747412948, 17, 90, 131, 2, 0, 0.32%, 0, 0, 45, 1716.56
1747412953, 17, 108, 131, 2, 0, 0.32%, 0, 0, 45, 1613.23
1747412958, 17, 117, 131, 2, 0, 0.32%, 0, 0, 45, 1719.99
1747412963, 17, 125, 131, 2, 0, 0.32%, 0, 0, 45, 1634.64
1747412968, 17, 130, 131, 2, 0, 0.32%, 0, 0, 45, 1642.05
1747412974, 18, 55, 131, 2, 0, 0.32%, 0, 0, 45, 1926.76
1747412979, 18, 78, 131, 2, 0, 0.32%, 0, 0, 45, 1581.52
1747412999, 18, 87, 131, 1, 0, 0.32%, 0, 0, 45, 1666.61
1747413004, 18, 102, 131, 1, 0, 0.32%, 0, 0, 45, 1626.57
1747413009, 18, 120, 131, 1, 0, 0.32%, 0, 0, 45, 1560.99
1747413014, 18, 125, 131, 1, 0, 0.32%, 0, 0, 45, 1585.07
1747413019, 18, 130, 131, 1, 0, 0.32%, 0, 0, 45, 1615.54
1747413024, 19, 49, 131, 1, 0, 0.32%, 0, 0, 45, 1706.67
1747413040, 19, 65, 131, 0, 0, 0.32%, 0, 0, 45, 1885.44
1747413045, 19, 90, 131, 0, 0, 0.32%, 0, 0, 45, 1725.60
1747413050, 19, 96, 131, 0, 0, 0.32%, 0, 0, 45, 1609.08
1747413055, 19, 116, 131, 0, 0, 0.32%, 0, 0, 45, 1592.92
1747413060, 19, 123, 131, 0, 0, 0.32%, 0, 0, 45, 1522.39
1747413065, 19, 126, 131, 0, 0, 0.32%, 0, 0, 45, 1579.10
1747413070, 20, 12, 131, 0, 0, 0.32%, 0, 0, 45, 1649.94
1747413075, 20, 63, 131, 0, 0, 0.32%, 0, 0, 45, 1848.12
1747413080, 20, 90, 131, 0, 0, 0.32%, 0, 0, 45, 1699.97
1747413085, 20, 95, 131, 0, 0, 0.32%, 0, 0, 45, 1475.14
1747413090, 20, 102, 131, 0, 0, 0.32%, 0, 0, 45, 1396.13
1747413095, 20, 120, 131, 0, 0, 0.32%, 0, 0, 45, 1415.22
1747413100, 20, 126, 131, 0, 0, 0.32%, 0, 0, 45, 1421.08
1747413105, 21, 36, 131, 0, 0, 0.32%, 0, 0, 45, 1675.56
1747413111, 21, 62, 131, 0, 0, 0.32%, 0, 0, 45, 1885.95
1747413116, 21, 90, 131, 0, 0, 0.32%, 0, 0, 45, 1756.96
1747413121, 21, 102, 131, 0, 0, 0.32%, 0, 0, 45, 1614.90
1747413126, 21, 120, 131, 0, 0, 0.32%, 0, 0, 45, 1561.04
1747413131, 21, 126, 131, 0, 0, 0.32%, 0, 0, 45, 1537.57
1747413136, 22, 33, 131, 0, 0, 0.32%, 0, 0, 45, 1785.68
1747413141, 22, 62, 131, 0, 0, 0.32%, 0, 0, 45, 1950.24
1747413146, 22, 90, 131, 0, 0, 0.32%, 0, 0, 45, 1729.48
1747413151, 22, 102, 131, 0, 0, 0.32%, 0, 0, 45, 1615.67
1747413156, 22, 107, 131, 0, 0, 0.32%, 0, 0, 45, 1564.82
1747413161, 22, 111, 131, 0, 0, 0.32%, 0, 0, 45, 1463.04
1747413166, 22, 124, 131, 0, 0, 0.32%, 0, 0, 45, 1572.08
1747413171, 22, 129, 131, 0, 0, 0.32%, 0, 0, 45, 1612.63
1747413176, 23, 48, 131, 0, 0, 0.32%, 0, 0, 45, 1820.15
1747413181, 23, 63, 131, 0, 0, 0.32%, 0, 0, 45, 1806.05
1747413186, 23, 91, 131, 0, 0, 0.32%, 0, 0, 45, 1707.31
1747413191, 23, 100, 131, 0, 0, 0.32%, 0, 0, 45, 1611.22
1747413196, 23, 120, 131, 0, 0, 0.32%, 0, 0, 45, 1611.43
1747413201, 23, 126, 131, 0, 0, 0.32%, 0, 0, 45, 1605.58
1747413207, 24, 36, 131, 0, 0, 0.32%, 0, 0, 45, 1663.34
1747413212, 24, 65, 131, 0, 0, 0.32%, 0, 0, 45, 1859.62
1747413217, 24, 91, 131, 0, 0, 0.32%, 0, 0, 45, 1688.50
1747413222, 24, 107, 131, 0, 0, 0.32%, 0, 0, 45, 1614.02
1747413227, 24, 121, 131, 0, 0, 0.32%, 0, 0, 45, 1587.59
1747413232, 24, 128, 131, 0, 0, 0.32%, 0, 0, 45, 1556.64
1747413237, 25, 45, 131, 0, 0, 0.32%, 0, 0, 45, 1834.67
1747413242, 25, 62, 131, 0, 0, 0.32%, 0, 0, 45, 1931.11
1747413247, 25, 91, 131, 0, 0, 0.32%, 0, 0, 45, 1681.96
1747413252, 25, 108, 131, 0, 0, 0.32%, 0, 0, 45, 1563.75
1747413257, 25, 124, 131, 0, 0, 0.32%, 0, 0, 45, 1605.24
1747413262, 25, 126, 132, 1, 0, 0.32%, 0, 0, 45, 1477.44
1747413267, 25, 131, 132, 1, 1, 0.32%, 0, 0, 45, 820.56
1747413282, 25, 131, 133, 2, 1, 0.32%, 0, 0, 45, 607.87
1747413308, 25, 132, 133, 1, 1, 0.32%, 0, 0, 45, 1013.36
1747413354, 26, 55, 133, 0, 0, 0.32%, 0, 0, 45, 1873.30
1747413359, 26, 75, 133, 0, 0, 0.32%, 0, 0, 45, 1879.40
1747413364, 26, 102, 133, 0, 0, 0.32%, 0, 0, 45, 1705.84
1747413369, 26, 116, 133, 0, 0, 0.32%, 0, 0, 45, 1608.55
1747413374, 26, 126, 133, 0, 0, 0.32%, 0, 0, 45, 1600.12
1747413379, 26, 132, 133, 0, 0, 0.32%, 0, 0, 45, 1550.63
1747413384, 27, 54, 133, 0, 0, 0.32%, 0, 0, 45, 1835.69
1747413390, 27, 84, 133, 0, 0, 0.32%, 0, 0, 45, 1782.47
1747413395, 27, 91, 133, 0, 0, 0.32%, 0, 0, 45, 1624.79
1747413400, 27, 97, 133, 0, 0, 0.32%, 0, 0, 45, 1610.74
1747413405, 27, 108, 133, 0, 0, 0.32%, 0, 0, 45, 1555.45
1747413410, 27, 125, 133, 0, 0, 0.32%, 0, 0, 45, 1608.65
1747413415, 27, 132, 133, 0, 0, 0.32%, 0, 0, 45, 1633.94
1747413420, 28, 39, 133, 0, 0, 0.32%, 0, 0, 45, 1825.25
1747413425, 28, 62, 133, 0, 0, 0.32%, 0, 0, 45, 1897.26
1747413430, 28, 90, 133, 0, 0, 0.32%, 0, 0, 45, 1749.81
1747413435, 28, 103, 133, 0, 0, 0.32%, 0, 0, 45, 1624.42
1747413440, 28, 120, 133, 0, 0, 0.32%, 0, 0, 45, 1577.47
1747413445, 28, 130, 133, 0, 0, 0.32%, 0, 0, 45, 1641.13
1747413450, 29, 38, 133, 0, 0, 0.32%, 0, 0, 45, 1565.79
1747413455, 29, 65, 133, 0, 0, 0.32%, 0, 0, 45, 1801.23
1747413460, 29, 92, 133, 0, 0, 0.32%, 0, 0, 45, 1663.61
1747413465, 29, 108, 133, 0, 0, 0.32%, 0, 0, 45, 1567.19
1747413470, 29, 125, 133, 0, 0, 0.32%, 0, 0, 45, 1618.37
1747413476, 29, 130, 133, 0, 0, 0.32%, 0, 0, 45, 1554.94
1747413481, 30, 36, 133, 0, 0, 0.32%, 0, 0, 45, 1712.65
1747413486, 30, 65, 133, 0, 0, 0.32%, 0, 0, 45, 1871.61
1747413491, 30, 92, 133, 0, 0, 0.32%, 0, 0, 45, 1686.63
1747413496, 30, 102, 133, 0, 0, 0.32%, 0, 0, 45, 1672.57
1747413501, 30, 120, 133, 0, 0, 0.32%, 0, 0, 45, 1579.32
1747413506, 30, 130, 133, 0, 0, 0.32%, 0, 0, 45, 1656.27
1747413511, 30, 132, 134, 1, 0, 0.32%, 0, 0, 45, 1461.76
1747413516, 31, 54, 134, 1, 0, 0.32%, 0, 0, 45, 1892.30
1747413521, 31, 88, 134, 1, 0, 0.32%, 0, 0, 45, 1893.01
1747413526, 31, 102, 134, 1, 0, 0.32%, 0, 0, 45, 1677.48
1747413531, 31, 121, 134, 1, 0, 0.32%, 0, 0, 45, 1644.96
1747413536, 31, 129, 134, 1, 0, 0.32%, 0, 0, 45, 1721.08
1747413542, 31, 132, 134, 1, 0, 0.32%, 0, 0, 45, 1609.52
1747413547, 32, 54, 134, 1, 0, 0.32%, 0, 0, 45, 1899.76
1747413552, 32, 66, 134, 1, 0, 0.32%, 0, 0, 45, 1898.03
1747413557, 32, 102, 134, 1, 0, 0.32%, 0, 0, 45, 1706.74
1747413562, 32, 120, 134, 1, 0, 0.32%, 0, 0, 45, 1596.51
1747413567, 32, 129, 134, 1, 0, 0.32%, 0, 0, 45, 1664.45
1747413572, 33, 48, 134, 1, 0, 0.32%, 0, 0, 45, 1847.58
1747413577, 33, 63, 134, 1, 0, 0.32%, 0, 0, 45, 1952.40
1747413583, 33, 92, 134, 1, 0, 0.32%, 0, 0, 45, 1763.33
1747413588, 33, 108, 134, 1, 0, 0.32%, 0, 0, 45, 1640.55
1747413593, 33, 125, 134, 1, 0, 0.32%, 0, 0, 45, 1681.62
1747413598, 33, 132, 134, 1, 0, 0.32%, 0, 0, 45, 1661.41
1747413603, 34, 62, 134, 1, 0, 0.32%, 0, 0, 45, 1921.74
1747413608, 34, 90, 134, 1, 0, 0.32%, 0, 0, 45, 1813.49
1747413613, 34, 107, 134, 1, 0, 0.32%, 0, 0, 45, 1682.25
1747413618, 34, 125, 134, 1, 0, 0.32%, 0, 0, 45, 1681.11
1747413623, 34, 130, 134, 1, 0, 0.32%, 0, 0, 45, 1667.05
1747413628, 34, 133, 135, 2, 0, 0.33%, 0, 0, 46, 1066.06
1747413664, 34, 133, 137, 4, 0, 0.33%, 0, 0, 46, 987.39
1747413689, 34, 134, 138, 4, 1, 0.33%, 0, 0, 47, 856.93
1747413725, 34, 134, 140, 6, 1, 0.33%, 0, 0, 47, 1139.38
1747413745, 34, 138, 140, 5, 1, 0.33%, 0, 0, 47, 1262.42
1747413750, 34, 138, 141, 6, 1, 0.33%, 0, 0, 48, 834.78
1747413796, 34, 140, 141, 5, 1, 0.33%, 0, 0, 48, 811.22
1747413811, 34, 140, 142, 6, 1, 0.33%, 0, 0, 49, 671.92
