# unix_time, cycles_done, cur_path, paths_total, pending_total, pending_favs, map_size, unique_crashes, unique_hangs, max_depth, execs_per_sec
1746611933, 0, 0, 1, 1, 1, 5.46%, 0, 0, 1, 73.39
1746611938, 0, 0, 46, 46, 1, 6.25%, 0, 0, 2, 77.80
1746611943, 0, 0, 85, 85, 1, 6.80%, 0, 0, 2, 65.71
1746611948, 0, 0, 103, 103, 1, 6.96%, 0, 0, 2, 21.13
1746611954, 0, 0, 126, 126, 1, 6.96%, 0, 0, 2, 38.11
1746611959, 0, 0, 149, 149, 1, 6.96%, 0, 0, 2, 41.39
1746611964, 0, 0, 171, 171, 1, 6.96%, 0, 0, 2, 43.70
1746611969, 0, 0, 191, 191, 1, 6.98%, 0, 0, 2, 42.11
1746611974, 0, 0, 210, 210, 1, 6.98%, 0, 0, 2, 40.59
1746611979, 0, 0, 230, 230, 1, 6.98%, 0, 0, 2, 41.24
1746611984, 0, 0, 249, 249, 1, 6.98%, 0, 0, 2, 42.40
1746611990, 0, 0, 267, 267, 1, 7.15%, 0, 0, 2, 40.91
1746611995, 0, 0, 284, 284, 1, 7.16%, 0, 0, 2, 39.24
1746612000, 0, 0, 303, 303, 1, 7.16%, 0, 0, 2, 42.35
1746612005, 0, 0, 320, 320, 1, 7.16%, 0, 0, 2, 42.77
1746612010, 0, 0, 336, 336, 1, 7.16%, 0, 0, 2, 39.69
1746612015, 0, 0, 354, 354, 1, 7.16%, 0, 0, 2, 39.20
1746612020, 0, 0, 371, 371, 1, 7.16%, 0, 0, 2, 41.45
1746612025, 0, 0, 384, 384, 1, 7.17%, 0, 0, 2, 34.96
1746612030, 0, 0, 399, 399, 1, 7.17%, 0, 0, 2, 39.05
1746612035, 0, 0, 412, 412, 1, 7.18%, 0, 0, 2, 36.23
1746612041, 0, 0, 425, 425, 1, 7.61%, 0, 0, 2, 34.50
1746612046, 0, 0, 436, 436, 1, 7.61%, 0, 0, 2, 33.86
1746612051, 0, 0, 446, 446, 1, 7.61%, 0, 0, 2, 30.98
1746612056, 0, 0, 457, 457, 1, 7.61%, 0, 0, 2, 28.99
1746612061, 0, 0, 463, 463, 1, 7.61%, 0, 0, 2, 22.08
1746612066, 0, 0, 470, 470, 1, 7.61%, 0, 0, 2, 21.30
1746612071, 0, 0, 476, 476, 1, 7.61%, 0, 0, 2, 21.53
1746612076, 0, 0, 481, 481, 1, 7.61%, 0, 0, 2, 23.09
1746612082, 0, 0, 486, 486, 1, 7.61%, 0, 0, 2, 26.60
1746612087, 0, 0, 492, 492, 1, 7.61%, 0, 0, 2, 23.16
1746612092, 0, 0, 498, 498, 1, 7.61%, 0, 0, 2, 24.27
1746612097, 0, 0, 502, 502, 1, 7.61%, 0, 0, 2, 19.81
1746612102, 0, 0, 507, 507, 1, 7.61%, 0, 0, 2, 16.94
1746612107, 0, 0, 512, 512, 1, 7.61%, 0, 0, 2, 22.91
1746612112, 0, 0, 516, 516, 1, 7.61%, 0, 0, 2, 16.81
1746612117, 0, 0, 521, 521, 1, 7.61%, 0, 0, 2, 22.34
1746612122, 0, 0, 527, 527, 1, 7.61%, 0, 0, 2, 22.05
1746612127, 0, 0, 531, 531, 1, 7.62%, 0, 0, 2, 19.96
1746612132, 0, 0, 536, 536, 1, 7.65%, 0, 0, 2, 20.99
1746612138, 0, 0, 541, 541, 1, 7.65%, 0, 0, 2, 32.09
1746612143, 0, 0, 548, 548, 1, 7.65%, 0, 0, 2, 33.48
1746612148, 0, 0, 554, 554, 1, 7.65%, 0, 0, 2, 41.66
1746612153, 0, 0, 559, 559, 1, 7.66%, 0, 0, 2, 32.05
1746612158, 0, 0, 564, 564, 1, 7.66%, 0, 0, 2, 40.68
1746612163, 0, 0, 568, 568, 1, 7.66%, 0, 0, 2, 43.08
1746612168, 0, 0, 571, 571, 1, 7.66%, 0, 0, 2, 40.48
1746612173, 0, 0, 576, 576, 1, 7.66%, 0, 0, 2, 33.85
1746612178, 0, 0, 581, 581, 1, 7.66%, 0, 0, 2, 43.37
1746612184, 0, 0, 585, 585, 1, 7.66%, 0, 0, 2, 47.53
1746612189, 0, 0, 591, 591, 1, 7.66%, 0, 0, 2, 42.99
1746612194, 0, 0, 594, 594, 1, 7.66%, 0, 0, 2, 44.27
1746612199, 0, 0, 595, 595, 1, 7.66%, 0, 0, 2, 44.27
1746612204, 0, 0, 598, 598, 1, 7.66%, 0, 0, 2, 43.23
1746612209, 0, 0, 601, 601, 1, 7.66%, 0, 0, 2, 43.41
1746612214, 0, 0, 605, 605, 1, 7.66%, 0, 0, 2, 43.72
1746612220, 0, 0, 607, 607, 1, 7.66%, 0, 0, 2, 46.54
1746612225, 0, 0, 608, 608, 1, 7.66%, 0, 0, 2, 45.80
1746612230, 0, 0, 610, 610, 1, 7.66%, 0, 0, 2, 41.87
1746612235, 0, 0, 613, 613, 1, 7.66%, 0, 0, 2, 43.04
1746612240, 0, 0, 619, 619, 1, 7.66%, 0, 0, 2, 32.39
1746612245, 0, 0, 620, 620, 1, 7.66%, 0, 0, 2, 43.02
1746612250, 0, 0, 624, 624, 1, 7.84%, 0, 0, 2, 43.25
1746612255, 0, 0, 627, 627, 1, 7.88%, 0, 0, 2, 44.36
1746612260, 0, 0, 630, 630, 1, 7.88%, 0, 0, 2, 42.50
1746612265, 0, 0, 632, 632, 1, 7.88%, 0, 0, 2, 46.43
1746612271, 0, 0, 634, 634, 1, 7.88%, 0, 0, 2, 41.97
1746612276, 0, 0, 636, 636, 1, 7.89%, 0, 0, 2, 44.77
1746612281, 0, 0, 637, 637, 1, 7.89%, 0, 0, 2, 41.05
1746612286, 0, 0, 640, 640, 1, 7.89%, 0, 0, 2, 40.61
1746612291, 0, 0, 642, 642, 1, 7.90%, 0, 0, 2, 37.03
1746612296, 0, 0, 644, 644, 1, 7.90%, 0, 0, 2, 42.06
1746612311, 0, 0, 647, 647, 1, 7.90%, 0, 0, 2, 41.40
1746612316, 0, 0, 650, 650, 1, 7.90%, 0, 0, 2, 41.06
1746612322, 0, 0, 653, 653, 1, 7.90%, 0, 0, 2, 41.44
1746612327, 0, 0, 657, 657, 1, 7.91%, 0, 0, 2, 6.87
1746612332, 0, 0, 659, 659, 1, 7.91%, 0, 0, 2, 48.29
1746612337, 0, 0, 660, 660, 1, 7.91%, 0, 0, 2, 43.57
1746612342, 0, 0, 662, 662, 1, 7.91%, 0, 0, 2, 44.75
1746612347, 0, 0, 663, 663, 1, 7.91%, 0, 0, 2, 46.10
1746612357, 0, 0, 665, 665, 1, 7.91%, 0, 0, 2, 43.94
1746612362, 0, 0, 667, 667, 1, 7.91%, 0, 0, 2, 44.87
1746612367, 0, 0, 668, 668, 1, 7.91%, 0, 0, 2, 42.73
1746612372, 0, 0, 670, 670, 1, 7.91%, 0, 0, 2, 40.41
1746612382, 0, 0, 672, 672, 1, 7.91%, 0, 0, 2, 46.31
1746612388, 0, 0, 674, 674, 1, 8.14%, 0, 0, 2, 43.34
1746612393, 0, 0, 677, 677, 1, 8.15%, 0, 0, 2, 45.88
1746612398, 0, 0, 680, 680, 1, 8.15%, 0, 0, 2, 42.06
1746612403, 0, 0, 681, 681, 1, 8.15%, 0, 0, 2, 42.72
1746612408, 0, 0, 682, 682, 1, 8.15%, 0, 0, 2, 46.78
1746612413, 0, 0, 683, 683, 1, 8.15%, 0, 0, 2, 44.91
1746612424, 0, 0, 684, 684, 1, 8.15%, 0, 0, 2, 45.53
1746612434, 0, 0, 685, 685, 1, 8.15%, 0, 0, 2, 44.31
1746612444, 0, 0, 686, 686, 1, 8.15%, 0, 0, 2, 48.67
1746612449, 0, 0, 688, 688, 1, 8.15%, 0, 0, 2, 51.00
1746612455, 0, 0, 689, 689, 1, 8.15%, 0, 0, 2, 46.70
1746612460, 0, 0, 690, 690, 1, 8.15%, 0, 0, 2, 41.89
1746612465, 0, 0, 691, 691, 1, 8.15%, 0, 0, 2, 45.56
1746612475, 0, 0, 694, 694, 1, 8.15%, 0, 0, 2, 45.01
1746612480, 0, 0, 697, 697, 1, 8.15%, 0, 0, 2, 37.77
1746612486, 0, 0, 698, 698, 1, 8.15%, 0, 0, 2, 43.07
1746612496, 0, 10, 698, 697, 19, 8.15%, 0, 0, 2, 51.34
1746612501, 0, 10, 700, 699, 19, 8.15%, 0, 0, 3, 44.97
1746612511, 0, 10, 702, 701, 19, 8.15%, 0, 0, 3, 46.35
1746612527, 0, 10, 703, 702, 19, 8.15%, 0, 0, 3, 49.37
1746612537, 0, 10, 705, 704, 19, 8.15%, 0, 0, 3, 41.76
1746612542, 0, 10, 706, 705, 19, 8.15%, 0, 0, 3, 43.05
1746612552, 0, 10, 707, 706, 19, 8.15%, 0, 0, 3, 40.23
1746612557, 0, 10, 708, 707, 19, 8.15%, 0, 0, 3, 43.20
1746612563, 0, 10, 709, 708, 19, 8.15%, 0, 0, 3, 45.51
1746612568, 0, 10, 710, 709, 19, 8.15%, 0, 0, 3, 48.63
1746612573, 0, 10, 711, 710, 19, 8.15%, 0, 0, 3, 49.65
1746612583, 0, 10, 713, 712, 19, 8.15%, 0, 0, 3, 45.66
1746612593, 0, 10, 715, 714, 19, 8.15%, 0, 0, 3, 45.53
1746612598, 0, 10, 716, 715, 19, 8.15%, 0, 0, 3, 8.73
1746612609, 0, 10, 717, 716, 19, 8.15%, 0, 0, 3, 45.06
1746612614, 0, 10, 718, 717, 19, 8.15%, 0, 0, 3, 45.21
1746612619, 0, 10, 719, 718, 19, 8.15%, 0, 0, 3, 42.94
1746612624, 0, 10, 720, 719, 19, 8.15%, 0, 0, 3, 45.19
1746612629, 0, 10, 721, 720, 19, 8.15%, 0, 0, 3, 45.99
1746612634, 0, 10, 722, 721, 19, 8.15%, 0, 0, 3, 52.53
1746612644, 0, 10, 723, 722, 19, 8.15%, 0, 0, 3, 45.01
1746612649, 0, 10, 724, 723, 19, 8.15%, 0, 0, 3, 44.64
1746612659, 0, 10, 725, 724, 19, 8.15%, 0, 0, 3, 45.06
1746612665, 0, 10, 726, 725, 19, 8.15%, 0, 0, 3, 44.20
1746612695, 0, 10, 727, 726, 19, 8.15%, 0, 0, 3, 47.70
1746612701, 0, 10, 728, 727, 19, 8.15%, 0, 0, 3, 44.00
1746612706, 0, 216, 729, 727, 15, 8.15%, 0, 0, 3, 43.91
1746612711, 0, 216, 730, 728, 15, 8.15%, 0, 0, 3, 34.27
1746612731, 0, 216, 731, 729, 15, 8.15%, 0, 0, 3, 28.90
1746612737, 0, 216, 732, 730, 15, 8.15%, 0, 0, 3, 28.76
1746612747, 0, 216, 733, 731, 15, 8.15%, 0, 0, 3, 31.88
1746612752, 0, 216, 734, 732, 15, 8.15%, 0, 0, 3, 33.88
1746612757, 0, 216, 735, 733, 15, 8.15%, 0, 0, 3, 35.94
1746612767, 0, 216, 736, 734, 15, 8.15%, 0, 0, 3, 34.83
1746612772, 0, 216, 737, 735, 15, 8.15%, 0, 0, 3, 33.89
1746612777, 0, 216, 739, 737, 15, 8.15%, 0, 0, 3, 33.04
1746612788, 0, 216, 740, 738, 15, 8.15%, 0, 0, 3, 35.15
1746612793, 0, 216, 741, 739, 15, 8.15%, 0, 0, 3, 36.36
1746612803, 0, 216, 742, 740, 15, 8.15%, 0, 0, 3, 33.96
1746612813, 0, 216, 743, 741, 15, 8.15%, 0, 0, 3, 35.28
1746612839, 0, 216, 745, 743, 15, 8.15%, 0, 0, 3, 27.94
1746612844, 0, 216, 746, 744, 15, 8.15%, 0, 0, 3, 33.05
1746612849, 0, 216, 747, 745, 15, 8.15%, 0, 0, 3, 32.06
1746612859, 0, 216, 748, 746, 15, 8.15%, 0, 0, 3, 33.29
1746612864, 0, 216, 749, 747, 15, 8.15%, 0, 0, 3, 33.53
1746612870, 0, 216, 750, 748, 15, 8.15%, 0, 0, 3, 31.40
1746612885, 0, 216, 751, 749, 15, 8.15%, 0, 0, 3, 30.96
1746612895, 0, 216, 753, 751, 15, 8.15%, 0, 0, 3, 33.40
1746612905, 0, 216, 754, 752, 15, 8.15%, 0, 0, 3, 34.89
1746612910, 0, 216, 755, 753, 15, 8.15%, 0, 0, 3, 33.90
1746612926, 0, 216, 756, 754, 15, 8.15%, 0, 0, 3, 35.67
1746612931, 0, 216, 758, 756, 15, 8.15%, 0, 0, 3, 31.92
1746612941, 0, 216, 759, 757, 15, 8.15%, 0, 0, 3, 35.01
1746612946, 0, 216, 760, 758, 15, 8.15%, 0, 0, 3, 33.71
1746612951, 0, 216, 761, 759, 15, 8.15%, 0, 0, 3, 32.60
1746612961, 0, 216, 762, 760, 15, 8.15%, 0, 0, 3, 34.05
1746612987, 0, 216, 763, 761, 15, 8.15%, 0, 0, 3, 35.25
1746612992, 0, 216, 764, 762, 15, 8.15%, 0, 0, 3, 29.02
1746613002, 0, 216, 765, 763, 15, 8.15%, 0, 0, 3, 32.52
1746613013, 0, 216, 766, 764, 15, 8.15%, 0, 0, 3, 34.85
1746613018, 0, 216, 767, 765, 15, 8.15%, 0, 0, 3, 34.39
1746613033, 0, 216, 768, 766, 15, 8.15%, 0, 0, 3, 35.21
1746613058, 0, 216, 770, 768, 15, 8.15%, 0, 0, 3, 27.09
1746613069, 0, 216, 771, 769, 15, 8.15%, 0, 0, 3, 31.97
1746613074, 0, 216, 772, 770, 15, 8.15%, 0, 0, 3, 33.01
1746613079, 0, 216, 773, 771, 15, 8.15%, 0, 0, 3, 34.59
1746613084, 0, 216, 774, 772, 15, 8.15%, 0, 0, 3, 33.73
1746613089, 0, 216, 775, 773, 15, 8.15%, 0, 0, 3, 34.48
1746613099, 0, 216, 776, 774, 15, 8.15%, 0, 0, 3, 35.03
1746613104, 0, 216, 777, 775, 15, 8.15%, 0, 0, 3, 33.76
1746613119, 0, 216, 778, 776, 15, 8.15%, 0, 0, 3, 34.06
1746613130, 0, 216, 779, 777, 15, 8.15%, 0, 0, 3, 29.72
1746613155, 0, 216, 780, 778, 15, 8.15%, 0, 0, 3, 34.95
1746613160, 0, 216, 781, 779, 15, 8.15%, 0, 0, 3, 34.16
1746613165, 0, 216, 782, 780, 15, 8.15%, 0, 0, 3, 35.19
1746613181, 0, 216, 783, 781, 15, 8.15%, 0, 0, 3, 30.85
1746613191, 0, 216, 784, 782, 15, 8.15%, 0, 0, 3, 33.03
1746613196, 0, 216, 785, 783, 15, 8.15%, 0, 0, 3, 31.89
1746613227, 0, 216, 786, 784, 15, 8.15%, 0, 0, 3, 32.32
1746613232, 0, 216, 787, 785, 15, 8.17%, 0, 0, 3, 30.82
1746613237, 0, 219, 787, 784, 13, 8.17%, 0, 0, 3, 34.10
1746613257, 0, 219, 788, 785, 13, 8.17%, 0, 0, 3, 32.57
1746613268, 0, 219, 789, 786, 13, 8.17%, 0, 0, 3, 31.43
1746613283, 0, 219, 790, 787, 13, 8.17%, 0, 0, 3, 30.96
1746613303, 0, 219, 791, 788, 13, 8.17%, 0, 0, 3, 30.94
1746613354, 0, 219, 792, 789, 13, 8.17%, 0, 0, 3, 32.59
1746613359, 0, 219, 793, 790, 13, 8.17%, 0, 0, 3, 30.08
1746613364, 0, 219, 794, 791, 13, 8.17%, 0, 0, 3, 28.25
1746613370, 0, 219, 795, 792, 13, 8.17%, 0, 0, 3, 32.37
1746613380, 0, 219, 796, 793, 13, 8.17%, 0, 0, 3, 33.43
1746613385, 0, 219, 797, 794, 13, 8.17%, 0, 0, 3, 27.93
1746613405, 0, 219, 798, 795, 13, 8.17%, 0, 0, 3, 30.08
1746613436, 0, 219, 799, 796, 13, 8.17%, 0, 0, 3, 28.23
1746613462, 0, 219, 800, 797, 13, 8.17%, 0, 0, 3, 26.19
1746613493, 0, 219, 801, 798, 13, 8.17%, 0, 0, 3, 29.18
1746613503, 0, 219, 802, 799, 13, 8.17%, 0, 0, 3, 29.35
1746613513, 0, 219, 803, 800, 13, 8.17%, 0, 0, 3, 32.71
1746613585, 0, 219, 804, 801, 13, 8.17%, 0, 0, 3, 31.49
1746613590, 0, 219, 805, 802, 13, 8.17%, 0, 0, 3, 31.97
1746613646, 0, 219, 806, 803, 13, 8.17%, 0, 0, 3, 30.70
1746613656, 0, 219, 807, 804, 13, 8.17%, 0, 0, 3, 31.09
1746613671, 0, 219, 808, 805, 13, 8.17%, 0, 0, 3, 30.77
1746613687, 0, 219, 809, 806, 13, 8.17%, 0, 0, 3, 31.82
1746613707, 0, 219, 810, 807, 13, 8.17%, 0, 0, 3, 32.36
1746613723, 0, 219, 811, 808, 13, 8.17%, 0, 0, 3, 32.68
1746613733, 0, 219, 812, 809, 13, 8.17%, 0, 0, 3, 34.27
1746613769, 0, 219, 813, 810, 13, 8.17%, 0, 0, 3, 32.73
1746613774, 0, 250, 813, 809, 13, 8.17%, 0, 0, 3, 24.13
1746613794, 0, 250, 814, 810, 13, 8.17%, 0, 0, 3, 31.43
1746613820, 0, 255, 814, 809, 13, 8.17%, 0, 0, 3, 26.30
1746613881, 0, 255, 815, 810, 13, 8.17%, 0, 0, 3, 27.28
1746613912, 0, 262, 815, 809, 12, 8.17%, 0, 0, 3, 30.05
1746613927, 0, 262, 816, 810, 12, 8.17%, 0, 0, 3, 36.20
1746613958, 0, 339, 816, 809, 11, 8.17%, 0, 0, 3, 36.07
1746613994, 0, 377, 816, 808, 11, 8.17%, 0, 0, 3, 24.82
1746614035, 0, 518, 816, 807, 11, 8.17%, 0, 0, 3, 48.33
1746614040, 0, 518, 817, 808, 11, 8.17%, 0, 0, 3, 44.19
1746614060, 0, 567, 817, 807, 11, 8.17%, 0, 0, 3, 32.87
1746614071, 0, 567, 818, 808, 11, 8.17%, 0, 0, 3, 27.61
1746614081, 0, 567, 819, 809, 11, 8.17%, 0, 0, 3, 34.92
1746614106, 0, 567, 820, 810, 11, 8.17%, 0, 0, 3, 35.53
1746614116, 0, 567, 821, 811, 11, 8.17%, 0, 0, 3, 35.55
1746614152, 0, 567, 822, 812, 11, 8.17%, 0, 0, 3, 36.04
1746614163, 0, 567, 823, 813, 11, 8.17%, 0, 0, 3, 36.08
1746614173, 0, 567, 824, 814, 11, 8.23%, 0, 0, 3, 35.22
1746614193, 0, 567, 825, 815, 11, 8.23%, 0, 0, 3, 37.61
1746614229, 0, 567, 826, 816, 11, 8.23%, 0, 0, 3, 35.04
1746614239, 0, 567, 827, 817, 11, 8.23%, 0, 0, 3, 34.34
1746614285, 0, 567, 828, 818, 11, 8.23%, 0, 0, 3, 33.76
1746614311, 0, 567, 830, 820, 11, 8.23%, 0, 0, 3, 32.49
1746614347, 0, 567, 831, 821, 11, 8.23%, 0, 0, 3, 35.87
1746614403, 0, 567, 832, 822, 11, 8.23%, 0, 0, 3, 37.00
1746614413, 0, 567, 833, 823, 11, 8.23%, 0, 0, 3, 35.71
1746614449, 0, 567, 834, 824, 11, 8.23%, 0, 0, 3, 35.28
1746614454, 0, 567, 835, 825, 11, 8.23%, 0, 0, 3, 32.49
1746614520, 0, 607, 835, 824, 12, 8.23%, 0, 0, 3, 36.29
1746614556, 0, 607, 836, 825, 12, 8.23%, 0, 0, 3, 31.11
1746614572, 0, 661, 836, 824, 12, 8.23%, 0, 0, 3, 32.59
1746614577, 0, 661, 837, 825, 12, 8.24%, 0, 0, 3, 32.47
1746614587, 0, 661, 838, 826, 12, 8.24%, 0, 0, 3, 28.90
1746614597, 0, 661, 839, 827, 12, 8.24%, 0, 0, 3, 32.64
1746614608, 0, 661, 840, 828, 12, 8.24%, 0, 0, 3, 25.89
1746614618, 0, 661, 841, 829, 12, 8.24%, 0, 0, 3, 29.15
1746614623, 0, 661, 843, 831, 12, 8.24%, 0, 0, 3, 32.56
1746614633, 0, 661, 844, 832, 12, 8.24%, 0, 0, 3, 25.84
1746614638, 0, 661, 845, 833, 12, 8.24%, 0, 0, 3, 32.88
1746614653, 0, 662, 845, 832, 16, 8.24%, 0, 0, 3, 34.60
1746614659, 0, 662, 848, 835, 16, 8.24%, 0, 0, 3, 19.15
1746614664, 0, 662, 850, 837, 16, 8.24%, 0, 0, 3, 13.85
1746614669, 0, 662, 853, 840, 16, 8.25%, 0, 0, 3, 10.77
1746614674, 0, 662, 856, 843, 16, 8.25%, 0, 0, 3, 10.30
1746614679, 0, 662, 859, 846, 16, 8.25%, 0, 0, 3, 9.99
1746614684, 0, 662, 860, 847, 16, 8.25%, 0, 0, 3, 10.03
1746614689, 0, 662, 863, 850, 16, 8.25%, 0, 0, 3, 13.72
1746614695, 0, 662, 864, 851, 16, 8.25%, 0, 0, 3, 12.28
1746614705, 0, 662, 865, 852, 16, 8.25%, 0, 0, 3, 9.86
1746614715, 0, 662, 867, 854, 16, 8.25%, 0, 0, 3, 13.70
1746614720, 0, 662, 869, 856, 16, 8.25%, 0, 0, 3, 10.64
1746614730, 0, 662, 870, 857, 16, 8.25%, 0, 0, 3, 10.88
1746614735, 0, 662, 871, 858, 16, 8.25%, 0, 0, 3, 12.53
1746614740, 0, 662, 873, 860, 16, 8.25%, 0, 0, 3, 12.90
1746614756, 0, 662, 876, 863, 16, 8.25%, 0, 0, 3, 16.48
1746614761, 0, 662, 877, 864, 16, 8.25%, 0, 0, 3, 15.58
1746614786, 0, 662, 878, 865, 16, 8.25%, 0, 0, 3, 11.56
1746614802, 0, 662, 883, 870, 16, 8.25%, 0, 0, 3, 9.46
1746614807, 0, 662, 884, 871, 16, 8.25%, 0, 0, 3, 9.88
1746614817, 0, 662, 885, 872, 16, 8.25%, 0, 0, 3, 9.82
1746614822, 0, 662, 886, 873, 16, 8.25%, 0, 0, 3, 10.70
1746614827, 0, 662, 887, 874, 16, 8.25%, 0, 0, 3, 10.60
1746614843, 0, 662, 888, 875, 16, 8.25%, 0, 0, 3, 9.62
1746614848, 0, 662, 889, 876, 16, 8.25%, 0, 0, 3, 9.91
1746614883, 0, 662, 890, 877, 16, 8.25%, 0, 0, 3, 12.09
1746614888, 0, 662, 891, 878, 16, 8.25%, 0, 0, 3, 12.06
1746614924, 0, 662, 892, 879, 16, 8.25%, 0, 0, 3, 10.71
1746614929, 0, 662, 895, 882, 16, 8.25%, 0, 0, 3, 9.41
1746614934, 0, 662, 896, 883, 16, 8.25%, 0, 0, 3, 10.02
1746614949, 0, 662, 898, 885, 16, 8.25%, 0, 0, 3, 9.42
1746615006, 0, 662, 900, 887, 16, 8.25%, 0, 0, 3, 10.00
1746615047, 0, 662, 903, 890, 16, 8.25%, 0, 0, 3, 18.12
1746615052, 0, 662, 904, 891, 16, 8.25%, 0, 0, 3, 24.74
1746615057, 0, 662, 905, 892, 16, 8.25%, 0, 0, 3, 22.09
1746615072, 0, 662, 906, 893, 16, 8.25%, 0, 0, 3, 23.70
1746615083, 0, 662, 908, 895, 16, 8.25%, 0, 0, 3, 21.23
1746615093, 0, 662, 909, 896, 16, 8.26%, 0, 0, 3, 23.05
1746615103, 0, 662, 910, 897, 16, 8.26%, 0, 0, 3, 22.92
1746615108, 0, 662, 911, 898, 16, 8.26%, 0, 0, 3, 22.04
1746615119, 0, 662, 913, 900, 16, 8.26%, 0, 0, 3, 22.46
1746615139, 0, 662, 914, 901, 16, 8.26%, 0, 0, 3, 23.87
1746615154, 0, 662, 915, 902, 16, 8.26%, 0, 0, 3, 22.90
1746615185, 0, 662, 916, 903, 16, 8.26%, 0, 0, 3, 23.50
1746615206, 0, 662, 917, 904, 16, 8.26%, 0, 0, 3, 23.55
1746615211, 0, 662, 918, 905, 16, 8.26%, 0, 0, 3, 23.77
1746615216, 0, 662, 919, 906, 16, 8.26%, 0, 0, 3, 20.84
1746615226, 0, 662, 921, 908, 16, 8.28%, 0, 0, 3, 16.77
1746615231, 0, 662, 922, 909, 16, 8.28%, 0, 0, 3, 21.84
1746615241, 0, 662, 923, 910, 16, 8.28%, 0, 0, 3, 21.08
1746615247, 0, 662, 924, 911, 16, 8.28%, 0, 0, 3, 21.33
1746615282, 0, 662, 925, 912, 16, 8.28%, 0, 0, 3, 22.53
1746615287, 0, 662, 926, 913, 16, 8.28%, 0, 0, 3, 21.50
1746615292, 0, 662, 927, 914, 16, 8.28%, 0, 0, 3, 18.96
1746615303, 0, 662, 928, 915, 16, 8.29%, 0, 0, 3, 22.00
1746615338, 0, 662, 929, 916, 16, 8.29%, 0, 0, 3, 20.73
1746615343, 0, 662, 930, 917, 16, 8.29%, 0, 0, 3, 18.92
1746615364, 0, 662, 931, 918, 16, 8.29%, 0, 0, 3, 23.39
1746615374, 0, 662, 932, 919, 16, 8.29%, 0, 0, 3, 22.97
1746615379, 0, 662, 934, 921, 16, 8.29%, 0, 0, 3, 21.41
1746615395, 0, 662, 935, 922, 16, 8.29%, 0, 0, 3, 20.73
1746615446, 0, 662, 935, 922, 16, 8.29%, 1, 0, 3, 27.00
1746615451, 0, 662, 935, 922, 16, 8.29%, 2, 0, 3, 24.80
1746615461, 0, 662, 936, 923, 16, 8.29%, 2, 0, 3, 25.41
1746615533, 0, 662, 937, 924, 16, 8.29%, 2, 0, 3, 22.59
1746615574, 0, 662, 938, 925, 16, 8.29%, 2, 0, 3, 21.74
1746615589, 0, 662, 939, 926, 16, 8.29%, 2, 0, 3, 18.90
1746615615, 0, 662, 940, 927, 16, 8.29%, 2, 0, 3, 21.85
1746615640, 0, 662, 941, 928, 16, 8.29%, 2, 0, 3, 22.37
1746615661, 0, 662, 942, 929, 16, 8.29%, 2, 0, 3, 22.22
1746615666, 0, 662, 943, 930, 16, 8.29%, 2, 0, 3, 21.77
1746615712, 0, 662, 944, 931, 16, 8.29%, 2, 0, 3, 23.62
1746615723, 0, 662, 945, 932, 16, 8.29%, 2, 0, 3, 21.28
1746615759, 0, 664, 945, 931, 20, 8.29%, 2, 0, 3, 23.79
1746615830, 0, 673, 947, 932, 20, 8.29%, 2, 0, 3, 31.31
1746615835, 0, 673, 949, 934, 20, 8.29%, 2, 0, 3, 29.55
1746615846, 0, 673, 950, 935, 20, 8.29%, 2, 0, 3, 28.95
1746615866, 0, 673, 951, 936, 20, 8.29%, 2, 0, 3, 29.45
1746615928, 0, 673, 952, 937, 20, 8.29%, 2, 0, 3, 29.78
1746615949, 0, 673, 953, 938, 20, 8.29%, 2, 0, 3, 31.34
1746615954, 0, 673, 954, 939, 20, 8.29%, 2, 0, 3, 29.41
1746615969, 0, 673, 957, 942, 20, 8.29%, 2, 0, 3, 32.19
1746615974, 0, 673, 958, 943, 20, 8.40%, 2, 0, 3, 29.06
1746615994, 0, 673, 959, 944, 20, 8.40%, 2, 0, 3, 33.62
1746615999, 0, 673, 961, 946, 20, 8.40%, 2, 0, 3, 29.96
1746616004, 0, 673, 963, 948, 20, 8.40%, 2, 0, 3, 30.31
1746616014, 0, 673, 964, 949, 20, 8.40%, 2, 0, 3, 32.13
1746616025, 0, 673, 965, 950, 20, 8.40%, 2, 0, 3, 32.83
1746616045, 0, 673, 966, 951, 20, 8.40%, 2, 0, 3, 31.72
1746616066, 0, 673, 967, 952, 20, 8.40%, 2, 0, 3, 29.74
1746616076, 0, 673, 968, 953, 20, 8.40%, 2, 0, 3, 32.11
1746616086, 0, 673, 970, 955, 20, 8.40%, 2, 0, 3, 27.74
1746616106, 0, 673, 971, 956, 20, 8.40%, 2, 0, 3, 30.52
1746616142, 0, 673, 972, 957, 20, 8.40%, 2, 0, 3, 31.87
1746616229, 0, 673, 973, 958, 20, 8.40%, 2, 0, 3, 32.34
1746616250, 0, 673, 974, 959, 20, 8.40%, 2, 0, 3, 32.50
1746616286, 0, 673, 975, 960, 20, 8.40%, 2, 0, 3, 32.05
1746616291, 0, 673, 976, 961, 20, 8.40%, 2, 0, 3, 31.51
1746616413, 0, 673, 977, 962, 20, 8.40%, 2, 0, 3, 33.19
1746616433, 0, 673, 978, 963, 20, 8.40%, 2, 0, 3, 33.88
1746616438, 0, 673, 979, 964, 20, 8.40%, 2, 0, 3, 34.24
1746616464, 0, 673, 980, 965, 20, 8.40%, 2, 0, 3, 31.92
1746616479, 0, 674, 981, 965, 22, 8.40%, 2, 0, 3, 27.78
1746616490, 0, 674, 982, 966, 22, 8.40%, 2, 0, 3, 21.91
1746616500, 0, 674, 984, 968, 22, 8.41%, 2, 0, 3, 20.75
1746616505, 0, 674, 985, 969, 22, 8.41%, 2, 0, 3, 16.70
1746616516, 0, 674, 986, 970, 22, 8.41%, 2, 0, 3, 23.59
1746616521, 0, 674, 988, 972, 22, 8.41%, 2, 0, 3, 22.62
1746616536, 0, 674, 989, 973, 22, 8.41%, 2, 0, 3, 26.50
1746616587, 0, 674, 990, 974, 22, 8.41%, 2, 0, 3, 15.39
1746616613, 0, 674, 993, 977, 22, 8.41%, 2, 0, 3, 15.72
1746616634, 0, 674, 994, 978, 22, 8.41%, 2, 0, 3, 17.44
1746616670, 0, 674, 995, 979, 22, 8.41%, 2, 0, 3, 21.92
1746616710, 0, 726, 995, 978, 23, 8.41%, 2, 0, 3, 28.39
1746616879, 0, 754, 995, 977, 22, 8.41%, 2, 0, 3, 32.74
1746616904, 0, 766, 995, 976, 21, 8.41%, 2, 0, 3, 31.61
1746616935, 0, 766, 996, 977, 21, 8.41%, 2, 0, 4, 25.83
1746616996, 0, 799, 996, 976, 20, 8.41%, 2, 0, 4, 20.48
1746617057, 0, 799, 997, 977, 20, 8.41%, 2, 0, 4, 12.53
1746617083, 0, 799, 998, 978, 20, 8.41%, 2, 0, 4, 11.14
1746617436, 0, 799, 999, 979, 20, 8.41%, 2, 0, 4, 21.60
1746617478, 0, 799, 1000, 980, 20, 8.41%, 2, 0, 4, 8.61
1746617483, 0, 799, 1001, 981, 20, 8.41%, 2, 0, 4, 7.62
1746617559, 0, 799, 1002, 982, 20, 8.41%, 2, 0, 4, 9.83
1746617575, 0, 811, 1002, 981, 20, 8.41%, 2, 0, 4, 26.40
1746617585, 0, 811, 1003, 982, 20, 8.41%, 2, 0, 4, 24.87
1746617631, 0, 823, 1003, 981, 20, 8.41%, 2, 0, 4, 21.65
1746617651, 0, 823, 1004, 982, 20, 8.41%, 2, 0, 4, 18.43
1746617733, 0, 823, 1005, 983, 20, 8.41%, 2, 0, 4, 19.89
1746617800, 0, 841, 1005, 982, 19, 8.41%, 2, 0, 4, 32.85
1746617867, 0, 841, 1006, 983, 19, 8.41%, 2, 0, 4, 29.48
1746617887, 0, 841, 1007, 984, 19, 8.41%, 2, 0, 4, 31.71
1746617892, 0, 841, 1008, 985, 19, 8.41%, 2, 0, 4, 27.69
1746617954, 0, 841, 1009, 986, 19, 8.41%, 2, 0, 4, 31.56
1746618123, 0, 847, 1009, 985, 18, 8.41%, 2, 0, 4, 25.31
1746618144, 0, 847, 1010, 986, 18, 8.41%, 2, 0, 4, 9.63
1746618174, 0, 847, 1011, 987, 18, 8.41%, 2, 0, 4, 10.47
1746618190, 0, 847, 1012, 988, 18, 8.41%, 2, 0, 4, 10.22
1746618369, 0, 847, 1013, 989, 18, 8.41%, 2, 0, 4, 12.52
1746618522, 0, 853, 1013, 988, 18, 8.41%, 2, 0, 4, 18.74
1746618804, 0, 880, 1013, 987, 17, 8.41%, 2, 0, 4, 17.38
1746619174, 0, 892, 1013, 986, 17, 8.41%, 2, 0, 4, 20.24
1746619547, 0, 908, 1013, 985, 17, 8.41%, 2, 0, 4, 20.10
1746619917, 0, 908, 1014, 986, 17, 8.41%, 2, 0, 4, 8.64
1746619942, 0, 915, 1015, 986, 17, 8.41%, 2, 0, 4, 24.27
1746619962, 0, 915, 1016, 987, 17, 8.41%, 2, 0, 4, 17.44
1746620105, 0, 915, 1017, 988, 17, 8.41%, 2, 0, 4, 18.26
1746620116, 0, 915, 1018, 989, 17, 8.41%, 2, 0, 4, 16.65
1746620126, 0, 915, 1019, 990, 17, 8.41%, 2, 0, 4, 13.45
1746620146, 0, 920, 1019, 989, 15, 8.41%, 2, 0, 4, 18.47
1746620532, 0, 927, 1019, 988, 15, 8.41%, 2, 0, 4, 16.46
1746620537, 0, 927, 1020, 989, 15, 8.41%, 2, 0, 4, 13.44
1746620547, 0, 927, 1021, 990, 15, 8.41%, 2, 0, 4, 8.96
1746620557, 0, 927, 1022, 991, 15, 8.41%, 2, 0, 4, 7.72
1746620573, 0, 927, 1025, 994, 15, 8.50%, 2, 0, 4, 6.65
1746620593, 0, 927, 1026, 995, 15, 8.50%, 2, 0, 4, 9.55
1746620624, 0, 927, 1027, 996, 15, 8.50%, 2, 0, 4, 7.60
1746620655, 0, 927, 1028, 997, 15, 8.50%, 2, 0, 4, 7.16
1746620660, 0, 927, 1030, 999, 15, 8.50%, 2, 0, 4, 6.56
1746620676, 0, 927, 1031, 1000, 15, 8.50%, 2, 0, 4, 8.46
1746620681, 0, 927, 1033, 1002, 15, 8.50%, 2, 0, 4, 9.12
1746620686, 0, 927, 1035, 1004, 15, 8.50%, 2, 0, 4, 7.56
1746620743, 0, 927, 1036, 1005, 15, 8.50%, 2, 0, 4, 9.17
1746620928, 0, 927, 1037, 1006, 15, 8.50%, 2, 0, 4, 6.35
1746621020, 0, 927, 1038, 1007, 15, 8.55%, 2, 0, 4, 6.02
1746621077, 0, 927, 1039, 1008, 15, 8.55%, 2, 0, 4, 5.60
1746621088, 0, 927, 1040, 1009, 15, 8.55%, 2, 0, 4, 5.40
1746621098, 0, 927, 1042, 1011, 15, 8.55%, 2, 0, 4, 5.39
1746621232, 0, 927, 1043, 1012, 15, 8.55%, 2, 0, 4, 6.65
1746621237, 0, 927, 1044, 1013, 15, 8.55%, 2, 0, 4, 6.43
1746621415, 0, 927, 1045, 1014, 15, 8.55%, 2, 0, 4, 5.78
1746621431, 0, 927, 1046, 1015, 15, 8.55%, 2, 0, 4, 7.67
1746621446, 0, 948, 1046, 1014, 15, 8.55%, 2, 0, 4, 18.14
1746621466, 0, 948, 1048, 1016, 15, 8.55%, 2, 0, 4, 23.23
1746621609, 0, 948, 1049, 1017, 15, 8.55%, 2, 0, 4, 29.45
1746621634, 0, 957, 1049, 1016, 14, 8.55%, 2, 0, 4, 21.11
1746621644, 0, 957, 1051, 1018, 14, 8.55%, 2, 0, 4, 11.16
1746621670, 0, 957, 1052, 1019, 14, 8.55%, 2, 0, 4, 9.18
1746621680, 0, 957, 1053, 1020, 14, 8.55%, 2, 0, 4, 8.95
1746621691, 0, 957, 1054, 1021, 14, 8.55%, 2, 0, 4, 10.42
1746621706, 0, 957, 1055, 1022, 14, 8.55%, 2, 0, 4, 9.49
1746621711, 0, 957, 1056, 1023, 14, 8.55%, 2, 0, 4, 9.94
1746621793, 0, 957, 1057, 1024, 14, 8.55%, 2, 0, 4, 8.95
1746622045, 0, 957, 1058, 1025, 14, 8.55%, 2, 0, 4, 8.22
1746622050, 0, 957, 1059, 1026, 14, 8.55%, 2, 0, 4, 8.34
1746622055, 0, 957, 1060, 1027, 14, 8.55%, 2, 0, 4, 8.21
1746622091, 0, 957, 1061, 1028, 14, 8.55%, 2, 0, 4, 12.06
1746622137, 0, 957, 1062, 1029, 14, 8.55%, 2, 0, 4, 7.97
1746622142, 0, 957, 1063, 1030, 14, 8.55%, 2, 0, 4, 7.89
1746622168, 0, 968, 1064, 1030, 15, 8.55%, 2, 0, 4, 26.73
1746622173, 0, 968, 1066, 1032, 15, 8.55%, 2, 0, 4, 30.81
1746622224, 0, 968, 1068, 1034, 15, 8.55%, 2, 0, 4, 32.40
1746622239, 0, 968, 1069, 1035, 15, 8.55%, 2, 0, 4, 32.63
1746622255, 0, 977, 1069, 1034, 14, 8.55%, 2, 0, 4, 32.18
1746622260, 0, 977, 1071, 1036, 14, 8.55%, 2, 0, 4, 32.70
1746622265, 0, 977, 1072, 1037, 14, 8.55%, 2, 0, 4, 32.75
1746622280, 0, 977, 1073, 1038, 14, 8.55%, 2, 0, 4, 32.20
1746622306, 0, 977, 1075, 1040, 14, 8.55%, 2, 0, 4, 33.55
1746622337, 0, 981, 1075, 1039, 15, 8.55%, 2, 0, 4, 30.38
1746622347, 0, 981, 1076, 1040, 15, 8.55%, 2, 0, 4, 27.06
1746622362, 0, 981, 1077, 1041, 15, 8.55%, 2, 0, 4, 30.30
1746622378, 0, 981, 1078, 1042, 15, 8.55%, 2, 0, 4, 24.68
1746622429, 0, 988, 1078, 1041, 14, 8.55%, 2, 0, 4, 30.81
1746622516, 0, 990, 1078, 1040, 13, 8.55%, 2, 0, 4, 25.01
1746622531, 0, 990, 1079, 1041, 13, 8.55%, 2, 0, 4, 16.34
1746622536, 0, 990, 1081, 1043, 13, 8.55%, 2, 0, 4, 12.22
1746622618, 0, 990, 1082, 1044, 13, 8.55%, 2, 0, 4, 10.45
1746622623, 0, 990, 1084, 1046, 13, 8.55%, 2, 0, 4, 10.54
1746622714, 0, 990, 1087, 1049, 13, 8.55%, 2, 0, 4, 13.72
1746622780, 0, 990, 1088, 1050, 13, 8.55%, 2, 0, 4, 23.77
1746622801, 0, 993, 1088, 1049, 13, 8.55%, 2, 0, 4, 23.54
1746622811, 0, 993, 1089, 1050, 13, 8.55%, 2, 0, 4, 11.98
1746623067, 0, 1002, 1089, 1049, 12, 8.55%, 2, 0, 4, 22.39
1746623164, 0, 1013, 1089, 1048, 11, 8.55%, 2, 0, 4, 18.54
1746623573, 0, 1014, 1089, 1047, 10, 8.55%, 2, 0, 4, 19.30
1746623578, 0, 1014, 1090, 1048, 10, 8.55%, 2, 0, 5, 15.39
1746623588, 0, 1014, 1092, 1050, 10, 8.55%, 2, 0, 5, 14.38
1746623599, 0, 1014, 1095, 1053, 10, 8.55%, 2, 0, 5, 13.99
1746623604, 0, 1014, 1096, 1054, 10, 8.55%, 2, 0, 5, 15.04
1746623660, 0, 1014, 1098, 1056, 10, 8.55%, 2, 0, 5, 14.24
1746623716, 0, 1014, 1099, 1057, 10, 8.55%, 2, 0, 5, 13.57
1746623757, 0, 1014, 1100, 1058, 10, 8.55%, 2, 0, 5, 13.37
1746623803, 0, 1037, 1100, 1057, 10, 8.55%, 2, 0, 5, 20.61
1746623813, 0, 1037, 1101, 1058, 10, 8.55%, 2, 0, 5, 10.15
1746623845, 0, 1037, 1102, 1059, 10, 8.55%, 2, 0, 5, 5.84
1746623866, 0, 1037, 1103, 1060, 10, 8.55%, 2, 0, 5, 7.52
1746623897, 0, 1037, 1104, 1061, 10, 8.55%, 2, 0, 5, 5.79
1746623944, 0, 1037, 1105, 1062, 10, 8.55%, 2, 0, 5, 5.73
1746623965, 0, 1037, 1106, 1063, 10, 8.55%, 2, 0, 5, 9.21
1746623996, 0, 1037, 1107, 1064, 10, 8.55%, 2, 0, 5, 10.75
1746624001, 0, 1037, 1108, 1065, 10, 8.55%, 2, 0, 5, 10.69
1746624140, 0, 1037, 1109, 1066, 10, 8.55%, 2, 0, 5, 6.99
1746624383, 0, 1037, 1110, 1067, 10, 8.55%, 2, 0, 5, 8.95
1746624404, 0, 1037, 1111, 1068, 10, 8.55%, 2, 0, 5, 6.03
1746624741, 0, 1037, 1111, 1068, 10, 8.55%, 3, 0, 5, 15.97
1746624762, 0, 1044, 1111, 1067, 10, 8.55%, 3, 0, 5, 14.38
1746624777, 0, 1044, 1112, 1068, 10, 8.55%, 3, 0, 5, 6.95
1746624813, 0, 1044, 1113, 1069, 10, 8.55%, 3, 0, 5, 7.94
1746624823, 0, 1044, 1114, 1070, 10, 8.55%, 3, 0, 5, 7.48
1746624829, 0, 1044, 1115, 1071, 10, 8.55%, 3, 0, 5, 8.02
1746624865, 0, 1044, 1116, 1072, 10, 8.55%, 3, 0, 5, 6.08
1746624880, 0, 1044, 1117, 1073, 10, 8.55%, 3, 0, 5, 8.78
1746624963, 0, 1044, 1118, 1074, 10, 8.55%, 3, 0, 5, 11.69
1746625025, 0, 1044, 1119, 1075, 10, 8.55%, 3, 0, 5, 6.50
1746625349, 0, 1044, 1120, 1076, 10, 8.55%, 3, 0, 5, 10.66
1746625688, 0, 1044, 1121, 1077, 10, 8.55%, 3, 0, 5, 7.35
1746625704, 0, 1044, 1121, 1077, 10, 8.55%, 4, 0, 5, 17.95
1746625709, 0, 1044, 1122, 1078, 10, 8.55%, 4, 0, 5, 16.38
1746625719, 0, 1044, 1122, 1078, 10, 8.55%, 5, 0, 5, 18.07
1746625740, 0, 1044, 1122, 1078, 10, 8.55%, 6, 0, 5, 17.49
1746625755, 0, 1050, 1122, 1077, 10, 8.55%, 6, 0, 5, 16.58
1746625909, 0, 1050, 1123, 1078, 10, 8.55%, 6, 0, 5, 8.71
1746626053, 0, 1050, 1124, 1079, 10, 8.55%, 6, 0, 5, 8.66
1746626144, 0, 1050, 1125, 1080, 10, 8.55%, 6, 0, 5, 20.96
1746626211, 0, 1071, 1125, 1079, 9, 8.55%, 6, 0, 5, 26.25
1746626283, 0, 1071, 1126, 1080, 9, 8.55%, 6, 0, 5, 31.64
1746626339, 0, 1072, 1126, 1079, 8, 8.55%, 6, 0, 5, 32.07
1746626400, 0, 1072, 1127, 1080, 8, 8.55%, 6, 0, 5, 34.43
1746626436, 0, 1083, 1127, 1079, 7, 8.55%, 6, 0, 5, 25.15
1746626457, 0, 1083, 1128, 1080, 7, 8.55%, 6, 0, 5, 12.09
1746626503, 0, 1083, 1129, 1081, 7, 8.55%, 6, 0, 5, 18.09
1746626544, 0, 1083, 1130, 1082, 7, 8.55%, 6, 0, 5, 11.21
1746626718, 0, 1092, 1130, 1081, 7, 8.55%, 6, 0, 5, 22.49
1746626723, 0, 1092, 1131, 1082, 7, 8.55%, 6, 0, 6, 15.89
1746626728, 0, 1092, 1135, 1086, 7, 8.55%, 6, 0, 6, 12.83
1746626738, 0, 1092, 1136, 1087, 7, 8.55%, 6, 0, 6, 13.06
1746626960, 0, 1095, 1136, 1086, 8, 8.55%, 6, 0, 6, 22.77
1746627200, 0, 1103, 1136, 1085, 7, 8.55%, 6, 0, 6, 18.15
1746627205, 0, 1103, 1137, 1086, 7, 8.55%, 6, 0, 6, 12.18
1746627441, 0, 1103, 1138, 1087, 7, 8.55%, 6, 0, 6, 7.02
1746627868, 0, 1103, 1139, 1088, 7, 8.57%, 6, 0, 6, 6.08
1746627884, 0, 1103, 1140, 1089, 7, 8.57%, 6, 0, 6, 5.47
1746628125, 0, 1129, 1140, 1088, 7, 8.57%, 6, 0, 6, 20.30
1746628238, 0, 1129, 1141, 1089, 7, 8.57%, 6, 0, 6, 12.10
1746628402, 0, 1130, 1141, 1088, 7, 8.57%, 6, 0, 6, 25.01
1746628643, 0, 1132, 1141, 1087, 6, 8.57%, 6, 0, 6, 20.83
1746628879, 0, 1134, 1141, 1086, 6, 8.57%, 6, 0, 6, 21.88
1746629120, 0, 1135, 1141, 1085, 6, 8.57%, 6, 0, 6, 19.56
1746629356, 0, 1138, 1141, 1084, 5, 8.57%, 6, 0, 6, 20.25
1746629392, 0, 1138, 1142, 1085, 5, 8.60%, 6, 0, 7, 6.57
1746629402, 0, 1138, 1143, 1086, 5, 8.60%, 6, 0, 7, 5.93
1746629854, 0, 1138, 1144, 1087, 5, 8.60%, 6, 0, 7, 5.58
1746629900, 0, 1138, 1146, 1089, 5, 8.60%, 6, 0, 7, 6.32
1746630019, 0, 1138, 1147, 1090, 5, 8.60%, 6, 0, 7, 5.78
1746630203, 0, 1138, 1148, 1091, 5, 8.60%, 6, 0, 7, 6.05
1746630208, 0, 1138, 1150, 1093, 5, 8.60%, 6, 0, 7, 5.12
1746630214, 0, 1138, 1151, 1094, 5, 8.60%, 6, 0, 7, 5.94
1746630219, 0, 1138, 1152, 1095, 5, 8.60%, 6, 0, 7, 7.15
1746630265, 0, 1140, 1152, 1094, 6, 8.60%, 7, 0, 7, 20.81
1746630546, 0, 1141, 1152, 1093, 5, 8.60%, 7, 0, 7, 18.77
1746630556, 0, 1141, 1153, 1094, 5, 8.60%, 7, 0, 8, 9.59
1746630587, 0, 1141, 1154, 1095, 5, 8.60%, 7, 0, 8, 6.06
1746630592, 0, 1141, 1155, 1096, 5, 8.60%, 7, 0, 8, 7.77
1746630639, 0, 1141, 1156, 1097, 5, 8.60%, 7, 0, 8, 12.02
1746630675, 0, 1141, 1157, 1098, 5, 8.60%, 7, 0, 8, 6.06
1746630680, 0, 1141, 1158, 1099, 5, 8.60%, 7, 0, 8, 8.26
1746631081, 0, 1141, 1159, 1100, 5, 8.60%, 7, 0, 8, 6.50
1746631086, 0, 1141, 1160, 1101, 5, 8.60%, 7, 0, 8, 9.74
1746631204, 0, 1141, 1161, 1102, 5, 8.60%, 7, 0, 8, 5.91
1746631383, 0, 1141, 1162, 1103, 5, 8.60%, 7, 0, 8, 5.98
1746631389, 0, 1141, 1163, 1104, 5, 8.60%, 7, 0, 8, 5.63
1746631430, 0, 1141, 1163, 1104, 5, 8.60%, 8, 0, 8, 16.76
1746631435, 0, 1141, 1163, 1104, 5, 8.60%, 9, 0, 8, 18.56
1746631440, 0, 1141, 1163, 1104, 5, 8.60%, 10, 0, 8, 19.07
1746631445, 0, 1160, 1163, 1103, 4, 8.60%, 10, 0, 8, 16.17
1746631450, 0, 1160, 1164, 1104, 4, 8.60%, 10, 0, 9, 11.76
1746631460, 0, 1160, 1165, 1105, 4, 8.60%, 10, 0, 9, 8.25
1746631486, 0, 1160, 1166, 1106, 4, 8.60%, 10, 0, 9, 6.21
1746631533, 0, 1160, 1167, 1107, 4, 8.60%, 10, 0, 9, 11.24
1746631538, 0, 1160, 1168, 1108, 4, 8.60%, 10, 0, 9, 11.81
1746631574, 0, 1160, 1169, 1109, 4, 8.60%, 10, 0, 9, 8.27
1746631590, 0, 1160, 1170, 1110, 4, 8.60%, 10, 0, 9, 8.69
1746631862, 0, 1160, 1171, 1111, 4, 8.60%, 10, 0, 9, 5.91
1746631867, 0, 1160, 1173, 1113, 4, 8.60%, 10, 0, 9, 6.03
1746632315, 0, 1160, 1174, 1114, 4, 8.60%, 10, 0, 9, 17.35
1746632371, 0, 1160, 1174, 1114, 4, 8.60%, 11, 0, 9, 18.95
1746632376, 0, 1160, 1174, 1114, 4, 8.60%, 12, 0, 9, 18.31
1746632387, 0, 1163, 1174, 1113, 5, 8.60%, 12, 0, 9, 16.32
1746632938, 0, 1163, 1175, 1114, 5, 8.60%, 12, 0, 10, 10.24
1746633215, 0, 1163, 1177, 1116, 5, 8.60%, 12, 0, 10, 5.41
1746633251, 0, 1163, 1177, 1116, 5, 8.60%, 13, 0, 10, 17.28
1746633277, 0, 1163, 1177, 1116, 5, 8.60%, 14, 0, 10, 20.10
1746633282, 0, 1171, 1177, 1115, 4, 8.60%, 14, 0, 10, 16.85
1746634087, 0, 1171, 1178, 1116, 4, 8.60%, 14, 0, 10, 6.91
1746634097, 0, 1171, 1179, 1117, 4, 8.60%, 14, 0, 10, 6.57
1746634164, 0, 1171, 1179, 1117, 4, 8.60%, 15, 0, 10, 21.02
1746634174, 1, 54, 1179, 1116, 3, 8.60%, 15, 0, 10, 35.61
1746634194, 1, 54, 1180, 1117, 3, 8.60%, 15, 0, 10, 32.55
1746634199, 1, 54, 1181, 1118, 3, 8.60%, 15, 0, 10, 36.26
1746634261, 1, 54, 1182, 1119, 3, 8.60%, 15, 0, 10, 38.35
1746634302, 1, 54, 1183, 1120, 3, 8.60%, 15, 0, 10, 32.68
1746634368, 1, 54, 1184, 1121, 3, 8.60%, 15, 0, 10, 34.94
1746634486, 1, 74, 1184, 1120, 3, 8.60%, 15, 0, 10, 43.06
1746634496, 1, 74, 1184, 1120, 3, 8.60%, 16, 0, 10, 37.81
1746634501, 1, 74, 1185, 1121, 3, 8.60%, 16, 0, 10, 39.61
1746634521, 1, 74, 1186, 1122, 3, 8.60%, 16, 0, 10, 33.20
1746634633, 1, 74, 1187, 1123, 3, 8.60%, 16, 0, 10, 35.95
1746634736, 1, 74, 1188, 1124, 3, 8.60%, 16, 0, 10, 37.30
1746634818, 1, 176, 1188, 1123, 3, 8.60%, 16, 0, 10, 35.46
1746634848, 1, 198, 1188, 1122, 2, 8.60%, 16, 0, 10, 43.07
1746634874, 1, 480, 1188, 1121, 2, 8.60%, 16, 0, 10, 26.92
1746634950, 1, 505, 1188, 1120, 2, 8.60%, 16, 0, 10, 38.90
1746635068, 1, 686, 1188, 1119, 2, 8.60%, 16, 0, 10, 28.87
1746635139, 1, 802, 1188, 1118, 1, 8.60%, 16, 0, 10, 20.37
1746635226, 1, 802, 1189, 1119, 1, 8.60%, 16, 0, 10, 15.92
1746635262, 1, 802, 1190, 1120, 1, 8.60%, 16, 0, 10, 24.23
1746635298, 1, 842, 1190, 1119, 1, 8.60%, 16, 0, 10, 31.75
1746635375, 1, 842, 1191, 1120, 1, 8.60%, 16, 0, 10, 30.19
1746635410, 1, 865, 1191, 1119, 1, 8.60%, 16, 0, 10, 24.06
1746635451, 1, 865, 1192, 1120, 1, 8.60%, 16, 0, 10, 8.47
1746635814, 1, 965, 1192, 1119, 1, 8.60%, 16, 0, 10, 23.34
1746635835, 1, 965, 1193, 1120, 1, 8.60%, 16, 0, 10, 21.23
1746635840, 1, 965, 1194, 1121, 1, 8.60%, 16, 0, 10, 23.87
1746635983, 1, 965, 1195, 1122, 1, 8.63%, 16, 0, 10, 24.07
1746636019, 1, 1067, 1195, 1121, 1, 8.63%, 16, 0, 10, 32.16
1746636085, 1, 1067, 1196, 1122, 1, 8.63%, 16, 0, 10, 34.51
1746636101, 1, 1067, 1197, 1123, 1, 8.63%, 16, 0, 10, 30.14
1746636182, 1, 1067, 1198, 1124, 1, 8.63%, 16, 0, 10, 31.53
1746636290, 1, 1172, 1198, 1123, 1, 8.63%, 16, 0, 10, 23.02
1746637095, 1, 1172, 1199, 1124, 1, 8.63%, 16, 0, 10, 6.78
1746637162, 1, 1172, 1199, 1124, 1, 8.63%, 17, 0, 10, 19.04
1746637172, 1, 1172, 1199, 1124, 1, 8.63%, 18, 0, 10, 19.31
1746637177, 1, 1172, 1199, 1124, 1, 8.63%, 20, 0, 10, 19.51
1746637182, 1, 1194, 1199, 1123, 1, 8.63%, 21, 0, 10, 18.85
1746637193, 1, 1194, 1200, 1124, 1, 8.63%, 21, 0, 10, 14.04
1746637198, 1, 1194, 1201, 1125, 1, 8.63%, 21, 0, 10, 11.27
1746637223, 1, 1194, 1203, 1127, 1, 8.63%, 21, 0, 10, 14.67
1746637331, 1, 1194, 1204, 1128, 1, 8.63%, 21, 0, 10, 10.34
1746637479, 1, 1194, 1205, 1129, 1, 8.63%, 21, 0, 10, 10.84
1746637515, 1, 1194, 1206, 1130, 1, 8.63%, 21, 0, 10, 29.29
1746637572, 1, 1194, 1207, 1131, 1, 8.63%, 21, 0, 10, 25.92
1746637730, 1, 1203, 1207, 1130, 1, 8.63%, 21, 0, 10, 24.70
1746637925, 1, 1203, 1208, 1131, 1, 8.63%, 21, 0, 10, 16.76
1746638098, 1, 1207, 1208, 1130, 1, 8.63%, 21, 0, 10, 25.08
1746638466, 2, 4, 1208, 1129, 0, 8.63%, 21, 0, 10, 39.22
1746638497, 2, 4, 1209, 1130, 0, 8.63%, 21, 0, 10, 35.91
1746638528, 2, 4, 1210, 1131, 0, 8.63%, 21, 0, 10, 31.54
1746638563, 2, 4, 1211, 1132, 0, 8.63%, 21, 0, 10, 31.22
1746638578, 2, 4, 1212, 1133, 0, 8.63%, 21, 0, 10, 38.11
1746638614, 2, 4, 1214, 1135, 0, 8.63%, 21, 0, 10, 9.65
1746638666, 2, 4, 1215, 1136, 0, 8.63%, 21, 0, 10, 39.07
1746638748, 2, 4, 1216, 1137, 0, 8.63%, 21, 0, 10, 38.29
1746638783, 2, 4, 1217, 1138, 0, 8.63%, 21, 0, 10, 41.00
1746638799, 2, 5, 1217, 1137, 0, 8.63%, 21, 0, 10, 46.78
1746638825, 2, 5, 1218, 1138, 0, 8.63%, 21, 0, 10, 2.94
1746638886, 2, 8, 1218, 1137, 0, 8.63%, 21, 0, 10, 43.12
1746638916, 2, 8, 1219, 1138, 0, 8.63%, 21, 0, 10, 36.72
1746638932, 2, 8, 1220, 1139, 0, 8.63%, 21, 0, 10, 58.56
1746638942, 2, 8, 1220, 1139, 0, 8.63%, 22, 0, 10, 36.32
1746638947, 2, 8, 1221, 1140, 0, 8.63%, 22, 0, 10, 32.95
1746639023, 2, 8, 1222, 1141, 0, 8.63%, 22, 0, 10, 32.52
1746639105, 2, 8, 1223, 1142, 0, 8.63%, 22, 0, 10, 41.27
1746639115, 2, 8, 1223, 1142, 0, 8.63%, 23, 0, 10, 36.52
1746639167, 2, 8, 1224, 1143, 0, 8.63%, 23, 0, 10, 42.90
1746639217, 2, 10, 1224, 1142, 0, 8.63%, 23, 0, 10, 38.87
1746639223, 2, 12, 1224, 1142, 0, 8.63%, 23, 0, 10, 44.00
1746639263, 2, 13, 1224, 1141, 0, 8.63%, 23, 0, 10, 44.67
1746639304, 2, 13, 1225, 1142, 0, 8.63%, 23, 0, 10, 4.08
1746639351, 2, 16, 1225, 1141, 0, 8.63%, 23, 0, 10, 41.35
1746639392, 2, 21, 1225, 1140, 0, 8.63%, 23, 0, 10, 44.48
1746639402, 2, 21, 1226, 1141, 0, 8.63%, 23, 0, 10, 5.29
1746639433, 2, 21, 1227, 1142, 0, 8.63%, 23, 0, 10, 30.73
1746639499, 2, 21, 1228, 1143, 0, 8.63%, 23, 0, 10, 35.18
1746639622, 2, 21, 1229, 1144, 0, 8.63%, 23, 0, 10, 30.22
1746639678, 2, 21, 1229, 1144, 0, 8.63%, 24, 0, 10, 36.27
1746639698, 2, 21, 1230, 1145, 0, 8.64%, 24, 0, 10, 32.47
1746639739, 2, 21, 1231, 1146, 0, 8.64%, 24, 0, 10, 2.44
1746639780, 2, 21, 1231, 1146, 0, 8.64%, 25, 0, 10, 34.01
1746639810, 2, 21, 1232, 1147, 0, 8.64%, 25, 0, 10, 3.79
1746639866, 2, 114, 1232, 1146, 1, 8.64%, 25, 0, 10, 34.36
1746639902, 2, 131, 1232, 1145, 1, 8.64%, 25, 0, 10, 33.73
1746639907, 2, 131, 1233, 1146, 1, 8.64%, 25, 0, 10, 33.46
1746639953, 2, 187, 1233, 1145, 1, 8.64%, 25, 0, 10, 33.42
1746639999, 2, 263, 1233, 1144, 1, 8.64%, 25, 0, 10, 31.22
1746640040, 2, 525, 1233, 1143, 1, 8.64%, 25, 0, 10, 41.77
1746640348, 2, 525, 1234, 1144, 1, 8.64%, 25, 0, 10, 25.86
1746640378, 2, 589, 1234, 1143, 1, 8.64%, 25, 0, 10, 26.70
1746640409, 2, 647, 1234, 1142, 1, 8.64%, 25, 0, 10, 24.85
1746640455, 2, 797, 1234, 1141, 1, 8.64%, 25, 0, 10, 23.80
1746640638, 2, 844, 1234, 1140, 1, 8.64%, 25, 0, 10, 33.62
1746640725, 2, 921, 1234, 1139, 1, 8.64%, 25, 0, 10, 23.54
1746640883, 2, 1230, 1234, 1138, 1, 8.64%, 25, 0, 10, 2.05
1746641479, 2, 1230, 1235, 1139, 1, 8.64%, 25, 0, 10, 3.16
1746641484, 2, 1230, 1237, 1141, 1, 8.64%, 25, 0, 10, 2.74
1746641489, 2, 1230, 1238, 1142, 1, 8.64%, 25, 0, 10, 2.61
1746641494, 2, 1230, 1239, 1143, 1, 8.64%, 25, 0, 10, 2.67
1746641505, 2, 1230, 1240, 1144, 1, 8.64%, 25, 0, 10, 2.79
1746641520, 2, 1230, 1241, 1145, 1, 8.64%, 25, 0, 10, 2.77
1746641525, 2, 1230, 1242, 1146, 1, 8.64%, 25, 0, 10, 2.71
1746641531, 2, 1230, 1243, 1147, 1, 8.64%, 25, 0, 10, 3.82
1746641546, 2, 1230, 1244, 1148, 1, 8.64%, 25, 0, 10, 3.98
1746641655, 2, 1230, 1245, 1149, 1, 8.64%, 25, 0, 10, 4.46
1746641661, 2, 1230, 1246, 1150, 1, 8.64%, 25, 0, 10, 4.62
1746641703, 2, 1230, 1247, 1151, 1, 8.64%, 25, 0, 10, 5.30
1746641797, 2, 1230, 1248, 1152, 1, 8.64%, 25, 0, 10, 4.89
1746641807, 2, 1230, 1249, 1153, 1, 8.64%, 25, 0, 10, 4.61
1746641817, 2, 1230, 1251, 1155, 1, 8.64%, 25, 0, 10, 5.81
1746641822, 2, 1230, 1253, 1157, 1, 8.64%, 25, 0, 10, 5.83
1746641828, 2, 1230, 1254, 1158, 1, 8.64%, 25, 0, 10, 6.22
1746641848, 2, 1230, 1255, 1159, 1, 8.64%, 25, 0, 10, 4.47
1746641854, 2, 1230, 1257, 1161, 1, 8.64%, 25, 0, 10, 5.47
1746641869, 2, 1230, 1258, 1162, 1, 8.64%, 25, 0, 10, 4.65
1746641875, 2, 1230, 1259, 1163, 1, 8.64%, 25, 0, 10, 4.82
1746641896, 2, 1230, 1260, 1164, 1, 8.64%, 25, 0, 10, 5.10
1746641937, 2, 1230, 1261, 1165, 1, 8.64%, 25, 0, 10, 4.70
1746641973, 2, 1230, 1264, 1168, 1, 8.64%, 25, 0, 10, 5.29
1746641978, 2, 1230, 1265, 1169, 1, 8.64%, 25, 0, 10, 5.66
1746641984, 2, 1230, 1266, 1170, 1, 8.64%, 25, 0, 10, 5.28
1746641994, 2, 1230, 1267, 1171, 1, 8.64%, 25, 0, 10, 4.97
1746643012, 2, 1230, 1268, 1172, 1, 8.64%, 25, 0, 10, 3.77
1746643033, 2, 1230, 1269, 1173, 1, 8.64%, 25, 0, 10, 4.03
1746643048, 2, 1230, 1270, 1174, 1, 8.64%, 25, 0, 10, 3.88
1746643193, 2, 1230, 1271, 1175, 1, 8.64%, 25, 0, 10, 3.94
1746644055, 2, 1230, 1272, 1176, 1, 8.64%, 25, 0, 10, 3.58
1746644112, 2, 1230, 1273, 1177, 1, 8.64%, 25, 0, 10, 3.56
1746644169, 2, 1230, 1274, 1178, 1, 8.64%, 25, 0, 10, 3.63
1746644531, 2, 1230, 1275, 1179, 1, 8.64%, 25, 0, 10, 3.35
1746644588, 2, 1230, 1276, 1180, 1, 8.64%, 25, 0, 10, 3.45
1746644629, 2, 1230, 1277, 1181, 1, 8.64%, 25, 0, 10, 3.55
1746646045, 2, 1230, 1278, 1182, 1, 8.64%, 25, 0, 10, 3.24
1746647872, 2, 1230, 1279, 1183, 1, 8.64%, 25, 0, 10, 3.01
1746648734, 2, 1230, 1280, 1184, 1, 8.64%, 25, 0, 10, 2.87
1746648947, 2, 1230, 1281, 1185, 1, 8.64%, 25, 0, 10, 2.79
1746649190, 2, 1230, 1282, 1186, 1, 8.64%, 25, 0, 10, 2.85
1746649287, 2, 1230, 1283, 1187, 1, 8.64%, 25, 0, 10, 2.76
1746649355, 2, 1230, 1284, 1188, 1, 8.64%, 25, 0, 10, 2.85
1746649411, 2, 1230, 1285, 1189, 1, 8.64%, 25, 0, 10, 2.72
1746649572, 2, 1230, 1286, 1190, 1, 8.64%, 25, 0, 10, 2.78
1746649711, 2, 1230, 1287, 1191, 1, 8.64%, 25, 0, 10, 2.71
1746649716, 2, 1230, 1288, 1192, 1, 8.64%, 25, 0, 10, 2.73
1746650388, 2, 1230, 1289, 1193, 1, 8.64%, 25, 0, 10, 2.72
1746650440, 2, 1230, 1290, 1194, 1, 8.64%, 25, 0, 10, 2.68
1746650513, 2, 1230, 1291, 1195, 1, 8.64%, 25, 0, 10, 2.71
1746651988, 2, 1230, 1292, 1196, 1, 8.64%, 25, 0, 10, 2.59
1746653600, 2, 1230, 1293, 1197, 1, 8.64%, 25, 0, 10, 2.49
1746654743, 2, 1230, 1294, 1198, 1, 8.64%, 25, 0, 10, 2.53
1746654818, 2, 1230, 1295, 1199, 1, 8.64%, 25, 0, 10, 2.46
