# unix_time, cycles_done, cur_path, paths_total, pending_total, pending_favs, map_size, unique_crashes, unique_hangs, max_depth, execs_per_sec
1746785259, 0, 0, 1, 1, 1, 3.78%, 0, 0, 1, 28.57
1746785264, 0, 0, 12, 12, 1, 4.64%, 0, 0, 2, 34.75
1746785269, 0, 0, 25, 25, 1, 4.97%, 0, 0, 2, 34.69
1746785274, 0, 0, 36, 36, 1, 5.00%, 0, 0, 2, 33.31
1746785279, 0, 0, 44, 44, 1, 5.07%, 0, 0, 2, 33.06
1746785284, 0, 0, 52, 52, 1, 5.07%, 0, 0, 2, 34.12
1746785289, 0, 0, 59, 59, 1, 5.08%, 0, 0, 2, 34.38
1746785295, 0, 0, 68, 68, 1, 5.08%, 0, 0, 2, 34.11
1746785300, 0, 0, 72, 72, 1, 5.08%, 0, 0, 2, 35.17
1746785305, 0, 0, 75, 75, 1, 5.08%, 0, 0, 2, 36.02
1746785310, 0, 0, 80, 80, 1, 5.08%, 0, 0, 2, 34.95
1746785315, 0, 0, 86, 86, 1, 5.08%, 0, 0, 2, 33.74
1746785320, 0, 0, 92, 92, 1, 5.08%, 0, 0, 2, 34.18
1746785325, 0, 0, 96, 96, 1, 5.08%, 0, 0, 2, 35.05
1746785330, 0, 0, 102, 102, 1, 5.08%, 0, 0, 2, 34.33
1746785335, 0, 0, 106, 106, 1, 5.08%, 0, 0, 2, 35.98
1746785340, 0, 0, 113, 113, 1, 5.08%, 0, 0, 2, 33.70
1746785346, 0, 0, 116, 116, 1, 5.08%, 0, 0, 2, 30.68
1746785351, 0, 0, 120, 120, 1, 5.12%, 0, 0, 2, 30.47
1746785356, 0, 0, 124, 124, 1, 5.12%, 0, 0, 2, 28.82
1746785361, 0, 0, 126, 126, 1, 5.12%, 0, 0, 2, 30.80
1746785366, 0, 0, 129, 129, 1, 5.12%, 0, 0, 2, 31.20
1746785371, 0, 0, 134, 134, 1, 5.12%, 0, 0, 2, 28.32
1746785376, 0, 0, 137, 137, 1, 5.12%, 0, 0, 2, 29.79
1746785381, 0, 0, 138, 138, 1, 5.12%, 0, 0, 2, 30.72
1746785386, 0, 0, 142, 142, 1, 5.12%, 0, 0, 2, 30.09
1746785391, 0, 0, 146, 146, 1, 5.15%, 0, 0, 2, 28.90
1746785397, 0, 0, 149, 149, 1, 5.15%, 0, 0, 2, 30.28
1746785407, 0, 0, 151, 151, 1, 5.15%, 0, 0, 2, 31.02
1746785412, 0, 0, 152, 152, 1, 5.15%, 0, 0, 2, 32.02
1746785417, 0, 0, 154, 154, 1, 5.15%, 0, 0, 2, 31.47
1746785422, 0, 0, 157, 157, 1, 5.15%, 0, 0, 2, 30.96
1746785427, 0, 0, 160, 160, 1, 5.15%, 0, 0, 2, 30.23
1746785433, 0, 0, 163, 163, 1, 5.15%, 0, 0, 2, 27.95
1746785438, 0, 0, 165, 165, 1, 5.15%, 0, 0, 2, 29.68
1746785443, 0, 0, 167, 167, 1, 5.15%, 0, 0, 2, 30.69
1746785448, 0, 0, 168, 168, 1, 5.15%, 0, 0, 2, 31.99
1746785453, 0, 0, 172, 172, 1, 5.15%, 0, 0, 2, 30.18
1746785458, 0, 0, 173, 173, 1, 5.15%, 0, 0, 2, 31.46
1746785463, 0, 0, 177, 177, 1, 5.15%, 0, 0, 2, 28.40
1746785468, 0, 0, 178, 178, 1, 5.15%, 0, 0, 2, 31.19
1746785473, 0, 0, 179, 179, 1, 5.15%, 0, 0, 2, 32.21
1746785479, 0, 0, 181, 181, 1, 5.15%, 0, 0, 2, 30.99
1746785484, 0, 0, 182, 182, 1, 5.15%, 0, 0, 2, 31.90
1746785489, 0, 0, 184, 184, 1, 5.15%, 0, 0, 2, 30.63
1746785494, 0, 0, 185, 185, 1, 5.15%, 0, 0, 2, 31.15
1746785504, 0, 0, 187, 187, 1, 5.15%, 0, 0, 2, 31.01
1746785509, 0, 0, 190, 190, 1, 5.15%, 0, 0, 2, 30.11
1746785515, 0, 2, 191, 190, 10, 5.15%, 0, 0, 2, 31.02
1746785520, 0, 2, 192, 191, 10, 5.16%, 0, 0, 3, 30.58
1746785530, 0, 2, 194, 193, 10, 5.16%, 0, 0, 3, 30.94
1746785540, 0, 2, 196, 195, 10, 5.16%, 0, 0, 3, 30.99
1746785545, 0, 2, 198, 197, 10, 5.16%, 0, 0, 3, 29.75
1746785550, 0, 2, 200, 199, 10, 5.16%, 0, 0, 3, 30.05
1746785556, 0, 2, 202, 201, 10, 5.16%, 0, 0, 3, 30.91
1746785571, 0, 2, 205, 204, 10, 5.16%, 0, 0, 3, 30.47
1746785576, 0, 2, 206, 205, 10, 5.16%, 0, 0, 3, 31.32
1746785597, 0, 2, 208, 207, 10, 5.16%, 0, 0, 3, 31.92
1746785602, 0, 2, 210, 209, 10, 5.16%, 0, 0, 3, 31.23
1746785607, 0, 2, 211, 210, 10, 5.16%, 0, 0, 3, 32.03
1746785612, 0, 2, 212, 211, 10, 5.16%, 0, 0, 3, 31.85
1746785622, 0, 2, 213, 212, 10, 5.16%, 0, 0, 3, 31.30
1746785638, 0, 2, 214, 213, 10, 5.16%, 0, 0, 3, 32.47
1746785643, 0, 2, 218, 217, 10, 5.16%, 0, 0, 3, 30.20
1746785653, 0, 2, 220, 219, 10, 5.16%, 0, 0, 3, 29.35
1746785658, 0, 2, 221, 220, 10, 5.16%, 0, 0, 3, 31.26
1746785664, 0, 2, 226, 225, 10, 5.16%, 0, 0, 3, 30.30
1746785669, 0, 2, 227, 226, 10, 5.16%, 0, 0, 3, 31.91
1746785674, 0, 2, 229, 228, 10, 5.16%, 0, 0, 3, 31.42
1746785679, 0, 2, 231, 230, 10, 5.16%, 0, 0, 3, 30.37
1746785689, 0, 2, 233, 232, 10, 5.16%, 0, 0, 3, 30.65
1746785694, 0, 2, 234, 233, 10, 5.16%, 0, 0, 3, 31.09
1746785699, 0, 2, 236, 235, 10, 5.17%, 0, 0, 3, 30.32
1746785704, 0, 2, 237, 236, 10, 5.17%, 0, 0, 3, 31.35
1746785715, 0, 2, 239, 238, 10, 5.17%, 0, 0, 3, 30.85
1746785720, 0, 2, 240, 239, 10, 5.17%, 0, 0, 3, 31.12
1746785725, 0, 2, 243, 242, 10, 5.17%, 0, 0, 3, 30.93
1746785730, 0, 2, 245, 244, 10, 5.17%, 0, 0, 3, 30.21
1746785740, 0, 9, 246, 244, 14, 5.17%, 0, 0, 3, 32.04
1746785761, 0, 9, 248, 246, 14, 5.17%, 0, 0, 3, 31.10
1746785766, 0, 9, 249, 247, 14, 5.17%, 0, 0, 3, 31.54
1746785771, 0, 9, 250, 248, 14, 5.17%, 0, 0, 3, 31.31
1746785781, 0, 9, 252, 250, 14, 5.17%, 0, 0, 3, 31.35
1746785786, 0, 9, 253, 251, 14, 5.17%, 0, 0, 3, 31.23
1746785791, 0, 9, 254, 252, 14, 5.17%, 0, 0, 3, 31.00
1746785796, 0, 9, 256, 254, 14, 5.17%, 0, 0, 3, 30.78
1746785801, 0, 9, 258, 256, 14, 5.17%, 0, 0, 3, 30.80
1746785817, 0, 9, 259, 257, 14, 5.17%, 0, 0, 3, 30.70
1746785827, 0, 9, 263, 261, 14, 5.17%, 0, 0, 3, 28.32
1746785838, 0, 9, 264, 262, 14, 5.17%, 0, 0, 3, 30.94
1746785848, 0, 9, 265, 263, 14, 5.17%, 0, 0, 3, 31.31
1746785853, 0, 9, 266, 264, 14, 5.17%, 0, 0, 3, 29.92
1746785858, 0, 9, 269, 267, 14, 5.17%, 0, 0, 3, 30.58
1746785863, 0, 9, 270, 268, 14, 5.19%, 0, 0, 3, 28.65
1746785868, 0, 9, 271, 269, 14, 5.19%, 0, 0, 3, 30.95
1746785873, 0, 9, 273, 271, 14, 5.19%, 0, 0, 3, 28.41
1746785889, 0, 9, 274, 272, 14, 5.27%, 0, 0, 3, 29.29
1746785899, 0, 9, 275, 273, 14, 5.27%, 0, 0, 3, 31.30
1746785914, 0, 9, 276, 274, 14, 5.27%, 0, 0, 3, 30.98
1746785930, 0, 9, 278, 276, 14, 5.27%, 0, 0, 3, 31.07
1746785935, 0, 9, 279, 277, 14, 5.27%, 0, 0, 3, 31.29
1746785940, 0, 9, 280, 278, 14, 5.27%, 0, 0, 3, 30.67
1746785945, 0, 9, 281, 279, 14, 5.27%, 0, 0, 3, 30.44
1746785955, 0, 9, 282, 280, 14, 5.27%, 0, 0, 3, 31.76
1746785960, 0, 9, 283, 281, 14, 5.27%, 0, 0, 3, 31.13
1746785981, 0, 11, 283, 280, 14, 5.27%, 0, 0, 3, 27.55
1746786184, 0, 11, 286, 283, 14, 5.27%, 0, 0, 3, 26.92
1746786189, 0, 11, 287, 284, 14, 5.27%, 0, 0, 3, 27.62
1746786194, 0, 11, 288, 285, 14, 5.27%, 0, 0, 3, 28.11
1746786199, 0, 11, 289, 286, 14, 5.27%, 0, 0, 3, 28.11
1746786204, 0, 11, 291, 288, 14, 5.27%, 0, 0, 3, 26.69
1746786215, 0, 11, 292, 289, 14, 5.27%, 0, 0, 3, 28.18
1746786220, 0, 11, 293, 290, 14, 5.27%, 0, 0, 3, 26.93
1746786225, 0, 11, 294, 291, 14, 5.27%, 0, 0, 3, 27.28
1746786230, 0, 11, 295, 292, 14, 5.27%, 0, 0, 3, 26.26
1746786235, 0, 11, 296, 293, 14, 5.27%, 0, 0, 3, 27.17
1746786240, 0, 11, 297, 294, 14, 5.27%, 0, 0, 3, 27.44
1746786246, 0, 11, 299, 296, 14, 5.27%, 0, 0, 3, 26.96
1746786256, 0, 11, 301, 298, 14, 5.27%, 0, 0, 3, 27.87
1746786266, 0, 11, 303, 300, 14, 5.27%, 0, 0, 3, 26.47
1746786286, 0, 11, 305, 302, 14, 5.27%, 0, 0, 3, 27.16
1746786291, 0, 11, 307, 304, 14, 5.27%, 0, 0, 3, 26.14
1746786296, 0, 11, 308, 305, 14, 5.27%, 0, 0, 3, 26.84
1746786312, 0, 11, 309, 306, 14, 5.27%, 0, 0, 3, 27.34
1746786317, 0, 11, 310, 307, 14, 5.28%, 0, 0, 3, 26.92
1746786332, 0, 11, 311, 308, 14, 5.28%, 0, 0, 3, 27.37
1746786357, 0, 11, 312, 309, 14, 5.28%, 0, 0, 3, 27.68
1746786372, 0, 11, 314, 311, 14, 5.28%, 0, 0, 3, 26.37
1746786388, 0, 11, 315, 312, 14, 5.35%, 0, 0, 3, 26.66
1746786393, 0, 11, 316, 313, 14, 5.35%, 0, 0, 3, 27.13
1746786408, 0, 11, 317, 314, 14, 5.35%, 0, 0, 3, 26.79
1746786418, 0, 11, 320, 317, 14, 5.35%, 0, 0, 3, 25.79
1746786423, 0, 11, 321, 318, 14, 5.35%, 0, 0, 3, 27.35
1746786428, 0, 13, 322, 318, 15, 5.35%, 0, 0, 3, 26.73
1746786581, 0, 13, 323, 319, 15, 5.36%, 0, 0, 3, 28.47
1746786586, 0, 13, 324, 320, 15, 5.36%, 0, 0, 3, 28.62
1746786591, 0, 13, 326, 322, 15, 5.37%, 0, 0, 3, 27.52
1746786602, 0, 13, 327, 323, 15, 5.37%, 0, 0, 3, 28.53
1746786622, 0, 13, 328, 324, 15, 5.37%, 0, 0, 3, 27.97
1746786638, 0, 13, 330, 326, 15, 6.06%, 0, 0, 3, 27.64
1746786648, 0, 13, 331, 327, 15, 6.06%, 0, 0, 3, 26.89
1746786658, 0, 13, 332, 328, 15, 6.06%, 0, 0, 3, 27.81
1746786664, 0, 13, 333, 329, 15, 6.06%, 0, 0, 3, 28.43
1746786694, 0, 13, 335, 331, 15, 6.06%, 0, 0, 3, 27.63
1746786699, 0, 13, 337, 333, 15, 6.06%, 0, 0, 3, 26.11
1746786710, 0, 13, 338, 334, 15, 6.06%, 0, 0, 3, 27.95
1746786715, 0, 13, 339, 335, 15, 6.06%, 0, 0, 3, 28.16
1746786720, 0, 13, 340, 336, 15, 6.06%, 0, 0, 3, 28.21
1746786725, 0, 13, 341, 337, 15, 6.06%, 0, 0, 3, 28.53
1746786761, 0, 13, 343, 339, 15, 6.07%, 0, 0, 3, 27.66
1746786766, 0, 13, 344, 340, 15, 6.07%, 0, 0, 3, 27.06
1746786787, 0, 13, 345, 341, 15, 6.07%, 0, 0, 3, 27.92
1746786807, 0, 13, 346, 342, 15, 6.12%, 0, 0, 3, 27.23
1746786817, 0, 22, 346, 341, 12, 6.12%, 0, 0, 3, 31.50
1746786859, 0, 42, 346, 340, 11, 6.12%, 0, 0, 3, 27.21
1746787385, 0, 42, 348, 342, 11, 6.12%, 0, 0, 3, 21.98
1746787390, 0, 42, 349, 343, 11, 6.12%, 0, 0, 3, 23.36
1746787396, 0, 42, 352, 346, 11, 6.12%, 0, 0, 3, 22.33
1746787401, 0, 42, 354, 348, 11, 6.12%, 0, 0, 3, 22.39
1746787406, 0, 42, 355, 349, 11, 6.12%, 0, 0, 3, 23.18
1746787411, 0, 42, 357, 351, 11, 6.12%, 0, 0, 3, 22.76
1746787416, 0, 42, 358, 352, 11, 6.12%, 0, 0, 3, 23.16
1746787421, 0, 42, 360, 354, 11, 6.12%, 0, 0, 3, 22.96
1746787431, 0, 42, 362, 356, 11, 6.12%, 0, 0, 3, 23.57
1746787436, 0, 42, 363, 357, 11, 6.12%, 0, 0, 3, 23.81
1746787441, 0, 42, 366, 360, 11, 6.12%, 0, 0, 3, 22.75
1746787447, 0, 42, 368, 362, 11, 6.12%, 0, 0, 3, 22.58
1746787452, 0, 42, 370, 364, 11, 6.12%, 0, 0, 3, 22.81
1746787457, 0, 42, 372, 366, 11, 6.12%, 0, 0, 3, 22.39
1746787462, 0, 42, 375, 369, 11, 6.12%, 0, 0, 3, 21.27
1746787467, 0, 42, 377, 371, 11, 6.12%, 0, 0, 3, 22.28
1746787483, 0, 42, 378, 372, 11, 6.12%, 0, 0, 3, 23.17
1746787488, 0, 42, 380, 374, 11, 6.12%, 0, 0, 3, 23.52
1746787503, 0, 42, 382, 376, 11, 6.12%, 0, 0, 3, 23.05
1746787508, 0, 42, 383, 377, 11, 6.12%, 0, 0, 3, 22.73
1746787513, 0, 42, 384, 378, 11, 6.12%, 0, 0, 3, 22.77
1746787529, 0, 42, 385, 379, 11, 6.12%, 0, 0, 3, 23.83
1746787534, 0, 42, 386, 380, 11, 6.13%, 0, 0, 3, 23.40
1746787544, 0, 42, 387, 381, 11, 6.13%, 0, 0, 3, 23.94
1746787549, 0, 42, 389, 383, 11, 6.13%, 0, 0, 3, 21.41
1746787569, 0, 42, 391, 385, 11, 6.13%, 0, 0, 3, 22.56
1746787574, 0, 42, 392, 386, 11, 6.13%, 0, 0, 3, 23.17
1746787585, 0, 42, 393, 387, 11, 6.13%, 0, 0, 3, 22.39
1746787590, 0, 42, 395, 389, 11, 6.13%, 0, 0, 3, 22.38
1746787595, 0, 42, 396, 390, 11, 6.13%, 0, 0, 3, 23.56
1746787600, 0, 42, 397, 391, 11, 6.13%, 0, 0, 3, 24.14
1746787610, 0, 42, 398, 392, 11, 6.13%, 0, 0, 3, 23.52
1746787620, 0, 42, 399, 393, 11, 6.13%, 0, 0, 3, 23.94
1746787635, 0, 42, 400, 394, 11, 6.13%, 0, 0, 3, 23.64
1746787641, 0, 42, 401, 395, 11, 6.13%, 0, 0, 3, 23.40
1746787656, 0, 42, 402, 396, 11, 6.13%, 0, 0, 3, 23.82
1746787661, 0, 42, 403, 397, 11, 6.13%, 0, 0, 3, 22.90
1746787671, 0, 42, 405, 399, 11, 6.13%, 0, 0, 3, 22.54
1746787681, 0, 42, 406, 400, 11, 6.13%, 0, 0, 3, 23.79
1746787686, 0, 54, 406, 399, 15, 6.13%, 0, 0, 3, 25.00
1746787976, 0, 81, 406, 398, 15, 6.13%, 0, 0, 3, 26.94
1746788172, 0, 95, 406, 397, 14, 6.13%, 0, 0, 3, 26.71
1746788607, 0, 95, 407, 398, 14, 6.13%, 0, 0, 3, 23.19
1746788617, 0, 95, 408, 399, 14, 6.13%, 0, 0, 3, 24.30
1746788627, 0, 95, 409, 400, 14, 6.13%, 0, 0, 3, 25.31
1746788658, 0, 95, 410, 401, 14, 6.13%, 0, 0, 3, 23.13
1746788703, 0, 95, 412, 403, 14, 6.13%, 0, 0, 3, 23.59
1746788734, 0, 95, 413, 404, 14, 6.13%, 0, 0, 3, 25.47
1746788739, 0, 95, 414, 405, 14, 6.13%, 0, 0, 3, 24.75
1746788765, 0, 95, 415, 406, 14, 6.13%, 0, 0, 3, 24.31
1746788800, 0, 95, 416, 407, 14, 6.13%, 0, 0, 3, 24.91
1746788805, 0, 95, 417, 408, 14, 6.14%, 0, 0, 3, 24.39
1746788821, 0, 95, 418, 409, 14, 6.14%, 0, 0, 3, 23.44
1746788846, 0, 95, 419, 410, 14, 6.14%, 0, 0, 3, 24.15
1746788851, 0, 95, 420, 411, 14, 6.14%, 0, 0, 3, 23.58
1746788867, 0, 95, 421, 412, 14, 6.14%, 0, 0, 3, 24.93
1746788872, 0, 238, 422, 412, 11, 6.14%, 0, 0, 3, 24.95
1746789393, 0, 238, 423, 413, 11, 6.14%, 0, 0, 4, 23.61
1746789399, 0, 238, 424, 414, 11, 6.14%, 0, 0, 4, 22.61
1746789424, 0, 308, 424, 413, 10, 6.14%, 0, 0, 4, 22.83
1746790474, 0, 308, 426, 415, 10, 6.14%, 0, 0, 4, 20.55
1746790479, 0, 308, 427, 416, 10, 6.14%, 0, 0, 4, 20.70
1746790484, 0, 308, 429, 418, 10, 6.14%, 0, 0, 4, 19.88
1746790489, 0, 308, 431, 420, 10, 6.14%, 0, 0, 4, 20.28
1746790494, 0, 308, 433, 422, 10, 6.14%, 0, 0, 4, 19.83
1746790500, 0, 308, 434, 423, 10, 6.14%, 0, 0, 4, 19.60
1746790505, 0, 308, 436, 425, 10, 6.14%, 0, 0, 4, 18.52
1746790510, 0, 308, 439, 428, 10, 6.25%, 0, 0, 4, 16.38
1746790515, 0, 308, 442, 431, 10, 6.25%, 0, 0, 4, 18.50
1746790520, 0, 308, 444, 433, 10, 6.25%, 0, 0, 4, 18.62
1746790535, 0, 308, 445, 434, 10, 6.25%, 0, 0, 4, 19.80
1746790540, 0, 308, 446, 435, 10, 6.25%, 0, 0, 4, 19.85
1746790551, 0, 308, 447, 436, 10, 6.25%, 0, 0, 4, 20.49
1746790576, 0, 308, 449, 438, 10, 6.25%, 0, 0, 4, 19.96
1746790581, 0, 308, 451, 440, 10, 6.26%, 0, 0, 4, 20.20
1746790596, 0, 308, 453, 442, 10, 6.26%, 0, 0, 4, 19.02
1746790602, 0, 308, 455, 444, 10, 6.26%, 0, 0, 4, 18.83
1746790607, 0, 308, 456, 445, 10, 6.26%, 0, 0, 4, 20.23
1746790612, 0, 308, 459, 448, 10, 6.26%, 0, 0, 4, 19.33
1746790622, 0, 308, 462, 451, 10, 6.26%, 0, 0, 4, 19.46
1746790627, 0, 308, 463, 452, 10, 6.26%, 0, 0, 4, 20.46
1746790632, 0, 308, 465, 454, 10, 6.26%, 0, 0, 4, 20.07
1746790643, 0, 308, 466, 455, 10, 6.26%, 0, 0, 4, 19.89
1746790648, 0, 308, 467, 456, 10, 6.26%, 0, 0, 4, 19.72
1746790663, 0, 308, 468, 457, 10, 6.26%, 0, 0, 4, 20.08
1746790668, 0, 308, 469, 458, 10, 6.26%, 0, 0, 4, 19.70
1746790684, 0, 308, 471, 460, 10, 6.26%, 0, 0, 4, 19.92
1746790699, 0, 308, 472, 461, 10, 6.26%, 0, 0, 4, 20.14
1746790709, 0, 308, 473, 462, 10, 6.26%, 0, 0, 4, 20.43
1746790714, 0, 308, 474, 463, 10, 6.26%, 0, 0, 4, 19.91
1746790725, 0, 308, 475, 464, 10, 6.26%, 0, 0, 4, 20.27
1746790760, 0, 308, 476, 465, 10, 6.26%, 0, 0, 4, 19.97
1746790770, 0, 308, 478, 467, 10, 6.26%, 0, 0, 4, 19.27
1746790775, 0, 308, 479, 468, 10, 6.26%, 0, 0, 4, 19.36
1746790801, 0, 308, 480, 469, 10, 6.26%, 0, 0, 4, 20.70
1746790811, 0, 308, 481, 470, 10, 6.26%, 0, 0, 4, 20.29
1746790816, 0, 314, 481, 469, 18, 6.26%, 0, 0, 4, 18.66
1746790826, 0, 314, 482, 470, 18, 6.26%, 0, 0, 4, 18.20
1746790831, 0, 314, 483, 471, 18, 6.26%, 0, 0, 4, 17.67
1746790842, 0, 314, 484, 472, 18, 6.26%, 0, 0, 4, 17.88
1746790933, 0, 314, 485, 473, 18, 6.26%, 0, 0, 4, 17.88
1746790938, 0, 314, 486, 474, 18, 6.26%, 0, 0, 4, 18.04
1746791344, 0, 314, 487, 475, 18, 6.26%, 0, 0, 4, 17.99
1746791696, 0, 314, 488, 476, 18, 6.26%, 0, 0, 4, 17.81
1746791798, 0, 314, 490, 478, 18, 6.26%, 0, 0, 4, 19.82
1746791803, 0, 314, 491, 479, 18, 6.26%, 0, 0, 4, 21.16
1746791814, 0, 314, 493, 481, 18, 6.26%, 0, 0, 4, 20.54
1746791819, 0, 314, 495, 483, 18, 6.26%, 0, 0, 4, 19.66
1746791824, 0, 314, 497, 485, 18, 6.26%, 0, 0, 4, 20.55
1746791829, 0, 314, 498, 486, 18, 6.26%, 0, 0, 4, 19.73
1746791834, 0, 314, 501, 489, 18, 6.26%, 0, 0, 4, 18.91
1746791839, 0, 314, 503, 491, 18, 6.26%, 0, 0, 4, 19.63
1746791850, 0, 314, 504, 492, 18, 6.26%, 0, 0, 4, 21.04
1746791855, 0, 314, 505, 493, 18, 6.26%, 0, 0, 4, 19.66
1746791865, 0, 314, 507, 495, 18, 6.26%, 0, 0, 4, 19.84
1746791870, 0, 314, 509, 497, 18, 6.26%, 0, 0, 4, 18.83
1746791881, 0, 314, 511, 499, 18, 6.26%, 0, 0, 4, 20.02
1746791886, 0, 314, 512, 500, 18, 6.26%, 0, 0, 4, 19.77
1746791891, 0, 314, 515, 503, 18, 6.27%, 0, 0, 4, 17.40
1746791906, 0, 314, 516, 504, 18, 6.27%, 0, 0, 4, 20.77
1746791911, 0, 314, 517, 505, 18, 6.27%, 0, 0, 4, 20.94
1746791921, 0, 314, 519, 507, 18, 6.27%, 0, 0, 4, 20.02
1746791931, 0, 314, 521, 509, 18, 6.27%, 0, 0, 4, 19.89
1746791936, 0, 314, 523, 511, 18, 6.27%, 0, 0, 4, 18.88
1746791941, 0, 314, 524, 512, 18, 6.27%, 0, 0, 4, 19.70
1746791946, 0, 314, 525, 513, 18, 6.27%, 0, 0, 4, 20.15
1746791962, 0, 314, 528, 516, 18, 6.27%, 0, 0, 4, 18.35
1746791972, 0, 314, 530, 518, 18, 6.27%, 0, 0, 4, 19.58
1746791983, 0, 314, 531, 519, 18, 6.27%, 0, 0, 4, 20.32
1746791988, 0, 314, 532, 520, 18, 6.27%, 0, 0, 4, 19.88
1746792003, 0, 314, 533, 521, 18, 6.27%, 0, 0, 4, 20.49
1746792008, 0, 314, 534, 522, 18, 6.27%, 0, 0, 4, 20.85
1746792039, 0, 314, 535, 523, 18, 6.27%, 0, 0, 4, 19.84
1746792049, 0, 314, 536, 524, 18, 6.27%, 0, 0, 4, 20.10
1746792060, 0, 314, 537, 525, 18, 6.27%, 0, 0, 4, 19.88
1746792085, 0, 314, 538, 526, 18, 6.27%, 0, 0, 4, 20.54
1746792090, 0, 314, 540, 528, 18, 6.27%, 0, 0, 4, 19.77
1746792095, 0, 314, 541, 529, 18, 6.27%, 0, 0, 4, 19.64
1746792101, 0, 314, 542, 530, 18, 6.27%, 0, 0, 4, 20.45
1746792116, 0, 314, 543, 531, 18, 6.27%, 0, 0, 4, 20.63
1746792126, 0, 314, 544, 532, 18, 6.27%, 0, 0, 4, 19.21
1746792142, 0, 341, 544, 531, 15, 6.27%, 0, 0, 4, 18.94
1746792183, 0, 341, 545, 532, 15, 6.27%, 0, 0, 4, 18.00
1746792301, 0, 341, 546, 533, 15, 6.27%, 0, 0, 4, 17.93
1746793121, 0, 341, 547, 534, 15, 6.27%, 0, 0, 4, 17.29
1746793126, 0, 341, 548, 535, 15, 6.27%, 0, 0, 4, 18.17
1746793147, 0, 341, 549, 536, 15, 6.27%, 0, 0, 4, 19.26
1746793152, 0, 341, 550, 537, 15, 6.27%, 0, 0, 4, 19.63
1746793157, 0, 341, 551, 538, 15, 6.27%, 0, 0, 4, 19.10
1746793167, 0, 341, 552, 539, 15, 6.27%, 0, 0, 4, 19.79
1746793198, 0, 341, 553, 540, 15, 6.27%, 0, 0, 4, 19.90
1746793203, 0, 341, 554, 541, 15, 6.27%, 0, 0, 4, 19.03
1746793229, 0, 341, 555, 542, 15, 6.27%, 0, 0, 4, 20.01
1746793254, 0, 341, 556, 543, 15, 6.27%, 0, 0, 4, 19.81
1746793275, 0, 341, 557, 544, 15, 6.27%, 0, 0, 4, 20.03
1746793280, 0, 341, 558, 545, 15, 6.27%, 0, 0, 4, 19.28
1746793285, 0, 341, 560, 547, 15, 6.27%, 0, 0, 4, 18.04
1746793290, 0, 341, 561, 548, 15, 6.27%, 0, 0, 4, 19.14
1746793295, 0, 341, 563, 550, 15, 6.27%, 0, 0, 4, 18.63
1746793311, 0, 341, 564, 551, 15, 6.37%, 0, 0, 4, 19.43
1746793321, 0, 341, 565, 552, 15, 6.37%, 0, 0, 4, 19.87
1746793326, 0, 341, 566, 553, 15, 6.37%, 0, 0, 4, 19.25
1746793331, 0, 341, 567, 554, 15, 6.37%, 0, 0, 4, 19.29
1746793362, 0, 341, 568, 555, 15, 6.37%, 0, 0, 4, 18.81
1746793398, 0, 341, 569, 556, 15, 6.37%, 0, 0, 4, 19.11
1746793413, 0, 341, 570, 557, 15, 6.37%, 0, 0, 4, 18.99
1746793434, 0, 341, 572, 559, 15, 6.37%, 0, 0, 4, 19.65
1746793449, 0, 341, 573, 560, 15, 6.37%, 0, 0, 4, 19.75
1746793454, 0, 365, 573, 559, 14, 6.37%, 0, 0, 4, 20.50
1746794031, 0, 398, 573, 558, 13, 6.37%, 0, 0, 4, 21.55
1746795181, 0, 398, 577, 562, 13, 6.37%, 0, 0, 4, 17.67
1746795186, 0, 398, 578, 563, 13, 6.37%, 0, 0, 4, 16.46
1746795196, 0, 398, 579, 564, 13, 6.37%, 0, 0, 4, 18.98
1746795206, 0, 398, 580, 565, 13, 6.37%, 0, 0, 4, 19.22
1746795222, 0, 398, 582, 567, 13, 6.37%, 0, 0, 4, 18.59
1746795227, 0, 398, 584, 569, 13, 6.37%, 0, 0, 4, 18.14
1746795247, 0, 398, 586, 571, 13, 6.37%, 0, 0, 4, 18.76
1746795267, 0, 398, 587, 572, 13, 6.37%, 0, 0, 4, 18.59
1746795273, 0, 398, 588, 573, 13, 6.37%, 0, 0, 4, 18.53
1746795278, 0, 398, 589, 574, 13, 6.37%, 0, 0, 4, 17.16
1746795283, 0, 398, 590, 575, 13, 6.37%, 0, 0, 4, 17.82
1746795314, 0, 398, 591, 576, 13, 6.37%, 0, 0, 4, 19.07
1746795324, 0, 398, 592, 577, 13, 6.37%, 0, 0, 4, 19.70
1746795339, 0, 398, 594, 579, 13, 6.37%, 0, 0, 4, 17.45
1746795344, 0, 398, 595, 580, 13, 6.37%, 0, 0, 4, 19.21
1746795354, 0, 398, 596, 581, 13, 6.37%, 0, 0, 4, 18.50
1746795370, 0, 398, 597, 582, 13, 6.37%, 0, 0, 4, 18.13
1746795375, 0, 398, 598, 583, 13, 6.37%, 0, 0, 4, 18.66
1746795380, 0, 398, 599, 584, 13, 6.37%, 0, 0, 4, 18.93
1746795396, 0, 398, 600, 585, 13, 6.37%, 0, 0, 4, 18.95
1746795401, 0, 398, 601, 586, 13, 6.37%, 0, 0, 4, 19.88
1746795416, 0, 398, 602, 587, 13, 6.37%, 0, 0, 4, 19.64
1746795431, 0, 398, 603, 588, 13, 6.37%, 0, 0, 4, 19.60
1746795436, 0, 398, 604, 589, 13, 6.37%, 0, 0, 4, 18.87
1746795457, 0, 398, 605, 590, 13, 6.37%, 0, 0, 4, 18.38
1746795467, 0, 398, 606, 591, 13, 6.37%, 0, 0, 4, 18.80
1746795472, 0, 398, 607, 592, 13, 6.37%, 0, 0, 4, 18.46
1746795508, 0, 398, 608, 593, 13, 6.37%, 0, 0, 4, 18.98
1746795529, 0, 436, 608, 592, 12, 6.37%, 0, 0, 4, 18.25
1746795570, 0, 436, 610, 594, 12, 6.38%, 0, 0, 5, 8.65
1746795575, 0, 436, 612, 596, 12, 6.38%, 0, 0, 5, 8.86
1746795590, 0, 436, 614, 598, 12, 6.38%, 0, 0, 5, 8.35
1746795600, 0, 436, 615, 599, 12, 6.38%, 0, 0, 5, 8.76
1746795616, 0, 436, 617, 601, 12, 6.38%, 0, 0, 5, 8.68
1746795626, 0, 436, 618, 602, 12, 6.38%, 0, 0, 5, 8.69
1746795631, 0, 436, 619, 603, 12, 6.38%, 0, 0, 5, 8.64
1746795646, 0, 436, 620, 604, 12, 6.38%, 0, 0, 5, 8.52
1746795651, 0, 436, 622, 606, 12, 6.38%, 0, 0, 5, 8.77
1746795656, 0, 436, 623, 607, 12, 6.38%, 0, 0, 5, 8.70
1746795677, 0, 436, 624, 608, 12, 6.38%, 0, 0, 5, 8.62
1746795682, 0, 436, 625, 609, 12, 6.38%, 0, 0, 5, 8.62
1746795697, 0, 436, 626, 610, 12, 6.38%, 0, 0, 5, 8.63
1746795703, 0, 436, 628, 612, 12, 6.38%, 0, 0, 5, 8.57
1746795718, 0, 436, 629, 613, 12, 6.38%, 0, 0, 5, 8.58
1746795743, 0, 436, 630, 614, 12, 6.38%, 0, 0, 5, 8.62
1746795764, 0, 436, 631, 615, 12, 6.38%, 0, 0, 5, 8.62
1746795769, 0, 436, 632, 616, 12, 6.38%, 0, 0, 5, 8.61
1746796137, 0, 436, 634, 618, 12, 6.38%, 0, 0, 5, 8.73
1746796152, 0, 436, 635, 619, 12, 6.38%, 0, 0, 5, 8.76
1746796162, 0, 436, 637, 621, 12, 6.38%, 0, 0, 5, 8.98
1746796249, 0, 436, 638, 622, 12, 6.38%, 0, 0, 5, 8.62
1746796254, 0, 436, 639, 623, 12, 6.38%, 0, 0, 5, 8.63
1746796316, 0, 436, 640, 624, 12, 6.38%, 0, 0, 5, 8.59
1746796392, 0, 436, 643, 627, 12, 6.38%, 0, 0, 5, 8.95
1746796397, 0, 436, 645, 629, 12, 6.38%, 0, 0, 5, 8.84
1746796428, 0, 436, 646, 630, 12, 6.38%, 0, 0, 5, 8.69
1746796464, 0, 436, 649, 633, 12, 6.38%, 0, 0, 5, 8.96
1746796469, 0, 436, 651, 635, 12, 6.38%, 0, 0, 5, 9.06
1746796484, 0, 436, 652, 636, 12, 6.38%, 0, 0, 5, 8.65
1746796489, 0, 436, 653, 637, 12, 6.38%, 0, 0, 5, 8.62
1746798819, 0, 436, 654, 638, 12, 6.38%, 0, 0, 5, 8.84
1746800159, 0, 436, 655, 639, 12, 6.38%, 0, 0, 5, 9.18
1746800165, 0, 436, 656, 640, 12, 6.38%, 0, 0, 5, 9.07
1746800226, 0, 436, 657, 641, 12, 6.38%, 0, 0, 5, 9.05
1746800231, 0, 436, 661, 645, 12, 6.38%, 0, 0, 5, 9.46
1746800365, 0, 436, 662, 646, 12, 6.38%, 0, 0, 5, 8.81
1746801024, 0, 436, 663, 647, 12, 6.38%, 0, 0, 5, 9.05
1746801029, 0, 436, 664, 648, 12, 6.38%, 0, 0, 5, 9.03
1746801142, 0, 436, 665, 649, 12, 6.38%, 0, 0, 5, 10.05
1746801249, 0, 436, 666, 650, 12, 6.38%, 0, 0, 5, 10.62
1746801510, 0, 436, 667, 651, 12, 6.38%, 0, 0, 5, 8.63
1746801965, 0, 436, 668, 652, 12, 6.38%, 0, 0, 5, 8.61
1746802251, 0, 436, 672, 656, 12, 6.39%, 0, 0, 5, 8.94
1746802256, 0, 436, 677, 661, 12, 6.62%, 0, 0, 5, 10.06
1746802261, 0, 436, 681, 665, 12, 6.62%, 0, 0, 5, 9.97
1746802267, 0, 436, 686, 670, 12, 6.62%, 0, 0, 5, 9.61
1746802272, 0, 436, 691, 675, 12, 6.62%, 0, 0, 5, 9.78
1746802277, 0, 436, 695, 679, 12, 6.62%, 0, 0, 5, 9.32
1746802282, 0, 436, 700, 684, 12, 6.62%, 0, 0, 5, 10.36
1746802287, 0, 436, 704, 688, 12, 6.62%, 0, 0, 5, 9.86
1746802292, 0, 436, 708, 692, 12, 6.62%, 0, 0, 5, 9.17
1746802297, 0, 436, 711, 695, 12, 6.69%, 0, 0, 5, 9.61
1746802302, 0, 436, 715, 699, 12, 6.70%, 0, 0, 5, 9.26
1746802308, 0, 436, 718, 702, 12, 6.70%, 0, 0, 5, 9.38
1746802313, 0, 436, 722, 706, 12, 6.70%, 0, 0, 5, 9.52
1746802318, 0, 436, 725, 709, 12, 6.70%, 0, 0, 5, 9.91
1746802323, 0, 436, 728, 712, 12, 6.70%, 0, 0, 5, 9.82
1746802328, 0, 436, 731, 715, 12, 6.70%, 0, 0, 5, 9.88
1746802333, 0, 436, 734, 718, 12, 6.70%, 0, 0, 5, 10.33
1746802338, 0, 436, 737, 721, 12, 6.70%, 0, 0, 5, 9.60
1746802343, 0, 436, 741, 725, 12, 6.70%, 0, 0, 5, 10.01
1746802349, 0, 436, 742, 726, 12, 6.70%, 0, 0, 5, 9.69
1746802354, 0, 436, 745, 729, 12, 6.71%, 0, 0, 5, 9.16
1746802359, 0, 436, 747, 731, 12, 6.71%, 0, 0, 5, 10.21
1746802364, 0, 436, 748, 732, 12, 6.71%, 0, 0, 5, 10.24
1746802369, 0, 436, 749, 733, 12, 6.71%, 0, 0, 5, 10.09
1746802374, 0, 436, 751, 735, 12, 6.71%, 0, 0, 5, 10.33
1746802379, 0, 436, 753, 737, 12, 6.71%, 0, 0, 5, 9.84
1746802385, 0, 436, 756, 740, 12, 6.71%, 0, 0, 5, 10.10
1746802390, 0, 436, 758, 742, 12, 6.71%, 0, 0, 5, 9.78
1746802395, 0, 436, 760, 744, 12, 6.71%, 0, 0, 5, 10.05
1746802400, 0, 436, 761, 745, 12, 6.71%, 0, 0, 5, 10.24
1746802405, 0, 436, 764, 748, 12, 6.71%, 0, 0, 5, 9.03
1746802410, 0, 436, 767, 751, 12, 6.71%, 0, 0, 5, 10.03
1746802416, 0, 436, 770, 754, 12, 6.71%, 0, 0, 5, 10.10
1746802426, 0, 436, 772, 756, 12, 6.71%, 0, 0, 5, 9.67
1746802436, 0, 436, 774, 758, 12, 6.71%, 0, 0, 5, 10.16
1746802441, 0, 436, 777, 761, 12, 6.71%, 0, 0, 5, 9.94
1746802446, 0, 436, 778, 762, 12, 6.71%, 0, 0, 5, 10.40
1746802451, 0, 436, 779, 763, 12, 6.71%, 0, 0, 5, 10.14
1746802462, 0, 436, 781, 765, 12, 6.71%, 0, 0, 5, 10.17
1746802467, 0, 436, 783, 767, 12, 6.71%, 0, 0, 5, 9.89
1746802472, 0, 436, 785, 769, 12, 6.71%, 0, 0, 5, 9.96
1746802477, 0, 436, 787, 771, 12, 6.71%, 0, 0, 5, 9.76
1746802482, 0, 436, 788, 772, 12, 6.71%, 0, 0, 5, 9.49
1746802487, 0, 436, 790, 774, 12, 6.71%, 0, 0, 5, 10.20
1746802492, 0, 436, 793, 777, 12, 6.71%, 0, 0, 5, 9.82
1746802497, 0, 436, 795, 779, 12, 6.71%, 0, 0, 5, 9.05
1746802512, 0, 436, 796, 780, 12, 6.71%, 0, 0, 5, 10.08
1746802523, 0, 436, 799, 783, 12, 6.71%, 0, 0, 5, 11.21
1746802528, 0, 436, 801, 785, 12, 6.71%, 0, 0, 5, 9.29
1746802533, 0, 436, 802, 786, 12, 6.71%, 0, 0, 5, 10.36
1746802538, 0, 436, 803, 787, 12, 6.73%, 0, 0, 5, 9.67
1746802543, 0, 436, 805, 789, 12, 6.73%, 0, 0, 5, 9.21
1746802548, 0, 436, 806, 790, 12, 6.73%, 0, 0, 5, 10.45
1746802559, 0, 436, 807, 791, 12, 6.73%, 0, 0, 5, 10.47
1746802564, 0, 436, 808, 792, 12, 6.73%, 0, 0, 5, 10.18
1746802569, 0, 436, 809, 793, 12, 6.73%, 0, 0, 5, 11.71
1746802574, 0, 436, 810, 794, 12, 6.73%, 0, 0, 5, 12.03
1746802579, 0, 436, 812, 796, 12, 6.73%, 0, 0, 5, 11.08
1746802589, 0, 436, 813, 797, 12, 6.73%, 0, 0, 5, 11.93
1746802594, 0, 436, 815, 799, 12, 6.73%, 0, 0, 5, 11.40
1746802605, 0, 436, 817, 801, 12, 6.73%, 0, 0, 5, 11.05
1746802610, 0, 436, 818, 802, 12, 6.73%, 0, 0, 5, 11.32
1746802615, 0, 436, 819, 803, 12, 6.73%, 0, 0, 5, 11.64
1746802635, 0, 436, 820, 804, 12, 6.73%, 0, 0, 5, 11.05
1746802640, 0, 436, 821, 805, 12, 6.73%, 0, 0, 5, 11.73
1746802646, 0, 436, 823, 807, 12, 6.73%, 0, 0, 5, 11.46
1746802651, 0, 436, 824, 808, 12, 6.73%, 0, 0, 5, 11.35
1746802656, 0, 436, 826, 810, 12, 6.73%, 0, 0, 5, 11.56
1746802661, 0, 436, 827, 811, 12, 6.73%, 0, 0, 5, 11.05
1746802666, 0, 436, 828, 812, 12, 6.73%, 0, 0, 5, 11.56
1746802687, 0, 436, 829, 813, 12, 6.73%, 0, 0, 5, 12.45
1746802707, 0, 436, 830, 814, 12, 6.73%, 0, 0, 5, 12.19
1746802733, 0, 436, 831, 815, 12, 6.73%, 0, 0, 5, 10.87
1746802753, 0, 436, 832, 816, 12, 6.73%, 0, 0, 5, 11.49
1746802779, 0, 436, 833, 817, 12, 6.73%, 0, 0, 5, 12.44
1746802815, 0, 436, 834, 818, 12, 6.73%, 0, 0, 5, 11.85
1746802825, 0, 436, 835, 819, 12, 6.73%, 0, 0, 5, 12.13
1746802835, 0, 436, 836, 820, 12, 6.73%, 0, 0, 5, 11.72
1746802840, 0, 436, 837, 821, 12, 6.73%, 0, 0, 5, 11.45
1746802861, 0, 436, 838, 822, 12, 6.73%, 0, 0, 5, 11.18
1746802866, 0, 436, 839, 823, 12, 6.73%, 0, 0, 5, 10.79
1746802897, 0, 436, 840, 824, 12, 6.73%, 0, 0, 5, 12.27
1746802917, 0, 436, 841, 825, 12, 6.73%, 0, 0, 5, 12.64
1746802923, 0, 436, 842, 826, 12, 6.73%, 0, 0, 5, 11.59
1746802928, 0, 436, 843, 827, 12, 6.73%, 0, 0, 5, 11.53
1746802938, 0, 436, 844, 828, 12, 6.73%, 0, 0, 5, 12.70
1746802964, 0, 436, 845, 829, 12, 6.73%, 0, 0, 5, 11.50
1746802969, 0, 436, 846, 830, 12, 6.73%, 0, 0, 5, 10.61
1746802974, 0, 483, 846, 829, 18, 6.73%, 0, 0, 5, 16.57
1746803854, 0, 484, 846, 828, 17, 6.73%, 0, 0, 5, 21.42
1746804729, 0, 519, 846, 827, 16, 6.73%, 0, 0, 5, 21.02
1746804769, 0, 519, 847, 828, 16, 6.74%, 0, 0, 5, 18.87
1746805466, 0, 519, 848, 829, 16, 6.74%, 0, 0, 5, 18.98
1746805854, 0, 539, 848, 828, 15, 6.74%, 0, 0, 5, 20.33
1746806833, 0, 563, 848, 827, 14, 6.74%, 0, 0, 5, 19.28
1746809302, 0, 563, 849, 828, 14, 6.74%, 0, 0, 5, 15.89
1746809307, 0, 563, 850, 829, 14, 6.74%, 0, 0, 5, 16.07
1746809368, 0, 563, 851, 830, 14, 6.74%, 0, 0, 5, 15.66
1746809399, 0, 563, 853, 832, 14, 6.74%, 0, 0, 5, 15.86
1746809410, 0, 563, 854, 833, 14, 6.74%, 0, 0, 5, 15.42
1746809435, 0, 563, 855, 834, 14, 6.74%, 0, 0, 5, 15.74
1746809440, 0, 563, 856, 835, 14, 6.74%, 0, 0, 5, 15.50
1746809461, 0, 563, 857, 836, 14, 6.74%, 0, 0, 5, 15.86
1746809512, 0, 563, 858, 837, 14, 6.74%, 0, 0, 5, 15.95
1746809630, 0, 563, 859, 838, 14, 6.74%, 0, 0, 5, 14.34
1746809676, 0, 563, 860, 839, 14, 6.74%, 0, 0, 5, 14.45
1746809722, 0, 598, 860, 838, 11, 6.74%, 0, 0, 5, 15.35
1746811297, 0, 600, 860, 837, 10, 6.74%, 0, 0, 5, 19.17
1746812597, 0, 609, 860, 836, 10, 6.74%, 0, 0, 5, 16.90
1746816359, 0, 609, 861, 837, 10, 6.74%, 0, 0, 6, 10.88
1746818125, 0, 609, 862, 838, 10, 6.74%, 0, 0, 6, 11.87
1746818140, 0, 609, 863, 839, 10, 6.74%, 0, 0, 6, 11.73
1746818155, 0, 609, 864, 840, 10, 6.74%, 0, 0, 6, 11.86
1746818171, 0, 609, 865, 841, 10, 6.74%, 0, 0, 6, 11.18
1746818186, 0, 609, 866, 842, 10, 6.74%, 0, 0, 6, 12.17
1746818268, 0, 609, 868, 844, 10, 6.74%, 0, 0, 6, 11.21
1746818278, 0, 609, 869, 845, 10, 6.74%, 0, 0, 6, 10.99
1746818319, 0, 609, 870, 846, 10, 6.74%, 0, 0, 6, 11.32
1746818401, 0, 609, 871, 847, 10, 6.74%, 0, 0, 6, 12.18
1746818483, 0, 609, 872, 848, 10, 6.74%, 0, 0, 6, 12.06
1746818529, 0, 667, 872, 847, 9, 6.74%, 0, 0, 6, 11.71
1746818717, 0, 667, 873, 848, 9, 6.74%, 0, 0, 6, 8.70
1746824608, 0, 667, 874, 849, 9, 6.74%, 0, 0, 6, 11.73
1746824634, 0, 766, 874, 848, 9, 6.74%, 0, 0, 6, 11.43
