# unix_time, cycles_done, cur_path, paths_total, pending_total, pending_favs, map_size, unique_crashes, unique_hangs, max_depth, execs_per_sec
1746785259, 0, 0, 1, 1, 1, 3.78%, 0, 0, 1, 29.52
1746785264, 0, 0, 12, 12, 1, 4.70%, 0, 0, 2, 35.96
1746785269, 0, 0, 26, 26, 1, 4.92%, 0, 0, 2, 36.68
1746785274, 0, 0, 35, 35, 1, 4.95%, 0, 0, 2, 36.60
1746785279, 0, 0, 46, 46, 1, 5.00%, 0, 0, 2, 34.99
1746785284, 0, 0, 53, 53, 1, 5.01%, 0, 0, 2, 35.84
1746785290, 0, 0, 62, 62, 1, 5.01%, 0, 0, 2, 35.49
1746785295, 0, 0, 71, 71, 1, 5.01%, 0, 0, 2, 34.45
1746785300, 0, 0, 77, 77, 1, 5.01%, 0, 0, 2, 36.10
1746785305, 0, 0, 83, 83, 1, 5.01%, 0, 0, 2, 36.15
1746785310, 0, 0, 89, 89, 1, 5.01%, 0, 0, 2, 36.58
1746785315, 0, 0, 93, 93, 1, 5.01%, 0, 0, 2, 37.26
1746785320, 0, 0, 98, 98, 1, 5.01%, 0, 0, 2, 37.35
1746785326, 0, 0, 103, 103, 1, 5.01%, 0, 0, 2, 36.53
1746785331, 0, 0, 106, 106, 1, 5.01%, 0, 0, 2, 37.70
1746785336, 0, 0, 114, 114, 1, 5.03%, 0, 0, 2, 33.35
1746785341, 0, 0, 117, 117, 1, 5.03%, 0, 0, 2, 37.31
1746785346, 0, 0, 121, 121, 1, 5.03%, 0, 0, 2, 32.64
1746785351, 0, 0, 124, 124, 1, 5.03%, 0, 0, 2, 32.48
1746785356, 0, 0, 125, 125, 1, 5.03%, 0, 0, 2, 33.82
1746785361, 0, 0, 128, 128, 1, 5.03%, 0, 0, 2, 31.28
1746785366, 0, 0, 131, 131, 1, 5.03%, 0, 0, 2, 32.58
1746785372, 0, 0, 134, 134, 1, 5.04%, 0, 0, 2, 32.60
1746785377, 0, 0, 136, 136, 1, 5.08%, 0, 0, 2, 33.29
1746785382, 0, 0, 138, 138, 1, 5.08%, 0, 0, 2, 32.72
1746785387, 0, 0, 140, 140, 1, 5.08%, 0, 0, 2, 33.18
1746785392, 0, 0, 143, 143, 1, 5.08%, 0, 0, 2, 32.30
1746785397, 0, 0, 145, 145, 1, 5.08%, 0, 0, 2, 31.65
1746785402, 0, 0, 149, 149, 1, 5.08%, 0, 0, 2, 30.20
1746785408, 0, 0, 154, 154, 1, 5.08%, 0, 0, 2, 31.07
1746785413, 0, 0, 157, 157, 1, 5.08%, 0, 0, 2, 32.34
1746785418, 0, 0, 158, 158, 1, 5.08%, 0, 0, 2, 33.11
1746785423, 0, 0, 161, 161, 1, 5.08%, 0, 0, 2, 31.57
1746785428, 0, 0, 164, 164, 1, 5.09%, 0, 0, 2, 30.04
1746785433, 0, 0, 166, 166, 1, 5.09%, 0, 0, 2, 31.83
1746785438, 0, 0, 168, 168, 1, 5.09%, 0, 0, 2, 32.44
1746785443, 0, 0, 171, 171, 1, 5.09%, 0, 0, 2, 32.85
1746785449, 0, 0, 174, 174, 1, 5.09%, 0, 0, 2, 32.11
1746785454, 0, 0, 176, 176, 1, 5.09%, 0, 0, 2, 31.63
1746785459, 0, 0, 178, 178, 1, 5.09%, 0, 0, 2, 32.18
1746785469, 0, 0, 181, 181, 1, 5.09%, 0, 0, 2, 31.07
1746785474, 0, 0, 182, 182, 1, 5.09%, 0, 0, 2, 33.18
1746785479, 0, 0, 184, 184, 1, 5.09%, 0, 0, 2, 33.00
1746785484, 0, 0, 186, 186, 1, 5.09%, 0, 0, 2, 32.35
1746785494, 0, 0, 188, 188, 1, 5.09%, 0, 0, 2, 33.48
1746785499, 0, 0, 192, 192, 1, 5.09%, 0, 0, 2, 28.98
1746785505, 0, 2, 193, 192, 10, 5.09%, 0, 0, 2, 33.12
1746785515, 0, 23, 193, 191, 9, 5.09%, 0, 0, 2, 34.26
1746785556, 0, 23, 195, 193, 9, 5.09%, 0, 0, 3, 33.31
1746785561, 0, 23, 196, 194, 9, 5.09%, 0, 0, 3, 32.93
1746785566, 0, 23, 197, 195, 9, 5.09%, 0, 0, 3, 32.85
1746785571, 0, 23, 198, 196, 9, 5.09%, 0, 0, 3, 33.18
1746785576, 0, 23, 200, 198, 9, 5.09%, 0, 0, 3, 32.13
1746785581, 0, 23, 205, 203, 9, 5.09%, 0, 0, 3, 31.24
1746785586, 0, 23, 207, 205, 9, 5.09%, 0, 0, 3, 31.59
1746785591, 0, 23, 208, 206, 9, 5.09%, 0, 0, 3, 32.38
1746785597, 0, 23, 209, 207, 9, 5.09%, 0, 0, 3, 32.67
1746785602, 0, 23, 210, 208, 9, 5.09%, 0, 0, 3, 33.26
1746785607, 0, 23, 212, 210, 9, 5.09%, 0, 0, 3, 32.36
1746785612, 0, 23, 215, 213, 9, 5.09%, 0, 0, 3, 30.82
1746785617, 0, 23, 216, 214, 9, 5.09%, 0, 0, 3, 32.36
1746785622, 0, 23, 218, 216, 9, 5.09%, 0, 0, 3, 31.93
1746785627, 0, 23, 220, 218, 9, 5.09%, 0, 0, 3, 33.06
1746785643, 0, 23, 223, 221, 9, 5.09%, 0, 0, 3, 32.49
1746785653, 0, 23, 225, 223, 9, 5.09%, 0, 0, 3, 32.09
1746785668, 0, 23, 226, 224, 9, 5.09%, 0, 0, 3, 33.55
1746785678, 0, 23, 227, 225, 9, 5.09%, 0, 0, 3, 32.75
1746785699, 0, 23, 230, 228, 9, 5.09%, 0, 0, 3, 31.60
1746785704, 0, 23, 231, 229, 9, 5.09%, 0, 0, 3, 31.86
1746785709, 0, 23, 233, 231, 9, 5.09%, 0, 0, 3, 31.71
1746785714, 0, 23, 234, 232, 9, 5.09%, 0, 0, 3, 32.65
1746785719, 0, 23, 235, 233, 9, 5.09%, 0, 0, 3, 32.65
1746785724, 0, 23, 239, 237, 9, 5.09%, 0, 0, 3, 28.93
1746785734, 0, 23, 241, 239, 9, 5.09%, 0, 0, 3, 31.28
1746785750, 0, 23, 243, 241, 9, 5.09%, 0, 0, 3, 31.71
1746785755, 0, 23, 244, 242, 9, 5.09%, 0, 0, 3, 32.65
1746785765, 0, 40, 244, 241, 10, 5.09%, 0, 0, 3, 25.15
1746785775, 0, 40, 246, 243, 10, 5.09%, 0, 0, 3, 22.42
1746785786, 0, 40, 249, 246, 10, 5.11%, 0, 0, 3, 22.24
1746785791, 0, 40, 251, 248, 10, 5.11%, 0, 0, 3, 22.27
1746785843, 0, 40, 253, 250, 10, 5.11%, 0, 0, 3, 22.25
1746785988, 0, 40, 254, 251, 10, 5.11%, 0, 0, 3, 22.31
1746785993, 0, 40, 256, 253, 10, 5.11%, 0, 0, 3, 22.29
1746785998, 0, 40, 257, 254, 10, 5.11%, 0, 0, 3, 22.26
1746786313, 0, 40, 259, 256, 10, 5.11%, 0, 0, 3, 22.94
1746786318, 0, 40, 263, 260, 10, 5.11%, 0, 0, 3, 23.27
1746786323, 0, 40, 267, 264, 10, 5.11%, 0, 0, 3, 24.56
1746786328, 0, 40, 274, 271, 10, 5.11%, 0, 0, 3, 22.39
1746786333, 0, 40, 276, 273, 10, 5.11%, 0, 0, 3, 24.58
1746786338, 0, 40, 282, 279, 10, 5.11%, 0, 0, 3, 23.81
1746786343, 0, 40, 286, 283, 10, 5.11%, 0, 0, 3, 24.33
1746786348, 0, 40, 290, 287, 10, 5.11%, 0, 0, 3, 24.30
1746786353, 0, 40, 294, 291, 10, 5.11%, 0, 0, 3, 23.89
1746786358, 0, 40, 300, 297, 10, 5.11%, 0, 0, 3, 21.32
1746786364, 0, 40, 303, 300, 10, 5.11%, 0, 0, 3, 22.51
1746786369, 0, 40, 305, 302, 10, 5.11%, 0, 0, 3, 23.98
1746786374, 0, 40, 306, 303, 10, 5.11%, 0, 0, 3, 25.04
1746786379, 0, 40, 312, 309, 10, 5.11%, 0, 0, 3, 23.01
1746786389, 0, 40, 313, 310, 10, 5.11%, 0, 0, 3, 25.21
1746786394, 0, 40, 314, 311, 10, 5.11%, 0, 0, 3, 24.52
1746786399, 0, 40, 318, 315, 10, 5.11%, 0, 0, 3, 24.22
1746786405, 0, 40, 321, 318, 10, 5.11%, 0, 0, 3, 22.76
1746786410, 0, 40, 324, 321, 10, 5.11%, 0, 0, 3, 23.54
1746786415, 0, 40, 325, 322, 10, 5.11%, 0, 0, 3, 24.68
1746786420, 0, 40, 327, 324, 10, 5.11%, 0, 0, 3, 23.92
1746786425, 0, 40, 328, 325, 10, 5.11%, 0, 0, 3, 24.03
1746786430, 0, 40, 329, 326, 10, 5.11%, 0, 0, 3, 25.42
1746786435, 0, 40, 331, 328, 10, 5.11%, 0, 0, 3, 24.36
1746786440, 0, 40, 333, 330, 10, 5.17%, 0, 0, 3, 24.37
1746786451, 0, 40, 334, 331, 10, 5.17%, 0, 0, 3, 24.74
1746786456, 0, 40, 336, 333, 10, 5.17%, 0, 0, 3, 23.70
1746786461, 0, 40, 337, 334, 10, 5.17%, 0, 0, 3, 24.32
1746786466, 0, 40, 338, 335, 10, 5.17%, 0, 0, 3, 25.26
1746786481, 0, 40, 339, 336, 10, 5.63%, 0, 0, 3, 24.63
1746786486, 0, 40, 341, 338, 10, 5.63%, 0, 0, 3, 24.04
1746786491, 0, 40, 343, 340, 10, 5.64%, 0, 0, 3, 22.80
1746786496, 0, 40, 346, 343, 10, 5.69%, 0, 0, 3, 23.32
1746786502, 0, 40, 347, 344, 10, 5.69%, 0, 0, 3, 24.93
1746786507, 0, 40, 348, 345, 10, 5.69%, 0, 0, 3, 25.38
1746786522, 0, 40, 349, 346, 10, 5.69%, 0, 0, 3, 24.85
1746786527, 0, 40, 352, 349, 10, 5.80%, 0, 0, 3, 23.35
1746786532, 0, 40, 353, 350, 10, 5.80%, 0, 0, 3, 24.30
1746786547, 0, 40, 354, 351, 10, 5.80%, 0, 0, 3, 24.44
1746786552, 0, 40, 355, 352, 10, 5.80%, 0, 0, 3, 24.51
1746786562, 0, 40, 356, 353, 10, 5.80%, 0, 0, 3, 24.75
1746786567, 0, 40, 357, 354, 10, 5.80%, 0, 0, 3, 24.75
1746786598, 0, 40, 358, 355, 10, 5.80%, 0, 0, 3, 25.05
1746786603, 0, 40, 359, 356, 10, 5.80%, 0, 0, 3, 24.81
1746786608, 0, 40, 360, 357, 10, 5.80%, 0, 0, 3, 24.05
1746786614, 0, 40, 361, 358, 10, 5.80%, 0, 0, 3, 24.50
1746786619, 0, 41, 361, 357, 12, 5.80%, 0, 0, 3, 30.29
1746786681, 0, 47, 361, 356, 12, 5.80%, 0, 0, 3, 22.31
1746786691, 0, 47, 362, 357, 12, 5.80%, 0, 0, 3, 19.39
1746787780, 0, 47, 364, 359, 12, 5.80%, 0, 0, 3, 20.03
1746787786, 0, 47, 366, 361, 12, 5.80%, 0, 0, 3, 20.95
1746787791, 0, 47, 369, 364, 12, 5.80%, 0, 0, 3, 20.61
1746787796, 0, 47, 371, 366, 12, 5.80%, 0, 0, 3, 22.04
1746787801, 0, 47, 375, 370, 12, 5.80%, 0, 0, 3, 21.00
1746787806, 0, 47, 378, 373, 12, 5.80%, 0, 0, 3, 19.77
1746787811, 0, 47, 381, 376, 12, 6.00%, 0, 0, 3, 18.50
1746787816, 0, 47, 382, 377, 12, 6.00%, 0, 0, 3, 20.63
1746787821, 0, 47, 385, 380, 12, 6.00%, 0, 0, 3, 19.37
1746787827, 0, 47, 387, 382, 12, 6.00%, 0, 0, 3, 19.51
1746787832, 0, 47, 390, 385, 12, 6.00%, 0, 0, 3, 19.54
1746787837, 0, 47, 392, 387, 12, 6.08%, 0, 0, 3, 18.92
1746787842, 0, 47, 394, 389, 12, 6.08%, 0, 0, 3, 20.45
1746787852, 0, 47, 397, 392, 12, 6.08%, 0, 0, 3, 19.96
1746787857, 0, 47, 399, 394, 12, 6.08%, 0, 0, 3, 20.59
1746787862, 0, 47, 400, 395, 12, 6.08%, 0, 0, 3, 20.97
1746787868, 0, 47, 401, 396, 12, 6.08%, 0, 0, 3, 21.25
1746787873, 0, 47, 402, 397, 12, 6.08%, 0, 0, 3, 21.64
1746787883, 0, 47, 404, 399, 12, 6.08%, 0, 0, 3, 20.74
1746787888, 0, 47, 405, 400, 12, 6.08%, 0, 0, 3, 20.80
1746787898, 0, 47, 406, 401, 12, 6.08%, 0, 0, 3, 21.12
1746787909, 0, 47, 408, 403, 12, 6.08%, 0, 0, 3, 21.13
1746787919, 0, 47, 409, 404, 12, 6.08%, 0, 0, 3, 21.60
1746787924, 0, 47, 410, 405, 12, 6.08%, 0, 0, 3, 21.40
1746787944, 0, 47, 411, 406, 12, 6.08%, 0, 0, 3, 22.08
1746787950, 0, 47, 413, 408, 12, 6.08%, 0, 0, 3, 20.80
1746787955, 0, 47, 414, 409, 12, 6.08%, 0, 0, 3, 21.53
1746787996, 0, 47, 415, 410, 12, 6.08%, 0, 0, 3, 21.52
1746788011, 0, 47, 416, 411, 12, 6.09%, 0, 0, 3, 19.98
1746788016, 0, 47, 417, 412, 12, 6.09%, 0, 0, 3, 20.96
1746788026, 0, 47, 418, 413, 12, 6.09%, 0, 0, 3, 21.98
1746788031, 0, 47, 420, 415, 12, 6.09%, 0, 0, 3, 19.93
1746788036, 0, 47, 421, 416, 12, 6.09%, 0, 0, 3, 21.77
1746788047, 0, 47, 422, 417, 12, 6.09%, 0, 0, 3, 21.40
1746788073, 0, 47, 423, 418, 12, 6.09%, 0, 0, 3, 21.03
1746788083, 0, 47, 424, 419, 12, 6.09%, 0, 0, 3, 21.22
1746788103, 0, 78, 424, 418, 11, 6.09%, 0, 0, 3, 23.20
1746788451, 0, 97, 424, 417, 10, 6.09%, 0, 0, 3, 27.52
1746788653, 0, 174, 424, 416, 9, 6.09%, 0, 0, 3, 28.73
1746788840, 0, 217, 424, 415, 8, 6.09%, 0, 0, 3, 26.74
1746788922, 0, 217, 426, 417, 8, 6.09%, 0, 0, 4, 22.45
1746788927, 0, 217, 427, 418, 8, 6.09%, 0, 0, 4, 22.47
1746789342, 0, 217, 429, 420, 8, 6.09%, 0, 0, 4, 23.82
1746789368, 0, 228, 429, 419, 8, 6.09%, 0, 0, 4, 24.07
1746789896, 0, 331, 429, 418, 7, 6.09%, 0, 0, 4, 18.33
1746789911, 0, 331, 430, 419, 7, 6.09%, 0, 0, 4, 15.15
1746789916, 0, 331, 431, 420, 7, 6.09%, 0, 0, 4, 15.12
1746791767, 0, 331, 432, 421, 7, 6.09%, 0, 0, 4, 14.85
1746791772, 0, 331, 435, 424, 7, 6.09%, 0, 0, 4, 15.83
1746791777, 0, 331, 439, 428, 7, 6.09%, 0, 0, 4, 15.43
1746791782, 0, 331, 443, 432, 7, 6.09%, 0, 0, 4, 15.13
1746791787, 0, 331, 445, 434, 7, 6.09%, 0, 0, 4, 16.11
1746791792, 0, 331, 449, 438, 7, 6.13%, 0, 0, 4, 14.87
1746791797, 0, 331, 451, 440, 7, 6.13%, 0, 0, 4, 15.64
1746791802, 0, 331, 455, 444, 7, 6.70%, 0, 0, 4, 14.85
1746791807, 0, 331, 459, 448, 7, 6.70%, 0, 0, 4, 13.93
1746791812, 0, 331, 462, 451, 7, 6.70%, 0, 0, 4, 15.19
1746791818, 0, 331, 466, 455, 7, 6.70%, 0, 0, 4, 15.66
1746791823, 0, 331, 468, 457, 7, 6.70%, 0, 0, 4, 16.54
1746791828, 0, 331, 471, 460, 7, 6.70%, 0, 0, 4, 15.72
1746791833, 0, 331, 475, 464, 7, 6.70%, 0, 0, 4, 15.77
1746791838, 0, 331, 477, 466, 7, 6.70%, 0, 0, 4, 16.32
1746791843, 0, 331, 478, 467, 7, 6.70%, 0, 0, 4, 16.74
1746791848, 0, 331, 480, 469, 7, 6.70%, 0, 0, 4, 16.40
1746791854, 0, 331, 481, 470, 7, 6.71%, 0, 0, 4, 15.91
1746791859, 0, 331, 483, 472, 7, 6.71%, 0, 0, 4, 15.72
1746791864, 0, 331, 485, 474, 7, 6.71%, 0, 0, 4, 17.31
1746791869, 0, 331, 486, 475, 7, 6.74%, 0, 0, 4, 16.60
1746791874, 0, 331, 488, 477, 7, 6.74%, 0, 0, 4, 16.77
1746791879, 0, 331, 490, 479, 7, 6.74%, 0, 0, 4, 16.26
1746791884, 0, 331, 492, 481, 7, 6.74%, 0, 0, 4, 15.67
1746791889, 0, 331, 495, 484, 7, 6.74%, 0, 0, 4, 15.42
1746791894, 0, 331, 497, 486, 7, 6.74%, 0, 0, 4, 16.22
1746791899, 0, 331, 498, 487, 7, 6.85%, 0, 0, 4, 16.52
1746791905, 0, 331, 501, 490, 7, 6.85%, 0, 0, 4, 15.65
1746791910, 0, 331, 502, 491, 7, 6.85%, 0, 0, 4, 16.37
1746791915, 0, 331, 503, 492, 7, 6.85%, 0, 0, 4, 15.74
1746791925, 0, 331, 505, 494, 7, 6.85%, 0, 0, 4, 16.37
1746791930, 0, 331, 507, 496, 7, 6.85%, 0, 0, 4, 16.04
1746791935, 0, 331, 509, 498, 7, 6.85%, 0, 0, 4, 16.09
1746791940, 0, 331, 510, 499, 7, 6.85%, 0, 0, 4, 17.09
1746791945, 0, 331, 513, 502, 7, 6.85%, 0, 0, 4, 15.94
1746791956, 0, 331, 514, 503, 7, 6.85%, 0, 0, 4, 17.07
1746791961, 0, 331, 515, 504, 7, 6.85%, 0, 0, 4, 17.23
1746791966, 0, 331, 517, 506, 7, 6.97%, 0, 0, 4, 14.56
1746791971, 0, 331, 519, 508, 7, 6.97%, 0, 0, 4, 15.90
1746791976, 0, 331, 520, 509, 7, 6.97%, 0, 0, 4, 16.26
1746791981, 0, 331, 522, 511, 7, 6.97%, 0, 0, 4, 15.39
1746791986, 0, 331, 524, 513, 7, 6.97%, 0, 0, 4, 15.95
1746791992, 0, 331, 525, 514, 7, 6.97%, 0, 0, 4, 16.35
1746791997, 0, 331, 526, 515, 7, 6.97%, 0, 0, 4, 17.09
1746792002, 0, 331, 528, 517, 7, 6.97%, 0, 0, 4, 16.69
1746792012, 0, 331, 529, 518, 7, 6.97%, 0, 0, 4, 17.30
1746792017, 0, 331, 530, 519, 7, 6.97%, 0, 0, 4, 16.52
1746792027, 0, 331, 532, 521, 7, 6.97%, 0, 0, 4, 16.37
1746792032, 0, 331, 533, 522, 7, 6.97%, 0, 0, 4, 16.30
1746792038, 0, 331, 535, 524, 7, 6.97%, 0, 0, 4, 15.26
1746792053, 0, 331, 538, 527, 7, 6.97%, 0, 0, 4, 15.46
1746792058, 0, 331, 539, 528, 7, 6.97%, 0, 0, 4, 16.46
1746792063, 0, 331, 541, 530, 7, 6.97%, 0, 0, 4, 14.90
1746792068, 0, 331, 542, 531, 7, 6.97%, 0, 0, 4, 15.56
1746792073, 0, 331, 543, 532, 7, 6.97%, 0, 0, 4, 16.43
1746792078, 0, 331, 545, 534, 7, 6.97%, 0, 0, 4, 15.52
1746792084, 0, 331, 546, 535, 7, 6.97%, 0, 0, 4, 17.45
1746792094, 0, 331, 547, 536, 7, 6.97%, 0, 0, 4, 16.81
1746792109, 0, 331, 550, 539, 7, 6.97%, 0, 0, 4, 15.28
1746792114, 0, 331, 551, 540, 7, 6.97%, 0, 0, 4, 16.25
1746792130, 0, 364, 552, 540, 9, 6.97%, 0, 0, 4, 17.50
1746793611, 0, 367, 552, 539, 8, 6.97%, 0, 0, 4, 19.24
1746794851, 0, 380, 552, 538, 8, 6.97%, 0, 0, 4, 17.85
1746794877, 0, 380, 553, 539, 8, 6.97%, 0, 0, 4, 14.19
1746794907, 0, 380, 554, 540, 8, 6.97%, 0, 0, 4, 14.26
1746794932, 0, 380, 555, 541, 8, 6.97%, 0, 0, 4, 14.24
1746797390, 0, 380, 556, 542, 8, 6.97%, 0, 0, 4, 14.45
1746797395, 0, 380, 559, 545, 8, 6.97%, 0, 0, 4, 15.37
1746797400, 0, 380, 561, 547, 8, 6.97%, 0, 0, 4, 15.69
1746797405, 0, 380, 563, 549, 8, 6.97%, 0, 0, 4, 15.60
1746797410, 0, 380, 564, 550, 8, 6.97%, 0, 0, 4, 15.39
1746797415, 0, 380, 565, 551, 8, 6.97%, 0, 0, 4, 15.24
1746797421, 0, 380, 567, 553, 8, 6.97%, 0, 0, 4, 16.35
1746797426, 0, 380, 568, 554, 8, 6.97%, 0, 0, 4, 15.92
1746797436, 0, 380, 573, 559, 8, 6.97%, 0, 0, 4, 14.24
1746797441, 0, 380, 574, 560, 8, 6.97%, 0, 0, 4, 15.09
1746797447, 0, 380, 575, 561, 8, 6.97%, 0, 0, 4, 15.75
1746797457, 0, 380, 576, 562, 8, 6.97%, 0, 0, 4, 14.71
1746797462, 0, 380, 578, 564, 8, 6.97%, 0, 0, 4, 14.04
1746797467, 0, 380, 580, 566, 8, 6.97%, 0, 0, 4, 13.77
1746797472, 0, 380, 582, 568, 8, 6.98%, 0, 0, 4, 14.55
1746797477, 0, 380, 583, 569, 8, 6.98%, 0, 0, 4, 15.84
1746797482, 0, 380, 584, 570, 8, 6.98%, 0, 0, 4, 16.13
1746797487, 0, 380, 585, 571, 8, 6.98%, 0, 0, 4, 15.52
1746797498, 0, 380, 586, 572, 8, 6.98%, 0, 0, 4, 15.34
1746797503, 0, 380, 587, 573, 8, 6.98%, 0, 0, 4, 14.80
1746797508, 0, 380, 588, 574, 8, 6.98%, 0, 0, 4, 16.66
1746797513, 0, 380, 589, 575, 8, 6.98%, 0, 0, 4, 15.37
1746797523, 0, 380, 590, 576, 8, 6.99%, 0, 0, 4, 15.80
1746797533, 0, 380, 591, 577, 8, 6.99%, 0, 0, 4, 15.94
1746797544, 0, 380, 592, 578, 8, 6.99%, 0, 0, 4, 15.83
1746797554, 0, 380, 593, 579, 8, 6.99%, 0, 0, 4, 16.23
1746797595, 0, 380, 594, 580, 8, 6.99%, 0, 0, 4, 15.92
1746797600, 0, 380, 595, 581, 8, 6.99%, 0, 0, 4, 15.81
1746797605, 0, 380, 596, 582, 8, 6.99%, 0, 0, 4, 15.44
1746797610, 0, 380, 597, 583, 8, 6.99%, 0, 0, 4, 15.83
1746797630, 0, 380, 598, 584, 8, 6.99%, 0, 0, 4, 16.18
1746797656, 0, 380, 599, 585, 8, 6.99%, 0, 0, 4, 15.88
1746797661, 0, 380, 600, 586, 8, 6.99%, 0, 0, 4, 14.61
1746797666, 0, 380, 601, 587, 8, 6.99%, 0, 0, 4, 15.60
1746797682, 0, 380, 603, 589, 8, 6.99%, 0, 0, 4, 14.98
1746797718, 0, 380, 604, 590, 8, 6.99%, 0, 0, 4, 16.16
1746797748, 0, 380, 605, 591, 8, 6.99%, 0, 0, 4, 15.77
1746797789, 0, 380, 606, 592, 8, 6.99%, 0, 0, 4, 15.85
1746797794, 0, 380, 607, 593, 8, 6.99%, 0, 0, 4, 15.27
1746797830, 0, 424, 607, 592, 10, 6.99%, 0, 0, 4, 19.73
1746798342, 0, 451, 607, 591, 9, 6.99%, 0, 0, 4, 15.37
1746798373, 0, 451, 610, 594, 9, 6.99%, 0, 0, 5, 10.20
1746798383, 0, 451, 611, 595, 9, 6.99%, 0, 0, 5, 10.19
1746798445, 0, 451, 612, 596, 9, 6.99%, 0, 0, 5, 10.13
1746798768, 0, 451, 613, 597, 9, 6.99%, 0, 0, 5, 10.16
1746798798, 0, 451, 614, 598, 9, 6.99%, 0, 0, 5, 10.23
1746798982, 0, 451, 615, 599, 9, 6.99%, 0, 0, 5, 10.17
1746799642, 0, 451, 616, 600, 9, 6.99%, 0, 0, 5, 10.09
1746799874, 0, 451, 617, 601, 9, 6.99%, 0, 0, 5, 10.12
1746800013, 0, 451, 618, 602, 9, 6.99%, 0, 0, 5, 10.14
1746800145, 0, 451, 619, 603, 9, 6.99%, 0, 0, 5, 10.17
1746800176, 0, 451, 620, 604, 9, 7.21%, 0, 0, 5, 9.92
1746800580, 0, 451, 621, 605, 9, 7.21%, 0, 0, 5, 10.31
1746800867, 0, 451, 622, 606, 9, 7.21%, 0, 0, 5, 10.12
1746801731, 0, 451, 626, 610, 9, 7.21%, 0, 0, 5, 10.15
1746801741, 0, 451, 627, 611, 9, 7.21%, 0, 0, 5, 10.29
1746801756, 0, 451, 628, 612, 9, 7.21%, 0, 0, 5, 10.19
1746801884, 0, 451, 629, 613, 9, 7.21%, 0, 0, 5, 10.40
1746801992, 0, 451, 630, 614, 9, 7.21%, 0, 0, 5, 10.45
1746802743, 0, 451, 631, 615, 9, 7.21%, 0, 0, 5, 5.97
1746802748, 0, 451, 634, 618, 9, 7.29%, 0, 0, 5, 6.15
1746802754, 0, 451, 637, 621, 9, 7.29%, 0, 0, 5, 6.10
1746802759, 0, 451, 639, 623, 9, 7.29%, 0, 0, 5, 6.23
1746802764, 0, 451, 640, 624, 9, 7.29%, 0, 0, 5, 6.67
1746802769, 0, 451, 641, 625, 9, 7.30%, 0, 0, 5, 6.58
1746802774, 0, 451, 643, 627, 9, 7.30%, 0, 0, 5, 6.55
1746802779, 0, 451, 644, 628, 9, 7.30%, 0, 0, 5, 6.49
1746802785, 0, 451, 646, 630, 9, 7.30%, 0, 0, 5, 6.52
1746802790, 0, 451, 648, 632, 9, 7.30%, 0, 0, 5, 6.29
1746802795, 0, 451, 650, 634, 9, 7.31%, 0, 0, 5, 6.51
1746802800, 0, 451, 652, 636, 9, 7.31%, 0, 0, 5, 6.32
1746802805, 0, 451, 654, 638, 9, 7.31%, 0, 0, 5, 6.49
1746802811, 0, 451, 657, 641, 9, 7.31%, 0, 0, 5, 6.09
1746802816, 0, 451, 659, 643, 9, 7.31%, 0, 0, 5, 5.97
1746802831, 0, 451, 660, 644, 9, 7.31%, 0, 0, 5, 6.94
1746802842, 0, 451, 661, 645, 9, 7.31%, 0, 0, 5, 6.71
1746802847, 0, 451, 662, 646, 9, 7.31%, 0, 0, 5, 6.07
1746802852, 0, 451, 663, 647, 9, 7.31%, 0, 0, 5, 5.75
1746802862, 0, 451, 664, 648, 9, 7.31%, 0, 0, 5, 6.56
1746802873, 0, 451, 665, 649, 9, 7.31%, 0, 0, 5, 6.95
1746802883, 0, 451, 666, 650, 9, 7.31%, 0, 0, 5, 6.87
1746802893, 0, 451, 668, 652, 9, 7.36%, 0, 0, 5, 6.32
1746802898, 0, 451, 669, 653, 9, 7.43%, 0, 0, 5, 5.90
1746802904, 0, 451, 670, 654, 9, 7.43%, 0, 0, 5, 5.85
1746802919, 0, 451, 671, 655, 9, 7.54%, 0, 0, 5, 5.89
1746802924, 0, 451, 672, 656, 9, 7.54%, 0, 0, 5, 6.41
1746802929, 0, 451, 673, 657, 9, 7.54%, 0, 0, 5, 6.83
1746802934, 0, 451, 675, 659, 9, 7.54%, 0, 0, 5, 6.87
1746802939, 0, 451, 676, 660, 9, 7.54%, 0, 0, 5, 6.92
1746802945, 0, 451, 677, 661, 9, 7.55%, 0, 0, 5, 6.98
1746802950, 0, 451, 679, 663, 9, 7.55%, 0, 0, 5, 5.64
1746802955, 0, 451, 681, 665, 9, 7.55%, 0, 0, 5, 6.47
1746802971, 0, 451, 682, 666, 9, 7.55%, 0, 0, 5, 6.54
1746802981, 0, 451, 683, 667, 9, 7.55%, 0, 0, 5, 6.50
1746802986, 0, 451, 685, 669, 9, 7.55%, 0, 0, 5, 6.58
1746802996, 0, 451, 686, 670, 9, 7.55%, 0, 0, 5, 6.56
1746803006, 0, 451, 688, 672, 9, 7.55%, 0, 0, 5, 6.01
1746803011, 0, 451, 689, 673, 9, 7.55%, 0, 0, 5, 6.50
1746803016, 0, 451, 691, 675, 9, 7.55%, 0, 0, 5, 6.19
1746803022, 0, 451, 692, 676, 9, 7.55%, 0, 0, 5, 6.36
1746803027, 0, 451, 693, 677, 9, 7.55%, 0, 0, 5, 6.37
1746803032, 0, 451, 694, 678, 9, 7.55%, 0, 0, 5, 6.26
1746803037, 0, 451, 695, 679, 9, 7.61%, 0, 0, 5, 6.23
1746803058, 0, 451, 696, 680, 9, 7.61%, 0, 0, 5, 6.73
1746803068, 0, 451, 697, 681, 9, 7.61%, 0, 0, 5, 6.64
1746803073, 0, 451, 698, 682, 9, 7.61%, 0, 0, 5, 6.41
1746803078, 0, 451, 699, 683, 9, 7.61%, 0, 0, 5, 6.02
1746803094, 0, 451, 700, 684, 9, 7.61%, 0, 0, 5, 6.58
1746803104, 0, 451, 701, 685, 9, 7.61%, 0, 0, 5, 6.76
1746803119, 0, 451, 702, 686, 9, 7.61%, 0, 0, 5, 6.54
1746803129, 0, 451, 703, 687, 9, 7.61%, 0, 0, 5, 6.12
1746803134, 0, 451, 704, 688, 9, 7.61%, 0, 0, 5, 6.68
1746803139, 0, 451, 705, 689, 9, 7.61%, 0, 0, 5, 6.01
1746803145, 0, 451, 706, 690, 9, 7.61%, 0, 0, 5, 6.28
1746803150, 0, 451, 708, 692, 9, 7.61%, 0, 0, 5, 6.48
1746803155, 0, 451, 709, 693, 9, 7.61%, 0, 0, 5, 6.41
1746803196, 0, 451, 710, 694, 9, 7.61%, 0, 0, 5, 7.20
1746803206, 0, 451, 711, 695, 9, 7.61%, 0, 0, 5, 6.68
1746803217, 0, 451, 712, 696, 9, 7.61%, 0, 0, 5, 6.49
1746803242, 0, 451, 713, 697, 9, 7.61%, 0, 0, 5, 6.70
1746803248, 0, 451, 714, 698, 9, 7.61%, 0, 0, 5, 6.72
1746803258, 0, 451, 715, 699, 9, 7.61%, 0, 0, 5, 6.97
1746803268, 0, 451, 717, 701, 9, 7.61%, 0, 0, 5, 5.64
1746803274, 0, 451, 718, 702, 9, 7.61%, 0, 0, 5, 6.06
1746803279, 0, 451, 719, 703, 9, 7.61%, 0, 0, 5, 5.63
1746803289, 0, 451, 721, 705, 9, 7.61%, 0, 0, 5, 6.80
1746803300, 0, 451, 722, 706, 9, 7.61%, 0, 0, 5, 6.21
1746803305, 0, 451, 723, 707, 9, 7.61%, 0, 0, 5, 6.12
1746803310, 0, 451, 725, 709, 9, 7.61%, 0, 0, 5, 7.19
1746803320, 0, 451, 726, 710, 9, 7.61%, 0, 0, 5, 7.05
1746803335, 0, 451, 727, 711, 9, 7.61%, 0, 0, 5, 6.40
1746803345, 0, 451, 728, 712, 9, 7.61%, 0, 0, 5, 6.20
1746803361, 0, 451, 729, 713, 9, 7.61%, 0, 0, 5, 6.58
1746803371, 0, 451, 730, 714, 9, 7.61%, 0, 0, 5, 6.48
1746803381, 0, 451, 731, 715, 9, 7.61%, 0, 0, 5, 5.95
1746803397, 0, 451, 732, 716, 9, 7.62%, 0, 0, 5, 6.59
1746803412, 0, 451, 733, 717, 9, 7.62%, 0, 0, 5, 5.90
1746803427, 0, 451, 734, 718, 9, 7.62%, 0, 0, 5, 6.15
1746803463, 0, 451, 735, 719, 9, 7.62%, 0, 0, 5, 6.93
1746803484, 0, 451, 736, 720, 9, 7.62%, 0, 0, 5, 6.48
1746803499, 0, 451, 737, 721, 9, 7.62%, 0, 0, 5, 6.22
1746803530, 0, 451, 738, 722, 9, 7.62%, 0, 0, 5, 7.07
1746803566, 0, 451, 739, 723, 9, 7.62%, 0, 0, 5, 6.90
1746803587, 0, 451, 740, 724, 9, 7.62%, 0, 0, 5, 6.51
1746803602, 0, 451, 741, 725, 9, 7.62%, 0, 0, 5, 6.83
1746803613, 0, 451, 742, 726, 9, 7.62%, 0, 0, 5, 6.31
1746803618, 0, 451, 743, 727, 9, 7.62%, 0, 0, 5, 6.42
1746803633, 0, 521, 743, 726, 15, 7.62%, 0, 0, 5, 6.68
1746810243, 0, 521, 744, 727, 15, 7.62%, 0, 0, 5, 11.69
1746810253, 0, 521, 746, 729, 15, 7.62%, 0, 0, 5, 11.53
1746810320, 0, 521, 747, 730, 15, 7.62%, 0, 0, 5, 10.73
1746810377, 0, 521, 748, 731, 15, 7.62%, 0, 0, 5, 11.02
1746810403, 0, 521, 749, 732, 15, 7.62%, 0, 0, 5, 12.08
1746810428, 0, 521, 750, 733, 15, 7.62%, 0, 0, 5, 12.08
1746810433, 0, 521, 751, 734, 15, 7.62%, 0, 0, 5, 11.98
1746810454, 0, 521, 752, 735, 15, 7.62%, 0, 0, 5, 11.31
1746810593, 0, 521, 753, 736, 15, 7.62%, 0, 0, 5, 6.47
1746810619, 0, 521, 754, 737, 15, 7.62%, 0, 0, 5, 6.38
1746810723, 0, 521, 755, 738, 15, 7.62%, 0, 0, 5, 6.53
1746810754, 0, 521, 756, 739, 15, 7.63%, 0, 0, 5, 6.04
1746810825, 0, 521, 757, 740, 15, 7.63%, 0, 0, 5, 5.95
1746810861, 0, 521, 758, 741, 15, 7.63%, 0, 0, 5, 6.83
1746810903, 0, 521, 759, 742, 15, 7.63%, 0, 0, 5, 7.45
1746810959, 0, 521, 760, 743, 15, 7.65%, 0, 0, 5, 6.78
1746810970, 0, 580, 760, 742, 18, 7.65%, 0, 0, 5, 7.40
1746811103, 0, 580, 761, 743, 18, 7.65%, 0, 0, 5, 7.56
1746811403, 0, 580, 762, 744, 18, 7.65%, 0, 0, 5, 7.49
1746813618, 0, 580, 763, 745, 18, 7.65%, 0, 0, 5, 13.21
1746814318, 0, 580, 764, 746, 18, 7.65%, 0, 0, 5, 14.52
1746814323, 0, 580, 765, 747, 18, 7.65%, 0, 0, 5, 14.80
1746814328, 0, 580, 766, 748, 18, 7.65%, 0, 0, 5, 15.04
1746814333, 0, 580, 767, 749, 18, 7.65%, 0, 0, 5, 14.72
1746814338, 0, 580, 768, 750, 18, 7.65%, 0, 0, 5, 15.33
1746814343, 0, 580, 770, 752, 18, 7.65%, 0, 0, 5, 14.82
1746814354, 0, 580, 772, 754, 18, 7.66%, 0, 0, 5, 14.42
1746814359, 0, 580, 773, 755, 18, 7.66%, 0, 0, 5, 15.36
1746814384, 0, 580, 774, 756, 18, 7.66%, 0, 0, 5, 15.08
1746814389, 0, 580, 775, 757, 18, 7.66%, 0, 0, 5, 15.08
1746814420, 0, 580, 776, 758, 18, 7.66%, 0, 0, 5, 15.44
1746814435, 0, 580, 777, 759, 18, 7.66%, 0, 0, 5, 15.14
1746814476, 0, 580, 778, 760, 18, 7.67%, 0, 0, 5, 14.99
1746814487, 0, 580, 779, 761, 18, 7.67%, 0, 0, 5, 14.39
1746814527, 0, 580, 780, 762, 18, 7.67%, 0, 0, 5, 13.87
1746814568, 0, 580, 781, 763, 18, 7.67%, 0, 0, 5, 16.71
1746814614, 0, 580, 782, 764, 18, 7.67%, 0, 0, 5, 16.94
1746814650, 0, 580, 783, 765, 18, 7.67%, 0, 0, 5, 16.69
1746814727, 0, 624, 783, 764, 17, 7.67%, 0, 0, 5, 17.03
1746818658, 0, 624, 785, 766, 17, 7.67%, 0, 0, 6, 9.61
1746818674, 0, 624, 786, 767, 17, 7.67%, 0, 0, 6, 11.82
1746818699, 0, 624, 787, 768, 17, 7.67%, 0, 0, 6, 10.86
1746818704, 0, 624, 788, 769, 17, 7.67%, 0, 0, 6, 11.10
1746818709, 0, 624, 789, 770, 17, 7.67%, 0, 0, 6, 11.55
1746818760, 0, 624, 790, 771, 17, 7.67%, 0, 0, 6, 10.86
1746818781, 0, 624, 791, 772, 17, 7.67%, 0, 0, 6, 10.66
1746818837, 0, 624, 792, 773, 17, 7.67%, 0, 0, 6, 10.88
1746818888, 0, 624, 793, 774, 17, 7.67%, 0, 0, 6, 11.17
1746818908, 0, 624, 794, 775, 17, 7.67%, 0, 0, 6, 10.33
1746818929, 0, 624, 795, 776, 17, 7.67%, 0, 0, 6, 11.31
1746818970, 0, 624, 796, 777, 17, 7.68%, 0, 0, 6, 10.73
1746818975, 0, 624, 797, 778, 17, 7.68%, 0, 0, 6, 10.66
1746819011, 0, 624, 798, 779, 17, 7.68%, 0, 0, 6, 11.51
1746819021, 0, 624, 799, 780, 17, 7.68%, 0, 0, 6, 10.88
1746819087, 0, 624, 800, 781, 17, 7.68%, 0, 0, 6, 11.56
1746819103, 0, 624, 801, 782, 17, 7.68%, 0, 0, 6, 11.38
1746819138, 0, 624, 802, 783, 17, 7.68%, 0, 0, 6, 11.28
1746819185, 0, 624, 803, 784, 17, 7.75%, 0, 0, 6, 11.31
1746819200, 0, 624, 804, 785, 17, 7.75%, 0, 0, 6, 10.56
1746819205, 0, 624, 805, 786, 17, 7.75%, 0, 0, 6, 11.30
1746819220, 0, 624, 806, 787, 17, 7.75%, 0, 0, 6, 11.93
1746819241, 0, 676, 806, 786, 18, 7.75%, 0, 0, 6, 10.81
1746821640, 0, 676, 807, 787, 18, 7.75%, 0, 0, 6, 11.29
1746823266, 0, 680, 807, 786, 17, 7.75%, 0, 0, 6, 13.58
1746826198, 0, 680, 808, 787, 17, 7.75%, 0, 0, 6, 15.16
1746826223, 0, 687, 808, 786, 17, 7.75%, 0, 0, 6, 13.95
1746826270, 0, 687, 809, 787, 17, 7.75%, 0, 0, 6, 8.49
1746826275, 0, 687, 810, 788, 17, 7.75%, 0, 0, 6, 8.51
1746826280, 0, 687, 811, 789, 17, 7.75%, 0, 0, 6, 8.71
1746826368, 0, 687, 812, 790, 17, 7.75%, 0, 0, 6, 8.59
1746826399, 0, 687, 813, 791, 17, 7.75%, 0, 0, 6, 8.44
1746826404, 0, 687, 814, 792, 17, 7.75%, 0, 0, 6, 8.44
1746826436, 0, 687, 815, 793, 17, 7.75%, 0, 0, 6, 8.40
1746826907, 0, 687, 816, 794, 17, 7.75%, 0, 0, 6, 8.52
1746828103, 0, 687, 817, 795, 17, 7.80%, 0, 0, 6, 8.45
1746828124, 0, 687, 818, 796, 17, 7.80%, 0, 0, 6, 8.48
1746828134, 0, 687, 819, 797, 17, 7.86%, 0, 0, 6, 8.50
1746828139, 0, 687, 820, 798, 17, 7.86%, 0, 0, 6, 8.39
1746828175, 0, 687, 821, 799, 17, 7.86%, 0, 0, 6, 8.52
1746828180, 0, 687, 822, 800, 17, 7.86%, 0, 0, 6, 8.37
1746828221, 0, 687, 823, 801, 17, 7.86%, 0, 0, 6, 8.48
