# unix_time, cycles_done, cur_path, paths_total, pending_total, pending_favs, map_size, unique_crashes, unique_hangs, max_depth, execs_per_sec
1746611932, 0, 0, 1, 1, 1, 4.90%, 0, 0, 1, 85.11
1746611937, 0, 0, 50, 50, 1, 5.76%, 0, 0, 2, 85.33
1746611942, 0, 0, 95, 95, 1, 5.89%, 0, 0, 2, 80.40
1746611948, 0, 0, 125, 125, 1, 5.99%, 0, 0, 2, 76.01
1746611953, 0, 0, 153, 153, 1, 6.01%, 0, 0, 2, 72.73
1746611958, 0, 0, 176, 176, 1, 6.01%, 0, 0, 2, 72.12
1746611963, 0, 0, 200, 200, 1, 6.01%, 0, 0, 2, 77.48
1746611968, 0, 0, 223, 223, 1, 6.01%, 0, 0, 2, 73.69
1746611973, 0, 0, 242, 242, 1, 6.17%, 0, 0, 2, 68.51
1746611978, 0, 0, 259, 259, 1, 6.17%, 0, 0, 2, 71.98
1746611984, 0, 0, 269, 269, 1, 6.17%, 0, 0, 2, 70.34
1746611989, 0, 0, 279, 279, 1, 6.17%, 0, 0, 2, 73.35
1746611994, 0, 0, 287, 287, 1, 6.17%, 0, 0, 2, 75.84
1746611999, 0, 0, 300, 300, 1, 6.17%, 0, 0, 2, 71.96
1746612004, 0, 0, 304, 304, 1, 6.17%, 0, 0, 2, 74.21
1746612009, 0, 0, 311, 311, 1, 6.17%, 0, 0, 2, 72.10
1746612014, 0, 0, 318, 318, 1, 6.18%, 0, 0, 2, 72.25
1746612019, 0, 0, 321, 321, 1, 6.18%, 0, 0, 2, 72.55
1746612025, 0, 0, 326, 326, 1, 6.49%, 0, 0, 2, 70.01
1746612030, 0, 0, 332, 332, 1, 6.49%, 0, 0, 2, 72.72
1746612035, 0, 0, 337, 337, 1, 6.49%, 0, 0, 2, 72.75
1746612040, 0, 0, 343, 343, 1, 6.49%, 0, 0, 2, 70.75
1746612045, 0, 0, 347, 347, 1, 6.49%, 0, 0, 2, 70.33
1746612050, 0, 0, 349, 349, 1, 6.49%, 0, 0, 2, 61.85
1746612055, 0, 0, 350, 350, 1, 6.49%, 0, 0, 2, 45.52
1746612060, 0, 0, 355, 355, 1, 6.49%, 0, 0, 2, 39.55
1746612066, 0, 0, 358, 358, 1, 6.49%, 0, 0, 2, 40.65
1746612071, 0, 0, 361, 361, 1, 6.49%, 0, 0, 2, 38.85
1746612076, 0, 0, 363, 363, 1, 6.49%, 0, 0, 2, 40.77
1746612081, 0, 0, 364, 364, 1, 6.49%, 0, 0, 2, 41.20
1746612086, 0, 0, 365, 365, 1, 6.49%, 0, 0, 2, 39.83
1746612091, 0, 0, 367, 367, 1, 6.49%, 0, 0, 2, 40.74
1746612101, 0, 0, 368, 368, 1, 6.49%, 0, 0, 2, 41.14
1746612106, 0, 0, 369, 369, 1, 6.49%, 0, 0, 2, 40.95
1746612111, 0, 0, 371, 371, 1, 6.49%, 0, 0, 2, 40.55
1746612122, 0, 0, 373, 373, 1, 6.49%, 0, 0, 2, 39.70
1746612127, 0, 0, 374, 374, 1, 6.49%, 0, 0, 2, 40.69
1746612132, 0, 0, 376, 376, 1, 6.49%, 0, 0, 2, 38.55
1746612142, 0, 0, 377, 377, 1, 6.49%, 0, 0, 2, 40.46
1746612152, 0, 0, 379, 379, 1, 6.49%, 0, 0, 2, 41.12
1746612162, 0, 0, 380, 380, 1, 6.49%, 0, 0, 2, 54.77
1746612168, 0, 0, 384, 384, 1, 6.78%, 0, 0, 2, 66.17
1746612173, 0, 0, 387, 387, 1, 6.78%, 0, 0, 2, 70.55
1746612178, 0, 0, 388, 388, 1, 6.78%, 0, 0, 2, 71.57
1746612183, 0, 0, 392, 392, 1, 6.78%, 0, 0, 2, 71.70
1746612188, 0, 0, 394, 394, 1, 6.78%, 0, 0, 2, 71.69
1746612193, 0, 0, 395, 395, 1, 6.78%, 0, 0, 2, 70.50
1746612198, 0, 0, 396, 396, 1, 6.78%, 0, 0, 2, 71.88
1746612204, 0, 0, 398, 398, 1, 6.78%, 0, 0, 2, 70.40
1746612209, 0, 0, 399, 399, 1, 6.78%, 0, 0, 2, 71.82
1746612214, 0, 0, 401, 401, 1, 6.78%, 0, 0, 2, 73.64
1746612219, 0, 0, 403, 403, 1, 6.78%, 0, 0, 2, 71.74
1746612224, 0, 0, 404, 404, 1, 6.78%, 0, 0, 2, 72.54
1746612229, 0, 0, 406, 406, 1, 6.78%, 0, 0, 2, 71.42
1746612235, 0, 0, 407, 407, 1, 6.78%, 0, 0, 2, 73.07
1746612245, 0, 0, 408, 408, 1, 6.78%, 0, 0, 2, 70.18
1746612255, 0, 1, 409, 408, 10, 6.78%, 0, 0, 3, 68.12
1746612260, 0, 1, 410, 409, 10, 6.79%, 0, 0, 3, 67.68
1746612276, 0, 1, 413, 412, 10, 6.79%, 0, 0, 3, 66.57
1746612281, 0, 1, 414, 413, 10, 6.79%, 0, 0, 3, 68.48
1746612337, 0, 1, 417, 416, 10, 6.79%, 0, 0, 3, 67.72
1746612343, 0, 1, 419, 418, 10, 6.79%, 0, 0, 3, 67.37
1746612348, 0, 1, 420, 419, 10, 6.79%, 0, 0, 3, 67.95
1746612353, 0, 1, 421, 420, 10, 6.79%, 0, 0, 3, 66.60
1746612358, 0, 1, 422, 421, 10, 6.79%, 0, 0, 3, 66.78
1746612368, 0, 1, 423, 422, 10, 6.79%, 0, 0, 3, 66.26
1746612374, 0, 1, 424, 423, 10, 6.79%, 0, 0, 3, 65.85
1746612384, 0, 1, 425, 424, 10, 6.79%, 0, 0, 3, 68.17
1746612399, 0, 1, 428, 427, 10, 6.79%, 0, 0, 3, 67.12
1746612440, 0, 1, 429, 428, 10, 6.89%, 0, 0, 3, 65.39
1746612446, 0, 1, 430, 429, 10, 6.89%, 0, 0, 3, 67.66
1746612451, 0, 1, 431, 430, 10, 6.89%, 0, 0, 3, 67.68
1746612456, 0, 1, 433, 432, 10, 6.89%, 0, 0, 3, 65.30
1746612461, 0, 1, 434, 433, 10, 6.89%, 0, 0, 3, 67.95
1746612466, 0, 1, 435, 434, 10, 6.89%, 0, 0, 3, 66.75
1746612477, 0, 1, 436, 435, 10, 6.89%, 0, 0, 3, 67.64
1746612482, 0, 1, 437, 436, 10, 6.89%, 0, 0, 3, 68.29
1746612492, 0, 1, 438, 437, 10, 6.89%, 0, 0, 3, 67.10
1746612497, 0, 1, 439, 438, 10, 6.89%, 0, 0, 3, 66.83
1746612502, 0, 128, 440, 438, 11, 6.89%, 0, 0, 3, 72.20
1746612508, 0, 128, 441, 439, 11, 6.89%, 0, 0, 3, 75.81
1746612518, 0, 128, 443, 441, 11, 6.89%, 0, 0, 3, 73.06
1746612534, 0, 128, 444, 442, 11, 6.89%, 0, 0, 3, 75.70
1746612539, 0, 128, 445, 443, 11, 6.89%, 0, 0, 3, 75.88
1746612544, 0, 128, 448, 446, 11, 6.89%, 0, 0, 3, 72.32
1746612559, 0, 128, 449, 447, 11, 6.89%, 0, 0, 3, 75.45
1746612569, 0, 128, 450, 448, 11, 6.89%, 0, 0, 3, 75.41
1746612574, 0, 128, 451, 449, 11, 6.89%, 0, 0, 3, 74.87
1746612580, 0, 128, 452, 450, 11, 6.89%, 0, 0, 3, 75.77
1746612585, 0, 128, 453, 451, 11, 6.89%, 0, 0, 3, 73.94
1746612590, 0, 128, 454, 452, 11, 6.89%, 0, 0, 3, 75.95
1746612595, 0, 128, 455, 453, 11, 6.89%, 0, 0, 3, 74.56
1746612610, 0, 128, 457, 455, 11, 6.89%, 0, 0, 3, 75.34
1746612616, 0, 128, 458, 456, 11, 6.89%, 0, 0, 3, 74.03
1746612621, 0, 128, 459, 457, 11, 6.89%, 0, 0, 3, 73.31
1746612631, 0, 128, 461, 459, 11, 6.89%, 0, 0, 3, 74.73
1746612657, 0, 128, 462, 460, 11, 6.89%, 0, 0, 3, 74.81
1746612667, 0, 144, 462, 459, 10, 6.89%, 0, 0, 3, 77.82
1746612672, 0, 144, 463, 460, 10, 6.89%, 0, 0, 3, 77.49
1746612678, 0, 144, 464, 461, 10, 6.89%, 0, 0, 3, 75.28
1746612698, 0, 144, 465, 462, 10, 6.89%, 0, 0, 3, 73.55
1746612703, 0, 144, 466, 463, 10, 6.89%, 0, 0, 3, 77.59
1746612739, 0, 144, 468, 465, 10, 6.89%, 0, 0, 3, 76.39
1746612775, 0, 144, 469, 466, 10, 6.89%, 0, 0, 3, 73.29
1746612781, 0, 144, 470, 467, 10, 6.90%, 0, 0, 3, 73.50
1746612801, 0, 144, 471, 468, 10, 6.90%, 0, 0, 3, 74.69
1746612832, 0, 230, 471, 467, 10, 6.90%, 0, 0, 3, 68.35
1746612837, 0, 230, 472, 468, 10, 6.90%, 0, 0, 3, 54.11
1746612842, 0, 230, 474, 470, 10, 6.90%, 0, 0, 3, 61.67
1746612858, 0, 230, 475, 471, 10, 6.90%, 0, 0, 3, 64.70
1746612863, 0, 230, 476, 472, 10, 6.90%, 0, 0, 3, 63.23
1746612873, 0, 230, 477, 473, 10, 6.90%, 0, 0, 3, 65.22
1746612878, 0, 230, 478, 474, 10, 6.90%, 0, 0, 3, 65.94
1746612883, 0, 230, 479, 475, 10, 6.90%, 0, 0, 3, 65.28
1746612889, 0, 230, 480, 476, 10, 6.90%, 0, 0, 3, 64.53
1746612904, 0, 230, 481, 477, 10, 6.90%, 0, 0, 3, 65.44
1746612950, 0, 230, 482, 478, 10, 6.90%, 0, 0, 3, 67.32
1746612971, 0, 230, 484, 480, 10, 6.90%, 0, 0, 3, 64.34
1746612986, 0, 230, 486, 482, 10, 6.90%, 0, 0, 3, 65.02
1746613048, 0, 230, 487, 483, 10, 6.90%, 0, 0, 3, 65.73
1746613063, 0, 230, 488, 484, 10, 6.90%, 0, 0, 3, 66.84
1746613094, 0, 253, 490, 485, 10, 6.90%, 0, 0, 3, 57.51
1746613114, 0, 253, 491, 486, 10, 6.90%, 0, 0, 3, 60.42
1746613119, 0, 253, 493, 488, 10, 6.90%, 0, 0, 3, 62.12
1746613161, 0, 253, 495, 490, 10, 6.90%, 0, 0, 3, 63.55
1746613181, 0, 253, 497, 492, 10, 6.90%, 0, 0, 3, 61.37
1746613196, 0, 253, 498, 493, 10, 6.90%, 0, 0, 3, 64.12
1746613207, 0, 253, 499, 494, 10, 6.90%, 0, 0, 3, 64.32
1746613227, 0, 253, 500, 495, 10, 6.90%, 0, 0, 3, 64.66
1746613253, 0, 253, 501, 496, 10, 6.90%, 0, 0, 3, 63.58
1746613258, 0, 253, 503, 498, 10, 6.90%, 0, 0, 3, 62.74
1746613263, 0, 253, 504, 499, 10, 6.90%, 0, 0, 3, 61.61
1746613274, 0, 253, 505, 500, 10, 6.90%, 0, 0, 3, 64.94
1746613299, 0, 253, 506, 501, 10, 6.90%, 0, 0, 3, 63.39
1746613309, 0, 253, 508, 503, 10, 6.90%, 0, 0, 3, 62.36
1746613325, 0, 253, 510, 505, 10, 6.90%, 0, 0, 3, 65.29
1746613335, 0, 253, 511, 506, 10, 6.90%, 0, 0, 3, 64.19
1746613361, 0, 253, 512, 507, 10, 6.90%, 0, 0, 3, 63.81
1746613371, 0, 258, 513, 507, 9, 6.90%, 0, 0, 3, 59.34
1746613376, 0, 258, 515, 509, 9, 6.90%, 0, 0, 3, 54.82
1746613386, 0, 258, 516, 510, 9, 6.90%, 0, 0, 3, 54.67
1746613432, 0, 295, 516, 509, 8, 6.90%, 0, 0, 3, 68.33
1746613442, 0, 314, 516, 508, 8, 6.90%, 0, 0, 3, 62.95
1746613447, 0, 314, 518, 510, 8, 6.90%, 0, 0, 3, 58.81
1746613483, 0, 314, 519, 511, 8, 6.90%, 0, 0, 3, 63.56
1746613494, 0, 314, 520, 512, 8, 6.90%, 0, 0, 3, 65.37
1746613509, 0, 316, 520, 511, 7, 6.90%, 0, 0, 3, 62.35
1746613524, 0, 322, 523, 513, 6, 6.90%, 0, 0, 3, 58.20
1746613529, 0, 322, 528, 518, 6, 6.93%, 0, 0, 3, 45.31
1746613535, 0, 322, 536, 526, 6, 7.12%, 0, 0, 3, 39.95
1746613540, 0, 322, 540, 530, 6, 7.12%, 0, 0, 3, 46.98
1746613550, 0, 322, 542, 532, 6, 7.12%, 0, 0, 3, 43.42
1746613555, 0, 322, 551, 541, 6, 7.12%, 0, 0, 3, 35.32
1746613560, 0, 322, 565, 555, 6, 7.12%, 0, 0, 3, 33.97
1746613565, 0, 322, 567, 557, 6, 7.12%, 0, 0, 3, 45.24
1746613580, 0, 322, 568, 558, 6, 7.12%, 0, 0, 3, 52.00
1746613585, 0, 322, 575, 565, 6, 7.12%, 0, 0, 3, 40.63
1746613591, 0, 322, 581, 571, 6, 7.12%, 0, 0, 3, 48.45
1746613596, 0, 322, 585, 575, 6, 7.12%, 0, 0, 3, 47.21
1746613601, 0, 322, 589, 579, 6, 7.12%, 0, 0, 3, 51.94
1746613606, 0, 322, 590, 580, 6, 7.12%, 0, 0, 3, 61.68
1746613611, 0, 322, 591, 581, 6, 7.12%, 0, 0, 3, 63.03
1746613616, 0, 322, 592, 582, 6, 7.15%, 0, 0, 3, 60.87
1746613621, 0, 322, 593, 583, 6, 7.15%, 0, 0, 3, 62.34
1746613636, 0, 322, 594, 584, 6, 7.15%, 0, 0, 3, 61.86
1746613641, 0, 322, 596, 586, 6, 7.15%, 0, 0, 3, 59.52
1746613646, 0, 322, 598, 588, 6, 7.15%, 0, 0, 3, 58.48
1746613657, 0, 322, 599, 589, 6, 7.15%, 0, 0, 3, 62.06
1746613672, 0, 322, 600, 590, 6, 7.15%, 0, 0, 3, 61.96
1746613677, 0, 322, 601, 591, 6, 7.15%, 0, 0, 3, 61.94
1746613692, 0, 322, 603, 593, 6, 7.15%, 0, 0, 3, 60.66
1746613723, 0, 322, 604, 594, 6, 7.15%, 0, 0, 3, 61.46
1746613770, 0, 322, 606, 596, 6, 7.18%, 0, 0, 3, 60.51
1746613800, 0, 349, 606, 595, 10, 7.18%, 0, 0, 3, 72.22
1746613811, 0, 428, 613, 601, 10, 7.20%, 0, 0, 4, 50.65
1746613816, 0, 428, 623, 611, 10, 7.24%, 0, 0, 4, 32.96
1746613821, 0, 428, 630, 618, 10, 7.24%, 0, 0, 4, 31.27
1746613826, 0, 428, 635, 623, 10, 7.25%, 0, 0, 4, 26.97
1746613831, 0, 428, 637, 625, 10, 7.25%, 0, 0, 4, 28.71
1746613841, 0, 428, 638, 626, 10, 7.25%, 0, 0, 4, 44.81
1746613846, 0, 428, 641, 629, 10, 7.25%, 0, 0, 4, 37.83
1746613851, 0, 428, 645, 633, 10, 7.25%, 0, 0, 4, 31.75
1746613856, 0, 428, 650, 638, 10, 7.25%, 0, 0, 4, 30.04
1746613862, 0, 428, 658, 646, 10, 7.26%, 0, 0, 4, 25.64
1746613867, 0, 428, 663, 651, 10, 7.26%, 0, 0, 4, 24.46
1746613892, 0, 428, 666, 654, 10, 7.26%, 0, 0, 4, 41.41
1746613897, 0, 428, 668, 656, 10, 7.26%, 0, 0, 4, 32.86
1746613902, 0, 428, 673, 661, 10, 7.26%, 0, 0, 4, 26.64
1746613908, 0, 428, 674, 662, 10, 7.26%, 0, 0, 4, 45.35
1746613913, 0, 428, 675, 663, 10, 7.26%, 0, 0, 4, 42.16
1746613923, 0, 428, 679, 667, 10, 7.26%, 0, 0, 4, 28.59
1746613928, 0, 428, 680, 668, 10, 7.26%, 0, 0, 4, 49.16
1746613933, 0, 428, 682, 670, 10, 7.26%, 0, 0, 4, 53.63
1746613938, 0, 428, 684, 672, 10, 7.26%, 0, 0, 4, 53.06
1746613948, 0, 428, 685, 673, 10, 7.26%, 0, 0, 4, 57.51
1746613958, 0, 428, 686, 674, 10, 7.26%, 0, 0, 4, 57.08
1746613964, 0, 428, 688, 676, 10, 7.26%, 0, 0, 4, 56.72
1746613969, 0, 428, 689, 677, 10, 7.26%, 0, 0, 4, 53.42
1746613979, 0, 428, 690, 678, 10, 7.26%, 0, 0, 4, 55.22
1746613984, 0, 428, 693, 681, 10, 7.26%, 0, 0, 4, 56.91
1746613989, 0, 428, 695, 683, 10, 7.26%, 0, 0, 4, 55.45
1746613999, 0, 428, 696, 684, 10, 7.26%, 0, 0, 4, 57.00
1746614004, 0, 428, 697, 685, 10, 7.26%, 0, 0, 4, 58.62
1746614010, 0, 428, 698, 686, 10, 7.26%, 0, 0, 4, 56.07
1746614040, 0, 428, 699, 687, 10, 7.26%, 0, 0, 4, 58.25
1746614081, 0, 428, 700, 688, 10, 7.26%, 0, 0, 4, 54.83
1746614086, 0, 428, 702, 690, 10, 7.26%, 0, 0, 4, 54.13
1746614091, 0, 428, 703, 691, 10, 7.26%, 0, 0, 4, 56.95
1746614096, 0, 428, 704, 692, 10, 7.26%, 0, 0, 4, 56.61
1746614107, 0, 428, 705, 693, 10, 7.26%, 0, 0, 4, 56.55
1746614117, 0, 428, 706, 694, 10, 7.65%, 0, 0, 4, 57.76
1746614132, 0, 428, 707, 695, 10, 7.71%, 0, 0, 4, 52.06
1746614157, 0, 428, 708, 696, 10, 7.71%, 0, 0, 4, 57.23
1746614162, 0, 428, 709, 697, 10, 7.71%, 0, 0, 4, 57.46
1746614173, 0, 428, 710, 698, 10, 7.71%, 0, 0, 4, 55.72
1746614193, 0, 428, 711, 699, 10, 7.71%, 0, 0, 4, 57.37
1746614208, 0, 428, 712, 700, 10, 7.76%, 0, 0, 4, 55.16
1746614213, 0, 428, 713, 701, 10, 7.76%, 0, 0, 4, 55.25
1746614218, 0, 479, 713, 700, 12, 7.76%, 0, 0, 4, 50.70
1746614233, 0, 479, 714, 701, 12, 7.76%, 0, 0, 4, 47.69
1746614249, 0, 479, 716, 703, 12, 7.76%, 0, 0, 4, 44.44
1746614284, 0, 479, 718, 705, 12, 7.76%, 0, 0, 4, 48.36
1746614305, 0, 491, 718, 704, 12, 7.76%, 0, 0, 4, 60.38
1746614325, 0, 493, 719, 704, 11, 7.76%, 0, 0, 4, 51.80
1746614335, 0, 493, 725, 710, 11, 7.76%, 0, 0, 4, 44.88
1746614351, 0, 570, 725, 709, 11, 7.76%, 0, 0, 4, 57.00
1746614376, 0, 570, 727, 711, 11, 7.76%, 0, 0, 4, 37.54
1746614422, 0, 599, 728, 711, 11, 7.76%, 0, 0, 4, 50.74
1746614427, 0, 599, 732, 715, 11, 7.76%, 0, 0, 4, 45.15
1746614432, 0, 599, 734, 717, 11, 7.76%, 0, 0, 4, 46.13
1746614452, 0, 599, 736, 719, 11, 7.76%, 0, 0, 4, 43.79
1746614478, 0, 599, 737, 720, 11, 7.76%, 0, 0, 4, 51.63
1746614483, 0, 599, 738, 721, 11, 7.76%, 0, 0, 4, 46.10
1746614488, 0, 599, 740, 723, 11, 7.76%, 0, 0, 4, 55.21
1746614518, 0, 610, 741, 723, 11, 7.76%, 0, 0, 5, 53.39
1746614564, 0, 610, 742, 724, 11, 7.76%, 0, 0, 5, 43.17
1746614569, 0, 610, 744, 726, 11, 7.76%, 0, 0, 5, 39.20
1746614590, 0, 610, 745, 727, 11, 7.76%, 0, 0, 5, 57.69
1746614610, 0, 621, 747, 728, 11, 7.76%, 0, 0, 5, 40.12
1746614615, 0, 621, 753, 734, 11, 7.76%, 0, 0, 5, 32.30
1746614621, 0, 621, 757, 738, 11, 7.76%, 0, 0, 5, 26.12
1746614646, 0, 621, 758, 739, 11, 7.76%, 0, 0, 5, 31.16
1746614656, 0, 621, 762, 743, 11, 7.76%, 0, 0, 5, 22.49
1746614661, 0, 621, 766, 747, 11, 7.76%, 0, 0, 5, 22.16
1746614692, 0, 621, 768, 749, 11, 7.76%, 0, 0, 5, 31.33
1746614717, 0, 621, 769, 750, 11, 7.76%, 0, 0, 5, 54.57
1746614728, 0, 706, 769, 749, 10, 7.76%, 0, 0, 5, 57.11
1746614733, 0, 706, 774, 754, 10, 7.76%, 0, 0, 5, 35.23
1746614738, 0, 706, 781, 761, 10, 7.77%, 0, 0, 5, 23.27
1746614743, 0, 706, 782, 762, 10, 7.77%, 0, 0, 5, 27.11
1746614748, 0, 706, 785, 765, 10, 7.81%, 0, 0, 5, 30.56
1746614753, 0, 706, 788, 768, 10, 7.81%, 0, 0, 5, 23.80
1746614758, 0, 706, 789, 769, 10, 7.81%, 0, 0, 5, 36.85
1746614763, 0, 706, 790, 770, 10, 7.81%, 0, 0, 5, 43.73
1746614773, 0, 706, 791, 771, 10, 7.81%, 0, 0, 5, 31.78
1746614778, 0, 706, 792, 772, 10, 7.81%, 0, 0, 5, 28.14
1746614789, 0, 706, 794, 774, 10, 7.81%, 0, 0, 5, 20.19
1746614799, 0, 706, 795, 775, 10, 7.81%, 0, 0, 5, 19.78
1746614819, 0, 706, 796, 776, 10, 7.81%, 0, 0, 5, 34.45
1746614834, 0, 706, 798, 778, 10, 7.81%, 0, 0, 5, 23.00
1746614840, 0, 706, 799, 779, 10, 7.81%, 0, 0, 5, 36.32
1746614855, 0, 706, 800, 780, 10, 7.81%, 0, 0, 5, 28.45
1746614860, 0, 706, 804, 784, 10, 7.81%, 0, 0, 5, 23.82
1746614865, 0, 706, 805, 785, 10, 7.81%, 0, 0, 5, 28.92
1746614875, 0, 724, 807, 786, 11, 7.81%, 0, 0, 5, 50.18
1746614911, 0, 726, 807, 785, 10, 7.81%, 0, 0, 5, 52.40
1746614987, 0, 740, 807, 784, 9, 7.81%, 0, 0, 5, 53.94
1746614993, 0, 740, 809, 786, 9, 7.81%, 0, 0, 6, 38.56
1746615008, 0, 740, 810, 787, 9, 7.81%, 0, 0, 6, 41.20
1746615069, 0, 742, 810, 786, 8, 7.81%, 0, 0, 6, 46.61
1746615085, 0, 742, 811, 787, 8, 7.81%, 0, 0, 6, 46.38
1746615151, 0, 764, 811, 786, 8, 7.81%, 0, 0, 6, 48.24
1746615156, 0, 764, 818, 793, 8, 7.81%, 0, 0, 6, 27.94
1746615166, 0, 764, 821, 796, 8, 7.81%, 0, 0, 6, 30.61
1746615171, 0, 764, 823, 798, 8, 7.81%, 0, 0, 6, 40.17
1746615202, 0, 764, 830, 805, 8, 7.81%, 0, 0, 6, 21.95
1746615207, 0, 764, 833, 808, 8, 7.81%, 0, 0, 6, 36.67
1746615268, 0, 771, 833, 807, 8, 7.81%, 0, 0, 6, 40.76
1746615273, 0, 771, 835, 809, 8, 7.81%, 0, 0, 6, 34.86
1746615278, 0, 771, 836, 810, 8, 7.81%, 0, 0, 6, 34.40
1746615380, 0, 782, 836, 809, 7, 7.81%, 0, 0, 6, 50.32
1746615406, 0, 782, 837, 810, 7, 7.81%, 0, 0, 6, 43.72
1746615442, 0, 782, 839, 812, 7, 7.81%, 0, 0, 6, 21.56
1746615473, 0, 782, 840, 813, 7, 7.81%, 0, 0, 6, 26.12
1746615513, 0, 786, 840, 812, 7, 7.81%, 0, 0, 6, 49.08
1746615519, 0, 786, 842, 814, 7, 7.81%, 0, 0, 6, 29.58
1746615524, 0, 786, 843, 815, 7, 7.81%, 0, 0, 6, 30.15
1746615529, 0, 786, 844, 816, 7, 7.81%, 0, 0, 6, 30.69
1746615534, 0, 786, 845, 817, 7, 7.90%, 0, 0, 6, 23.85
1746615554, 0, 786, 846, 818, 7, 7.90%, 0, 0, 6, 30.97
1746615616, 0, 786, 847, 819, 7, 7.90%, 0, 0, 6, 35.59
1746615651, 0, 792, 847, 818, 7, 7.90%, 0, 0, 6, 43.14
1746615656, 0, 792, 851, 822, 7, 7.90%, 0, 0, 6, 24.86
1746615661, 0, 792, 852, 823, 7, 7.90%, 0, 0, 6, 27.95
1746615667, 0, 792, 853, 824, 7, 7.90%, 0, 0, 6, 30.74
1746615672, 0, 792, 856, 827, 7, 7.90%, 0, 0, 6, 22.21
1746615708, 0, 792, 857, 828, 7, 7.90%, 0, 0, 6, 19.46
1746615713, 0, 792, 858, 829, 7, 7.90%, 0, 0, 6, 18.58
1746615718, 0, 792, 860, 831, 7, 7.90%, 0, 0, 6, 18.15
1746615738, 0, 792, 863, 834, 7, 7.90%, 0, 0, 6, 21.92
1746615758, 0, 792, 867, 838, 7, 7.90%, 0, 0, 6, 19.21
1746615764, 0, 792, 869, 840, 7, 7.90%, 0, 0, 6, 41.92
1746615789, 0, 792, 870, 841, 7, 7.90%, 0, 0, 6, 39.03
1746615809, 0, 813, 872, 842, 9, 7.90%, 0, 0, 7, 37.99
1746615820, 0, 813, 873, 843, 9, 7.90%, 0, 0, 7, 32.86
1746615825, 0, 813, 874, 844, 9, 7.90%, 0, 0, 7, 37.26
1746615845, 0, 813, 875, 845, 9, 7.90%, 0, 0, 7, 28.32
1746615855, 0, 813, 878, 848, 9, 7.90%, 0, 0, 7, 21.27
1746615860, 0, 813, 880, 850, 9, 7.90%, 0, 0, 7, 37.12
1746615916, 0, 815, 880, 849, 10, 7.90%, 0, 0, 7, 42.17
1746615988, 0, 815, 882, 851, 10, 7.90%, 0, 0, 7, 29.32
1746616023, 0, 836, 882, 850, 9, 7.90%, 0, 0, 7, 52.69
1746616028, 0, 836, 885, 853, 9, 7.90%, 0, 0, 7, 34.00
1746616033, 0, 836, 889, 857, 9, 7.91%, 0, 0, 7, 30.94
1746616038, 0, 836, 890, 858, 9, 7.91%, 0, 0, 7, 25.29
1746616049, 0, 836, 892, 860, 9, 7.91%, 0, 0, 7, 36.21
1746616085, 0, 836, 896, 864, 9, 7.91%, 0, 0, 7, 20.74
1746616090, 0, 836, 904, 872, 9, 7.92%, 0, 0, 7, 19.51
1746616095, 0, 836, 905, 873, 9, 7.92%, 0, 0, 7, 35.63
1746616115, 0, 836, 906, 874, 9, 7.92%, 0, 0, 7, 43.26
1746616125, 0, 836, 907, 875, 9, 7.92%, 0, 0, 7, 26.53
1746616130, 0, 836, 908, 876, 9, 7.92%, 0, 0, 7, 24.85
1746616166, 0, 836, 909, 877, 9, 7.92%, 0, 0, 7, 53.05
1746616186, 0, 851, 910, 877, 11, 7.92%, 0, 0, 7, 41.14
1746616191, 0, 851, 911, 878, 11, 7.92%, 0, 0, 7, 26.38
1746616196, 0, 851, 912, 879, 11, 7.92%, 0, 0, 7, 25.51
1746616243, 0, 851, 913, 880, 11, 7.92%, 0, 0, 7, 19.01
1746616335, 0, 875, 913, 879, 10, 7.92%, 0, 0, 7, 37.29
1746616442, 0, 879, 913, 878, 9, 7.92%, 0, 0, 7, 44.87
1746616550, 0, 884, 913, 877, 8, 7.92%, 0, 0, 7, 49.70
1746616687, 0, 889, 913, 876, 7, 7.92%, 0, 0, 7, 36.21
1746616692, 0, 889, 914, 877, 7, 7.92%, 0, 0, 8, 32.35
1746616733, 0, 889, 915, 878, 7, 7.92%, 0, 0, 8, 22.64
1746616743, 0, 889, 916, 879, 7, 7.92%, 0, 0, 8, 18.91
1746616779, 0, 889, 917, 880, 7, 7.92%, 0, 0, 8, 23.66
1746616820, 0, 889, 919, 882, 7, 7.92%, 0, 0, 8, 49.25
1746616840, 0, 889, 920, 883, 7, 7.92%, 0, 0, 8, 52.53
1746616856, 0, 889, 921, 884, 7, 7.92%, 0, 0, 8, 49.88
1746616871, 0, 889, 922, 885, 7, 7.92%, 0, 0, 8, 53.91
1746616967, 0, 889, 923, 886, 7, 7.92%, 0, 0, 8, 48.53
1746617069, 0, 889, 924, 887, 7, 7.92%, 0, 0, 8, 52.43
1746617120, 0, 896, 924, 886, 6, 7.92%, 0, 0, 8, 46.98
1746617125, 0, 896, 927, 889, 6, 7.92%, 0, 0, 8, 28.51
1746617135, 0, 896, 928, 890, 6, 7.92%, 0, 0, 8, 30.72
1746617181, 0, 896, 930, 892, 6, 7.92%, 0, 0, 8, 20.07
1746617257, 0, 900, 930, 891, 6, 7.92%, 0, 0, 8, 52.76
1746617278, 0, 900, 931, 892, 6, 7.92%, 0, 0, 8, 28.53
1746617319, 0, 900, 932, 893, 6, 7.92%, 0, 0, 8, 19.62
1746617395, 0, 901, 932, 892, 5, 7.92%, 0, 0, 8, 45.86
1746617451, 0, 901, 933, 893, 5, 7.92%, 0, 0, 8, 19.94
1746617472, 0, 901, 934, 894, 5, 7.92%, 0, 0, 8, 26.10
1746617533, 0, 912, 934, 893, 4, 7.92%, 0, 0, 8, 36.69
1746617676, 0, 913, 934, 892, 4, 7.92%, 0, 0, 8, 39.65
1746617681, 0, 913, 935, 893, 4, 7.93%, 0, 0, 9, 32.88
1746617686, 0, 913, 936, 894, 4, 7.93%, 0, 0, 9, 28.58
1746617728, 0, 913, 937, 895, 4, 7.93%, 0, 0, 9, 21.54
1746617733, 0, 913, 938, 896, 4, 7.93%, 0, 0, 9, 19.46
1746617824, 0, 916, 938, 895, 4, 7.93%, 0, 0, 9, 35.78
1746617967, 0, 929, 938, 894, 3, 7.93%, 0, 0, 9, 43.66
1746618110, 0, 937, 938, 893, 2, 7.93%, 0, 0, 9, 50.54
1746618258, 1, 42, 938, 892, 1, 7.93%, 0, 0, 9, 65.29
1746618269, 1, 110, 938, 891, 1, 7.93%, 0, 0, 9, 73.54
1746618279, 1, 110, 939, 892, 1, 7.93%, 0, 0, 9, 72.08
1746618299, 1, 353, 939, 891, 1, 7.93%, 0, 0, 9, 67.93
1746618310, 1, 431, 939, 890, 1, 7.93%, 0, 0, 9, 55.36
1746618381, 1, 441, 939, 889, 1, 7.93%, 0, 0, 9, 54.71
1746618412, 1, 685, 939, 888, 1, 7.93%, 0, 0, 9, 47.32
1746618422, 1, 685, 941, 890, 1, 7.93%, 0, 0, 9, 33.48
1746618448, 1, 685, 942, 891, 1, 7.93%, 0, 0, 9, 26.80
1746618468, 1, 685, 943, 892, 1, 7.93%, 0, 0, 9, 26.84
1746618499, 1, 685, 944, 893, 1, 7.93%, 0, 0, 9, 32.75
1746618514, 1, 685, 945, 894, 1, 7.93%, 0, 0, 9, 53.45
1746618529, 1, 731, 945, 893, 1, 7.93%, 0, 0, 9, 55.33
1746618610, 1, 740, 945, 892, 0, 7.93%, 0, 0, 9, 59.10
1746618615, 1, 743, 945, 892, 0, 7.93%, 0, 0, 9, 49.01
1746618621, 1, 743, 946, 893, 0, 7.93%, 0, 0, 9, 41.26
1746618646, 1, 743, 949, 896, 0, 7.93%, 0, 0, 9, 36.61
1746618682, 1, 743, 950, 897, 0, 7.93%, 0, 0, 9, 53.96
1746618708, 1, 743, 951, 898, 0, 7.93%, 0, 0, 9, 57.77
1746618748, 1, 743, 952, 899, 0, 7.93%, 0, 0, 9, 55.36
1746618820, 1, 744, 952, 898, 0, 7.93%, 0, 0, 9, 57.01
1746618825, 1, 744, 953, 899, 0, 7.93%, 0, 0, 9, 48.09
1746618875, 1, 745, 953, 898, 0, 7.93%, 0, 0, 9, 51.89
1746618982, 1, 745, 954, 899, 0, 7.93%, 0, 0, 9, 53.14
1746619003, 1, 747, 954, 898, 0, 7.93%, 0, 0, 9, 37.33
1746619110, 1, 749, 954, 897, 0, 7.93%, 0, 0, 9, 46.71
1746619217, 1, 751, 954, 896, 0, 7.93%, 0, 0, 9, 53.22
1746619319, 1, 751, 955, 897, 0, 7.93%, 0, 0, 9, 52.94
1746619339, 1, 753, 955, 896, 0, 7.93%, 0, 0, 9, 53.49
1746619452, 1, 760, 955, 895, 0, 7.93%, 0, 0, 9, 44.28
1746619457, 1, 760, 956, 896, 0, 7.93%, 0, 0, 9, 34.56
1746619498, 1, 760, 957, 897, 0, 7.93%, 0, 0, 9, 22.11
1746619559, 1, 769, 957, 896, 0, 7.93%, 0, 0, 9, 52.54
1746619676, 1, 771, 957, 895, 0, 7.93%, 0, 0, 9, 57.45
1746619681, 1, 785, 957, 895, 0, 7.93%, 0, 0, 9, 38.43
1746619819, 1, 788, 957, 894, 0, 7.93%, 0, 0, 9, 48.06
1746619957, 1, 790, 957, 893, 0, 7.93%, 0, 0, 9, 51.12
1746619962, 1, 790, 958, 894, 0, 7.93%, 0, 0, 9, 31.37
1746619968, 1, 790, 960, 896, 0, 7.93%, 0, 0, 9, 31.01
1746619988, 1, 790, 963, 899, 0, 7.93%, 0, 0, 9, 41.67
1746620013, 1, 790, 965, 901, 0, 7.93%, 0, 0, 9, 20.30
1746620024, 1, 790, 966, 902, 0, 7.93%, 0, 0, 9, 19.23
1746620029, 1, 790, 967, 903, 0, 7.93%, 0, 0, 9, 38.48
1746620049, 1, 790, 968, 904, 0, 7.93%, 0, 0, 9, 40.69
1746620105, 1, 792, 968, 903, 0, 7.93%, 0, 0, 9, 55.05
1746620111, 1, 793, 968, 903, 0, 7.93%, 0, 0, 9, 34.06
1746620249, 1, 795, 969, 903, 0, 7.93%, 0, 0, 9, 47.63
1746620387, 1, 797, 969, 902, 0, 7.93%, 0, 0, 9, 40.74
1746620524, 1, 798, 969, 901, 0, 7.93%, 0, 0, 9, 52.69
1746620667, 1, 805, 969, 900, 0, 7.93%, 0, 0, 9, 48.87
1746620703, 1, 809, 969, 899, 0, 7.93%, 0, 0, 9, 46.12
1746620779, 1, 811, 969, 898, 0, 7.93%, 0, 0, 9, 54.56
1746620891, 1, 812, 969, 897, 0, 7.93%, 0, 0, 9, 42.80
1746620998, 1, 814, 969, 896, 0, 7.93%, 0, 0, 9, 51.94
1746621110, 1, 829, 969, 895, 0, 7.93%, 0, 0, 9, 51.86
1746621222, 1, 832, 969, 894, 0, 7.93%, 0, 0, 9, 41.65
1746621330, 1, 838, 969, 893, 0, 7.93%, 0, 0, 9, 43.32
1746621468, 1, 842, 969, 892, 0, 7.93%, 0, 0, 9, 44.11
1746621611, 1, 845, 969, 891, 0, 7.93%, 0, 0, 9, 39.14
1746621616, 1, 845, 970, 892, 0, 7.93%, 0, 0, 9, 31.25
1746621825, 1, 845, 971, 893, 0, 7.93%, 0, 0, 9, 25.79
1746621871, 1, 848, 971, 892, 0, 7.93%, 0, 0, 9, 26.45
1746621984, 1, 848, 973, 894, 0, 7.93%, 0, 0, 9, 8.97
1746622122, 1, 851, 973, 893, 0, 7.93%, 0, 0, 9, 29.98
1746622127, 1, 851, 974, 894, 0, 7.93%, 0, 0, 9, 30.11
1746622132, 1, 851, 975, 895, 0, 7.93%, 0, 0, 9, 28.00
1746622148, 1, 852, 975, 895, 0, 7.93%, 0, 0, 9, 26.53
1746622399, 1, 855, 975, 894, 0, 7.93%, 0, 0, 9, 22.27
1746622644, 1, 856, 975, 893, 0, 7.93%, 0, 0, 9, 22.56
1746622873, 1, 862, 975, 892, 0, 7.93%, 0, 0, 9, 32.34
1746623011, 1, 863, 975, 891, 0, 7.93%, 0, 0, 9, 33.33
1746623149, 1, 864, 975, 890, 0, 7.93%, 0, 0, 9, 52.88
1746623159, 1, 864, 976, 891, 0, 7.93%, 0, 0, 9, 29.93
1746623292, 1, 866, 976, 890, 0, 7.93%, 0, 0, 9, 34.73
1746623430, 1, 868, 977, 890, 0, 7.93%, 0, 0, 9, 36.67
1746623568, 1, 869, 977, 889, 0, 7.93%, 0, 0, 9, 47.71
1746623578, 1, 869, 978, 890, 0, 7.93%, 0, 0, 9, 19.51
1746623588, 1, 869, 979, 891, 0, 7.93%, 0, 0, 9, 17.98
1746623598, 1, 869, 980, 892, 0, 7.93%, 0, 0, 9, 20.75
1746623644, 1, 869, 982, 894, 0, 7.93%, 0, 0, 9, 16.14
1746623649, 1, 869, 983, 895, 0, 7.93%, 0, 0, 9, 15.72
1746623782, 1, 873, 983, 894, 0, 7.93%, 0, 0, 9, 41.40
1746623879, 1, 873, 984, 895, 0, 7.93%, 0, 0, 9, 47.44
1746623904, 1, 875, 984, 894, 0, 7.93%, 0, 0, 9, 56.25
1746623909, 1, 876, 984, 894, 0, 7.93%, 0, 0, 9, 39.23
1746624017, 1, 879, 984, 893, 0, 7.93%, 0, 0, 9, 55.62
1746624022, 1, 881, 984, 893, 0, 7.93%, 0, 0, 9, 40.53
1746624139, 1, 882, 984, 892, 0, 7.93%, 0, 0, 9, 35.89
1746624252, 1, 889, 984, 891, 0, 7.93%, 0, 0, 9, 54.66
1746624257, 1, 891, 984, 891, 0, 7.93%, 0, 0, 9, 49.34
1746624394, 1, 892, 984, 890, 0, 7.93%, 0, 0, 9, 41.76
1746624532, 1, 898, 984, 889, 0, 7.93%, 0, 0, 9, 37.15
1746624665, 1, 900, 984, 888, 0, 7.93%, 0, 0, 9, 53.99
1746624670, 1, 901, 984, 888, 0, 7.93%, 0, 0, 9, 53.48
1746624675, 1, 904, 984, 888, 0, 7.93%, 0, 0, 9, 37.14
1746624808, 1, 908, 984, 887, 0, 7.93%, 0, 0, 9, 47.82
1746624818, 1, 908, 985, 888, 0, 7.93%, 0, 0, 9, 26.62
1746624828, 1, 908, 986, 889, 0, 7.93%, 0, 0, 9, 28.71
1746624880, 1, 908, 988, 891, 0, 7.93%, 0, 0, 9, 18.45
1746624885, 1, 908, 990, 893, 0, 7.93%, 0, 0, 9, 17.12
1746624951, 1, 908, 991, 894, 0, 7.93%, 0, 0, 9, 18.37
1746625013, 1, 989, 992, 894, 1, 7.93%, 0, 0, 9, 33.86
1746625018, 1, 989, 993, 895, 1, 7.93%, 0, 0, 9, 20.84
1746625069, 1, 989, 994, 896, 1, 7.93%, 0, 0, 9, 22.10
1746625084, 1, 989, 995, 897, 1, 7.93%, 0, 0, 9, 17.06
1746625130, 1, 989, 996, 898, 1, 7.93%, 0, 0, 9, 35.09
1746625233, 1, 992, 996, 897, 0, 7.93%, 0, 0, 9, 38.61
1746625376, 1, 992, 998, 899, 0, 7.93%, 0, 0, 10, 16.46
1746625452, 1, 993, 998, 898, 0, 7.93%, 0, 0, 10, 37.80
1746625457, 1, 993, 1000, 900, 0, 7.93%, 0, 0, 10, 22.26
1746625667, 1, 994, 1000, 899, 0, 7.93%, 0, 0, 10, 42.51
1746625886, 1, 996, 1000, 898, 0, 7.93%, 0, 0, 10, 43.04
1746625891, 1, 996, 1001, 899, 0, 7.93%, 0, 0, 11, 24.33
1746626091, 1, 996, 1002, 900, 0, 7.93%, 0, 0, 11, 49.99
1746626137, 2, 6, 1002, 899, 0, 7.93%, 0, 0, 11, 62.22
1746626147, 2, 7, 1002, 898, 0, 7.93%, 0, 0, 11, 71.01
1746626152, 2, 7, 1003, 899, 0, 7.93%, 0, 0, 11, 65.78
1746626157, 2, 7, 1004, 900, 0, 7.93%, 0, 0, 11, 66.59
1746626167, 2, 7, 1005, 901, 0, 7.93%, 0, 0, 11, 66.82
1746626193, 2, 7, 1006, 902, 0, 7.93%, 0, 0, 11, 63.36
1746626198, 2, 7, 1007, 903, 0, 7.93%, 0, 0, 11, 60.93
1746626208, 2, 7, 1008, 904, 0, 7.93%, 0, 0, 11, 66.80
1746626224, 2, 7, 1009, 905, 0, 7.93%, 0, 0, 11, 66.32
1746626306, 2, 7, 1010, 906, 0, 7.93%, 0, 0, 11, 67.89
1746626332, 2, 7, 1011, 907, 0, 7.94%, 0, 0, 11, 4.20
1746626337, 2, 100, 1011, 906, 1, 7.94%, 0, 0, 11, 68.22
1746626348, 2, 100, 1013, 908, 1, 7.94%, 0, 0, 11, 65.08
1746626363, 2, 100, 1015, 910, 1, 7.94%, 0, 0, 11, 66.56
1746626378, 2, 100, 1016, 911, 1, 8.00%, 0, 0, 11, 77.43
1746626399, 2, 100, 1017, 912, 1, 8.00%, 0, 0, 11, 61.84
1746626404, 2, 100, 1018, 913, 1, 8.00%, 0, 0, 11, 63.73
1746626409, 2, 100, 1020, 915, 1, 8.03%, 0, 0, 11, 64.54
1746626419, 2, 100, 1021, 916, 1, 8.03%, 0, 0, 11, 66.61
1746626425, 2, 100, 1022, 917, 1, 8.03%, 0, 0, 11, 66.53
1746626450, 2, 100, 1023, 918, 1, 8.03%, 0, 0, 11, 67.05
1746626455, 2, 100, 1025, 920, 1, 8.03%, 0, 0, 11, 61.87
1746626460, 2, 100, 1028, 923, 1, 8.03%, 0, 0, 11, 59.84
1746626465, 2, 100, 1029, 924, 1, 8.03%, 0, 0, 11, 73.21
1746626481, 2, 100, 1030, 925, 1, 8.03%, 0, 0, 11, 68.13
1746626486, 2, 213, 1030, 924, 2, 8.03%, 0, 0, 11, 71.94
1746626496, 2, 213, 1031, 925, 2, 8.03%, 0, 0, 11, 65.95
1746626502, 2, 213, 1032, 926, 2, 8.03%, 0, 0, 11, 67.01
1746626548, 2, 385, 1032, 925, 2, 8.03%, 0, 0, 11, 73.76
1746626564, 2, 478, 1032, 924, 2, 8.03%, 0, 0, 11, 68.71
1746626579, 2, 597, 1032, 923, 2, 8.03%, 0, 0, 11, 57.28
1746626650, 2, 654, 1032, 922, 2, 8.03%, 0, 0, 11, 46.35
1746626757, 2, 697, 1032, 921, 2, 8.03%, 0, 0, 11, 52.41
1746626829, 2, 702, 1032, 920, 2, 8.03%, 0, 0, 11, 41.03
1746626911, 2, 702, 1033, 921, 2, 8.03%, 0, 0, 11, 56.23
1746626936, 2, 763, 1033, 920, 2, 8.03%, 0, 0, 11, 43.11
1746627044, 2, 785, 1033, 919, 2, 8.03%, 0, 0, 11, 56.50
1746627049, 2, 790, 1033, 919, 2, 8.03%, 0, 0, 11, 54.83
1746627054, 2, 894, 1033, 919, 2, 8.03%, 0, 0, 11, 53.55
1746627182, 2, 894, 1034, 920, 2, 8.03%, 0, 0, 11, 46.55
1746627187, 2, 894, 1035, 921, 2, 8.03%, 0, 0, 11, 51.11
1746627212, 2, 894, 1036, 922, 2, 8.03%, 0, 0, 11, 49.96
1746627217, 2, 894, 1037, 923, 2, 8.03%, 0, 0, 11, 51.33
1746627319, 2, 894, 1038, 924, 2, 8.03%, 0, 0, 11, 55.26
1746627334, 2, 894, 1039, 925, 2, 8.03%, 0, 0, 11, 55.38
1746627344, 2, 894, 1040, 926, 2, 8.03%, 0, 0, 11, 51.02
1746627349, 2, 894, 1041, 927, 2, 8.03%, 0, 0, 11, 51.32
1746627410, 2, 934, 1041, 926, 2, 8.03%, 0, 0, 11, 44.92
1746627558, 2, 1015, 1041, 925, 2, 8.03%, 0, 0, 11, 2.78
1746628022, 2, 1015, 1042, 926, 2, 8.03%, 0, 0, 11, 3.66
1746628032, 2, 1015, 1043, 927, 2, 8.03%, 0, 0, 11, 3.48
1746628058, 2, 1015, 1044, 928, 2, 8.03%, 0, 0, 11, 4.21
1746628166, 2, 1015, 1045, 929, 2, 8.03%, 0, 0, 11, 3.60
1746628177, 2, 1015, 1046, 930, 2, 8.03%, 0, 0, 11, 6.55
1746628198, 2, 1015, 1047, 931, 2, 8.03%, 0, 0, 11, 39.41
1746628203, 2, 1015, 1048, 932, 2, 8.03%, 0, 0, 11, 3.62
1746628218, 2, 1015, 1049, 933, 2, 8.03%, 0, 0, 11, 3.12
1746628229, 2, 1015, 1050, 934, 2, 8.03%, 0, 0, 11, 3.58
1746628234, 2, 1015, 1053, 937, 2, 8.03%, 0, 0, 11, 3.12
1746628249, 2, 1015, 1055, 939, 2, 8.03%, 0, 0, 11, 3.58
1746628255, 2, 1015, 1056, 940, 2, 8.03%, 0, 0, 11, 4.35
1746628265, 2, 1015, 1058, 942, 2, 8.03%, 0, 0, 11, 32.48
1746628281, 2, 1015, 1059, 943, 2, 8.03%, 0, 0, 11, 3.63
1746628286, 2, 1015, 1064, 948, 2, 8.03%, 0, 0, 11, 34.03
1746628291, 2, 1015, 1066, 950, 2, 8.03%, 0, 0, 11, 3.63
1746628302, 2, 1015, 1067, 951, 2, 8.03%, 0, 0, 11, 5.37
1746628307, 2, 1015, 1069, 953, 2, 8.03%, 0, 0, 11, 3.11
1746628312, 2, 1015, 1072, 956, 2, 8.03%, 0, 0, 11, 5.22
1746628317, 2, 1015, 1074, 958, 2, 8.03%, 0, 0, 11, 3.12
1746628322, 2, 1015, 1075, 959, 2, 8.03%, 0, 0, 11, 5.41
1746628333, 2, 1015, 1078, 962, 2, 8.03%, 0, 0, 11, 36.23
1746628338, 2, 1015, 1081, 965, 2, 8.03%, 0, 0, 11, 3.12
1746628343, 2, 1015, 1083, 967, 2, 8.03%, 0, 0, 11, 3.12
1746628348, 2, 1015, 1085, 969, 2, 8.03%, 0, 0, 11, 4.00
1746628610, 2, 1015, 1086, 970, 2, 8.03%, 0, 0, 11, 6.72
1746629089, 2, 1015, 1087, 971, 2, 8.03%, 0, 0, 11, 6.57
1746629099, 2, 1015, 1088, 972, 2, 8.03%, 0, 0, 11, 6.65
1746629353, 2, 1015, 1089, 973, 2, 8.03%, 0, 0, 11, 6.25
1746629424, 2, 1015, 1091, 975, 2, 8.03%, 0, 0, 11, 7.51
1746629716, 2, 1015, 1092, 976, 2, 8.03%, 0, 0, 11, 5.59
1746629773, 2, 1015, 1093, 977, 2, 8.03%, 0, 0, 11, 6.07
1746630296, 2, 1015, 1094, 978, 2, 8.03%, 0, 0, 11, 5.90
1746630342, 2, 1015, 1095, 979, 2, 8.03%, 0, 0, 11, 5.21
1746630485, 2, 1015, 1096, 980, 2, 8.03%, 0, 0, 11, 5.99
1746630501, 2, 1015, 1097, 981, 2, 8.03%, 0, 0, 11, 5.78
1746630516, 2, 1015, 1098, 982, 2, 8.03%, 0, 0, 11, 5.45
1746630532, 2, 1015, 1099, 983, 2, 8.03%, 0, 0, 11, 5.71
1746631032, 2, 1015, 1100, 984, 2, 8.03%, 0, 0, 11, 5.25
1746631052, 2, 1015, 1101, 985, 2, 8.03%, 0, 0, 11, 5.23
1746631068, 2, 1015, 1102, 986, 2, 8.03%, 0, 0, 11, 5.20
1746631195, 2, 1015, 1103, 987, 2, 8.03%, 0, 0, 11, 4.86
1746631215, 2, 1015, 1104, 988, 2, 8.03%, 0, 0, 11, 4.98
1746631231, 2, 1015, 1105, 989, 2, 8.03%, 0, 0, 11, 5.37
1746631246, 2, 1015, 1106, 990, 2, 8.03%, 0, 0, 11, 5.09
1746631262, 2, 1015, 1107, 991, 2, 8.03%, 0, 0, 11, 5.07
1746631323, 2, 1015, 1108, 992, 2, 8.03%, 0, 0, 11, 4.89
1746631364, 2, 1015, 1109, 993, 2, 8.03%, 0, 0, 11, 4.76
1746631385, 2, 1015, 1110, 994, 2, 8.03%, 0, 0, 11, 5.26
1746631411, 2, 1015, 1111, 995, 2, 8.03%, 0, 0, 11, 4.86
1746631457, 2, 1015, 1112, 996, 2, 8.03%, 0, 0, 11, 4.94
1746631635, 2, 1015, 1113, 997, 2, 8.03%, 0, 0, 11, 4.96
1746631997, 2, 1015, 1114, 998, 2, 8.03%, 0, 0, 11, 4.53
1746632088, 2, 1015, 1115, 999, 2, 8.03%, 0, 0, 11, 4.64
1746632139, 2, 1015, 1116, 1000, 2, 8.03%, 0, 0, 11, 4.42
1746632185, 2, 1015, 1117, 1001, 2, 8.03%, 0, 0, 11, 4.50
1746632370, 2, 1015, 1118, 1002, 2, 8.03%, 0, 0, 11, 4.36
1746632484, 2, 1015, 1119, 1003, 2, 8.03%, 0, 0, 11, 4.39
1746633723, 2, 1015, 1120, 1004, 2, 8.03%, 0, 0, 11, 4.05
1746634230, 2, 1015, 1121, 1005, 2, 8.03%, 0, 0, 11, 4.14
1746635936, 2, 1015, 1122, 1006, 2, 8.03%, 0, 0, 11, 3.63
1746636102, 2, 1015, 1123, 1007, 2, 8.03%, 0, 0, 11, 3.59
1746636275, 2, 1015, 1124, 1008, 2, 8.03%, 0, 0, 11, 3.54
1746636285, 2, 1015, 1125, 1009, 2, 8.03%, 0, 0, 11, 3.55
1746636290, 2, 1015, 1126, 1010, 2, 8.03%, 0, 0, 11, 3.57
1746636295, 2, 1015, 1127, 1011, 2, 8.03%, 0, 0, 11, 3.56
1746636306, 2, 1015, 1128, 1012, 2, 8.03%, 0, 0, 11, 3.55
1746636316, 2, 1015, 1129, 1013, 2, 8.03%, 0, 0, 11, 3.50
1746636326, 2, 1015, 1130, 1014, 2, 8.03%, 0, 0, 11, 3.57
1746636332, 2, 1015, 1131, 1015, 2, 8.03%, 0, 0, 11, 3.54
1746636352, 2, 1015, 1132, 1016, 2, 8.03%, 0, 0, 11, 3.55
1746636373, 2, 1015, 1133, 1017, 2, 8.03%, 0, 0, 11, 3.53
1746636399, 2, 1015, 1134, 1018, 2, 8.03%, 0, 0, 11, 3.51
1746636424, 2, 1015, 1135, 1019, 2, 8.03%, 0, 0, 11, 3.49
1746636470, 2, 1015, 1136, 1020, 2, 8.03%, 0, 0, 11, 3.52
1746636593, 2, 1015, 1137, 1021, 2, 8.03%, 0, 0, 11, 3.44
1746636598, 2, 1015, 1138, 1022, 2, 8.03%, 0, 0, 11, 3.52
1746636608, 2, 1015, 1139, 1023, 2, 8.03%, 0, 0, 11, 3.48
1746636629, 2, 1015, 1140, 1024, 2, 8.03%, 0, 0, 11, 3.45
1746636777, 2, 1015, 1141, 1025, 2, 8.03%, 0, 0, 11, 3.44
1746636980, 2, 1015, 1142, 1026, 2, 8.03%, 0, 0, 11, 3.49
1746637067, 2, 1015, 1143, 1027, 2, 8.03%, 0, 0, 11, 3.46
1746637328, 2, 1015, 1144, 1028, 2, 8.03%, 0, 0, 11, 3.34
1746637385, 2, 1015, 1145, 1029, 2, 8.03%, 0, 0, 11, 3.34
1746637437, 2, 1015, 1146, 1030, 2, 8.03%, 0, 0, 11, 3.34
1746638006, 2, 1015, 1147, 1031, 2, 8.03%, 0, 0, 11, 3.21
1746638070, 2, 1015, 1148, 1032, 2, 8.03%, 0, 0, 11, 3.22
1746639344, 2, 1015, 1149, 1033, 2, 8.03%, 0, 0, 11, 5.73
1746639569, 2, 1015, 1150, 1034, 2, 8.03%, 0, 0, 11, 4.67
1746640070, 2, 1015, 1151, 1035, 2, 8.03%, 0, 0, 11, 7.63
1746640127, 2, 1015, 1152, 1036, 2, 8.03%, 0, 0, 11, 6.97
1746640185, 2, 1015, 1153, 1037, 2, 8.03%, 0, 0, 11, 6.14
1746640583, 2, 1015, 1154, 1038, 2, 8.03%, 0, 0, 11, 6.36
1746640646, 2, 1015, 1155, 1039, 2, 8.03%, 0, 0, 11, 5.24
1746640705, 2, 1015, 1156, 1040, 2, 8.03%, 0, 0, 11, 6.53
