# unix_time, cycles_done, cur_path, paths_total, pending_total, pending_favs, map_size, unique_crashes, unique_hangs, max_depth, execs_per_sec
1746712462, 0, 0, 1, 1, 1, 3.78%, 0, 0, 1, 140.35
1746712467, 0, 0, 39, 39, 1, 5.59%, 0, 0, 2, 135.44
1746712472, 0, 0, 62, 62, 1, 5.63%, 0, 0, 2, 134.61
1746712477, 0, 0, 78, 78, 1, 5.68%, 0, 0, 2, 138.84
1746712482, 0, 0, 91, 91, 1, 5.68%, 0, 0, 2, 138.62
1746712487, 0, 0, 104, 104, 1, 5.68%, 0, 0, 2, 137.51
1746712493, 0, 0, 110, 110, 1, 5.75%, 0, 0, 2, 143.58
1746712498, 0, 0, 117, 117, 1, 5.77%, 0, 0, 2, 142.88
1746712503, 0, 0, 127, 127, 1, 5.77%, 0, 0, 2, 140.89
1746712508, 0, 0, 132, 132, 1, 5.77%, 0, 0, 2, 142.95
1746712513, 0, 0, 137, 137, 1, 5.77%, 0, 0, 2, 141.59
1746712518, 0, 0, 150, 150, 1, 5.77%, 0, 0, 2, 130.47
1746712524, 0, 0, 154, 154, 1, 5.78%, 0, 0, 2, 142.03
1746712529, 0, 0, 160, 160, 1, 5.78%, 0, 0, 2, 142.68
1746712534, 0, 0, 163, 163, 1, 5.78%, 0, 0, 2, 148.15
1746712539, 0, 0, 169, 169, 1, 5.78%, 0, 0, 2, 143.47
1746712544, 0, 0, 171, 171, 1, 5.78%, 0, 0, 2, 145.78
1746712549, 0, 0, 173, 173, 1, 5.78%, 0, 0, 2, 146.73
1746712554, 0, 0, 178, 178, 1, 5.78%, 0, 0, 2, 143.47
1746712559, 0, 0, 179, 179, 1, 5.78%, 0, 0, 2, 144.31
1746712565, 0, 0, 184, 184, 1, 5.78%, 0, 0, 2, 142.15
1746712570, 0, 0, 186, 186, 1, 5.80%, 0, 0, 2, 143.78
1746712575, 0, 0, 191, 191, 1, 5.80%, 0, 0, 2, 142.75
1746712580, 0, 0, 193, 193, 1, 5.80%, 0, 0, 2, 144.87
1746712585, 0, 0, 196, 196, 1, 5.80%, 0, 0, 2, 142.77
1746712590, 0, 0, 198, 198, 1, 5.93%, 0, 0, 2, 141.15
1746712596, 0, 0, 201, 201, 1, 5.93%, 0, 0, 2, 142.32
1746712601, 0, 0, 203, 203, 1, 5.93%, 0, 0, 2, 146.34
1746712606, 0, 0, 206, 206, 1, 5.93%, 0, 0, 2, 144.61
1746712611, 0, 0, 208, 208, 1, 5.93%, 0, 0, 2, 149.60
1746712616, 0, 0, 211, 211, 1, 5.93%, 0, 0, 2, 148.49
1746712621, 0, 0, 213, 213, 1, 5.93%, 0, 0, 2, 143.86
1746712626, 0, 0, 216, 216, 1, 5.93%, 0, 0, 2, 142.11
1746712632, 0, 0, 220, 220, 1, 5.93%, 0, 0, 2, 140.19
1746712637, 0, 0, 222, 222, 1, 5.93%, 0, 0, 2, 144.23
1746712642, 0, 0, 225, 225, 1, 5.93%, 0, 0, 2, 144.80
1746712647, 0, 0, 227, 227, 1, 5.93%, 0, 0, 2, 145.19
1746712652, 0, 0, 228, 228, 1, 5.93%, 0, 0, 2, 146.17
1746712657, 0, 0, 231, 231, 1, 5.93%, 0, 0, 2, 142.09
1746712668, 0, 0, 232, 232, 1, 5.93%, 0, 0, 2, 150.05
1746712673, 0, 0, 234, 234, 1, 5.93%, 0, 0, 2, 145.85
1746712683, 0, 0, 237, 237, 1, 5.93%, 0, 0, 2, 147.18
1746712688, 0, 0, 238, 238, 1, 5.93%, 0, 0, 2, 151.05
1746712693, 0, 0, 239, 239, 1, 5.93%, 0, 0, 2, 148.42
1746712698, 0, 0, 241, 241, 1, 5.93%, 0, 0, 2, 149.92
1746712704, 0, 0, 242, 242, 1, 5.93%, 0, 0, 2, 147.92
1746712709, 0, 2, 244, 243, 15, 5.93%, 0, 0, 3, 146.90
1746712714, 0, 2, 246, 245, 15, 5.93%, 0, 0, 3, 143.30
1746712719, 0, 2, 247, 246, 15, 5.93%, 0, 0, 3, 145.39
1746712724, 0, 2, 250, 249, 15, 5.93%, 0, 0, 3, 146.08
1746712729, 0, 2, 252, 251, 15, 5.93%, 0, 0, 3, 144.09
1746712740, 0, 2, 254, 253, 15, 5.93%, 0, 0, 3, 150.39
1746712745, 0, 2, 255, 254, 15, 5.93%, 0, 0, 3, 149.10
1746712750, 0, 2, 256, 255, 15, 5.93%, 0, 0, 3, 148.30
1746712755, 0, 2, 259, 258, 15, 5.94%, 0, 0, 3, 145.91
1746712760, 0, 2, 260, 259, 15, 5.94%, 0, 0, 3, 145.35
1746712765, 0, 2, 261, 260, 15, 5.94%, 0, 0, 3, 143.91
1746712771, 0, 2, 263, 262, 15, 5.94%, 0, 0, 3, 143.44
1746712786, 0, 2, 265, 264, 15, 5.94%, 0, 0, 3, 147.85
1746712796, 0, 2, 267, 266, 15, 5.94%, 0, 0, 3, 149.63
1746712801, 0, 2, 270, 269, 15, 5.95%, 0, 0, 3, 142.69
1746712817, 0, 2, 271, 270, 15, 5.95%, 0, 0, 3, 145.51
1746712827, 0, 2, 273, 272, 15, 5.95%, 0, 0, 3, 144.75
1746712832, 0, 2, 275, 274, 15, 5.95%, 0, 0, 3, 142.16
1746712837, 0, 2, 276, 275, 15, 5.95%, 0, 0, 3, 144.77
1746712863, 0, 2, 277, 276, 15, 5.95%, 0, 0, 3, 146.25
1746712873, 0, 2, 278, 277, 15, 5.95%, 0, 0, 3, 148.47
1746712878, 0, 2, 280, 279, 15, 5.95%, 0, 0, 3, 148.17
1746712888, 0, 2, 282, 281, 15, 5.95%, 0, 0, 3, 149.20
1746712898, 0, 2, 283, 282, 15, 5.95%, 0, 0, 3, 149.29
1746712904, 0, 2, 284, 283, 15, 5.95%, 0, 0, 3, 150.08
1746712914, 0, 2, 286, 285, 15, 5.95%, 0, 0, 3, 148.83
1746712919, 0, 2, 287, 286, 15, 5.95%, 0, 0, 3, 150.03
1746712924, 0, 2, 288, 287, 15, 5.95%, 0, 0, 3, 137.76
1746712929, 0, 2, 289, 288, 15, 5.95%, 0, 0, 3, 137.17
1746712934, 0, 98, 289, 287, 12, 5.95%, 0, 0, 3, 121.66
1746712980, 0, 98, 290, 288, 12, 5.95%, 0, 0, 3, 123.29
1746712985, 0, 98, 292, 290, 12, 5.95%, 0, 0, 3, 123.54
1746712990, 0, 98, 295, 293, 12, 5.95%, 0, 0, 3, 120.90
1746712995, 0, 98, 296, 294, 12, 5.95%, 0, 0, 3, 122.38
1746713006, 0, 98, 297, 295, 12, 5.95%, 0, 0, 3, 122.94
1746713026, 0, 98, 299, 297, 12, 5.95%, 0, 0, 3, 119.30
1746713031, 0, 98, 300, 298, 12, 5.95%, 0, 0, 3, 122.91
1746713036, 0, 98, 302, 300, 12, 5.95%, 0, 0, 3, 124.29
1746713041, 0, 98, 304, 302, 12, 5.95%, 0, 0, 3, 122.00
1746713047, 0, 98, 305, 303, 12, 5.95%, 0, 0, 3, 122.08
1746713052, 0, 98, 308, 306, 12, 5.95%, 0, 0, 3, 123.19
1746713067, 0, 98, 309, 307, 12, 5.96%, 0, 0, 3, 124.15
1746713073, 0, 98, 312, 310, 12, 5.96%, 0, 0, 3, 121.99
1746713093, 0, 98, 313, 311, 12, 5.96%, 0, 0, 3, 123.78
1746713098, 0, 98, 314, 312, 12, 5.96%, 0, 0, 3, 122.22
1746713103, 0, 98, 316, 314, 12, 5.96%, 0, 0, 3, 121.19
1746713108, 0, 98, 317, 315, 12, 5.96%, 0, 0, 3, 121.25
1746713113, 0, 98, 319, 317, 12, 5.96%, 0, 0, 3, 121.15
1746713134, 0, 98, 320, 318, 12, 5.97%, 0, 0, 3, 120.67
1746713144, 0, 98, 321, 319, 12, 5.97%, 0, 0, 3, 122.76
1746713155, 0, 98, 322, 320, 12, 5.97%, 0, 0, 3, 122.67
1746713165, 0, 98, 323, 321, 12, 5.97%, 0, 0, 3, 122.89
1746713175, 0, 98, 324, 322, 12, 5.97%, 0, 0, 3, 122.43
1746713190, 0, 98, 325, 323, 12, 5.97%, 0, 0, 3, 124.78
1746713211, 0, 98, 326, 324, 12, 5.97%, 0, 0, 3, 124.86
1746713216, 0, 98, 327, 325, 12, 5.97%, 0, 0, 3, 121.89
1746713232, 0, 98, 328, 326, 12, 5.97%, 0, 0, 3, 123.51
1746713242, 0, 104, 329, 326, 13, 5.97%, 0, 0, 3, 99.53
1746713407, 0, 104, 334, 331, 13, 5.97%, 0, 0, 3, 83.39
1746713412, 0, 104, 339, 336, 13, 5.97%, 0, 0, 3, 85.48
1746713417, 0, 104, 346, 343, 13, 6.45%, 0, 0, 3, 83.55
1746713422, 0, 104, 350, 347, 13, 6.46%, 0, 0, 3, 88.59
1746713427, 0, 104, 358, 355, 13, 6.46%, 0, 0, 3, 85.90
1746713433, 0, 104, 364, 361, 13, 6.47%, 0, 0, 3, 87.06
1746713438, 0, 104, 367, 364, 13, 6.74%, 0, 0, 3, 87.91
1746713443, 0, 104, 371, 368, 13, 6.85%, 0, 0, 3, 85.44
1746713448, 0, 104, 372, 369, 13, 6.93%, 0, 0, 3, 87.72
1746713453, 0, 104, 377, 374, 13, 6.93%, 0, 0, 3, 86.33
1746713458, 0, 104, 380, 377, 13, 6.93%, 0, 0, 3, 86.30
1746713463, 0, 104, 383, 380, 13, 6.95%, 0, 0, 3, 88.72
1746713469, 0, 104, 387, 384, 13, 6.95%, 0, 0, 3, 88.14
1746713474, 0, 104, 389, 386, 13, 6.95%, 0, 0, 3, 86.56
1746713479, 0, 104, 394, 391, 13, 6.95%, 0, 0, 3, 84.90
1746713484, 0, 104, 397, 394, 13, 6.99%, 0, 0, 3, 85.34
1746713489, 0, 104, 398, 395, 13, 6.99%, 0, 0, 3, 88.98
1746713494, 0, 104, 399, 396, 13, 6.99%, 0, 0, 3, 89.69
1746713499, 0, 104, 401, 398, 13, 6.99%, 0, 0, 3, 90.28
1746713505, 0, 104, 402, 399, 13, 6.99%, 0, 0, 3, 90.26
1746713510, 0, 104, 404, 401, 13, 6.99%, 0, 0, 3, 89.17
1746713515, 0, 104, 405, 402, 13, 6.99%, 0, 0, 3, 90.34
1746713520, 0, 104, 408, 405, 13, 6.99%, 0, 0, 3, 88.35
1746713525, 0, 104, 409, 406, 13, 6.99%, 0, 0, 3, 91.12
1746713530, 0, 104, 412, 409, 13, 6.99%, 0, 0, 3, 89.47
1746713535, 0, 104, 414, 411, 13, 6.99%, 0, 0, 3, 87.05
1746713541, 0, 104, 417, 414, 13, 6.99%, 0, 0, 3, 88.83
1746713546, 0, 104, 418, 415, 13, 6.99%, 0, 0, 3, 89.99
1746713551, 0, 104, 420, 417, 13, 7.00%, 0, 0, 3, 90.21
1746713556, 0, 104, 424, 421, 13, 7.01%, 0, 0, 3, 85.92
1746713561, 0, 104, 425, 422, 13, 7.01%, 0, 0, 3, 89.68
1746713571, 0, 104, 426, 423, 13, 7.01%, 0, 0, 3, 89.21
1746713577, 0, 104, 430, 427, 13, 7.01%, 0, 0, 3, 86.69
1746713587, 0, 104, 432, 429, 13, 7.01%, 0, 0, 3, 87.61
1746713597, 0, 104, 435, 432, 13, 7.01%, 0, 0, 3, 87.96
1746713613, 0, 104, 437, 434, 13, 7.01%, 0, 0, 3, 86.69
1746713618, 0, 104, 438, 435, 13, 7.01%, 0, 0, 3, 88.02
1746713623, 0, 104, 440, 437, 13, 7.01%, 0, 0, 3, 88.41
1746713633, 0, 104, 442, 439, 13, 7.01%, 0, 0, 3, 87.56
1746713638, 0, 104, 445, 442, 13, 7.01%, 0, 0, 3, 86.69
1746713649, 0, 104, 448, 445, 13, 7.01%, 0, 0, 3, 86.41
1746713654, 0, 104, 449, 446, 13, 7.01%, 0, 0, 3, 86.35
1746713669, 0, 104, 450, 447, 13, 7.01%, 0, 0, 3, 88.52
1746713674, 0, 104, 452, 449, 13, 7.01%, 0, 0, 3, 87.21
1746713679, 0, 104, 453, 450, 13, 7.01%, 0, 0, 3, 90.95
1746713684, 0, 104, 454, 451, 13, 7.01%, 0, 0, 3, 90.15
1746713690, 0, 104, 458, 455, 13, 7.01%, 0, 0, 3, 87.77
1746713700, 0, 104, 460, 457, 13, 7.01%, 0, 0, 3, 88.53
1746713705, 0, 104, 462, 459, 13, 7.01%, 0, 0, 3, 84.72
1746713741, 0, 104, 463, 460, 13, 7.01%, 0, 0, 3, 89.49
1746713746, 0, 104, 465, 462, 13, 7.01%, 0, 0, 3, 90.15
1746713761, 0, 104, 466, 463, 13, 7.01%, 0, 0, 3, 89.09
1746713772, 0, 104, 468, 465, 13, 7.01%, 0, 0, 3, 89.94
1746713782, 0, 104, 469, 466, 13, 7.01%, 0, 0, 3, 92.13
1746713787, 0, 167, 469, 465, 18, 7.01%, 0, 0, 3, 87.68
1746713966, 0, 167, 470, 466, 18, 7.01%, 0, 0, 3, 80.51
1746713986, 0, 167, 471, 467, 18, 7.01%, 0, 0, 3, 89.22
1746713996, 0, 167, 472, 468, 18, 7.01%, 0, 0, 3, 89.08
1746714002, 0, 167, 473, 469, 18, 7.01%, 0, 0, 3, 89.16
1746714007, 0, 167, 474, 470, 18, 7.01%, 0, 0, 3, 89.84
1746714012, 0, 167, 475, 471, 18, 7.01%, 0, 0, 3, 89.16
1746714027, 0, 167, 477, 473, 18, 7.01%, 0, 0, 3, 87.41
1746714038, 0, 167, 478, 474, 18, 7.01%, 0, 0, 3, 90.66
1746714058, 0, 167, 479, 475, 18, 7.01%, 0, 0, 3, 88.76
1746714074, 0, 167, 480, 476, 18, 7.01%, 0, 0, 3, 87.57
1746714084, 0, 167, 481, 477, 18, 7.01%, 0, 0, 3, 90.29
1746714089, 0, 167, 484, 480, 18, 7.04%, 0, 0, 3, 87.90
1746714094, 0, 167, 485, 481, 18, 7.04%, 0, 0, 3, 85.16
1746714104, 0, 167, 487, 483, 18, 7.04%, 0, 0, 3, 88.32
1746714115, 0, 167, 488, 484, 18, 7.04%, 0, 0, 3, 88.76
1746714120, 0, 167, 489, 485, 18, 7.04%, 0, 0, 3, 88.89
1746714125, 0, 167, 490, 486, 18, 7.04%, 0, 0, 3, 88.46
1746714151, 0, 167, 491, 487, 18, 7.04%, 0, 0, 3, 89.66
1746714161, 0, 167, 493, 489, 18, 7.06%, 0, 0, 3, 87.98
1746714166, 0, 167, 494, 490, 18, 7.06%, 0, 0, 3, 88.97
1746714171, 0, 167, 496, 492, 18, 7.06%, 0, 0, 3, 89.45
1746714176, 0, 167, 498, 494, 18, 7.06%, 0, 0, 3, 87.14
1746714181, 0, 167, 499, 495, 18, 7.06%, 0, 0, 3, 87.47
1746714187, 0, 167, 500, 496, 18, 7.06%, 0, 0, 3, 90.45
1746714197, 0, 167, 501, 497, 18, 7.06%, 0, 0, 3, 88.31
1746714217, 0, 167, 502, 498, 18, 7.06%, 0, 0, 3, 88.00
1746714223, 0, 167, 503, 499, 18, 7.06%, 0, 0, 3, 87.07
1746714238, 0, 167, 504, 500, 18, 7.06%, 0, 0, 3, 88.98
1746714253, 0, 167, 505, 501, 18, 7.06%, 0, 0, 3, 88.62
1746714269, 0, 167, 507, 503, 18, 7.06%, 0, 0, 3, 90.01
1746714305, 0, 167, 509, 505, 18, 7.06%, 0, 0, 3, 85.72
1746714320, 0, 167, 511, 507, 18, 7.06%, 0, 0, 3, 87.23
1746714326, 0, 167, 512, 508, 18, 7.06%, 0, 0, 3, 88.81
1746714341, 0, 196, 512, 507, 17, 7.06%, 0, 0, 3, 59.94
1746714767, 0, 196, 519, 514, 17, 7.06%, 0, 0, 3, 55.69
1746714772, 0, 196, 523, 518, 17, 7.06%, 0, 0, 3, 57.63
1746714777, 0, 196, 529, 524, 17, 7.08%, 0, 0, 3, 55.69
1746714782, 0, 196, 534, 529, 17, 7.08%, 0, 0, 3, 55.42
1746714787, 0, 196, 538, 533, 17, 7.08%, 0, 0, 3, 55.72
1746714793, 0, 196, 543, 538, 17, 7.08%, 0, 0, 3, 54.94
1746714798, 0, 196, 548, 543, 17, 7.08%, 0, 0, 3, 58.34
1746714803, 0, 196, 551, 546, 17, 7.08%, 0, 0, 3, 57.08
1746714808, 0, 196, 554, 549, 17, 7.08%, 0, 0, 3, 57.10
1746714813, 0, 196, 558, 553, 17, 7.08%, 0, 0, 3, 55.28
1746714818, 0, 196, 561, 556, 17, 7.08%, 0, 0, 3, 56.98
1746714823, 0, 196, 566, 561, 17, 7.08%, 0, 0, 3, 55.52
1746714828, 0, 196, 570, 565, 17, 7.08%, 0, 0, 3, 55.50
1746714833, 0, 196, 573, 568, 17, 7.08%, 0, 0, 3, 54.99
1746714838, 0, 196, 575, 570, 17, 7.08%, 0, 0, 3, 58.36
1746714843, 0, 196, 578, 573, 17, 7.08%, 0, 0, 3, 57.98
1746714848, 0, 196, 580, 575, 17, 7.08%, 0, 0, 3, 57.90
1746714853, 0, 196, 584, 579, 17, 7.08%, 0, 0, 3, 57.05
1746714859, 0, 196, 586, 581, 17, 7.08%, 0, 0, 3, 57.85
1746714864, 0, 196, 588, 583, 17, 7.12%, 0, 0, 3, 57.17
1746714869, 0, 196, 589, 584, 17, 7.12%, 0, 0, 3, 59.64
1746714874, 0, 196, 592, 587, 17, 7.12%, 0, 0, 3, 58.03
1746714879, 0, 196, 596, 591, 17, 7.13%, 0, 0, 3, 56.34
1746714884, 0, 196, 598, 593, 17, 7.13%, 0, 0, 3, 56.72
1746714889, 0, 196, 602, 597, 17, 7.13%, 0, 0, 3, 58.39
1746714894, 0, 196, 603, 598, 17, 7.13%, 0, 0, 3, 59.10
1746714904, 0, 196, 606, 601, 17, 7.13%, 0, 0, 3, 56.51
1746714914, 0, 196, 609, 604, 17, 7.13%, 0, 0, 3, 57.57
1746714919, 0, 196, 611, 606, 17, 7.13%, 0, 0, 3, 60.35
1746714950, 0, 196, 612, 607, 17, 7.13%, 0, 0, 3, 58.55
1746714955, 0, 196, 616, 611, 17, 7.13%, 0, 0, 3, 55.51
1746714960, 0, 196, 617, 612, 17, 7.13%, 0, 0, 3, 57.95
1746714965, 0, 196, 618, 613, 17, 7.13%, 0, 0, 3, 60.03
1746714970, 0, 196, 619, 614, 17, 7.13%, 0, 0, 3, 57.78
1746714980, 0, 196, 620, 615, 17, 7.13%, 0, 0, 3, 58.86
1746714986, 0, 196, 622, 617, 17, 7.13%, 0, 0, 3, 58.65
1746714996, 0, 196, 623, 618, 17, 7.14%, 0, 0, 3, 57.42
1746715006, 0, 196, 624, 619, 17, 7.14%, 0, 0, 3, 59.95
1746715011, 0, 196, 625, 620, 17, 7.14%, 0, 0, 3, 57.85
1746715021, 0, 196, 627, 622, 17, 7.14%, 0, 0, 3, 60.43
1746715031, 0, 196, 628, 623, 17, 7.14%, 0, 0, 3, 57.81
1746715042, 0, 196, 629, 624, 17, 7.14%, 0, 0, 3, 58.71
1746715047, 0, 196, 632, 627, 17, 7.14%, 0, 0, 3, 56.03
1746715062, 0, 196, 634, 629, 17, 7.14%, 0, 0, 3, 57.96
1746715067, 0, 196, 637, 632, 17, 7.14%, 0, 0, 3, 55.86
1746715072, 0, 196, 638, 633, 17, 7.14%, 0, 0, 3, 57.13
1746715077, 0, 196, 639, 634, 17, 7.14%, 0, 0, 3, 59.04
1746715093, 0, 196, 640, 635, 17, 7.14%, 0, 0, 3, 59.43
1746715098, 0, 196, 641, 636, 17, 7.14%, 0, 0, 3, 59.21
1746715114, 0, 196, 642, 637, 17, 7.14%, 0, 0, 3, 60.08
1746715119, 0, 196, 643, 638, 17, 7.14%, 0, 0, 3, 59.81
1746715124, 0, 196, 646, 641, 17, 7.14%, 0, 0, 3, 56.16
1746715129, 0, 196, 647, 642, 17, 7.14%, 0, 0, 3, 57.88
1746715134, 0, 196, 648, 643, 17, 7.14%, 0, 0, 3, 57.24
1746715159, 0, 196, 649, 644, 17, 7.14%, 0, 0, 3, 59.16
1746715164, 0, 196, 650, 645, 17, 7.14%, 0, 0, 3, 60.05
1746715174, 0, 196, 651, 646, 17, 7.14%, 0, 0, 3, 59.40
1746715180, 0, 196, 652, 647, 17, 7.14%, 0, 0, 3, 57.63
1746715185, 0, 196, 654, 649, 17, 7.14%, 0, 0, 3, 57.36
1746715200, 0, 196, 655, 650, 17, 7.14%, 0, 0, 3, 57.16
1746715241, 0, 196, 657, 652, 17, 7.14%, 0, 0, 3, 57.17
1746715246, 0, 196, 658, 653, 17, 7.14%, 0, 0, 3, 57.97
1746715277, 0, 196, 661, 656, 17, 7.14%, 0, 0, 3, 58.12
1746715287, 0, 196, 662, 657, 17, 7.14%, 0, 0, 3, 59.55
1746715297, 0, 196, 663, 658, 17, 7.14%, 0, 0, 3, 59.16
1746715312, 0, 196, 664, 659, 17, 7.14%, 0, 0, 3, 59.35
1746715343, 0, 246, 664, 658, 19, 7.14%, 0, 0, 3, 58.81
1746715684, 0, 246, 665, 659, 19, 7.14%, 0, 0, 4, 64.30
1746715689, 0, 246, 666, 660, 19, 7.14%, 0, 0, 4, 67.15
1746715694, 0, 246, 667, 661, 19, 7.14%, 0, 0, 4, 70.16
1746715709, 0, 246, 669, 663, 19, 7.14%, 0, 0, 4, 69.67
1746715725, 0, 246, 670, 664, 19, 7.14%, 0, 0, 4, 71.13
1746715766, 0, 246, 671, 665, 19, 7.14%, 0, 0, 4, 72.57
1746715777, 0, 246, 672, 666, 19, 7.14%, 0, 0, 4, 72.37
1746715782, 0, 246, 673, 667, 19, 7.14%, 0, 0, 4, 72.21
1746715797, 0, 246, 674, 668, 19, 7.14%, 0, 0, 4, 71.28
1746715849, 0, 246, 675, 669, 19, 7.14%, 0, 0, 4, 70.24
1746715880, 0, 246, 676, 670, 19, 7.14%, 0, 0, 4, 69.31
1746715885, 0, 246, 677, 671, 19, 7.14%, 0, 0, 4, 70.08
1746715895, 0, 246, 678, 672, 19, 7.14%, 0, 0, 4, 70.49
1746715937, 0, 246, 679, 673, 19, 7.14%, 0, 0, 4, 72.34
1746715972, 0, 246, 680, 674, 19, 7.14%, 0, 0, 4, 71.89
1746716050, 0, 246, 682, 676, 19, 7.14%, 0, 0, 4, 69.89
1746716055, 0, 246, 683, 677, 19, 7.14%, 0, 0, 4, 69.72
1746716127, 0, 246, 684, 678, 19, 7.14%, 0, 0, 4, 71.81
1746716142, 0, 252, 684, 677, 18, 7.14%, 0, 0, 4, 74.92
1746716336, 0, 365, 684, 676, 17, 7.14%, 0, 0, 4, 69.51
1746716746, 0, 374, 684, 675, 17, 7.14%, 0, 0, 4, 53.49
1746716971, 0, 374, 685, 676, 17, 7.14%, 0, 0, 4, 49.74
1746717206, 0, 374, 686, 677, 17, 7.14%, 0, 0, 4, 52.34
1746717211, 0, 374, 689, 680, 17, 7.14%, 0, 0, 4, 57.26
1746717216, 0, 374, 694, 685, 17, 7.14%, 0, 0, 4, 53.79
1746717221, 0, 374, 696, 687, 17, 7.16%, 0, 0, 4, 57.28
1746717226, 0, 374, 698, 689, 17, 7.16%, 0, 0, 4, 58.55
1746717231, 0, 374, 701, 692, 17, 7.16%, 0, 0, 4, 57.61
1746717236, 0, 374, 703, 694, 17, 7.16%, 0, 0, 4, 57.81
1746717246, 0, 374, 706, 697, 17, 7.16%, 0, 0, 4, 55.94
1746717251, 0, 374, 707, 698, 17, 7.16%, 0, 0, 4, 57.00
1746717267, 0, 374, 710, 701, 17, 7.16%, 0, 0, 4, 59.34
1746717272, 0, 374, 711, 702, 17, 7.16%, 0, 0, 4, 57.94
1746717277, 0, 374, 713, 704, 17, 7.16%, 0, 0, 4, 56.67
1746717297, 0, 374, 714, 705, 17, 7.16%, 0, 0, 4, 59.62
1746717302, 0, 374, 717, 708, 17, 7.16%, 0, 0, 4, 54.91
1746717308, 0, 374, 718, 709, 17, 7.16%, 0, 0, 4, 58.29
1746717323, 0, 374, 720, 711, 17, 7.16%, 0, 0, 4, 58.99
1746717333, 0, 374, 721, 712, 17, 7.16%, 0, 0, 4, 58.15
1746717353, 0, 374, 722, 713, 17, 7.16%, 0, 0, 4, 57.88
1746717358, 0, 374, 723, 714, 17, 7.16%, 0, 0, 4, 57.40
1746717363, 0, 374, 724, 715, 17, 7.16%, 0, 0, 4, 57.40
1746717374, 0, 374, 727, 718, 17, 7.16%, 0, 0, 4, 58.19
1746717384, 0, 374, 729, 720, 17, 7.16%, 0, 0, 4, 58.43
1746717404, 0, 374, 730, 721, 17, 7.16%, 0, 0, 4, 57.48
1746717430, 0, 374, 731, 722, 17, 7.17%, 0, 0, 4, 58.03
1746717435, 0, 374, 732, 723, 17, 7.17%, 0, 0, 4, 57.11
1746717440, 0, 374, 734, 725, 17, 7.17%, 0, 0, 4, 56.92
1746717450, 0, 374, 735, 726, 17, 7.17%, 0, 0, 4, 56.52
1746717455, 0, 374, 737, 728, 17, 7.17%, 0, 0, 4, 57.01
1746717490, 0, 374, 738, 729, 17, 7.17%, 0, 0, 4, 57.13
1746717495, 0, 374, 739, 730, 17, 7.17%, 0, 0, 4, 57.39
1746717506, 0, 374, 740, 731, 17, 7.17%, 0, 0, 4, 56.40
1746717542, 0, 374, 741, 732, 17, 7.17%, 0, 0, 4, 57.14
1746717562, 0, 374, 742, 733, 17, 7.17%, 0, 0, 4, 59.08
1746717567, 0, 374, 744, 735, 17, 7.17%, 0, 0, 4, 57.39
1746717583, 0, 374, 746, 737, 17, 7.17%, 0, 0, 4, 56.79
1746717694, 0, 374, 747, 738, 17, 7.17%, 0, 0, 4, 58.71
1746717704, 0, 374, 748, 739, 17, 7.17%, 0, 0, 4, 58.78
1746717710, 0, 374, 749, 740, 17, 7.17%, 0, 0, 4, 58.53
1746717715, 0, 374, 750, 741, 17, 7.17%, 0, 0, 4, 57.72
1746717725, 0, 374, 751, 742, 17, 7.17%, 0, 0, 4, 59.44
1746717776, 0, 418, 751, 741, 19, 7.17%, 0, 0, 4, 57.45
1746718158, 0, 452, 751, 740, 18, 7.17%, 0, 0, 4, 56.44
1746718555, 0, 452, 752, 741, 18, 7.17%, 0, 0, 4, 59.67
1746718585, 0, 499, 752, 740, 17, 7.17%, 0, 0, 4, 48.98
1746719349, 0, 499, 753, 741, 17, 7.17%, 0, 0, 4, 50.14
1746719354, 0, 499, 754, 742, 17, 7.17%, 0, 0, 4, 50.99
1746719369, 0, 499, 756, 744, 17, 7.17%, 0, 0, 4, 51.29
1746719374, 0, 499, 759, 747, 17, 7.17%, 0, 0, 4, 49.72
1746719385, 0, 499, 760, 748, 17, 7.17%, 0, 0, 4, 51.59
1746719405, 0, 499, 761, 749, 17, 7.17%, 0, 0, 4, 50.44
1746719425, 0, 499, 763, 751, 17, 7.17%, 0, 0, 4, 51.70
1746719435, 0, 499, 764, 752, 17, 7.17%, 0, 0, 4, 50.35
1746719445, 0, 499, 765, 753, 17, 7.17%, 0, 0, 4, 50.23
1746719455, 0, 499, 767, 755, 17, 7.17%, 0, 0, 4, 48.64
1746719465, 0, 499, 768, 756, 17, 7.17%, 0, 0, 4, 50.66
1746719491, 0, 499, 769, 757, 17, 7.17%, 0, 0, 4, 51.60
1746719496, 0, 499, 770, 758, 17, 7.17%, 0, 0, 4, 49.43
1746719511, 0, 499, 771, 759, 17, 7.17%, 0, 0, 4, 49.72
1746719516, 0, 499, 772, 760, 17, 7.17%, 0, 0, 4, 50.15
1746719531, 0, 499, 773, 761, 17, 7.17%, 0, 0, 4, 50.62
1746719536, 0, 499, 774, 762, 17, 7.17%, 0, 0, 4, 50.35
1746719546, 0, 499, 775, 763, 17, 7.17%, 0, 0, 4, 52.21
1746719551, 0, 499, 776, 764, 17, 7.17%, 0, 0, 4, 51.41
1746719556, 0, 499, 778, 766, 17, 7.18%, 0, 0, 4, 50.75
1746719572, 0, 499, 779, 767, 17, 7.18%, 0, 0, 4, 50.04
1746719577, 0, 499, 781, 769, 17, 7.18%, 0, 0, 4, 52.01
1746719587, 0, 499, 782, 770, 17, 7.18%, 0, 0, 4, 52.35
1746719592, 0, 499, 783, 771, 17, 7.18%, 0, 0, 4, 51.35
1746719607, 0, 499, 784, 772, 17, 7.18%, 0, 0, 4, 50.04
1746719617, 0, 499, 785, 773, 17, 7.18%, 0, 0, 4, 51.16
1746719642, 0, 499, 786, 774, 17, 7.18%, 0, 0, 4, 51.53
1746719657, 0, 499, 787, 775, 17, 7.18%, 0, 0, 4, 50.11
1746719662, 0, 499, 788, 776, 17, 7.18%, 0, 0, 4, 51.92
1746719677, 0, 499, 789, 777, 17, 7.18%, 0, 0, 4, 50.78
1746719687, 0, 499, 790, 778, 17, 7.18%, 0, 0, 4, 51.37
1746719703, 0, 499, 791, 779, 17, 7.18%, 0, 0, 4, 51.32
1746719718, 0, 499, 792, 780, 17, 7.18%, 0, 0, 4, 50.05
1746719754, 0, 499, 793, 781, 17, 7.18%, 0, 0, 4, 51.25
1746719769, 0, 499, 794, 782, 17, 7.18%, 0, 0, 4, 52.15
1746719799, 0, 499, 795, 783, 17, 7.18%, 0, 0, 4, 51.19
1746719840, 0, 499, 796, 784, 17, 7.18%, 0, 0, 4, 51.47
1746719860, 0, 499, 797, 785, 17, 7.18%, 0, 0, 4, 50.46
1746719875, 0, 499, 798, 786, 17, 7.18%, 0, 0, 4, 51.01
1746719915, 0, 499, 799, 787, 17, 7.18%, 0, 0, 4, 51.48
1746719921, 0, 499, 800, 788, 17, 7.18%, 0, 0, 4, 51.70
1746719931, 0, 499, 801, 789, 17, 7.19%, 0, 0, 4, 51.24
1746719941, 0, 499, 802, 790, 17, 7.19%, 0, 0, 4, 51.12
1746719951, 0, 499, 803, 791, 17, 7.19%, 0, 0, 4, 52.29
1746719961, 0, 499, 804, 792, 17, 7.19%, 0, 0, 4, 51.94
1746719982, 0, 499, 805, 793, 17, 7.19%, 0, 0, 4, 52.13
1746719992, 0, 510, 805, 792, 18, 7.19%, 0, 0, 4, 51.64
1746720542, 0, 524, 805, 791, 17, 7.19%, 0, 0, 4, 54.80
1746721126, 0, 526, 805, 790, 17, 7.19%, 0, 0, 4, 51.59
1746721717, 0, 607, 805, 789, 16, 7.19%, 0, 0, 4, 50.22
1746722500, 0, 632, 805, 788, 15, 7.19%, 0, 0, 4, 44.08
1746722511, 0, 632, 808, 791, 15, 7.19%, 0, 0, 4, 41.48
1746723314, 0, 632, 809, 792, 15, 7.19%, 0, 0, 4, 47.19
1746723325, 0, 632, 811, 794, 15, 7.19%, 0, 0, 4, 46.76
1746723330, 0, 632, 812, 795, 15, 7.19%, 0, 0, 4, 45.87
1746723365, 0, 632, 813, 796, 15, 7.19%, 0, 0, 4, 45.59
1746723370, 0, 632, 814, 797, 15, 7.19%, 0, 0, 4, 46.61
1746723375, 0, 632, 815, 798, 15, 7.19%, 0, 0, 4, 47.81
1746723385, 0, 632, 816, 799, 15, 7.19%, 0, 0, 4, 48.37
1746723401, 0, 632, 818, 801, 15, 7.19%, 0, 0, 4, 46.24
1746723406, 0, 632, 819, 802, 15, 7.19%, 0, 0, 4, 47.96
1746723411, 0, 632, 820, 803, 15, 7.19%, 0, 0, 4, 46.25
1746723416, 0, 632, 821, 804, 15, 7.19%, 0, 0, 4, 46.96
1746723436, 0, 632, 822, 805, 15, 7.19%, 0, 0, 4, 45.74
1746723461, 0, 632, 823, 806, 15, 7.19%, 0, 0, 4, 46.87
1746723477, 0, 632, 824, 807, 15, 7.19%, 0, 0, 4, 47.67
1746723487, 0, 632, 825, 808, 15, 7.19%, 0, 0, 4, 48.79
1746723552, 0, 632, 826, 809, 15, 7.19%, 0, 0, 4, 46.72
1746723557, 0, 632, 827, 810, 15, 7.19%, 0, 0, 4, 47.18
1746723563, 0, 632, 828, 811, 15, 7.19%, 0, 0, 4, 46.48
1746723583, 0, 632, 829, 812, 15, 7.19%, 0, 0, 4, 47.58
1746723608, 0, 632, 830, 813, 15, 7.19%, 0, 0, 4, 48.81
1746723624, 0, 632, 831, 814, 15, 7.19%, 0, 0, 4, 48.15
1746723634, 0, 632, 832, 815, 15, 7.19%, 0, 0, 4, 46.26
1746723689, 0, 632, 833, 816, 15, 7.19%, 0, 0, 4, 46.37
1746723836, 0, 632, 834, 817, 15, 7.19%, 0, 0, 4, 47.22
1746723867, 0, 632, 835, 818, 15, 7.19%, 0, 0, 4, 46.14
1746723882, 0, 632, 836, 819, 15, 7.19%, 0, 0, 4, 47.50
1746723907, 0, 632, 837, 820, 15, 7.19%, 0, 0, 4, 46.94
1746723928, 0, 632, 838, 821, 15, 7.19%, 0, 0, 4, 46.85
1746723938, 0, 632, 839, 822, 15, 7.19%, 0, 0, 4, 47.93
1746723983, 0, 632, 840, 823, 15, 7.19%, 0, 0, 4, 47.17
1746723999, 0, 666, 840, 822, 15, 7.19%, 0, 0, 4, 64.35
1746724239, 0, 694, 840, 821, 14, 7.19%, 0, 0, 4, 54.20
1746724593, 0, 694, 841, 822, 14, 7.19%, 0, 0, 5, 43.63
1746724913, 0, 694, 842, 823, 14, 7.19%, 0, 0, 5, 50.29
1746724918, 0, 694, 843, 824, 14, 7.19%, 0, 0, 5, 50.05
1746724933, 0, 694, 845, 826, 14, 7.19%, 0, 0, 5, 49.77
1746725034, 0, 694, 846, 827, 14, 7.19%, 0, 0, 5, 50.98
1746725075, 0, 694, 847, 828, 14, 7.19%, 0, 0, 5, 50.27
1746725146, 0, 694, 848, 829, 14, 7.19%, 0, 0, 5, 51.26
1746725171, 0, 694, 849, 830, 14, 7.19%, 0, 0, 5, 50.78
1746725475, 0, 694, 850, 831, 14, 7.19%, 0, 0, 5, 50.19
1746725516, 0, 703, 851, 831, 14, 7.19%, 0, 0, 5, 47.58
1746726294, 0, 710, 851, 830, 13, 7.19%, 0, 0, 5, 40.95
1746726330, 0, 710, 852, 831, 13, 7.19%, 0, 0, 5, 37.92
1746727193, 0, 710, 855, 834, 13, 7.19%, 0, 0, 5, 42.17
1746727218, 0, 710, 856, 835, 13, 7.19%, 0, 0, 5, 45.71
1746727223, 0, 710, 857, 836, 13, 7.19%, 0, 0, 5, 45.57
1746727244, 0, 710, 859, 838, 13, 7.24%, 0, 0, 5, 45.89
1746727274, 0, 710, 860, 839, 13, 7.24%, 0, 0, 5, 45.41
1746727305, 0, 710, 861, 840, 13, 7.26%, 0, 0, 5, 44.28
1746727340, 0, 710, 862, 841, 13, 7.26%, 0, 0, 5, 44.36
1746727355, 0, 710, 863, 842, 13, 7.26%, 0, 0, 5, 44.60
1746727442, 0, 710, 864, 843, 13, 7.26%, 0, 0, 5, 44.07
1746727558, 0, 710, 865, 844, 13, 7.26%, 0, 0, 5, 46.26
1746727563, 0, 710, 866, 845, 13, 7.26%, 0, 0, 5, 45.88
1746727614, 0, 710, 867, 846, 13, 7.26%, 0, 0, 5, 44.14
1746727620, 0, 710, 868, 847, 13, 7.26%, 0, 0, 5, 45.19
1746727635, 0, 710, 869, 848, 13, 7.26%, 0, 0, 5, 46.39
1746727681, 0, 710, 870, 849, 13, 7.26%, 0, 0, 5, 45.63
1746727731, 0, 730, 870, 848, 14, 7.26%, 0, 0, 5, 37.37
1746727752, 0, 730, 871, 849, 14, 7.26%, 0, 0, 5, 32.96
1746727757, 0, 730, 873, 851, 14, 7.26%, 0, 0, 5, 32.91
1746727762, 0, 730, 876, 854, 14, 7.26%, 0, 0, 5, 33.14
1746727767, 0, 730, 877, 855, 14, 7.26%, 0, 0, 5, 33.23
1746728763, 0, 730, 878, 856, 14, 7.26%, 0, 0, 5, 33.58
1746729081, 0, 730, 879, 857, 14, 7.26%, 0, 0, 5, 33.99
1746729230, 0, 730, 881, 859, 14, 7.26%, 0, 0, 5, 37.68
1746729235, 0, 730, 882, 860, 14, 7.26%, 0, 0, 5, 37.34
1746729245, 0, 730, 883, 861, 14, 7.26%, 0, 0, 5, 38.73
1746729260, 0, 730, 884, 862, 14, 7.26%, 0, 0, 5, 36.94
1746729270, 0, 730, 885, 863, 14, 7.26%, 0, 0, 5, 36.86
1746729281, 0, 730, 886, 864, 14, 7.26%, 0, 0, 5, 37.72
1746729306, 0, 730, 887, 865, 14, 7.40%, 0, 0, 5, 37.57
1746729357, 0, 730, 888, 866, 14, 7.40%, 0, 0, 5, 37.90
1746729378, 0, 730, 890, 868, 14, 7.40%, 0, 0, 5, 37.42
1746729408, 0, 730, 891, 869, 14, 7.40%, 0, 0, 5, 38.49
1746729434, 0, 730, 893, 871, 14, 7.40%, 0, 0, 5, 37.43
1746729470, 0, 730, 894, 872, 14, 7.40%, 0, 0, 5, 38.38
1746729475, 0, 730, 895, 873, 14, 7.40%, 0, 0, 5, 36.91
1746729485, 0, 730, 896, 874, 14, 7.40%, 0, 0, 5, 36.27
1746729490, 0, 730, 897, 875, 14, 7.40%, 0, 0, 5, 36.80
1746729505, 0, 730, 898, 876, 14, 7.40%, 0, 0, 5, 37.99
1746729526, 0, 730, 899, 877, 14, 7.41%, 0, 0, 5, 37.58
1746729531, 0, 730, 901, 879, 14, 7.42%, 0, 0, 5, 36.66
1746729536, 0, 730, 902, 880, 14, 7.42%, 0, 0, 5, 36.86
1746729557, 0, 730, 904, 882, 14, 7.42%, 0, 0, 5, 36.12
1746729593, 0, 730, 905, 883, 14, 7.42%, 0, 0, 5, 38.54
1746729603, 0, 730, 906, 884, 14, 7.46%, 0, 0, 5, 37.11
1746729649, 0, 730, 907, 885, 14, 7.48%, 0, 0, 5, 37.33
1746729664, 0, 730, 908, 886, 14, 7.48%, 0, 0, 5, 37.15
1746729803, 0, 730, 909, 887, 14, 7.48%, 0, 0, 5, 37.56
1746729879, 0, 747, 909, 886, 15, 7.48%, 0, 0, 5, 40.69
1746730814, 0, 764, 909, 885, 14, 7.48%, 0, 0, 5, 45.97
1746732177, 0, 776, 909, 884, 14, 7.48%, 0, 0, 5, 41.17
1746733016, 0, 807, 909, 883, 13, 7.48%, 0, 0, 5, 46.51
1746733817, 0, 807, 910, 884, 13, 7.48%, 0, 0, 5, 47.75
1746733893, 0, 817, 910, 883, 12, 7.48%, 0, 0, 5, 39.57
1746735406, 0, 822, 910, 882, 12, 7.48%, 0, 0, 5, 35.43
1746735498, 0, 822, 911, 883, 12, 7.48%, 0, 0, 5, 28.11
1746735702, 0, 822, 912, 884, 12, 7.48%, 0, 0, 5, 28.02
1746737783, 0, 822, 913, 885, 12, 7.48%, 0, 0, 5, 28.78
1746737794, 0, 822, 915, 887, 12, 7.48%, 0, 0, 5, 30.50
1746737799, 0, 822, 919, 891, 12, 7.48%, 0, 0, 5, 30.39
1746737804, 0, 822, 920, 892, 12, 7.48%, 0, 0, 5, 30.91
1746737825, 0, 822, 922, 894, 12, 7.48%, 0, 0, 5, 31.24
1746737830, 0, 822, 924, 896, 12, 7.48%, 0, 0, 5, 30.08
1746737835, 0, 822, 926, 898, 12, 7.48%, 0, 0, 5, 30.96
1746737860, 0, 822, 928, 900, 12, 7.48%, 0, 0, 5, 31.03
1746737870, 0, 822, 929, 901, 12, 7.48%, 0, 0, 5, 31.20
1746737881, 0, 822, 931, 903, 12, 7.48%, 0, 0, 5, 29.59
1746737891, 0, 822, 932, 904, 12, 7.48%, 0, 0, 5, 31.23
1746737901, 0, 822, 933, 905, 12, 7.48%, 0, 0, 5, 31.08
1746737911, 0, 822, 934, 906, 12, 7.48%, 0, 0, 5, 31.35
1746737983, 0, 822, 935, 907, 12, 7.48%, 0, 0, 5, 30.29
1746737988, 0, 822, 937, 909, 12, 7.48%, 0, 0, 5, 30.99
1746738024, 0, 822, 938, 910, 12, 7.48%, 0, 0, 5, 31.39
1746738070, 0, 822, 939, 911, 12, 7.48%, 0, 0, 5, 31.90
1746738075, 0, 822, 940, 912, 12, 7.48%, 0, 0, 5, 32.01
1746738080, 0, 822, 941, 913, 12, 7.48%, 0, 0, 5, 31.36
1746738127, 0, 822, 943, 915, 12, 7.48%, 0, 0, 5, 31.58
1746738142, 0, 822, 944, 916, 12, 7.48%, 0, 0, 5, 32.24
1746738147, 0, 822, 945, 917, 12, 7.48%, 0, 0, 5, 31.12
1746738183, 0, 822, 946, 918, 12, 7.48%, 0, 0, 5, 30.92
1746738208, 0, 822, 947, 919, 12, 7.48%, 0, 0, 5, 30.51
1746738259, 0, 822, 949, 921, 12, 7.48%, 0, 0, 5, 30.78
1746738270, 0, 822, 950, 922, 12, 7.48%, 0, 0, 5, 32.01
1746738275, 0, 822, 952, 924, 12, 7.57%, 0, 0, 5, 31.65
1746738285, 0, 822, 953, 925, 12, 7.57%, 0, 0, 5, 31.48
1746738331, 0, 822, 954, 926, 12, 7.57%, 0, 0, 5, 31.07
1746738341, 0, 822, 955, 927, 12, 7.57%, 0, 0, 5, 32.64
1746738347, 0, 822, 956, 928, 12, 7.57%, 0, 0, 5, 31.63
1746738357, 0, 822, 957, 929, 12, 7.57%, 0, 0, 5, 32.11
1746738398, 0, 822, 958, 930, 12, 7.57%, 0, 0, 5, 31.18
1746738419, 0, 822, 959, 931, 12, 7.57%, 0, 0, 5, 31.56
1746738429, 0, 822, 960, 932, 12, 7.57%, 0, 0, 5, 31.23
1746738460, 0, 822, 961, 933, 12, 7.57%, 0, 0, 5, 31.10
1746738480, 0, 822, 962, 934, 12, 7.57%, 0, 0, 5, 31.93
1746738511, 0, 822, 963, 935, 12, 7.57%, 0, 0, 5, 31.82
1746738516, 0, 822, 964, 936, 12, 7.57%, 0, 0, 5, 31.26
1746738542, 0, 822, 965, 937, 12, 7.57%, 0, 0, 5, 31.81
1746738573, 0, 826, 965, 936, 13, 7.57%, 0, 0, 5, 34.79
1746739551, 0, 857, 965, 935, 12, 7.57%, 0, 0, 5, 38.92
1746740695, 0, 860, 965, 934, 11, 7.57%, 0, 0, 5, 42.63
1746740736, 0, 860, 966, 935, 11, 7.57%, 0, 0, 6, 35.84
1746741832, 0, 860, 967, 936, 11, 7.57%, 0, 0, 6, 42.64
1746741853, 0, 860, 968, 937, 11, 7.58%, 0, 0, 6, 44.36
1746741919, 0, 860, 969, 938, 11, 7.58%, 0, 0, 6, 44.37
1746742193, 0, 878, 969, 937, 11, 7.58%, 0, 0, 6, 37.39
1746743713, 0, 878, 970, 938, 11, 7.58%, 0, 0, 6, 38.12
1746743723, 0, 878, 971, 939, 11, 7.58%, 0, 0, 6, 37.69
1746743857, 0, 882, 971, 938, 10, 7.58%, 0, 0, 6, 38.38
1746744935, 0, 898, 971, 937, 9, 7.58%, 0, 0, 6, 38.99
1746745011, 0, 898, 972, 938, 9, 7.58%, 0, 0, 6, 29.82
1746745214, 0, 898, 973, 939, 9, 7.58%, 0, 0, 6, 31.15
1746745219, 0, 898, 974, 940, 9, 7.58%, 0, 0, 6, 30.91
1746746611, 0, 898, 975, 941, 9, 7.58%, 0, 0, 6, 33.85
1746746621, 0, 898, 977, 943, 9, 7.58%, 0, 0, 6, 35.16
1746746626, 0, 898, 978, 944, 9, 7.58%, 0, 0, 6, 34.90
1746746657, 0, 898, 979, 945, 9, 7.58%, 0, 0, 6, 36.00
1746746708, 0, 898, 980, 946, 9, 7.58%, 0, 0, 6, 35.55
1746746744, 0, 898, 981, 947, 9, 7.58%, 0, 0, 6, 34.28
1746746770, 0, 898, 983, 949, 9, 7.58%, 0, 0, 6, 35.28
1746746801, 0, 898, 984, 950, 9, 7.58%, 0, 0, 6, 34.35
1746746847, 0, 898, 985, 951, 9, 7.58%, 0, 0, 6, 35.18
1746746882, 0, 898, 986, 952, 9, 7.58%, 0, 0, 6, 36.59
1746746980, 0, 898, 987, 953, 9, 7.58%, 0, 0, 6, 35.02
1746746985, 0, 898, 988, 954, 9, 7.58%, 0, 0, 6, 35.02
1746746990, 0, 898, 989, 955, 9, 7.58%, 0, 0, 6, 35.19
1746747072, 0, 898, 990, 956, 9, 7.58%, 0, 0, 6, 35.91
1746747093, 0, 898, 991, 957, 9, 7.58%, 0, 0, 6, 35.99
1746747149, 0, 898, 992, 958, 9, 7.58%, 0, 0, 6, 34.45
1746747226, 0, 898, 993, 959, 9, 7.58%, 0, 0, 6, 35.98
1746747236, 0, 898, 994, 960, 9, 7.58%, 0, 0, 6, 34.21
1746747292, 0, 898, 995, 961, 9, 7.58%, 0, 0, 6, 35.86
1746747303, 0, 900, 995, 960, 10, 7.58%, 0, 0, 6, 35.07
1746748958, 0, 905, 995, 959, 9, 7.58%, 0, 0, 6, 29.53
1746749014, 0, 905, 996, 960, 9, 7.58%, 0, 0, 6, 24.95
1746749019, 0, 905, 997, 961, 9, 7.58%, 0, 0, 6, 24.58
1746749045, 0, 905, 998, 962, 9, 7.58%, 0, 0, 6, 24.50
1746749050, 0, 905, 999, 963, 9, 7.58%, 0, 0, 6, 24.49
1746749147, 0, 905, 1000, 964, 9, 7.58%, 0, 0, 6, 25.77
1746749224, 0, 905, 1001, 965, 9, 7.58%, 0, 0, 6, 24.86
1746749285, 0, 905, 1002, 966, 9, 7.58%, 0, 0, 6, 26.58
1746749326, 0, 905, 1003, 967, 9, 7.58%, 0, 0, 6, 24.10
1746749393, 0, 905, 1004, 968, 9, 7.58%, 0, 0, 6, 24.66
1746749398, 0, 905, 1006, 970, 9, 7.58%, 0, 0, 6, 27.60
1746749408, 0, 905, 1007, 971, 9, 7.58%, 0, 0, 6, 27.97
1746749413, 0, 905, 1008, 972, 9, 7.58%, 0, 0, 6, 27.45
1746749418, 0, 905, 1009, 973, 9, 7.58%, 0, 0, 6, 25.47
1746749720, 0, 905, 1010, 974, 9, 7.58%, 0, 0, 6, 23.88
1746750204, 0, 905, 1011, 975, 9, 7.58%, 0, 0, 6, 24.97
1746750332, 0, 905, 1012, 976, 9, 7.58%, 0, 0, 6, 24.81
1746751227, 0, 905, 1013, 977, 9, 7.59%, 0, 0, 6, 24.52
1746751395, 0, 905, 1015, 979, 9, 7.59%, 0, 0, 6, 27.81
1746751400, 0, 905, 1016, 980, 9, 7.59%, 0, 0, 6, 28.95
1746751405, 0, 905, 1019, 983, 9, 7.59%, 0, 0, 6, 27.37
1746751410, 0, 905, 1021, 985, 9, 7.59%, 0, 0, 6, 27.85
1746751416, 0, 905, 1024, 988, 9, 7.59%, 0, 0, 6, 28.59
1746751421, 0, 905, 1025, 989, 9, 7.59%, 0, 0, 6, 28.29
1746751426, 0, 905, 1026, 990, 9, 7.59%, 0, 0, 6, 28.61
1746751431, 0, 905, 1027, 991, 9, 7.59%, 0, 0, 6, 27.63
1746751436, 0, 905, 1028, 992, 9, 7.59%, 0, 0, 6, 27.30
1746751462, 0, 905, 1029, 993, 9, 7.59%, 0, 0, 6, 28.34
1746751467, 0, 905, 1031, 995, 9, 7.69%, 0, 0, 6, 29.15
1746751472, 0, 905, 1032, 996, 9, 7.69%, 0, 0, 6, 28.74
1746751487, 0, 905, 1033, 997, 9, 7.69%, 0, 0, 6, 28.95
1746751492, 0, 905, 1035, 999, 9, 7.69%, 0, 0, 6, 28.59
1746751503, 0, 905, 1036, 1000, 9, 7.69%, 0, 0, 6, 27.95
1746751549, 0, 905, 1037, 1001, 9, 7.69%, 0, 0, 6, 28.37
1746751554, 0, 905, 1038, 1002, 9, 7.69%, 0, 0, 6, 28.08
1746751585, 0, 905, 1040, 1004, 9, 7.69%, 0, 0, 6, 28.94
1746751631, 0, 905, 1041, 1005, 9, 7.69%, 0, 0, 6, 27.87
1746751636, 0, 905, 1042, 1006, 9, 7.69%, 0, 0, 6, 28.36
1746751661, 0, 905, 1043, 1007, 9, 7.69%, 0, 0, 6, 28.19
1746751667, 0, 905, 1044, 1008, 9, 7.69%, 0, 0, 6, 27.76
1746751672, 0, 905, 1045, 1009, 9, 7.69%, 0, 0, 6, 28.93
1746751692, 0, 905, 1046, 1010, 9, 7.69%, 0, 0, 6, 27.80
1746751697, 0, 905, 1047, 1011, 9, 7.69%, 0, 0, 6, 27.93
1746751708, 0, 905, 1049, 1013, 9, 7.69%, 0, 0, 6, 27.35
1746751728, 0, 905, 1050, 1014, 9, 7.69%, 0, 0, 6, 29.06
1746751738, 0, 905, 1051, 1015, 9, 7.69%, 0, 0, 6, 29.19
1746751850, 0, 905, 1052, 1016, 9, 7.69%, 0, 0, 6, 28.58
1746751855, 0, 905, 1054, 1018, 9, 7.69%, 0, 0, 6, 27.70
1746751860, 0, 905, 1055, 1019, 9, 7.69%, 0, 0, 6, 28.15
1746751865, 0, 905, 1056, 1020, 9, 7.69%, 0, 0, 6, 28.91
1746751870, 0, 905, 1057, 1021, 9, 7.69%, 0, 0, 6, 28.84
1746751956, 0, 905, 1059, 1023, 9, 7.69%, 0, 0, 6, 28.26
1746751992, 0, 905, 1060, 1024, 9, 7.69%, 0, 0, 6, 28.66
1746752023, 0, 905, 1061, 1025, 9, 7.69%, 0, 0, 6, 29.15
1746752053, 0, 905, 1062, 1026, 9, 7.69%, 0, 0, 6, 28.38
1746752083, 0, 905, 1063, 1027, 9, 7.69%, 0, 0, 6, 28.69
1746752088, 0, 905, 1064, 1028, 9, 7.69%, 0, 0, 6, 28.84
1746752114, 0, 905, 1065, 1029, 9, 7.69%, 0, 0, 6, 29.69
1746752135, 0, 905, 1066, 1030, 9, 7.69%, 0, 0, 6, 27.74
1746752145, 0, 905, 1068, 1032, 9, 7.69%, 0, 0, 6, 27.50
1746752175, 0, 905, 1069, 1033, 9, 7.69%, 0, 0, 6, 28.00
1746752196, 0, 905, 1070, 1034, 9, 7.69%, 0, 0, 6, 27.80
1746752267, 0, 964, 1070, 1033, 11, 7.69%, 0, 0, 6, 27.51
1746752293, 0, 964, 1071, 1034, 11, 7.69%, 0, 0, 6, 23.28
1746752298, 0, 964, 1072, 1035, 11, 7.69%, 0, 0, 6, 23.32
1746752354, 0, 964, 1073, 1036, 11, 7.69%, 0, 0, 6, 23.77
1746752375, 0, 964, 1074, 1037, 11, 7.69%, 0, 0, 6, 23.36
1746752380, 0, 964, 1076, 1039, 11, 7.69%, 0, 0, 6, 23.46
1746752390, 0, 964, 1077, 1040, 11, 7.69%, 0, 0, 6, 23.69
1746752763, 0, 964, 1078, 1041, 11, 7.69%, 0, 0, 6, 23.41
1746755237, 0, 964, 1079, 1042, 11, 7.69%, 0, 0, 6, 23.65
