# unix_time, cycles_done, cur_path, paths_total, pending_total, pending_favs, map_size, unique_crashes, unique_hangs, max_depth, execs_per_sec
1747410031, 0, 0, 1, 1, 1, 0.03%, 0, 0, 1, 1000.00
1747410036, 0, 3, 7, 5, 2, 0.05%, 0, 0, 3, 978.24
1747410041, 0, 8, 10, 4, 1, 0.05%, 0, 0, 4, 943.86
1747410046, 1, 0, 12, 5, 0, 0.05%, 0, 0, 5, 938.81
1747410051, 2, 0, 13, 5, 0, 0.05%, 0, 0, 6, 918.78
1747410056, 3, 7, 13, 4, 0, 0.05%, 0, 0, 6, 943.78
1747410061, 3, 7, 16, 7, 0, 0.05%, 0, 0, 6, 939.39
1747410066, 3, 8, 16, 6, 0, 0.05%, 0, 0, 6, 939.08
1747410071, 4, 15, 17, 7, 0, 0.05%, 0, 0, 6, 907.72
1747410076, 4, 15, 18, 8, 0, 0.05%, 0, 0, 6, 917.12
1747410081, 4, 17, 21, 10, 0, 0.05%, 0, 0, 7, 798.32
1747410097, 4, 17, 22, 11, 0, 0.05%, 0, 0, 7, 839.81
1747410112, 4, 18, 22, 10, 0, 0.05%, 0, 0, 7, 801.27
1747410127, 4, 21, 22, 9, 0, 0.05%, 0, 0, 7, 621.06
1747410132, 4, 21, 24, 11, 0, 0.05%, 0, 0, 8, 672.35
1747410163, 4, 21, 26, 13, 0, 0.05%, 0, 0, 8, 837.79
1747410168, 4, 22, 26, 12, 0, 0.05%, 0, 0, 8, 676.25
1747410183, 4, 22, 27, 13, 0, 0.05%, 0, 0, 9, 753.71
1747410204, 4, 23, 27, 12, 0, 0.05%, 0, 0, 9, 760.15
1747410234, 5, 2, 27, 10, 0, 0.05%, 0, 0, 9, 852.90
1747410239, 5, 19, 27, 10, 0, 0.05%, 0, 0, 9, 831.75
1747410255, 5, 20, 27, 9, 0, 0.05%, 0, 0, 9, 818.20
1747410275, 5, 24, 28, 9, 0, 0.05%, 0, 0, 9, 788.09
1747410280, 5, 24, 29, 10, 0, 0.05%, 0, 0, 9, 845.66
1747410285, 5, 24, 30, 11, 0, 0.05%, 0, 0, 9, 858.27
1747410290, 5, 24, 31, 12, 0, 0.05%, 0, 0, 9, 851.00
1747410311, 5, 30, 31, 11, 0, 0.05%, 0, 0, 9, 754.46
1747410316, 5, 30, 33, 13, 0, 0.05%, 0, 0, 10, 811.48
1747410351, 6, 19, 34, 13, 0, 0.05%, 0, 0, 10, 852.40
1747410356, 6, 26, 35, 14, 0, 0.05%, 0, 0, 10, 655.45
1747410407, 6, 27, 35, 13, 0, 0.05%, 0, 0, 10, 707.48
1747410427, 6, 31, 35, 12, 0, 0.05%, 0, 0, 10, 794.81
1747410453, 7, 3, 35, 11, 0, 0.05%, 0, 0, 10, 809.09
1747410458, 7, 9, 35, 11, 0, 0.05%, 0, 0, 10, 835.35
1747410463, 7, 25, 35, 10, 0, 0.05%, 0, 0, 10, 847.80
1747410483, 7, 33, 35, 9, 0, 0.05%, 0, 0, 10, 661.98
1747410514, 8, 8, 35, 8, 0, 0.05%, 0, 0, 10, 807.04
1747410519, 8, 12, 35, 8, 0, 0.05%, 0, 0, 10, 829.99
1747410524, 8, 13, 35, 7, 0, 0.05%, 0, 0, 10, 852.53
1747410534, 8, 14, 35, 6, 0, 0.05%, 0, 0, 10, 814.84
1747410539, 8, 27, 35, 5, 0, 0.05%, 0, 0, 10, 789.32
1747410544, 8, 28, 35, 5, 0, 0.05%, 0, 0, 10, 710.61
1747410570, 9, 13, 35, 4, 0, 0.05%, 0, 0, 10, 828.14
1747410575, 9, 16, 35, 4, 0, 0.05%, 0, 0, 10, 820.40
1747410590, 10, 8, 35, 3, 0, 0.05%, 0, 0, 10, 868.72
1747410596, 10, 28, 35, 3, 0, 0.05%, 0, 0, 10, 808.96
1747410601, 11, 28, 35, 3, 0, 0.05%, 0, 0, 10, 838.58
1747410606, 11, 29, 35, 3, 0, 0.05%, 0, 0, 10, 720.58
1747410631, 12, 19, 35, 2, 0, 0.05%, 0, 0, 10, 794.56
1747410636, 12, 34, 35, 2, 0, 0.05%, 0, 0, 10, 485.72
1747410677, 13, 30, 35, 1, 0, 0.05%, 0, 0, 10, 787.86
1747410682, 14, 8, 35, 1, 0, 0.05%, 0, 0, 10, 800.00
1747410688, 15, 8, 35, 1, 0, 0.05%, 0, 0, 10, 805.53
1747410693, 16, 8, 35, 1, 0, 0.05%, 0, 0, 10, 821.48
1747410698, 17, 21, 35, 1, 0, 0.05%, 0, 0, 10, 818.39
1747410703, 18, 28, 35, 1, 0, 0.05%, 0, 0, 10, 834.60
1747410708, 19, 21, 35, 1, 0, 0.05%, 0, 0, 10, 831.55
1747410713, 19, 32, 35, 1, 0, 0.05%, 0, 0, 10, 617.83
1747410733, 20, 8, 35, 0, 0, 0.05%, 0, 0, 10, 783.64
1747410739, 21, 2, 35, 0, 0, 0.05%, 0, 0, 10, 827.91
1747410744, 21, 32, 35, 0, 0, 0.05%, 0, 0, 10, 835.32
1747410749, 22, 19, 35, 0, 0, 0.05%, 0, 0, 10, 845.42
1747410754, 23, 29, 35, 0, 0, 0.05%, 0, 0, 10, 855.10
1747410759, 24, 3, 35, 0, 0, 0.05%, 0, 0, 10, 867.57
1747410764, 24, 29, 35, 0, 0, 0.05%, 0, 0, 10, 859.09
1747410769, 25, 3, 35, 0, 0, 0.05%, 0, 0, 10, 851.26
1747410774, 25, 28, 35, 0, 0, 0.05%, 0, 0, 10, 850.07
1747410779, 26, 19, 35, 0, 0, 0.05%, 0, 0, 10, 841.65
1747410784, 28, 0, 35, 0, 0, 0.05%, 0, 0, 10, 842.44
1747410789, 28, 31, 35, 0, 0, 0.05%, 0, 0, 10, 815.56
1747410794, 28, 34, 35, 0, 0, 0.05%, 0, 0, 10, 768.71
1747410799, 29, 28, 35, 0, 0, 0.05%, 0, 0, 10, 805.33
1747410804, 30, 8, 35, 0, 0, 0.05%, 0, 0, 10, 828.57
1747410809, 31, 8, 35, 0, 0, 0.05%, 0, 0, 10, 733.97
1747410814, 32, 2, 35, 0, 0, 0.05%, 0, 0, 10, 794.88
1747410820, 33, 4, 35, 0, 0, 0.05%, 0, 0, 10, 819.16
1747410825, 34, 3, 35, 0, 0, 0.05%, 0, 0, 10, 847.22
1747410830, 36, 2, 35, 0, 0, 0.05%, 0, 0, 10, 861.16
1747410835, 37, 8, 35, 0, 0, 0.05%, 0, 0, 10, 873.05
1747410840, 39, 0, 35, 0, 0, 0.05%, 0, 0, 10, 832.59
1747410845, 40, 2, 35, 0, 0, 0.05%, 0, 0, 10, 814.41
1747410850, 41, 4, 35, 0, 0, 0.05%, 0, 0, 10, 850.27
1747410855, 41, 29, 35, 0, 0, 0.05%, 0, 0, 10, 760.89
1747410860, 42, 15, 35, 0, 0, 0.05%, 0, 0, 10, 823.78
1747410865, 43, 1, 35, 0, 0, 0.05%, 0, 0, 10, 841.50
1747410870, 43, 32, 35, 0, 0, 0.05%, 0, 0, 10, 829.17
1747410875, 45, 4, 35, 0, 0, 0.05%, 0, 0, 10, 848.72
1747410880, 47, 2, 35, 0, 0, 0.05%, 0, 0, 10, 856.20
1747410885, 47, 22, 35, 0, 0, 0.05%, 0, 0, 10, 781.92
1747410891, 48, 15, 35, 0, 0, 0.05%, 0, 0, 10, 821.23
1747410896, 49, 1, 35, 0, 0, 0.05%, 0, 0, 10, 833.60
1747410901, 50, 8, 35, 0, 0, 0.05%, 0, 0, 10, 865.33
1747410906, 50, 18, 35, 0, 0, 0.05%, 0, 0, 10, 853.54
1747410911, 51, 8, 35, 0, 0, 0.05%, 0, 0, 10, 879.17
1747410916, 52, 8, 35, 0, 0, 0.05%, 0, 0, 10, 898.19
1747410921, 53, 26, 35, 0, 0, 0.05%, 0, 0, 10, 832.56
1747410926, 55, 4, 35, 0, 0, 0.05%, 0, 0, 10, 879.04
1747410931, 55, 25, 35, 0, 0, 0.05%, 0, 0, 10, 879.13
1747410936, 56, 11, 35, 0, 0, 0.05%, 0, 0, 10, 878.96
1747410941, 57, 8, 35, 0, 0, 0.05%, 0, 0, 10, 878.37
1747410946, 58, 3, 35, 0, 0, 0.05%, 0, 0, 10, 853.62
1747410951, 59, 12, 35, 0, 0, 0.05%, 0, 0, 10, 879.70
1747410956, 60, 8, 35, 0, 0, 0.05%, 0, 0, 10, 868.92
1747410961, 60, 33, 35, 0, 0, 0.05%, 0, 0, 10, 801.61
1747410966, 61, 19, 35, 0, 0, 0.05%, 0, 0, 10, 842.26
1747410971, 63, 2, 35, 0, 0, 0.05%, 0, 0, 10, 841.42
1747410976, 63, 20, 35, 0, 0, 0.05%, 0, 0, 10, 851.86
1747410981, 65, 2, 35, 0, 0, 0.05%, 0, 0, 10, 880.34
1747410987, 66, 4, 35, 0, 0, 0.05%, 0, 0, 10, 888.74
1747410992, 67, 8, 35, 0, 0, 0.05%, 0, 0, 10, 876.44
1747410997, 68, 21, 35, 0, 0, 0.05%, 0, 0, 10, 850.96
1747411002, 69, 25, 35, 0, 0, 0.05%, 0, 0, 10, 869.81
1747411007, 69, 28, 35, 0, 0, 0.05%, 0, 0, 10, 860.39
1747411012, 71, 4, 35, 0, 0, 0.05%, 0, 0, 10, 883.63
1747411017, 72, 2, 35, 0, 0, 0.05%, 0, 0, 10, 864.74
1747411022, 73, 4, 35, 0, 0, 0.05%, 0, 0, 10, 783.62
1747411027, 74, 8, 35, 0, 0, 0.05%, 0, 0, 10, 770.71
1747411032, 75, 4, 35, 0, 0, 0.05%, 0, 0, 10, 804.93
1747411037, 76, 4, 35, 0, 0, 0.05%, 0, 0, 10, 800.39
1747411043, 77, 3, 35, 0, 0, 0.05%, 0, 0, 10, 840.88
1747411048, 79, 0, 35, 0, 0, 0.05%, 0, 0, 10, 852.92
1747411053, 80, 2, 35, 0, 0, 0.05%, 0, 0, 10, 808.94
1747411058, 81, 3, 35, 0, 0, 0.05%, 0, 0, 10, 819.94
1747411063, 82, 8, 35, 0, 0, 0.05%, 0, 0, 10, 869.97
1747411068, 83, 0, 35, 0, 0, 0.05%, 0, 0, 10, 767.88
1747411073, 83, 28, 35, 0, 0, 0.05%, 0, 0, 10, 821.88
1747411078, 84, 11, 35, 0, 0, 0.05%, 0, 0, 10, 861.19
1747411083, 85, 8, 35, 0, 0, 0.05%, 0, 0, 10, 884.93
1747411088, 85, 28, 35, 0, 0, 0.05%, 0, 0, 10, 870.94
1747411093, 87, 8, 35, 0, 0, 0.05%, 0, 0, 10, 896.92
1747411099, 88, 28, 35, 0, 0, 0.05%, 0, 0, 10, 861.98
1747411104, 90, 2, 35, 0, 0, 0.05%, 0, 0, 10, 879.68
1747411109, 92, 0, 35, 0, 0, 0.05%, 0, 0, 10, 901.27
1747411114, 93, 8, 35, 0, 0, 0.05%, 0, 0, 10, 899.51
1747411119, 94, 8, 35, 0, 0, 0.05%, 0, 0, 10, 891.65
1747411124, 96, 3, 35, 0, 0, 0.05%, 0, 0, 10, 898.09
1747411129, 97, 3, 35, 0, 0, 0.05%, 0, 0, 10, 829.52
1747411134, 97, 29, 35, 0, 0, 0.05%, 0, 0, 10, 850.58
1747411139, 98, 24, 35, 0, 0, 0.05%, 0, 0, 10, 880.56
1747411144, 99, 19, 35, 0, 0, 0.05%, 0, 0, 10, 864.63
1747411149, 100, 31, 35, 0, 0, 0.05%, 0, 0, 10, 854.31
1747411154, 102, 8, 35, 0, 0, 0.05%, 0, 0, 10, 802.95
1747411159, 103, 8, 35, 0, 0, 0.05%, 0, 0, 10, 845.90
1747411164, 104, 23, 35, 0, 0, 0.05%, 0, 0, 10, 845.13
1747411169, 105, 22, 35, 0, 0, 0.05%, 0, 0, 10, 840.29
1747411174, 106, 8, 35, 0, 0, 0.05%, 0, 0, 10, 851.53
1747411179, 107, 3, 35, 0, 0, 0.05%, 0, 0, 10, 869.07
1747411184, 107, 29, 35, 0, 0, 0.05%, 0, 0, 10, 852.24
1747411189, 108, 29, 35, 0, 0, 0.05%, 0, 0, 10, 819.33
1747411194, 109, 8, 35, 0, 0, 0.05%, 0, 0, 10, 831.88
1747411200, 110, 2, 35, 0, 0, 0.05%, 0, 0, 10, 811.47
1747411205, 110, 27, 35, 0, 0, 0.05%, 0, 0, 10, 853.86
1747411210, 111, 8, 35, 0, 0, 0.05%, 0, 0, 10, 870.01
1747411215, 113, 0, 35, 0, 0, 0.05%, 0, 0, 10, 866.72
1747411220, 113, 33, 35, 0, 0, 0.05%, 0, 0, 10, 865.16
1747411225, 115, 3, 35, 0, 0, 0.05%, 0, 0, 10, 897.16
1747411230, 116, 3, 35, 0, 0, 0.05%, 0, 0, 10, 886.29
1747411235, 117, 7, 35, 0, 0, 0.05%, 0, 0, 10, 894.59
1747411240, 117, 28, 35, 0, 0, 0.05%, 0, 0, 10, 867.96
1747411246, 119, 8, 35, 0, 0, 0.05%, 0, 0, 10, 900.05
1747411251, 120, 8, 35, 0, 0, 0.05%, 0, 0, 10, 901.68
1747411256, 121, 2, 35, 0, 0, 0.05%, 0, 0, 10, 880.14
1747411261, 121, 33, 36, 1, 0, 0.05%, 0, 0, 11, 741.89
1747411266, 122, 12, 36, 1, 0, 0.05%, 0, 0, 11, 841.60
1747411271, 124, 0, 36, 1, 0, 0.05%, 0, 0, 11, 876.74
1747411276, 125, 3, 36, 1, 0, 0.05%, 0, 0, 11, 883.18
1747411281, 127, 3, 36, 1, 0, 0.05%, 0, 0, 11, 891.38
1747411286, 128, 8, 36, 1, 0, 0.05%, 0, 0, 11, 893.30
1747411291, 129, 23, 36, 1, 0, 0.05%, 0, 0, 11, 868.37
1747411296, 130, 25, 36, 1, 0, 0.05%, 0, 0, 11, 855.79
1747411301, 131, 35, 36, 1, 0, 0.05%, 0, 0, 11, 793.01
1747411352, 132, 8, 36, 0, 0, 0.05%, 0, 0, 11, 808.66
1747411357, 133, 4, 36, 0, 0, 0.05%, 0, 0, 11, 860.68
1747411362, 133, 33, 36, 0, 0, 0.05%, 0, 0, 11, 838.79
1747411367, 135, 0, 36, 0, 0, 0.05%, 0, 0, 11, 868.88
1747411372, 135, 18, 36, 0, 0, 0.05%, 0, 0, 11, 856.67
1747411377, 136, 25, 36, 0, 0, 0.05%, 0, 0, 11, 862.74
1747411382, 137, 8, 36, 0, 0, 0.05%, 0, 0, 11, 861.10
1747411387, 138, 0, 36, 0, 0, 0.05%, 0, 0, 11, 818.59
1747411392, 139, 3, 36, 0, 0, 0.05%, 0, 0, 11, 874.55
1747411397, 140, 21, 36, 0, 0, 0.05%, 0, 0, 11, 860.45
1747411402, 142, 4, 36, 0, 0, 0.05%, 0, 0, 11, 805.96
1747411407, 143, 0, 36, 0, 0, 0.05%, 0, 0, 11, 775.75
1747411412, 143, 25, 36, 0, 0, 0.05%, 0, 0, 11, 769.52
1747411417, 144, 22, 36, 0, 0, 0.05%, 0, 0, 11, 794.25
1747411422, 144, 35, 36, 0, 0, 0.05%, 0, 0, 11, 729.67
1747411427, 145, 8, 36, 0, 0, 0.05%, 0, 0, 11, 801.10
1747411432, 146, 4, 36, 0, 0, 0.05%, 0, 0, 11, 832.82
1747411438, 147, 0, 36, 0, 0, 0.05%, 0, 0, 11, 765.36
1747411443, 148, 2, 36, 0, 0, 0.05%, 0, 0, 11, 812.98
1747411448, 149, 0, 36, 0, 0, 0.05%, 0, 0, 11, 781.29
1747411453, 149, 24, 36, 0, 0, 0.05%, 0, 0, 11, 811.94
1747411458, 150, 10, 36, 0, 0, 0.05%, 0, 0, 11, 839.90
1747411463, 151, 11, 36, 0, 0, 0.05%, 0, 0, 11, 852.08
1747411468, 152, 15, 36, 0, 0, 0.05%, 0, 0, 11, 851.35
1747411473, 153, 7, 36, 0, 0, 0.05%, 0, 0, 11, 853.66
1747411478, 153, 28, 36, 0, 0, 0.05%, 0, 0, 11, 810.78
1747411483, 154, 2, 36, 0, 0, 0.05%, 0, 0, 11, 833.21
1747411488, 155, 18, 36, 0, 0, 0.05%, 0, 0, 11, 893.09
1747411493, 156, 8, 36, 0, 0, 0.05%, 0, 0, 11, 902.88
1747411498, 156, 33, 36, 0, 0, 0.05%, 0, 0, 11, 866.50
1747411503, 157, 17, 36, 0, 0, 0.05%, 0, 0, 11, 880.31
1747411508, 159, 2, 36, 0, 0, 0.05%, 0, 0, 11, 896.75
1747411513, 160, 8, 36, 0, 0, 0.05%, 0, 0, 11, 886.82
1747411518, 160, 35, 36, 0, 0, 0.05%, 0, 0, 11, 744.02
1747411523, 162, 8, 36, 0, 0, 0.05%, 0, 0, 11, 870.33
1747411528, 163, 3, 36, 0, 0, 0.05%, 0, 0, 11, 871.16
1747411534, 164, 6, 36, 0, 0, 0.05%, 0, 0, 11, 897.35
1747411539, 165, 23, 36, 0, 0, 0.05%, 0, 0, 11, 869.04
1747411544, 166, 8, 36, 0, 0, 0.05%, 0, 0, 11, 874.67
1747411549, 167, 8, 36, 0, 0, 0.05%, 0, 0, 11, 879.21
1747411554, 168, 8, 36, 0, 0, 0.05%, 0, 0, 11, 888.50
1747411559, 170, 0, 36, 0, 0, 0.05%, 0, 0, 11, 857.21
1747411564, 171, 0, 36, 0, 0, 0.05%, 0, 0, 11, 877.13
1747411569, 171, 33, 36, 0, 0, 0.05%, 0, 0, 11, 803.23
1747411574, 173, 4, 36, 0, 0, 0.05%, 0, 0, 11, 885.01
1747411579, 173, 31, 36, 0, 0, 0.05%, 0, 0, 11, 858.98
1747411584, 175, 0, 36, 0, 0, 0.05%, 0, 0, 11, 869.50
1747411589, 175, 29, 36, 0, 0, 0.05%, 0, 0, 11, 876.38
1747411595, 176, 24, 36, 0, 0, 0.05%, 0, 0, 11, 886.90
1747411600, 177, 30, 36, 0, 0, 0.05%, 0, 0, 11, 878.05
1747411605, 178, 19, 36, 0, 0, 0.05%, 0, 0, 11, 875.13
1747411610, 179, 25, 36, 0, 0, 0.05%, 0, 0, 11, 798.09
1747411615, 180, 7, 36, 0, 0, 0.05%, 0, 0, 11, 825.39
1747411620, 180, 30, 36, 0, 0, 0.05%, 0, 0, 11, 816.18
1747411625, 181, 9, 36, 0, 0, 0.05%, 0, 0, 11, 877.72
1747411630, 183, 3, 36, 0, 0, 0.05%, 0, 0, 11, 892.66
1747411635, 184, 16, 36, 0, 0, 0.05%, 0, 0, 11, 900.97
1747411640, 186, 8, 36, 0, 0, 0.05%, 0, 0, 11, 914.59
1747411645, 187, 8, 36, 0, 0, 0.05%, 0, 0, 11, 902.96
1747411651, 189, 0, 36, 0, 0, 0.05%, 0, 0, 11, 893.88
1747411656, 190, 3, 36, 0, 0, 0.05%, 0, 0, 11, 895.19
1747411661, 191, 34, 36, 0, 0, 0.05%, 0, 0, 11, 872.20
1747411666, 192, 28, 36, 0, 0, 0.05%, 0, 0, 11, 877.93
1747411671, 193, 8, 36, 0, 0, 0.05%, 0, 0, 11, 881.38
1747411676, 193, 30, 36, 0, 0, 0.05%, 0, 0, 11, 854.75
1747411681, 194, 8, 36, 0, 0, 0.05%, 0, 0, 11, 882.48
1747411686, 195, 31, 36, 0, 0, 0.05%, 0, 0, 11, 844.30
1747411691, 196, 27, 36, 0, 0, 0.05%, 0, 0, 11, 886.07
1747411696, 198, 4, 36, 0, 0, 0.05%, 0, 0, 11, 907.16
1747411701, 199, 2, 36, 0, 0, 0.05%, 0, 0, 11, 864.92
1747411706, 200, 8, 36, 0, 0, 0.05%, 0, 0, 11, 899.85
1747411711, 200, 24, 36, 0, 0, 0.05%, 0, 0, 11, 881.00
1747411716, 202, 0, 36, 0, 0, 0.05%, 0, 0, 11, 867.75
1747411722, 203, 3, 36, 0, 0, 0.05%, 0, 0, 11, 877.30
1747411727, 204, 10, 36, 0, 0, 0.05%, 0, 0, 11, 904.86
1747411732, 205, 4, 36, 0, 0, 0.05%, 0, 0, 11, 892.65
1747411737, 205, 30, 36, 0, 0, 0.05%, 0, 0, 11, 879.91
1747411742, 206, 8, 36, 0, 0, 0.05%, 0, 0, 11, 894.14
1747411747, 207, 4, 36, 0, 0, 0.05%, 0, 0, 11, 893.36
1747411752, 208, 3, 36, 0, 0, 0.05%, 0, 0, 11, 890.68
1747411757, 208, 29, 36, 0, 0, 0.05%, 0, 0, 11, 874.72
1747411763, 209, 26, 36, 0, 0, 0.05%, 0, 0, 11, 843.08
1747411768, 210, 14, 36, 0, 0, 0.05%, 0, 0, 11, 872.19
1747411773, 211, 27, 36, 0, 0, 0.05%, 0, 0, 11, 873.02
1747411778, 212, 3, 36, 0, 0, 0.05%, 0, 0, 11, 844.02
1747411783, 213, 8, 36, 0, 0, 0.05%, 0, 0, 11, 886.77
1747411788, 214, 3, 36, 0, 0, 0.05%, 0, 0, 11, 837.47
1747411793, 214, 31, 36, 0, 0, 0.05%, 0, 0, 11, 839.21
1747411798, 215, 19, 36, 0, 0, 0.05%, 0, 0, 11, 838.55
1747411803, 217, 2, 36, 0, 0, 0.05%, 0, 0, 11, 861.32
1747411808, 219, 0, 36, 0, 0, 0.05%, 0, 0, 11, 901.57
1747411813, 219, 35, 36, 0, 0, 0.05%, 0, 0, 11, 873.82
1747411819, 220, 2, 36, 0, 0, 0.05%, 0, 0, 11, 851.90
1747411824, 220, 23, 36, 0, 0, 0.05%, 0, 0, 11, 852.01
1747411829, 222, 3, 36, 0, 0, 0.05%, 0, 0, 11, 901.54
1747411834, 223, 8, 36, 0, 0, 0.05%, 0, 0, 11, 903.93
1747411839, 224, 3, 36, 0, 0, 0.05%, 0, 0, 11, 891.85
1747411844, 224, 24, 36, 0, 0, 0.05%, 0, 0, 11, 890.76
1747411849, 226, 2, 36, 0, 0, 0.05%, 0, 0, 11, 906.21
1747411854, 226, 33, 36, 0, 0, 0.05%, 0, 0, 11, 870.08
1747411859, 227, 27, 36, 0, 0, 0.05%, 0, 0, 11, 888.22
1747411864, 228, 28, 36, 0, 0, 0.05%, 0, 0, 11, 888.88
1747411869, 229, 4, 36, 0, 0, 0.05%, 0, 0, 11, 885.88
1747411874, 230, 8, 36, 0, 0, 0.05%, 0, 0, 11, 889.84
1747411879, 231, 3, 36, 0, 0, 0.05%, 0, 0, 11, 862.63
1747411885, 231, 18, 36, 0, 0, 0.05%, 0, 0, 11, 864.42
1747411890, 232, 0, 36, 0, 0, 0.05%, 0, 0, 11, 835.24
1747411895, 233, 3, 36, 0, 0, 0.05%, 0, 0, 11, 885.17
1747411900, 234, 8, 36, 0, 0, 0.05%, 0, 0, 11, 901.09
1747411905, 235, 8, 36, 0, 0, 0.05%, 0, 0, 11, 890.89
1747411910, 235, 19, 36, 0, 0, 0.05%, 0, 0, 11, 881.96
1747411915, 236, 2, 36, 0, 0, 0.05%, 0, 0, 11, 858.80
1747411920, 237, 8, 36, 0, 0, 0.05%, 0, 0, 11, 879.04
1747411925, 238, 18, 36, 0, 0, 0.05%, 0, 0, 11, 889.37
1747411931, 239, 8, 36, 0, 0, 0.05%, 0, 0, 11, 902.45
1747411936, 240, 8, 36, 0, 0, 0.05%, 0, 0, 11, 908.11
1747411941, 241, 10, 36, 0, 0, 0.05%, 0, 0, 11, 910.82
1747411946, 242, 0, 36, 0, 0, 0.05%, 0, 0, 11, 870.52
1747411951, 242, 25, 36, 0, 0, 0.05%, 0, 0, 11, 889.01
1747411956, 244, 8, 36, 0, 0, 0.05%, 0, 0, 11, 917.36
1747411961, 246, 2, 36, 0, 0, 0.05%, 0, 0, 11, 913.31
1747411966, 247, 8, 36, 0, 0, 0.05%, 0, 0, 11, 914.73
1747411971, 249, 8, 36, 0, 0, 0.05%, 0, 0, 11, 928.73
1747411976, 250, 8, 36, 0, 0, 0.05%, 0, 0, 11, 910.65
1747411982, 251, 4, 36, 0, 0, 0.05%, 0, 0, 11, 909.90
1747411987, 252, 8, 36, 0, 0, 0.05%, 0, 0, 11, 907.04
1747411992, 254, 8, 36, 0, 0, 0.05%, 0, 0, 11, 920.93
1747411997, 255, 4, 36, 0, 0, 0.05%, 0, 0, 11, 896.54
1747412002, 256, 8, 36, 0, 0, 0.05%, 0, 0, 11, 889.72
1747412007, 257, 29, 36, 0, 0, 0.05%, 0, 0, 11, 872.54
1747412012, 258, 8, 36, 0, 0, 0.05%, 0, 0, 11, 866.89
1747412017, 259, 8, 36, 0, 0, 0.05%, 0, 0, 11, 873.27
1747412022, 261, 2, 36, 0, 0, 0.05%, 0, 0, 11, 883.07
1747412027, 262, 10, 36, 0, 0, 0.05%, 0, 0, 11, 872.18
1747412032, 262, 35, 36, 0, 0, 0.05%, 0, 0, 11, 806.97
1747412037, 264, 0, 36, 0, 0, 0.05%, 0, 0, 11, 839.59
1747412042, 265, 2, 36, 0, 0, 0.05%, 0, 0, 11, 856.40
1747412047, 265, 26, 36, 0, 0, 0.05%, 0, 0, 11, 777.56
1747412052, 266, 8, 36, 0, 0, 0.05%, 0, 0, 11, 831.17
1747412057, 267, 32, 36, 0, 0, 0.05%, 0, 0, 11, 818.81
1747412062, 268, 20, 36, 0, 0, 0.05%, 0, 0, 11, 800.20
1747412067, 269, 26, 36, 0, 0, 0.05%, 0, 0, 11, 783.92
1747412072, 271, 3, 36, 0, 0, 0.05%, 0, 0, 11, 820.04
1747412077, 272, 2, 36, 0, 0, 0.05%, 0, 0, 11, 828.19
1747412083, 273, 8, 36, 0, 0, 0.05%, 0, 0, 11, 842.80
1747412088, 273, 28, 36, 0, 0, 0.05%, 0, 0, 11, 816.98
1747412093, 274, 22, 36, 0, 0, 0.05%, 0, 0, 11, 831.75
1747412098, 275, 8, 36, 0, 0, 0.05%, 0, 0, 11, 836.20
1747412103, 276, 27, 36, 0, 0, 0.05%, 0, 0, 11, 851.54
1747412108, 278, 0, 36, 0, 0, 0.05%, 0, 0, 11, 836.57
1747412113, 279, 4, 36, 0, 0, 0.05%, 0, 0, 11, 844.49
1747412118, 280, 8, 36, 0, 0, 0.05%, 0, 0, 11, 854.73
1747412123, 281, 15, 36, 0, 0, 0.05%, 0, 0, 11, 857.26
1747412128, 282, 14, 36, 0, 0, 0.05%, 0, 0, 11, 846.37
1747412133, 283, 35, 36, 0, 0, 0.05%, 0, 0, 11, 828.89
1747412138, 284, 3, 36, 0, 0, 0.05%, 0, 0, 11, 807.79
1747412143, 284, 18, 36, 0, 0, 0.05%, 0, 0, 11, 794.84
1747412148, 286, 3, 36, 0, 0, 0.05%, 0, 0, 11, 849.36
1747412153, 287, 8, 36, 0, 0, 0.05%, 0, 0, 11, 858.29
1747412158, 289, 0, 36, 0, 0, 0.05%, 0, 0, 11, 847.20
1747412163, 290, 8, 36, 0, 0, 0.05%, 0, 0, 11, 874.21
1747412168, 291, 3, 36, 0, 0, 0.05%, 0, 0, 11, 845.48
1747412173, 292, 28, 36, 0, 0, 0.05%, 0, 0, 11, 866.48
1747412178, 293, 17, 36, 0, 0, 0.05%, 0, 0, 11, 853.01
1747412184, 294, 3, 36, 0, 0, 0.05%, 0, 0, 11, 859.67
1747412189, 294, 29, 36, 0, 0, 0.05%, 0, 0, 11, 850.47
1747412194, 295, 25, 36, 0, 0, 0.05%, 0, 0, 11, 862.22
1747412199, 296, 15, 36, 0, 0, 0.05%, 0, 0, 11, 860.78
1747412204, 297, 14, 36, 0, 0, 0.05%, 0, 0, 11, 865.56
1747412209, 297, 35, 36, 0, 0, 0.05%, 0, 0, 11, 791.70
1747412214, 298, 33, 36, 0, 0, 0.05%, 0, 0, 11, 835.44
1747412219, 300, 4, 36, 0, 0, 0.05%, 0, 0, 11, 873.16
1747412224, 301, 19, 36, 0, 0, 0.05%, 0, 0, 11, 864.78
1747412229, 302, 3, 36, 0, 0, 0.05%, 0, 0, 11, 854.82
1747412234, 303, 2, 36, 0, 0, 0.05%, 0, 0, 11, 855.38
1747412240, 303, 35, 36, 0, 0, 0.05%, 0, 0, 11, 803.60
1747412245, 304, 4, 36, 0, 0, 0.05%, 0, 0, 11, 834.74
1747412250, 305, 2, 36, 0, 0, 0.05%, 0, 0, 11, 860.11
1747412255, 306, 0, 36, 0, 0, 0.05%, 0, 0, 11, 846.83
1747412260, 307, 8, 36, 0, 0, 0.05%, 0, 0, 11, 882.36
1747412265, 308, 1, 36, 0, 0, 0.05%, 0, 0, 11, 865.07
1747412270, 309, 8, 36, 0, 0, 0.05%, 0, 0, 11, 876.59
1747412275, 310, 15, 36, 0, 0, 0.05%, 0, 0, 11, 856.90
1747412280, 311, 31, 36, 0, 0, 0.05%, 0, 0, 11, 860.23
1747412285, 312, 8, 36, 0, 0, 0.05%, 0, 0, 11, 868.74
1747412290, 313, 8, 36, 0, 0, 0.05%, 0, 0, 11, 873.38
1747412295, 314, 8, 36, 0, 0, 0.05%, 0, 0, 11, 863.70
1747412300, 315, 8, 36, 0, 0, 0.05%, 0, 0, 11, 815.40
1747412305, 317, 8, 36, 0, 0, 0.05%, 0, 0, 11, 872.14
1747412310, 318, 8, 36, 0, 0, 0.05%, 0, 0, 11, 870.26
1747412315, 318, 28, 36, 0, 0, 0.05%, 0, 0, 11, 843.49
1747412321, 319, 12, 36, 0, 0, 0.05%, 0, 0, 11, 859.70
1747412326, 320, 27, 36, 0, 0, 0.05%, 0, 0, 11, 874.85
1747412331, 321, 35, 36, 0, 0, 0.05%, 0, 0, 11, 836.70
1747412336, 322, 0, 36, 0, 0, 0.05%, 0, 0, 11, 814.16
1747412341, 323, 3, 36, 0, 0, 0.05%, 0, 0, 11, 860.04
1747412346, 323, 35, 36, 0, 0, 0.05%, 0, 0, 11, 781.22
1747412351, 324, 4, 36, 0, 0, 0.05%, 0, 0, 11, 834.02
1747412356, 325, 4, 36, 0, 0, 0.05%, 0, 0, 11, 845.83
1747412361, 325, 30, 36, 0, 0, 0.05%, 0, 0, 11, 848.19
1747412366, 326, 11, 36, 0, 0, 0.05%, 0, 0, 11, 855.54
1747412371, 328, 0, 36, 0, 0, 0.05%, 0, 0, 11, 870.66
1747412376, 328, 23, 36, 0, 0, 0.05%, 0, 0, 11, 848.64
1747412381, 329, 18, 36, 0, 0, 0.05%, 0, 0, 11, 860.76
1747412386, 330, 8, 36, 0, 0, 0.05%, 0, 0, 11, 862.09
1747412391, 331, 2, 36, 0, 0, 0.05%, 0, 0, 11, 861.92
1747412396, 331, 18, 36, 0, 0, 0.05%, 0, 0, 11, 835.47
1747412402, 332, 0, 36, 0, 0, 0.05%, 0, 0, 11, 796.30
1747412407, 333, 4, 36, 0, 0, 0.05%, 0, 0, 11, 855.58
1747412412, 334, 12, 36, 0, 0, 0.05%, 0, 0, 11, 867.31
1747412417, 335, 16, 36, 0, 0, 0.05%, 0, 0, 11, 868.86
1747412422, 335, 35, 36, 0, 0, 0.05%, 0, 0, 11, 801.46
1747412427, 337, 4, 36, 0, 0, 0.05%, 0, 0, 11, 865.87
1747412432, 338, 3, 36, 0, 0, 0.05%, 0, 0, 11, 861.19
1747412437, 338, 24, 36, 0, 0, 0.05%, 0, 0, 11, 870.06
1747412442, 339, 8, 36, 0, 0, 0.05%, 0, 0, 11, 875.20
1747412447, 340, 18, 36, 0, 0, 0.05%, 0, 0, 11, 859.30
1747412453, 341, 10, 36, 0, 0, 0.05%, 0, 0, 11, 869.72
1747412458, 342, 25, 36, 0, 0, 0.05%, 0, 0, 11, 855.69
1747412463, 342, 34, 36, 0, 0, 0.05%, 0, 0, 11, 812.34
1747412468, 344, 4, 36, 0, 0, 0.05%, 0, 0, 11, 871.99
1747412473, 344, 15, 36, 0, 0, 0.05%, 0, 0, 11, 845.55
1747412478, 345, 15, 36, 0, 0, 0.05%, 0, 0, 11, 859.10
1747412483, 346, 8, 36, 0, 0, 0.05%, 0, 0, 11, 875.93
1747412488, 347, 0, 36, 0, 0, 0.05%, 0, 0, 11, 828.62
1747412493, 347, 22, 36, 0, 0, 0.05%, 0, 0, 11, 822.05
1747412498, 348, 13, 36, 0, 0, 0.05%, 0, 0, 11, 868.23
1747412503, 349, 4, 36, 0, 0, 0.05%, 0, 0, 11, 878.99
1747412508, 351, 2, 36, 0, 0, 0.05%, 0, 0, 11, 869.46
1747412513, 351, 26, 36, 0, 0, 0.05%, 0, 0, 11, 805.48
1747412518, 352, 31, 36, 0, 0, 0.05%, 0, 0, 11, 841.39
1747412523, 353, 24, 36, 0, 0, 0.05%, 0, 0, 11, 860.39
1747412528, 354, 28, 36, 0, 0, 0.05%, 0, 0, 11, 856.01
1747412533, 355, 13, 36, 0, 0, 0.05%, 0, 0, 11, 861.13
1747412538, 356, 29, 36, 0, 0, 0.05%, 0, 0, 11, 857.83
1747412544, 358, 3, 36, 0, 0, 0.05%, 0, 0, 11, 799.59
1747412549, 359, 8, 36, 0, 0, 0.05%, 0, 0, 11, 848.45
1747412554, 360, 15, 36, 0, 0, 0.05%, 0, 0, 11, 846.11
1747412559, 361, 8, 36, 0, 0, 0.05%, 0, 0, 11, 861.87
1747412564, 362, 3, 36, 0, 0, 0.05%, 0, 0, 11, 832.84
1747412569, 363, 4, 36, 0, 0, 0.05%, 0, 0, 11, 860.66
1747412574, 363, 17, 36, 0, 0, 0.05%, 0, 0, 11, 856.02
1747412579, 364, 31, 36, 0, 0, 0.05%, 0, 0, 11, 826.99
1747412584, 365, 8, 36, 0, 0, 0.05%, 0, 0, 11, 837.31
1747412589, 366, 3, 36, 0, 0, 0.05%, 0, 0, 11, 824.75
1747412594, 366, 35, 36, 0, 0, 0.05%, 0, 0, 11, 802.10
1747412600, 367, 2, 36, 0, 0, 0.05%, 0, 0, 11, 770.22
1747412605, 368, 0, 36, 0, 0, 0.05%, 0, 0, 11, 840.98
1747412610, 369, 8, 36, 0, 0, 0.05%, 0, 0, 11, 880.53
1747412615, 371, 2, 36, 0, 0, 0.05%, 0, 0, 11, 885.58
1747412620, 372, 8, 36, 0, 0, 0.05%, 0, 0, 11, 894.49
1747412625, 374, 0, 36, 0, 0, 0.05%, 0, 0, 11, 884.14
1747412630, 374, 25, 36, 0, 0, 0.05%, 0, 0, 11, 865.08
1747412635, 375, 29, 36, 0, 0, 0.05%, 0, 0, 11, 859.75
1747412640, 376, 30, 36, 0, 0, 0.05%, 0, 0, 11, 866.16
1747412646, 377, 26, 36, 0, 0, 0.05%, 0, 0, 11, 772.05
1747412651, 378, 8, 36, 0, 0, 0.05%, 0, 0, 11, 783.06
1747412656, 379, 1, 36, 0, 0, 0.05%, 0, 0, 11, 796.52
1747412661, 380, 8, 36, 0, 0, 0.05%, 0, 0, 11, 822.87
1747412666, 380, 29, 36, 0, 0, 0.05%, 0, 0, 11, 780.33
1747412671, 381, 8, 36, 0, 0, 0.05%, 0, 0, 11, 786.21
1747412676, 382, 13, 36, 0, 0, 0.05%, 0, 0, 11, 777.47
1747412681, 383, 18, 36, 0, 0, 0.05%, 0, 0, 11, 800.58
1747412686, 384, 4, 36, 0, 0, 0.05%, 0, 0, 11, 752.82
1747412691, 385, 8, 36, 0, 0, 0.05%, 0, 0, 11, 783.12
1747412696, 386, 3, 36, 0, 0, 0.05%, 0, 0, 11, 810.43
1747412701, 386, 24, 36, 0, 0, 0.05%, 0, 0, 11, 811.83
1747412706, 387, 8, 36, 0, 0, 0.05%, 0, 0, 11, 819.35
1747412711, 388, 8, 36, 0, 0, 0.05%, 0, 0, 11, 817.55
1747412716, 389, 14, 36, 0, 0, 0.05%, 0, 0, 11, 777.85
1747412721, 391, 2, 36, 0, 0, 0.05%, 0, 0, 11, 790.43
1747412726, 392, 8, 36, 0, 0, 0.05%, 0, 0, 11, 816.56
1747412731, 393, 8, 36, 0, 0, 0.05%, 0, 0, 11, 806.74
1747412736, 394, 8, 36, 0, 0, 0.05%, 0, 0, 11, 813.61
1747412742, 394, 35, 37, 1, 0, 0.05%, 0, 0, 12, 686.70
1747412747, 395, 2, 37, 1, 0, 0.05%, 0, 0, 12, 722.32
1747412752, 396, 0, 37, 1, 0, 0.05%, 0, 0, 12, 799.01
1747412757, 396, 21, 37, 1, 0, 0.05%, 0, 0, 12, 797.93
1747412762, 397, 23, 37, 1, 0, 0.05%, 0, 0, 12, 762.74
1747412767, 398, 0, 37, 1, 0, 0.05%, 0, 0, 12, 723.36
1747412772, 398, 28, 37, 1, 0, 0.05%, 0, 0, 12, 693.64
1747412777, 399, 0, 37, 1, 0, 0.05%, 0, 0, 12, 669.72
1747412782, 400, 3, 37, 1, 0, 0.05%, 0, 0, 12, 784.19
1747412787, 400, 24, 37, 1, 0, 0.05%, 0, 0, 12, 787.63
1747412792, 400, 36, 39, 3, 0, 0.05%, 0, 0, 13, 349.31
1747412935, 400, 37, 39, 2, 0, 0.05%, 0, 0, 13, 488.31
1747413011, 401, 3, 39, 1, 0, 0.05%, 0, 0, 13, 767.98
1747413017, 402, 8, 39, 1, 0, 0.05%, 0, 0, 13, 833.85
1747413022, 402, 22, 39, 1, 0, 0.05%, 0, 0, 13, 773.13
1747413027, 403, 13, 39, 1, 0, 0.05%, 0, 0, 13, 817.58
1747413032, 405, 3, 39, 1, 0, 0.05%, 0, 0, 13, 843.33
1747413037, 405, 27, 39, 1, 0, 0.05%, 0, 0, 13, 832.55
1747413042, 406, 8, 39, 1, 0, 0.05%, 0, 0, 13, 839.12
1747413047, 406, 38, 39, 1, 0, 0.05%, 0, 0, 13, 719.87
1747413155, 407, 2, 39, 0, 0, 0.05%, 0, 0, 13, 736.24
1747413160, 408, 8, 39, 0, 0, 0.05%, 0, 0, 13, 810.86
1747413165, 409, 8, 39, 0, 0, 0.05%, 0, 0, 13, 817.15
1747413170, 409, 29, 39, 0, 0, 0.05%, 0, 0, 13, 771.39
1747413175, 410, 8, 39, 0, 0, 0.05%, 0, 0, 13, 793.87
1747413180, 410, 29, 39, 0, 0, 0.05%, 0, 0, 13, 759.77
1747413185, 412, 2, 39, 0, 0, 0.05%, 0, 0, 13, 806.94
1747413190, 412, 16, 39, 0, 0, 0.05%, 0, 0, 13, 803.83
1747413195, 412, 36, 39, 0, 0, 0.05%, 0, 0, 13, 653.71
1747413200, 413, 6, 39, 0, 0, 0.05%, 0, 0, 13, 782.65
1747413205, 414, 2, 39, 0, 0, 0.05%, 0, 0, 13, 780.15
1747413211, 414, 28, 39, 0, 0, 0.05%, 0, 0, 13, 780.75
1747413216, 415, 8, 39, 0, 0, 0.05%, 0, 0, 13, 772.30
1747413221, 415, 35, 39, 0, 0, 0.05%, 0, 0, 13, 691.91
1747413226, 416, 3, 39, 0, 0, 0.05%, 0, 0, 13, 755.20
1747413231, 416, 26, 39, 0, 0, 0.05%, 0, 0, 13, 737.28
1747413236, 418, 0, 39, 0, 0, 0.05%, 0, 0, 13, 779.46
1747413241, 418, 29, 39, 0, 0, 0.05%, 0, 0, 13, 762.49
1747413246, 419, 8, 39, 0, 0, 0.05%, 0, 0, 13, 768.51
1747413251, 420, 4, 39, 0, 0, 0.05%, 0, 0, 13, 801.93
1747413257, 421, 8, 39, 0, 0, 0.05%, 0, 0, 13, 819.34
1747413262, 423, 0, 39, 0, 0, 0.05%, 0, 0, 13, 820.39
1747413267, 424, 4, 39, 0, 0, 0.05%, 0, 0, 13, 820.54
1747413272, 425, 8, 39, 0, 0, 0.05%, 0, 0, 13, 818.52
1747413277, 425, 25, 39, 0, 0, 0.05%, 0, 0, 13, 784.13
1747413282, 426, 8, 39, 0, 0, 0.05%, 0, 0, 13, 810.52
1747413287, 427, 21, 39, 0, 0, 0.05%, 0, 0, 13, 797.65
1747413292, 428, 13, 39, 0, 0, 0.05%, 0, 0, 13, 805.95
1747413297, 429, 3, 39, 0, 0, 0.05%, 0, 0, 13, 797.73
1747413302, 429, 33, 39, 0, 0, 0.05%, 0, 0, 13, 762.93
1747413307, 430, 10, 39, 0, 0, 0.05%, 0, 0, 13, 794.03
1747413312, 431, 0, 39, 0, 0, 0.05%, 0, 0, 13, 774.10
1747413317, 432, 3, 39, 0, 0, 0.05%, 0, 0, 13, 820.59
1747413322, 433, 8, 39, 0, 0, 0.05%, 0, 0, 13, 834.01
1747413327, 434, 4, 39, 0, 0, 0.05%, 0, 0, 13, 829.45
1747413332, 435, 8, 39, 0, 0, 0.05%, 0, 0, 13, 835.45
1747413337, 436, 9, 39, 0, 0, 0.05%, 0, 0, 13, 784.68
1747413342, 437, 2, 39, 0, 0, 0.05%, 0, 0, 13, 780.24
1747413347, 437, 15, 39, 0, 0, 0.05%, 0, 0, 13, 803.98
1747413352, 438, 3, 39, 0, 0, 0.05%, 0, 0, 13, 799.85
1747413357, 439, 8, 39, 0, 0, 0.05%, 0, 0, 13, 827.39
1747413362, 440, 8, 39, 0, 0, 0.05%, 0, 0, 13, 832.64
1747413368, 441, 30, 39, 0, 0, 0.05%, 0, 0, 13, 812.25
1747413373, 442, 25, 39, 0, 0, 0.05%, 0, 0, 13, 823.48
1747413378, 443, 8, 39, 0, 0, 0.05%, 0, 0, 13, 835.01
1747413383, 444, 0, 39, 0, 0, 0.05%, 0, 0, 13, 798.19
1747413388, 444, 32, 39, 0, 0, 0.05%, 0, 0, 13, 779.24
1747413393, 445, 12, 39, 0, 0, 0.05%, 0, 0, 13, 813.46
1747413398, 446, 6, 39, 0, 0, 0.05%, 0, 0, 13, 796.55
1747413403, 446, 37, 39, 0, 0, 0.05%, 0, 0, 13, 709.74
1747413408, 447, 4, 39, 0, 0, 0.05%, 0, 0, 13, 776.20
1747413413, 447, 30, 39, 0, 0, 0.05%, 0, 0, 13, 745.32
1747413418, 447, 37, 39, 0, 0, 0.05%, 0, 0, 13, 694.94
1747413423, 448, 8, 39, 0, 0, 0.05%, 0, 0, 13, 757.29
1747413428, 449, 4, 39, 0, 0, 0.05%, 0, 0, 13, 788.96
1747413433, 450, 8, 39, 0, 0, 0.05%, 0, 0, 13, 789.44
1747413439, 451, 8, 39, 0, 0, 0.05%, 0, 0, 13, 792.91
1747413444, 452, 14, 39, 0, 0, 0.05%, 0, 0, 13, 792.02
1747413449, 453, 0, 39, 0, 0, 0.05%, 0, 0, 13, 779.48
1747413454, 454, 3, 39, 0, 0, 0.05%, 0, 0, 13, 811.88
1747413459, 455, 2, 39, 0, 0, 0.05%, 0, 0, 13, 790.79
1747413464, 456, 0, 39, 0, 0, 0.05%, 0, 0, 13, 806.91
1747413469, 456, 19, 39, 0, 0, 0.05%, 0, 0, 13, 798.43
1747413474, 457, 8, 39, 0, 0, 0.05%, 0, 0, 13, 805.76
1747413479, 458, 8, 39, 0, 0, 0.05%, 0, 0, 13, 811.63
1747413484, 459, 5, 39, 0, 0, 0.05%, 0, 0, 13, 817.62
1747413489, 460, 24, 39, 0, 0, 0.05%, 0, 0, 13, 824.08
1747413494, 461, 8, 39, 0, 0, 0.05%, 0, 0, 13, 821.01
1747413499, 462, 0, 39, 0, 0, 0.05%, 0, 0, 13, 764.78
1747413505, 462, 35, 39, 0, 0, 0.05%, 0, 0, 13, 794.14
1747413515, 463, 17, 39, 0, 0, 0.05%, 0, 0, 13, 805.77
1747413520, 464, 8, 39, 0, 0, 0.05%, 0, 0, 13, 834.88
1747413525, 465, 8, 39, 0, 0, 0.05%, 0, 0, 13, 870.83
1747413530, 466, 8, 39, 0, 0, 0.05%, 0, 0, 13, 865.59
1747413535, 466, 31, 39, 0, 0, 0.05%, 0, 0, 13, 790.67
1747413540, 467, 6, 39, 0, 0, 0.05%, 0, 0, 13, 815.14
1747413545, 468, 8, 39, 0, 0, 0.05%, 0, 0, 13, 830.22
1747413550, 469, 2, 39, 0, 0, 0.05%, 0, 0, 13, 830.57
1747413556, 470, 2, 39, 0, 0, 0.05%, 0, 0, 13, 831.10
1747413561, 471, 3, 39, 0, 0, 0.05%, 0, 0, 13, 847.76
1747413566, 472, 8, 39, 0, 0, 0.05%, 0, 0, 13, 856.41
1747413571, 473, 4, 39, 0, 0, 0.05%, 0, 0, 13, 842.41
1747413576, 474, 2, 39, 0, 0, 0.05%, 0, 0, 13, 821.07
1747413581, 475, 2, 39, 0, 0, 0.05%, 0, 0, 13, 838.85
1747413586, 476, 8, 39, 0, 0, 0.05%, 0, 0, 13, 866.28
1747413591, 477, 21, 39, 0, 0, 0.05%, 0, 0, 13, 838.55
1747413596, 478, 8, 39, 0, 0, 0.05%, 0, 0, 13, 843.69
1747413601, 479, 8, 39, 0, 0, 0.05%, 0, 0, 13, 863.21
1747413607, 479, 35, 39, 0, 0, 0.05%, 0, 0, 13, 766.12
1747413612, 480, 28, 39, 0, 0, 0.05%, 0, 0, 13, 848.00
1747413617, 481, 2, 39, 0, 0, 0.05%, 0, 0, 13, 836.86
1747413622, 482, 2, 39, 0, 0, 0.05%, 0, 0, 13, 875.21
1747413627, 482, 26, 39, 0, 0, 0.05%, 0, 0, 13, 841.97
