# unix_time, cycles_done, cur_path, paths_total, pending_total, pending_favs, map_size, unique_crashes, unique_hangs, max_depth, execs_per_sec
1746558727, 0, 0, 1, 1, 1, 5.60%, 0, 0, 1, 14.81
1746558732, 0, 0, 12, 12, 1, 5.93%, 0, 0, 2, 17.73
1746558737, 0, 0, 21, 21, 1, 5.93%, 0, 0, 2, 17.06
1746558742, 0, 0, 31, 31, 1, 5.93%, 0, 0, 2, 17.24
1746558747, 0, 0, 41, 41, 1, 5.93%, 0, 0, 2, 17.33
1746558752, 0, 0, 50, 50, 1, 5.93%, 0, 0, 2, 17.08
1746558757, 0, 0, 60, 60, 1, 5.93%, 0, 0, 2, 17.10
1746558762, 0, 0, 69, 69, 1, 5.93%, 0, 0, 2, 17.50
1746558768, 0, 0, 79, 79, 1, 5.95%, 0, 0, 2, 18.28
1746558773, 0, 0, 85, 85, 1, 5.95%, 0, 0, 2, 19.06
1746558778, 0, 0, 91, 91, 1, 5.97%, 0, 0, 2, 16.38
1746558783, 0, 0, 99, 99, 1, 5.97%, 0, 0, 2, 17.01
1746558788, 0, 0, 106, 106, 1, 5.97%, 0, 0, 2, 15.28
1746558793, 0, 0, 112, 112, 1, 5.97%, 0, 0, 2, 15.74
1746558798, 0, 0, 117, 117, 1, 5.97%, 0, 0, 2, 15.31
1746558803, 0, 0, 120, 120, 1, 6.55%, 0, 0, 2, 13.96
1746558809, 0, 0, 122, 122, 1, 6.55%, 0, 0, 2, 13.53
1746558814, 0, 0, 128, 128, 1, 6.55%, 0, 0, 2, 15.62
1746558819, 0, 0, 132, 132, 1, 6.55%, 0, 0, 2, 14.28
1746558824, 0, 0, 137, 137, 1, 6.55%, 0, 0, 2, 17.11
1746558829, 0, 0, 142, 142, 1, 6.55%, 0, 0, 2, 15.94
1746558834, 0, 0, 145, 145, 1, 6.56%, 0, 0, 2, 14.95
1746558839, 0, 0, 149, 149, 1, 6.56%, 0, 0, 2, 11.23
1746558845, 0, 0, 154, 154, 1, 6.56%, 0, 0, 2, 12.52
1746558850, 0, 0, 158, 158, 1, 6.56%, 0, 0, 2, 14.84
1746558855, 0, 0, 163, 163, 1, 6.56%, 0, 0, 2, 14.93
1746558860, 0, 0, 167, 167, 1, 6.56%, 0, 0, 2, 16.15
1746558865, 0, 0, 169, 169, 1, 6.57%, 0, 0, 2, 13.36
1746558870, 0, 0, 170, 170, 1, 6.57%, 0, 0, 2, 14.62
1746558875, 0, 0, 173, 173, 1, 6.57%, 0, 0, 2, 14.77
1746558886, 0, 0, 174, 174, 1, 6.57%, 0, 0, 2, 14.75
1746558891, 0, 0, 175, 175, 1, 6.57%, 0, 0, 2, 14.85
1746558896, 0, 0, 178, 178, 1, 6.57%, 0, 0, 2, 13.52
1746558901, 0, 0, 181, 181, 1, 6.57%, 0, 0, 2, 13.96
1746558906, 0, 0, 183, 183, 1, 6.57%, 0, 0, 2, 13.04
1746558911, 0, 0, 185, 185, 1, 6.57%, 0, 0, 2, 13.30
1746558916, 0, 0, 187, 187, 1, 6.57%, 0, 0, 2, 14.21
1746558922, 0, 0, 188, 188, 1, 6.57%, 0, 0, 2, 13.89
1746558927, 0, 0, 189, 189, 1, 6.57%, 0, 0, 2, 15.34
1746558932, 0, 0, 192, 192, 1, 6.57%, 0, 0, 2, 14.97
1746558937, 0, 0, 194, 194, 1, 6.57%, 0, 0, 2, 12.90
1746558942, 0, 0, 198, 198, 1, 6.57%, 0, 0, 2, 14.40
1746558947, 0, 0, 200, 200, 1, 6.57%, 0, 0, 2, 14.11
1746558952, 0, 0, 203, 203, 1, 6.57%, 0, 0, 2, 13.61
1746558957, 0, 0, 206, 206, 1, 6.57%, 0, 0, 2, 13.73
1746558962, 0, 0, 207, 207, 1, 6.57%, 0, 0, 2, 13.28
1746558968, 0, 0, 209, 209, 1, 6.80%, 0, 0, 2, 13.15
1746558973, 0, 0, 211, 211, 1, 6.80%, 0, 0, 2, 12.24
1746558978, 0, 0, 213, 213, 1, 6.80%, 0, 0, 2, 13.44
1746558983, 0, 0, 215, 215, 1, 6.80%, 0, 0, 2, 13.66
1746558988, 0, 0, 216, 216, 1, 6.80%, 0, 0, 2, 13.40
1746558993, 0, 0, 219, 219, 1, 6.80%, 0, 0, 2, 13.53
1746558998, 0, 0, 222, 222, 1, 6.80%, 0, 0, 2, 12.99
1746559003, 0, 0, 223, 223, 1, 6.80%, 0, 0, 2, 14.22
1746559008, 0, 0, 227, 227, 1, 6.80%, 0, 0, 2, 14.23
1746559018, 0, 0, 229, 229, 1, 6.80%, 0, 0, 2, 14.22
1746559024, 0, 0, 231, 231, 1, 6.80%, 0, 0, 2, 13.72
1746559034, 0, 0, 232, 232, 1, 6.80%, 0, 0, 2, 14.02
1746559039, 0, 0, 234, 234, 1, 6.80%, 0, 0, 2, 13.55
1746559044, 0, 0, 236, 236, 1, 6.80%, 0, 0, 2, 13.12
1746559049, 0, 0, 238, 238, 1, 6.80%, 0, 0, 2, 12.16
1746559054, 0, 0, 240, 240, 1, 6.80%, 0, 0, 2, 12.52
1746559059, 0, 0, 242, 242, 1, 6.80%, 0, 0, 2, 12.53
1746559065, 0, 0, 243, 243, 1, 6.80%, 0, 0, 2, 13.01
1746559070, 0, 0, 246, 246, 1, 6.80%, 0, 0, 2, 13.51
1746559075, 0, 0, 247, 247, 1, 6.80%, 0, 0, 2, 13.31
1746559080, 0, 0, 248, 248, 1, 6.80%, 0, 0, 2, 13.74
1746559085, 0, 0, 250, 250, 1, 6.80%, 0, 0, 2, 12.28
1746559090, 0, 0, 251, 251, 1, 6.80%, 0, 0, 2, 12.94
1746559095, 0, 0, 252, 252, 1, 6.80%, 0, 0, 2, 14.09
1746559101, 0, 0, 255, 255, 1, 6.80%, 0, 0, 2, 13.01
1746559106, 0, 9, 255, 254, 14, 6.80%, 0, 0, 2, 15.05
1746559111, 0, 9, 256, 255, 14, 6.80%, 0, 0, 3, 14.89
1746559121, 0, 9, 259, 258, 14, 6.80%, 0, 0, 3, 14.44
1746559126, 0, 9, 262, 261, 14, 6.80%, 0, 0, 3, 12.76
1746559131, 0, 9, 265, 264, 14, 6.80%, 0, 0, 3, 13.55
1746559136, 0, 9, 267, 266, 14, 6.80%, 0, 0, 3, 14.68
1746559142, 0, 9, 268, 267, 14, 6.80%, 0, 0, 3, 14.65
1746559147, 0, 9, 269, 268, 14, 6.80%, 0, 0, 3, 14.74
1746559152, 0, 9, 271, 270, 14, 6.80%, 0, 0, 3, 13.87
1746559157, 0, 9, 272, 271, 14, 6.80%, 0, 0, 3, 13.34
1746559162, 0, 9, 274, 273, 14, 6.80%, 0, 0, 3, 14.58
1746559167, 0, 9, 276, 275, 14, 6.80%, 0, 0, 3, 13.72
1746559173, 0, 9, 277, 276, 14, 6.80%, 0, 0, 3, 14.52
1746559178, 0, 9, 279, 278, 14, 6.88%, 0, 0, 3, 12.13
1746559183, 0, 9, 281, 280, 14, 6.88%, 0, 0, 3, 14.41
1746559188, 0, 9, 283, 282, 14, 6.88%, 0, 0, 3, 13.07
1746559193, 0, 9, 284, 283, 14, 6.88%, 0, 0, 3, 14.66
1746559214, 0, 9, 287, 286, 14, 6.88%, 0, 0, 3, 12.28
1746559219, 0, 9, 289, 288, 14, 6.88%, 0, 0, 3, 13.05
1746559224, 0, 9, 290, 289, 14, 6.88%, 0, 0, 3, 15.10
1746559229, 0, 9, 292, 291, 14, 6.88%, 0, 0, 3, 14.32
1746559234, 0, 9, 294, 293, 14, 7.11%, 0, 0, 3, 14.18
1746559239, 0, 9, 295, 294, 14, 7.11%, 0, 0, 3, 14.58
1746559244, 0, 9, 296, 295, 14, 7.11%, 0, 0, 3, 14.19
1746559250, 0, 9, 299, 298, 14, 7.11%, 0, 0, 3, 11.35
1746559265, 0, 9, 300, 299, 14, 7.11%, 0, 0, 3, 13.34
1746559270, 0, 9, 301, 300, 14, 7.11%, 0, 0, 3, 12.99
1746559276, 0, 9, 302, 301, 14, 7.12%, 0, 0, 3, 10.96
1746559281, 0, 9, 303, 302, 14, 7.12%, 0, 0, 3, 13.57
1746559286, 0, 9, 304, 303, 14, 7.12%, 0, 0, 3, 9.82
1746559291, 0, 9, 305, 304, 14, 7.12%, 0, 0, 3, 13.13
1746559296, 0, 9, 306, 305, 14, 7.12%, 0, 0, 3, 15.40
1746559317, 0, 9, 309, 308, 14, 7.12%, 0, 0, 3, 12.31
1746559322, 0, 61, 309, 307, 8, 7.12%, 0, 0, 3, 13.83
1746559332, 0, 61, 310, 308, 8, 7.12%, 0, 0, 3, 13.81
1746559347, 0, 152, 310, 307, 8, 7.12%, 0, 0, 3, 12.52
1746559373, 0, 152, 312, 309, 8, 7.12%, 0, 0, 3, 10.60
1746559378, 0, 152, 314, 311, 8, 7.12%, 0, 0, 3, 10.98
1746559383, 0, 152, 317, 314, 8, 7.12%, 0, 0, 3, 11.40
1746559394, 0, 152, 318, 315, 8, 7.12%, 0, 0, 3, 13.28
1746559399, 0, 152, 319, 316, 8, 7.12%, 0, 0, 3, 13.80
1746559409, 0, 152, 320, 317, 8, 7.12%, 0, 0, 3, 13.12
1746559414, 0, 152, 321, 318, 8, 7.12%, 0, 0, 3, 13.38
1746559419, 0, 152, 322, 319, 8, 7.12%, 0, 0, 3, 13.10
1746559435, 0, 152, 324, 321, 8, 7.12%, 0, 0, 3, 10.07
1746559450, 0, 152, 325, 322, 8, 7.12%, 0, 0, 3, 12.78
1746559455, 0, 152, 326, 323, 8, 7.12%, 0, 0, 3, 13.43
1746559466, 0, 152, 327, 324, 8, 7.12%, 0, 0, 3, 13.49
1746559476, 0, 152, 328, 325, 8, 7.12%, 0, 0, 3, 13.19
1746559481, 0, 152, 329, 326, 8, 7.12%, 0, 0, 3, 14.08
1746559491, 0, 152, 331, 328, 8, 7.12%, 0, 0, 3, 12.52
1746559497, 0, 152, 333, 330, 8, 7.12%, 0, 0, 3, 10.64
1746559527, 0, 152, 334, 331, 8, 7.12%, 0, 0, 3, 13.23
1746559543, 0, 152, 335, 332, 8, 7.12%, 0, 0, 3, 12.90
1746559548, 0, 152, 336, 333, 8, 7.12%, 0, 0, 3, 12.83
1746559553, 0, 152, 337, 334, 8, 7.12%, 0, 0, 3, 11.85
1746559563, 0, 152, 338, 335, 8, 7.12%, 0, 0, 3, 13.33
1746559594, 0, 152, 339, 336, 8, 7.12%, 0, 0, 3, 13.88
1746559609, 0, 152, 340, 337, 8, 7.12%, 0, 0, 3, 13.05
1746559614, 0, 152, 341, 338, 8, 7.12%, 0, 0, 3, 13.58
1746559620, 0, 152, 342, 339, 8, 7.12%, 0, 0, 3, 13.51
1746559625, 0, 152, 343, 340, 8, 7.12%, 0, 0, 3, 14.12
1746559630, 0, 152, 344, 341, 8, 7.12%, 0, 0, 3, 13.46
1746559640, 0, 152, 346, 343, 8, 7.12%, 0, 0, 3, 11.45
1746559645, 0, 152, 347, 344, 8, 7.12%, 0, 0, 3, 12.93
1746559656, 0, 152, 348, 345, 8, 7.12%, 0, 0, 3, 13.22
1746559661, 0, 170, 350, 346, 8, 7.12%, 0, 0, 3, 10.20
1746559666, 0, 170, 353, 349, 8, 7.12%, 0, 0, 3, 9.64
1746559671, 0, 170, 357, 353, 8, 7.12%, 0, 0, 3, 8.23
1746559676, 0, 170, 358, 354, 8, 7.12%, 0, 0, 3, 9.16
1746559681, 0, 170, 362, 358, 8, 7.12%, 0, 0, 3, 9.14
1746559687, 0, 170, 364, 360, 8, 7.12%, 0, 0, 3, 9.14
1746559692, 0, 170, 365, 361, 8, 7.12%, 0, 0, 3, 9.56
1746559697, 0, 170, 366, 362, 8, 7.12%, 0, 0, 3, 10.43
1746559707, 0, 170, 369, 365, 8, 7.12%, 0, 0, 3, 9.17
1746559712, 0, 170, 373, 369, 8, 7.12%, 0, 0, 3, 8.62
1746559717, 0, 170, 375, 371, 8, 7.12%, 0, 0, 3, 10.05
1746559722, 0, 170, 376, 372, 8, 7.12%, 0, 0, 3, 10.56
1746559727, 0, 170, 379, 375, 8, 7.12%, 0, 0, 3, 9.42
1746559732, 0, 170, 380, 376, 8, 7.12%, 0, 0, 3, 10.21
1746559742, 0, 170, 381, 377, 8, 7.12%, 0, 0, 3, 11.31
1746559747, 0, 170, 382, 378, 8, 7.12%, 0, 0, 3, 11.09
1746559753, 0, 170, 384, 380, 8, 7.12%, 0, 0, 3, 9.80
1746559758, 0, 170, 388, 384, 8, 7.12%, 0, 0, 3, 8.21
1746559763, 0, 170, 391, 387, 8, 7.12%, 0, 0, 3, 7.64
1746559768, 0, 170, 394, 390, 8, 7.12%, 0, 0, 3, 7.36
1746559825, 0, 170, 396, 392, 8, 7.12%, 0, 0, 3, 9.20
1746559830, 0, 170, 398, 394, 8, 7.12%, 0, 0, 3, 9.06
1746559835, 0, 170, 399, 395, 8, 7.12%, 0, 0, 3, 10.18
1746559850, 0, 170, 402, 398, 8, 7.12%, 0, 0, 3, 9.14
1746559855, 0, 170, 404, 400, 8, 7.12%, 0, 0, 3, 9.53
1746559871, 0, 170, 407, 403, 8, 7.12%, 0, 0, 3, 12.12
1746559876, 0, 170, 409, 405, 8, 7.12%, 0, 0, 3, 12.36
1746559881, 0, 170, 411, 407, 8, 7.12%, 0, 0, 3, 12.00
1746559891, 0, 170, 414, 410, 8, 7.12%, 0, 0, 3, 11.07
1746559897, 0, 170, 415, 411, 8, 7.12%, 0, 0, 3, 10.35
1746559907, 0, 170, 416, 412, 8, 7.12%, 0, 0, 3, 11.93
1746559917, 0, 170, 418, 414, 8, 7.12%, 0, 0, 3, 12.73
1746559922, 0, 170, 420, 416, 8, 7.12%, 0, 0, 3, 12.50
1746559933, 0, 170, 421, 417, 8, 7.12%, 0, 0, 3, 12.75
1746559938, 0, 170, 422, 418, 8, 7.12%, 0, 0, 3, 13.41
1746559943, 0, 170, 424, 420, 8, 7.12%, 0, 0, 3, 11.52
1746559953, 0, 170, 425, 421, 8, 7.12%, 0, 0, 3, 12.73
1746559958, 0, 170, 426, 422, 8, 7.12%, 0, 0, 3, 12.01
1746559963, 0, 170, 427, 423, 8, 7.12%, 0, 0, 3, 11.79
1746559973, 0, 170, 428, 424, 8, 7.12%, 0, 0, 3, 12.52
1746559979, 0, 170, 429, 425, 8, 7.12%, 0, 0, 3, 12.60
1746559989, 0, 170, 430, 426, 8, 7.12%, 0, 0, 3, 12.67
1746559994, 0, 170, 431, 427, 8, 7.12%, 0, 0, 3, 9.98
1746560004, 0, 170, 432, 428, 8, 7.12%, 0, 0, 3, 9.48
1746560009, 0, 170, 433, 429, 8, 7.12%, 0, 0, 3, 11.66
1746560014, 0, 170, 434, 430, 8, 7.12%, 0, 0, 3, 10.46
1746560020, 0, 170, 435, 431, 8, 7.12%, 0, 0, 3, 9.96
1746560025, 0, 170, 436, 432, 8, 7.12%, 0, 0, 3, 11.43
1746560050, 0, 170, 438, 434, 8, 7.12%, 0, 0, 3, 13.29
1746560055, 0, 170, 440, 436, 8, 7.12%, 0, 0, 3, 7.52
1746560066, 0, 170, 443, 439, 8, 7.12%, 0, 0, 3, 9.87
1746560076, 0, 170, 444, 440, 8, 7.12%, 0, 0, 3, 11.89
1746560081, 0, 170, 445, 441, 8, 7.12%, 0, 0, 3, 12.12
1746560086, 0, 170, 446, 442, 8, 7.12%, 0, 0, 3, 12.91
1746560101, 0, 170, 448, 444, 8, 7.12%, 0, 0, 3, 12.54
1746560107, 0, 170, 449, 445, 8, 7.12%, 0, 0, 3, 10.16
1746560117, 0, 170, 451, 447, 8, 7.12%, 0, 0, 3, 11.88
1746560122, 0, 170, 452, 448, 8, 7.12%, 0, 0, 3, 10.74
1746560127, 0, 170, 453, 449, 8, 7.12%, 0, 0, 3, 8.71
1746560132, 0, 170, 454, 450, 8, 7.12%, 0, 0, 3, 10.29
1746560147, 0, 170, 455, 451, 8, 7.12%, 0, 0, 3, 9.55
1746560152, 0, 170, 456, 452, 8, 7.12%, 0, 0, 3, 8.99
1746560163, 0, 170, 459, 455, 8, 7.12%, 0, 0, 3, 13.25
1746560168, 0, 170, 460, 456, 8, 7.12%, 0, 0, 3, 12.00
1746560178, 0, 170, 461, 457, 8, 7.12%, 0, 0, 3, 12.66
1746560189, 0, 170, 462, 458, 8, 7.12%, 0, 0, 3, 12.27
1746560194, 0, 170, 463, 459, 8, 7.12%, 0, 0, 3, 12.36
1746560204, 0, 170, 464, 460, 8, 7.12%, 0, 0, 3, 12.85
1746560215, 0, 170, 466, 462, 8, 7.12%, 0, 0, 3, 9.79
1746560220, 0, 216, 466, 461, 8, 7.12%, 0, 0, 3, 12.04
1746560225, 0, 216, 467, 462, 8, 7.12%, 0, 0, 3, 12.62
1746560240, 0, 216, 469, 464, 8, 7.12%, 0, 0, 3, 12.62
1746560256, 0, 216, 470, 465, 8, 7.12%, 0, 0, 3, 13.26
1746560271, 0, 216, 471, 466, 8, 7.12%, 0, 0, 3, 12.33
1746560282, 0, 242, 472, 466, 8, 7.12%, 0, 0, 3, 11.63
1746560287, 0, 242, 473, 467, 8, 7.12%, 0, 0, 3, 9.48
1746560292, 0, 242, 475, 469, 8, 7.12%, 0, 0, 3, 8.99
1746560328, 0, 247, 476, 469, 8, 7.12%, 0, 0, 3, 11.97
1746560333, 0, 247, 479, 472, 8, 7.12%, 0, 0, 3, 10.57
1746560338, 0, 247, 481, 474, 8, 7.12%, 0, 0, 3, 10.74
1746560343, 0, 247, 482, 475, 8, 7.12%, 0, 0, 3, 11.95
1746560348, 0, 247, 483, 476, 8, 7.12%, 0, 0, 3, 11.71
1746560353, 0, 247, 485, 478, 8, 7.12%, 0, 0, 3, 10.62
1746560369, 0, 247, 487, 480, 8, 7.12%, 0, 0, 3, 10.74
1746560390, 0, 247, 489, 482, 8, 7.12%, 0, 0, 3, 11.24
1746560395, 0, 247, 491, 484, 8, 7.12%, 0, 0, 3, 11.11
1746560410, 0, 247, 492, 485, 8, 7.12%, 0, 0, 3, 12.23
1746560415, 0, 247, 493, 486, 8, 7.12%, 0, 0, 3, 11.80
1746560431, 0, 247, 494, 487, 8, 7.12%, 0, 0, 3, 12.80
1746560436, 0, 247, 495, 488, 8, 7.12%, 0, 0, 3, 11.76
1746560441, 0, 247, 496, 489, 8, 7.12%, 0, 0, 3, 12.54
1746560446, 0, 247, 497, 490, 8, 7.12%, 0, 0, 3, 11.82
1746560456, 0, 247, 498, 491, 8, 7.12%, 0, 0, 3, 11.84
1746560467, 0, 247, 499, 492, 8, 7.12%, 0, 0, 3, 12.82
1746560477, 0, 247, 500, 493, 8, 7.12%, 0, 0, 3, 13.21
1746560482, 0, 247, 501, 494, 8, 7.12%, 0, 0, 3, 13.15
1746560497, 0, 247, 502, 495, 8, 7.12%, 0, 0, 3, 13.02
1746560507, 0, 247, 503, 496, 8, 7.12%, 0, 0, 3, 12.33
1746560513, 0, 247, 504, 497, 8, 7.12%, 0, 0, 3, 12.34
1746560518, 0, 247, 505, 498, 8, 7.12%, 0, 0, 3, 13.20
1746560528, 0, 247, 506, 499, 8, 7.12%, 0, 0, 3, 12.84
1746560610, 0, 247, 507, 500, 8, 7.12%, 0, 0, 3, 12.60
1746560631, 0, 254, 507, 499, 8, 7.12%, 0, 0, 3, 12.41
1746560677, 0, 262, 507, 498, 7, 7.12%, 0, 0, 3, 11.87
1746560687, 0, 262, 508, 499, 7, 7.12%, 0, 0, 4, 7.65
1746560692, 0, 262, 509, 500, 7, 7.12%, 0, 0, 4, 6.98
1746560697, 0, 262, 510, 501, 7, 7.12%, 0, 0, 4, 7.15
1746560707, 0, 262, 511, 502, 7, 7.12%, 0, 0, 4, 7.75
1746560738, 0, 262, 513, 504, 7, 7.12%, 0, 0, 4, 6.34
1746560744, 0, 262, 516, 507, 7, 7.12%, 0, 0, 4, 6.24
1746560749, 0, 262, 518, 509, 7, 7.12%, 0, 0, 4, 6.22
1746560764, 0, 262, 520, 511, 7, 7.12%, 0, 0, 4, 7.16
1746560800, 0, 292, 520, 510, 6, 7.12%, 0, 0, 4, 11.03
1746560805, 0, 292, 521, 511, 6, 7.12%, 0, 0, 4, 6.85
1746560810, 0, 292, 523, 513, 6, 7.12%, 0, 0, 4, 4.71
1746560815, 0, 292, 524, 514, 6, 7.12%, 0, 0, 4, 3.92
1746560820, 0, 292, 526, 516, 6, 7.13%, 0, 0, 4, 3.81
1746560826, 0, 292, 527, 517, 6, 7.13%, 0, 0, 4, 4.95
1746560831, 0, 292, 528, 518, 6, 7.13%, 0, 0, 4, 4.29
1746560836, 0, 292, 529, 519, 6, 7.13%, 0, 0, 4, 4.22
1746560841, 0, 292, 530, 520, 6, 7.13%, 0, 0, 4, 3.49
1746560847, 0, 292, 533, 523, 6, 7.13%, 0, 0, 4, 3.81
1746560852, 0, 292, 534, 524, 6, 7.13%, 0, 0, 4, 3.08
1746560857, 0, 292, 535, 525, 6, 7.13%, 0, 0, 4, 3.42
1746560862, 0, 292, 537, 527, 6, 7.13%, 0, 0, 4, 3.67
1746560867, 0, 292, 538, 528, 6, 7.13%, 0, 0, 4, 3.23
1746560872, 0, 292, 539, 529, 6, 7.13%, 0, 0, 4, 2.98
1746560878, 0, 292, 541, 531, 6, 7.13%, 0, 0, 4, 3.12
1746560883, 0, 292, 542, 532, 6, 7.13%, 0, 0, 4, 3.27
1746560888, 0, 292, 543, 533, 6, 7.13%, 0, 0, 4, 3.23
1746560893, 0, 292, 545, 535, 6, 7.13%, 0, 0, 4, 3.07
1746560904, 0, 292, 547, 537, 6, 7.16%, 0, 0, 4, 2.55
1746560909, 0, 292, 548, 538, 6, 7.16%, 0, 0, 4, 2.48
1746560914, 0, 292, 549, 539, 6, 7.16%, 0, 0, 4, 2.46
1746560919, 0, 292, 550, 540, 6, 7.16%, 0, 0, 4, 2.41
1746560925, 0, 292, 551, 541, 6, 7.16%, 0, 0, 4, 2.47
1746560930, 0, 292, 552, 542, 6, 7.16%, 0, 0, 4, 2.55
1746560940, 0, 292, 553, 543, 6, 7.16%, 0, 0, 4, 4.28
1746560945, 0, 292, 554, 544, 6, 7.16%, 0, 0, 4, 4.54
1746560950, 0, 292, 555, 545, 6, 7.16%, 0, 0, 4, 3.56
1746560961, 0, 292, 557, 547, 6, 7.16%, 0, 0, 4, 3.44
1746560966, 0, 292, 558, 548, 6, 7.16%, 0, 0, 4, 2.94
1746560971, 0, 292, 559, 549, 6, 7.16%, 0, 0, 4, 2.83
1746560976, 0, 292, 561, 551, 6, 7.16%, 0, 0, 4, 3.01
1746560981, 0, 292, 562, 552, 6, 7.16%, 0, 0, 4, 3.58
1746560986, 0, 292, 563, 553, 6, 7.16%, 0, 0, 4, 3.66
1746560997, 0, 292, 564, 554, 6, 7.23%, 0, 0, 4, 3.01
1746561002, 0, 292, 565, 555, 6, 7.24%, 0, 0, 4, 2.84
1746561007, 0, 292, 566, 556, 6, 7.24%, 0, 0, 4, 2.54
1746561013, 0, 292, 567, 557, 6, 7.24%, 0, 0, 4, 2.50
1746561023, 0, 292, 568, 558, 6, 7.24%, 0, 0, 4, 2.50
1746561028, 0, 292, 569, 559, 6, 7.24%, 0, 0, 4, 2.60
1746561039, 0, 292, 570, 560, 6, 7.24%, 0, 0, 4, 5.40
1746561044, 0, 292, 572, 562, 6, 7.28%, 0, 0, 4, 4.23
1746561049, 0, 292, 573, 563, 6, 7.28%, 0, 0, 4, 3.36
1746561054, 0, 292, 574, 564, 6, 7.28%, 0, 0, 4, 2.79
1746561059, 0, 292, 576, 566, 6, 7.28%, 0, 0, 4, 3.03
1746561065, 0, 292, 577, 567, 6, 7.28%, 0, 0, 4, 3.28
1746561070, 0, 292, 578, 568, 6, 7.28%, 0, 0, 4, 3.71
1746561075, 0, 292, 579, 569, 6, 7.28%, 0, 0, 4, 3.60
1746561080, 0, 292, 580, 570, 6, 7.28%, 0, 0, 4, 3.33
1746561085, 0, 292, 581, 571, 6, 7.28%, 0, 0, 4, 3.22
1746561096, 0, 292, 582, 572, 6, 7.28%, 0, 0, 4, 2.56
1746561101, 0, 292, 584, 574, 6, 7.28%, 0, 0, 4, 2.54
1746561106, 0, 292, 585, 575, 6, 7.28%, 0, 0, 4, 2.48
1746561111, 0, 292, 586, 576, 6, 7.28%, 0, 0, 4, 2.40
1746561122, 0, 292, 588, 578, 6, 7.28%, 0, 0, 4, 2.55
1746561132, 0, 292, 589, 579, 6, 7.28%, 0, 0, 4, 3.05
1746561137, 0, 292, 590, 580, 6, 7.28%, 0, 0, 4, 2.84
1746561143, 0, 292, 591, 581, 6, 7.28%, 0, 0, 4, 3.38
1746561148, 0, 292, 592, 582, 6, 7.28%, 0, 0, 4, 3.08
1746561153, 0, 292, 593, 583, 6, 7.28%, 0, 0, 4, 2.57
1746561164, 0, 292, 594, 584, 6, 7.28%, 0, 0, 4, 5.66
1746561169, 0, 292, 595, 585, 6, 7.28%, 0, 0, 4, 3.90
1746561174, 0, 292, 597, 587, 6, 7.28%, 0, 0, 4, 3.59
1746561189, 0, 292, 598, 588, 6, 7.28%, 0, 0, 4, 6.97
1746561194, 0, 292, 599, 589, 6, 7.28%, 0, 0, 4, 7.31
1746561200, 0, 292, 600, 590, 6, 7.28%, 0, 0, 4, 7.43
1746561215, 0, 292, 602, 592, 6, 7.28%, 0, 0, 4, 5.77
1746561230, 0, 292, 603, 593, 6, 7.28%, 0, 0, 4, 5.36
1746561241, 0, 292, 605, 595, 6, 7.28%, 0, 0, 4, 3.45
1746561246, 0, 292, 607, 597, 6, 7.28%, 0, 0, 4, 3.51
1746561252, 0, 292, 609, 599, 6, 7.28%, 0, 0, 4, 3.74
1746561257, 0, 292, 610, 600, 6, 7.28%, 0, 0, 4, 3.17
1746561262, 0, 292, 611, 601, 6, 7.28%, 0, 0, 4, 4.24
1746561272, 0, 292, 612, 602, 6, 7.28%, 0, 0, 4, 3.68
1746561277, 0, 292, 614, 604, 6, 7.28%, 0, 0, 4, 3.20
1746561293, 0, 292, 615, 605, 6, 7.28%, 0, 0, 4, 3.49
1746561298, 0, 292, 617, 607, 6, 7.28%, 0, 0, 4, 2.97
1746561303, 0, 292, 618, 608, 6, 7.28%, 0, 0, 4, 3.17
1746561308, 0, 292, 619, 609, 6, 7.28%, 0, 0, 4, 2.94
1746561314, 0, 292, 620, 610, 6, 7.28%, 0, 0, 4, 3.63
1746561319, 0, 292, 622, 612, 6, 7.28%, 0, 0, 4, 3.63
1746561324, 0, 292, 624, 614, 6, 7.28%, 0, 0, 4, 3.71
1746561329, 0, 292, 626, 616, 6, 7.28%, 0, 0, 4, 3.82
1746561334, 0, 292, 628, 618, 6, 7.28%, 0, 0, 4, 4.00
1746561340, 0, 292, 629, 619, 6, 7.28%, 0, 0, 4, 3.81
1746561345, 0, 292, 630, 620, 6, 7.28%, 0, 0, 4, 3.19
1746561356, 0, 292, 631, 621, 6, 7.28%, 0, 0, 4, 3.56
1746561361, 0, 292, 633, 623, 6, 7.28%, 0, 0, 4, 3.75
1746561371, 0, 292, 635, 625, 6, 7.28%, 0, 0, 4, 3.73
1746561376, 0, 292, 636, 626, 6, 7.28%, 0, 0, 4, 3.91
1746561391, 0, 292, 637, 627, 6, 7.28%, 0, 0, 4, 3.90
1746561397, 0, 292, 638, 628, 6, 7.28%, 0, 0, 4, 3.84
1746561402, 0, 292, 639, 629, 6, 7.28%, 0, 0, 4, 3.98
1746561417, 0, 292, 640, 630, 6, 7.28%, 0, 0, 4, 3.67
1746561423, 0, 292, 641, 631, 6, 7.28%, 0, 0, 4, 3.78
1746561448, 0, 292, 642, 632, 6, 7.28%, 0, 0, 4, 2.88
1746561454, 0, 292, 643, 633, 6, 7.28%, 0, 0, 4, 2.91
1746561459, 0, 292, 644, 634, 6, 7.28%, 0, 0, 4, 2.99
1746561464, 0, 292, 646, 636, 6, 7.28%, 0, 0, 4, 2.83
1746561469, 0, 292, 647, 637, 6, 7.28%, 0, 0, 4, 3.02
1746561475, 0, 292, 648, 638, 6, 7.28%, 0, 0, 4, 3.17
1746561490, 0, 292, 649, 639, 6, 7.28%, 0, 0, 4, 2.64
1746561516, 0, 292, 650, 640, 6, 7.28%, 0, 0, 4, 2.57
1746561521, 0, 292, 651, 641, 6, 7.28%, 0, 0, 4, 2.52
1746561526, 0, 292, 652, 642, 6, 7.28%, 0, 0, 4, 2.64
1746561531, 0, 292, 654, 644, 6, 7.28%, 0, 0, 4, 2.74
1746561537, 0, 292, 655, 645, 6, 7.28%, 0, 0, 4, 2.77
1746561542, 0, 292, 656, 646, 6, 7.28%, 0, 0, 4, 2.63
1746561567, 0, 292, 657, 647, 6, 7.28%, 0, 0, 4, 2.56
1746561583, 0, 292, 659, 649, 6, 7.28%, 0, 0, 4, 2.53
1746561588, 0, 292, 660, 650, 6, 7.28%, 0, 0, 4, 2.60
1746561599, 0, 292, 661, 651, 6, 7.28%, 0, 0, 4, 2.53
1746561645, 0, 292, 662, 652, 6, 7.28%, 0, 0, 4, 6.06
1746561650, 0, 292, 663, 653, 6, 7.28%, 0, 0, 4, 4.40
1746561666, 0, 292, 664, 654, 6, 7.28%, 0, 0, 4, 3.04
1746561671, 0, 292, 665, 655, 6, 7.28%, 0, 0, 4, 2.69
1746561676, 0, 292, 666, 656, 6, 7.28%, 0, 0, 4, 2.51
1746561682, 0, 292, 667, 657, 6, 7.28%, 0, 0, 4, 2.54
1746561687, 0, 292, 668, 658, 6, 7.28%, 0, 0, 4, 2.73
1746561692, 0, 292, 670, 660, 6, 7.28%, 0, 0, 4, 2.71
1746561702, 0, 292, 672, 662, 6, 7.28%, 0, 0, 4, 5.35
1746561713, 0, 292, 673, 663, 6, 7.28%, 0, 0, 4, 8.34
1746561734, 0, 292, 674, 664, 6, 7.28%, 0, 0, 4, 4.20
1746561749, 0, 292, 675, 665, 6, 7.28%, 0, 0, 4, 3.46
1746561755, 0, 292, 676, 666, 6, 7.28%, 0, 0, 4, 3.29
1746561760, 0, 292, 677, 667, 6, 7.28%, 0, 0, 4, 3.61
1746561765, 0, 292, 678, 668, 6, 7.28%, 0, 0, 4, 3.26
1746561770, 0, 292, 679, 669, 6, 7.28%, 0, 0, 4, 3.17
1746561775, 0, 292, 680, 670, 6, 7.28%, 0, 0, 4, 3.44
1746561812, 0, 292, 681, 671, 6, 7.28%, 0, 0, 4, 3.08
1746561817, 0, 292, 682, 672, 6, 7.28%, 0, 0, 4, 2.83
1746561822, 0, 292, 683, 673, 6, 7.28%, 0, 0, 4, 2.57
1746561827, 0, 292, 684, 674, 6, 7.28%, 0, 0, 4, 2.43
1746561832, 0, 292, 685, 675, 6, 7.28%, 0, 0, 4, 2.57
1746561838, 0, 292, 686, 676, 6, 7.28%, 0, 0, 4, 2.48
1746561858, 0, 292, 687, 677, 6, 7.28%, 0, 0, 4, 2.35
1746561863, 0, 292, 688, 678, 6, 7.28%, 0, 0, 4, 2.54
1746561869, 0, 292, 689, 679, 6, 7.28%, 0, 0, 4, 2.70
1746561874, 0, 292, 690, 680, 6, 7.28%, 0, 0, 4, 2.64
1746561885, 0, 292, 691, 681, 6, 7.28%, 0, 0, 4, 6.99
1746561890, 0, 292, 692, 682, 6, 7.28%, 0, 0, 4, 8.56
1746561941, 0, 292, 693, 683, 6, 7.28%, 0, 0, 4, 3.97
1746561946, 0, 292, 694, 684, 6, 7.28%, 0, 0, 4, 3.46
1746561951, 0, 292, 695, 685, 6, 7.28%, 0, 0, 4, 3.15
1746561956, 0, 292, 696, 686, 6, 7.28%, 0, 0, 4, 3.10
1746561967, 0, 292, 697, 687, 6, 7.28%, 0, 0, 4, 3.38
1746561977, 0, 292, 698, 688, 6, 7.28%, 0, 0, 4, 3.37
1746561982, 0, 292, 700, 690, 6, 7.28%, 0, 0, 4, 3.22
1746562013, 0, 292, 701, 691, 6, 7.28%, 0, 0, 4, 3.77
1746562028, 0, 292, 702, 692, 6, 7.28%, 0, 0, 4, 3.21
1746562054, 0, 292, 703, 693, 6, 7.28%, 0, 0, 4, 3.03
1746562059, 0, 292, 705, 695, 6, 7.28%, 0, 0, 4, 3.12
1746562064, 0, 292, 706, 696, 6, 7.28%, 0, 0, 4, 3.05
1746562074, 0, 292, 707, 697, 6, 7.28%, 0, 0, 4, 3.08
1746562085, 0, 365, 707, 696, 13, 7.28%, 0, 0, 4, 8.76
1746562095, 0, 365, 709, 698, 13, 7.28%, 0, 0, 4, 10.97
1746562208, 0, 385, 709, 697, 13, 7.28%, 0, 0, 4, 11.22
1746562218, 0, 385, 710, 698, 13, 7.28%, 0, 0, 4, 8.44
1746562229, 0, 385, 711, 699, 13, 7.28%, 0, 0, 4, 7.66
1746562281, 0, 385, 712, 700, 13, 7.28%, 0, 0, 4, 8.46
1746562414, 0, 385, 713, 701, 13, 7.28%, 0, 0, 4, 10.54
1746562430, 0, 419, 713, 700, 13, 7.28%, 0, 0, 4, 11.22
1746562435, 0, 419, 714, 701, 13, 7.28%, 0, 0, 4, 7.98
1746562450, 0, 419, 715, 702, 13, 7.28%, 0, 0, 4, 5.21
1746562455, 0, 419, 716, 703, 13, 7.28%, 0, 0, 4, 5.66
1746562460, 0, 419, 717, 704, 13, 7.28%, 0, 0, 4, 6.97
1746562471, 0, 419, 718, 705, 13, 7.28%, 0, 0, 4, 5.76
1746562476, 0, 419, 719, 706, 13, 7.28%, 0, 0, 4, 5.25
1746562497, 0, 419, 721, 708, 13, 7.28%, 0, 0, 4, 4.59
1746562512, 0, 419, 722, 709, 13, 7.28%, 0, 0, 4, 7.86
1746562518, 0, 419, 723, 710, 13, 7.28%, 0, 0, 4, 7.17
1746562528, 0, 419, 724, 711, 13, 7.28%, 0, 0, 4, 9.14
1746562543, 0, 419, 725, 712, 13, 7.28%, 0, 0, 4, 8.78
1746562548, 0, 419, 726, 713, 13, 7.28%, 0, 0, 4, 10.01
1746562574, 0, 419, 727, 714, 13, 7.28%, 0, 0, 4, 5.84
1746562584, 0, 419, 728, 715, 13, 7.28%, 0, 0, 4, 5.33
1746562723, 0, 419, 729, 716, 13, 7.28%, 0, 0, 4, 5.94
1746562764, 0, 419, 731, 718, 13, 7.28%, 0, 0, 4, 4.82
1746562770, 0, 419, 732, 719, 13, 7.28%, 0, 0, 4, 5.23
1746562775, 0, 419, 734, 721, 13, 7.28%, 0, 0, 4, 5.17
1746562780, 0, 419, 735, 722, 13, 7.28%, 0, 0, 4, 4.12
1746562862, 0, 486, 736, 722, 14, 7.28%, 0, 0, 4, 7.69
1746562873, 0, 486, 737, 723, 14, 7.28%, 0, 0, 4, 6.37
1746563033, 0, 505, 737, 722, 13, 7.28%, 0, 0, 4, 10.12
1746563038, 0, 505, 738, 723, 13, 7.28%, 0, 0, 4, 9.09
1746563059, 0, 505, 739, 724, 13, 7.28%, 0, 0, 4, 7.84
1746563069, 0, 505, 740, 725, 13, 7.28%, 0, 0, 4, 8.31
1746563079, 0, 505, 741, 726, 13, 7.28%, 0, 0, 4, 8.21
1746563156, 0, 505, 742, 727, 13, 7.28%, 0, 0, 4, 9.70
1746563207, 0, 508, 742, 726, 12, 7.28%, 0, 0, 4, 11.63
1746563289, 0, 508, 743, 727, 12, 7.28%, 0, 0, 5, 9.41
1746563299, 0, 508, 744, 728, 12, 7.28%, 0, 0, 5, 7.90
1746563330, 0, 579, 745, 728, 11, 7.28%, 0, 0, 5, 8.55
1746563346, 0, 579, 746, 729, 11, 7.28%, 0, 0, 5, 4.38
1746563434, 0, 579, 747, 730, 11, 7.28%, 0, 0, 5, 4.38
1746563454, 0, 579, 748, 731, 11, 7.28%, 0, 0, 5, 3.02
1746563470, 0, 579, 749, 732, 11, 7.28%, 0, 0, 5, 2.70
1746563480, 0, 579, 750, 733, 11, 7.28%, 0, 0, 5, 3.99
1746563542, 0, 579, 751, 734, 11, 7.28%, 0, 0, 5, 4.22
1746563568, 0, 579, 752, 735, 11, 7.28%, 0, 0, 5, 3.42
1746563624, 0, 579, 753, 736, 11, 7.28%, 0, 0, 5, 3.84
1746563676, 0, 579, 754, 737, 11, 7.28%, 0, 0, 5, 3.11
1746563743, 0, 579, 755, 738, 11, 7.28%, 0, 0, 5, 2.52
1746563748, 0, 579, 756, 739, 11, 7.28%, 0, 0, 5, 2.54
1746563835, 0, 579, 757, 740, 11, 7.28%, 0, 0, 5, 2.85
1746563861, 0, 579, 758, 741, 11, 7.28%, 0, 0, 5, 5.49
1746563938, 0, 579, 759, 742, 11, 7.28%, 0, 0, 5, 2.64
1746563943, 0, 579, 760, 743, 11, 7.28%, 0, 0, 5, 2.34
1746563969, 0, 579, 761, 744, 11, 7.28%, 0, 0, 5, 2.69
1746563980, 0, 579, 762, 745, 11, 7.28%, 0, 0, 5, 2.87
1746564031, 0, 579, 763, 746, 11, 7.28%, 0, 0, 5, 4.21
1746564037, 0, 579, 764, 747, 11, 7.28%, 0, 0, 5, 3.60
1746564129, 0, 579, 765, 748, 11, 7.28%, 0, 0, 5, 3.12
1746564134, 0, 579, 767, 750, 11, 7.28%, 0, 0, 5, 3.21
1746564165, 0, 579, 768, 751, 11, 7.28%, 0, 0, 5, 8.53
1746564175, 0, 579, 769, 752, 11, 7.28%, 0, 0, 5, 14.57
1746564180, 0, 579, 770, 753, 11, 7.28%, 0, 0, 5, 10.77
1746564196, 0, 579, 771, 754, 11, 7.30%, 0, 0, 5, 7.08
1746564237, 0, 579, 772, 755, 11, 7.44%, 0, 0, 5, 8.12
1746564300, 0, 579, 773, 756, 11, 7.73%, 0, 0, 5, 8.02
1746564315, 0, 579, 774, 757, 11, 7.73%, 0, 0, 5, 8.29
1746564326, 0, 579, 775, 758, 11, 7.73%, 0, 0, 5, 8.91
1746564352, 0, 579, 776, 759, 11, 7.85%, 0, 0, 5, 1.88
1746564398, 0, 579, 777, 760, 11, 7.85%, 0, 0, 5, 2.01
1746564424, 0, 579, 778, 761, 11, 7.85%, 0, 0, 5, 7.33
1746564470, 0, 579, 779, 762, 11, 7.85%, 0, 0, 5, 7.51
1746564537, 0, 582, 779, 761, 10, 7.85%, 0, 0, 5, 8.27
1746564563, 0, 582, 780, 762, 10, 7.85%, 0, 0, 5, 3.45
1746564625, 0, 582, 781, 763, 10, 7.85%, 0, 0, 5, 2.47
1746564645, 0, 582, 782, 764, 10, 7.85%, 0, 0, 5, 4.90
1746564671, 0, 582, 783, 765, 10, 7.85%, 0, 0, 5, 2.79
1746564697, 0, 582, 784, 766, 10, 7.85%, 0, 0, 5, 4.23
1746564774, 0, 582, 785, 767, 10, 7.85%, 0, 0, 5, 4.32
1746564877, 0, 582, 786, 768, 10, 7.85%, 0, 0, 5, 2.79
1746564982, 0, 582, 787, 769, 10, 7.85%, 0, 0, 5, 2.41
1746565159, 0, 582, 788, 770, 10, 7.85%, 0, 0, 5, 2.53
1746565349, 0, 608, 788, 769, 9, 7.85%, 0, 0, 5, 7.94
1746565390, 0, 608, 789, 770, 9, 7.85%, 0, 0, 5, 2.71
1746565401, 0, 608, 790, 771, 9, 7.85%, 0, 0, 5, 4.17
1746565426, 0, 608, 791, 772, 9, 7.85%, 0, 0, 5, 3.47
1746565826, 0, 608, 792, 773, 9, 7.85%, 0, 0, 5, 2.89
1746565924, 0, 608, 793, 774, 9, 7.85%, 0, 0, 5, 2.59
1746565956, 0, 608, 794, 775, 9, 7.85%, 0, 0, 5, 2.88
1746566100, 0, 608, 795, 776, 9, 7.85%, 0, 0, 5, 3.14
1746566125, 0, 619, 795, 775, 8, 7.85%, 0, 0, 5, 8.93
1746566130, 0, 619, 796, 776, 8, 7.85%, 0, 0, 5, 6.95
1746566141, 0, 619, 797, 777, 8, 7.85%, 0, 0, 5, 4.65
1746566146, 0, 619, 799, 779, 8, 7.85%, 0, 0, 5, 4.56
1746566161, 0, 619, 800, 780, 8, 7.85%, 0, 0, 5, 5.09
1746566187, 0, 619, 801, 781, 8, 7.85%, 0, 0, 5, 5.02
1746566284, 0, 619, 802, 782, 8, 7.85%, 0, 0, 5, 4.61
1746566295, 0, 619, 804, 784, 8, 7.85%, 0, 0, 5, 4.42
1746566341, 0, 619, 805, 785, 8, 7.85%, 0, 0, 5, 5.23
1746566346, 0, 619, 806, 786, 8, 7.85%, 0, 0, 5, 5.43
1746566464, 0, 630, 806, 785, 8, 7.85%, 0, 0, 5, 8.23
1746566485, 0, 630, 807, 786, 8, 7.85%, 0, 0, 5, 3.84
1746566959, 0, 630, 808, 787, 8, 7.85%, 0, 0, 5, 2.98
1746567006, 0, 640, 808, 786, 8, 7.85%, 0, 0, 5, 8.95
1746567057, 0, 640, 809, 787, 8, 7.85%, 0, 0, 5, 3.73
1746567201, 0, 640, 810, 788, 8, 7.85%, 0, 0, 5, 3.77
1746567216, 0, 640, 811, 789, 8, 7.85%, 0, 0, 5, 3.80
1746567406, 0, 640, 812, 790, 8, 7.85%, 0, 0, 5, 5.01
1746567447, 0, 640, 813, 791, 8, 7.85%, 0, 0, 5, 5.42
1746567478, 0, 640, 814, 792, 8, 7.85%, 0, 0, 5, 3.76
1746567494, 0, 640, 815, 793, 8, 7.85%, 0, 0, 5, 4.02
1746567504, 0, 640, 816, 794, 8, 7.85%, 0, 0, 5, 4.16
1746567519, 0, 640, 817, 795, 8, 7.85%, 0, 0, 5, 4.49
1746567535, 0, 640, 818, 796, 8, 7.85%, 0, 0, 5, 8.55
1746567576, 0, 640, 819, 797, 8, 8.06%, 0, 0, 5, 10.86
1746567602, 0, 640, 820, 798, 8, 8.06%, 0, 0, 5, 6.54
1746567746, 0, 640, 821, 799, 8, 8.06%, 0, 0, 5, 9.61
1746567767, 0, 640, 822, 800, 8, 8.06%, 0, 0, 5, 8.40
1746567777, 0, 706, 822, 799, 7, 8.06%, 0, 0, 5, 7.63
1746567808, 0, 706, 823, 800, 7, 8.06%, 0, 0, 5, 3.24
1746567958, 0, 706, 824, 801, 7, 8.06%, 0, 0, 5, 4.56
1746568369, 0, 706, 825, 802, 7, 8.06%, 0, 0, 5, 3.78
1746568399, 0, 706, 826, 803, 7, 8.06%, 0, 0, 5, 3.68
1746568502, 0, 706, 828, 805, 7, 8.06%, 0, 0, 5, 4.05
1746568522, 0, 706, 829, 806, 7, 8.06%, 0, 0, 5, 4.04
1746568537, 0, 706, 830, 807, 7, 8.06%, 0, 0, 5, 3.82
1746568543, 0, 706, 831, 808, 7, 8.06%, 0, 0, 5, 3.66
1746568574, 0, 706, 832, 809, 7, 8.06%, 0, 0, 5, 2.85
1746568579, 0, 706, 833, 810, 7, 8.06%, 0, 0, 5, 4.09
1746568641, 0, 712, 833, 809, 7, 8.06%, 0, 0, 5, 9.98
1746569186, 0, 712, 834, 810, 7, 8.06%, 0, 0, 5, 9.19
1746569248, 0, 712, 835, 811, 7, 8.06%, 0, 0, 5, 3.10
1746569259, 0, 712, 836, 812, 7, 8.06%, 0, 0, 5, 3.05
1746569363, 0, 712, 837, 813, 7, 8.06%, 0, 0, 5, 4.38
1746569430, 0, 733, 837, 812, 6, 8.06%, 0, 0, 5, 9.17
1746569852, 0, 753, 837, 811, 5, 8.06%, 0, 0, 5, 8.38
1746569975, 0, 753, 838, 812, 5, 8.06%, 0, 0, 6, 3.96
1746570576, 0, 753, 839, 813, 5, 8.06%, 0, 0, 6, 3.75
1746570597, 0, 772, 839, 812, 5, 8.06%, 0, 0, 6, 2.23
1746570602, 0, 772, 840, 813, 5, 8.06%, 0, 0, 6, 3.08
1746570607, 0, 772, 841, 814, 5, 8.06%, 0, 0, 6, 3.82
1746570633, 0, 772, 842, 815, 5, 8.06%, 0, 0, 6, 3.19
1746570643, 0, 772, 843, 816, 5, 8.06%, 0, 0, 6, 2.65
1746570648, 0, 772, 844, 817, 5, 8.06%, 0, 0, 6, 2.59
1746570654, 0, 772, 845, 818, 5, 8.06%, 0, 0, 6, 2.56
1746570664, 0, 772, 846, 819, 5, 8.06%, 0, 0, 6, 2.56
1746570705, 0, 772, 847, 820, 5, 8.06%, 0, 0, 6, 3.15
1746570716, 0, 772, 848, 821, 5, 8.06%, 0, 0, 6, 2.60
1746570726, 0, 772, 849, 822, 5, 8.06%, 0, 0, 6, 2.60
1746570768, 0, 772, 850, 823, 5, 8.06%, 0, 0, 6, 3.01
1746570773, 0, 772, 851, 824, 5, 8.06%, 0, 0, 6, 2.62
1746570975, 0, 772, 852, 825, 5, 8.06%, 0, 0, 6, 3.24
1746571006, 0, 772, 853, 826, 5, 8.06%, 0, 0, 6, 2.84
1746571053, 0, 772, 854, 827, 5, 8.06%, 0, 0, 6, 2.63
1746571105, 0, 772, 855, 828, 5, 8.07%, 0, 0, 6, 2.59
1746571115, 0, 772, 856, 829, 5, 8.07%, 0, 0, 6, 2.60
1746571277, 0, 772, 857, 830, 5, 8.07%, 0, 0, 6, 5.01
1746571339, 0, 772, 858, 831, 5, 8.07%, 0, 0, 6, 3.06
1746571411, 0, 772, 860, 833, 5, 8.07%, 0, 0, 6, 2.78
1746571422, 0, 772, 861, 834, 5, 8.07%, 0, 0, 6, 2.79
1746571427, 0, 772, 862, 835, 5, 8.07%, 0, 0, 6, 4.00
1746571560, 0, 772, 863, 836, 5, 8.07%, 0, 0, 6, 3.11
1746571654, 0, 817, 863, 835, 10, 8.07%, 0, 0, 6, 7.16
1746571680, 0, 817, 864, 836, 10, 8.07%, 0, 0, 6, 3.36
1746571691, 0, 817, 865, 837, 10, 8.07%, 0, 0, 6, 2.70
1746571701, 0, 817, 866, 838, 10, 8.07%, 0, 0, 6, 2.39
1746571706, 0, 817, 867, 839, 10, 8.07%, 0, 0, 6, 2.32
1746571712, 0, 817, 868, 840, 10, 8.07%, 0, 0, 6, 2.28
1746571722, 0, 817, 869, 841, 10, 8.07%, 0, 0, 6, 2.41
1746571738, 0, 817, 870, 842, 10, 8.07%, 0, 0, 6, 2.25
1746571759, 0, 817, 871, 843, 10, 8.07%, 0, 0, 6, 2.26
1746571769, 0, 817, 872, 844, 10, 8.07%, 0, 0, 6, 3.74
1746571801, 0, 817, 873, 845, 10, 8.07%, 0, 0, 6, 2.48
1746571806, 0, 817, 874, 846, 10, 8.07%, 0, 0, 6, 2.38
1746571811, 0, 817, 875, 847, 10, 8.07%, 0, 0, 6, 2.32
1746571832, 0, 817, 876, 848, 10, 8.07%, 0, 0, 6, 2.23
1746571863, 0, 817, 877, 849, 10, 8.07%, 0, 0, 6, 4.23
1746571884, 0, 817, 878, 850, 10, 8.07%, 0, 0, 6, 2.81
1746571894, 0, 817, 879, 851, 10, 8.07%, 0, 0, 6, 2.33
1746571910, 0, 817, 880, 852, 10, 8.07%, 0, 0, 6, 2.35
1746571915, 0, 817, 881, 853, 10, 8.07%, 0, 0, 6, 2.24
1746571941, 0, 817, 882, 854, 10, 8.07%, 0, 0, 6, 6.11
1746571952, 0, 817, 883, 855, 10, 8.07%, 0, 0, 6, 3.95
1746571957, 0, 817, 884, 856, 10, 8.07%, 0, 0, 6, 2.96
1746571962, 0, 817, 885, 857, 10, 8.07%, 0, 0, 6, 2.49
1746571968, 0, 817, 886, 858, 10, 8.07%, 0, 0, 6, 2.20
1746572153, 0, 817, 887, 859, 10, 8.07%, 0, 0, 6, 3.04
1746572211, 0, 817, 888, 860, 10, 8.07%, 0, 0, 6, 2.51
1746572242, 0, 817, 889, 861, 10, 8.07%, 0, 0, 6, 2.42
1746572263, 0, 817, 890, 862, 10, 8.07%, 0, 0, 6, 2.30
1746572299, 0, 817, 891, 863, 10, 8.07%, 0, 0, 6, 2.34
1746572315, 0, 817, 892, 864, 10, 8.07%, 0, 0, 6, 2.45
1746572335, 0, 817, 893, 865, 10, 8.07%, 0, 0, 6, 2.36
1746572450, 0, 817, 894, 866, 10, 8.07%, 0, 0, 6, 2.33
1746572580, 0, 817, 895, 867, 10, 8.07%, 0, 0, 6, 2.55
1746572585, 0, 817, 896, 868, 10, 8.07%, 0, 0, 6, 2.52
1746572694, 0, 817, 897, 869, 10, 8.07%, 0, 0, 6, 2.96
1746572709, 0, 817, 898, 870, 10, 8.07%, 0, 0, 6, 2.56
1746572720, 0, 817, 899, 871, 10, 8.07%, 0, 0, 6, 2.31
1746572772, 0, 817, 900, 872, 10, 8.07%, 0, 0, 6, 2.48
1746572798, 0, 817, 901, 873, 10, 8.07%, 0, 0, 6, 2.13
1746572829, 0, 817, 902, 874, 10, 8.07%, 0, 0, 6, 2.36
1746572989, 0, 817, 903, 875, 10, 8.07%, 0, 0, 6, 2.81
1746572994, 0, 817, 904, 876, 10, 8.07%, 0, 0, 6, 2.62
1746573051, 0, 817, 905, 877, 10, 8.08%, 0, 0, 6, 2.53
1746573057, 0, 817, 906, 878, 10, 8.08%, 0, 0, 6, 2.48
1746573067, 0, 817, 907, 879, 10, 8.08%, 0, 0, 6, 2.52
1746573072, 0, 817, 908, 880, 10, 8.08%, 0, 0, 6, 2.34
1746573135, 0, 817, 909, 881, 10, 8.08%, 0, 0, 6, 2.45
1746573145, 0, 817, 910, 882, 10, 8.08%, 0, 0, 6, 2.46
1746573150, 0, 817, 911, 883, 10, 8.08%, 0, 0, 6, 2.51
1746573171, 0, 821, 911, 882, 13, 8.08%, 0, 0, 6, 9.50
1746573527, 0, 821, 912, 883, 13, 8.08%, 0, 0, 6, 3.96
1746573532, 0, 821, 913, 884, 13, 8.08%, 0, 0, 6, 4.07
1746573537, 0, 821, 914, 885, 13, 8.08%, 0, 0, 6, 4.09
1746573609, 0, 821, 915, 886, 13, 8.08%, 0, 0, 6, 4.73
1746573614, 0, 821, 918, 889, 13, 8.08%, 0, 0, 6, 4.82
1746573625, 0, 821, 919, 890, 13, 8.08%, 0, 0, 6, 4.16
1746573655, 0, 823, 919, 889, 13, 8.08%, 0, 0, 6, 9.05
1746574325, 0, 823, 920, 890, 13, 8.08%, 0, 0, 6, 4.20
1746574331, 0, 823, 921, 891, 13, 8.08%, 0, 0, 6, 4.22
1746574377, 0, 838, 922, 891, 14, 8.08%, 0, 0, 7, 7.27
1746575145, 0, 848, 922, 890, 14, 8.08%, 0, 0, 7, 7.41
1746575196, 0, 848, 923, 891, 14, 8.08%, 0, 0, 7, 2.43
1746575227, 0, 848, 924, 892, 14, 8.08%, 0, 0, 7, 3.49
1746575705, 0, 848, 925, 893, 14, 8.08%, 0, 0, 7, 2.43
1746575783, 0, 848, 926, 894, 14, 8.08%, 0, 0, 7, 2.90
1746575965, 0, 848, 927, 895, 14, 8.08%, 0, 0, 7, 2.50
1746575970, 0, 848, 928, 896, 14, 8.08%, 0, 0, 7, 2.52
1746576134, 0, 848, 929, 897, 14, 8.08%, 0, 0, 7, 2.54
1746576233, 0, 849, 929, 896, 13, 8.08%, 0, 0, 7, 7.47
1746576289, 0, 849, 930, 897, 13, 8.08%, 0, 0, 7, 2.10
1746576404, 0, 849, 931, 898, 13, 8.08%, 0, 0, 7, 2.30
1746576420, 0, 849, 932, 899, 13, 8.08%, 0, 0, 7, 1.99
1746576435, 0, 849, 933, 900, 13, 8.08%, 0, 0, 7, 5.30
1746576845, 0, 849, 934, 901, 13, 8.08%, 0, 0, 7, 2.14
1746576950, 0, 849, 935, 902, 13, 8.08%, 0, 0, 7, 2.69
1746576966, 0, 849, 936, 903, 13, 8.08%, 0, 0, 7, 2.23
1746577110, 0, 849, 937, 904, 13, 8.08%, 0, 0, 7, 2.15
1746577121, 0, 849, 938, 905, 13, 8.12%, 0, 0, 7, 2.08
1746577137, 0, 849, 939, 906, 13, 8.12%, 0, 0, 7, 2.15
1746577142, 0, 849, 940, 907, 13, 8.12%, 0, 0, 7, 2.08
1746577417, 0, 853, 940, 906, 14, 8.12%, 0, 0, 7, 7.58
1746577524, 0, 853, 941, 907, 14, 8.12%, 0, 0, 7, 2.24
1746578482, 0, 853, 942, 908, 14, 8.12%, 0, 0, 7, 2.52
1746578514, 0, 854, 942, 907, 13, 8.12%, 0, 0, 7, 7.50
1746578953, 0, 854, 943, 908, 13, 8.12%, 0, 0, 7, 2.46
1746578984, 0, 854, 944, 909, 13, 8.12%, 0, 0, 7, 2.29
1746579072, 0, 854, 945, 910, 13, 8.12%, 0, 0, 7, 2.29
1746579078, 0, 854, 946, 911, 13, 8.12%, 0, 0, 7, 2.29
1746579088, 0, 854, 947, 912, 13, 8.12%, 0, 0, 7, 2.34
1746579295, 0, 854, 948, 913, 13, 8.12%, 0, 0, 7, 2.47
1746579621, 0, 858, 948, 912, 12, 8.12%, 0, 0, 7, 7.06
1746579626, 0, 858, 949, 913, 12, 8.12%, 0, 0, 7, 5.34
1746579652, 0, 858, 950, 914, 12, 8.12%, 0, 0, 7, 3.08
1746579677, 0, 858, 951, 915, 12, 8.12%, 0, 0, 7, 2.56
1746579740, 0, 858, 952, 916, 12, 8.12%, 0, 0, 7, 2.54
1746580153, 0, 858, 954, 918, 12, 8.12%, 0, 0, 7, 2.53
1746580158, 0, 858, 955, 919, 12, 8.12%, 0, 0, 7, 2.57
1746580163, 0, 858, 957, 921, 12, 8.12%, 0, 0, 7, 2.60
1746580174, 0, 858, 958, 922, 12, 8.12%, 0, 0, 7, 2.62
1746580567, 0, 858, 959, 923, 12, 8.12%, 0, 0, 7, 3.40
1746580623, 0, 858, 960, 924, 12, 8.12%, 0, 0, 7, 3.14
1746580732, 0, 858, 961, 925, 12, 8.12%, 0, 0, 7, 7.14
1746580758, 0, 859, 961, 924, 11, 8.12%, 0, 0, 7, 6.41
1746580805, 0, 859, 962, 925, 11, 8.12%, 0, 0, 7, 2.55
1746581827, 0, 888, 962, 924, 10, 8.12%, 0, 0, 7, 6.79
1746582045, 0, 888, 963, 925, 10, 8.12%, 0, 0, 7, 2.01
1746582311, 0, 888, 964, 926, 10, 8.12%, 0, 0, 7, 2.35
1746582939, 0, 888, 965, 927, 10, 8.12%, 0, 0, 7, 2.04
1746582965, 0, 888, 966, 928, 10, 8.12%, 0, 0, 7, 1.95
1746582970, 0, 888, 967, 929, 10, 8.12%, 0, 0, 7, 2.05
1746582975, 0, 888, 968, 930, 10, 8.12%, 0, 0, 7, 2.08
1746583241, 0, 888, 969, 931, 10, 8.12%, 0, 0, 7, 2.06
1746583288, 0, 888, 970, 932, 10, 8.12%, 0, 0, 7, 2.14
1746583362, 0, 893, 970, 931, 9, 8.12%, 0, 0, 7, 6.55
1746583581, 0, 893, 971, 932, 9, 8.12%, 0, 0, 7, 2.09
1746584716, 0, 893, 972, 933, 9, 8.12%, 0, 0, 7, 2.14
1746584727, 0, 893, 973, 934, 9, 8.12%, 0, 0, 7, 2.31
1746584835, 0, 893, 974, 935, 9, 8.12%, 0, 0, 7, 4.33
1746584877, 0, 903, 974, 934, 8, 8.12%, 0, 0, 7, 7.35
1746584939, 0, 903, 975, 935, 8, 8.12%, 0, 0, 7, 2.25
1746585122, 0, 903, 976, 936, 8, 8.12%, 0, 0, 7, 3.83
1746586119, 0, 903, 977, 937, 8, 8.12%, 0, 0, 7, 2.17
1746586440, 0, 904, 977, 936, 7, 8.12%, 0, 0, 7, 6.46
1746586456, 0, 904, 978, 937, 7, 8.12%, 0, 0, 7, 3.86
1746586488, 0, 904, 979, 938, 7, 8.12%, 0, 0, 7, 2.34
1746586560, 0, 904, 980, 939, 7, 8.12%, 0, 0, 7, 2.56
1746586596, 0, 904, 981, 940, 7, 8.12%, 0, 0, 7, 2.35
1746586674, 0, 904, 982, 941, 7, 8.12%, 0, 0, 7, 2.38
1746587005, 0, 904, 983, 942, 7, 8.12%, 0, 0, 7, 2.35
1746587424, 0, 904, 984, 943, 7, 8.12%, 0, 0, 7, 2.44
1746587613, 0, 904, 986, 945, 7, 8.12%, 0, 0, 7, 2.43
1746587624, 0, 904, 987, 946, 7, 8.12%, 0, 0, 7, 2.47
1746587923, 0, 904, 988, 947, 7, 8.12%, 0, 0, 7, 5.64
1746587960, 0, 913, 988, 946, 6, 8.12%, 0, 0, 7, 8.10
1746587975, 0, 913, 989, 947, 6, 8.12%, 0, 0, 7, 4.40
1746587980, 0, 913, 990, 948, 6, 8.12%, 0, 0, 7, 4.06
1746588154, 0, 913, 991, 949, 6, 8.12%, 0, 0, 7, 4.04
1746588159, 0, 913, 992, 950, 6, 8.12%, 0, 0, 7, 4.06
1746588401, 0, 913, 993, 951, 6, 8.12%, 0, 0, 7, 4.07
1746588536, 0, 919, 993, 950, 5, 8.12%, 0, 0, 7, 10.38
1746588777, 0, 919, 994, 951, 5, 8.12%, 0, 0, 7, 4.13
1746589318, 0, 921, 994, 950, 4, 8.12%, 0, 0, 7, 8.70
1746590115, 0, 938, 994, 949, 3, 8.12%, 0, 0, 7, 7.61
1746590177, 0, 938, 995, 950, 3, 8.12%, 0, 0, 8, 2.14
1746590245, 0, 938, 996, 951, 3, 8.12%, 0, 0, 8, 2.11
1746590297, 0, 938, 997, 952, 3, 8.12%, 0, 0, 8, 2.25
1746590313, 0, 938, 998, 953, 3, 8.12%, 0, 0, 8, 2.11
1746590737, 0, 938, 999, 954, 3, 8.12%, 0, 0, 8, 2.15
1746590742, 0, 938, 1000, 955, 3, 8.12%, 0, 0, 8, 2.16
1746590747, 0, 938, 1001, 956, 3, 8.12%, 0, 0, 8, 2.16
1746590752, 0, 938, 1002, 957, 3, 8.12%, 0, 0, 8, 2.16
1746590763, 0, 938, 1003, 958, 3, 8.12%, 0, 0, 8, 2.14
1746591293, 0, 939, 1003, 957, 4, 8.12%, 0, 0, 8, 8.46
1746591493, 0, 939, 1004, 958, 4, 8.12%, 0, 0, 8, 1.84
1746591509, 0, 939, 1005, 959, 4, 8.12%, 0, 0, 8, 4.94
1746591888, 0, 939, 1006, 960, 4, 8.12%, 0, 0, 8, 1.99
1746592455, 0, 939, 1007, 961, 4, 8.12%, 0, 0, 8, 2.09
1746592544, 0, 996, 1007, 960, 3, 8.12%, 0, 0, 8, 7.02
1746593680, 0, 998, 1007, 959, 2, 8.12%, 0, 0, 8, 9.80
1746594847, 1, 27, 1007, 958, 1, 8.12%, 0, 0, 8, 13.73
1746594873, 1, 44, 1007, 957, 1, 8.12%, 0, 0, 8, 13.81
1746594893, 1, 261, 1007, 956, 1, 8.12%, 0, 0, 8, 11.89
1746594955, 1, 474, 1007, 955, 1, 8.12%, 0, 0, 8, 10.61
1746594996, 1, 555, 1007, 954, 1, 8.12%, 0, 0, 8, 8.24
1746595562, 1, 587, 1007, 953, 1, 8.12%, 0, 0, 8, 9.02
1746596147, 1, 587, 1008, 954, 1, 8.12%, 0, 0, 8, 2.69
1746596343, 1, 589, 1008, 953, 0, 8.12%, 0, 0, 8, 6.74
1746597153, 1, 596, 1008, 952, 0, 8.12%, 0, 0, 8, 7.90
1746597663, 1, 603, 1008, 951, 0, 8.12%, 0, 0, 8, 7.43
1746598441, 1, 605, 1008, 950, 0, 8.12%, 0, 0, 8, 7.11
1746598946, 1, 605, 1009, 951, 0, 8.12%, 0, 0, 8, 10.14
1746598977, 1, 609, 1009, 950, 0, 8.12%, 0, 0, 8, 7.06
1746599745, 1, 615, 1009, 949, 0, 8.12%, 0, 0, 8, 8.34
1746600524, 1, 615, 1010, 950, 0, 8.12%, 0, 0, 8, 4.42
1746600540, 1, 615, 1011, 951, 0, 8.12%, 0, 0, 8, 8.83
1746600602, 1, 617, 1011, 950, 0, 8.12%, 0, 0, 8, 6.94
1746601115, 1, 620, 1011, 949, 0, 8.12%, 0, 0, 8, 7.98
1746601661, 1, 623, 1011, 948, 0, 8.12%, 0, 0, 8, 8.68
