# unix_time, cycles_done, cur_path, paths_total, pending_total, pending_favs, map_size, unique_crashes, unique_hangs, max_depth, execs_per_sec
1746712264, 0, 0, 1, 1, 1, 3.78%, 0, 0, 1, 19.90
1746712270, 0, 0, 6, 6, 1, 5.13%, 0, 0, 2, 21.74
1746712275, 0, 0, 16, 16, 1, 5.25%, 0, 0, 2, 21.39
1746712280, 0, 0, 23, 23, 1, 5.27%, 0, 0, 2, 20.90
1746712285, 0, 0, 29, 29, 1, 5.27%, 0, 0, 2, 21.12
1746712290, 0, 0, 36, 36, 1, 5.29%, 0, 0, 2, 20.23
1746712295, 0, 0, 42, 42, 1, 5.30%, 0, 0, 2, 20.25
1746712300, 0, 0, 47, 47, 1, 5.30%, 0, 0, 2, 20.48
1746712305, 0, 0, 54, 54, 1, 5.30%, 0, 0, 2, 19.93
1746712310, 0, 0, 56, 56, 1, 5.30%, 0, 0, 2, 20.75
1746712315, 0, 0, 60, 60, 1, 5.30%, 0, 0, 2, 21.73
1746712321, 0, 0, 65, 65, 1, 5.31%, 0, 0, 2, 20.06
1746712326, 0, 0, 68, 68, 1, 5.31%, 0, 0, 2, 21.43
1746712331, 0, 0, 71, 71, 1, 5.31%, 0, 0, 2, 21.55
1746712336, 0, 0, 76, 76, 1, 5.31%, 0, 0, 2, 21.20
1746712341, 0, 0, 79, 79, 1, 5.31%, 0, 0, 2, 21.19
1746712346, 0, 0, 82, 82, 1, 5.31%, 0, 0, 2, 20.13
1746712351, 0, 0, 85, 85, 1, 5.31%, 0, 0, 2, 20.06
1746712356, 0, 0, 88, 88, 1, 5.32%, 0, 0, 2, 20.06
1746712361, 0, 0, 89, 89, 1, 5.32%, 0, 0, 2, 22.11
1746712366, 0, 0, 93, 93, 1, 5.32%, 0, 0, 2, 19.98
1746712372, 0, 0, 96, 96, 1, 5.32%, 0, 0, 2, 21.23
1746712377, 0, 0, 99, 99, 1, 5.35%, 0, 0, 2, 19.87
1746712382, 0, 0, 102, 102, 1, 5.35%, 0, 0, 2, 20.53
1746712387, 0, 0, 105, 105, 1, 5.35%, 0, 0, 2, 20.26
1746712392, 0, 0, 109, 109, 1, 5.35%, 0, 0, 2, 20.87
1746712397, 0, 0, 113, 113, 1, 5.35%, 0, 0, 2, 20.47
1746712402, 0, 0, 117, 117, 1, 5.35%, 0, 0, 2, 20.47
1746712407, 0, 0, 119, 119, 1, 5.35%, 0, 0, 2, 20.38
1746712412, 0, 0, 121, 121, 1, 5.35%, 0, 0, 2, 21.62
1746712418, 0, 0, 124, 124, 1, 5.35%, 0, 0, 2, 21.12
1746712423, 0, 0, 126, 126, 1, 5.35%, 0, 0, 2, 22.05
1746712428, 0, 0, 129, 129, 1, 5.35%, 0, 0, 2, 19.50
1746712433, 0, 0, 133, 133, 1, 5.35%, 0, 0, 2, 19.99
1746712438, 0, 0, 135, 135, 1, 5.35%, 0, 0, 2, 21.43
1746712448, 0, 0, 136, 136, 1, 5.35%, 0, 0, 2, 22.50
1746712453, 0, 0, 138, 138, 1, 5.35%, 0, 0, 2, 21.30
1746712458, 0, 0, 139, 139, 1, 5.35%, 0, 0, 2, 20.99
1746712463, 0, 0, 141, 141, 1, 5.35%, 0, 0, 2, 18.73
1746712468, 0, 0, 144, 144, 1, 5.35%, 0, 0, 2, 19.46
1746712473, 0, 0, 147, 147, 1, 5.35%, 0, 0, 2, 18.47
1746712478, 0, 0, 150, 150, 1, 5.35%, 0, 0, 2, 17.40
1746712484, 0, 0, 152, 152, 1, 5.35%, 0, 0, 2, 18.50
1746712489, 0, 0, 154, 154, 1, 5.35%, 0, 0, 2, 19.51
1746712494, 0, 0, 155, 155, 1, 5.35%, 0, 0, 2, 20.45
1746712499, 0, 0, 156, 156, 1, 5.35%, 0, 0, 2, 20.06
1746712504, 0, 0, 157, 157, 1, 5.35%, 0, 0, 2, 19.56
1746712509, 0, 0, 158, 158, 1, 5.35%, 0, 0, 2, 20.12
1746712524, 0, 0, 160, 160, 1, 5.35%, 0, 0, 2, 20.03
1746712529, 0, 0, 161, 161, 1, 5.35%, 0, 0, 2, 19.40
1746712534, 0, 0, 163, 163, 1, 5.35%, 0, 0, 2, 19.09
1746712539, 0, 0, 164, 164, 1, 5.35%, 0, 0, 2, 20.22
1746712544, 0, 0, 165, 165, 1, 5.35%, 0, 0, 2, 19.70
1746712549, 0, 0, 168, 168, 1, 5.35%, 0, 0, 2, 18.51
1746712554, 0, 0, 169, 169, 1, 5.35%, 0, 0, 2, 19.66
1746712560, 0, 0, 170, 170, 1, 5.35%, 0, 0, 2, 19.81
1746712565, 0, 0, 171, 171, 1, 5.35%, 0, 0, 2, 19.94
1746712570, 0, 0, 173, 173, 1, 5.35%, 0, 0, 2, 18.68
1746712575, 0, 0, 175, 175, 1, 5.35%, 0, 0, 2, 19.99
1746712580, 0, 0, 176, 176, 1, 5.76%, 0, 0, 2, 18.35
1746712585, 0, 0, 177, 177, 1, 5.76%, 0, 0, 2, 18.59
1746712590, 0, 0, 178, 178, 1, 5.76%, 0, 0, 2, 19.16
1746712596, 0, 0, 179, 179, 1, 5.76%, 0, 0, 2, 18.87
1746712606, 0, 0, 180, 180, 1, 5.76%, 0, 0, 2, 20.34
1746712611, 0, 0, 183, 183, 1, 5.76%, 0, 0, 2, 16.87
1746712616, 0, 0, 184, 184, 1, 5.76%, 0, 0, 2, 19.40
1746712621, 0, 0, 185, 185, 1, 5.76%, 0, 0, 2, 19.96
1746712626, 0, 0, 187, 187, 1, 5.76%, 0, 0, 2, 18.46
1746712636, 0, 0, 188, 188, 1, 5.76%, 0, 0, 2, 19.90
1746712641, 0, 0, 189, 189, 1, 5.76%, 0, 0, 2, 19.61
1746712647, 0, 0, 190, 190, 1, 5.76%, 0, 0, 2, 20.05
1746712652, 0, 0, 193, 193, 1, 5.76%, 0, 0, 2, 18.82
1746712657, 0, 0, 194, 194, 1, 5.76%, 0, 0, 2, 19.52
1746712672, 0, 5, 194, 193, 11, 5.76%, 0, 0, 2, 18.34
1746713050, 0, 5, 195, 194, 11, 5.76%, 0, 0, 3, 15.78
1746713076, 0, 5, 199, 198, 11, 5.76%, 0, 0, 3, 15.48
1746713081, 0, 5, 202, 201, 11, 5.84%, 0, 0, 3, 15.83
1746713086, 0, 5, 205, 204, 11, 5.84%, 0, 0, 3, 15.01
1746713091, 0, 5, 209, 208, 11, 5.84%, 0, 0, 3, 15.06
1746713096, 0, 5, 212, 211, 11, 5.84%, 0, 0, 3, 15.22
1746713101, 0, 5, 215, 214, 11, 5.84%, 0, 0, 3, 14.29
1746713106, 0, 5, 217, 216, 11, 5.84%, 0, 0, 3, 15.50
1746713112, 0, 5, 220, 219, 11, 5.84%, 0, 0, 3, 15.83
1746713122, 0, 5, 224, 223, 11, 5.84%, 0, 0, 3, 14.52
1746713127, 0, 5, 225, 224, 11, 5.84%, 0, 0, 3, 15.63
1746713132, 0, 5, 227, 226, 11, 5.84%, 0, 0, 3, 16.02
1746713137, 0, 5, 229, 228, 11, 5.84%, 0, 0, 3, 15.43
1746713142, 0, 5, 231, 230, 11, 5.84%, 0, 0, 3, 15.22
1746713147, 0, 5, 233, 232, 11, 5.90%, 0, 0, 3, 15.55
1746713152, 0, 5, 237, 236, 11, 5.90%, 0, 0, 3, 15.18
1746713158, 0, 5, 238, 237, 11, 5.91%, 0, 0, 3, 16.42
1746713163, 0, 5, 240, 239, 11, 5.91%, 0, 0, 3, 15.56
1746713168, 0, 5, 241, 240, 11, 5.91%, 0, 0, 3, 16.43
1746713173, 0, 5, 243, 242, 11, 5.91%, 0, 0, 3, 16.51
1746713178, 0, 5, 245, 244, 11, 5.91%, 0, 0, 3, 16.22
1746713188, 0, 5, 246, 245, 11, 5.91%, 0, 0, 3, 16.87
1746713194, 0, 5, 248, 247, 11, 5.91%, 0, 0, 3, 16.48
1746713204, 0, 5, 250, 249, 11, 5.92%, 0, 0, 3, 16.57
1746713209, 0, 5, 251, 250, 11, 5.92%, 0, 0, 3, 16.15
1746713214, 0, 5, 254, 253, 11, 5.92%, 0, 0, 3, 15.08
1746713219, 0, 5, 255, 254, 11, 5.92%, 0, 0, 3, 16.91
1746713224, 0, 5, 257, 256, 11, 5.92%, 0, 0, 3, 16.60
1746713229, 0, 5, 258, 257, 11, 5.92%, 0, 0, 3, 16.62
1746713239, 0, 5, 259, 258, 11, 5.92%, 0, 0, 3, 16.93
1746713244, 0, 5, 261, 260, 11, 5.92%, 0, 0, 3, 16.32
1746713249, 0, 5, 263, 262, 11, 5.92%, 0, 0, 3, 15.92
1746713255, 0, 5, 265, 264, 11, 5.92%, 0, 0, 3, 14.91
1746713260, 0, 5, 266, 265, 11, 5.92%, 0, 0, 3, 16.21
1746713265, 0, 5, 269, 268, 11, 5.92%, 0, 0, 3, 15.54
1746713270, 0, 5, 270, 269, 11, 5.92%, 0, 0, 3, 15.16
1746713275, 0, 5, 273, 272, 11, 5.92%, 0, 0, 3, 14.44
1746713290, 0, 5, 274, 273, 11, 5.92%, 0, 0, 3, 16.88
1746713300, 0, 5, 275, 274, 11, 5.92%, 0, 0, 3, 17.24
1746713306, 0, 5, 276, 275, 11, 5.92%, 0, 0, 3, 16.83
1746713316, 0, 5, 277, 276, 11, 5.92%, 0, 0, 3, 17.18
1746713321, 0, 5, 278, 277, 11, 5.92%, 0, 0, 3, 16.85
1746713331, 0, 5, 279, 278, 11, 5.92%, 0, 0, 3, 16.94
1746713347, 0, 5, 280, 279, 11, 5.92%, 0, 0, 3, 16.07
1746713357, 0, 5, 282, 281, 11, 5.92%, 0, 0, 3, 15.90
1746713367, 0, 5, 283, 282, 11, 6.00%, 0, 0, 3, 17.05
1746713377, 0, 5, 284, 283, 11, 6.00%, 0, 0, 3, 15.12
1746713382, 0, 5, 286, 285, 11, 6.00%, 0, 0, 3, 16.20
1746713387, 0, 5, 287, 286, 11, 6.00%, 0, 0, 3, 15.56
1746713393, 0, 5, 289, 288, 11, 6.00%, 0, 0, 3, 15.89
1746713413, 0, 5, 290, 289, 11, 6.00%, 0, 0, 3, 16.07
1746713423, 0, 5, 291, 290, 11, 6.00%, 0, 0, 3, 16.65
1746713429, 0, 5, 292, 291, 11, 6.00%, 0, 0, 3, 17.32
1746713434, 0, 5, 293, 292, 11, 6.00%, 0, 0, 3, 16.48
1746713439, 0, 5, 294, 293, 11, 6.00%, 0, 0, 3, 16.58
1746713444, 0, 5, 295, 294, 11, 6.00%, 0, 0, 3, 16.87
1746713449, 0, 5, 297, 296, 11, 6.01%, 0, 0, 3, 15.47
1746713464, 0, 5, 298, 297, 11, 6.01%, 0, 0, 3, 17.18
1746713469, 0, 5, 300, 299, 11, 6.01%, 0, 0, 3, 14.86
1746713480, 0, 5, 301, 300, 11, 6.01%, 0, 0, 3, 17.06
1746713500, 0, 5, 302, 301, 11, 6.01%, 0, 0, 3, 16.73
1746713510, 0, 5, 303, 302, 11, 6.01%, 0, 0, 3, 16.85
1746713531, 0, 9, 303, 301, 11, 6.01%, 0, 0, 3, 13.79
1746713551, 0, 9, 304, 302, 11, 6.01%, 0, 0, 3, 12.00
1746713567, 0, 9, 307, 305, 11, 6.02%, 0, 0, 3, 11.86
1746713572, 0, 9, 308, 306, 11, 6.02%, 0, 0, 3, 11.80
1746713577, 0, 9, 309, 307, 11, 6.03%, 0, 0, 3, 11.79
1746713622, 0, 9, 311, 309, 11, 6.03%, 0, 0, 3, 11.83
1746713658, 0, 9, 312, 310, 11, 6.03%, 0, 0, 3, 11.77
1746713663, 0, 9, 314, 312, 11, 6.03%, 0, 0, 3, 11.88
1746713699, 0, 9, 315, 313, 11, 6.03%, 0, 0, 3, 11.95
1746713709, 0, 9, 316, 314, 11, 6.03%, 0, 0, 3, 11.76
1746713714, 0, 9, 317, 315, 11, 6.03%, 0, 0, 3, 11.78
1746713964, 0, 9, 318, 316, 11, 6.03%, 0, 0, 3, 12.06
1746713985, 0, 9, 319, 317, 11, 6.03%, 0, 0, 3, 11.81
1746714604, 0, 9, 321, 319, 11, 6.03%, 0, 0, 3, 11.89
1746714609, 0, 9, 322, 320, 11, 6.03%, 0, 0, 3, 13.09
1746714614, 0, 9, 325, 323, 11, 6.03%, 0, 0, 3, 12.93
1746714619, 0, 9, 326, 324, 11, 6.03%, 0, 0, 3, 12.72
1746714624, 0, 9, 329, 327, 11, 6.03%, 0, 0, 3, 11.67
1746714630, 0, 9, 331, 329, 11, 6.03%, 0, 0, 3, 12.25
1746714635, 0, 9, 334, 332, 11, 6.03%, 0, 0, 3, 12.26
1746714640, 0, 9, 335, 333, 11, 6.03%, 0, 0, 3, 12.69
1746714645, 0, 9, 336, 334, 11, 6.03%, 0, 0, 3, 13.34
1746714650, 0, 9, 338, 336, 11, 6.03%, 0, 0, 3, 12.30
1746714655, 0, 9, 341, 339, 11, 6.03%, 0, 0, 3, 11.36
1746714660, 0, 9, 342, 340, 11, 6.03%, 0, 0, 3, 12.97
1746714665, 0, 9, 346, 344, 11, 6.03%, 0, 0, 3, 11.84
1746714670, 0, 9, 347, 345, 11, 6.03%, 0, 0, 3, 12.77
1746714680, 0, 9, 350, 348, 11, 6.03%, 0, 0, 3, 13.54
1746714686, 0, 9, 352, 350, 11, 6.03%, 0, 0, 3, 12.71
1746714691, 0, 9, 354, 352, 11, 6.03%, 0, 0, 3, 13.02
1746714696, 0, 9, 356, 354, 11, 6.03%, 0, 0, 3, 12.07
1746714706, 0, 9, 357, 355, 11, 6.03%, 0, 0, 3, 13.47
1746714711, 0, 9, 358, 356, 11, 6.03%, 0, 0, 3, 13.14
1746714716, 0, 9, 361, 359, 11, 6.03%, 0, 0, 3, 11.78
1746714726, 0, 9, 362, 360, 11, 6.03%, 0, 0, 3, 12.23
1746714731, 0, 9, 364, 362, 11, 6.03%, 0, 0, 3, 11.64
1746714737, 0, 9, 365, 363, 11, 6.03%, 0, 0, 3, 13.15
1746714742, 0, 9, 366, 364, 11, 6.03%, 0, 0, 3, 12.62
1746714747, 0, 9, 367, 365, 11, 6.03%, 0, 0, 3, 13.08
1746714752, 0, 9, 368, 366, 11, 6.03%, 0, 0, 3, 12.59
1746714757, 0, 9, 369, 367, 11, 6.03%, 0, 0, 3, 12.90
1746714762, 0, 9, 370, 368, 11, 6.03%, 0, 0, 3, 13.18
1746714767, 0, 9, 372, 370, 11, 6.03%, 0, 0, 3, 12.13
1746714783, 0, 9, 373, 371, 11, 6.03%, 0, 0, 3, 12.63
1746714788, 0, 9, 374, 372, 11, 6.03%, 0, 0, 3, 13.11
1746714798, 0, 9, 375, 373, 11, 6.03%, 0, 0, 3, 12.92
1746714808, 0, 9, 376, 374, 11, 6.03%, 0, 0, 3, 13.36
1746714824, 0, 9, 377, 375, 11, 6.03%, 0, 0, 3, 13.76
1746714834, 0, 9, 378, 376, 11, 6.03%, 0, 0, 3, 13.23
1746714839, 0, 9, 380, 378, 11, 6.03%, 0, 0, 3, 12.93
1746714860, 0, 9, 381, 379, 11, 6.03%, 0, 0, 3, 13.10
1746714865, 0, 9, 382, 380, 11, 6.03%, 0, 0, 3, 13.40
1746714886, 0, 9, 383, 381, 11, 6.03%, 0, 0, 3, 12.77
1746714911, 0, 9, 385, 383, 11, 6.03%, 0, 0, 3, 11.23
1746714932, 0, 9, 387, 385, 11, 6.03%, 0, 0, 3, 11.17
1746714952, 0, 9, 389, 387, 11, 6.04%, 0, 0, 3, 12.22
1746714973, 0, 9, 390, 388, 11, 6.04%, 0, 0, 3, 13.24
1746714988, 0, 9, 391, 389, 11, 6.04%, 0, 0, 3, 12.34
1746714993, 0, 9, 392, 390, 11, 6.04%, 0, 0, 3, 12.29
1746715003, 0, 9, 393, 391, 11, 6.04%, 0, 0, 3, 13.46
1746715008, 0, 9, 394, 392, 11, 6.04%, 0, 0, 3, 12.97
1746715034, 0, 9, 395, 393, 11, 6.04%, 0, 0, 3, 12.72
1746715044, 0, 9, 396, 394, 11, 6.04%, 0, 0, 3, 11.72
1746715054, 0, 9, 398, 396, 11, 6.04%, 0, 0, 3, 11.52
1746715070, 0, 9, 399, 397, 11, 6.04%, 0, 0, 3, 13.64
1746715111, 0, 9, 401, 399, 11, 6.04%, 0, 0, 3, 11.95
1746715131, 0, 9, 402, 400, 11, 6.04%, 0, 0, 3, 12.92
1746715136, 0, 9, 403, 401, 11, 6.04%, 0, 0, 3, 12.80
1746715141, 0, 9, 404, 402, 11, 6.04%, 0, 0, 3, 12.96
1746715157, 0, 28, 404, 401, 15, 6.04%, 0, 0, 3, 14.82
1746715491, 0, 28, 405, 402, 15, 6.04%, 0, 0, 3, 16.22
1746715506, 0, 38, 405, 401, 14, 6.04%, 0, 0, 3, 16.90
1746716065, 0, 48, 405, 400, 13, 6.04%, 0, 0, 3, 15.43
1746716677, 0, 48, 406, 401, 13, 6.04%, 0, 0, 3, 15.94
1746716693, 0, 49, 406, 400, 13, 6.04%, 0, 0, 3, 16.60
1746716960, 0, 49, 407, 401, 13, 6.04%, 0, 0, 3, 15.60
1746716976, 0, 92, 407, 400, 12, 6.04%, 0, 0, 3, 17.62
1746717492, 0, 92, 408, 401, 12, 6.04%, 0, 0, 3, 13.76
1746717512, 0, 276, 408, 400, 11, 6.04%, 0, 0, 3, 14.84
1746718683, 0, 276, 410, 402, 11, 6.04%, 0, 0, 4, 13.15
1746718694, 0, 276, 411, 403, 11, 6.04%, 0, 0, 4, 13.54
1746718699, 0, 276, 412, 404, 11, 6.04%, 0, 0, 4, 13.86
1746718704, 0, 276, 413, 405, 11, 6.04%, 0, 0, 4, 13.98
1746718719, 0, 276, 414, 406, 11, 6.04%, 0, 0, 4, 13.56
1746718730, 0, 276, 416, 408, 11, 6.04%, 0, 0, 4, 11.81
1746718771, 0, 276, 418, 410, 11, 6.04%, 0, 0, 4, 13.22
1746718776, 0, 276, 419, 411, 11, 6.04%, 0, 0, 4, 12.99
1746718792, 0, 276, 420, 412, 11, 6.04%, 0, 0, 4, 13.27
1746718802, 0, 276, 421, 413, 11, 6.04%, 0, 0, 4, 13.63
1746718812, 0, 276, 422, 414, 11, 6.04%, 0, 0, 4, 13.92
1746718843, 0, 276, 423, 415, 11, 6.04%, 0, 0, 4, 13.18
1746718853, 0, 276, 426, 418, 11, 6.04%, 0, 0, 4, 12.53
1746718873, 0, 276, 427, 419, 11, 6.04%, 0, 0, 4, 13.60
1746718879, 0, 276, 428, 420, 11, 6.19%, 0, 0, 4, 12.32
1746718884, 0, 276, 430, 422, 11, 6.19%, 0, 0, 4, 11.44
1746718889, 0, 276, 431, 423, 11, 6.19%, 0, 0, 4, 12.31
1746718894, 0, 276, 433, 425, 11, 6.19%, 0, 0, 4, 11.65
1746718920, 0, 276, 435, 427, 11, 6.19%, 0, 0, 4, 12.44
1746718935, 0, 276, 436, 428, 11, 6.19%, 0, 0, 4, 12.56
1746718946, 0, 276, 437, 429, 11, 6.19%, 0, 0, 4, 12.39
1746718956, 0, 276, 439, 431, 11, 6.19%, 0, 0, 4, 12.78
1746718961, 0, 276, 440, 432, 11, 6.19%, 0, 0, 4, 13.56
1746718981, 0, 276, 441, 433, 11, 6.19%, 0, 0, 4, 13.86
1746718986, 0, 276, 442, 434, 11, 6.19%, 0, 0, 4, 13.33
1746719006, 0, 276, 443, 435, 11, 6.19%, 0, 0, 4, 14.16
1746719017, 0, 276, 444, 436, 11, 6.19%, 0, 0, 4, 14.00
1746719032, 0, 276, 446, 438, 11, 6.19%, 0, 0, 4, 13.64
1746719042, 0, 276, 447, 439, 11, 6.19%, 0, 0, 4, 14.17
1746719068, 0, 276, 449, 441, 11, 6.19%, 0, 0, 4, 12.98
1746719093, 0, 276, 450, 442, 11, 6.19%, 0, 0, 4, 13.38
1746719104, 0, 276, 451, 443, 11, 6.19%, 0, 0, 4, 13.65
1746719109, 0, 276, 452, 444, 11, 6.19%, 0, 0, 4, 13.63
1746719114, 0, 276, 453, 445, 11, 6.19%, 0, 0, 4, 12.92
1746719119, 0, 276, 454, 446, 11, 6.19%, 0, 0, 4, 13.70
1746719140, 0, 276, 455, 447, 11, 6.19%, 0, 0, 4, 13.31
1746719170, 0, 276, 456, 448, 11, 6.19%, 0, 0, 4, 13.17
1746719175, 0, 326, 456, 447, 7, 6.19%, 0, 0, 4, 12.67
1746719211, 0, 326, 457, 448, 7, 6.19%, 0, 0, 4, 10.01
1746719253, 0, 326, 459, 450, 7, 6.19%, 0, 0, 4, 9.82
1746719396, 0, 326, 460, 451, 7, 6.19%, 0, 0, 4, 9.92
1746719478, 0, 326, 461, 452, 7, 6.19%, 0, 0, 4, 9.92
1746719879, 0, 326, 461, 452, 7, 6.19%, 0, 1, 4, 1.53
1746719905, 0, 326, 462, 453, 7, 6.19%, 0, 1, 4, 9.89
1746719967, 0, 326, 463, 454, 7, 6.19%, 0, 1, 4, 9.97
1746720737, 0, 326, 464, 455, 7, 6.19%, 0, 1, 4, 9.98
1746720972, 0, 326, 465, 456, 7, 6.19%, 0, 1, 4, 9.82
1746720977, 0, 326, 467, 458, 7, 6.19%, 0, 1, 4, 10.00
1746720982, 0, 326, 472, 463, 7, 6.19%, 0, 1, 4, 10.55
1746720987, 0, 326, 474, 465, 7, 6.19%, 0, 1, 4, 10.28
1746720992, 0, 326, 477, 468, 7, 6.19%, 0, 1, 4, 10.39
1746720998, 0, 326, 479, 470, 7, 6.19%, 0, 1, 4, 10.41
1746721003, 0, 326, 481, 472, 7, 6.19%, 0, 1, 4, 9.71
1746721008, 0, 326, 482, 473, 7, 6.19%, 0, 1, 4, 11.04
1746721013, 0, 326, 485, 476, 7, 6.19%, 0, 1, 4, 11.05
1746721018, 0, 326, 487, 478, 7, 6.19%, 0, 1, 4, 10.19
1746721023, 0, 326, 489, 480, 7, 6.19%, 0, 1, 4, 11.13
1746721028, 0, 326, 491, 482, 7, 6.19%, 0, 1, 4, 11.09
1746721033, 0, 326, 494, 485, 7, 6.19%, 0, 1, 4, 10.50
1746721038, 0, 326, 497, 488, 7, 6.19%, 0, 1, 4, 9.29
1746721043, 0, 326, 498, 489, 7, 6.19%, 0, 1, 4, 10.80
1746721049, 0, 326, 500, 491, 7, 6.19%, 0, 1, 4, 10.31
1746721054, 0, 326, 501, 492, 7, 6.19%, 0, 1, 4, 10.66
1746721059, 0, 326, 503, 494, 7, 6.19%, 0, 1, 4, 10.72
1746721069, 0, 326, 506, 497, 7, 6.19%, 0, 1, 4, 10.29
1746721074, 0, 326, 507, 498, 7, 6.19%, 0, 1, 4, 10.46
1746721090, 0, 326, 508, 499, 7, 6.19%, 0, 1, 4, 11.14
1746721100, 0, 326, 509, 500, 7, 6.19%, 0, 1, 4, 10.92
1746721105, 0, 326, 510, 501, 7, 6.19%, 0, 1, 4, 10.41
1746721111, 0, 326, 511, 502, 7, 6.19%, 0, 1, 4, 10.76
1746721116, 0, 326, 512, 503, 7, 6.19%, 0, 1, 4, 10.49
1746721121, 0, 326, 513, 504, 7, 6.19%, 0, 1, 4, 10.77
1746721131, 0, 326, 515, 506, 7, 6.19%, 0, 1, 4, 10.72
1746721141, 0, 326, 516, 507, 7, 6.19%, 0, 1, 4, 10.78
1746721146, 0, 326, 517, 508, 7, 6.19%, 0, 1, 4, 10.23
1746721156, 0, 326, 518, 509, 7, 6.19%, 0, 1, 4, 9.71
1746721167, 0, 326, 519, 510, 7, 6.19%, 0, 1, 4, 10.19
1746721172, 0, 326, 520, 511, 7, 6.19%, 0, 1, 4, 11.33
1746721182, 0, 326, 521, 512, 7, 6.19%, 0, 1, 4, 10.86
1746721187, 0, 326, 522, 513, 7, 6.19%, 0, 1, 4, 11.36
1746721192, 0, 326, 523, 514, 7, 6.19%, 0, 1, 4, 10.51
1746721197, 0, 326, 524, 515, 7, 6.19%, 0, 1, 4, 11.11
1746721202, 0, 326, 525, 516, 7, 6.19%, 0, 1, 4, 10.35
1746721213, 0, 326, 527, 518, 7, 6.19%, 0, 1, 4, 10.58
1746721218, 0, 326, 528, 519, 7, 6.19%, 0, 1, 4, 11.10
1746721228, 0, 326, 529, 520, 7, 6.19%, 0, 1, 4, 11.02
1746721238, 0, 326, 530, 521, 7, 6.19%, 0, 1, 4, 11.23
1746721244, 0, 326, 531, 522, 7, 6.19%, 0, 1, 4, 10.89
1746721254, 0, 326, 533, 524, 7, 6.19%, 0, 1, 4, 10.31
1746721259, 0, 326, 534, 525, 7, 6.19%, 0, 1, 4, 10.36
1746721264, 0, 326, 535, 526, 7, 6.19%, 0, 1, 4, 10.74
1746721269, 0, 326, 536, 527, 7, 6.19%, 0, 1, 4, 10.23
1746721274, 0, 326, 537, 528, 7, 6.19%, 0, 1, 4, 10.74
1746721279, 0, 326, 538, 529, 7, 6.19%, 0, 1, 4, 10.95
1746721290, 0, 326, 540, 531, 7, 6.19%, 0, 1, 4, 11.32
1746721300, 0, 326, 542, 533, 7, 6.19%, 0, 1, 4, 10.80
1746721310, 0, 326, 543, 534, 7, 6.19%, 0, 1, 4, 10.57
1746721315, 0, 326, 544, 535, 7, 6.19%, 0, 1, 4, 11.29
1746721320, 0, 326, 545, 536, 7, 6.19%, 0, 1, 4, 10.35
1746721341, 0, 326, 547, 538, 7, 6.19%, 0, 1, 4, 10.86
1746721356, 0, 326, 549, 540, 7, 6.19%, 0, 1, 4, 11.24
1746721366, 0, 326, 550, 541, 7, 6.19%, 0, 1, 4, 10.70
1746721376, 0, 326, 551, 542, 7, 6.19%, 0, 1, 4, 10.92
1746721386, 0, 326, 552, 543, 7, 6.19%, 0, 1, 4, 11.35
1746721412, 0, 326, 553, 544, 7, 6.24%, 0, 1, 4, 10.98
1746721438, 0, 326, 554, 545, 7, 6.24%, 0, 1, 4, 10.92
1746721443, 0, 326, 555, 546, 7, 6.24%, 0, 1, 4, 10.64
1746721458, 0, 326, 556, 547, 7, 6.24%, 0, 1, 4, 10.52
1746721463, 0, 326, 557, 548, 7, 6.24%, 0, 1, 4, 10.98
1746721469, 0, 326, 558, 549, 7, 6.24%, 0, 1, 4, 10.60
1746721479, 0, 326, 559, 550, 7, 6.24%, 0, 1, 4, 10.75
1746721510, 0, 326, 560, 551, 7, 6.24%, 0, 1, 4, 11.33
1746721545, 0, 326, 562, 553, 7, 6.24%, 0, 1, 4, 10.66
1746721556, 0, 326, 563, 554, 7, 6.24%, 0, 1, 4, 10.48
1746721571, 0, 326, 564, 555, 7, 6.24%, 0, 1, 4, 10.95
1746721576, 0, 326, 565, 556, 7, 6.24%, 0, 1, 4, 10.96
1746721638, 0, 344, 565, 555, 10, 6.24%, 0, 1, 4, 11.68
1746723072, 0, 364, 565, 554, 10, 6.24%, 0, 1, 4, 12.72
1746724016, 0, 364, 566, 555, 10, 6.24%, 0, 1, 4, 11.58
1746724088, 0, 396, 566, 554, 9, 6.24%, 0, 1, 4, 10.85
1746724139, 0, 396, 567, 555, 9, 6.24%, 0, 1, 4, 9.23
1746724175, 0, 396, 568, 556, 9, 6.24%, 0, 1, 4, 9.32
1746724438, 0, 396, 569, 557, 9, 6.24%, 0, 1, 4, 9.22
1746725473, 0, 396, 570, 558, 9, 6.24%, 0, 1, 4, 9.17
1746726258, 0, 396, 571, 559, 9, 6.24%, 0, 1, 4, 10.44
1746726264, 0, 396, 572, 560, 9, 6.24%, 0, 1, 4, 9.73
1746726274, 0, 396, 573, 561, 9, 6.24%, 0, 1, 4, 9.80
1746726279, 0, 396, 574, 562, 9, 6.24%, 0, 1, 4, 10.52
1746726289, 0, 396, 575, 563, 9, 6.24%, 0, 1, 4, 10.27
1746726294, 0, 396, 576, 564, 9, 6.24%, 0, 1, 4, 10.05
1746726305, 0, 396, 577, 565, 9, 6.24%, 0, 1, 4, 9.73
1746726315, 0, 396, 578, 566, 9, 6.24%, 0, 1, 4, 10.60
1746726325, 0, 396, 579, 567, 9, 6.24%, 0, 1, 4, 9.90
1746726330, 0, 396, 581, 569, 9, 6.24%, 0, 1, 4, 10.10
1746726346, 0, 396, 582, 570, 9, 6.24%, 0, 1, 4, 10.20
1746726351, 0, 396, 583, 571, 9, 6.24%, 0, 1, 4, 10.18
1746726366, 0, 396, 584, 572, 9, 6.24%, 0, 1, 4, 10.02
1746726381, 0, 396, 586, 574, 9, 6.24%, 0, 1, 4, 9.70
1746726386, 0, 396, 587, 575, 9, 6.24%, 0, 1, 4, 9.58
1746726397, 0, 396, 588, 576, 9, 6.24%, 0, 1, 4, 9.80
1746726417, 0, 396, 589, 577, 9, 6.24%, 0, 1, 4, 10.52
1746726422, 0, 396, 590, 578, 9, 6.24%, 0, 1, 4, 9.59
1746726427, 0, 396, 591, 579, 9, 6.24%, 0, 1, 4, 9.45
1746726448, 0, 396, 592, 580, 9, 6.24%, 0, 1, 4, 10.30
1746726463, 0, 396, 593, 581, 9, 6.24%, 0, 1, 4, 9.96
1746726468, 0, 396, 594, 582, 9, 6.24%, 0, 1, 4, 9.77
1746726484, 0, 396, 595, 583, 9, 6.24%, 0, 1, 4, 10.58
1746726489, 0, 396, 596, 584, 9, 6.24%, 0, 1, 4, 10.61
1746726494, 0, 396, 597, 585, 9, 6.24%, 0, 1, 4, 9.42
1746726514, 0, 396, 598, 586, 9, 6.24%, 0, 1, 4, 9.87
1746726535, 0, 396, 599, 587, 9, 6.24%, 0, 1, 4, 9.96
1746726545, 0, 396, 600, 588, 9, 6.24%, 0, 1, 4, 10.15
1746726555, 0, 396, 601, 589, 9, 6.24%, 0, 1, 4, 10.07
1746726601, 0, 396, 602, 590, 9, 6.24%, 0, 1, 4, 10.19
1746726616, 0, 396, 603, 591, 9, 6.24%, 0, 1, 4, 10.16
1746726622, 0, 396, 604, 592, 9, 6.24%, 0, 1, 4, 9.94
1746726627, 0, 396, 605, 593, 9, 6.24%, 0, 1, 4, 9.32
1746726632, 0, 396, 606, 594, 9, 6.24%, 0, 1, 4, 9.96
1746726637, 0, 396, 607, 595, 9, 6.24%, 0, 1, 4, 9.63
1746726642, 0, 396, 608, 596, 9, 6.24%, 0, 1, 4, 9.47
1746726673, 0, 396, 609, 597, 9, 6.24%, 0, 1, 4, 9.89
1746726699, 0, 396, 610, 598, 9, 6.24%, 0, 1, 4, 9.90
1746726709, 0, 396, 611, 599, 9, 6.24%, 0, 1, 4, 10.15
1746726719, 0, 396, 612, 600, 9, 6.24%, 0, 1, 4, 10.91
1746726750, 0, 396, 613, 601, 9, 6.24%, 0, 1, 4, 10.47
1746726760, 0, 396, 614, 602, 9, 6.24%, 0, 1, 4, 10.06
1746726776, 0, 396, 615, 603, 9, 6.24%, 0, 1, 4, 9.64
1746726791, 0, 396, 616, 604, 9, 6.24%, 0, 1, 4, 10.00
1746726827, 0, 396, 617, 605, 9, 6.24%, 0, 1, 4, 10.60
1746726883, 0, 396, 618, 606, 9, 6.24%, 0, 1, 4, 9.89
1746726920, 0, 427, 618, 605, 11, 6.24%, 0, 1, 4, 10.59
1746726992, 0, 427, 620, 607, 11, 6.24%, 0, 1, 5, 5.22
1746726997, 0, 427, 621, 608, 11, 6.24%, 0, 1, 5, 5.16
1746727029, 0, 427, 622, 609, 11, 6.24%, 0, 1, 5, 5.11
1746727034, 0, 427, 623, 610, 11, 6.24%, 0, 1, 5, 5.06
1746727044, 0, 427, 626, 613, 11, 6.24%, 0, 1, 5, 5.14
1746727054, 0, 427, 627, 614, 11, 6.24%, 0, 1, 5, 5.25
1746727075, 0, 427, 628, 615, 11, 6.24%, 0, 1, 5, 5.14
1746727080, 0, 427, 629, 616, 11, 6.24%, 0, 1, 5, 5.14
1746727085, 0, 427, 630, 617, 11, 6.24%, 0, 1, 5, 5.17
1746727091, 0, 427, 631, 618, 11, 6.24%, 0, 1, 5, 5.15
1746727101, 0, 427, 632, 619, 11, 6.24%, 0, 1, 5, 5.13
1746727132, 0, 427, 634, 621, 11, 6.24%, 0, 1, 5, 5.15
1746727137, 0, 427, 635, 622, 11, 6.24%, 0, 1, 5, 5.25
1746727178, 0, 427, 636, 623, 11, 6.24%, 0, 1, 5, 5.19
1746727183, 0, 427, 637, 624, 11, 6.24%, 0, 1, 5, 5.13
1746727198, 0, 427, 638, 625, 11, 6.24%, 0, 1, 5, 5.11
1746727214, 0, 427, 639, 626, 11, 6.24%, 0, 1, 5, 5.12
1746727317, 0, 427, 640, 627, 11, 6.29%, 0, 1, 5, 5.17
1746727358, 0, 427, 641, 628, 11, 6.30%, 0, 1, 5, 5.10
1746727363, 0, 427, 642, 629, 11, 6.30%, 0, 1, 5, 5.09
1746727512, 0, 427, 643, 630, 11, 6.30%, 0, 1, 5, 5.25
1746727978, 0, 427, 644, 631, 11, 6.30%, 0, 1, 5, 5.29
1746727999, 0, 427, 645, 632, 11, 6.30%, 0, 1, 5, 5.10
1746728039, 0, 427, 646, 633, 11, 6.30%, 0, 1, 5, 5.14
1746728091, 0, 427, 647, 634, 11, 6.30%, 0, 1, 5, 5.17
1746728107, 0, 427, 648, 635, 11, 6.30%, 0, 1, 5, 5.08
1746728164, 0, 427, 649, 636, 11, 6.30%, 0, 1, 5, 5.07
1746728169, 0, 427, 650, 637, 11, 6.30%, 0, 1, 5, 5.09
1746728205, 0, 427, 651, 638, 11, 6.30%, 0, 1, 5, 5.10
1746728216, 0, 427, 652, 639, 11, 6.30%, 0, 1, 5, 5.06
1746728339, 0, 427, 653, 640, 11, 6.30%, 0, 1, 5, 5.15
1746728386, 0, 427, 654, 641, 11, 6.30%, 0, 1, 5, 5.25
1746728391, 0, 427, 656, 643, 11, 6.30%, 0, 1, 5, 5.21
1746728396, 0, 427, 657, 644, 11, 6.30%, 0, 1, 5, 5.20
1746728448, 0, 427, 658, 645, 11, 6.30%, 0, 1, 5, 5.16
1746728453, 0, 427, 659, 646, 11, 6.30%, 0, 1, 5, 5.21
1746728468, 0, 427, 661, 648, 11, 6.30%, 0, 1, 5, 5.19
1746728489, 0, 427, 662, 649, 11, 6.30%, 0, 1, 5, 5.18
1746732735, 0, 427, 663, 650, 11, 6.30%, 0, 1, 5, 5.12
1746733632, 0, 427, 665, 652, 11, 6.30%, 0, 1, 5, 5.27
1746734030, 0, 427, 666, 653, 11, 6.30%, 0, 1, 5, 5.27
1746734041, 0, 427, 667, 654, 11, 6.30%, 0, 1, 5, 5.34
1746734134, 0, 427, 668, 655, 11, 6.30%, 0, 1, 5, 5.17
1746735288, 0, 427, 669, 656, 11, 6.30%, 0, 1, 5, 5.17
1746735371, 0, 427, 670, 657, 11, 6.30%, 0, 1, 5, 5.08
1746735387, 0, 427, 671, 658, 11, 6.30%, 0, 1, 5, 5.11
1746735433, 0, 427, 672, 659, 11, 6.30%, 0, 1, 5, 5.29
1746735454, 0, 427, 673, 660, 11, 6.30%, 0, 1, 5, 5.36
1746735573, 0, 427, 674, 661, 11, 6.30%, 0, 1, 5, 5.30
1746735589, 0, 427, 675, 662, 11, 6.30%, 0, 1, 5, 5.11
1746735682, 0, 427, 676, 663, 11, 6.30%, 0, 1, 5, 5.22
1746735894, 0, 427, 677, 664, 11, 6.30%, 0, 1, 5, 5.26
1746736096, 0, 427, 678, 665, 11, 6.30%, 0, 1, 5, 5.22
1746736924, 0, 427, 679, 666, 11, 6.30%, 0, 1, 5, 5.16
1746737228, 0, 427, 681, 668, 11, 6.30%, 0, 1, 5, 5.44
1746737233, 0, 427, 684, 671, 11, 6.30%, 0, 1, 5, 5.32
1746737239, 0, 427, 686, 673, 11, 6.30%, 0, 1, 5, 5.56
1746737244, 0, 427, 689, 676, 11, 6.30%, 0, 1, 5, 5.44
1746737249, 0, 427, 691, 678, 11, 6.31%, 0, 1, 5, 5.73
1746737254, 0, 427, 693, 680, 11, 6.31%, 0, 1, 5, 5.41
1746737259, 0, 427, 695, 682, 11, 6.31%, 0, 1, 5, 5.84
1746737264, 0, 427, 696, 683, 11, 6.31%, 0, 1, 5, 5.61
1746737270, 0, 427, 699, 686, 11, 6.38%, 0, 1, 5, 5.71
1746737275, 0, 427, 701, 688, 11, 6.38%, 0, 1, 5, 5.93
1746737280, 0, 427, 703, 690, 11, 6.38%, 0, 1, 5, 5.88
1746737285, 0, 427, 705, 692, 11, 6.38%, 0, 1, 5, 5.40
1746737295, 0, 427, 706, 693, 11, 6.38%, 0, 1, 5, 6.03
1746737300, 0, 427, 707, 694, 11, 6.38%, 0, 1, 5, 5.81
1746737306, 0, 427, 708, 695, 11, 6.38%, 0, 1, 5, 5.46
1746737311, 0, 427, 711, 698, 11, 6.38%, 0, 1, 5, 5.45
1746737316, 0, 427, 713, 700, 11, 6.39%, 0, 1, 5, 5.28
1746737321, 0, 427, 714, 701, 11, 6.39%, 0, 1, 5, 5.46
1746737327, 0, 427, 716, 703, 11, 6.39%, 0, 1, 5, 5.62
1746737332, 0, 427, 718, 705, 11, 6.39%, 0, 1, 5, 5.93
1746737337, 0, 427, 720, 707, 11, 6.39%, 0, 1, 5, 6.03
1746737342, 0, 427, 721, 708, 11, 6.39%, 0, 1, 5, 5.79
1746737348, 0, 427, 722, 709, 11, 6.39%, 0, 1, 5, 6.14
1746737353, 0, 427, 723, 710, 11, 6.39%, 0, 1, 5, 6.16
1746737358, 0, 427, 724, 711, 11, 6.39%, 0, 1, 5, 6.09
1746737363, 0, 427, 727, 714, 11, 6.39%, 0, 1, 5, 6.17
1746737369, 0, 427, 728, 715, 11, 6.39%, 0, 1, 5, 5.54
1746737374, 0, 427, 729, 716, 11, 6.39%, 0, 1, 5, 5.62
1746737379, 0, 427, 730, 717, 11, 6.39%, 0, 1, 5, 5.58
1746737384, 0, 427, 731, 718, 11, 6.39%, 0, 1, 5, 5.86
1746737389, 0, 427, 732, 719, 11, 6.39%, 0, 1, 5, 5.90
1746737394, 0, 427, 733, 720, 11, 6.39%, 0, 1, 5, 6.31
1746737400, 0, 427, 734, 721, 11, 6.39%, 0, 1, 5, 5.44
1746737405, 0, 427, 735, 722, 11, 6.39%, 0, 1, 5, 5.60
1746737410, 0, 427, 736, 723, 11, 6.39%, 0, 1, 5, 5.41
1746737415, 0, 427, 737, 724, 11, 6.39%, 0, 1, 5, 5.30
1746737420, 0, 427, 738, 725, 11, 6.39%, 0, 1, 5, 5.55
1746737425, 0, 427, 739, 726, 11, 6.39%, 0, 1, 5, 5.80
1746737430, 0, 427, 741, 728, 11, 6.39%, 0, 1, 5, 6.07
1746737435, 0, 427, 743, 730, 11, 6.39%, 0, 1, 5, 5.60
1746737441, 0, 427, 745, 732, 11, 6.39%, 0, 1, 5, 5.75
1746737446, 0, 427, 746, 733, 11, 6.39%, 0, 1, 5, 5.76
1746737451, 0, 427, 747, 734, 11, 6.39%, 0, 1, 5, 5.37
1746737456, 0, 427, 748, 735, 11, 6.39%, 0, 1, 5, 5.67
1746737461, 0, 427, 749, 736, 11, 6.39%, 0, 1, 5, 5.86
1746737472, 0, 427, 750, 737, 11, 6.39%, 0, 1, 5, 5.65
1746737482, 0, 427, 751, 738, 11, 6.39%, 0, 1, 5, 5.61
1746737487, 0, 427, 752, 739, 11, 6.39%, 0, 1, 5, 5.87
1746737492, 0, 427, 753, 740, 11, 6.39%, 0, 1, 5, 6.08
1746737508, 0, 427, 754, 741, 11, 6.39%, 0, 1, 5, 5.42
1746737533, 0, 427, 755, 742, 11, 6.39%, 0, 1, 5, 5.53
1746737539, 0, 427, 756, 743, 11, 6.39%, 0, 1, 5, 5.70
1746737549, 0, 427, 758, 745, 11, 6.39%, 0, 1, 5, 5.80
1746737554, 0, 427, 759, 746, 11, 6.39%, 0, 1, 5, 5.50
1746737559, 0, 427, 760, 747, 11, 6.39%, 0, 1, 5, 5.45
1746737585, 0, 427, 761, 748, 11, 6.39%, 0, 1, 5, 5.50
1746737590, 0, 427, 762, 749, 11, 6.39%, 0, 1, 5, 5.36
1746737621, 0, 427, 764, 751, 11, 6.39%, 0, 1, 5, 5.54
1746737647, 0, 427, 765, 752, 11, 6.39%, 0, 1, 5, 5.91
1746737657, 0, 427, 766, 753, 11, 6.39%, 0, 1, 5, 5.63
1746737668, 0, 427, 767, 754, 11, 6.39%, 0, 1, 5, 5.30
1746737673, 0, 427, 769, 756, 11, 6.39%, 0, 1, 5, 5.41
1746737714, 0, 427, 770, 757, 11, 6.39%, 0, 1, 5, 5.51
1746737719, 0, 427, 771, 758, 11, 6.39%, 0, 1, 5, 5.43
1746737756, 0, 427, 772, 759, 11, 6.39%, 0, 1, 5, 5.42
1746737766, 0, 427, 774, 761, 11, 6.41%, 0, 1, 5, 5.14
1746737792, 0, 427, 776, 763, 11, 6.41%, 0, 1, 5, 5.19
1746737803, 0, 427, 777, 764, 11, 6.41%, 0, 1, 5, 5.73
1746737823, 0, 427, 778, 765, 11, 6.41%, 0, 1, 5, 5.55
1746737886, 0, 427, 779, 766, 11, 6.41%, 0, 1, 5, 6.50
1746737959, 0, 427, 780, 767, 11, 6.41%, 0, 1, 5, 5.35
1746737995, 0, 427, 781, 768, 11, 6.41%, 0, 1, 5, 6.28
1746738046, 0, 427, 782, 769, 11, 6.41%, 0, 1, 5, 5.49
1746738051, 0, 427, 783, 770, 11, 6.41%, 0, 1, 5, 5.66
1746738077, 0, 427, 784, 771, 11, 6.41%, 0, 1, 5, 6.30
1746738082, 0, 427, 785, 772, 11, 6.41%, 0, 1, 5, 5.51
1746738123, 0, 427, 786, 773, 11, 6.41%, 0, 1, 5, 5.80
1746738138, 0, 427, 787, 774, 11, 6.41%, 0, 1, 5, 5.46
1746738221, 0, 427, 788, 775, 11, 6.41%, 0, 1, 5, 5.39
1746738252, 0, 427, 789, 776, 11, 6.41%, 0, 1, 5, 5.68
1746738272, 0, 427, 790, 777, 11, 6.41%, 0, 1, 5, 6.12
1746738298, 0, 427, 791, 778, 11, 6.41%, 0, 1, 5, 5.53
1746738370, 0, 427, 792, 779, 11, 6.41%, 0, 1, 5, 5.25
1746738381, 0, 427, 793, 780, 11, 6.41%, 0, 1, 5, 5.02
1746738458, 0, 427, 794, 781, 11, 6.41%, 0, 1, 5, 5.60
1746738515, 0, 443, 794, 780, 11, 6.41%, 0, 1, 5, 11.25
1746739480, 0, 462, 794, 779, 10, 6.41%, 0, 1, 5, 14.65
1746741324, 0, 565, 794, 778, 10, 6.41%, 0, 1, 5, 11.58
1746742371, 0, 566, 794, 777, 9, 6.41%, 0, 1, 5, 11.88
1746744421, 0, 639, 794, 776, 8, 6.41%, 0, 1, 5, 10.63
1746755275, 0, 639, 795, 777, 8, 6.41%, 0, 1, 6, 5.94
1746755352, 0, 639, 796, 778, 8, 6.41%, 0, 1, 6, 6.28
1746755368, 0, 639, 797, 779, 8, 6.41%, 0, 1, 6, 5.81
