# unix_time, cycles_done, cur_path, paths_total, pending_total, pending_favs, map_size, unique_crashes, unique_hangs, max_depth, execs_per_sec
1746712459, 0, 0, 1, 1, 1, 3.78%, 0, 0, 1, 85.11
1746712464, 0, 0, 39, 39, 1, 4.55%, 0, 0, 2, 125.48
1746712470, 0, 0, 58, 58, 1, 4.56%, 0, 0, 2, 133.94
1746712475, 0, 0, 72, 72, 1, 4.56%, 0, 0, 2, 137.15
1746712480, 0, 0, 82, 82, 1, 4.56%, 0, 0, 2, 138.93
1746712485, 0, 0, 92, 92, 1, 4.56%, 0, 0, 2, 137.63
1746712490, 0, 0, 98, 98, 1, 4.56%, 0, 0, 2, 140.82
1746712495, 0, 0, 103, 103, 1, 4.56%, 0, 0, 2, 142.05
1746712501, 0, 0, 105, 105, 1, 4.56%, 0, 0, 2, 144.48
1746712506, 0, 0, 109, 109, 1, 4.56%, 0, 0, 2, 147.15
1746712511, 0, 0, 110, 110, 1, 4.56%, 0, 0, 2, 150.30
1746712521, 0, 0, 113, 113, 1, 4.56%, 0, 0, 2, 146.68
1746712526, 0, 0, 116, 116, 1, 4.56%, 0, 0, 2, 147.22
1746712531, 0, 0, 118, 118, 1, 4.56%, 0, 0, 2, 145.88
1746712536, 0, 0, 119, 119, 1, 4.56%, 0, 0, 2, 145.36
1746712547, 0, 0, 121, 121, 1, 4.56%, 0, 0, 2, 147.11
1746712567, 0, 0, 123, 123, 1, 4.56%, 0, 0, 2, 148.28
1746712582, 0, 2, 123, 122, 6, 4.56%, 0, 0, 2, 151.54
1746712588, 0, 38, 123, 121, 5, 4.56%, 0, 0, 2, 133.01
1746712623, 0, 38, 124, 122, 5, 4.56%, 0, 0, 3, 128.96
1746712629, 0, 38, 126, 124, 5, 4.56%, 0, 0, 3, 131.04
1746712634, 0, 38, 127, 125, 5, 4.56%, 0, 0, 3, 132.76
1746712644, 0, 38, 129, 127, 5, 4.56%, 0, 0, 3, 128.32
1746712649, 0, 38, 130, 128, 5, 4.56%, 0, 0, 3, 128.64
1746712655, 0, 38, 133, 131, 5, 4.56%, 0, 0, 3, 131.68
1746712660, 0, 38, 135, 133, 5, 4.56%, 0, 0, 3, 128.55
1746712665, 0, 38, 137, 135, 5, 4.56%, 0, 0, 3, 129.40
1746712670, 0, 38, 138, 136, 5, 4.56%, 0, 0, 3, 130.17
1746712675, 0, 38, 140, 138, 5, 4.56%, 0, 0, 3, 128.68
1746712680, 0, 38, 141, 139, 5, 4.56%, 0, 0, 3, 128.76
1746712701, 0, 38, 144, 142, 5, 4.56%, 0, 0, 3, 129.11
1746712711, 0, 38, 145, 143, 5, 4.56%, 0, 0, 3, 132.14
1746712716, 0, 38, 146, 144, 5, 4.56%, 0, 0, 3, 133.13
1746712721, 0, 38, 147, 145, 5, 4.56%, 0, 0, 3, 129.22
1746712742, 0, 38, 149, 147, 5, 4.56%, 0, 0, 3, 127.91
1746712747, 0, 38, 150, 148, 5, 4.56%, 0, 0, 3, 129.43
1746712752, 0, 64, 150, 147, 4, 4.56%, 0, 0, 3, 143.06
1746712763, 0, 86, 150, 146, 3, 4.56%, 0, 0, 3, 122.62
1746712844, 0, 86, 152, 148, 3, 4.56%, 0, 0, 3, 114.82
1746712849, 0, 86, 154, 150, 3, 4.77%, 0, 0, 3, 116.79
1746712860, 0, 86, 155, 151, 3, 4.78%, 0, 0, 3, 117.56
1746712865, 0, 86, 156, 152, 3, 4.78%, 0, 0, 3, 117.38
1746712870, 0, 86, 158, 154, 3, 4.79%, 0, 0, 3, 113.98
1746712875, 0, 86, 159, 155, 3, 4.79%, 0, 0, 3, 114.06
1746712880, 0, 86, 160, 156, 3, 4.79%, 0, 0, 3, 114.47
1746712895, 0, 86, 161, 157, 3, 4.79%, 0, 0, 3, 113.69
1746712901, 0, 86, 163, 159, 3, 4.79%, 0, 0, 3, 111.91
1746712906, 0, 86, 164, 160, 3, 4.79%, 0, 0, 3, 112.02
1746712911, 0, 86, 165, 161, 3, 4.79%, 0, 0, 3, 113.54
1746712931, 0, 86, 166, 162, 3, 4.79%, 0, 0, 3, 106.56
1746712961, 0, 86, 169, 165, 3, 4.79%, 0, 0, 3, 107.77
1746712966, 0, 86, 170, 166, 3, 4.79%, 0, 0, 3, 110.02
1746712977, 0, 86, 171, 167, 3, 4.79%, 0, 0, 3, 111.42
1746712987, 0, 152, 171, 166, 2, 4.79%, 0, 0, 3, 105.21
1746713568, 0, 152, 177, 172, 2, 4.79%, 0, 0, 4, 59.52
1746713573, 0, 152, 200, 195, 2, 4.79%, 0, 0, 4, 62.04
1746713578, 0, 152, 211, 206, 2, 4.79%, 0, 0, 4, 65.10
1746713584, 0, 152, 219, 214, 2, 4.79%, 0, 0, 4, 64.86
1746713589, 0, 152, 224, 219, 2, 4.79%, 0, 0, 4, 65.15
1746713594, 0, 152, 227, 222, 2, 4.79%, 0, 0, 4, 66.33
1746713599, 0, 152, 228, 223, 2, 4.79%, 0, 0, 4, 68.01
1746713604, 0, 152, 233, 228, 2, 4.79%, 0, 0, 4, 64.26
1746713609, 0, 152, 236, 231, 2, 4.79%, 0, 0, 4, 66.38
1746713614, 0, 152, 238, 233, 2, 4.79%, 0, 0, 4, 66.69
1746713620, 0, 152, 241, 236, 2, 4.79%, 0, 0, 4, 64.81
1746713625, 0, 152, 244, 239, 2, 4.79%, 0, 0, 4, 64.08
1746713630, 0, 152, 246, 241, 2, 4.79%, 0, 0, 4, 66.13
1746713635, 0, 152, 247, 242, 2, 4.79%, 0, 0, 4, 65.70
1746713640, 0, 152, 249, 244, 2, 4.79%, 0, 0, 4, 66.09
1746713650, 0, 152, 251, 246, 2, 4.79%, 0, 0, 4, 67.56
1746713656, 0, 152, 252, 247, 2, 4.79%, 0, 0, 4, 65.71
1746713661, 0, 152, 254, 249, 2, 4.79%, 0, 0, 4, 65.93
1746713666, 0, 152, 256, 251, 2, 4.79%, 0, 0, 4, 65.50
1746713697, 0, 152, 258, 253, 2, 4.79%, 0, 0, 4, 64.66
1746713707, 0, 152, 259, 254, 2, 4.79%, 0, 0, 4, 65.28
1746713712, 0, 152, 262, 257, 2, 4.79%, 0, 0, 4, 63.99
1746713723, 0, 152, 263, 258, 2, 4.79%, 0, 0, 4, 64.77
1746713738, 0, 152, 264, 259, 2, 4.79%, 0, 0, 4, 65.13
1746713743, 0, 152, 265, 260, 2, 4.79%, 0, 0, 4, 64.70
1746713748, 0, 152, 266, 261, 2, 4.79%, 0, 0, 4, 64.79
1746713769, 0, 156, 266, 260, 1, 4.79%, 0, 0, 4, 58.16
1746713919, 0, 156, 267, 261, 1, 4.79%, 0, 0, 4, 57.67
1746713924, 0, 156, 269, 263, 1, 4.79%, 0, 0, 4, 56.98
1746713929, 0, 156, 270, 264, 1, 4.79%, 0, 0, 4, 57.25
1746713935, 0, 156, 272, 266, 1, 4.79%, 0, 0, 4, 58.15
1746713945, 0, 156, 274, 268, 1, 4.89%, 0, 0, 4, 56.46
1746713955, 0, 156, 278, 272, 1, 5.67%, 0, 0, 4, 56.61
1746713976, 0, 156, 280, 274, 1, 5.67%, 0, 0, 4, 56.65
1746713986, 0, 156, 281, 275, 1, 5.67%, 0, 0, 4, 58.16
1746714012, 0, 156, 282, 276, 1, 5.67%, 0, 0, 4, 57.46
1746714017, 0, 156, 284, 278, 1, 5.67%, 0, 0, 4, 56.16
1746714078, 0, 156, 285, 279, 1, 5.67%, 0, 0, 4, 58.22
1746714083, 0, 156, 286, 280, 1, 5.67%, 0, 0, 4, 59.01
1746714108, 0, 156, 287, 281, 1, 5.67%, 0, 0, 4, 58.85
1746714129, 0, 280, 287, 280, 3, 5.67%, 0, 0, 4, 52.20
1746716048, 0, 280, 291, 284, 3, 6.10%, 0, 0, 5, 36.79
1746716053, 0, 280, 308, 301, 3, 6.12%, 0, 0, 5, 36.98
1746716058, 0, 280, 323, 316, 3, 6.12%, 0, 0, 5, 36.87
1746716063, 0, 280, 336, 329, 3, 6.13%, 0, 0, 5, 35.90
1746716068, 0, 280, 347, 340, 3, 6.13%, 0, 0, 5, 36.37
1746716073, 0, 280, 354, 347, 3, 6.13%, 0, 0, 5, 38.06
1746716078, 0, 280, 359, 352, 3, 6.13%, 0, 0, 5, 37.60
1746716083, 0, 280, 366, 359, 3, 7.00%, 0, 0, 5, 37.20
1746716088, 0, 280, 370, 363, 3, 7.00%, 0, 0, 5, 38.83
1746716093, 0, 280, 374, 367, 3, 7.00%, 0, 0, 5, 38.62
1746716099, 0, 280, 377, 370, 3, 7.00%, 0, 0, 5, 39.77
1746716104, 0, 280, 378, 371, 3, 7.00%, 0, 0, 5, 39.31
1746716109, 0, 280, 381, 374, 3, 7.01%, 0, 0, 5, 38.46
1746716114, 0, 280, 382, 375, 3, 7.01%, 0, 0, 5, 39.30
1746716119, 0, 280, 383, 376, 3, 7.01%, 0, 0, 5, 39.60
1746716129, 0, 280, 384, 377, 3, 7.01%, 0, 0, 5, 39.97
1746716134, 0, 280, 385, 378, 3, 7.01%, 0, 0, 5, 39.38
1746716139, 0, 280, 386, 379, 3, 7.01%, 0, 0, 5, 39.48
1746716144, 0, 280, 389, 382, 3, 7.01%, 0, 0, 5, 39.34
1746716159, 0, 280, 390, 383, 3, 7.01%, 0, 0, 5, 39.70
1746716164, 0, 280, 392, 385, 3, 7.01%, 0, 0, 5, 39.62
1746716170, 0, 280, 394, 387, 3, 7.01%, 0, 0, 5, 38.70
1746716180, 0, 280, 395, 388, 3, 7.01%, 0, 0, 5, 40.05
1746716190, 0, 280, 396, 389, 3, 7.01%, 0, 0, 5, 40.10
1746716195, 0, 280, 397, 390, 3, 7.01%, 0, 0, 5, 40.20
1746716205, 0, 280, 399, 392, 3, 7.02%, 0, 0, 5, 38.15
1746716210, 0, 280, 400, 393, 3, 7.02%, 0, 0, 5, 39.09
1746716215, 0, 280, 401, 394, 3, 7.02%, 0, 0, 5, 39.82
1746716225, 0, 280, 402, 395, 3, 7.02%, 0, 0, 5, 40.24
1746716231, 0, 280, 404, 397, 3, 7.02%, 0, 0, 5, 39.47
1746716236, 0, 280, 405, 398, 3, 7.02%, 0, 0, 5, 39.16
1746716241, 0, 280, 406, 399, 3, 7.02%, 0, 0, 5, 39.23
1746716256, 0, 280, 408, 401, 3, 7.02%, 0, 0, 5, 39.40
1746716271, 0, 280, 409, 402, 3, 7.02%, 0, 0, 5, 39.68
1746716282, 0, 280, 411, 404, 3, 7.02%, 0, 0, 5, 39.91
1746716287, 0, 280, 413, 406, 3, 7.02%, 0, 0, 5, 39.41
1746716337, 0, 280, 414, 407, 3, 7.02%, 0, 0, 5, 39.53
1746716343, 0, 280, 415, 408, 3, 7.02%, 0, 0, 5, 39.36
1746716353, 0, 280, 416, 409, 3, 7.02%, 0, 0, 5, 39.58
1746716363, 0, 280, 417, 410, 3, 7.02%, 0, 0, 5, 40.49
1746716383, 0, 280, 420, 413, 3, 7.02%, 0, 0, 5, 39.56
1746716389, 0, 303, 420, 412, 7, 7.02%, 0, 0, 5, 37.39
1746718478, 0, 303, 421, 413, 7, 7.02%, 0, 0, 6, 35.34
1746718483, 0, 303, 422, 414, 7, 7.02%, 0, 0, 6, 37.68
1746718488, 0, 303, 425, 417, 7, 7.05%, 0, 0, 6, 35.62
1746718493, 0, 303, 427, 419, 7, 7.05%, 0, 0, 6, 36.56
1746718498, 0, 303, 428, 420, 7, 7.05%, 0, 0, 6, 37.34
1746718508, 0, 303, 429, 421, 7, 7.05%, 0, 0, 6, 38.56
1746718519, 0, 303, 430, 422, 7, 7.05%, 0, 0, 6, 37.84
1746718549, 0, 303, 431, 423, 7, 7.05%, 0, 0, 6, 38.60
1746718554, 0, 303, 432, 424, 7, 7.05%, 0, 0, 6, 38.04
1746718559, 0, 303, 434, 426, 7, 7.05%, 0, 0, 6, 37.26
1746718570, 0, 303, 435, 427, 7, 7.05%, 0, 0, 6, 37.68
1746718590, 0, 303, 436, 428, 7, 7.05%, 0, 0, 6, 38.06
1746718595, 0, 303, 438, 430, 7, 7.05%, 0, 0, 6, 37.05
1746718600, 0, 303, 440, 432, 7, 7.05%, 0, 0, 6, 37.25
1746718611, 0, 303, 442, 434, 7, 7.05%, 0, 0, 6, 36.85
1746718631, 0, 303, 443, 435, 7, 7.05%, 0, 0, 6, 38.44
1746718646, 0, 303, 444, 436, 7, 7.05%, 0, 0, 6, 38.63
1746718652, 0, 303, 445, 437, 7, 7.05%, 0, 0, 6, 38.02
1746718657, 0, 303, 446, 438, 7, 7.05%, 0, 0, 6, 36.77
1746718672, 0, 303, 448, 440, 7, 7.05%, 0, 0, 6, 37.23
1746718677, 0, 303, 449, 441, 7, 7.05%, 0, 0, 6, 37.95
1746718682, 0, 303, 450, 442, 7, 7.05%, 0, 0, 6, 37.33
1746718703, 0, 303, 451, 443, 7, 7.10%, 0, 0, 6, 37.18
1746718718, 0, 303, 453, 445, 7, 7.10%, 0, 0, 6, 36.74
1746718759, 0, 303, 454, 446, 7, 7.10%, 0, 0, 6, 37.47
1746718769, 0, 303, 455, 447, 7, 7.10%, 0, 0, 6, 38.00
1746718790, 0, 303, 456, 448, 7, 7.10%, 0, 0, 6, 37.56
1746718800, 0, 303, 457, 449, 7, 7.10%, 0, 0, 6, 37.24
1746718805, 0, 303, 459, 451, 7, 7.10%, 0, 0, 6, 36.45
1746718810, 0, 344, 460, 451, 8, 7.10%, 0, 0, 6, 38.52
1746719100, 0, 365, 460, 450, 8, 7.10%, 0, 0, 6, 35.13
1746719233, 0, 365, 461, 451, 8, 7.10%, 0, 0, 6, 25.99
1746719238, 0, 365, 462, 452, 8, 7.10%, 0, 0, 6, 26.00
1746719243, 0, 365, 463, 453, 8, 7.10%, 0, 0, 6, 25.71
1746719248, 0, 365, 469, 459, 8, 7.12%, 0, 0, 6, 25.65
1746719259, 0, 365, 470, 460, 8, 7.12%, 0, 0, 6, 25.73
1746719269, 0, 365, 473, 463, 8, 7.12%, 0, 0, 6, 25.89
1746719412, 0, 365, 474, 464, 8, 7.12%, 0, 0, 6, 25.78
1746719417, 0, 365, 475, 465, 8, 7.13%, 0, 0, 6, 25.84
1746719596, 0, 365, 476, 466, 8, 7.13%, 0, 0, 6, 25.56
1746719637, 0, 365, 477, 467, 8, 7.21%, 0, 0, 6, 26.02
1746719642, 0, 365, 481, 471, 8, 7.21%, 0, 0, 6, 25.74
1746719657, 0, 365, 483, 473, 8, 7.21%, 0, 0, 6, 25.57
1746719663, 0, 365, 485, 475, 8, 7.21%, 0, 0, 6, 25.83
1746720498, 0, 365, 486, 476, 8, 7.21%, 0, 0, 6, 25.60
1746720631, 0, 365, 487, 477, 8, 7.21%, 0, 0, 6, 25.92
1746721288, 0, 365, 488, 478, 8, 7.21%, 0, 0, 6, 25.57
1746721670, 0, 365, 489, 479, 8, 7.21%, 0, 0, 6, 25.83
1746721675, 0, 365, 490, 480, 8, 7.21%, 0, 0, 6, 25.67
1746722411, 0, 365, 491, 481, 8, 7.21%, 0, 0, 6, 25.58
1746722452, 0, 365, 492, 482, 8, 7.23%, 0, 0, 6, 25.77
1746722499, 0, 365, 493, 483, 8, 7.23%, 0, 0, 6, 25.59
1746722540, 0, 365, 499, 489, 8, 7.25%, 0, 0, 6, 25.31
1746722545, 0, 365, 510, 500, 8, 7.25%, 0, 0, 6, 26.91
1746722550, 0, 365, 518, 508, 8, 7.38%, 0, 0, 6, 27.25
1746722555, 0, 365, 526, 516, 8, 7.38%, 0, 0, 6, 26.53
1746722560, 0, 365, 535, 525, 8, 7.38%, 0, 0, 6, 27.44
1746722565, 0, 365, 541, 531, 8, 7.38%, 0, 0, 6, 26.58
1746722571, 0, 365, 546, 536, 8, 7.38%, 0, 0, 6, 27.08
1746722576, 0, 365, 551, 541, 8, 7.38%, 0, 0, 6, 26.82
1746722581, 0, 365, 559, 549, 8, 7.39%, 0, 0, 6, 26.42
1746722586, 0, 365, 562, 552, 8, 7.39%, 0, 0, 6, 26.49
1746722591, 0, 365, 566, 556, 8, 7.39%, 0, 0, 6, 26.76
1746722596, 0, 365, 572, 562, 8, 7.39%, 0, 0, 6, 26.32
1746722601, 0, 365, 575, 565, 8, 7.39%, 0, 0, 6, 27.02
1746722606, 0, 365, 579, 569, 8, 7.39%, 0, 0, 6, 26.66
1746722611, 0, 365, 584, 574, 8, 7.39%, 0, 0, 6, 26.95
1746722616, 0, 365, 589, 579, 8, 7.39%, 0, 0, 6, 26.99
1746722621, 0, 365, 592, 582, 8, 7.39%, 0, 0, 6, 26.88
1746722626, 0, 365, 593, 583, 8, 7.39%, 0, 0, 6, 27.56
1746722631, 0, 365, 596, 586, 8, 7.39%, 0, 0, 6, 26.95
1746722636, 0, 365, 600, 590, 8, 7.39%, 0, 0, 6, 26.86
1746722641, 0, 365, 602, 592, 8, 7.42%, 0, 0, 6, 27.04
1746722646, 0, 365, 604, 594, 8, 7.42%, 0, 0, 6, 27.13
1746722652, 0, 365, 607, 597, 8, 7.42%, 0, 0, 6, 26.65
1746722657, 0, 365, 610, 600, 8, 7.42%, 0, 0, 6, 27.62
1746722662, 0, 365, 614, 604, 8, 7.42%, 0, 0, 6, 26.83
1746722667, 0, 365, 618, 608, 8, 7.42%, 0, 0, 6, 26.63
1746722672, 0, 365, 619, 609, 8, 7.42%, 0, 0, 6, 27.67
1746722677, 0, 365, 622, 612, 8, 7.42%, 0, 0, 6, 27.00
1746722682, 0, 365, 624, 614, 8, 7.42%, 0, 0, 6, 27.10
1746722692, 0, 365, 627, 617, 8, 7.42%, 0, 0, 6, 27.20
1746722697, 0, 365, 629, 619, 8, 7.42%, 0, 0, 6, 27.28
1746722702, 0, 365, 631, 621, 8, 7.42%, 0, 0, 6, 27.26
1746722707, 0, 365, 632, 622, 8, 7.42%, 0, 0, 6, 27.26
1746722713, 0, 365, 633, 623, 8, 7.42%, 0, 0, 6, 27.47
1746722718, 0, 365, 636, 626, 8, 7.42%, 0, 0, 6, 27.33
1746722723, 0, 365, 638, 628, 8, 7.42%, 0, 0, 6, 27.31
1746722728, 0, 365, 640, 630, 8, 7.42%, 0, 0, 6, 27.89
1746722733, 0, 365, 641, 631, 8, 7.42%, 0, 0, 6, 27.73
1746722738, 0, 365, 644, 634, 8, 7.45%, 0, 0, 6, 26.65
1746722743, 0, 365, 647, 637, 8, 7.45%, 0, 0, 6, 26.65
1746722748, 0, 365, 648, 638, 8, 7.46%, 0, 0, 6, 27.36
1746722753, 0, 365, 649, 639, 8, 7.46%, 0, 0, 6, 27.86
1746722758, 0, 365, 650, 640, 8, 7.46%, 0, 0, 6, 28.17
1746722763, 0, 365, 652, 642, 8, 7.46%, 0, 0, 6, 27.49
1746722768, 0, 365, 653, 643, 8, 7.46%, 0, 0, 6, 27.54
1746722774, 0, 365, 655, 645, 8, 7.46%, 0, 0, 6, 27.53
1746722784, 0, 365, 657, 647, 8, 7.46%, 0, 0, 6, 27.57
1746722789, 0, 365, 659, 649, 8, 7.46%, 0, 0, 6, 27.55
1746722794, 0, 365, 660, 650, 8, 7.46%, 0, 0, 6, 27.94
1746722804, 0, 365, 661, 651, 8, 7.46%, 0, 0, 6, 27.69
1746722809, 0, 365, 662, 652, 8, 7.46%, 0, 0, 6, 28.43
1746722814, 0, 365, 664, 654, 8, 7.46%, 0, 0, 6, 27.45
1746722819, 0, 365, 665, 655, 8, 7.46%, 0, 0, 6, 27.51
1746722830, 0, 365, 666, 656, 8, 7.46%, 0, 0, 6, 27.64
1746722835, 0, 365, 667, 657, 8, 7.46%, 0, 0, 6, 27.03
1746722840, 0, 365, 668, 658, 8, 7.46%, 0, 0, 6, 27.75
1746722845, 0, 365, 670, 660, 8, 7.46%, 0, 0, 6, 27.53
1746722850, 0, 365, 672, 662, 8, 7.46%, 0, 0, 6, 27.63
1746722855, 0, 365, 675, 665, 8, 7.46%, 0, 0, 6, 26.54
1746722860, 0, 365, 676, 666, 8, 7.46%, 0, 0, 6, 27.03
1746722875, 0, 365, 677, 667, 8, 7.53%, 0, 0, 6, 27.77
1746722890, 0, 365, 678, 668, 8, 7.53%, 0, 0, 6, 28.17
1746722895, 0, 365, 679, 669, 8, 7.53%, 0, 0, 6, 27.89
1746722900, 0, 365, 680, 670, 8, 7.53%, 0, 0, 6, 28.16
1746722905, 0, 365, 682, 672, 8, 7.53%, 0, 0, 6, 27.61
1746722916, 0, 365, 683, 673, 8, 7.53%, 0, 0, 6, 27.32
1746722926, 0, 365, 684, 674, 8, 7.53%, 0, 0, 6, 27.90
1746722931, 0, 379, 684, 673, 19, 7.53%, 0, 0, 6, 28.37
1746723890, 0, 379, 685, 674, 19, 7.53%, 0, 0, 6, 29.61
1746723916, 0, 379, 686, 675, 19, 7.53%, 0, 0, 6, 30.03
1746723926, 0, 379, 687, 676, 19, 7.53%, 0, 0, 6, 30.32
1746723931, 0, 379, 688, 677, 19, 7.53%, 0, 0, 6, 30.02
1746723973, 0, 379, 690, 679, 19, 7.53%, 0, 0, 6, 29.70
1746724004, 0, 379, 691, 680, 19, 7.53%, 0, 0, 6, 30.86
1746724029, 0, 379, 692, 681, 19, 7.53%, 0, 0, 6, 30.66
1746724055, 0, 379, 693, 682, 19, 7.53%, 0, 0, 6, 30.73
1746724096, 0, 379, 694, 683, 19, 7.53%, 0, 0, 6, 30.82
1746724214, 0, 379, 695, 684, 19, 7.53%, 0, 0, 6, 30.94
1746724306, 0, 379, 696, 685, 19, 7.53%, 0, 0, 6, 30.71
1746724311, 0, 379, 697, 686, 19, 7.53%, 0, 0, 6, 29.76
1746724316, 0, 379, 698, 687, 19, 7.53%, 0, 0, 6, 30.86
1746724321, 0, 379, 699, 688, 19, 7.53%, 0, 0, 6, 30.43
1746724357, 0, 379, 700, 689, 19, 7.53%, 0, 0, 6, 30.35
1746724418, 0, 379, 701, 690, 19, 7.53%, 0, 0, 6, 30.14
1746724424, 0, 421, 701, 689, 19, 7.53%, 0, 0, 6, 29.05
1746725453, 0, 421, 702, 690, 19, 7.53%, 0, 0, 7, 29.21
1746725458, 0, 421, 703, 691, 19, 7.53%, 0, 0, 7, 28.97
1746725463, 0, 421, 704, 692, 19, 7.53%, 0, 0, 7, 29.75
1746725468, 0, 421, 705, 693, 19, 7.53%, 0, 0, 7, 29.36
1746725473, 0, 421, 706, 694, 19, 7.53%, 0, 0, 7, 29.96
1746725489, 0, 421, 707, 695, 19, 7.53%, 0, 0, 7, 30.27
1746725499, 0, 421, 708, 696, 19, 7.53%, 0, 0, 7, 30.12
1746725509, 0, 421, 710, 698, 19, 7.53%, 0, 0, 7, 29.26
1746725519, 0, 421, 711, 699, 19, 7.53%, 0, 0, 7, 30.82
1746725530, 0, 421, 712, 700, 19, 7.53%, 0, 0, 7, 30.23
1746725612, 0, 421, 713, 701, 19, 7.53%, 0, 0, 7, 29.61
1746725668, 0, 421, 714, 702, 19, 7.53%, 0, 0, 7, 30.40
1746725735, 0, 421, 715, 703, 19, 7.53%, 0, 0, 7, 28.66
1746725822, 0, 421, 716, 704, 19, 7.53%, 0, 0, 7, 30.78
1746725848, 0, 421, 717, 705, 19, 7.53%, 0, 0, 7, 30.37
1746725868, 0, 421, 718, 706, 19, 7.53%, 0, 0, 7, 29.87
1746725884, 0, 421, 719, 707, 19, 7.53%, 0, 0, 7, 29.91
1746725894, 0, 421, 720, 708, 19, 7.53%, 0, 0, 7, 29.90
1746725899, 0, 421, 721, 709, 19, 7.53%, 0, 0, 7, 30.02
1746725930, 0, 421, 723, 711, 19, 7.53%, 0, 0, 7, 29.49
1746725986, 0, 421, 724, 712, 19, 7.53%, 0, 0, 7, 30.45
1746725991, 0, 422, 724, 711, 20, 7.53%, 0, 0, 7, 32.49
1746726098, 0, 422, 728, 715, 20, 7.54%, 0, 0, 7, 32.21
1746726104, 0, 422, 729, 716, 20, 7.54%, 0, 0, 7, 32.32
1746728509, 0, 463, 729, 715, 18, 7.54%, 0, 0, 7, 29.81
1746728658, 0, 463, 730, 716, 18, 7.54%, 0, 0, 7, 25.57
1746729036, 0, 463, 732, 718, 18, 7.54%, 0, 0, 7, 25.62
1746729731, 0, 463, 733, 719, 18, 7.54%, 0, 0, 7, 26.24
1746729823, 0, 463, 736, 722, 18, 7.54%, 0, 0, 7, 27.46
1746729828, 0, 463, 737, 723, 18, 7.54%, 0, 0, 7, 27.35
1746729833, 0, 463, 738, 724, 18, 7.54%, 0, 0, 7, 27.37
1746729838, 0, 463, 741, 727, 18, 7.54%, 0, 0, 7, 27.40
1746729843, 0, 463, 742, 728, 18, 7.54%, 0, 0, 7, 27.47
1746729848, 0, 463, 744, 730, 18, 7.54%, 0, 0, 7, 27.79
1746729853, 0, 463, 747, 733, 18, 7.54%, 0, 0, 7, 27.51
1746729858, 0, 463, 748, 734, 18, 7.54%, 0, 0, 7, 27.78
1746729874, 0, 463, 749, 735, 18, 7.54%, 0, 0, 7, 27.97
1746729894, 0, 463, 750, 736, 18, 7.54%, 0, 0, 7, 28.19
1746729920, 0, 463, 752, 738, 18, 7.54%, 0, 0, 7, 27.80
1746729925, 0, 463, 753, 739, 18, 7.54%, 0, 0, 7, 27.82
1746729930, 0, 463, 754, 740, 18, 7.54%, 0, 0, 7, 27.10
1746729935, 0, 463, 755, 741, 18, 7.54%, 0, 0, 7, 27.61
1746729965, 0, 463, 756, 742, 18, 7.54%, 0, 0, 7, 27.92
1746729970, 0, 463, 758, 744, 18, 7.54%, 0, 0, 7, 27.17
1746730006, 0, 463, 759, 745, 18, 7.54%, 0, 0, 7, 27.46
1746730021, 0, 463, 760, 746, 18, 7.54%, 0, 0, 7, 27.99
1746730026, 0, 463, 761, 747, 18, 7.54%, 0, 0, 7, 28.11
1746730072, 0, 463, 762, 748, 18, 7.54%, 0, 0, 7, 27.68
1746730077, 0, 463, 763, 749, 18, 7.54%, 0, 0, 7, 28.35
1746730103, 0, 463, 764, 750, 18, 7.54%, 0, 0, 7, 27.69
1746730108, 0, 463, 765, 751, 18, 7.54%, 0, 0, 7, 27.71
1746730113, 0, 463, 766, 752, 18, 7.54%, 0, 0, 7, 27.26
1746730128, 0, 463, 767, 753, 18, 7.54%, 0, 0, 7, 27.73
1746730139, 0, 463, 769, 755, 18, 7.54%, 0, 0, 7, 27.85
1746730144, 0, 463, 770, 756, 18, 7.54%, 0, 0, 7, 27.95
1746730149, 0, 463, 771, 757, 18, 7.54%, 0, 0, 7, 27.25
1746730174, 0, 463, 772, 758, 18, 7.54%, 0, 0, 7, 27.72
1746730189, 0, 463, 773, 759, 18, 7.54%, 0, 0, 7, 28.32
1746730205, 0, 463, 775, 761, 18, 7.54%, 0, 0, 7, 27.27
1746730210, 0, 463, 776, 762, 18, 7.54%, 0, 0, 7, 27.47
1746730225, 0, 463, 777, 763, 18, 7.54%, 0, 0, 7, 28.31
1746730251, 0, 463, 778, 764, 18, 7.54%, 0, 0, 7, 27.58
1746730266, 0, 463, 779, 765, 18, 7.54%, 0, 0, 7, 28.07
1746730271, 0, 472, 779, 764, 17, 7.54%, 0, 0, 7, 28.45
1746731612, 0, 535, 779, 763, 16, 7.54%, 0, 0, 7, 26.21
1746733675, 0, 535, 781, 765, 16, 7.54%, 0, 0, 7, 23.47
1746733680, 0, 535, 782, 766, 16, 7.54%, 0, 0, 7, 23.93
1746733696, 0, 535, 783, 767, 16, 7.54%, 0, 0, 7, 24.02
1746733701, 0, 535, 785, 769, 16, 7.54%, 0, 0, 7, 23.49
1746733737, 0, 535, 786, 770, 16, 7.54%, 0, 0, 7, 23.95
1746733742, 0, 535, 787, 771, 16, 7.54%, 0, 0, 7, 23.83
1746733752, 0, 535, 788, 772, 16, 7.54%, 0, 0, 7, 23.81
1746733757, 0, 535, 789, 773, 16, 7.54%, 0, 0, 7, 23.82
1746733762, 0, 535, 790, 774, 16, 7.54%, 0, 0, 7, 23.55
1746733767, 0, 535, 791, 775, 16, 7.54%, 0, 0, 7, 23.57
1746733772, 0, 535, 792, 776, 16, 7.54%, 0, 0, 7, 23.99
1746733788, 0, 535, 793, 777, 16, 7.54%, 0, 0, 7, 24.45
1746733818, 0, 535, 795, 779, 16, 7.55%, 0, 0, 7, 23.73
1746733823, 0, 535, 796, 780, 16, 7.55%, 0, 0, 7, 24.06
1746733834, 0, 535, 797, 781, 16, 7.55%, 0, 0, 7, 23.88
1746733844, 0, 535, 798, 782, 16, 7.55%, 0, 0, 7, 23.87
1746733869, 0, 535, 799, 783, 16, 7.55%, 0, 0, 7, 23.59
1746733879, 0, 535, 800, 784, 16, 7.55%, 0, 0, 7, 24.04
1746733890, 0, 535, 801, 785, 16, 7.55%, 0, 0, 7, 24.19
1746733920, 0, 535, 802, 786, 16, 7.55%, 0, 0, 7, 23.78
1746733925, 0, 535, 803, 787, 16, 7.55%, 0, 0, 7, 23.73
1746733941, 0, 535, 804, 788, 16, 7.55%, 0, 0, 7, 23.47
1746733981, 0, 535, 806, 790, 16, 7.55%, 0, 0, 7, 24.16
1746734017, 0, 535, 807, 791, 16, 7.55%, 0, 0, 7, 24.63
1746734043, 0, 535, 808, 792, 16, 7.55%, 0, 0, 7, 23.89
1746734094, 0, 535, 809, 793, 16, 7.55%, 0, 0, 7, 24.14
1746734119, 0, 535, 810, 794, 16, 7.55%, 0, 0, 7, 24.27
1746734135, 0, 535, 811, 795, 16, 7.55%, 0, 0, 7, 23.91
1746734180, 0, 545, 811, 794, 17, 7.55%, 0, 0, 7, 25.64
1746735241, 0, 553, 811, 793, 17, 7.55%, 0, 0, 7, 26.89
1746735426, 0, 553, 812, 794, 17, 7.55%, 0, 0, 7, 24.00
1746735629, 0, 553, 813, 795, 17, 7.55%, 0, 0, 7, 23.60
1746738376, 0, 553, 814, 796, 17, 7.55%, 0, 0, 7, 25.00
1746738391, 0, 553, 815, 797, 17, 7.55%, 0, 0, 7, 25.50
1746738396, 0, 553, 816, 798, 17, 7.55%, 0, 0, 7, 25.48
1746738401, 0, 553, 817, 799, 17, 7.55%, 0, 0, 7, 25.46
1746738411, 0, 553, 818, 800, 17, 7.55%, 0, 0, 7, 26.06
1746738427, 0, 553, 819, 801, 17, 7.55%, 0, 0, 7, 24.91
1746738437, 0, 553, 821, 803, 17, 7.55%, 0, 0, 7, 24.42
1746738452, 0, 553, 822, 804, 17, 7.55%, 0, 0, 7, 25.55
1746738462, 0, 553, 824, 806, 17, 7.55%, 0, 0, 7, 25.88
1746738472, 0, 553, 825, 807, 17, 7.55%, 0, 0, 7, 25.90
1746738483, 0, 553, 826, 808, 17, 7.55%, 0, 0, 7, 25.53
1746738493, 0, 553, 827, 809, 17, 7.55%, 0, 0, 7, 25.32
1746738498, 0, 553, 828, 810, 17, 7.55%, 0, 0, 7, 25.84
1746738518, 0, 553, 829, 811, 17, 7.55%, 0, 0, 7, 26.04
1746738523, 0, 553, 830, 812, 17, 7.55%, 0, 0, 7, 25.62
1746738533, 0, 553, 831, 813, 17, 7.55%, 0, 0, 7, 25.31
1746738579, 0, 553, 832, 814, 17, 7.55%, 0, 0, 7, 26.09
1746738645, 0, 553, 833, 815, 17, 7.55%, 0, 0, 7, 26.19
1746738650, 0, 553, 834, 816, 17, 7.55%, 0, 0, 7, 25.97
1746738712, 0, 553, 835, 817, 17, 7.55%, 0, 0, 7, 25.81
1746738762, 0, 553, 836, 818, 17, 7.55%, 0, 0, 7, 25.61
1746738788, 0, 553, 837, 819, 17, 7.55%, 0, 0, 7, 26.16
1746738803, 0, 553, 838, 820, 17, 7.55%, 0, 0, 7, 25.86
1746738850, 0, 576, 838, 819, 18, 7.55%, 0, 0, 7, 24.92
1746742987, 0, 576, 839, 820, 18, 7.55%, 0, 0, 7, 24.62
1746743018, 0, 576, 840, 821, 18, 7.55%, 0, 0, 7, 24.74
1746743079, 0, 576, 841, 822, 18, 7.57%, 0, 0, 7, 24.53
1746743110, 0, 576, 842, 823, 18, 7.57%, 0, 0, 7, 25.13
1746743140, 0, 576, 843, 824, 18, 7.57%, 0, 0, 7, 24.41
1746743171, 0, 576, 844, 825, 18, 7.57%, 0, 0, 7, 24.65
1746743201, 0, 576, 845, 826, 18, 7.57%, 0, 0, 7, 25.03
1746743237, 0, 576, 846, 827, 18, 7.57%, 0, 0, 7, 25.15
1746743273, 0, 576, 847, 828, 18, 7.58%, 0, 0, 7, 24.65
1746743293, 0, 576, 850, 831, 18, 7.58%, 0, 0, 7, 24.17
1746743324, 0, 576, 851, 832, 18, 7.58%, 0, 0, 7, 24.78
1746743344, 0, 576, 852, 833, 18, 7.58%, 0, 0, 7, 25.26
1746743472, 0, 646, 852, 832, 19, 7.58%, 0, 0, 7, 27.07
1746746633, 0, 660, 852, 831, 18, 7.58%, 0, 0, 7, 28.63
1746748210, 0, 660, 853, 832, 18, 7.58%, 0, 0, 7, 26.16
1746748241, 0, 661, 853, 831, 17, 7.58%, 0, 0, 7, 28.09
1746750272, 0, 671, 853, 830, 16, 7.58%, 0, 0, 7, 30.23
1746753397, 0, 715, 853, 829, 16, 7.58%, 0, 0, 7, 28.15
1746754149, 0, 715, 854, 830, 16, 7.58%, 0, 0, 8, 22.10
