# unix_time, cycles_done, cur_path, paths_total, pending_total, pending_favs, map_size, unique_crashes, unique_hangs, max_depth, execs_per_sec
1746611824, 0, 0, 1, 1, 1, 5.46%, 0, 0, 1, 37.91
1746611829, 0, 0, 25, 25, 1, 5.73%, 0, 0, 2, 41.38
1746611834, 0, 0, 50, 50, 1, 5.73%, 0, 0, 2, 44.02
1746611839, 0, 0, 76, 76, 1, 5.73%, 0, 0, 2, 43.94
1746611844, 0, 0, 98, 98, 1, 5.73%, 0, 0, 2, 46.44
1746611849, 0, 0, 115, 115, 1, 5.91%, 0, 0, 2, 41.69
1746611854, 0, 0, 130, 130, 1, 6.16%, 0, 0, 2, 37.48
1746611859, 0, 0, 145, 145, 1, 6.46%, 0, 0, 2, 36.31
1746611864, 0, 0, 159, 159, 1, 6.46%, 0, 0, 2, 37.71
1746611869, 0, 0, 170, 170, 1, 6.46%, 0, 0, 2, 36.39
1746611874, 0, 0, 184, 184, 1, 6.46%, 0, 0, 2, 38.53
1746611880, 0, 0, 195, 195, 1, 6.46%, 0, 0, 2, 33.90
1746611885, 0, 0, 205, 205, 1, 6.49%, 0, 0, 2, 32.64
1746611890, 0, 0, 218, 218, 1, 6.49%, 0, 0, 2, 35.19
1746611895, 0, 0, 227, 227, 1, 6.49%, 0, 0, 2, 35.15
1746611900, 0, 0, 236, 236, 1, 6.49%, 0, 0, 2, 36.43
1746611905, 0, 0, 245, 245, 1, 6.49%, 0, 0, 2, 35.26
1746611910, 0, 0, 252, 252, 1, 6.49%, 0, 0, 2, 35.75
1746611916, 0, 0, 259, 259, 1, 6.49%, 0, 0, 2, 35.44
1746611921, 0, 0, 264, 264, 1, 6.49%, 0, 0, 2, 36.53
1746611926, 0, 0, 271, 271, 1, 6.49%, 0, 0, 2, 36.95
1746611931, 0, 0, 276, 276, 1, 6.57%, 0, 0, 2, 37.68
1746611936, 0, 0, 280, 280, 1, 6.57%, 0, 0, 2, 34.16
1746611941, 0, 0, 286, 286, 1, 6.57%, 0, 0, 2, 31.61
1746611946, 0, 0, 291, 291, 1, 6.57%, 0, 0, 2, 32.79
1746611952, 0, 0, 292, 292, 1, 6.57%, 0, 0, 2, 33.27
1746611957, 0, 0, 295, 295, 1, 6.57%, 0, 0, 2, 31.95
1746611962, 0, 0, 299, 299, 1, 6.57%, 0, 0, 2, 31.88
1746611967, 0, 0, 301, 301, 1, 6.57%, 0, 0, 2, 33.19
1746611972, 0, 0, 303, 303, 1, 6.57%, 0, 0, 2, 32.29
1746611977, 0, 0, 306, 306, 1, 6.57%, 0, 0, 2, 32.85
1746611982, 0, 0, 309, 309, 1, 6.57%, 0, 0, 2, 33.02
1746611987, 0, 0, 313, 313, 1, 6.57%, 0, 0, 2, 31.87
1746611992, 0, 0, 316, 316, 1, 6.57%, 0, 0, 2, 32.25
1746611997, 0, 0, 318, 318, 1, 6.57%, 0, 0, 2, 31.43
1746612002, 0, 0, 320, 320, 1, 6.57%, 0, 0, 2, 33.38
1746612018, 0, 0, 324, 324, 1, 6.57%, 0, 0, 2, 33.39
1746612023, 0, 0, 326, 326, 1, 6.57%, 0, 0, 2, 32.89
1746612028, 0, 0, 328, 328, 1, 6.57%, 0, 0, 2, 32.87
1746612033, 0, 0, 329, 329, 1, 6.57%, 0, 0, 2, 33.09
1746612038, 0, 0, 333, 333, 1, 6.57%, 0, 0, 2, 31.95
1746612044, 0, 0, 335, 335, 1, 6.57%, 0, 0, 2, 30.61
1746612049, 0, 0, 336, 336, 1, 6.57%, 0, 0, 2, 31.86
1746612054, 0, 0, 338, 338, 1, 6.57%, 0, 0, 2, 30.60
1746612059, 0, 0, 341, 341, 1, 6.57%, 0, 0, 2, 30.00
1746612064, 0, 0, 342, 342, 1, 6.57%, 0, 0, 2, 30.25
1746612069, 0, 0, 344, 344, 1, 6.57%, 0, 0, 2, 30.82
1746612074, 0, 0, 346, 346, 1, 6.57%, 0, 0, 2, 30.54
1746612079, 0, 0, 348, 348, 1, 6.57%, 0, 0, 2, 29.51
1746612089, 0, 0, 349, 349, 1, 6.57%, 0, 0, 2, 30.56
1746612095, 0, 0, 351, 351, 1, 6.57%, 0, 0, 2, 31.29
1746612105, 0, 13, 352, 351, 10, 6.57%, 0, 0, 2, 32.15
1746612110, 0, 13, 353, 352, 10, 6.57%, 0, 0, 3, 30.80
1746612115, 0, 13, 355, 354, 10, 6.57%, 0, 0, 3, 30.07
1746612120, 0, 13, 356, 355, 10, 6.57%, 0, 0, 3, 31.43
1746612125, 0, 13, 357, 356, 10, 6.57%, 0, 0, 3, 31.65
1746612136, 0, 13, 359, 358, 10, 6.57%, 0, 0, 3, 31.22
1746612141, 0, 13, 361, 360, 10, 6.57%, 0, 0, 3, 32.54
1746612146, 0, 13, 362, 361, 10, 6.57%, 0, 0, 3, 30.92
1746612151, 0, 13, 363, 362, 10, 6.57%, 0, 0, 3, 31.42
1746612161, 0, 13, 364, 363, 10, 6.57%, 0, 0, 3, 29.74
1746612167, 0, 13, 368, 367, 10, 6.57%, 0, 0, 3, 28.61
1746612182, 0, 13, 370, 369, 10, 6.59%, 0, 0, 3, 25.91
1746612187, 0, 13, 371, 370, 10, 6.59%, 0, 0, 3, 30.69
1746612192, 0, 13, 372, 371, 10, 6.59%, 0, 0, 3, 30.41
1746612197, 0, 13, 374, 373, 10, 6.59%, 0, 0, 3, 30.76
1746612213, 0, 13, 375, 374, 10, 6.59%, 0, 0, 3, 31.83
1746612223, 0, 13, 376, 375, 10, 6.59%, 0, 0, 3, 30.70
1746612233, 0, 13, 377, 376, 10, 7.10%, 0, 0, 3, 3.89
1746612238, 0, 13, 378, 377, 10, 7.10%, 0, 0, 3, 35.71
1746612243, 0, 13, 380, 379, 10, 7.10%, 0, 0, 3, 32.11
1746612253, 0, 13, 381, 380, 10, 7.10%, 0, 0, 3, 31.32
1746612259, 0, 13, 382, 381, 10, 7.10%, 0, 0, 3, 31.04
1746612269, 0, 13, 383, 382, 10, 7.10%, 0, 0, 3, 31.57
1746612274, 0, 13, 385, 384, 10, 7.10%, 0, 0, 3, 28.05
1746612279, 0, 13, 387, 386, 10, 7.10%, 0, 0, 3, 29.61
1746612289, 0, 13, 388, 387, 10, 7.12%, 0, 0, 3, 28.28
1746612295, 0, 13, 389, 388, 10, 7.12%, 0, 0, 3, 29.83
1746612305, 0, 13, 390, 389, 10, 7.12%, 0, 0, 3, 30.30
1746612310, 0, 13, 391, 390, 10, 7.12%, 0, 0, 3, 30.95
1746612315, 0, 13, 393, 392, 10, 7.12%, 0, 0, 3, 30.22
1746612320, 0, 13, 394, 393, 10, 7.12%, 0, 0, 3, 29.88
1746612330, 0, 13, 397, 396, 10, 7.12%, 0, 0, 3, 31.52
1746612335, 0, 29, 397, 395, 11, 7.12%, 0, 0, 3, 33.69
1746612341, 0, 29, 398, 396, 11, 7.12%, 0, 0, 3, 31.18
1746612351, 0, 42, 399, 396, 11, 7.12%, 0, 0, 3, 33.08
1746612361, 0, 42, 400, 397, 11, 7.12%, 0, 0, 3, 31.37
1746612366, 0, 42, 401, 398, 11, 7.12%, 0, 0, 3, 31.35
1746612376, 0, 42, 402, 399, 11, 7.12%, 0, 0, 3, 26.21
1746612381, 0, 42, 403, 400, 11, 7.12%, 0, 0, 3, 30.09
1746612386, 0, 42, 405, 402, 11, 7.12%, 0, 0, 3, 31.05
1746612391, 0, 42, 406, 403, 11, 7.12%, 0, 0, 3, 31.67
1746612397, 0, 42, 407, 404, 11, 7.12%, 0, 0, 3, 32.55
1746612407, 0, 42, 408, 405, 11, 7.12%, 0, 0, 3, 30.79
1746612412, 0, 42, 409, 406, 11, 7.12%, 0, 0, 3, 32.50
1746612417, 0, 42, 412, 409, 11, 7.12%, 0, 0, 3, 32.04
1746612422, 0, 42, 413, 410, 11, 7.12%, 0, 0, 3, 31.22
1746612427, 0, 42, 414, 411, 11, 7.12%, 0, 0, 3, 31.59
1746612438, 0, 42, 415, 412, 11, 7.12%, 0, 0, 3, 33.12
1746612443, 0, 42, 416, 413, 11, 7.12%, 0, 0, 3, 31.09
1746612453, 0, 42, 417, 414, 11, 7.12%, 0, 0, 3, 33.01
1746612468, 0, 42, 418, 415, 11, 7.12%, 0, 0, 3, 31.26
1746612474, 0, 42, 419, 416, 11, 7.12%, 0, 0, 3, 31.05
1746612499, 0, 42, 420, 417, 11, 7.12%, 0, 0, 3, 31.85
1746612504, 0, 42, 421, 418, 11, 7.12%, 0, 0, 3, 31.73
1746612514, 0, 42, 422, 419, 11, 7.12%, 0, 0, 3, 31.37
1746612524, 0, 42, 423, 420, 11, 7.12%, 0, 0, 3, 31.78
1746612535, 0, 42, 424, 421, 11, 7.12%, 0, 0, 3, 31.97
1746612545, 0, 42, 425, 422, 11, 7.12%, 0, 0, 3, 30.97
1746612550, 0, 42, 426, 423, 11, 7.12%, 0, 0, 3, 31.82
1746612565, 0, 78, 428, 424, 10, 7.12%, 0, 0, 3, 31.68
1746612570, 0, 78, 430, 426, 10, 7.12%, 0, 0, 3, 32.76
1746612575, 0, 78, 431, 427, 10, 7.12%, 0, 0, 3, 32.47
1746612586, 0, 78, 433, 429, 10, 7.12%, 0, 0, 3, 33.67
1746612591, 0, 78, 434, 430, 10, 7.12%, 0, 0, 3, 32.66
1746612596, 0, 78, 435, 431, 10, 7.12%, 0, 0, 3, 31.93
1746612647, 0, 78, 436, 432, 10, 7.12%, 0, 0, 3, 30.70
1746612652, 0, 78, 437, 433, 10, 7.12%, 0, 0, 3, 32.42
1746612673, 0, 78, 438, 434, 10, 7.12%, 0, 0, 3, 33.81
1746612689, 0, 78, 439, 435, 10, 7.12%, 0, 0, 3, 31.18
1746612694, 0, 78, 441, 437, 10, 7.12%, 0, 0, 3, 30.65
1746612699, 0, 78, 442, 438, 10, 7.12%, 0, 0, 3, 31.74
1746612714, 0, 78, 443, 439, 10, 7.12%, 0, 0, 3, 32.34
1746612719, 0, 111, 443, 438, 8, 7.12%, 0, 0, 3, 38.88
1746612730, 0, 111, 444, 439, 8, 7.12%, 0, 0, 3, 33.90
1746612740, 0, 117, 444, 438, 8, 7.12%, 0, 0, 3, 37.43
1746612750, 0, 166, 444, 437, 8, 7.12%, 0, 0, 3, 31.86
1746612761, 0, 242, 444, 436, 8, 7.12%, 0, 0, 3, 24.35
1746612771, 0, 242, 448, 440, 8, 7.12%, 0, 0, 3, 21.41
1746612781, 0, 242, 450, 442, 8, 7.12%, 0, 0, 3, 26.23
1746612786, 0, 242, 451, 443, 8, 7.12%, 0, 0, 3, 27.66
1746612791, 0, 242, 452, 444, 8, 7.12%, 0, 0, 3, 28.71
1746612802, 0, 242, 453, 445, 8, 7.12%, 0, 0, 3, 26.11
1746612812, 0, 242, 454, 446, 8, 7.12%, 0, 0, 3, 27.79
1746612822, 0, 242, 455, 447, 8, 7.12%, 0, 0, 3, 28.14
1746612827, 0, 242, 457, 449, 8, 7.12%, 0, 0, 3, 27.66
1746612832, 0, 242, 458, 450, 8, 7.12%, 0, 0, 3, 28.29
1746612842, 0, 242, 459, 451, 8, 7.12%, 0, 0, 3, 29.23
1746612847, 0, 242, 460, 452, 8, 7.12%, 0, 0, 3, 28.64
1746612858, 0, 242, 461, 453, 8, 7.12%, 0, 0, 3, 28.11
1746612863, 0, 242, 462, 454, 8, 7.12%, 0, 0, 3, 28.18
1746612868, 0, 242, 463, 455, 8, 7.12%, 0, 0, 3, 27.49
1746612924, 0, 242, 465, 457, 8, 7.12%, 0, 0, 3, 28.17
1746612935, 0, 242, 466, 458, 8, 7.13%, 0, 0, 3, 23.55
1746612950, 0, 242, 467, 459, 8, 7.13%, 0, 0, 3, 27.64
1746612965, 0, 242, 468, 460, 8, 7.13%, 0, 0, 3, 27.95
1746612981, 0, 242, 469, 461, 8, 7.13%, 0, 0, 3, 23.78
1746612996, 0, 242, 470, 462, 8, 7.13%, 0, 0, 3, 27.57
1746613027, 0, 280, 470, 461, 9, 7.13%, 0, 0, 3, 26.95
1746613032, 0, 280, 471, 462, 9, 7.13%, 0, 0, 3, 25.70
1746613057, 0, 280, 472, 463, 9, 7.13%, 0, 0, 3, 24.20
1746613073, 0, 280, 474, 465, 9, 7.13%, 0, 0, 3, 27.35
1746613078, 0, 280, 477, 468, 9, 7.13%, 0, 0, 3, 26.23
1746613083, 0, 280, 479, 470, 9, 7.13%, 0, 0, 3, 27.91
1746613088, 0, 280, 480, 471, 9, 7.13%, 0, 0, 3, 27.85
1746613093, 0, 280, 482, 473, 9, 7.13%, 0, 0, 3, 26.53
1746613118, 0, 280, 483, 474, 9, 7.13%, 0, 0, 3, 27.54
1746613129, 0, 280, 485, 476, 9, 7.13%, 0, 0, 3, 27.44
1746613139, 0, 280, 486, 477, 9, 7.13%, 0, 0, 3, 26.77
1746613149, 0, 280, 487, 478, 9, 7.13%, 0, 0, 3, 27.17
1746613164, 0, 280, 489, 480, 9, 7.13%, 0, 0, 3, 26.88
1746613190, 0, 280, 490, 481, 9, 7.13%, 0, 0, 3, 28.08
1746613200, 0, 280, 491, 482, 9, 7.13%, 0, 0, 3, 27.76
1746613210, 0, 280, 492, 483, 9, 7.13%, 0, 0, 3, 25.21
1746613215, 0, 280, 493, 484, 9, 7.13%, 0, 0, 3, 25.95
1746613220, 0, 280, 494, 485, 9, 7.13%, 0, 0, 3, 27.46
1746613231, 0, 280, 495, 486, 9, 7.13%, 0, 0, 3, 26.36
1746613241, 0, 280, 496, 487, 9, 7.13%, 0, 0, 3, 27.22
1746613251, 0, 280, 497, 488, 9, 7.13%, 0, 0, 3, 26.31
1746613256, 0, 280, 498, 489, 9, 7.13%, 0, 0, 3, 27.10
1746613297, 0, 280, 499, 490, 9, 7.13%, 0, 0, 3, 26.01
1746613302, 0, 280, 500, 491, 9, 7.13%, 0, 0, 3, 26.45
1746613318, 0, 295, 501, 491, 9, 7.13%, 0, 0, 3, 26.53
1746613343, 0, 295, 502, 492, 9, 7.13%, 0, 0, 3, 27.90
1746613353, 0, 306, 502, 491, 8, 7.13%, 0, 0, 3, 27.13
1746613374, 0, 306, 503, 492, 8, 7.13%, 0, 0, 3, 28.63
1746613384, 0, 316, 505, 493, 8, 7.13%, 0, 0, 3, 26.85
1746613394, 0, 316, 506, 494, 8, 7.13%, 0, 0, 3, 27.30
1746613405, 0, 334, 508, 495, 9, 7.13%, 0, 0, 3, 24.70
1746613415, 0, 334, 509, 496, 9, 7.13%, 0, 0, 3, 22.89
1746613446, 0, 334, 511, 498, 9, 7.13%, 0, 0, 3, 23.01
1746613451, 0, 334, 512, 499, 9, 7.13%, 0, 0, 3, 22.93
1746613456, 0, 334, 514, 501, 9, 7.13%, 0, 0, 3, 26.35
1746613461, 0, 334, 515, 502, 9, 7.13%, 0, 0, 3, 26.72
1746613466, 0, 365, 515, 501, 9, 7.13%, 0, 0, 3, 27.50
1746613476, 0, 365, 516, 502, 9, 7.13%, 0, 0, 4, 25.95
1746613492, 0, 376, 516, 501, 10, 7.13%, 0, 0, 4, 28.47
1746613497, 0, 376, 517, 502, 10, 7.13%, 0, 0, 4, 3.88
1746613502, 0, 376, 519, 504, 10, 7.15%, 0, 0, 4, 23.92
1746613507, 0, 376, 522, 507, 10, 7.15%, 0, 0, 4, 3.79
1746613512, 0, 376, 523, 508, 10, 7.16%, 0, 0, 4, 3.99
1746613518, 0, 376, 526, 511, 10, 7.16%, 0, 0, 4, 3.75
1746613523, 0, 376, 527, 512, 10, 7.16%, 0, 0, 4, 4.03
1746613528, 0, 376, 530, 515, 10, 7.16%, 0, 0, 4, 4.33
1746613533, 0, 376, 533, 518, 10, 7.16%, 0, 0, 4, 4.79
1746613538, 0, 376, 535, 520, 10, 7.16%, 0, 0, 4, 4.20
1746613544, 0, 376, 537, 522, 10, 7.16%, 0, 0, 4, 3.95
1746613549, 0, 376, 540, 525, 10, 7.17%, 0, 0, 4, 4.79
1746613554, 0, 376, 542, 527, 10, 7.17%, 0, 0, 4, 4.28
1746613559, 0, 376, 545, 530, 10, 7.17%, 0, 0, 4, 4.80
1746613564, 0, 376, 548, 533, 10, 7.17%, 0, 0, 4, 4.14
1746613569, 0, 376, 550, 535, 10, 7.17%, 0, 0, 4, 3.91
1746613574, 0, 376, 552, 537, 10, 7.17%, 0, 0, 4, 3.80
1746613579, 0, 376, 554, 539, 10, 7.17%, 0, 0, 4, 3.78
1746613585, 0, 376, 556, 541, 10, 7.17%, 0, 0, 4, 3.82
1746613590, 0, 376, 558, 543, 10, 7.17%, 0, 0, 4, 4.00
1746613595, 0, 376, 560, 545, 10, 7.17%, 0, 0, 4, 3.98
1746613600, 0, 376, 562, 547, 10, 7.17%, 0, 0, 4, 4.26
1746613605, 0, 376, 566, 551, 10, 7.17%, 0, 0, 4, 6.38
1746613610, 0, 376, 568, 553, 10, 7.17%, 0, 0, 4, 5.01
1746613615, 0, 376, 570, 555, 10, 7.17%, 0, 0, 4, 5.01
1746613620, 0, 376, 572, 557, 10, 7.57%, 0, 0, 4, 4.14
1746613625, 0, 376, 575, 560, 10, 7.57%, 0, 0, 4, 4.65
1746613630, 0, 376, 577, 562, 10, 7.57%, 0, 0, 4, 4.36
1746613635, 0, 376, 579, 564, 10, 7.57%, 0, 0, 4, 4.37
1746613641, 0, 376, 581, 566, 10, 7.57%, 0, 0, 4, 4.06
1746613646, 0, 376, 584, 569, 10, 7.57%, 0, 0, 4, 4.15
1746613651, 0, 376, 586, 571, 10, 7.57%, 0, 0, 4, 4.53
1746613656, 0, 376, 588, 573, 10, 7.57%, 0, 0, 4, 4.79
1746613661, 0, 376, 590, 575, 10, 7.57%, 0, 0, 4, 4.36
1746613667, 0, 376, 592, 577, 10, 7.57%, 0, 0, 4, 4.05
1746613672, 0, 376, 594, 579, 10, 7.57%, 0, 0, 4, 4.26
1746613677, 0, 376, 596, 581, 10, 7.57%, 0, 0, 4, 4.29
1746613682, 0, 376, 599, 584, 10, 7.57%, 0, 0, 4, 4.22
1746613687, 0, 376, 601, 586, 10, 7.57%, 0, 0, 4, 4.09
1746613692, 0, 376, 602, 587, 10, 7.58%, 0, 0, 4, 3.98
1746613697, 0, 376, 604, 589, 10, 7.58%, 0, 0, 4, 3.96
1746613702, 0, 376, 605, 590, 10, 7.58%, 0, 0, 4, 3.85
1746613707, 0, 376, 606, 591, 10, 7.58%, 0, 0, 4, 3.76
1746613713, 0, 376, 608, 593, 10, 7.58%, 0, 0, 4, 3.92
1746613718, 0, 376, 610, 595, 10, 7.58%, 0, 0, 4, 3.92
1746613723, 0, 376, 612, 597, 10, 7.58%, 0, 0, 4, 4.24
1746613728, 0, 376, 614, 599, 10, 7.58%, 0, 0, 4, 4.09
1746613733, 0, 376, 616, 601, 10, 7.58%, 0, 0, 4, 4.32
1746613738, 0, 376, 617, 602, 10, 7.58%, 0, 0, 4, 4.11
1746613744, 0, 376, 619, 604, 10, 7.58%, 0, 0, 4, 3.96
1746613749, 0, 376, 621, 606, 10, 7.58%, 0, 0, 4, 3.82
1746613754, 0, 376, 622, 607, 10, 7.58%, 0, 0, 4, 4.07
1746613759, 0, 376, 624, 609, 10, 7.58%, 0, 0, 4, 3.98
1746613764, 0, 376, 626, 611, 10, 7.58%, 0, 0, 4, 3.92
1746613770, 0, 376, 627, 612, 10, 7.58%, 0, 0, 4, 3.87
1746613775, 0, 376, 630, 615, 10, 7.58%, 0, 0, 4, 4.08
1746613780, 0, 376, 632, 617, 10, 7.58%, 0, 0, 4, 3.99
1746613785, 0, 376, 634, 619, 10, 7.58%, 0, 0, 4, 3.94
1746613790, 0, 376, 636, 621, 10, 7.58%, 0, 0, 4, 4.03
1746613795, 0, 376, 637, 622, 10, 7.58%, 0, 0, 4, 4.12
1746613800, 0, 376, 640, 625, 10, 7.58%, 0, 0, 4, 4.14
1746613805, 0, 376, 641, 626, 10, 7.58%, 0, 0, 4, 3.84
1746613811, 0, 376, 642, 627, 10, 7.58%, 0, 0, 4, 3.82
1746613816, 0, 376, 644, 629, 10, 7.58%, 0, 0, 4, 3.94
1746613821, 0, 376, 646, 631, 10, 7.58%, 0, 0, 4, 4.01
1746613826, 0, 376, 647, 632, 10, 7.58%, 0, 0, 4, 3.98
1746613831, 0, 376, 649, 634, 10, 7.58%, 0, 0, 4, 4.01
1746613836, 0, 376, 650, 635, 10, 7.58%, 0, 0, 4, 3.89
1746613841, 0, 376, 652, 637, 10, 7.58%, 0, 0, 4, 3.86
1746613846, 0, 376, 654, 639, 10, 7.58%, 0, 0, 4, 3.99
1746613851, 0, 376, 656, 641, 10, 7.58%, 0, 0, 4, 3.77
1746613857, 0, 376, 657, 642, 10, 7.58%, 0, 0, 4, 3.71
1746613862, 0, 376, 659, 644, 10, 7.58%, 0, 0, 4, 3.80
1746613867, 0, 376, 660, 645, 10, 7.58%, 0, 0, 4, 3.83
1746613877, 0, 376, 661, 646, 10, 7.58%, 0, 0, 4, 5.67
1746613883, 0, 376, 663, 648, 10, 7.58%, 0, 0, 4, 5.80
1746613888, 0, 376, 665, 650, 10, 7.58%, 0, 0, 4, 4.55
1746613893, 0, 376, 668, 653, 10, 7.58%, 0, 0, 4, 5.27
1746613898, 0, 376, 670, 655, 10, 7.58%, 0, 0, 4, 4.68
1746613903, 0, 376, 672, 657, 10, 7.58%, 0, 0, 4, 4.75
1746613909, 0, 376, 674, 659, 10, 7.58%, 0, 0, 4, 4.58
1746613914, 0, 376, 675, 660, 10, 7.58%, 0, 0, 4, 4.51
1746613919, 0, 376, 676, 661, 10, 7.58%, 0, 0, 4, 4.44
1746613924, 0, 376, 679, 664, 10, 7.58%, 0, 0, 4, 4.47
1746613929, 0, 376, 681, 666, 10, 7.58%, 0, 0, 4, 4.90
1746613934, 0, 376, 682, 667, 10, 7.58%, 0, 0, 4, 4.41
1746613939, 0, 376, 683, 668, 10, 7.59%, 0, 0, 4, 4.19
1746613944, 0, 376, 685, 670, 10, 7.59%, 0, 0, 4, 4.02
1746613949, 0, 376, 687, 672, 10, 7.59%, 0, 0, 4, 4.31
1746613954, 0, 376, 689, 674, 10, 7.59%, 0, 0, 4, 4.04
1746613959, 0, 376, 691, 676, 10, 7.59%, 0, 0, 4, 4.20
1746613964, 0, 376, 692, 677, 10, 7.59%, 0, 0, 4, 4.13
1746613970, 0, 376, 694, 679, 10, 7.59%, 0, 0, 4, 4.17
1746613980, 0, 376, 696, 681, 10, 7.59%, 0, 0, 4, 4.03
1746613985, 0, 376, 697, 682, 10, 7.59%, 0, 0, 4, 4.03
1746613995, 0, 376, 699, 684, 10, 7.59%, 0, 0, 4, 3.99
1746614000, 0, 376, 701, 686, 10, 7.59%, 0, 0, 4, 4.02
1746614005, 0, 376, 703, 688, 10, 7.59%, 0, 0, 4, 3.82
1746614010, 0, 376, 704, 689, 10, 7.59%, 0, 0, 4, 3.77
1746614015, 0, 376, 705, 690, 10, 7.59%, 0, 0, 4, 4.13
1746614021, 0, 376, 707, 692, 10, 7.59%, 0, 0, 4, 4.05
1746614026, 0, 376, 709, 694, 10, 7.59%, 0, 0, 4, 3.98
1746614031, 0, 376, 711, 696, 10, 7.59%, 0, 0, 4, 4.10
1746614036, 0, 376, 713, 698, 10, 7.59%, 0, 0, 4, 3.91
1746614041, 0, 376, 714, 699, 10, 7.59%, 0, 0, 4, 4.02
1746614047, 0, 376, 716, 701, 10, 7.59%, 0, 0, 4, 4.11
1746614052, 0, 376, 718, 703, 10, 7.59%, 0, 0, 4, 3.88
1746614062, 0, 376, 720, 705, 10, 7.59%, 0, 0, 4, 3.60
1746614067, 0, 376, 722, 707, 10, 7.59%, 0, 0, 4, 3.82
1746614072, 0, 376, 723, 708, 10, 7.59%, 0, 0, 4, 3.94
1746614077, 0, 376, 725, 710, 10, 7.59%, 0, 0, 4, 3.97
1746614082, 0, 376, 726, 711, 10, 7.59%, 0, 0, 4, 3.96
1746614087, 0, 376, 728, 713, 10, 7.59%, 0, 0, 4, 3.86
1746614098, 0, 376, 729, 714, 10, 7.59%, 0, 0, 4, 3.86
1746614108, 0, 376, 730, 715, 10, 7.59%, 0, 0, 4, 24.63
1746614113, 0, 376, 731, 716, 10, 7.60%, 0, 0, 4, 4.27
1746614118, 0, 376, 733, 718, 10, 7.60%, 0, 0, 4, 5.03
1746614123, 0, 376, 735, 720, 10, 7.60%, 0, 0, 4, 4.62
1746614133, 0, 376, 737, 722, 10, 7.61%, 0, 0, 4, 5.72
1746614139, 0, 376, 739, 724, 10, 7.61%, 0, 0, 4, 4.81
1746614144, 0, 376, 740, 725, 10, 7.61%, 0, 0, 4, 4.56
1746614149, 0, 376, 742, 727, 10, 7.61%, 0, 0, 4, 4.24
1746614154, 0, 376, 743, 728, 10, 7.61%, 0, 0, 4, 4.40
1746614159, 0, 376, 745, 730, 10, 7.61%, 0, 0, 4, 4.29
1746614164, 0, 376, 746, 731, 10, 7.61%, 0, 0, 4, 3.99
1746614169, 0, 376, 747, 732, 10, 7.61%, 0, 0, 4, 3.76
1746614175, 0, 376, 748, 733, 10, 7.61%, 0, 0, 4, 3.85
1746614185, 0, 376, 750, 735, 10, 7.61%, 0, 0, 4, 3.92
1746614190, 0, 376, 751, 736, 10, 7.61%, 0, 0, 4, 4.05
1746614195, 0, 376, 752, 737, 10, 7.61%, 0, 0, 4, 3.97
1746614200, 0, 376, 753, 738, 10, 7.61%, 0, 0, 4, 3.82
1746614211, 0, 376, 754, 739, 10, 7.61%, 0, 0, 4, 3.96
1746614216, 0, 376, 756, 741, 10, 7.61%, 0, 0, 4, 3.98
1746614221, 0, 376, 757, 742, 10, 7.61%, 0, 0, 4, 4.06
1746614226, 0, 376, 759, 744, 10, 7.61%, 0, 0, 4, 4.05
1746614231, 0, 376, 761, 746, 10, 7.61%, 0, 0, 4, 3.99
1746614236, 0, 376, 762, 747, 10, 7.61%, 0, 0, 4, 3.72
1746614241, 0, 376, 764, 749, 10, 7.62%, 0, 0, 4, 3.71
1746614251, 0, 376, 766, 751, 10, 7.62%, 0, 0, 4, 3.75
1746614256, 0, 376, 767, 752, 10, 7.62%, 0, 0, 4, 3.66
1746614277, 0, 376, 768, 753, 10, 7.62%, 0, 0, 4, 3.95
1746614282, 0, 376, 770, 755, 10, 7.62%, 0, 0, 4, 10.65
1746614287, 0, 376, 771, 756, 10, 7.62%, 0, 0, 4, 5.82
1746614292, 0, 376, 772, 757, 10, 7.62%, 0, 0, 4, 4.34
1746614297, 0, 376, 773, 758, 10, 7.62%, 0, 0, 4, 20.85
1746614302, 0, 376, 775, 760, 10, 7.70%, 0, 0, 4, 9.53
1746614308, 0, 376, 776, 761, 10, 7.70%, 0, 0, 4, 5.35
1746614313, 0, 376, 778, 763, 10, 7.70%, 0, 0, 4, 4.21
1746614318, 0, 376, 779, 764, 10, 7.70%, 0, 0, 4, 3.72
1746614323, 0, 376, 781, 766, 10, 7.70%, 0, 0, 4, 3.59
1746614328, 0, 376, 783, 768, 10, 7.70%, 0, 0, 4, 3.41
1746614333, 0, 376, 785, 770, 10, 7.70%, 0, 0, 4, 3.22
1746614338, 0, 376, 786, 771, 10, 7.70%, 0, 0, 4, 3.26
1746614343, 0, 376, 788, 773, 10, 7.70%, 0, 0, 4, 3.78
1746614348, 0, 376, 790, 775, 10, 7.70%, 0, 0, 4, 3.82
1746614353, 0, 376, 792, 777, 10, 7.70%, 0, 0, 4, 3.50
1746614359, 0, 376, 793, 778, 10, 7.70%, 0, 0, 4, 3.26
1746614364, 0, 376, 794, 779, 10, 7.70%, 0, 0, 4, 3.11
1746614369, 0, 376, 796, 781, 10, 7.70%, 0, 0, 4, 3.14
1746614374, 0, 376, 797, 782, 10, 7.70%, 0, 0, 4, 3.15
1746614379, 0, 376, 799, 784, 10, 7.70%, 0, 0, 4, 2.93
1746614384, 0, 376, 800, 785, 10, 7.70%, 0, 0, 4, 2.90
1746614389, 0, 376, 801, 786, 10, 7.70%, 0, 0, 4, 3.12
1746614395, 0, 376, 802, 787, 10, 7.70%, 0, 0, 4, 12.71
1746614400, 0, 376, 803, 788, 10, 7.70%, 0, 0, 4, 15.49
1746614405, 0, 376, 804, 789, 10, 7.70%, 0, 0, 4, 13.50
1746614410, 0, 376, 805, 790, 10, 7.70%, 0, 0, 4, 16.86
1746614436, 0, 376, 806, 791, 10, 7.70%, 0, 0, 4, 4.52
1746614441, 0, 376, 807, 792, 10, 7.70%, 0, 0, 4, 4.60
1746614446, 0, 376, 809, 794, 10, 7.70%, 0, 0, 4, 5.37
1746614462, 0, 376, 811, 796, 10, 7.70%, 0, 0, 4, 5.44
1746614472, 0, 376, 812, 797, 10, 7.70%, 0, 0, 4, 6.00
1746614477, 0, 376, 813, 798, 10, 7.70%, 0, 0, 4, 5.14
1746614508, 0, 376, 814, 799, 10, 7.70%, 0, 0, 4, 5.26
1746614513, 0, 376, 816, 801, 10, 7.70%, 0, 0, 4, 6.30
1746614518, 0, 376, 817, 802, 10, 7.70%, 0, 0, 4, 6.07
1746614523, 0, 376, 820, 805, 10, 7.70%, 0, 0, 4, 7.23
1746614528, 0, 376, 822, 807, 10, 7.70%, 0, 0, 4, 7.48
1746614533, 0, 376, 823, 808, 10, 7.70%, 0, 0, 4, 5.94
1746614538, 0, 376, 824, 809, 10, 7.70%, 0, 0, 4, 6.08
1746614544, 0, 376, 825, 810, 10, 7.70%, 0, 0, 4, 5.23
1746614549, 0, 376, 826, 811, 10, 7.70%, 0, 0, 4, 4.45
1746614554, 0, 376, 827, 812, 10, 7.70%, 0, 0, 4, 4.43
1746614564, 0, 376, 828, 813, 10, 7.70%, 0, 0, 4, 3.92
1746614580, 0, 376, 829, 814, 10, 7.70%, 0, 0, 4, 4.00
1746614590, 0, 376, 830, 815, 10, 7.70%, 0, 0, 4, 4.20
1746614595, 0, 376, 831, 816, 10, 7.70%, 0, 0, 4, 3.99
1746614631, 0, 376, 832, 817, 10, 7.70%, 0, 0, 4, 3.99
1746614657, 0, 376, 833, 818, 10, 7.70%, 0, 0, 4, 3.90
1746614755, 0, 376, 834, 819, 10, 7.70%, 0, 0, 4, 4.13
1746614770, 0, 376, 835, 820, 10, 7.70%, 0, 0, 4, 4.04
1746614791, 0, 376, 836, 821, 10, 7.70%, 0, 0, 4, 4.02
1746614842, 0, 376, 838, 823, 10, 7.70%, 0, 0, 4, 3.83
1746614873, 0, 376, 839, 824, 10, 7.70%, 0, 0, 4, 4.18
1746614883, 0, 376, 840, 825, 10, 7.70%, 0, 0, 4, 4.00
1746614888, 0, 376, 841, 826, 10, 7.70%, 0, 0, 4, 4.04
1746614903, 0, 376, 842, 827, 10, 7.70%, 0, 0, 4, 4.01
1746614919, 0, 376, 843, 828, 10, 7.70%, 0, 0, 4, 4.05
1746614929, 0, 376, 844, 829, 10, 7.70%, 0, 0, 4, 4.00
1746614945, 0, 376, 845, 830, 10, 7.70%, 0, 0, 4, 3.86
1746614955, 0, 376, 847, 832, 10, 7.70%, 0, 0, 4, 3.60
1746614970, 0, 376, 848, 833, 10, 7.70%, 0, 0, 4, 3.68
1746614996, 0, 376, 849, 834, 10, 7.70%, 0, 0, 4, 3.77
1746615011, 0, 376, 851, 836, 10, 7.70%, 0, 0, 4, 3.61
1746615016, 0, 376, 852, 837, 10, 7.70%, 0, 0, 4, 3.64
1746615027, 0, 376, 853, 838, 10, 7.70%, 0, 0, 4, 3.77
1746615032, 0, 376, 855, 840, 10, 7.70%, 0, 0, 4, 3.60
1746615037, 0, 376, 856, 841, 10, 7.70%, 0, 0, 4, 3.61
1746615053, 0, 376, 857, 842, 10, 7.70%, 0, 0, 4, 3.83
1746615191, 0, 376, 858, 843, 10, 7.70%, 0, 0, 4, 6.72
1746615242, 0, 376, 859, 844, 10, 7.70%, 0, 0, 4, 3.97
1746615247, 0, 376, 860, 845, 10, 7.70%, 0, 0, 4, 3.90
1746615278, 0, 376, 861, 846, 10, 7.70%, 0, 0, 4, 3.65
1746615319, 0, 376, 862, 847, 10, 7.70%, 0, 0, 4, 3.71
1746615334, 0, 376, 863, 848, 10, 7.70%, 0, 0, 4, 3.70
1746615340, 0, 376, 864, 849, 10, 7.70%, 0, 0, 4, 3.83
1746615350, 0, 376, 865, 850, 10, 7.70%, 0, 0, 4, 3.88
1746615355, 0, 376, 866, 851, 10, 7.70%, 0, 0, 4, 3.93
1746615365, 0, 376, 867, 852, 10, 7.70%, 0, 0, 4, 3.70
1746615402, 0, 376, 869, 854, 10, 7.70%, 0, 0, 4, 3.18
1746615407, 0, 376, 870, 855, 10, 7.70%, 0, 0, 4, 3.24
1746615412, 0, 376, 871, 856, 10, 7.70%, 0, 0, 4, 3.18
1746615417, 0, 376, 873, 858, 10, 7.70%, 0, 0, 4, 3.14
1746615422, 0, 376, 874, 859, 10, 7.70%, 0, 0, 4, 3.33
1746615443, 0, 376, 875, 860, 10, 7.70%, 0, 0, 4, 3.37
1746615463, 0, 376, 876, 861, 10, 7.70%, 0, 0, 4, 3.41
1746615524, 0, 376, 877, 862, 10, 7.70%, 0, 0, 4, 3.70
1746615570, 0, 376, 878, 863, 10, 7.70%, 0, 0, 4, 3.19
1746615576, 0, 376, 879, 864, 10, 7.70%, 0, 0, 4, 24.15
1746615601, 0, 376, 880, 865, 10, 7.70%, 0, 0, 4, 4.20
1746615637, 0, 376, 882, 867, 10, 7.70%, 0, 0, 4, 5.41
1746615648, 0, 376, 883, 868, 10, 7.70%, 0, 0, 4, 5.03
1746615668, 0, 376, 884, 869, 10, 7.70%, 0, 0, 4, 6.87
1746615673, 0, 376, 885, 870, 10, 7.70%, 0, 0, 4, 5.18
1746615678, 0, 376, 886, 871, 10, 7.70%, 0, 0, 4, 4.91
1746615684, 0, 376, 887, 872, 10, 7.70%, 0, 0, 4, 4.52
1746615694, 0, 376, 888, 873, 10, 7.70%, 0, 0, 4, 4.39
1746615709, 0, 376, 889, 874, 10, 7.70%, 0, 0, 4, 4.08
1746615730, 0, 376, 890, 875, 10, 7.70%, 0, 0, 4, 3.88
1746615776, 0, 376, 891, 876, 10, 7.70%, 0, 0, 4, 3.92
1746615786, 0, 376, 892, 877, 10, 7.70%, 0, 0, 4, 4.02
1746615791, 0, 376, 893, 878, 10, 7.70%, 0, 0, 4, 4.01
1746615802, 0, 376, 894, 879, 10, 7.70%, 0, 0, 4, 4.04
1746615807, 0, 376, 895, 880, 10, 7.70%, 0, 0, 4, 3.95
1746615842, 0, 376, 896, 881, 10, 7.70%, 0, 0, 4, 4.09
1746615848, 0, 376, 897, 882, 10, 7.70%, 0, 0, 4, 4.03
1746615863, 0, 376, 898, 883, 10, 7.70%, 0, 0, 4, 4.07
1746615878, 0, 376, 899, 884, 10, 7.70%, 0, 0, 4, 3.82
1746615884, 0, 376, 900, 885, 10, 7.70%, 0, 0, 4, 3.43
1746615889, 0, 376, 901, 886, 10, 7.70%, 0, 0, 4, 3.66
1746615894, 0, 376, 902, 887, 10, 7.70%, 0, 0, 4, 3.67
1746615904, 0, 376, 903, 888, 10, 7.70%, 0, 0, 4, 3.77
1746615915, 0, 376, 904, 889, 10, 7.70%, 0, 0, 4, 3.45
1746615920, 0, 376, 905, 890, 10, 7.70%, 0, 0, 4, 3.48
1746615930, 0, 376, 906, 891, 10, 7.70%, 0, 0, 4, 3.66
1746615940, 0, 376, 907, 892, 10, 7.70%, 0, 0, 4, 3.60
1746615992, 0, 376, 908, 893, 10, 7.70%, 0, 0, 4, 7.65
1746615997, 0, 376, 909, 894, 10, 7.70%, 0, 0, 4, 6.64
1746616003, 0, 376, 910, 895, 10, 7.70%, 0, 0, 4, 5.96
1746616013, 0, 376, 911, 896, 10, 7.70%, 0, 0, 4, 6.30
1746616033, 0, 376, 912, 897, 10, 7.70%, 0, 0, 4, 6.94
1746616039, 0, 376, 913, 898, 10, 7.70%, 0, 0, 4, 6.01
1746616059, 0, 376, 914, 899, 10, 7.70%, 0, 0, 4, 4.92
1746616064, 0, 376, 915, 900, 10, 7.70%, 0, 0, 4, 3.91
1746616080, 0, 376, 916, 901, 10, 7.70%, 0, 0, 4, 3.75
1746616090, 0, 376, 917, 902, 10, 7.70%, 0, 0, 4, 3.92
1746616105, 0, 376, 918, 903, 10, 7.70%, 0, 0, 4, 3.64
1746616116, 0, 376, 919, 904, 10, 7.70%, 0, 0, 4, 3.77
1746616131, 0, 376, 920, 905, 10, 7.70%, 0, 0, 4, 3.57
1746616147, 0, 376, 922, 907, 10, 7.70%, 0, 0, 4, 3.45
1746616162, 0, 376, 923, 908, 10, 7.70%, 0, 0, 4, 3.64
1746616167, 0, 376, 924, 909, 10, 7.70%, 0, 0, 4, 3.57
1746616172, 0, 376, 925, 910, 10, 7.70%, 0, 0, 4, 3.37
1746616198, 0, 376, 926, 911, 10, 7.70%, 0, 0, 4, 3.55
1746616203, 0, 376, 927, 912, 10, 7.70%, 0, 0, 4, 3.68
1746616224, 0, 376, 928, 913, 10, 7.70%, 0, 0, 4, 3.78
1746616234, 0, 376, 929, 914, 10, 7.70%, 0, 0, 4, 3.74
1746616259, 0, 376, 930, 915, 10, 7.70%, 0, 0, 4, 3.75
1746616264, 0, 376, 931, 916, 10, 7.70%, 0, 0, 4, 3.86
1746616290, 0, 376, 932, 917, 10, 7.70%, 0, 0, 4, 3.90
1746616336, 0, 376, 933, 918, 10, 7.70%, 0, 0, 4, 3.44
1746616347, 0, 376, 934, 919, 10, 7.70%, 0, 0, 4, 3.53
1746616372, 0, 376, 936, 921, 10, 7.70%, 0, 0, 4, 3.58
1746616383, 0, 376, 937, 922, 10, 7.70%, 0, 0, 4, 3.28
1746616388, 0, 376, 938, 923, 10, 7.70%, 0, 0, 4, 3.31
1746616398, 0, 376, 939, 924, 10, 7.70%, 0, 0, 4, 3.58
1746616413, 0, 376, 941, 926, 10, 7.70%, 0, 0, 4, 3.50
1746616418, 0, 376, 942, 927, 10, 7.70%, 0, 0, 4, 3.30
1746616429, 0, 376, 943, 928, 10, 7.70%, 0, 0, 4, 3.23
1746616454, 0, 376, 944, 929, 10, 7.70%, 0, 0, 4, 3.65
1746616542, 0, 376, 946, 931, 10, 7.70%, 0, 0, 4, 4.78
1746616547, 0, 376, 947, 932, 10, 7.70%, 0, 0, 4, 7.24
1746616552, 0, 376, 948, 933, 10, 7.70%, 0, 0, 4, 9.54
1746616557, 0, 376, 949, 934, 10, 7.70%, 0, 0, 4, 10.26
1746616563, 0, 376, 950, 935, 10, 7.70%, 0, 0, 4, 11.10
1746616578, 0, 376, 951, 936, 10, 7.70%, 0, 0, 4, 9.25
1746616583, 0, 376, 952, 937, 10, 7.70%, 0, 0, 4, 8.27
1746616594, 0, 376, 953, 938, 10, 7.70%, 0, 0, 4, 14.78
1746616599, 0, 376, 954, 939, 10, 7.70%, 0, 0, 4, 7.51
1746616630, 0, 376, 955, 940, 10, 7.70%, 0, 0, 4, 7.46
1746616635, 0, 376, 956, 941, 10, 7.70%, 0, 0, 4, 8.31
1746616651, 0, 376, 957, 942, 10, 7.70%, 0, 0, 4, 11.23
1746616666, 0, 376, 958, 943, 10, 7.70%, 0, 0, 4, 7.79
1746616682, 0, 376, 959, 944, 10, 7.70%, 0, 0, 4, 5.94
1746616687, 0, 376, 961, 946, 10, 7.70%, 0, 0, 4, 5.10
1746616698, 0, 376, 962, 947, 10, 8.17%, 0, 0, 4, 7.49
1746616714, 0, 376, 964, 949, 10, 8.17%, 0, 0, 4, 5.79
1746616740, 0, 376, 965, 950, 10, 8.17%, 0, 0, 4, 1.75
1746616750, 0, 376, 966, 951, 10, 8.17%, 0, 0, 4, 6.00
1746616755, 0, 376, 967, 952, 10, 8.17%, 0, 0, 4, 7.34
1746616765, 0, 376, 968, 953, 10, 8.17%, 0, 0, 4, 8.96
1746616776, 0, 376, 969, 954, 10, 8.17%, 0, 0, 4, 6.18
1746616801, 0, 376, 970, 955, 10, 8.17%, 0, 0, 4, 1.72
1746616816, 0, 376, 971, 956, 10, 8.17%, 0, 0, 4, 6.61
1746616832, 0, 376, 972, 957, 10, 8.24%, 0, 0, 4, 4.15
1746616842, 0, 376, 974, 959, 10, 8.24%, 0, 0, 4, 5.83
1746616847, 0, 376, 975, 960, 10, 8.24%, 0, 0, 4, 5.22
1746616894, 0, 376, 976, 961, 10, 8.25%, 0, 0, 4, 5.03
1746616916, 0, 376, 977, 962, 10, 8.26%, 0, 0, 4, 6.01
1746616926, 0, 376, 978, 963, 10, 8.26%, 0, 0, 4, 7.90
1746616936, 0, 376, 979, 964, 10, 8.26%, 0, 0, 4, 7.46
1746616947, 0, 376, 980, 965, 10, 8.26%, 0, 0, 4, 7.35
1746616962, 0, 376, 982, 967, 10, 8.26%, 0, 0, 4, 8.52
1746616983, 0, 376, 983, 968, 10, 8.26%, 0, 0, 4, 9.28
1746616993, 0, 376, 984, 969, 10, 8.26%, 0, 0, 4, 6.42
1746617009, 0, 376, 985, 970, 10, 8.26%, 0, 0, 4, 6.59
1746617015, 0, 376, 986, 971, 10, 8.26%, 0, 0, 4, 1.29
1746617025, 0, 376, 987, 972, 10, 8.26%, 0, 0, 4, 2.94
1746617030, 0, 376, 988, 973, 10, 8.26%, 0, 0, 4, 2.36
1746617041, 0, 376, 989, 974, 10, 8.26%, 0, 0, 4, 6.55
1746617057, 0, 376, 990, 975, 10, 8.26%, 0, 0, 4, 6.45
1746617067, 0, 376, 991, 976, 10, 8.26%, 0, 0, 4, 6.26
1746617072, 0, 376, 992, 977, 10, 8.26%, 0, 0, 4, 5.52
1746617083, 0, 376, 993, 978, 10, 8.26%, 0, 0, 4, 7.09
1746617108, 0, 376, 994, 979, 10, 8.26%, 0, 0, 4, 9.40
1746617114, 0, 376, 995, 980, 10, 8.48%, 0, 0, 4, 1.50
1746617119, 0, 376, 996, 981, 10, 8.48%, 0, 0, 4, 5.65
1746617135, 0, 376, 997, 982, 10, 8.48%, 0, 0, 4, 6.52
1746617151, 0, 376, 998, 983, 10, 8.96%, 0, 0, 4, 1.29
1746617156, 0, 376, 999, 984, 10, 8.96%, 0, 0, 4, 1.92
1746617172, 0, 376, 1000, 985, 10, 8.96%, 0, 0, 4, 7.56
1746617177, 0, 376, 1001, 986, 10, 8.96%, 0, 0, 4, 8.79
1746617188, 0, 376, 1002, 987, 10, 8.96%, 0, 0, 4, 6.34
1746617204, 0, 376, 1003, 988, 10, 8.96%, 0, 0, 4, 6.59
1746617209, 0, 376, 1004, 989, 10, 8.96%, 0, 0, 4, 7.13
1746617225, 0, 376, 1005, 990, 10, 8.96%, 0, 0, 4, 9.27
1746617266, 0, 376, 1006, 991, 10, 8.96%, 0, 0, 4, 1.84
1746617271, 0, 376, 1007, 992, 10, 8.96%, 0, 0, 4, 2.67
1746617281, 0, 376, 1008, 993, 10, 8.96%, 0, 0, 4, 4.25
1746617292, 0, 376, 1009, 994, 10, 8.96%, 0, 0, 4, 6.65
1746617344, 0, 376, 1010, 995, 10, 9.36%, 0, 0, 4, 8.24
1746617355, 0, 376, 1011, 996, 10, 9.36%, 0, 0, 4, 6.10
1746617365, 0, 376, 1012, 997, 10, 9.36%, 0, 0, 4, 7.29
1746617380, 0, 376, 1013, 998, 10, 9.36%, 0, 0, 4, 7.89
1746617390, 0, 376, 1014, 999, 10, 9.36%, 0, 0, 4, 6.14
1746617401, 0, 376, 1015, 1000, 10, 9.36%, 0, 0, 4, 7.10
1746617406, 0, 376, 1016, 1001, 10, 9.36%, 0, 0, 4, 7.96
1746617411, 0, 376, 1017, 1002, 10, 9.36%, 0, 0, 4, 6.41
1746617421, 0, 376, 1018, 1003, 10, 9.36%, 0, 0, 4, 8.48
1746617432, 0, 376, 1019, 1004, 10, 9.36%, 0, 0, 4, 6.82
1746617452, 0, 376, 1020, 1005, 10, 9.37%, 0, 0, 4, 8.44
1746617468, 0, 376, 1021, 1006, 10, 9.37%, 0, 0, 4, 1.51
1746617474, 0, 376, 1022, 1007, 10, 9.37%, 0, 0, 4, 8.02
1746617489, 0, 376, 1023, 1008, 10, 9.37%, 0, 0, 4, 7.01
1746617500, 0, 376, 1024, 1009, 10, 9.37%, 0, 0, 4, 8.14
1746617505, 0, 376, 1025, 1010, 10, 9.37%, 0, 0, 4, 8.68
1746617526, 0, 376, 1026, 1011, 10, 9.37%, 0, 0, 4, 6.75
1746617541, 0, 376, 1027, 1012, 10, 9.37%, 0, 0, 4, 8.01
1746617552, 0, 376, 1028, 1013, 10, 9.37%, 0, 0, 4, 5.81
1746617562, 0, 376, 1028, 1013, 10, 9.37%, 0, 1, 4, 10.81
1746617578, 0, 376, 1029, 1014, 10, 9.37%, 0, 1, 4, 6.07
1746617609, 0, 376, 1030, 1015, 10, 9.37%, 0, 1, 4, 2.25
1746617619, 0, 448, 1030, 1014, 22, 9.37%, 0, 1, 4, 16.22
1746617685, 0, 452, 1030, 1013, 21, 9.37%, 0, 1, 4, 13.24
1746617696, 0, 452, 1032, 1015, 21, 9.37%, 0, 1, 4, 10.45
1746617732, 0, 452, 1033, 1016, 21, 9.37%, 0, 1, 4, 7.74
1746617742, 0, 452, 1036, 1019, 21, 9.37%, 0, 1, 4, 9.48
1746617763, 0, 452, 1037, 1020, 21, 9.37%, 0, 1, 4, 9.36
1746617768, 0, 452, 1038, 1021, 21, 9.37%, 0, 1, 4, 13.47
1746617803, 0, 460, 1038, 1020, 21, 9.37%, 0, 1, 4, 16.35
1746618250, 0, 468, 1038, 1019, 21, 9.37%, 0, 1, 4, 13.32
1746618266, 0, 468, 1039, 1020, 21, 9.37%, 0, 1, 4, 4.92
1746618271, 0, 468, 1040, 1021, 21, 9.37%, 0, 1, 4, 4.91
1746618291, 0, 468, 1041, 1022, 21, 9.37%, 0, 1, 4, 4.95
1746618410, 0, 468, 1042, 1023, 21, 9.37%, 0, 1, 4, 5.03
1746618415, 0, 468, 1044, 1025, 21, 9.37%, 0, 1, 4, 5.32
1746618543, 0, 468, 1045, 1026, 21, 9.37%, 0, 1, 4, 5.52
1746618605, 0, 468, 1046, 1027, 21, 9.37%, 0, 1, 4, 6.25
1746618656, 0, 504, 1046, 1026, 20, 9.37%, 0, 1, 4, 15.73
1746618692, 0, 505, 1046, 1025, 19, 9.37%, 0, 1, 4, 19.00
1746618733, 0, 624, 1046, 1024, 18, 9.37%, 0, 1, 4, 2.89
1746618921, 0, 624, 1047, 1025, 18, 9.37%, 0, 1, 5, 2.92
1746619009, 0, 624, 1048, 1026, 18, 9.37%, 0, 1, 5, 2.61
1746619040, 0, 624, 1049, 1027, 18, 9.37%, 0, 1, 5, 2.57
1746619082, 0, 624, 1050, 1028, 18, 9.37%, 0, 1, 5, 2.82
1746619195, 0, 624, 1051, 1029, 18, 9.37%, 0, 1, 5, 2.58
1746619262, 0, 624, 1052, 1030, 18, 9.37%, 0, 1, 5, 2.68
1746619423, 0, 624, 1053, 1031, 18, 9.37%, 0, 1, 5, 3.44
1746619455, 0, 624, 1054, 1032, 18, 9.37%, 0, 1, 5, 2.65
1746620217, 0, 624, 1055, 1033, 18, 9.37%, 0, 1, 5, 2.65
1746620476, 0, 624, 1056, 1034, 18, 9.37%, 0, 1, 5, 2.64
1746620626, 0, 624, 1057, 1035, 18, 9.37%, 0, 1, 5, 2.57
1746620813, 0, 624, 1058, 1036, 18, 9.37%, 0, 1, 5, 15.87
1746620954, 0, 624, 1059, 1037, 18, 9.37%, 0, 1, 5, 3.12
1746620959, 0, 624, 1060, 1038, 18, 9.37%, 0, 1, 5, 2.83
1746621068, 0, 624, 1061, 1039, 18, 9.37%, 0, 1, 5, 2.50
1746621177, 0, 624, 1062, 1040, 18, 9.37%, 0, 1, 5, 2.60
1746621219, 0, 624, 1063, 1041, 18, 9.37%, 0, 1, 5, 2.47
1746621311, 0, 624, 1064, 1042, 18, 9.37%, 0, 1, 5, 2.67
1746621545, 0, 624, 1065, 1043, 18, 9.37%, 0, 1, 5, 2.42
1746621556, 0, 624, 1066, 1044, 18, 9.37%, 0, 1, 5, 2.39
1746622018, 0, 624, 1067, 1045, 18, 9.37%, 0, 1, 5, 2.58
1746622101, 0, 684, 1067, 1044, 18, 9.37%, 0, 1, 5, 6.52
1746622214, 0, 684, 1068, 1045, 18, 9.37%, 0, 1, 5, 2.58
1746622224, 0, 684, 1069, 1046, 18, 9.37%, 0, 1, 5, 2.51
1746622261, 0, 684, 1070, 1047, 18, 9.37%, 0, 1, 5, 2.52
1746622373, 0, 684, 1071, 1048, 18, 9.37%, 0, 1, 5, 2.56
1746622384, 0, 684, 1072, 1049, 18, 9.37%, 0, 1, 5, 2.49
1746622415, 0, 684, 1073, 1050, 18, 9.37%, 0, 1, 5, 2.49
1746622457, 0, 684, 1074, 1051, 18, 9.37%, 0, 1, 5, 2.83
1746622524, 0, 684, 1075, 1052, 18, 9.37%, 0, 1, 5, 2.59
1746622539, 0, 684, 1076, 1053, 18, 9.37%, 0, 1, 5, 2.50
1746622608, 0, 684, 1077, 1054, 18, 9.37%, 0, 1, 5, 2.48
1746622613, 0, 684, 1078, 1055, 18, 9.37%, 0, 1, 5, 2.40
1746622618, 0, 684, 1079, 1056, 18, 9.37%, 0, 1, 5, 2.30
1746622624, 0, 684, 1081, 1058, 18, 9.37%, 0, 1, 5, 2.28
1746622645, 0, 684, 1082, 1059, 18, 9.37%, 0, 1, 5, 2.34
1746622655, 0, 684, 1083, 1060, 18, 9.37%, 0, 1, 5, 2.10
1746622660, 0, 684, 1084, 1061, 18, 9.37%, 0, 1, 5, 2.06
1746623237, 0, 684, 1085, 1062, 18, 9.37%, 0, 1, 5, 2.72
1746623274, 0, 684, 1086, 1063, 18, 9.37%, 0, 1, 5, 2.69
1746623373, 0, 684, 1087, 1064, 18, 9.37%, 0, 1, 5, 2.52
1746623399, 0, 684, 1088, 1065, 18, 9.37%, 0, 1, 5, 2.52
1746623404, 0, 684, 1089, 1066, 18, 9.37%, 0, 1, 5, 2.49
1746623409, 0, 684, 1090, 1067, 18, 9.37%, 0, 1, 5, 2.48
1746623965, 0, 684, 1091, 1068, 18, 9.37%, 0, 1, 5, 2.32
1746623975, 0, 684, 1093, 1070, 18, 9.37%, 0, 1, 5, 2.23
1746623980, 0, 684, 1094, 1071, 18, 9.37%, 0, 1, 5, 2.22
1746624142, 0, 684, 1095, 1072, 18, 9.44%, 0, 1, 5, 2.42
1746624147, 0, 684, 1096, 1073, 18, 9.44%, 0, 1, 5, 2.20
1746624152, 0, 684, 1097, 1074, 18, 9.45%, 0, 1, 5, 2.08
1746624157, 0, 684, 1098, 1075, 18, 9.45%, 0, 1, 5, 2.04
1746624162, 0, 684, 1099, 1076, 18, 9.45%, 0, 1, 5, 2.07
1746624168, 0, 684, 1100, 1077, 18, 9.45%, 0, 1, 5, 2.04
1746624173, 0, 684, 1101, 1078, 18, 9.45%, 0, 1, 5, 2.00
1746624178, 0, 684, 1102, 1079, 18, 9.45%, 0, 1, 5, 1.98
1746624188, 0, 684, 1103, 1080, 18, 9.45%, 0, 1, 5, 1.98
1746624193, 0, 684, 1104, 1081, 18, 9.45%, 0, 1, 5, 1.97
1746624199, 0, 684, 1105, 1082, 18, 9.45%, 0, 1, 5, 2.02
1746624204, 0, 684, 1106, 1083, 18, 9.45%, 0, 1, 5, 1.99
1746624214, 0, 684, 1107, 1084, 18, 9.45%, 0, 1, 5, 1.99
1746624219, 0, 684, 1108, 1085, 18, 9.45%, 0, 1, 5, 1.99
1746624229, 0, 684, 1109, 1086, 18, 9.45%, 0, 1, 5, 1.98
1746624235, 0, 684, 1110, 1087, 18, 9.45%, 0, 1, 5, 1.99
1746624245, 0, 684, 1111, 1088, 18, 9.45%, 0, 1, 5, 1.98
1746624250, 0, 684, 1112, 1089, 18, 9.45%, 0, 1, 5, 1.96
1746624339, 0, 684, 1113, 1090, 18, 9.45%, 0, 1, 5, 2.49
1746624645, 0, 684, 1114, 1091, 18, 9.45%, 0, 1, 5, 3.84
1746624676, 0, 684, 1115, 1092, 18, 9.45%, 0, 1, 5, 3.68
1746624722, 0, 684, 1116, 1093, 18, 9.45%, 0, 1, 5, 3.76
1746625046, 0, 684, 1117, 1094, 18, 9.45%, 0, 1, 5, 3.66
1746625056, 0, 684, 1118, 1095, 18, 9.45%, 0, 1, 5, 3.67
1746625098, 0, 684, 1119, 1096, 18, 9.45%, 0, 1, 5, 3.59
1746625108, 0, 684, 1120, 1097, 18, 9.46%, 0, 1, 5, 3.41
1746625113, 0, 684, 1121, 1098, 18, 9.46%, 0, 1, 5, 3.17
1746625119, 0, 684, 1122, 1099, 18, 9.46%, 0, 1, 5, 3.12
1746625124, 0, 684, 1123, 1100, 18, 9.46%, 0, 1, 5, 3.17
1746625129, 0, 684, 1124, 1101, 18, 9.46%, 0, 1, 5, 3.06
1746625134, 0, 684, 1125, 1102, 18, 9.64%, 0, 1, 5, 3.04
1746625139, 0, 684, 1126, 1103, 18, 9.64%, 0, 1, 5, 3.21
1746625144, 0, 684, 1127, 1104, 18, 9.64%, 0, 1, 5, 2.96
1746625155, 0, 684, 1128, 1105, 18, 9.64%, 0, 1, 5, 3.30
1746625165, 0, 684, 1129, 1106, 18, 9.64%, 0, 1, 5, 3.60
1746625170, 0, 684, 1130, 1107, 18, 9.64%, 0, 1, 5, 3.46
1746625180, 0, 684, 1131, 1108, 18, 9.64%, 0, 1, 5, 3.47
1746625190, 0, 684, 1132, 1109, 18, 9.64%, 0, 1, 5, 3.48
1746625232, 0, 684, 1133, 1110, 18, 9.64%, 0, 1, 5, 3.84
1746625252, 0, 684, 1134, 1111, 18, 9.64%, 0, 1, 5, 10.00
1746625284, 0, 684, 1135, 1112, 18, 9.64%, 0, 1, 5, 2.64
1746625341, 0, 684, 1136, 1113, 18, 9.64%, 0, 1, 5, 9.14
1746625361, 0, 684, 1137, 1114, 18, 9.64%, 0, 1, 5, 14.51
1746625366, 0, 684, 1138, 1115, 18, 9.64%, 0, 1, 5, 9.46
1746625387, 0, 684, 1139, 1116, 18, 9.64%, 0, 1, 5, 12.21
1746625418, 0, 684, 1140, 1117, 18, 9.64%, 0, 1, 5, 8.16
1746625423, 0, 684, 1141, 1118, 18, 9.64%, 0, 1, 5, 7.33
1746625439, 0, 684, 1142, 1119, 18, 9.64%, 0, 1, 5, 11.55
1746625444, 0, 684, 1143, 1120, 18, 9.64%, 0, 1, 5, 8.92
1746625480, 0, 684, 1144, 1121, 18, 9.64%, 0, 1, 5, 15.74
1746625521, 0, 684, 1145, 1122, 18, 9.64%, 0, 1, 5, 9.43
1746625542, 0, 684, 1146, 1123, 18, 9.64%, 0, 1, 5, 1.77
1746625558, 0, 684, 1147, 1124, 18, 9.64%, 0, 1, 5, 8.23
1746625615, 0, 684, 1148, 1125, 18, 9.64%, 0, 1, 5, 10.09
1746625635, 0, 684, 1149, 1126, 18, 9.64%, 0, 1, 5, 2.31
1746625640, 0, 684, 1150, 1127, 18, 9.64%, 0, 1, 5, 5.14
1746625692, 0, 684, 1151, 1128, 18, 9.64%, 0, 1, 5, 12.90
1746625697, 0, 684, 1152, 1129, 18, 9.64%, 0, 1, 5, 11.78
1746625712, 0, 717, 1152, 1128, 21, 9.64%, 0, 1, 5, 8.78
1746626056, 0, 717, 1153, 1129, 21, 9.64%, 0, 1, 5, 3.35
1746626256, 0, 717, 1154, 1130, 21, 9.64%, 0, 1, 5, 3.98
1746626523, 0, 717, 1155, 1131, 21, 9.64%, 0, 1, 5, 3.66
1746627818, 0, 717, 1156, 1132, 21, 9.64%, 0, 1, 5, 3.30
1746627947, 0, 717, 1157, 1133, 21, 9.64%, 0, 1, 5, 3.41
1746627989, 0, 717, 1158, 1134, 21, 9.64%, 0, 1, 5, 5.91
1746628040, 0, 736, 1158, 1133, 21, 9.64%, 0, 1, 5, 9.45
1746628061, 0, 736, 1159, 1134, 21, 9.64%, 0, 1, 5, 5.35
1746628102, 0, 736, 1160, 1135, 21, 9.64%, 0, 1, 5, 4.24
1746628338, 0, 736, 1161, 1136, 21, 9.64%, 0, 1, 5, 5.42
1746628636, 0, 736, 1162, 1137, 21, 9.64%, 0, 1, 5, 4.29
1746628671, 0, 736, 1163, 1138, 21, 9.64%, 0, 1, 5, 4.39
1746628743, 0, 736, 1164, 1139, 21, 9.64%, 0, 1, 5, 7.59
1746629092, 0, 736, 1165, 1140, 21, 9.64%, 0, 1, 5, 4.41
1746629159, 0, 736, 1166, 1141, 21, 9.64%, 0, 1, 5, 6.41
1746629415, 0, 736, 1167, 1142, 21, 9.64%, 0, 1, 5, 25.84
1746629426, 0, 736, 1168, 1143, 21, 9.64%, 0, 1, 5, 19.96
1746629431, 0, 736, 1169, 1144, 21, 9.64%, 0, 1, 5, 17.19
1746629452, 0, 736, 1170, 1145, 21, 9.64%, 0, 1, 5, 1.84
1746629477, 0, 736, 1171, 1146, 21, 9.64%, 0, 1, 5, 10.92
1746629487, 0, 736, 1172, 1147, 21, 9.64%, 0, 1, 5, 13.40
1746629508, 0, 736, 1173, 1148, 21, 9.64%, 0, 1, 5, 22.54
1746629529, 0, 736, 1174, 1149, 21, 9.64%, 0, 1, 5, 14.37
1746629544, 0, 736, 1175, 1150, 21, 9.64%, 0, 1, 5, 2.51
1746629565, 0, 736, 1176, 1151, 21, 9.87%, 0, 1, 5, 1.62
1746629575, 0, 736, 1177, 1152, 21, 9.87%, 0, 1, 5, 16.45
1746629580, 0, 736, 1178, 1153, 21, 9.87%, 0, 1, 5, 11.64
1746629591, 0, 736, 1179, 1154, 21, 9.87%, 0, 1, 5, 13.20
1746629606, 0, 736, 1180, 1155, 21, 9.87%, 0, 1, 5, 12.52
1746629632, 0, 736, 1181, 1156, 21, 9.87%, 0, 1, 5, 16.66
1746629647, 0, 736, 1182, 1157, 21, 9.87%, 0, 1, 5, 16.11
1746629653, 0, 736, 1183, 1158, 21, 9.87%, 0, 1, 5, 16.27
1746629689, 0, 736, 1184, 1159, 21, 9.87%, 0, 1, 5, 2.81
1746629699, 0, 736, 1185, 1160, 21, 9.87%, 0, 1, 5, 11.61
1746629715, 0, 736, 1186, 1161, 21, 9.87%, 0, 1, 5, 12.94
1746629725, 0, 736, 1187, 1162, 21, 9.87%, 0, 1, 5, 12.53
1746629756, 0, 736, 1188, 1163, 21, 9.87%, 0, 1, 5, 14.09
1746629772, 0, 736, 1189, 1164, 21, 9.87%, 0, 1, 5, 2.03
1746629823, 0, 736, 1190, 1165, 21, 9.87%, 0, 1, 5, 13.40
1746629833, 0, 736, 1191, 1166, 21, 9.87%, 0, 1, 5, 15.65
1746629925, 0, 740, 1191, 1165, 21, 9.87%, 0, 1, 5, 10.35
1746629930, 0, 740, 1192, 1166, 21, 9.87%, 0, 1, 5, 7.99
1746629961, 0, 740, 1193, 1167, 21, 9.87%, 0, 1, 5, 4.28
1746629992, 0, 740, 1194, 1168, 21, 9.87%, 0, 1, 5, 4.22
1746630027, 0, 740, 1195, 1169, 21, 9.87%, 0, 1, 5, 4.38
1746630073, 0, 740, 1196, 1170, 21, 9.87%, 0, 1, 5, 4.75
1746630145, 0, 740, 1197, 1171, 21, 9.87%, 0, 1, 5, 3.76
1746630201, 0, 740, 1198, 1172, 21, 9.87%, 0, 1, 5, 4.91
1746630325, 0, 740, 1199, 1173, 21, 9.87%, 0, 1, 5, 4.17
1746630330, 0, 740, 1200, 1174, 21, 9.87%, 0, 1, 5, 4.20
1746630679, 0, 740, 1201, 1175, 21, 9.87%, 0, 1, 5, 4.31
1746630689, 0, 740, 1202, 1176, 21, 9.87%, 0, 1, 5, 3.98
1746630884, 0, 740, 1203, 1177, 21, 9.87%, 0, 1, 5, 4.75
1746630925, 0, 740, 1204, 1178, 21, 9.87%, 0, 1, 5, 4.07
1746631177, 0, 740, 1205, 1179, 21, 9.87%, 0, 1, 5, 4.33
1746631198, 0, 740, 1206, 1180, 21, 9.87%, 0, 1, 5, 4.34
1746631310, 0, 740, 1207, 1181, 21, 9.87%, 0, 1, 5, 3.96
1746631372, 0, 741, 1207, 1180, 20, 9.87%, 0, 1, 5, 10.33
1746631377, 0, 741, 1208, 1181, 20, 9.87%, 0, 1, 5, 7.43
1746631560, 0, 741, 1209, 1182, 20, 9.87%, 0, 1, 5, 4.00
1746631612, 0, 741, 1210, 1183, 20, 9.87%, 0, 1, 5, 3.88
1746631761, 0, 741, 1211, 1184, 20, 9.87%, 0, 1, 5, 4.02
1746632470, 0, 741, 1212, 1185, 20, 9.87%, 0, 1, 5, 4.13
1746632501, 0, 741, 1213, 1186, 20, 9.87%, 0, 1, 5, 4.07
1746632676, 0, 741, 1214, 1187, 20, 9.87%, 0, 1, 5, 7.24
1746632964, 0, 741, 1215, 1188, 20, 9.87%, 0, 1, 5, 3.82
1746632995, 0, 741, 1216, 1189, 20, 9.87%, 0, 1, 5, 2.52
1746633046, 0, 808, 1216, 1188, 19, 9.87%, 0, 1, 5, 12.52
1746633087, 0, 808, 1217, 1189, 19, 9.87%, 0, 1, 5, 7.79
1746633092, 0, 808, 1218, 1190, 19, 9.87%, 0, 1, 5, 9.54
1746633103, 0, 808, 1219, 1191, 19, 9.87%, 0, 1, 5, 8.44
1746633246, 0, 808, 1220, 1192, 19, 9.87%, 0, 1, 5, 7.59
1746633261, 0, 808, 1221, 1193, 19, 9.87%, 0, 1, 5, 7.96
1746633271, 0, 808, 1222, 1194, 19, 9.87%, 0, 1, 5, 14.21
1746633395, 0, 808, 1223, 1195, 19, 9.87%, 0, 1, 5, 8.09
1746633452, 0, 808, 1224, 1196, 19, 9.87%, 0, 1, 5, 8.84
1746633498, 0, 808, 1225, 1197, 19, 9.87%, 0, 1, 5, 8.13
1746633519, 0, 808, 1226, 1198, 19, 9.87%, 0, 1, 5, 13.37
1746633539, 0, 808, 1227, 1199, 19, 9.87%, 0, 1, 5, 18.38
1746633601, 0, 808, 1228, 1200, 19, 9.87%, 0, 1, 5, 18.95
1746633647, 0, 808, 1229, 1201, 19, 9.87%, 0, 1, 5, 17.20
1746633770, 0, 808, 1230, 1202, 19, 9.87%, 0, 1, 5, 18.67
1746633836, 0, 808, 1231, 1203, 19, 9.87%, 0, 1, 5, 18.03
1746633872, 0, 844, 1231, 1202, 19, 9.87%, 0, 1, 5, 10.76
1746634196, 0, 844, 1232, 1203, 19, 9.87%, 0, 1, 5, 4.26
1746634694, 0, 844, 1233, 1204, 19, 9.87%, 0, 1, 5, 3.50
1746635747, 0, 844, 1234, 1205, 19, 9.87%, 0, 1, 5, 3.81
1746635794, 0, 844, 1235, 1206, 19, 9.87%, 0, 1, 5, 3.82
1746636195, 0, 844, 1236, 1207, 19, 9.87%, 0, 1, 5, 2.65
1746636216, 0, 844, 1237, 1208, 19, 9.87%, 0, 1, 5, 8.16
1746636237, 0, 844, 1238, 1209, 19, 9.87%, 0, 1, 5, 2.12
1746636247, 0, 844, 1239, 1210, 19, 9.87%, 0, 1, 5, 11.26
1746636392, 0, 844, 1240, 1211, 19, 9.87%, 0, 1, 5, 8.52
1746636464, 0, 844, 1241, 1212, 19, 9.87%, 0, 1, 5, 8.43
1746636587, 0, 844, 1242, 1213, 19, 9.87%, 0, 1, 5, 10.08
1746636659, 0, 854, 1242, 1212, 19, 9.87%, 0, 1, 5, 9.13
1746638411, 0, 854, 1243, 1213, 19, 9.87%, 0, 1, 5, 4.95
1746638796, 0, 854, 1244, 1214, 19, 9.87%, 0, 1, 5, 3.55
1746638857, 0, 902, 1244, 1213, 19, 9.87%, 0, 1, 5, 4.60
1746641168, 0, 975, 1244, 1212, 19, 9.87%, 0, 1, 5, 9.07
1746641214, 0, 975, 1245, 1213, 19, 9.87%, 0, 1, 5, 3.91
1746641245, 0, 975, 1246, 1214, 19, 9.87%, 0, 1, 5, 3.97
1746642021, 0, 975, 1247, 1215, 19, 9.87%, 0, 1, 5, 3.82
1746642734, 0, 975, 1248, 1216, 19, 9.87%, 0, 1, 5, 3.75
1746643059, 0, 975, 1249, 1217, 19, 9.87%, 0, 1, 5, 3.95
1746643273, 0, 975, 1250, 1218, 19, 9.87%, 0, 1, 5, 5.23
1746643304, 0, 1009, 1250, 1217, 19, 9.87%, 0, 1, 5, 8.58
1746643314, 0, 1009, 1251, 1218, 19, 9.87%, 0, 1, 5, 2.79
1746643324, 0, 1009, 1252, 1219, 19, 9.90%, 0, 1, 5, 4.04
1746643355, 0, 1009, 1253, 1220, 19, 9.90%, 0, 1, 5, 3.45
1746643360, 0, 1009, 1254, 1221, 19, 9.90%, 0, 1, 5, 3.11
1746643406, 0, 1009, 1255, 1222, 19, 9.90%, 0, 1, 5, 3.09
1746643483, 0, 1009, 1256, 1223, 19, 9.90%, 0, 1, 5, 2.68
1746643504, 0, 1009, 1257, 1224, 19, 9.95%, 0, 1, 5, 2.70
1746643509, 0, 1009, 1258, 1225, 19, 9.95%, 0, 1, 5, 2.67
1746643514, 0, 1009, 1260, 1227, 19, 9.95%, 0, 1, 5, 2.69
1746643519, 0, 1009, 1261, 1228, 19, 9.95%, 0, 1, 5, 2.70
1746643525, 0, 1009, 1263, 1230, 19, 9.95%, 0, 1, 5, 2.71
1746643530, 0, 1009, 1264, 1231, 19, 9.95%, 0, 1, 5, 2.76
1746643545, 0, 1009, 1265, 1232, 19, 9.95%, 0, 1, 5, 4.24
1746643571, 0, 1009, 1266, 1233, 19, 9.95%, 0, 1, 5, 3.64
1746643612, 0, 1009, 1267, 1234, 19, 9.95%, 0, 1, 5, 3.24
1746643654, 0, 1009, 1268, 1235, 19, 9.95%, 0, 1, 5, 2.70
1746643679, 0, 1009, 1269, 1236, 19, 9.95%, 0, 1, 5, 2.70
1746643690, 0, 1009, 1270, 1237, 19, 9.95%, 0, 1, 5, 2.75
1746643705, 0, 1009, 1271, 1238, 19, 9.95%, 0, 1, 5, 2.65
1746643710, 0, 1009, 1272, 1239, 19, 9.95%, 0, 1, 5, 2.63
1746643731, 0, 1009, 1273, 1240, 19, 9.95%, 0, 1, 5, 2.63
1746643737, 0, 1009, 1275, 1242, 19, 9.95%, 0, 1, 5, 2.67
1746643742, 0, 1009, 1276, 1243, 19, 9.95%, 0, 1, 5, 2.69
1746643747, 0, 1009, 1277, 1244, 19, 9.95%, 0, 1, 5, 2.71
1746643752, 0, 1009, 1278, 1245, 19, 9.95%, 0, 1, 5, 23.81
1746643773, 0, 1009, 1279, 1246, 19, 9.95%, 0, 1, 5, 4.34
1746643814, 0, 1009, 1280, 1247, 19, 9.95%, 0, 1, 5, 3.24
1746643861, 0, 1009, 1281, 1248, 19, 9.95%, 0, 1, 5, 2.70
1746643892, 0, 1009, 1282, 1249, 19, 9.95%, 0, 1, 5, 2.71
1746643902, 0, 1009, 1283, 1250, 19, 9.95%, 0, 1, 5, 2.62
1746643907, 0, 1009, 1284, 1251, 19, 9.95%, 0, 1, 5, 2.58
1746643912, 0, 1009, 1285, 1252, 19, 9.95%, 0, 1, 5, 2.67
1746643923, 0, 1009, 1286, 1253, 19, 9.95%, 0, 1, 5, 2.62
1746643928, 0, 1009, 1287, 1254, 19, 9.95%, 0, 1, 5, 2.60
1746643938, 0, 1009, 1288, 1255, 19, 9.95%, 0, 1, 5, 2.60
1746643954, 0, 1009, 1289, 1256, 19, 9.95%, 0, 1, 5, 2.69
1746643959, 0, 1009, 1290, 1257, 19, 9.95%, 0, 1, 5, 2.63
1746643964, 0, 1009, 1291, 1258, 19, 9.95%, 0, 1, 5, 2.67
1746643969, 0, 1009, 1293, 1260, 19, 9.95%, 0, 1, 5, 2.71
1746643990, 0, 1009, 1294, 1261, 19, 9.95%, 0, 1, 5, 2.93
1746643995, 0, 1009, 1295, 1262, 19, 9.95%, 0, 1, 5, 2.70
1746644000, 0, 1009, 1296, 1263, 19, 9.95%, 0, 1, 5, 2.69
1746644010, 0, 1009, 1297, 1264, 19, 9.95%, 0, 1, 5, 19.77
1746644026, 0, 1009, 1298, 1265, 19, 9.95%, 0, 1, 5, 2.81
1746644031, 0, 1009, 1299, 1266, 19, 9.96%, 0, 1, 5, 2.65
1746644047, 0, 1009, 1300, 1267, 19, 9.96%, 0, 1, 5, 3.00
1746644052, 0, 1009, 1301, 1268, 19, 9.96%, 0, 1, 5, 3.01
1746644057, 0, 1009, 1302, 1269, 19, 10.00%, 0, 1, 5, 2.83
1746644068, 0, 1009, 1303, 1270, 19, 10.00%, 0, 1, 5, 2.46
1746644341, 0, 1009, 1304, 1271, 19, 10.00%, 0, 1, 5, 3.55
1746644546, 0, 1009, 1305, 1272, 19, 10.00%, 0, 1, 5, 3.25
1746644694, 0, 1009, 1306, 1273, 19, 10.00%, 0, 1, 5, 2.78
1746644705, 0, 1009, 1307, 1274, 19, 10.00%, 0, 1, 5, 2.71
1746644818, 0, 1009, 1308, 1275, 19, 10.00%, 0, 1, 5, 2.60
1746644828, 0, 1009, 1309, 1276, 19, 10.00%, 0, 1, 5, 2.57
1746644833, 0, 1009, 1310, 1277, 19, 10.00%, 0, 1, 5, 2.57
1746644962, 0, 1009, 1311, 1278, 19, 10.00%, 0, 1, 5, 2.61
1746644967, 0, 1009, 1312, 1279, 19, 10.00%, 0, 1, 5, 2.58
1746644988, 0, 1009, 1313, 1280, 19, 10.00%, 0, 1, 5, 2.63
1746644993, 0, 1009, 1314, 1281, 19, 10.00%, 0, 1, 5, 2.52
1746644998, 0, 1009, 1315, 1282, 19, 10.00%, 0, 1, 5, 2.56
1746645018, 0, 1009, 1316, 1283, 19, 10.00%, 0, 1, 5, 2.59
1746645122, 0, 1009, 1317, 1284, 19, 10.00%, 0, 1, 5, 2.64
1746645153, 0, 1009, 1318, 1285, 19, 10.00%, 0, 1, 5, 2.58
1746645210, 0, 1009, 1319, 1286, 19, 10.00%, 0, 1, 5, 2.75
1746645225, 0, 1009, 1320, 1287, 19, 10.00%, 0, 1, 5, 2.69
1746645307, 0, 1009, 1321, 1288, 19, 10.00%, 0, 1, 5, 2.71
1746645312, 0, 1009, 1322, 1289, 19, 10.00%, 0, 1, 5, 2.71
1746645317, 0, 1009, 1323, 1290, 19, 10.00%, 0, 1, 5, 2.71
1746645323, 0, 1009, 1324, 1291, 19, 10.00%, 0, 1, 5, 2.71
1746645328, 0, 1009, 1325, 1292, 19, 10.00%, 0, 1, 5, 2.71
1746645333, 0, 1009, 1327, 1294, 19, 10.00%, 0, 1, 5, 2.71
1746645338, 0, 1009, 1328, 1295, 19, 10.00%, 0, 1, 5, 2.70
1746645343, 0, 1009, 1329, 1296, 19, 10.00%, 0, 1, 5, 2.70
1746645348, 0, 1009, 1331, 1298, 19, 10.00%, 0, 1, 5, 2.70
1746645354, 0, 1009, 1332, 1299, 19, 10.00%, 0, 1, 5, 2.70
1746645359, 0, 1009, 1333, 1300, 19, 10.00%, 0, 1, 5, 2.68
1746645364, 0, 1009, 1334, 1301, 19, 10.00%, 0, 1, 5, 2.66
1746645385, 0, 1009, 1335, 1302, 19, 10.00%, 0, 1, 5, 2.70
1746645390, 0, 1009, 1336, 1303, 19, 10.00%, 0, 1, 5, 2.72
1746645395, 0, 1009, 1337, 1304, 19, 10.00%, 0, 1, 5, 2.72
1746645400, 0, 1009, 1338, 1305, 19, 10.00%, 0, 1, 5, 2.72
1746645706, 0, 1009, 1339, 1306, 19, 10.00%, 0, 1, 5, 2.66
1746645748, 0, 1009, 1340, 1307, 19, 10.00%, 0, 1, 5, 2.62
1746645763, 0, 1009, 1341, 1308, 19, 10.00%, 0, 1, 5, 2.60
1746645768, 0, 1009, 1342, 1309, 19, 10.00%, 0, 1, 5, 2.55
1746645805, 0, 1009, 1343, 1310, 19, 10.00%, 0, 1, 5, 2.51
1746645810, 0, 1009, 1344, 1311, 19, 10.00%, 0, 1, 5, 2.46
1746645815, 0, 1009, 1345, 1312, 19, 10.00%, 0, 1, 5, 2.50
1746645857, 0, 1009, 1346, 1313, 19, 10.00%, 0, 1, 5, 2.66
1746645872, 0, 1009, 1347, 1314, 19, 10.00%, 0, 1, 5, 2.59
1746645969, 0, 1009, 1348, 1315, 19, 10.00%, 0, 1, 5, 2.71
1746645980, 0, 1009, 1349, 1316, 19, 10.00%, 0, 1, 5, 2.31
1746645985, 0, 1009, 1350, 1317, 19, 10.00%, 0, 1, 5, 2.24
1746645990, 0, 1009, 1351, 1318, 19, 10.00%, 0, 1, 5, 2.20
1746646104, 0, 1009, 1352, 1319, 19, 10.00%, 0, 1, 5, 2.64
1746646109, 0, 1009, 1353, 1320, 19, 10.00%, 0, 1, 5, 2.78
1746646114, 0, 1009, 1354, 1321, 19, 10.00%, 0, 1, 5, 2.78
1746646381, 0, 1009, 1355, 1322, 19, 10.00%, 0, 1, 5, 2.94
1746646428, 0, 1009, 1356, 1323, 19, 10.00%, 0, 1, 5, 2.77
1746646448, 0, 1009, 1357, 1324, 19, 10.00%, 0, 1, 5, 2.67
1746646490, 0, 1009, 1358, 1325, 19, 10.00%, 0, 1, 5, 2.55
1746646532, 0, 1009, 1359, 1326, 19, 10.00%, 0, 1, 5, 2.65
1746646542, 0, 1009, 1360, 1327, 19, 10.01%, 0, 1, 5, 2.56
1746646552, 0, 1009, 1361, 1328, 19, 10.01%, 0, 1, 5, 2.53
1746646640, 0, 1009, 1362, 1329, 19, 10.01%, 0, 1, 5, 2.63
1746646650, 0, 1009, 1363, 1330, 19, 10.01%, 0, 1, 5, 2.67
1746646666, 0, 1009, 1364, 1331, 19, 10.01%, 0, 1, 5, 2.54
1746646692, 0, 1009, 1365, 1332, 19, 10.01%, 0, 1, 5, 2.70
1746646697, 0, 1009, 1366, 1333, 19, 10.01%, 0, 1, 5, 2.69
1746646702, 0, 1009, 1367, 1334, 19, 10.01%, 0, 1, 5, 2.79
1746646707, 0, 1009, 1368, 1335, 19, 10.01%, 0, 1, 5, 2.77
1746646712, 0, 1009, 1369, 1336, 19, 10.01%, 0, 1, 5, 2.74
1746647126, 0, 1009, 1370, 1337, 19, 10.01%, 0, 1, 5, 3.17
1746647131, 0, 1009, 1371, 1338, 19, 10.01%, 0, 1, 5, 2.65
1746647142, 0, 1009, 1372, 1339, 19, 10.01%, 0, 1, 5, 2.54
1746647157, 0, 1009, 1373, 1340, 19, 10.01%, 0, 1, 5, 2.85
1746647188, 0, 1009, 1374, 1341, 19, 10.01%, 0, 1, 5, 3.09
1746647240, 0, 1009, 1375, 1342, 19, 10.01%, 0, 1, 5, 2.65
1746647250, 0, 1009, 1376, 1343, 19, 10.01%, 0, 1, 5, 2.66
1746647261, 0, 1009, 1377, 1344, 19, 10.01%, 0, 1, 5, 2.61
1746647266, 0, 1009, 1378, 1345, 19, 10.01%, 0, 1, 5, 2.37
1746647292, 0, 1009, 1379, 1346, 19, 10.01%, 0, 1, 5, 2.54
1746647308, 0, 1009, 1380, 1347, 19, 10.01%, 0, 1, 5, 2.77
1746647324, 0, 1009, 1381, 1348, 19, 10.01%, 0, 1, 5, 2.63
1746647365, 0, 1009, 1382, 1349, 19, 10.01%, 0, 1, 5, 2.63
1746647401, 0, 1009, 1383, 1350, 19, 10.01%, 0, 1, 5, 2.65
1746647422, 0, 1009, 1384, 1351, 19, 10.01%, 0, 1, 5, 2.62
1746647494, 0, 1009, 1385, 1352, 19, 10.01%, 0, 1, 5, 2.60
1746647530, 0, 1009, 1386, 1353, 19, 10.01%, 0, 1, 5, 2.55
1746647567, 0, 1009, 1387, 1354, 19, 10.01%, 0, 1, 5, 2.68
1746647577, 0, 1009, 1388, 1355, 19, 10.01%, 0, 1, 5, 2.74
1746647634, 0, 1009, 1389, 1356, 19, 10.01%, 0, 1, 5, 2.55
1746647773, 0, 1094, 1389, 1355, 28, 10.01%, 0, 1, 5, 8.18
1746647887, 0, 1094, 1390, 1356, 28, 10.01%, 0, 1, 6, 2.98
1746647984, 0, 1094, 1391, 1357, 28, 10.01%, 0, 1, 6, 2.94
1746648000, 0, 1094, 1392, 1358, 28, 10.01%, 0, 1, 6, 3.00
1746648087, 0, 1094, 1393, 1359, 28, 10.01%, 0, 1, 6, 3.15
1746648668, 0, 1094, 1394, 1360, 28, 10.01%, 0, 1, 6, 3.17
1746648745, 0, 1094, 1395, 1361, 28, 10.01%, 0, 1, 6, 2.96
1746648803, 0, 1094, 1396, 1362, 28, 10.01%, 0, 1, 6, 3.04
1746648845, 0, 1094, 1397, 1363, 28, 10.01%, 0, 1, 6, 2.97
1746648850, 0, 1094, 1398, 1364, 28, 10.01%, 0, 1, 6, 2.95
1746648855, 0, 1094, 1399, 1365, 28, 10.01%, 0, 1, 6, 2.93
1746649101, 0, 1094, 1400, 1366, 28, 10.01%, 0, 1, 6, 3.54
1746649107, 0, 1094, 1402, 1368, 28, 10.01%, 0, 1, 6, 3.55
1746649281, 0, 1094, 1403, 1369, 28, 10.01%, 0, 1, 6, 3.07
1746649297, 0, 1094, 1405, 1371, 28, 10.01%, 0, 1, 6, 3.07
1746649302, 0, 1094, 1406, 1372, 28, 10.01%, 0, 1, 6, 22.00
1746649609, 0, 1094, 1407, 1373, 28, 10.01%, 0, 1, 6, 2.97
1746650165, 0, 1094, 1408, 1374, 28, 10.01%, 0, 1, 6, 3.54
1746650170, 0, 1094, 1409, 1375, 28, 10.01%, 0, 1, 6, 3.24
1746650181, 0, 1094, 1410, 1376, 28, 10.01%, 0, 1, 6, 8.55
1746650217, 0, 1104, 1410, 1375, 29, 10.01%, 0, 1, 6, 24.39
1746650325, 0, 1104, 1411, 1376, 29, 10.01%, 0, 1, 6, 2.92
1746650330, 0, 1104, 1412, 1377, 29, 10.01%, 0, 1, 6, 2.91
1746650520, 0, 1104, 1413, 1378, 29, 10.01%, 0, 1, 6, 3.36
1746650551, 0, 1104, 1414, 1379, 29, 10.01%, 0, 1, 6, 2.85
1746651260, 0, 1104, 1415, 1380, 29, 10.01%, 0, 1, 6, 2.82
1746651286, 0, 1104, 1416, 1381, 29, 10.01%, 0, 1, 6, 2.99
1746651698, 0, 1104, 1418, 1383, 29, 10.01%, 0, 1, 6, 3.05
1746652022, 0, 1104, 1419, 1384, 29, 10.01%, 0, 1, 6, 2.81
1746652027, 0, 1104, 1420, 1385, 29, 10.01%, 0, 1, 6, 2.93
1746652517, 0, 1104, 1421, 1386, 29, 10.01%, 0, 1, 6, 2.81
1746652543, 0, 1104, 1422, 1387, 29, 10.01%, 0, 1, 6, 3.02
1746652595, 0, 1104, 1423, 1388, 29, 10.01%, 0, 1, 6, 4.60
1746652630, 0, 1114, 1423, 1387, 27, 10.01%, 0, 1, 6, 8.36
1746652918, 0, 1114, 1424, 1388, 27, 10.01%, 0, 1, 6, 3.52
1746653462, 0, 1114, 1426, 1390, 27, 10.01%, 0, 1, 6, 3.51
1746653473, 0, 1114, 1427, 1391, 27, 10.01%, 0, 1, 6, 3.48
1746653843, 0, 1114, 1428, 1392, 27, 10.01%, 0, 1, 6, 3.35
1746654116, 0, 1114, 1429, 1393, 27, 10.01%, 0, 1, 6, 3.88
1746654291, 0, 1114, 1430, 1394, 27, 10.01%, 0, 1, 6, 3.68
1746654907, 0, 1114, 1431, 1395, 27, 10.01%, 0, 1, 6, 7.55
1746654948, 0, 1118, 1431, 1394, 26, 10.01%, 0, 1, 6, 9.10
