# unix_time, cycles_done, cur_path, paths_total, pending_total, pending_favs, map_size, unique_crashes, unique_hangs, max_depth, execs_per_sec
1746558789, 0, 0, 1, 1, 1, 4.90%, 0, 0, 1, 77.67
1746558794, 0, 0, 48, 48, 1, 6.06%, 0, 0, 2, 80.58
1746558799, 0, 0, 91, 91, 1, 6.11%, 0, 0, 2, 80.41
1746558805, 0, 0, 122, 122, 1, 6.34%, 0, 0, 2, 74.89
1746558810, 0, 0, 150, 150, 1, 6.34%, 0, 0, 2, 71.24
1746558815, 0, 0, 175, 175, 1, 6.59%, 0, 0, 2, 65.18
1746558820, 0, 0, 198, 198, 1, 6.59%, 0, 0, 2, 67.45
1746558825, 0, 0, 216, 216, 1, 7.04%, 0, 0, 2, 63.84
1746558830, 0, 0, 231, 231, 1, 7.05%, 0, 0, 2, 66.20
1746558835, 0, 0, 249, 249, 1, 7.05%, 0, 0, 2, 68.85
1746558841, 0, 0, 258, 258, 1, 7.05%, 0, 0, 2, 69.36
1746558846, 0, 0, 267, 267, 1, 7.05%, 0, 0, 2, 69.37
1746558851, 0, 0, 282, 282, 1, 7.05%, 0, 0, 2, 66.21
1746558856, 0, 0, 290, 290, 1, 7.05%, 0, 0, 2, 64.74
1746558861, 0, 0, 297, 297, 1, 7.06%, 0, 0, 2, 66.58
1746558866, 0, 0, 305, 305, 1, 7.06%, 0, 0, 2, 67.37
1746558871, 0, 0, 311, 311, 1, 7.06%, 0, 0, 2, 71.47
1746558876, 0, 0, 323, 323, 1, 7.06%, 0, 0, 2, 67.68
1746558882, 0, 0, 331, 331, 1, 7.06%, 0, 0, 2, 67.15
1746558887, 0, 0, 335, 335, 1, 7.06%, 0, 0, 2, 69.95
1746558892, 0, 0, 340, 340, 1, 7.13%, 0, 0, 2, 69.33
1746558897, 0, 0, 348, 348, 1, 7.13%, 0, 0, 2, 70.12
1746558902, 0, 0, 354, 354, 1, 7.14%, 0, 0, 2, 69.69
1746558907, 0, 0, 358, 358, 1, 7.14%, 0, 0, 2, 70.58
1746558923, 0, 0, 361, 361, 1, 7.14%, 0, 0, 2, 71.75
1746558928, 0, 0, 367, 367, 1, 7.14%, 0, 0, 2, 70.81
1746558933, 0, 0, 370, 370, 1, 7.14%, 0, 0, 2, 71.14
1746558938, 0, 0, 372, 372, 1, 7.14%, 0, 0, 2, 69.63
1746558944, 0, 0, 374, 374, 1, 7.14%, 0, 0, 2, 72.55
1746558949, 0, 0, 376, 376, 1, 7.14%, 0, 0, 2, 70.46
1746558954, 0, 0, 378, 378, 1, 7.14%, 0, 0, 2, 69.96
1746558959, 0, 0, 383, 383, 1, 7.14%, 0, 0, 2, 69.60
1746558964, 0, 0, 387, 387, 1, 7.14%, 0, 0, 2, 67.67
1746558969, 0, 0, 392, 392, 1, 7.14%, 0, 0, 2, 68.47
1746558974, 0, 0, 395, 395, 1, 7.14%, 0, 0, 2, 69.58
1746558979, 0, 0, 397, 397, 1, 7.14%, 0, 0, 2, 69.72
1746558985, 0, 0, 398, 398, 1, 7.14%, 0, 0, 2, 70.40
1746558990, 0, 0, 400, 400, 1, 7.14%, 0, 0, 2, 70.51
1746558995, 0, 0, 401, 401, 1, 7.14%, 0, 0, 2, 72.21
1746559000, 0, 0, 402, 402, 1, 7.14%, 0, 0, 2, 69.97
1746559005, 0, 0, 405, 405, 1, 7.14%, 0, 0, 2, 70.83
1746559011, 0, 0, 407, 407, 1, 7.14%, 0, 0, 2, 74.35
1746559016, 0, 0, 409, 409, 1, 7.14%, 0, 0, 2, 71.89
1746559021, 0, 0, 410, 410, 1, 7.14%, 0, 0, 2, 71.63
1746559031, 0, 0, 411, 411, 1, 7.14%, 0, 0, 2, 73.19
1746559036, 0, 0, 412, 412, 1, 7.14%, 0, 0, 2, 70.93
1746559041, 0, 0, 413, 413, 1, 7.14%, 0, 0, 2, 70.86
1746559046, 0, 0, 416, 416, 1, 7.14%, 0, 0, 2, 68.45
1746559051, 0, 0, 417, 417, 1, 7.14%, 0, 0, 2, 69.69
1746559062, 0, 0, 422, 422, 1, 7.14%, 0, 0, 2, 69.75
1746559067, 0, 0, 423, 423, 1, 7.14%, 0, 0, 2, 70.91
1746559072, 0, 10, 426, 425, 13, 7.14%, 0, 0, 2, 71.19
1746559077, 0, 10, 428, 427, 13, 7.14%, 0, 0, 3, 74.83
1746559083, 0, 10, 429, 428, 13, 7.14%, 0, 0, 3, 73.60
1746559093, 0, 10, 430, 429, 13, 7.14%, 0, 0, 3, 74.61
1746559108, 0, 10, 433, 432, 13, 7.14%, 0, 0, 3, 75.64
1746559113, 0, 10, 435, 434, 13, 7.43%, 0, 0, 3, 72.70
1746559118, 0, 10, 436, 435, 13, 7.43%, 0, 0, 3, 74.44
1746559129, 0, 10, 437, 436, 13, 7.43%, 0, 0, 3, 75.79
1746559134, 0, 10, 441, 440, 13, 7.43%, 0, 0, 3, 71.74
1746559139, 0, 10, 444, 443, 13, 7.44%, 0, 0, 3, 72.88
1746559144, 0, 10, 446, 445, 13, 7.44%, 0, 0, 3, 76.60
1746559149, 0, 10, 447, 446, 13, 7.44%, 0, 0, 3, 74.64
1746559154, 0, 10, 448, 447, 13, 7.44%, 0, 0, 3, 77.56
1746559165, 0, 10, 451, 450, 13, 7.44%, 0, 0, 3, 75.59
1746559170, 0, 10, 453, 452, 13, 7.45%, 0, 0, 3, 73.65
1746559175, 0, 10, 454, 453, 13, 7.45%, 0, 0, 3, 72.99
1746559185, 0, 10, 455, 454, 13, 7.45%, 0, 0, 3, 77.02
1746559190, 0, 10, 456, 455, 13, 7.45%, 0, 0, 3, 76.73
1746559195, 0, 10, 458, 457, 13, 7.45%, 0, 0, 3, 76.31
1746559201, 0, 10, 460, 459, 13, 7.45%, 0, 0, 3, 76.68
1746559206, 0, 10, 462, 461, 13, 7.45%, 0, 0, 3, 74.67
1746559216, 0, 10, 463, 462, 13, 7.45%, 0, 0, 3, 76.86
1746559221, 0, 10, 464, 463, 13, 7.45%, 0, 0, 3, 76.33
1746559231, 0, 10, 467, 466, 13, 7.45%, 0, 0, 3, 75.62
1746559237, 0, 10, 468, 467, 13, 7.45%, 0, 0, 3, 75.82
1746559242, 0, 127, 468, 466, 11, 7.45%, 0, 0, 3, 78.83
1746559247, 0, 127, 469, 467, 11, 7.45%, 0, 0, 3, 74.68
1746559252, 0, 127, 470, 468, 11, 7.45%, 0, 0, 3, 72.36
1746559257, 0, 127, 471, 469, 11, 7.45%, 0, 0, 3, 72.26
1746559262, 0, 127, 472, 470, 11, 7.45%, 0, 0, 3, 74.58
1746559267, 0, 127, 473, 471, 11, 7.45%, 0, 0, 3, 75.36
1746559273, 0, 127, 475, 473, 11, 7.45%, 0, 0, 3, 71.76
1746559288, 0, 127, 477, 475, 11, 7.45%, 0, 0, 3, 73.50
1746559293, 0, 127, 480, 478, 11, 7.45%, 0, 0, 3, 72.30
1746559303, 0, 127, 481, 479, 11, 7.45%, 0, 0, 3, 72.66
1746559309, 0, 127, 482, 480, 11, 7.45%, 0, 0, 3, 75.97
1746559314, 0, 127, 483, 481, 11, 7.46%, 0, 0, 3, 75.41
1746559319, 0, 127, 486, 484, 11, 7.46%, 0, 0, 3, 73.13
1746559324, 0, 127, 488, 486, 11, 7.46%, 0, 0, 3, 72.11
1746559329, 0, 127, 489, 487, 11, 7.46%, 0, 0, 3, 74.21
1746559335, 0, 127, 490, 488, 11, 7.46%, 0, 0, 3, 73.72
1746559340, 0, 127, 491, 489, 11, 7.46%, 0, 0, 3, 73.50
1746559350, 0, 127, 493, 491, 11, 7.46%, 0, 0, 3, 72.27
1746559360, 0, 127, 494, 492, 11, 7.46%, 0, 0, 3, 72.52
1746559366, 0, 127, 496, 494, 11, 7.46%, 0, 0, 3, 73.22
1746559371, 0, 127, 497, 495, 11, 7.46%, 0, 0, 3, 75.86
1746559376, 0, 127, 499, 497, 11, 7.47%, 0, 0, 3, 71.92
1746559386, 0, 127, 500, 498, 11, 7.47%, 0, 0, 3, 71.51
1746559396, 0, 127, 501, 499, 11, 7.47%, 0, 0, 3, 74.54
1746559402, 0, 127, 502, 500, 11, 7.47%, 0, 0, 3, 72.19
1746559412, 0, 127, 503, 501, 11, 7.47%, 0, 0, 3, 73.30
1746559417, 0, 127, 504, 502, 11, 7.47%, 0, 0, 3, 74.37
1746559427, 0, 127, 505, 503, 11, 7.48%, 0, 0, 3, 74.26
1746559468, 0, 140, 506, 503, 14, 7.48%, 0, 0, 3, 73.25
1746559473, 0, 140, 507, 504, 14, 7.48%, 0, 0, 3, 68.83
1746559479, 0, 140, 508, 505, 14, 7.48%, 0, 0, 3, 69.65
1746559499, 0, 180, 508, 504, 13, 7.48%, 0, 0, 3, 67.23
1746559510, 0, 223, 508, 503, 13, 7.48%, 0, 0, 3, 64.50
1746559525, 0, 223, 509, 504, 13, 7.48%, 0, 0, 3, 66.66
1746559530, 0, 223, 510, 505, 13, 7.48%, 0, 0, 3, 65.47
1746559551, 0, 223, 511, 506, 13, 7.48%, 0, 0, 3, 67.54
1746559556, 0, 223, 513, 508, 13, 7.48%, 0, 0, 3, 67.72
1746559572, 0, 223, 514, 509, 13, 7.48%, 0, 0, 3, 66.11
1746559577, 0, 223, 515, 510, 13, 7.48%, 0, 0, 3, 67.10
1746559608, 0, 223, 517, 512, 13, 7.48%, 0, 0, 3, 64.98
1746559613, 0, 223, 518, 513, 13, 7.48%, 0, 0, 3, 65.83
1746559623, 0, 223, 519, 514, 13, 7.48%, 0, 0, 3, 65.81
1746559628, 0, 223, 520, 515, 13, 7.48%, 0, 0, 3, 65.47
1746559664, 0, 223, 521, 516, 13, 7.48%, 0, 0, 3, 67.33
1746559670, 0, 223, 522, 517, 13, 7.48%, 0, 0, 3, 68.01
1746559675, 0, 223, 523, 518, 13, 7.48%, 0, 0, 3, 64.85
1746559680, 0, 223, 526, 521, 13, 7.48%, 0, 0, 3, 63.62
1746559690, 0, 223, 527, 522, 13, 7.48%, 0, 0, 3, 68.65
1746559701, 0, 223, 529, 524, 13, 7.48%, 0, 0, 3, 65.42
1746559711, 0, 223, 531, 526, 13, 7.48%, 0, 0, 3, 65.60
1746559762, 0, 223, 532, 527, 13, 7.48%, 0, 0, 3, 67.28
1746559767, 0, 248, 532, 526, 14, 7.48%, 0, 0, 3, 68.19
1746559777, 0, 293, 533, 526, 14, 7.48%, 0, 0, 3, 69.75
1746559782, 0, 293, 534, 527, 14, 7.48%, 0, 0, 3, 64.92
1746559829, 0, 293, 535, 528, 14, 7.48%, 0, 0, 3, 61.71
1746559860, 0, 305, 535, 527, 13, 7.48%, 0, 0, 3, 58.63
1746559875, 0, 310, 538, 529, 13, 7.48%, 0, 0, 3, 65.30
1746559880, 0, 310, 539, 530, 13, 7.48%, 0, 0, 3, 66.23
1746559885, 0, 327, 539, 529, 13, 7.48%, 0, 0, 3, 64.56
1746559890, 0, 327, 540, 530, 13, 7.48%, 0, 0, 3, 50.42
1746559901, 0, 391, 541, 530, 13, 7.48%, 0, 0, 3, 58.81
1746559906, 0, 391, 554, 543, 13, 7.48%, 0, 0, 3, 36.25
1746559911, 0, 391, 566, 555, 13, 7.48%, 0, 0, 3, 34.52
1746559916, 0, 391, 574, 563, 13, 7.48%, 0, 0, 3, 33.52
1746559921, 0, 391, 580, 569, 13, 7.48%, 0, 0, 3, 44.69
1746559926, 0, 391, 588, 577, 13, 7.48%, 0, 0, 3, 37.30
1746559932, 0, 391, 595, 584, 13, 7.48%, 0, 0, 3, 39.08
1746559937, 0, 391, 598, 587, 13, 7.48%, 0, 0, 3, 33.10
1746559942, 0, 391, 599, 588, 13, 7.48%, 0, 0, 3, 39.80
1746559952, 0, 391, 601, 590, 13, 7.48%, 0, 0, 3, 36.40
1746559957, 0, 391, 604, 593, 13, 7.48%, 0, 0, 3, 40.46
1746559962, 0, 391, 607, 596, 13, 7.48%, 0, 0, 3, 44.98
1746559967, 0, 391, 611, 600, 13, 7.49%, 0, 0, 3, 41.70
1746559973, 0, 391, 614, 603, 13, 7.49%, 0, 0, 3, 51.08
1746559978, 0, 391, 617, 606, 13, 7.49%, 0, 0, 3, 56.80
1746559983, 0, 391, 618, 607, 13, 7.50%, 0, 0, 3, 56.05
1746559988, 0, 391, 621, 610, 13, 7.50%, 0, 0, 3, 56.09
1746559993, 0, 391, 623, 612, 13, 7.50%, 0, 0, 3, 56.45
1746559998, 0, 391, 626, 615, 13, 7.50%, 0, 0, 3, 56.30
1746560003, 0, 391, 628, 617, 13, 7.50%, 0, 0, 3, 56.07
1746560019, 0, 391, 630, 619, 13, 7.50%, 0, 0, 3, 57.73
1746560024, 0, 391, 633, 622, 13, 7.50%, 0, 0, 3, 54.41
1746560029, 0, 391, 634, 623, 13, 7.50%, 0, 0, 3, 56.81
1746560039, 0, 391, 636, 625, 13, 7.50%, 0, 0, 3, 56.43
1746560044, 0, 391, 637, 626, 13, 7.50%, 0, 0, 3, 58.09
1746560049, 0, 391, 638, 627, 13, 7.50%, 0, 0, 3, 56.95
1746560054, 0, 391, 639, 628, 13, 7.50%, 0, 0, 3, 56.76
1746560069, 0, 391, 641, 630, 13, 7.50%, 0, 0, 3, 55.19
1746560074, 0, 391, 642, 631, 13, 7.50%, 0, 0, 3, 59.27
1746560079, 0, 391, 644, 633, 13, 7.50%, 0, 0, 3, 57.99
1746560084, 0, 391, 645, 634, 13, 7.50%, 0, 0, 3, 57.61
1746560089, 0, 391, 646, 635, 13, 7.50%, 0, 0, 3, 57.00
1746560094, 0, 391, 648, 637, 13, 7.50%, 0, 0, 3, 57.54
1746560099, 0, 391, 650, 639, 13, 7.50%, 0, 0, 3, 55.76
1746560104, 0, 391, 651, 640, 13, 7.50%, 0, 0, 3, 58.64
1746560110, 0, 391, 653, 642, 13, 7.50%, 0, 0, 3, 58.70
1746560125, 0, 391, 654, 643, 13, 7.50%, 0, 0, 3, 56.85
1746560130, 0, 391, 655, 644, 13, 7.50%, 0, 0, 3, 56.75
1746560135, 0, 391, 657, 646, 13, 7.50%, 0, 0, 3, 56.61
1746560140, 0, 391, 658, 647, 13, 7.50%, 0, 0, 3, 56.99
1746560145, 0, 391, 659, 648, 13, 7.50%, 0, 0, 3, 57.54
1746560171, 0, 391, 662, 651, 13, 7.50%, 0, 0, 3, 52.05
1746560186, 0, 391, 663, 652, 13, 7.50%, 0, 0, 3, 57.29
1746560191, 0, 391, 664, 653, 13, 7.50%, 0, 0, 3, 58.17
1746560197, 0, 391, 665, 654, 13, 7.50%, 0, 0, 3, 56.96
1746560202, 0, 391, 667, 656, 13, 7.50%, 0, 0, 3, 56.83
1746560217, 0, 391, 669, 658, 13, 7.50%, 0, 0, 3, 58.35
1746560227, 0, 391, 670, 659, 13, 7.50%, 0, 0, 3, 58.04
1746560232, 0, 391, 672, 661, 13, 7.50%, 0, 0, 3, 57.20
1746560237, 0, 391, 673, 662, 13, 7.50%, 0, 0, 3, 57.24
1746560263, 0, 391, 675, 664, 13, 7.60%, 0, 0, 3, 52.39
1746560268, 0, 422, 675, 663, 17, 7.60%, 0, 0, 3, 50.60
1746560273, 0, 422, 676, 664, 17, 7.60%, 0, 0, 3, 50.29
1746560288, 0, 422, 678, 666, 17, 7.60%, 0, 0, 3, 54.41
1746560298, 0, 433, 678, 665, 17, 7.60%, 0, 0, 3, 56.45
1746560303, 0, 433, 685, 672, 17, 8.02%, 0, 0, 4, 31.33
1746560308, 0, 433, 692, 679, 17, 8.02%, 0, 0, 4, 24.91
1746560313, 0, 433, 701, 688, 17, 8.06%, 0, 0, 4, 20.59
1746560319, 0, 433, 707, 694, 17, 8.06%, 0, 0, 4, 18.50
1746560324, 0, 433, 710, 697, 17, 8.06%, 0, 0, 4, 17.69
1746560329, 0, 433, 716, 703, 17, 8.06%, 0, 0, 4, 24.82
1746560334, 0, 433, 723, 710, 17, 8.15%, 0, 0, 4, 20.70
1746560339, 0, 433, 728, 715, 17, 8.15%, 0, 0, 4, 18.37
1746560344, 0, 433, 734, 721, 17, 8.15%, 0, 0, 4, 17.30
1746560349, 0, 433, 737, 724, 17, 8.17%, 0, 0, 4, 26.50
1746560354, 0, 433, 745, 732, 17, 8.18%, 0, 0, 4, 22.62
1746560359, 0, 433, 748, 735, 17, 8.18%, 0, 0, 4, 18.74
1746560365, 0, 433, 749, 736, 17, 8.18%, 0, 0, 4, 21.56
1746560370, 0, 433, 750, 737, 17, 8.18%, 0, 0, 4, 34.79
1746560375, 0, 433, 752, 739, 17, 8.18%, 0, 0, 4, 39.57
1746560380, 0, 433, 754, 741, 17, 8.18%, 0, 0, 4, 37.04
1746560385, 0, 433, 757, 744, 17, 8.18%, 0, 0, 4, 29.57
1746560390, 0, 433, 761, 748, 17, 8.18%, 0, 0, 4, 25.62
1746560395, 0, 433, 766, 753, 17, 8.18%, 0, 0, 4, 22.09
1746560400, 0, 433, 769, 756, 17, 8.18%, 0, 0, 4, 23.82
1746560405, 0, 433, 770, 757, 17, 8.18%, 0, 0, 4, 20.30
1746560411, 0, 433, 775, 762, 17, 8.18%, 0, 0, 4, 18.39
1746560416, 0, 433, 777, 764, 17, 8.18%, 0, 0, 4, 17.97
1746560426, 0, 433, 778, 765, 17, 8.18%, 0, 0, 4, 18.12
1746560431, 0, 433, 781, 768, 17, 8.18%, 0, 0, 4, 17.30
1746560436, 0, 433, 785, 772, 17, 8.18%, 0, 0, 4, 16.93
1746560503, 0, 433, 789, 776, 17, 8.18%, 0, 0, 4, 21.39
1746560513, 0, 433, 792, 779, 17, 8.18%, 0, 0, 4, 34.35
1746560518, 0, 433, 794, 781, 17, 8.18%, 0, 0, 4, 28.46
1746560523, 0, 433, 798, 785, 17, 8.18%, 0, 0, 4, 21.59
1746560528, 0, 433, 799, 786, 17, 8.18%, 0, 0, 4, 19.10
1746560534, 0, 433, 800, 787, 17, 8.18%, 0, 0, 4, 18.16
1746560539, 0, 433, 802, 789, 17, 8.18%, 0, 0, 4, 17.52
1746560544, 0, 433, 805, 792, 17, 8.18%, 0, 0, 4, 17.47
1746560549, 0, 433, 806, 793, 17, 8.18%, 0, 0, 4, 34.21
1746560559, 0, 433, 808, 795, 17, 8.18%, 0, 0, 4, 34.12
1746560564, 0, 433, 812, 799, 17, 8.18%, 0, 0, 4, 28.43
1746560569, 0, 433, 813, 800, 17, 8.18%, 0, 0, 4, 24.55
1746560574, 0, 433, 815, 802, 17, 8.18%, 0, 0, 4, 20.68
1746560579, 0, 433, 816, 803, 17, 8.18%, 0, 0, 4, 19.13
1746560590, 0, 433, 817, 804, 17, 8.18%, 0, 0, 4, 18.00
1746560600, 0, 433, 818, 805, 17, 8.18%, 0, 0, 4, 17.31
1746560605, 0, 433, 821, 808, 17, 8.18%, 0, 0, 4, 38.40
1746560610, 0, 433, 823, 810, 17, 8.18%, 0, 0, 4, 44.86
1746560620, 0, 433, 825, 812, 17, 8.18%, 0, 0, 4, 44.07
1746560625, 0, 433, 827, 814, 17, 8.18%, 0, 0, 4, 46.63
1746560631, 0, 433, 829, 816, 17, 8.18%, 0, 0, 4, 46.90
1746560646, 0, 433, 831, 818, 17, 8.18%, 0, 0, 4, 46.12
1746560651, 0, 433, 832, 819, 17, 8.18%, 0, 0, 4, 48.42
1746560656, 0, 433, 833, 820, 17, 8.18%, 0, 0, 4, 50.08
1746560661, 0, 433, 834, 821, 17, 8.18%, 0, 0, 4, 46.96
1746560666, 0, 433, 835, 822, 17, 8.18%, 0, 0, 4, 50.47
1746560671, 0, 433, 836, 823, 17, 8.18%, 0, 0, 4, 49.68
1746560676, 0, 433, 837, 824, 17, 8.18%, 0, 0, 4, 45.54
1746560682, 0, 433, 839, 826, 17, 8.18%, 0, 0, 4, 45.82
1746560687, 0, 433, 840, 827, 17, 8.18%, 0, 0, 4, 47.07
1746560692, 0, 433, 841, 828, 17, 8.18%, 0, 0, 4, 49.96
1746560717, 0, 433, 842, 829, 17, 8.18%, 0, 0, 4, 51.05
1746560723, 0, 433, 845, 832, 17, 8.18%, 0, 0, 4, 48.24
1746560733, 0, 433, 846, 833, 17, 8.18%, 0, 0, 4, 49.52
1746560743, 0, 433, 848, 835, 17, 8.18%, 0, 0, 4, 50.78
1746560748, 0, 433, 851, 838, 17, 8.18%, 0, 0, 4, 51.32
1746560753, 0, 433, 853, 840, 17, 8.18%, 0, 0, 4, 47.21
1746560768, 0, 433, 854, 841, 17, 8.18%, 0, 0, 4, 48.63
1746560778, 0, 433, 855, 842, 17, 8.18%, 0, 0, 4, 49.12
1746560784, 0, 433, 856, 843, 17, 8.18%, 0, 0, 4, 49.80
1746560789, 0, 433, 857, 844, 17, 8.18%, 0, 0, 4, 49.44
1746560794, 0, 433, 859, 846, 17, 8.18%, 0, 0, 4, 47.11
1746560819, 0, 433, 860, 847, 17, 8.18%, 0, 0, 4, 48.58
1746560834, 0, 433, 862, 849, 17, 8.18%, 0, 0, 4, 48.41
1746560840, 0, 433, 864, 851, 17, 8.18%, 0, 0, 4, 45.13
1746560850, 0, 433, 865, 852, 17, 8.18%, 0, 0, 4, 51.56
1746560855, 0, 433, 866, 853, 17, 8.18%, 0, 0, 4, 50.87
1746560865, 0, 433, 867, 854, 17, 8.18%, 0, 0, 4, 49.35
1746560870, 0, 433, 868, 855, 17, 8.18%, 0, 0, 4, 43.56
1746560890, 0, 433, 869, 856, 17, 8.18%, 0, 0, 4, 49.61
1746560895, 0, 433, 870, 857, 17, 8.18%, 0, 0, 4, 48.68
1746560911, 0, 433, 871, 858, 17, 8.18%, 0, 0, 4, 52.20
1746560941, 0, 433, 872, 859, 17, 8.18%, 0, 0, 4, 50.12
1746560946, 0, 482, 872, 858, 21, 8.18%, 0, 0, 4, 53.29
1746560977, 0, 557, 873, 858, 20, 8.18%, 0, 0, 4, 45.95
1746560997, 0, 557, 874, 859, 20, 8.18%, 0, 0, 4, 32.73
1746561003, 0, 557, 875, 860, 20, 8.18%, 0, 0, 4, 38.34
1746561033, 0, 557, 877, 862, 20, 8.18%, 0, 0, 4, 56.22
1746561053, 0, 572, 877, 861, 19, 8.18%, 0, 0, 4, 46.10
1746561114, 0, 588, 877, 860, 18, 8.18%, 0, 0, 4, 48.32
1746561160, 0, 588, 878, 861, 18, 8.18%, 0, 0, 4, 42.71
1746561180, 0, 609, 878, 860, 17, 8.18%, 0, 0, 4, 40.54
1746561196, 0, 609, 879, 861, 17, 8.18%, 0, 0, 4, 33.38
1746561201, 0, 609, 880, 862, 17, 8.18%, 0, 0, 4, 32.61
1746561241, 0, 613, 880, 861, 17, 8.18%, 0, 0, 4, 51.20
1746561282, 0, 647, 880, 860, 16, 8.18%, 0, 0, 4, 53.24
1746561312, 0, 652, 881, 860, 15, 8.18%, 0, 0, 4, 49.46
1746561317, 0, 652, 883, 862, 15, 8.18%, 0, 0, 4, 39.66
1746561373, 0, 652, 885, 864, 15, 8.18%, 0, 0, 4, 57.83
1746561379, 0, 652, 886, 865, 15, 8.18%, 0, 0, 4, 59.35
1746561394, 0, 652, 887, 866, 15, 8.18%, 0, 0, 4, 57.26
1746561419, 0, 652, 888, 867, 15, 8.18%, 0, 0, 4, 56.28
1746561445, 0, 652, 889, 868, 15, 8.18%, 0, 0, 4, 58.82
1746561450, 0, 652, 890, 869, 15, 8.18%, 0, 0, 4, 58.76
1746561465, 0, 652, 892, 871, 15, 8.18%, 0, 0, 4, 56.41
1746561485, 0, 652, 893, 872, 15, 8.18%, 0, 0, 4, 55.90
1746561556, 0, 652, 894, 873, 15, 8.18%, 0, 0, 4, 57.21
1746561622, 0, 652, 895, 874, 15, 8.18%, 0, 0, 4, 56.91
1746561648, 0, 664, 895, 873, 15, 8.18%, 0, 0, 4, 51.25
1746561658, 0, 664, 896, 874, 15, 8.18%, 0, 0, 4, 46.47
1746561688, 0, 669, 896, 873, 14, 8.18%, 0, 0, 4, 50.84
1746561709, 0, 669, 897, 874, 14, 8.18%, 0, 0, 4, 41.80
1746561719, 0, 669, 898, 875, 14, 8.18%, 0, 0, 4, 41.62
1746561744, 0, 673, 900, 876, 14, 8.18%, 0, 0, 4, 40.59
1746561750, 0, 673, 901, 877, 14, 8.18%, 0, 0, 4, 30.97
1746561755, 0, 673, 902, 878, 14, 8.18%, 0, 0, 4, 25.38
1746561760, 0, 673, 904, 880, 14, 8.18%, 0, 0, 4, 27.02
1746561765, 0, 673, 905, 881, 14, 8.18%, 0, 0, 4, 40.82
1746561780, 0, 673, 907, 883, 14, 8.18%, 0, 0, 4, 26.57
1746561791, 0, 673, 908, 884, 14, 8.18%, 0, 0, 4, 24.18
1746561796, 0, 673, 909, 885, 14, 8.18%, 0, 0, 4, 22.26
1746561801, 0, 673, 910, 886, 14, 8.18%, 0, 0, 4, 21.09
1746561836, 0, 673, 911, 887, 14, 8.18%, 0, 0, 4, 25.30
1746561846, 0, 673, 912, 888, 14, 8.18%, 0, 0, 4, 28.45
1746561851, 0, 673, 914, 890, 14, 8.18%, 0, 0, 4, 25.30
1746561856, 0, 673, 915, 891, 14, 8.18%, 0, 0, 4, 40.82
1746561887, 0, 704, 915, 890, 14, 8.18%, 0, 0, 4, 40.59
1746561928, 0, 704, 916, 891, 14, 8.18%, 0, 0, 5, 39.59
1746561938, 0, 704, 917, 892, 14, 8.18%, 0, 0, 5, 33.56
1746561948, 0, 704, 918, 893, 14, 8.18%, 0, 0, 5, 26.93
1746562056, 0, 704, 919, 894, 14, 8.18%, 0, 0, 5, 30.41
1746562091, 0, 704, 920, 895, 14, 8.18%, 0, 0, 5, 36.48
1746562143, 0, 721, 920, 894, 13, 8.18%, 0, 0, 5, 45.42
1746562148, 0, 721, 921, 895, 13, 8.18%, 0, 0, 5, 28.53
1746562153, 0, 721, 923, 897, 13, 8.18%, 0, 0, 5, 18.37
1746562158, 0, 721, 929, 903, 13, 8.18%, 0, 0, 5, 15.33
1746562168, 0, 721, 930, 904, 13, 8.18%, 0, 0, 5, 18.53
1746562173, 0, 721, 934, 908, 13, 8.18%, 0, 0, 5, 15.48
1746562179, 0, 721, 934, 908, 13, 8.18%, 0, 1, 5, 35.15
1746562189, 0, 721, 935, 909, 13, 8.18%, 0, 1, 5, 18.16
1746562199, 0, 721, 936, 910, 13, 8.18%, 0, 1, 5, 43.65
1746562220, 0, 721, 937, 911, 13, 8.18%, 0, 1, 5, 22.03
1746562255, 0, 721, 939, 913, 13, 8.18%, 0, 1, 5, 14.56
1746562260, 0, 721, 940, 914, 13, 8.18%, 0, 1, 5, 14.48
1746562326, 0, 721, 941, 915, 13, 8.18%, 0, 1, 5, 25.71
1746562403, 0, 721, 943, 917, 13, 8.18%, 0, 1, 5, 16.19
1746562429, 0, 721, 944, 918, 13, 8.18%, 0, 1, 5, 47.45
1746562439, 0, 721, 946, 920, 13, 8.18%, 0, 1, 5, 49.47
1746562500, 0, 721, 947, 921, 13, 8.18%, 0, 1, 5, 48.87
1746562515, 0, 721, 948, 922, 13, 8.18%, 0, 1, 5, 47.08
1746562546, 0, 721, 949, 923, 13, 8.18%, 0, 1, 5, 48.78
1746562556, 0, 721, 950, 924, 13, 8.18%, 0, 1, 5, 44.76
1746562618, 0, 721, 951, 925, 13, 8.21%, 0, 1, 5, 46.44
1746562633, 0, 721, 952, 926, 13, 8.22%, 0, 1, 5, 47.67
1746562638, 0, 721, 953, 927, 13, 8.22%, 0, 1, 5, 43.04
1746562684, 0, 721, 954, 928, 13, 8.22%, 0, 1, 5, 46.94
1746562750, 0, 753, 954, 927, 13, 8.22%, 0, 1, 5, 45.01
1746562811, 0, 837, 954, 926, 13, 8.22%, 0, 1, 5, 43.80
1746562816, 0, 837, 955, 927, 13, 8.22%, 0, 1, 5, 24.92
1746562826, 0, 837, 956, 928, 13, 8.22%, 0, 1, 5, 21.62
1746562846, 0, 837, 957, 929, 13, 8.22%, 0, 1, 5, 40.33
1746562903, 0, 837, 958, 930, 13, 8.22%, 0, 1, 5, 17.70
1746563000, 0, 837, 960, 932, 13, 8.22%, 0, 1, 5, 20.42
1746563015, 0, 837, 961, 933, 13, 8.22%, 0, 1, 5, 19.53
1746563020, 0, 837, 962, 934, 13, 8.22%, 0, 1, 5, 40.20
1746563030, 0, 853, 963, 934, 14, 8.22%, 0, 1, 5, 40.22
1746563035, 0, 853, 965, 936, 14, 8.22%, 0, 1, 5, 33.79
1746563040, 0, 853, 966, 937, 14, 8.22%, 0, 1, 5, 33.37
1746563056, 0, 853, 967, 938, 14, 8.22%, 0, 1, 5, 41.72
1746563061, 0, 853, 968, 939, 14, 8.22%, 0, 1, 5, 31.73
1746563066, 0, 853, 970, 941, 14, 8.22%, 0, 1, 5, 27.70
1746563071, 0, 853, 971, 942, 14, 8.22%, 0, 1, 5, 25.49
1746563107, 0, 853, 973, 944, 14, 8.22%, 0, 1, 5, 28.55
1746563143, 0, 875, 973, 943, 15, 8.22%, 0, 1, 5, 43.16
1746563148, 0, 875, 974, 944, 15, 8.22%, 0, 1, 5, 35.32
1746563230, 0, 879, 974, 943, 14, 8.22%, 0, 1, 5, 53.52
1746563250, 0, 879, 975, 944, 14, 8.22%, 0, 1, 5, 33.76
1746563301, 0, 883, 975, 943, 13, 8.22%, 0, 1, 5, 54.77
1746563306, 0, 883, 976, 944, 13, 8.22%, 0, 1, 5, 43.38
1746563352, 0, 883, 977, 945, 13, 8.22%, 0, 1, 5, 48.80
1746563367, 0, 900, 977, 944, 13, 8.22%, 0, 1, 5, 57.92
1746563403, 0, 900, 978, 945, 13, 8.22%, 0, 1, 5, 26.54
1746563511, 0, 914, 978, 944, 12, 8.22%, 0, 1, 5, 39.27
1746563526, 0, 914, 979, 945, 12, 8.22%, 0, 1, 5, 27.78
1746563562, 0, 914, 982, 948, 12, 8.22%, 0, 1, 5, 22.49
1746563567, 0, 914, 987, 953, 12, 8.22%, 0, 1, 5, 22.43
1746563659, 0, 917, 987, 952, 14, 8.22%, 0, 1, 5, 32.75
1746563664, 0, 917, 993, 958, 14, 8.22%, 0, 1, 6, 20.99
1746563669, 0, 917, 994, 959, 14, 8.22%, 0, 1, 6, 17.52
1746563674, 0, 917, 995, 960, 14, 8.22%, 0, 1, 6, 25.77
1746563679, 0, 917, 997, 962, 14, 8.22%, 0, 1, 6, 19.73
1746563690, 0, 917, 998, 963, 14, 8.22%, 0, 1, 6, 21.11
1746563715, 0, 917, 999, 964, 14, 8.22%, 0, 1, 6, 28.26
1746563736, 0, 917, 1000, 965, 14, 8.22%, 0, 1, 6, 17.77
1746563751, 0, 917, 1001, 966, 14, 8.22%, 0, 1, 6, 17.07
1746563843, 0, 917, 1004, 969, 14, 8.22%, 0, 1, 6, 19.16
1746563848, 0, 917, 1006, 971, 14, 8.22%, 0, 1, 6, 17.79
1746563889, 0, 917, 1009, 974, 14, 8.22%, 0, 1, 6, 19.09
1746563910, 0, 917, 1010, 975, 14, 8.22%, 0, 1, 6, 17.18
1746563915, 0, 917, 1011, 976, 14, 8.22%, 0, 1, 6, 21.33
1746563920, 0, 917, 1012, 977, 14, 8.22%, 0, 1, 6, 39.94
1746563930, 0, 934, 1012, 976, 14, 8.22%, 0, 1, 6, 37.98
1746563950, 0, 934, 1013, 977, 14, 8.22%, 0, 1, 6, 16.82
1746563966, 0, 934, 1015, 979, 14, 8.22%, 0, 1, 6, 16.30
1746564037, 0, 934, 1017, 981, 14, 8.22%, 0, 1, 6, 13.54
1746564042, 0, 934, 1018, 982, 14, 8.22%, 0, 1, 6, 12.99
1746564206, 0, 943, 1018, 981, 14, 8.22%, 0, 1, 6, 43.75
1746564314, 0, 943, 1019, 982, 14, 8.22%, 0, 1, 6, 40.36
1746564334, 0, 950, 1019, 981, 13, 8.22%, 0, 1, 6, 39.83
1746564350, 0, 950, 1020, 982, 13, 8.22%, 0, 1, 6, 24.81
1746564360, 0, 950, 1021, 983, 13, 8.22%, 0, 1, 6, 15.11
1746564365, 0, 950, 1022, 984, 13, 8.22%, 0, 1, 6, 27.00
1746564376, 0, 950, 1023, 985, 13, 8.22%, 0, 1, 6, 15.13
1746564447, 0, 950, 1024, 986, 13, 8.22%, 0, 1, 6, 14.74
1746564473, 0, 950, 1029, 991, 13, 8.22%, 0, 1, 6, 13.34
1746564662, 0, 950, 1030, 992, 13, 8.22%, 0, 1, 6, 27.01
1746564672, 0, 951, 1030, 991, 13, 8.22%, 0, 1, 6, 43.56
1746564688, 0, 951, 1032, 993, 13, 8.23%, 0, 1, 6, 14.15
1746564959, 0, 951, 1033, 994, 13, 8.23%, 0, 1, 6, 13.46
1746565052, 0, 955, 1033, 993, 11, 8.23%, 0, 1, 6, 45.56
1746565062, 0, 955, 1034, 994, 11, 8.23%, 0, 1, 6, 20.07
1746565103, 0, 955, 1036, 996, 11, 8.23%, 0, 1, 6, 28.14
1746565134, 0, 955, 1037, 997, 11, 8.23%, 0, 1, 6, 17.15
1746565190, 0, 955, 1038, 998, 11, 8.23%, 0, 1, 6, 19.80
1746565210, 0, 955, 1039, 999, 11, 8.23%, 0, 1, 6, 19.19
1746565241, 0, 955, 1040, 1000, 11, 8.23%, 0, 1, 6, 24.93
1746565251, 0, 955, 1041, 1001, 11, 8.23%, 0, 1, 6, 18.78
1746565282, 0, 957, 1041, 1000, 10, 8.23%, 0, 1, 6, 44.88
1746565506, 0, 965, 1041, 999, 9, 8.23%, 0, 1, 6, 41.34
1746565598, 0, 965, 1043, 1001, 9, 8.23%, 0, 1, 6, 30.52
1746565603, 0, 965, 1044, 1002, 9, 8.23%, 0, 1, 6, 46.92
1746565623, 0, 976, 1044, 1001, 8, 8.23%, 0, 1, 6, 48.18
1746565643, 0, 976, 1045, 1002, 8, 8.23%, 0, 1, 6, 43.26
1746565663, 0, 976, 1046, 1003, 8, 8.23%, 0, 1, 6, 49.13
1746565689, 0, 986, 1046, 1002, 7, 8.23%, 0, 1, 6, 45.55
1746565832, 0, 1014, 1046, 1001, 6, 8.23%, 0, 1, 6, 35.14
1746566097, 0, 1014, 1047, 1002, 6, 8.23%, 0, 1, 7, 42.55
1746566112, 0, 1015, 1047, 1001, 5, 8.23%, 0, 1, 7, 38.34
1746566316, 0, 1015, 1051, 1005, 5, 8.30%, 0, 1, 7, 13.45
1746566383, 0, 1015, 1052, 1006, 5, 8.30%, 0, 1, 7, 46.84
1746566398, 0, 1019, 1052, 1005, 6, 8.30%, 0, 1, 7, 39.86
1746566731, 0, 1030, 1052, 1004, 5, 8.30%, 0, 1, 7, 46.55
1746566751, 0, 1030, 1053, 1005, 5, 8.30%, 0, 1, 7, 24.14
1746567027, 0, 1030, 1054, 1006, 5, 8.30%, 0, 1, 7, 17.83
1746567119, 0, 1034, 1055, 1006, 5, 8.30%, 0, 1, 7, 40.67
1746567124, 0, 1034, 1056, 1007, 5, 8.31%, 0, 1, 7, 24.95
1746567129, 0, 1034, 1057, 1008, 5, 8.31%, 0, 1, 7, 27.33
1746567190, 0, 1034, 1059, 1010, 5, 8.32%, 0, 1, 7, 18.78
1746567272, 0, 1034, 1060, 1011, 5, 8.32%, 0, 1, 7, 20.51
1746567343, 0, 1038, 1060, 1010, 6, 8.32%, 0, 1, 7, 37.21
1746567538, 0, 1038, 1064, 1014, 6, 8.32%, 0, 1, 7, 18.98
1746567553, 0, 1038, 1065, 1015, 6, 8.32%, 0, 1, 7, 51.50
1746567573, 0, 1042, 1065, 1014, 5, 8.32%, 0, 1, 7, 47.13
1746567578, 0, 1042, 1066, 1015, 5, 8.32%, 0, 1, 7, 37.64
1746567609, 0, 1042, 1069, 1018, 5, 8.32%, 0, 1, 7, 28.47
1746567655, 0, 1042, 1070, 1019, 5, 8.32%, 0, 1, 7, 32.96
1746567695, 0, 1050, 1070, 1018, 4, 8.32%, 0, 1, 7, 35.77
1746567706, 0, 1050, 1072, 1020, 4, 8.32%, 0, 1, 8, 14.22
1746567721, 0, 1050, 1073, 1021, 4, 8.32%, 0, 1, 8, 27.15
1746567731, 0, 1050, 1074, 1022, 4, 8.32%, 0, 1, 8, 14.91
1746567798, 0, 1050, 1075, 1023, 4, 8.32%, 0, 1, 8, 13.93
1746567813, 0, 1050, 1077, 1025, 4, 8.32%, 0, 1, 8, 12.19
1746567905, 0, 1050, 1078, 1026, 4, 8.32%, 0, 1, 8, 13.46
1746567971, 0, 1053, 1078, 1025, 4, 8.32%, 0, 1, 8, 46.50
1746568355, 0, 1055, 1078, 1024, 3, 8.32%, 0, 1, 8, 41.96
1746568436, 0, 1055, 1079, 1025, 3, 8.32%, 0, 1, 8, 29.32
1746568472, 0, 1057, 1079, 1024, 2, 8.32%, 0, 1, 8, 48.23
1746568523, 0, 1057, 1080, 1025, 2, 8.33%, 0, 1, 8, 22.86
1746568594, 0, 1057, 1084, 1029, 2, 8.33%, 0, 1, 8, 22.13
1746568625, 0, 1057, 1085, 1030, 2, 8.33%, 0, 1, 8, 21.80
1746568630, 0, 1057, 1086, 1031, 2, 8.33%, 0, 1, 8, 35.48
1746568645, 0, 1074, 1086, 1030, 2, 8.33%, 0, 1, 8, 42.03
1746568655, 0, 1074, 1087, 1031, 2, 8.33%, 0, 1, 9, 16.16
1746568819, 0, 1074, 1088, 1032, 2, 8.33%, 0, 1, 9, 23.89
1746568926, 0, 1079, 1088, 1031, 1, 8.33%, 0, 1, 9, 49.48
1746568971, 0, 1079, 1089, 1032, 1, 8.33%, 0, 1, 9, 27.59
1746569109, 1, 1, 1089, 1031, 0, 8.33%, 0, 1, 9, 60.03
1746569119, 1, 4, 1089, 1030, 0, 8.33%, 0, 1, 9, 66.96
1746569125, 1, 4, 1090, 1031, 0, 8.33%, 0, 1, 9, 67.21
1746569140, 1, 5, 1090, 1030, 0, 8.33%, 0, 1, 9, 72.13
1746569156, 1, 7, 1090, 1029, 0, 8.33%, 0, 1, 9, 71.15
1746569166, 1, 10, 1090, 1028, 0, 8.33%, 0, 1, 9, 70.32
1746569171, 1, 14, 1090, 1028, 0, 8.33%, 0, 1, 9, 69.75
1746569181, 1, 16, 1090, 1027, 0, 8.33%, 0, 1, 9, 67.72
1746569191, 1, 16, 1091, 1028, 0, 8.33%, 0, 1, 9, 63.91
1746569207, 1, 21, 1091, 1027, 0, 8.33%, 0, 1, 9, 66.46
1746569217, 1, 28, 1091, 1026, 0, 8.33%, 0, 1, 9, 68.33
1746569228, 1, 29, 1091, 1025, 0, 8.33%, 0, 1, 9, 71.70
1746569233, 1, 29, 1092, 1026, 0, 8.33%, 0, 1, 9, 69.26
1746569253, 1, 39, 1092, 1025, 0, 8.33%, 0, 1, 9, 67.86
1746569263, 1, 45, 1092, 1024, 0, 8.33%, 0, 1, 9, 68.67
1746569274, 1, 52, 1092, 1023, 0, 8.33%, 0, 1, 9, 68.48
1746569289, 1, 54, 1092, 1022, 0, 8.33%, 0, 1, 9, 72.58
1746569300, 1, 55, 1093, 1022, 0, 8.33%, 0, 1, 9, 71.48
1746569326, 1, 60, 1093, 1021, 0, 8.33%, 0, 1, 9, 70.24
1746569336, 1, 65, 1093, 1020, 0, 8.33%, 0, 1, 9, 72.75
1746569351, 1, 72, 1093, 1019, 0, 8.33%, 0, 1, 9, 68.97
1746569367, 1, 72, 1094, 1020, 0, 8.33%, 0, 1, 9, 67.38
1746569377, 1, 73, 1094, 1019, 0, 8.33%, 0, 1, 9, 71.67
1746569392, 1, 79, 1094, 1018, 0, 8.33%, 0, 1, 9, 72.94
1746569408, 1, 81, 1094, 1017, 0, 8.33%, 0, 1, 9, 66.63
1746569428, 1, 87, 1094, 1016, 0, 8.33%, 0, 1, 9, 71.02
1746569444, 1, 89, 1094, 1015, 0, 8.33%, 0, 1, 9, 73.28
1746569454, 1, 91, 1094, 1014, 0, 8.33%, 0, 1, 9, 62.38
1746569469, 1, 99, 1094, 1013, 0, 8.33%, 0, 1, 9, 64.10
1746569485, 1, 104, 1094, 1012, 0, 8.33%, 0, 1, 9, 62.85
1746569506, 1, 105, 1094, 1011, 0, 8.33%, 0, 1, 9, 60.02
1746569521, 1, 106, 1094, 1010, 0, 8.33%, 0, 1, 9, 58.75
1746569536, 1, 108, 1094, 1009, 0, 8.33%, 0, 1, 9, 62.68
1746569547, 1, 110, 1094, 1008, 0, 8.33%, 0, 1, 9, 73.84
1746569562, 1, 112, 1094, 1007, 0, 8.33%, 0, 1, 9, 66.14
1746569572, 1, 112, 1095, 1008, 0, 8.33%, 0, 1, 9, 63.15
1746569593, 1, 114, 1095, 1007, 0, 8.33%, 0, 1, 9, 73.10
1746569598, 1, 114, 1096, 1008, 0, 8.33%, 0, 1, 9, 69.51
1746569624, 1, 119, 1096, 1007, 0, 8.33%, 0, 1, 9, 70.88
1746569640, 1, 125, 1096, 1006, 0, 8.33%, 0, 1, 9, 58.07
1746569655, 1, 129, 1096, 1005, 0, 8.33%, 0, 1, 9, 65.45
1746569670, 1, 131, 1096, 1004, 0, 8.33%, 0, 1, 9, 67.12
1746569680, 1, 132, 1096, 1003, 0, 8.33%, 0, 1, 9, 73.38
1746569696, 1, 133, 1096, 1002, 0, 8.33%, 0, 1, 9, 73.41
1746569701, 1, 133, 1097, 1003, 0, 8.33%, 0, 1, 9, 71.65
1746569732, 1, 134, 1097, 1002, 0, 8.33%, 0, 1, 9, 67.40
1746569742, 1, 142, 1097, 1001, 0, 8.33%, 0, 1, 9, 53.70
1746569758, 1, 143, 1097, 1000, 0, 8.33%, 0, 1, 9, 65.49
1746569773, 1, 149, 1097, 999, 0, 8.33%, 0, 1, 9, 66.03
1746569783, 1, 156, 1097, 998, 0, 8.33%, 0, 1, 9, 66.49
1746569799, 1, 165, 1097, 997, 0, 8.33%, 0, 1, 9, 66.84
1746569809, 1, 169, 1097, 996, 0, 8.33%, 0, 1, 9, 71.13
1746569830, 1, 173, 1097, 995, 0, 8.33%, 0, 1, 9, 72.47
1746569845, 1, 175, 1097, 994, 0, 8.33%, 0, 1, 9, 68.46
1746569866, 1, 176, 1097, 993, 0, 8.33%, 0, 1, 9, 73.47
1746569881, 1, 183, 1097, 992, 0, 8.33%, 0, 1, 9, 63.62
1746569897, 1, 184, 1097, 991, 0, 8.33%, 0, 1, 9, 65.31
1746569907, 1, 185, 1097, 990, 0, 8.33%, 0, 1, 9, 73.06
1746569922, 1, 203, 1097, 989, 0, 8.33%, 0, 1, 9, 64.56
1746569938, 1, 207, 1097, 988, 0, 8.33%, 0, 1, 9, 65.18
1746569954, 1, 208, 1097, 987, 0, 8.33%, 0, 1, 9, 60.83
1746570004, 1, 209, 1097, 986, 0, 8.33%, 0, 1, 9, 67.70
1746570030, 1, 211, 1097, 985, 0, 8.33%, 0, 1, 9, 49.47
1746570106, 1, 215, 1097, 984, 0, 8.33%, 0, 1, 9, 54.93
1746570137, 1, 219, 1097, 983, 0, 8.33%, 0, 1, 9, 60.95
1746570152, 1, 220, 1097, 982, 0, 8.33%, 0, 1, 9, 64.29
1746570162, 1, 227, 1097, 981, 0, 8.33%, 0, 1, 9, 63.35
1746570183, 1, 228, 1097, 980, 0, 8.33%, 0, 1, 9, 65.23
1746570198, 1, 229, 1097, 979, 0, 8.33%, 0, 1, 9, 66.52
1746570209, 1, 235, 1097, 978, 0, 8.33%, 0, 1, 9, 59.79
1746570244, 1, 237, 1097, 977, 0, 8.33%, 0, 1, 9, 68.71
1746570260, 1, 243, 1097, 976, 0, 8.33%, 0, 1, 9, 65.59
1746570290, 1, 245, 1097, 975, 0, 8.33%, 0, 1, 9, 67.91
1746570306, 1, 247, 1097, 974, 0, 8.33%, 0, 1, 9, 66.54
1746570326, 1, 250, 1097, 973, 0, 8.33%, 0, 1, 9, 65.79
1746570336, 1, 251, 1097, 972, 0, 8.33%, 0, 1, 9, 53.54
1746570367, 1, 255, 1097, 971, 0, 8.33%, 0, 1, 9, 69.14
1746570382, 1, 267, 1097, 970, 0, 8.33%, 0, 1, 9, 64.19
1746570413, 1, 271, 1097, 969, 0, 8.33%, 0, 1, 9, 60.00
1746570433, 1, 272, 1097, 968, 0, 8.33%, 0, 1, 9, 57.16
1746570449, 1, 280, 1097, 967, 0, 8.33%, 0, 1, 9, 60.46
1746570464, 1, 281, 1097, 966, 0, 8.33%, 0, 1, 9, 63.33
1746570505, 1, 282, 1097, 965, 0, 8.33%, 0, 1, 9, 59.51
1746570525, 1, 283, 1097, 964, 0, 8.33%, 0, 1, 9, 58.52
1746570556, 1, 285, 1097, 963, 0, 8.33%, 0, 1, 9, 59.87
1746570576, 1, 288, 1097, 962, 0, 8.33%, 0, 1, 9, 60.89
1746570591, 1, 290, 1097, 961, 0, 8.33%, 0, 1, 9, 55.92
1746570612, 1, 295, 1097, 960, 0, 8.33%, 0, 1, 9, 71.05
1746570627, 1, 296, 1097, 959, 0, 8.33%, 0, 1, 9, 59.90
1746570647, 1, 297, 1097, 958, 0, 8.33%, 0, 1, 9, 57.24
1746570678, 1, 299, 1097, 957, 0, 8.33%, 0, 1, 9, 67.70
1746570694, 1, 301, 1097, 956, 0, 8.33%, 0, 1, 9, 73.19
1746570704, 1, 309, 1097, 955, 0, 8.33%, 0, 1, 9, 66.60
1746570724, 1, 314, 1097, 954, 0, 8.33%, 0, 1, 9, 58.86
1746570755, 1, 318, 1097, 953, 0, 8.33%, 0, 1, 9, 56.60
1746570785, 1, 320, 1097, 952, 0, 8.33%, 0, 1, 9, 60.95
1746570806, 1, 323, 1097, 951, 0, 8.33%, 0, 1, 9, 57.22
1746570831, 1, 336, 1097, 950, 0, 8.33%, 0, 1, 9, 59.77
1746570852, 1, 342, 1097, 949, 0, 8.33%, 0, 1, 9, 52.16
1746570882, 1, 345, 1097, 948, 0, 8.33%, 0, 1, 9, 69.57
1746571005, 1, 346, 1097, 947, 0, 8.33%, 0, 1, 9, 66.58
1746571021, 1, 348, 1097, 946, 0, 8.33%, 0, 1, 9, 59.52
1746571036, 1, 360, 1097, 945, 0, 8.33%, 0, 1, 9, 63.47
1746571051, 1, 374, 1097, 944, 0, 8.33%, 0, 1, 9, 58.23
1746571077, 1, 384, 1097, 943, 0, 8.33%, 0, 1, 9, 57.72
1746571107, 1, 389, 1097, 942, 0, 8.33%, 0, 1, 9, 56.34
1746571133, 1, 401, 1097, 941, 0, 8.33%, 0, 1, 9, 60.60
1746571153, 1, 402, 1097, 940, 0, 8.33%, 0, 1, 9, 57.26
1746571169, 1, 407, 1097, 939, 0, 8.33%, 0, 1, 9, 58.57
1746571199, 1, 416, 1097, 938, 0, 8.33%, 0, 1, 9, 57.77
1746571210, 1, 417, 1097, 937, 0, 8.33%, 0, 1, 9, 63.51
1746571348, 1, 417, 1099, 939, 0, 8.33%, 0, 1, 9, 60.52
1746571383, 1, 419, 1099, 938, 0, 8.33%, 0, 1, 9, 61.90
1746571455, 1, 419, 1100, 939, 0, 8.33%, 0, 1, 9, 59.46
1746571465, 1, 424, 1100, 938, 0, 8.33%, 0, 1, 9, 60.22
1746571475, 1, 427, 1100, 937, 0, 8.33%, 0, 1, 9, 73.77
1746571598, 1, 434, 1100, 936, 0, 8.33%, 0, 1, 9, 62.90
1746571618, 1, 441, 1100, 935, 0, 8.33%, 0, 1, 9, 60.85
1746571654, 1, 442, 1100, 934, 0, 8.33%, 0, 1, 9, 62.58
1746571675, 1, 442, 1101, 935, 0, 8.33%, 0, 1, 9, 54.20
1746571705, 1, 447, 1101, 934, 0, 8.33%, 0, 1, 9, 62.01
1746571721, 1, 449, 1101, 933, 0, 8.33%, 0, 1, 9, 57.20
1746571741, 1, 452, 1101, 932, 0, 8.33%, 0, 1, 9, 56.64
1746571777, 1, 453, 1101, 931, 0, 8.33%, 0, 1, 9, 59.86
1746571792, 1, 453, 1102, 932, 0, 8.33%, 0, 1, 9, 58.28
1746571807, 1, 455, 1102, 931, 0, 8.33%, 0, 1, 9, 61.48
1746571859, 1, 462, 1102, 930, 0, 8.33%, 0, 1, 9, 57.54
1746571884, 1, 465, 1102, 929, 0, 8.33%, 0, 1, 9, 62.28
1746571900, 1, 466, 1102, 928, 0, 8.33%, 0, 1, 9, 60.28
1746571915, 1, 470, 1102, 927, 0, 8.33%, 0, 1, 9, 63.03
1746571935, 1, 471, 1102, 926, 0, 8.33%, 0, 1, 9, 55.21
1746571951, 1, 479, 1102, 925, 0, 8.33%, 0, 1, 9, 54.19
1746571981, 1, 486, 1102, 924, 0, 8.33%, 0, 1, 9, 60.05
1746571996, 1, 494, 1102, 923, 0, 8.33%, 0, 1, 9, 58.44
1746572037, 1, 518, 1102, 922, 0, 8.33%, 0, 1, 9, 43.75
1746572149, 1, 535, 1102, 921, 0, 8.33%, 0, 1, 9, 57.85
1746572164, 1, 536, 1102, 920, 0, 8.33%, 0, 1, 9, 60.74
1746572175, 1, 551, 1102, 919, 0, 8.33%, 0, 1, 9, 52.65
1746572236, 1, 556, 1102, 918, 0, 8.33%, 0, 1, 9, 46.85
1746572297, 1, 566, 1102, 917, 0, 8.33%, 0, 1, 9, 44.06
1746572358, 1, 569, 1102, 916, 0, 8.33%, 0, 1, 9, 47.79
1746572419, 1, 575, 1102, 915, 0, 8.33%, 0, 1, 9, 41.54
1746572475, 1, 576, 1102, 914, 0, 8.33%, 0, 1, 9, 56.26
1746572536, 1, 577, 1102, 913, 0, 8.33%, 0, 1, 9, 49.15
1746572593, 1, 578, 1102, 912, 0, 8.33%, 0, 1, 9, 46.97
1746572654, 1, 579, 1102, 911, 0, 8.33%, 0, 1, 9, 49.69
1746572705, 1, 585, 1102, 910, 0, 8.33%, 0, 1, 9, 57.53
1746572766, 1, 588, 1102, 909, 0, 8.33%, 0, 1, 9, 57.51
1746572771, 1, 595, 1102, 909, 0, 8.33%, 0, 1, 9, 40.88
1746572832, 1, 596, 1102, 908, 0, 8.33%, 0, 1, 9, 42.65
1746572893, 1, 598, 1102, 907, 0, 8.33%, 0, 1, 9, 47.55
1746572945, 1, 601, 1102, 906, 0, 8.33%, 0, 1, 9, 58.75
1746573006, 1, 613, 1102, 905, 0, 8.33%, 0, 1, 9, 58.20
1746573011, 1, 617, 1102, 905, 0, 8.33%, 0, 1, 9, 37.22
1746573118, 1, 618, 1102, 904, 0, 8.33%, 0, 1, 9, 50.42
1746573185, 1, 620, 1102, 903, 0, 8.33%, 0, 1, 9, 45.63
1746573404, 1, 628, 1102, 902, 0, 8.33%, 0, 1, 9, 55.91
1746573430, 1, 630, 1102, 901, 0, 8.33%, 0, 1, 9, 58.04
1746573701, 1, 630, 1103, 902, 0, 8.33%, 0, 1, 9, 48.95
1746573716, 1, 633, 1103, 901, 0, 8.33%, 0, 1, 9, 47.31
1746573813, 1, 635, 1103, 900, 0, 8.33%, 0, 1, 9, 39.15
1746573874, 1, 638, 1103, 899, 0, 8.33%, 0, 1, 9, 54.43
1746573961, 1, 642, 1103, 898, 0, 8.33%, 0, 1, 9, 53.55
1746574099, 1, 644, 1103, 897, 0, 8.33%, 0, 1, 9, 49.90
1746574226, 1, 646, 1103, 896, 0, 8.33%, 0, 1, 9, 53.15
1746574339, 1, 647, 1103, 895, 0, 8.33%, 0, 1, 9, 54.69
1746574344, 1, 655, 1103, 895, 0, 8.33%, 0, 1, 9, 39.44
1746574502, 1, 655, 1104, 896, 0, 8.33%, 0, 1, 9, 43.29
1746574523, 1, 657, 1104, 895, 0, 8.33%, 0, 1, 9, 46.74
1746574624, 1, 661, 1104, 894, 0, 8.33%, 0, 1, 9, 49.70
1746574798, 1, 663, 1104, 893, 0, 8.33%, 0, 1, 9, 49.27
1746574869, 1, 664, 1104, 892, 0, 8.33%, 0, 1, 9, 59.73
1746574874, 1, 665, 1104, 892, 0, 8.33%, 0, 1, 9, 50.19
1746574930, 1, 666, 1104, 891, 0, 8.33%, 0, 1, 9, 52.58
1746575180, 1, 667, 1104, 890, 0, 8.33%, 0, 1, 9, 45.48
1746575278, 1, 671, 1104, 889, 0, 8.33%, 0, 1, 9, 43.48
1746575344, 1, 678, 1104, 888, 0, 8.33%, 0, 1, 9, 36.31
1746575625, 1, 679, 1104, 887, 0, 8.33%, 0, 1, 9, 48.13
1746575635, 1, 679, 1105, 888, 0, 8.33%, 0, 1, 9, 20.76
1746575900, 1, 679, 1106, 889, 0, 8.33%, 0, 1, 9, 48.26
1746575920, 1, 680, 1106, 888, 0, 8.33%, 0, 1, 9, 38.89
1746575931, 1, 680, 1107, 889, 0, 8.33%, 0, 1, 9, 21.99
1746576094, 1, 680, 1108, 890, 0, 8.33%, 0, 1, 9, 20.60
1746576196, 1, 682, 1108, 889, 0, 8.33%, 0, 1, 9, 50.41
1746576462, 1, 682, 1109, 890, 0, 8.33%, 0, 1, 9, 40.71
1746576493, 1, 683, 1109, 889, 0, 8.33%, 0, 1, 9, 32.99
1746576775, 1, 691, 1109, 888, 0, 8.33%, 0, 1, 9, 40.43
1746576780, 1, 691, 1110, 889, 0, 8.33%, 0, 1, 9, 23.99
1746577041, 1, 691, 1111, 890, 0, 8.33%, 0, 1, 9, 40.40
1746577056, 1, 692, 1111, 889, 0, 8.33%, 0, 1, 9, 37.56
1746577184, 1, 695, 1111, 888, 0, 8.33%, 0, 1, 9, 40.85
1746577352, 1, 696, 1111, 887, 0, 8.33%, 0, 1, 9, 38.04
1746577521, 1, 708, 1111, 886, 0, 8.33%, 0, 1, 9, 37.04
1746577802, 1, 709, 1111, 885, 0, 8.33%, 0, 1, 9, 36.49
1746578077, 1, 713, 1111, 884, 0, 8.33%, 0, 1, 9, 48.07
1746578153, 1, 713, 1112, 885, 0, 8.33%, 0, 1, 9, 17.74
1746578363, 1, 715, 1112, 884, 0, 8.33%, 0, 1, 9, 34.03
1746578522, 1, 720, 1112, 883, 0, 8.33%, 0, 1, 9, 49.95
1746578807, 1, 726, 1112, 882, 0, 8.33%, 0, 1, 9, 32.44
1746579088, 1, 727, 1112, 881, 0, 8.33%, 0, 1, 9, 40.62
1746579313, 1, 733, 1112, 880, 0, 8.33%, 0, 1, 9, 49.57
1746579600, 1, 737, 1112, 879, 0, 8.33%, 0, 1, 9, 45.17
1746579733, 1, 740, 1112, 878, 0, 8.33%, 0, 1, 9, 37.88
1746579947, 1, 740, 1113, 879, 0, 8.33%, 0, 1, 9, 23.54
1746580019, 1, 747, 1113, 878, 0, 8.33%, 0, 1, 9, 36.32
1746580305, 1, 749, 1113, 877, 0, 8.33%, 0, 1, 9, 45.85
1746580484, 1, 758, 1113, 876, 0, 8.33%, 0, 1, 9, 42.27
1746580658, 1, 760, 1113, 875, 0, 8.33%, 0, 1, 9, 47.73
1746580790, 1, 766, 1113, 874, 0, 8.33%, 0, 1, 9, 40.76
1746581076, 1, 769, 1113, 873, 0, 8.33%, 0, 1, 9, 35.84
1746581357, 1, 774, 1113, 872, 0, 8.33%, 0, 1, 9, 39.74
1746581637, 1, 778, 1113, 871, 0, 8.33%, 0, 1, 9, 36.01
1746581918, 1, 779, 1113, 870, 0, 8.33%, 0, 1, 9, 38.97
1746582205, 1, 781, 1113, 869, 0, 8.33%, 0, 1, 9, 40.93
1746582491, 1, 784, 1113, 868, 0, 8.33%, 0, 1, 9, 37.08
1746582778, 1, 790, 1113, 867, 0, 8.33%, 0, 1, 9, 34.58
1746582907, 1, 798, 1113, 866, 0, 8.33%, 0, 1, 9, 35.18
1746583188, 1, 803, 1113, 865, 0, 8.33%, 0, 1, 9, 38.64
1746583475, 1, 805, 1113, 864, 0, 8.33%, 0, 1, 9, 38.78
1746583648, 1, 806, 1113, 863, 0, 8.33%, 0, 1, 9, 36.84
1746583893, 1, 806, 1114, 864, 0, 8.33%, 0, 1, 9, 48.18
1746583913, 1, 808, 1114, 863, 0, 8.33%, 0, 1, 9, 42.64
1746584076, 1, 815, 1114, 862, 0, 8.33%, 0, 1, 9, 55.28
1746584363, 1, 816, 1114, 861, 0, 8.33%, 0, 1, 9, 37.15
1746584650, 1, 819, 1114, 860, 0, 8.33%, 0, 1, 9, 48.33
1746584941, 1, 821, 1114, 859, 0, 8.33%, 0, 1, 9, 42.37
1746585038, 1, 824, 1114, 858, 0, 8.33%, 0, 1, 9, 38.13
1746585241, 1, 825, 1114, 857, 0, 8.33%, 0, 1, 9, 44.12
1746585307, 1, 830, 1114, 856, 0, 8.33%, 0, 1, 9, 55.04
1746585523, 1, 831, 1114, 855, 0, 8.33%, 0, 1, 9, 52.57
1746585701, 1, 843, 1114, 854, 0, 8.33%, 0, 1, 9, 44.64
1746585997, 1, 854, 1114, 853, 0, 8.33%, 0, 1, 9, 42.95
1746586145, 1, 864, 1114, 852, 0, 8.33%, 0, 1, 9, 55.99
1746586242, 1, 865, 1114, 851, 0, 8.33%, 0, 1, 9, 44.71
1746586492, 1, 865, 1115, 852, 0, 8.33%, 0, 1, 9, 40.07
1746586533, 1, 869, 1115, 851, 0, 8.33%, 0, 1, 9, 42.53
1746586834, 1, 871, 1115, 850, 0, 8.33%, 0, 1, 9, 33.87
1746587192, 1, 876, 1115, 849, 0, 8.33%, 0, 1, 9, 47.31
1746587263, 1, 877, 1115, 848, 0, 8.33%, 0, 1, 9, 41.50
1746587339, 1, 878, 1115, 847, 0, 8.33%, 0, 1, 9, 39.36
1746587411, 1, 879, 1115, 846, 0, 8.33%, 0, 1, 9, 56.01
1746587416, 1, 885, 1115, 846, 0, 8.33%, 0, 1, 9, 52.32
1746587446, 1, 886, 1115, 845, 0, 8.33%, 0, 1, 9, 47.14
1746587518, 1, 887, 1115, 844, 0, 8.33%, 0, 1, 9, 53.82
1746587681, 1, 888, 1115, 843, 0, 8.33%, 0, 1, 9, 45.63
1746587752, 1, 897, 1115, 842, 0, 8.33%, 0, 1, 9, 50.98
1746587818, 1, 902, 1115, 841, 0, 8.33%, 0, 1, 9, 51.81
1746587977, 1, 907, 1115, 840, 0, 8.33%, 0, 1, 9, 47.07
1746588130, 1, 908, 1115, 839, 0, 8.33%, 0, 1, 9, 45.59
1746588283, 1, 908, 1116, 840, 0, 8.33%, 0, 1, 9, 50.03
1746588299, 1, 923, 1116, 839, 0, 8.33%, 0, 1, 9, 55.28
1746588599, 1, 926, 1116, 838, 0, 8.33%, 0, 1, 9, 34.54
1746588890, 1, 928, 1116, 837, 0, 8.33%, 0, 1, 9, 48.14
1746589192, 1, 933, 1116, 836, 0, 8.33%, 0, 1, 9, 35.56
1746589488, 1, 935, 1116, 835, 0, 8.33%, 0, 1, 9, 34.01
1746589789, 1, 938, 1116, 834, 0, 8.33%, 0, 1, 9, 46.23
1746590090, 1, 939, 1116, 833, 0, 8.33%, 0, 1, 9, 41.09
1746590392, 1, 943, 1116, 832, 0, 8.33%, 0, 1, 9, 54.61
1746590397, 1, 947, 1116, 832, 0, 8.33%, 0, 1, 9, 33.59
1746590724, 1, 947, 1117, 833, 0, 8.33%, 0, 1, 9, 20.16
1746590760, 1, 948, 1117, 832, 0, 8.33%, 0, 1, 9, 37.45
1746590882, 1, 948, 1118, 833, 0, 8.33%, 0, 1, 9, 14.97
1746591189, 1, 957, 1118, 832, 0, 8.33%, 0, 1, 9, 53.26
1746591194, 1, 961, 1118, 832, 0, 8.33%, 0, 1, 9, 37.19
1746591430, 1, 965, 1118, 831, 0, 8.33%, 0, 1, 9, 53.31
1746591435, 1, 966, 1118, 831, 0, 8.33%, 0, 1, 9, 44.71
1746591557, 1, 976, 1118, 830, 0, 8.33%, 0, 1, 9, 57.56
1746591562, 1, 981, 1118, 830, 0, 8.33%, 0, 1, 9, 53.95
1746591721, 1, 986, 1118, 829, 0, 8.33%, 0, 1, 9, 54.04
1746591726, 1, 996, 1118, 829, 0, 8.33%, 0, 1, 9, 43.66
1746591956, 1, 1001, 1118, 828, 0, 8.33%, 0, 1, 9, 43.39
1746592150, 1, 1001, 1119, 829, 0, 8.33%, 0, 1, 9, 16.41
1746592247, 1, 1002, 1119, 828, 0, 8.33%, 0, 1, 9, 48.98
1746592538, 1, 1004, 1119, 827, 0, 8.33%, 0, 1, 9, 42.83
1746592732, 1, 1004, 1120, 828, 0, 8.33%, 0, 1, 9, 17.11
1746592819, 1, 1004, 1121, 829, 0, 8.33%, 0, 1, 9, 47.64
1746592845, 1, 1006, 1121, 828, 0, 8.33%, 0, 1, 9, 36.44
1746593140, 1, 1016, 1121, 827, 0, 8.33%, 0, 1, 9, 38.30
1746593442, 1, 1019, 1121, 826, 0, 8.33%, 0, 1, 9, 49.30
1746593447, 1, 1021, 1121, 826, 0, 8.33%, 0, 1, 9, 32.40
1746593564, 1, 1021, 1122, 827, 0, 8.33%, 0, 1, 9, 14.13
1746593809, 1, 1021, 1123, 828, 0, 8.33%, 0, 1, 9, 50.09
1746593825, 1, 1024, 1123, 827, 0, 8.33%, 0, 1, 9, 41.07
1746594195, 1, 1025, 1123, 826, 0, 8.33%, 0, 1, 9, 47.51
1746594573, 1, 1035, 1123, 825, 0, 8.33%, 0, 1, 9, 37.21
1746594819, 1, 1036, 1123, 824, 0, 8.33%, 0, 1, 9, 32.08
1746595069, 1, 1038, 1123, 823, 0, 8.33%, 0, 1, 9, 51.60
1746595074, 1, 1042, 1123, 823, 0, 8.33%, 0, 1, 9, 54.98
1746595079, 1, 1045, 1123, 823, 0, 8.33%, 0, 1, 9, 51.02
1746595145, 1, 1052, 1123, 822, 0, 8.33%, 0, 1, 9, 50.30
1746595569, 1, 1053, 1123, 821, 0, 8.33%, 0, 1, 9, 50.42
1746595574, 1, 1057, 1123, 821, 0, 8.33%, 0, 1, 9, 54.76
1746595579, 1, 1060, 1123, 821, 0, 8.33%, 0, 1, 9, 43.16
1746595819, 1, 1067, 1123, 820, 0, 8.33%, 0, 1, 9, 45.08
1746595947, 1, 1072, 1123, 819, 0, 8.33%, 0, 1, 9, 44.73
1746595957, 1, 1072, 1124, 820, 0, 8.33%, 0, 1, 9, 16.53
1746595973, 1, 1072, 1125, 821, 0, 8.33%, 0, 1, 9, 20.10
1746596065, 1, 1072, 1127, 823, 0, 8.33%, 0, 1, 9, 12.29
1746596070, 1, 1072, 1128, 824, 0, 8.33%, 0, 1, 9, 12.06
1746596260, 1, 1074, 1128, 823, 0, 8.33%, 0, 1, 9, 50.12
1746596265, 1, 1076, 1128, 823, 0, 8.33%, 0, 1, 9, 43.25
1746596577, 1, 1079, 1128, 822, 0, 8.33%, 0, 1, 9, 48.85
1746596587, 1, 1081, 1128, 822, 0, 8.33%, 0, 1, 9, 34.52
1746596782, 1, 1087, 1128, 821, 0, 8.33%, 0, 1, 9, 51.05
1746597094, 1, 1097, 1128, 820, 0, 8.33%, 0, 1, 9, 52.34
1746597109, 1, 1097, 1129, 821, 0, 8.33%, 0, 1, 9, 56.29
1746597497, 1, 1097, 1130, 822, 0, 8.33%, 0, 1, 9, 59.23
1746597507, 1, 1097, 1131, 823, 0, 8.33%, 0, 1, 9, 60.46
1746597512, 1, 1097, 1132, 824, 0, 8.33%, 0, 1, 9, 58.97
1746597517, 1, 1097, 1133, 825, 0, 8.33%, 0, 1, 9, 59.22
1746597533, 1, 1097, 1134, 826, 0, 8.33%, 0, 1, 9, 58.82
1746597568, 1, 1097, 1135, 827, 0, 8.33%, 0, 1, 9, 59.39
1746597573, 1, 1097, 1136, 828, 0, 8.33%, 0, 1, 9, 59.63
1746597584, 1, 1097, 1137, 829, 0, 8.33%, 0, 1, 9, 58.43
1746597594, 1, 1097, 1138, 830, 0, 8.33%, 0, 1, 9, 57.98
1746597604, 1, 1097, 1140, 832, 0, 8.33%, 0, 1, 9, 59.24
1746597666, 1, 1097, 1141, 833, 0, 8.33%, 0, 1, 9, 59.40
1746597767, 1, 1103, 1141, 832, 0, 8.33%, 0, 1, 9, 51.11
1746597772, 1, 1103, 1143, 834, 0, 8.33%, 0, 1, 9, 36.89
1746597793, 1, 1103, 1144, 835, 0, 8.33%, 0, 1, 9, 29.59
1746597859, 1, 1103, 1145, 836, 0, 8.33%, 0, 1, 9, 37.90
1746598432, 1, 1103, 1146, 837, 0, 8.33%, 0, 1, 9, 37.11
1746598447, 1, 1103, 1147, 838, 0, 8.36%, 0, 1, 9, 48.16
1746598462, 1, 1103, 1148, 839, 0, 8.36%, 0, 1, 9, 47.59
1746598472, 1, 1103, 1149, 840, 0, 8.36%, 0, 1, 9, 46.10
1746598493, 1, 1103, 1150, 841, 0, 8.36%, 0, 1, 9, 46.75
1746598498, 1, 1103, 1151, 842, 0, 8.36%, 0, 1, 9, 48.17
1746598768, 1, 1133, 1151, 841, 2, 8.36%, 0, 1, 9, 6.87
1746599671, 1, 1133, 1152, 842, 2, 8.36%, 0, 1, 9, 50.61
1746599676, 1, 1133, 1153, 843, 2, 8.36%, 0, 1, 9, 50.54
1746599772, 1, 1133, 1154, 844, 2, 8.36%, 0, 1, 9, 50.98
1746599844, 1, 1133, 1155, 845, 2, 8.36%, 0, 1, 9, 54.44
1746599920, 1, 1146, 1155, 844, 2, 8.36%, 0, 1, 9, 44.96
1746600828, 1, 1152, 1155, 843, 1, 8.36%, 0, 1, 9, 42.45
1746600834, 1, 1152, 1157, 845, 1, 8.36%, 0, 1, 9, 37.94
1746600864, 1, 1152, 1158, 846, 1, 8.36%, 0, 1, 9, 38.06
1746600869, 1, 1152, 1159, 847, 1, 8.36%, 0, 1, 9, 40.49
