# unix_time, cycles_done, cur_path, paths_total, pending_total, pending_favs, map_size, unique_crashes, unique_hangs, max_depth, execs_per_sec
1746712264, 0, 0, 1, 1, 1, 3.78%, 0, 0, 1, 26.85
1746712269, 0, 0, 9, 9, 1, 4.45%, 0, 0, 2, 30.62
1746712275, 0, 0, 19, 19, 1, 4.84%, 0, 0, 2, 30.83
1746712280, 0, 0, 30, 30, 1, 4.87%, 0, 0, 2, 29.78
1746712285, 0, 0, 37, 37, 1, 5.15%, 0, 0, 2, 28.38
1746712290, 0, 0, 44, 44, 1, 5.15%, 0, 0, 2, 29.60
1746712295, 0, 0, 50, 50, 1, 5.15%, 0, 0, 2, 30.19
1746712300, 0, 0, 55, 55, 1, 5.15%, 0, 0, 2, 29.14
1746712305, 0, 0, 62, 62, 1, 5.15%, 0, 0, 2, 29.28
1746712310, 0, 0, 65, 65, 1, 5.15%, 0, 0, 2, 30.83
1746712315, 0, 0, 70, 70, 1, 5.15%, 0, 0, 2, 29.73
1746712320, 0, 0, 73, 73, 1, 5.18%, 0, 0, 2, 29.89
1746712326, 0, 0, 76, 76, 1, 5.18%, 0, 0, 2, 30.52
1746712331, 0, 0, 81, 81, 1, 5.18%, 0, 0, 2, 30.54
1746712336, 0, 0, 86, 86, 1, 5.18%, 0, 0, 2, 28.78
1746712341, 0, 0, 91, 91, 1, 5.18%, 0, 0, 2, 27.80
1746712346, 0, 0, 96, 96, 1, 5.19%, 0, 0, 2, 28.19
1746712351, 0, 0, 100, 100, 1, 5.21%, 0, 0, 2, 29.08
1746712356, 0, 0, 104, 104, 1, 5.22%, 0, 0, 2, 30.26
1746712361, 0, 0, 109, 109, 1, 5.22%, 0, 0, 2, 29.10
1746712366, 0, 0, 114, 114, 1, 5.22%, 0, 0, 2, 28.56
1746712371, 0, 0, 117, 117, 1, 5.22%, 0, 0, 2, 29.98
1746712377, 0, 0, 122, 122, 1, 5.22%, 0, 0, 2, 29.00
1746712382, 0, 0, 126, 126, 1, 5.22%, 0, 0, 2, 29.65
1746712387, 0, 0, 128, 128, 1, 5.22%, 0, 0, 2, 31.25
1746712392, 0, 0, 131, 131, 1, 5.22%, 0, 0, 2, 30.88
1746712397, 0, 0, 133, 133, 1, 5.22%, 0, 0, 2, 30.97
1746712402, 0, 0, 137, 137, 1, 5.22%, 0, 0, 2, 28.55
1746712408, 0, 0, 140, 140, 1, 5.22%, 0, 0, 2, 28.77
1746712413, 0, 0, 143, 143, 1, 5.22%, 0, 0, 2, 30.27
1746712418, 0, 0, 145, 145, 1, 5.22%, 0, 0, 2, 30.77
1746712423, 0, 0, 149, 149, 1, 5.22%, 0, 0, 2, 28.89
1746712428, 0, 0, 150, 150, 1, 5.22%, 0, 0, 2, 31.45
1746712433, 0, 0, 151, 151, 1, 5.22%, 0, 0, 2, 31.15
1746712438, 0, 0, 154, 154, 1, 5.65%, 0, 0, 2, 29.44
1746712444, 0, 0, 157, 157, 1, 5.65%, 0, 0, 2, 29.55
1746712449, 0, 0, 161, 161, 1, 5.65%, 0, 0, 2, 28.99
1746712454, 0, 0, 163, 163, 1, 5.65%, 0, 0, 2, 29.73
1746712459, 0, 0, 164, 164, 1, 5.65%, 0, 0, 2, 28.88
1746712469, 0, 0, 168, 168, 1, 5.65%, 0, 0, 2, 26.10
1746712474, 0, 0, 169, 169, 1, 5.65%, 0, 0, 2, 28.18
1746712484, 0, 0, 170, 170, 1, 5.65%, 0, 0, 2, 29.17
1746712489, 0, 0, 171, 171, 1, 5.65%, 0, 0, 2, 29.13
1746712495, 0, 0, 172, 172, 1, 5.65%, 0, 0, 2, 29.14
1746712500, 0, 0, 175, 175, 1, 5.65%, 0, 0, 2, 27.86
1746712505, 0, 0, 177, 177, 1, 5.65%, 0, 0, 2, 27.50
1746712510, 0, 0, 179, 179, 1, 5.65%, 0, 0, 2, 27.59
1746712520, 0, 0, 181, 181, 1, 5.65%, 0, 0, 2, 27.96
1746712530, 0, 0, 183, 183, 1, 5.65%, 0, 0, 2, 29.02
1746712535, 0, 0, 184, 184, 1, 5.65%, 0, 0, 2, 28.85
1746712541, 0, 1, 186, 185, 10, 5.65%, 0, 0, 2, 28.50
1746712546, 0, 1, 188, 187, 10, 5.69%, 0, 0, 3, 26.80
1746712551, 0, 1, 190, 189, 10, 5.69%, 0, 0, 3, 28.07
1746712556, 0, 1, 193, 192, 10, 5.69%, 0, 0, 3, 27.71
1746712566, 0, 1, 194, 193, 10, 5.69%, 0, 0, 3, 28.49
1746712571, 0, 1, 198, 197, 10, 5.69%, 0, 0, 3, 26.67
1746712581, 0, 1, 200, 199, 10, 5.69%, 0, 0, 3, 27.96
1746712586, 0, 1, 204, 203, 10, 5.69%, 0, 0, 3, 25.32
1746712597, 0, 1, 205, 204, 10, 5.69%, 0, 0, 3, 27.46
1746712602, 0, 1, 206, 205, 10, 5.69%, 0, 0, 3, 27.23
1746712607, 0, 1, 209, 208, 10, 5.69%, 0, 0, 3, 27.09
1746712612, 0, 1, 210, 209, 10, 5.69%, 0, 0, 3, 28.56
1746712617, 0, 1, 211, 210, 10, 5.69%, 0, 0, 3, 28.47
1746712622, 0, 1, 212, 211, 10, 5.69%, 0, 0, 3, 28.15
1746712627, 0, 1, 215, 214, 10, 5.69%, 0, 0, 3, 26.80
1746712632, 0, 1, 217, 216, 10, 5.69%, 0, 0, 3, 26.75
1746712638, 0, 1, 219, 218, 10, 5.69%, 0, 0, 3, 26.67
1746712643, 0, 1, 220, 219, 10, 5.69%, 0, 0, 3, 28.62
1746712648, 0, 1, 221, 220, 10, 5.69%, 0, 0, 3, 28.44
1746712668, 0, 1, 222, 221, 10, 5.69%, 0, 0, 3, 29.34
1746712673, 0, 1, 223, 222, 10, 5.69%, 0, 0, 3, 28.33
1746712678, 0, 1, 224, 223, 10, 5.69%, 0, 0, 3, 28.42
1746712684, 0, 1, 225, 224, 10, 5.69%, 0, 0, 3, 29.41
1746712689, 0, 1, 226, 225, 10, 5.69%, 0, 0, 3, 28.74
1746712694, 0, 1, 228, 227, 10, 5.69%, 0, 0, 3, 28.10
1746712704, 0, 1, 230, 229, 10, 5.69%, 0, 0, 3, 27.94
1746712714, 0, 1, 231, 230, 10, 5.69%, 0, 0, 3, 28.45
1746712719, 0, 1, 232, 231, 10, 5.69%, 0, 0, 3, 27.71
1746712724, 0, 1, 233, 232, 10, 5.69%, 0, 0, 3, 27.53
1746712729, 0, 1, 235, 234, 10, 5.69%, 0, 0, 3, 27.66
1746712735, 0, 1, 237, 236, 10, 5.69%, 0, 0, 3, 27.09
1746712755, 0, 1, 238, 237, 10, 5.69%, 0, 0, 3, 28.86
1746712765, 0, 1, 239, 238, 10, 5.69%, 0, 0, 3, 27.55
1746712776, 0, 1, 240, 239, 10, 5.69%, 0, 0, 3, 28.37
1746712781, 0, 1, 241, 240, 10, 5.69%, 0, 0, 3, 28.54
1746712786, 0, 1, 244, 243, 10, 5.69%, 0, 0, 3, 25.94
1746712791, 0, 4, 245, 243, 10, 5.69%, 0, 0, 3, 28.33
1746712975, 0, 4, 246, 244, 10, 5.69%, 0, 0, 3, 23.58
1746712980, 0, 4, 247, 245, 10, 5.69%, 0, 0, 3, 24.01
1746712985, 0, 4, 249, 247, 10, 5.69%, 0, 0, 3, 24.46
1746712990, 0, 4, 251, 249, 10, 5.69%, 0, 0, 3, 22.74
1746712995, 0, 4, 256, 254, 10, 5.69%, 0, 0, 3, 21.31
1746713000, 0, 4, 257, 255, 10, 5.69%, 0, 0, 3, 23.29
1746713010, 0, 4, 260, 258, 10, 5.69%, 0, 0, 3, 23.63
1746713015, 0, 4, 262, 260, 10, 5.69%, 0, 0, 3, 23.61
1746713021, 0, 4, 263, 261, 10, 5.69%, 0, 0, 3, 23.67
1746713026, 0, 4, 264, 262, 10, 5.69%, 0, 0, 3, 23.84
1746713036, 0, 4, 266, 264, 10, 5.69%, 0, 0, 3, 23.99
1746713041, 0, 4, 267, 265, 10, 5.69%, 0, 0, 3, 24.23
1746713046, 0, 4, 268, 266, 10, 5.69%, 0, 0, 3, 23.83
1746713051, 0, 4, 269, 267, 10, 5.69%, 0, 0, 3, 24.43
1746713056, 0, 4, 271, 269, 10, 5.69%, 0, 0, 3, 24.08
1746713061, 0, 4, 273, 271, 10, 5.69%, 0, 0, 3, 22.85
1746713066, 0, 4, 274, 272, 10, 5.69%, 0, 0, 3, 24.16
1746713071, 0, 4, 276, 274, 10, 5.69%, 0, 0, 3, 23.12
1746713076, 0, 4, 277, 275, 10, 5.69%, 0, 0, 3, 23.56
1746713087, 0, 4, 278, 276, 10, 5.69%, 0, 0, 3, 23.69
1746713092, 0, 4, 279, 277, 10, 5.69%, 0, 0, 3, 24.21
1746713097, 0, 4, 281, 279, 10, 5.69%, 0, 0, 3, 23.96
1746713102, 0, 4, 282, 280, 10, 5.69%, 0, 0, 3, 24.56
1746713127, 0, 4, 283, 281, 10, 5.70%, 0, 0, 3, 23.88
1746713132, 0, 4, 285, 283, 10, 5.70%, 0, 0, 3, 22.03
1746713138, 0, 4, 286, 284, 10, 5.70%, 0, 0, 3, 23.22
1746713143, 0, 4, 287, 285, 10, 5.70%, 0, 0, 3, 23.67
1746713148, 0, 4, 289, 287, 10, 5.70%, 0, 0, 3, 21.59
1746713158, 0, 4, 290, 288, 10, 5.70%, 0, 0, 3, 23.41
1746713163, 0, 4, 292, 290, 10, 5.70%, 0, 0, 3, 20.56
1746713168, 0, 4, 294, 292, 10, 5.70%, 0, 0, 3, 21.18
1746713179, 0, 4, 295, 293, 10, 5.70%, 0, 0, 3, 23.04
1746713184, 0, 4, 296, 294, 10, 5.70%, 0, 0, 3, 23.35
1746713204, 0, 4, 297, 295, 10, 5.70%, 0, 0, 3, 23.43
1746713219, 0, 4, 298, 296, 10, 5.70%, 0, 0, 3, 23.73
1746713229, 0, 4, 300, 298, 10, 5.70%, 0, 0, 3, 22.88
1746713234, 0, 4, 301, 299, 10, 5.70%, 0, 0, 3, 22.36
1746713260, 0, 4, 303, 301, 10, 5.70%, 0, 0, 3, 20.86
1746713265, 0, 8, 303, 300, 12, 5.70%, 0, 0, 3, 23.33
1746713409, 0, 8, 304, 301, 12, 5.70%, 0, 0, 3, 23.52
1746713419, 0, 10, 304, 300, 12, 5.70%, 0, 0, 3, 25.31
1746713470, 0, 22, 304, 299, 11, 5.70%, 0, 0, 3, 24.38
1746713694, 0, 59, 304, 298, 10, 5.70%, 0, 0, 3, 24.40
1746713894, 0, 72, 304, 297, 9, 5.70%, 0, 0, 3, 22.71
1746713991, 0, 72, 305, 298, 9, 5.70%, 0, 0, 3, 18.06
1746714483, 0, 72, 307, 300, 9, 5.70%, 0, 0, 3, 19.01
1746714488, 0, 72, 308, 301, 9, 5.70%, 0, 0, 3, 19.50
1746714493, 0, 72, 310, 303, 9, 5.70%, 0, 0, 3, 19.91
1746714498, 0, 72, 312, 305, 9, 5.70%, 0, 0, 3, 19.55
1746714503, 0, 72, 313, 306, 9, 5.70%, 0, 0, 3, 19.86
1746714508, 0, 72, 314, 307, 9, 5.70%, 0, 0, 3, 19.39
1746714513, 0, 72, 317, 310, 9, 5.70%, 0, 0, 3, 19.84
1746714523, 0, 72, 318, 311, 9, 5.70%, 0, 0, 3, 20.23
1746714529, 0, 72, 320, 313, 9, 5.70%, 0, 0, 3, 19.36
1746714534, 0, 72, 321, 314, 9, 5.70%, 0, 0, 3, 19.84
1746714539, 0, 72, 322, 315, 9, 5.70%, 0, 0, 3, 19.93
1746714549, 0, 72, 323, 316, 9, 5.70%, 0, 0, 3, 20.14
1746714559, 0, 72, 324, 317, 9, 5.70%, 0, 0, 3, 19.29
1746714565, 0, 72, 326, 319, 9, 5.70%, 0, 0, 3, 19.62
1746714570, 0, 72, 327, 320, 9, 5.70%, 0, 0, 3, 20.18
1746714575, 0, 72, 328, 321, 9, 5.70%, 0, 0, 3, 20.24
1746714585, 0, 72, 329, 322, 9, 5.70%, 0, 0, 3, 21.15
1746714595, 0, 72, 332, 325, 9, 5.70%, 0, 0, 3, 19.08
1746714601, 0, 72, 333, 326, 9, 5.70%, 0, 0, 3, 19.99
1746714611, 0, 72, 335, 328, 9, 5.70%, 0, 0, 3, 20.80
1746714616, 0, 72, 337, 330, 9, 5.70%, 0, 0, 3, 20.04
1746714621, 0, 72, 338, 331, 9, 5.70%, 0, 0, 3, 19.48
1746714632, 0, 72, 339, 332, 9, 5.70%, 0, 0, 3, 20.00
1746714647, 0, 72, 340, 333, 9, 5.70%, 0, 0, 3, 19.80
1746714652, 0, 72, 341, 334, 9, 5.70%, 0, 0, 3, 18.77
1746714662, 0, 72, 342, 335, 9, 5.70%, 0, 0, 3, 19.95
1746714667, 0, 72, 343, 336, 9, 5.70%, 0, 0, 3, 20.71
1746714678, 0, 72, 344, 337, 9, 5.70%, 0, 0, 3, 20.19
1746714693, 0, 72, 346, 339, 9, 5.70%, 0, 0, 3, 20.22
1746714698, 0, 72, 347, 340, 9, 5.70%, 0, 0, 3, 20.74
1746714703, 0, 72, 348, 341, 9, 5.70%, 0, 0, 3, 20.54
1746714724, 0, 72, 350, 343, 9, 5.70%, 0, 0, 3, 19.04
1746714729, 0, 72, 351, 344, 9, 5.70%, 0, 0, 3, 20.49
1746714734, 0, 72, 352, 345, 9, 5.70%, 0, 0, 3, 19.25
1746714739, 0, 72, 353, 346, 9, 5.70%, 0, 0, 3, 19.62
1746714765, 0, 72, 354, 347, 9, 5.70%, 0, 0, 3, 19.69
1746714770, 0, 72, 355, 348, 9, 5.70%, 0, 0, 3, 19.37
1746714811, 0, 72, 356, 349, 9, 5.70%, 0, 0, 3, 20.02
1746714816, 0, 72, 357, 350, 9, 5.70%, 0, 0, 3, 19.78
1746714826, 0, 111, 357, 349, 7, 5.70%, 0, 0, 3, 19.06
1746715474, 0, 111, 360, 352, 7, 5.70%, 0, 0, 3, 19.29
1746715479, 0, 111, 362, 354, 7, 5.70%, 0, 0, 3, 19.95
1746715484, 0, 111, 363, 355, 7, 5.70%, 0, 0, 3, 19.64
1746715489, 0, 111, 366, 358, 7, 5.70%, 0, 0, 3, 18.34
1746715494, 0, 111, 367, 359, 7, 5.70%, 0, 0, 3, 19.59
1746715499, 0, 111, 369, 361, 7, 5.70%, 0, 0, 3, 18.73
1746715504, 0, 111, 371, 363, 7, 5.70%, 0, 0, 3, 18.80
1746715509, 0, 111, 372, 364, 7, 5.70%, 0, 0, 3, 19.13
1746715514, 0, 111, 373, 365, 7, 5.70%, 0, 0, 3, 19.87
1746715525, 0, 111, 375, 367, 7, 5.70%, 0, 0, 3, 18.84
1746715530, 0, 111, 377, 369, 7, 5.70%, 0, 0, 3, 18.73
1746715540, 0, 111, 378, 370, 7, 5.70%, 0, 0, 3, 19.48
1746715555, 0, 111, 380, 372, 7, 5.71%, 0, 0, 3, 17.95
1746715560, 0, 111, 381, 373, 7, 5.71%, 0, 0, 3, 19.71
1746715571, 0, 111, 383, 375, 7, 5.71%, 0, 0, 3, 19.25
1746715581, 0, 111, 384, 376, 7, 5.71%, 0, 0, 3, 19.76
1746715586, 0, 111, 385, 377, 7, 5.71%, 0, 0, 3, 20.19
1746715617, 0, 111, 386, 378, 7, 5.71%, 0, 0, 3, 19.85
1746715627, 0, 111, 388, 380, 7, 5.71%, 0, 0, 3, 18.18
1746715637, 0, 111, 389, 381, 7, 5.71%, 0, 0, 3, 20.66
1746715642, 0, 111, 391, 383, 7, 5.79%, 0, 0, 3, 19.82
1746715648, 0, 111, 392, 384, 7, 5.80%, 0, 0, 3, 19.34
1746715709, 0, 111, 393, 385, 7, 5.80%, 0, 0, 3, 19.49
1746715714, 0, 111, 394, 386, 7, 5.80%, 0, 0, 3, 19.96
1746715729, 0, 111, 395, 387, 7, 5.80%, 0, 0, 3, 20.28
1746715739, 0, 111, 396, 388, 7, 5.80%, 0, 0, 3, 20.37
1746715770, 0, 111, 397, 389, 7, 5.80%, 0, 0, 3, 18.72
1746715775, 0, 111, 398, 390, 7, 5.80%, 0, 0, 3, 18.90
1746715791, 0, 111, 399, 391, 7, 5.80%, 0, 0, 3, 19.94
1746715801, 0, 111, 400, 392, 7, 5.81%, 0, 0, 3, 18.28
1746715816, 0, 119, 400, 391, 8, 5.81%, 0, 0, 3, 19.86
1746716288, 0, 119, 401, 392, 8, 5.81%, 0, 0, 3, 21.34
1746716303, 0, 158, 401, 391, 7, 5.81%, 0, 0, 3, 22.24
1746716527, 0, 166, 401, 390, 7, 5.81%, 0, 0, 3, 19.03
1746717687, 0, 173, 401, 389, 7, 5.81%, 0, 0, 3, 19.92
1746718046, 0, 186, 401, 388, 7, 5.81%, 0, 0, 3, 19.16
1746718071, 0, 186, 402, 389, 7, 5.81%, 0, 0, 4, 14.56
1746718077, 0, 186, 403, 390, 7, 5.81%, 0, 0, 4, 14.49
1746718082, 0, 186, 404, 391, 7, 5.81%, 0, 0, 4, 14.44
1746718092, 0, 186, 405, 392, 7, 5.81%, 0, 0, 4, 14.45
1746718113, 0, 186, 406, 393, 7, 5.81%, 0, 0, 4, 14.66
1746718189, 0, 186, 407, 394, 7, 5.81%, 0, 0, 4, 14.40
1746718870, 0, 186, 408, 395, 7, 5.81%, 0, 0, 4, 14.42
1746719362, 0, 186, 411, 398, 7, 5.81%, 0, 0, 4, 14.88
1746719367, 0, 186, 416, 403, 7, 5.81%, 0, 0, 4, 14.14
1746719372, 0, 186, 419, 406, 7, 5.84%, 0, 0, 4, 15.31
1746719377, 0, 186, 423, 410, 7, 5.92%, 0, 0, 4, 15.30
1746719382, 0, 186, 424, 411, 7, 5.92%, 0, 0, 4, 15.91
1746719387, 0, 186, 427, 414, 7, 6.21%, 0, 0, 4, 15.19
1746719393, 0, 186, 429, 416, 7, 6.21%, 0, 0, 4, 16.31
1746719398, 0, 186, 432, 419, 7, 6.22%, 0, 0, 4, 14.98
1746719408, 0, 186, 435, 422, 7, 6.58%, 0, 0, 4, 14.61
1746719413, 0, 186, 438, 425, 7, 6.59%, 0, 0, 4, 13.91
1746719418, 0, 186, 441, 428, 7, 6.59%, 0, 0, 4, 14.60
1746719423, 0, 186, 445, 432, 7, 6.59%, 0, 0, 4, 15.05
1746719428, 0, 186, 449, 436, 7, 6.59%, 0, 0, 4, 14.25
1746719434, 0, 186, 451, 438, 7, 6.60%, 0, 0, 4, 15.93
1746719439, 0, 186, 454, 441, 7, 6.60%, 0, 0, 4, 14.56
1746719444, 0, 186, 456, 443, 7, 6.60%, 0, 0, 4, 15.28
1746719449, 0, 186, 457, 444, 7, 6.60%, 0, 0, 4, 16.01
1746719454, 0, 186, 458, 445, 7, 6.60%, 0, 0, 4, 16.17
1746719459, 0, 186, 461, 448, 7, 6.60%, 0, 0, 4, 15.47
1746719464, 0, 186, 464, 451, 7, 6.60%, 0, 0, 4, 14.95
1746719470, 0, 186, 465, 452, 7, 6.60%, 0, 0, 4, 16.36
1746719475, 0, 186, 467, 454, 7, 6.60%, 0, 0, 4, 15.99
1746719485, 0, 186, 468, 455, 7, 6.60%, 0, 0, 4, 15.98
1746719490, 0, 186, 470, 457, 7, 6.60%, 0, 0, 4, 16.71
1746719495, 0, 186, 473, 460, 7, 6.60%, 0, 0, 4, 15.13
1746719500, 0, 186, 474, 461, 7, 6.60%, 0, 0, 4, 14.71
1746719505, 0, 186, 476, 463, 7, 6.60%, 0, 0, 4, 14.83
1746719510, 0, 186, 479, 466, 7, 6.60%, 0, 0, 4, 14.57
1746719516, 0, 186, 481, 468, 7, 6.60%, 0, 0, 4, 15.95
1746719526, 0, 186, 482, 469, 7, 6.60%, 0, 0, 4, 16.28
1746719531, 0, 186, 484, 471, 7, 6.60%, 0, 0, 4, 16.06
1746719536, 0, 186, 486, 473, 7, 6.60%, 0, 0, 4, 15.52
1746719546, 0, 186, 487, 474, 7, 6.60%, 0, 0, 4, 16.55
1746719551, 0, 186, 489, 476, 7, 6.60%, 0, 0, 4, 16.83
1746719562, 0, 186, 491, 478, 7, 6.60%, 0, 0, 4, 15.20
1746719567, 0, 186, 492, 479, 7, 6.60%, 0, 0, 4, 15.73
1746719572, 0, 186, 493, 480, 7, 6.60%, 0, 0, 4, 15.85
1746719592, 0, 186, 494, 481, 7, 6.61%, 0, 0, 4, 17.15
1746719597, 0, 186, 495, 482, 7, 6.61%, 0, 0, 4, 17.17
1746719602, 0, 186, 497, 484, 7, 6.61%, 0, 0, 4, 15.07
1746719612, 0, 186, 498, 485, 7, 6.61%, 0, 0, 4, 15.79
1746719618, 0, 186, 499, 486, 7, 6.61%, 0, 0, 4, 16.25
1746719623, 0, 186, 500, 487, 7, 6.70%, 0, 0, 4, 15.05
1746719638, 0, 186, 501, 488, 7, 6.70%, 0, 0, 4, 16.18
1746719643, 0, 186, 503, 490, 7, 6.70%, 0, 0, 4, 14.16
1746719674, 0, 186, 504, 491, 7, 6.70%, 0, 0, 4, 16.03
1746719684, 0, 186, 505, 492, 7, 6.70%, 0, 0, 4, 16.29
1746719689, 0, 186, 506, 493, 7, 6.70%, 0, 0, 4, 16.23
1746719694, 0, 186, 508, 495, 7, 6.70%, 0, 0, 4, 15.93
1746719700, 0, 186, 509, 496, 7, 6.70%, 0, 0, 4, 16.10
1746719705, 0, 186, 511, 498, 7, 6.72%, 0, 0, 4, 15.94
1746719715, 0, 186, 513, 500, 7, 6.72%, 0, 0, 4, 15.18
1746719746, 0, 186, 514, 501, 7, 6.72%, 0, 0, 4, 17.21
1746719766, 0, 186, 515, 502, 7, 6.72%, 0, 0, 4, 15.88
1746719771, 0, 186, 516, 503, 7, 6.72%, 0, 0, 4, 15.96
1746719792, 0, 186, 519, 506, 7, 6.72%, 0, 0, 4, 14.48
1746719802, 0, 186, 520, 507, 7, 6.72%, 0, 0, 4, 15.74
1746719812, 0, 186, 521, 508, 7, 6.72%, 0, 0, 4, 16.24
1746719828, 0, 262, 522, 508, 14, 6.72%, 0, 0, 4, 16.19
1746719879, 0, 262, 522, 508, 14, 6.72%, 0, 1, 4, 2.06
1746720696, 0, 271, 522, 507, 14, 6.72%, 0, 1, 4, 20.64
1746721255, 0, 332, 522, 506, 14, 6.72%, 0, 1, 4, 20.95
1746722461, 0, 332, 523, 507, 14, 6.72%, 0, 1, 4, 18.58
1746722466, 0, 332, 525, 509, 14, 6.72%, 0, 1, 4, 17.78
1746722471, 0, 332, 526, 510, 14, 6.72%, 0, 1, 4, 18.39
1746722492, 0, 332, 527, 511, 14, 6.72%, 0, 1, 4, 17.31
1746722497, 0, 332, 528, 512, 14, 6.72%, 0, 1, 4, 16.96
1746722533, 0, 332, 530, 514, 14, 6.72%, 0, 1, 4, 17.56
1746722538, 0, 332, 531, 515, 14, 6.72%, 0, 1, 4, 18.11
1746722543, 0, 332, 532, 516, 14, 6.72%, 0, 1, 4, 18.12
1746722558, 0, 332, 533, 517, 14, 6.72%, 0, 1, 4, 18.42
1746722564, 0, 332, 534, 518, 14, 6.72%, 0, 1, 4, 16.88
1746722569, 0, 332, 535, 519, 14, 6.72%, 0, 1, 4, 15.48
1746722579, 0, 332, 536, 520, 14, 6.72%, 0, 1, 4, 16.81
1746722589, 0, 332, 537, 521, 14, 6.72%, 0, 1, 4, 17.06
1746722594, 0, 332, 538, 522, 14, 6.72%, 0, 1, 4, 16.93
1746722646, 0, 332, 539, 523, 14, 6.72%, 0, 1, 4, 17.05
1746722656, 0, 332, 540, 524, 14, 6.72%, 0, 1, 4, 15.97
1746722671, 0, 332, 541, 525, 14, 6.72%, 0, 1, 4, 16.42
1746722722, 0, 332, 542, 526, 14, 6.72%, 0, 1, 4, 16.39
1746722778, 0, 332, 543, 527, 14, 6.72%, 0, 1, 4, 15.27
1746722784, 0, 332, 544, 528, 14, 6.72%, 0, 1, 4, 15.83
1746722845, 0, 417, 544, 527, 13, 6.72%, 0, 1, 4, 14.45
1746724759, 0, 417, 545, 528, 13, 6.72%, 0, 1, 5, 12.94
1746724769, 0, 417, 547, 530, 13, 6.73%, 0, 1, 5, 13.92
1746724775, 0, 417, 549, 532, 13, 6.73%, 0, 1, 5, 13.35
1746724780, 0, 417, 551, 534, 13, 6.73%, 0, 1, 5, 13.47
1746724785, 0, 417, 553, 536, 13, 6.75%, 0, 1, 5, 13.04
1746724790, 0, 417, 556, 539, 13, 6.75%, 0, 1, 5, 13.18
1746724795, 0, 417, 558, 541, 13, 6.75%, 0, 1, 5, 13.32
1746724800, 0, 417, 559, 542, 13, 6.75%, 0, 1, 5, 13.97
1746724805, 0, 417, 561, 544, 13, 6.75%, 0, 1, 5, 14.09
1746724810, 0, 417, 564, 547, 13, 6.75%, 0, 1, 5, 13.79
1746724815, 0, 417, 565, 548, 13, 6.75%, 0, 1, 5, 14.02
1746724821, 0, 417, 566, 549, 13, 6.75%, 0, 1, 5, 14.56
1746724826, 0, 417, 567, 550, 13, 6.75%, 0, 1, 5, 14.04
1746724831, 0, 417, 568, 551, 13, 6.75%, 0, 1, 5, 13.75
1746724836, 0, 417, 570, 553, 13, 6.76%, 0, 1, 5, 13.49
1746724841, 0, 417, 572, 555, 13, 6.76%, 0, 1, 5, 13.23
1746724846, 0, 417, 573, 556, 13, 6.76%, 0, 1, 5, 13.23
1746724851, 0, 417, 576, 559, 13, 6.76%, 0, 1, 5, 13.17
1746724856, 0, 417, 577, 560, 13, 6.76%, 0, 1, 5, 12.57
1746724862, 0, 417, 578, 561, 13, 6.76%, 0, 1, 5, 13.57
1746724867, 0, 417, 582, 565, 13, 6.76%, 0, 1, 5, 12.39
1746724872, 0, 417, 583, 566, 13, 6.76%, 0, 1, 5, 13.84
1746724887, 0, 417, 585, 568, 13, 6.76%, 0, 1, 5, 14.18
1746724892, 0, 417, 586, 569, 13, 6.76%, 0, 1, 5, 14.51
1746724897, 0, 417, 587, 570, 13, 6.76%, 0, 1, 5, 13.93
1746724902, 0, 417, 588, 571, 13, 6.76%, 0, 1, 5, 14.32
1746724908, 0, 417, 590, 573, 13, 6.76%, 0, 1, 5, 13.85
1746724918, 0, 417, 591, 574, 13, 6.76%, 0, 1, 5, 13.72
1746724928, 0, 417, 593, 576, 13, 6.76%, 0, 1, 5, 12.89
1746724933, 0, 417, 594, 577, 13, 6.76%, 0, 1, 5, 13.60
1746724943, 0, 417, 595, 578, 13, 6.76%, 0, 1, 5, 13.84
1746724948, 0, 417, 597, 580, 13, 6.76%, 0, 1, 5, 13.38
1746724953, 0, 417, 598, 581, 13, 6.76%, 0, 1, 5, 14.11
1746724959, 0, 417, 599, 582, 13, 6.76%, 0, 1, 5, 14.27
1746724964, 0, 417, 601, 584, 13, 6.76%, 0, 1, 5, 13.38
1746724969, 0, 417, 602, 585, 13, 6.76%, 0, 1, 5, 14.58
1746724974, 0, 417, 603, 586, 13, 6.76%, 0, 1, 5, 14.52
1746724989, 0, 417, 604, 587, 13, 6.76%, 0, 1, 5, 12.86
1746724995, 0, 417, 606, 589, 13, 6.76%, 0, 1, 5, 13.86
1746725000, 0, 417, 608, 591, 13, 6.90%, 0, 1, 5, 12.85
1746725005, 0, 417, 609, 592, 13, 6.90%, 0, 1, 5, 13.68
1746725036, 0, 417, 610, 593, 13, 6.90%, 0, 1, 5, 13.52
1746725041, 0, 417, 611, 594, 13, 6.90%, 0, 1, 5, 14.13
1746725066, 0, 417, 612, 595, 13, 6.90%, 0, 1, 5, 14.00
1746725082, 0, 417, 613, 596, 13, 6.90%, 0, 1, 5, 14.58
1746725087, 0, 417, 615, 598, 13, 6.90%, 0, 1, 5, 12.64
1746725092, 0, 417, 616, 599, 13, 6.90%, 0, 1, 5, 12.93
1746725112, 0, 417, 617, 600, 13, 6.90%, 0, 1, 5, 14.13
1746725128, 0, 417, 618, 601, 13, 6.90%, 0, 1, 5, 14.02
1746725138, 0, 417, 619, 602, 13, 6.90%, 0, 1, 5, 14.54
1746725143, 0, 417, 620, 603, 13, 6.90%, 0, 1, 5, 13.80
1746725174, 0, 417, 621, 604, 13, 6.90%, 0, 1, 5, 13.66
1746725199, 0, 417, 622, 605, 13, 6.90%, 0, 1, 5, 14.20
1746725235, 0, 417, 623, 606, 13, 6.90%, 0, 1, 5, 14.42
1746725245, 0, 417, 625, 608, 13, 6.90%, 0, 1, 5, 12.96
1746725261, 0, 417, 626, 609, 13, 6.90%, 0, 1, 5, 13.86
1746725266, 0, 417, 627, 610, 13, 6.90%, 0, 1, 5, 13.75
1746725271, 0, 437, 627, 609, 17, 6.90%, 0, 1, 5, 13.40
1746727074, 0, 437, 628, 610, 17, 6.90%, 0, 1, 5, 13.57
1746727099, 0, 437, 631, 613, 17, 6.90%, 0, 1, 5, 13.55
1746727135, 0, 437, 632, 614, 17, 6.90%, 0, 1, 5, 14.03
1746727151, 0, 437, 633, 615, 17, 6.90%, 0, 1, 5, 14.28
1746727161, 0, 437, 634, 616, 17, 6.90%, 0, 1, 5, 14.15
1746727181, 0, 437, 636, 618, 17, 6.90%, 0, 1, 5, 13.63
1746727187, 0, 437, 637, 619, 17, 6.90%, 0, 1, 5, 13.73
1746727253, 0, 437, 638, 620, 17, 6.90%, 0, 1, 5, 14.16
1746727263, 0, 437, 639, 621, 17, 6.92%, 0, 1, 5, 14.09
1746727268, 0, 437, 640, 622, 17, 6.92%, 0, 1, 5, 13.16
1746727273, 0, 437, 641, 623, 17, 6.92%, 0, 1, 5, 14.31
1746727289, 0, 437, 643, 625, 17, 6.92%, 0, 1, 5, 14.25
1746727350, 0, 437, 644, 626, 17, 6.92%, 0, 1, 5, 12.94
1746727360, 0, 437, 645, 627, 17, 6.92%, 0, 1, 5, 13.39
1746727375, 0, 437, 646, 628, 17, 6.92%, 0, 1, 5, 13.56
1746727380, 0, 437, 647, 629, 17, 6.92%, 0, 1, 5, 13.88
1746727406, 0, 437, 648, 630, 17, 6.92%, 0, 1, 5, 14.30
1746727442, 0, 437, 649, 631, 17, 6.92%, 0, 1, 5, 14.05
1746727452, 0, 437, 650, 632, 17, 6.92%, 0, 1, 5, 13.44
1746727462, 0, 437, 652, 634, 17, 6.93%, 0, 1, 5, 12.87
1746727467, 0, 437, 653, 635, 17, 6.93%, 0, 1, 5, 14.01
1746727472, 0, 437, 654, 636, 17, 6.93%, 0, 1, 5, 13.47
1746727498, 0, 437, 655, 637, 17, 6.93%, 0, 1, 5, 14.20
1746727528, 0, 465, 656, 637, 17, 6.93%, 0, 1, 5, 13.44
1746729240, 0, 465, 657, 638, 17, 6.93%, 0, 1, 5, 14.26
1746729250, 0, 465, 658, 639, 17, 6.93%, 0, 1, 5, 13.94
1746729255, 0, 465, 659, 640, 17, 6.93%, 0, 1, 5, 13.67
1746729265, 0, 465, 660, 641, 17, 6.93%, 0, 1, 5, 13.63
1746729281, 0, 465, 661, 642, 17, 6.93%, 0, 1, 5, 14.86
1746729286, 0, 465, 662, 643, 17, 6.93%, 0, 1, 5, 14.44
1746729301, 0, 465, 663, 644, 17, 6.93%, 0, 1, 5, 14.53
1746729326, 0, 465, 664, 645, 17, 6.93%, 0, 1, 5, 14.17
1746729342, 0, 465, 665, 646, 17, 6.93%, 0, 1, 5, 14.49
1746729383, 0, 465, 666, 647, 17, 6.93%, 0, 1, 5, 14.24
1746729388, 0, 465, 668, 649, 17, 6.93%, 0, 1, 5, 13.13
1746729398, 0, 465, 669, 650, 17, 6.93%, 0, 1, 5, 13.41
1746729413, 0, 465, 670, 651, 17, 6.93%, 0, 1, 5, 14.52
1746729474, 0, 465, 671, 652, 17, 6.93%, 0, 1, 5, 14.37
1746729480, 0, 465, 672, 653, 17, 6.93%, 0, 1, 5, 13.29
1746729490, 0, 465, 674, 655, 17, 6.93%, 0, 1, 5, 13.24
1746729520, 0, 465, 676, 657, 17, 6.93%, 0, 1, 5, 13.38
1746729592, 0, 465, 677, 658, 17, 6.93%, 0, 1, 5, 14.29
1746729603, 0, 465, 678, 659, 17, 6.93%, 0, 1, 5, 13.78
1746729613, 0, 465, 679, 660, 17, 6.93%, 0, 1, 5, 14.05
1746729618, 0, 465, 680, 661, 17, 6.93%, 0, 1, 5, 13.51
1746729633, 0, 465, 681, 662, 17, 6.93%, 0, 1, 5, 14.78
1746729664, 0, 465, 682, 663, 17, 6.93%, 0, 1, 5, 14.36
1746729684, 0, 465, 683, 664, 17, 6.93%, 0, 1, 5, 14.05
1746729695, 0, 471, 684, 664, 16, 6.93%, 0, 1, 5, 13.98
1746731335, 0, 493, 684, 663, 15, 6.93%, 0, 1, 5, 16.15
1746731417, 0, 493, 685, 664, 15, 6.93%, 0, 1, 5, 14.93
1746731632, 0, 493, 686, 665, 15, 6.94%, 0, 1, 5, 14.76
1746733314, 0, 493, 687, 666, 15, 6.94%, 0, 1, 5, 13.36
1746733386, 0, 493, 688, 667, 15, 6.94%, 0, 1, 5, 14.18
1746733411, 0, 493, 689, 668, 15, 6.94%, 0, 1, 5, 14.48
1746733421, 0, 493, 690, 669, 15, 6.94%, 0, 1, 5, 14.85
1746733431, 0, 493, 691, 670, 15, 6.94%, 0, 1, 5, 14.88
1746733437, 0, 493, 692, 671, 15, 6.94%, 0, 1, 5, 14.43
1746733447, 0, 493, 693, 672, 15, 6.94%, 0, 1, 5, 14.48
1746733457, 0, 493, 694, 673, 15, 6.94%, 0, 1, 5, 14.99
1746733472, 0, 493, 695, 674, 15, 6.94%, 0, 1, 5, 14.51
1746733488, 0, 493, 696, 675, 15, 6.94%, 0, 1, 5, 14.59
1746733493, 0, 493, 697, 676, 15, 6.94%, 0, 1, 5, 15.02
1746733498, 0, 493, 699, 678, 15, 6.94%, 0, 1, 5, 14.18
1746733529, 0, 493, 700, 679, 15, 6.94%, 0, 1, 5, 14.18
1746733559, 0, 493, 702, 681, 15, 6.94%, 0, 1, 5, 13.72
1746733575, 0, 493, 703, 682, 15, 6.94%, 0, 1, 5, 14.86
1746733596, 0, 493, 704, 683, 15, 6.94%, 0, 1, 5, 13.76
1746733601, 0, 493, 705, 684, 15, 6.94%, 0, 1, 5, 14.19
1746733611, 0, 493, 706, 685, 15, 6.94%, 0, 1, 5, 14.89
1746733616, 0, 493, 707, 686, 15, 6.94%, 0, 1, 5, 13.84
1746733657, 0, 493, 708, 687, 15, 6.94%, 0, 1, 5, 14.82
1746733718, 0, 493, 709, 688, 15, 6.94%, 0, 1, 5, 15.56
1746733728, 0, 493, 710, 689, 15, 6.94%, 0, 1, 5, 14.51
1746733739, 0, 493, 711, 690, 15, 6.94%, 0, 1, 5, 13.93
1746733744, 0, 493, 712, 691, 15, 6.94%, 0, 1, 5, 14.82
1746733749, 0, 493, 713, 692, 15, 6.94%, 0, 1, 5, 14.46
1746733754, 0, 493, 714, 693, 15, 6.94%, 0, 1, 5, 14.97
1746733795, 0, 493, 715, 694, 15, 6.94%, 0, 1, 5, 15.08
1746733825, 0, 493, 716, 695, 15, 6.94%, 0, 1, 5, 15.03
1746733831, 0, 510, 716, 694, 14, 6.94%, 0, 1, 5, 13.12
1746733887, 0, 510, 717, 695, 14, 6.94%, 0, 1, 5, 11.61
1746736553, 0, 510, 719, 697, 14, 6.94%, 0, 1, 5, 11.46
1746736713, 0, 510, 721, 699, 14, 6.94%, 0, 1, 5, 11.79
1746736718, 0, 510, 723, 701, 14, 6.94%, 0, 1, 5, 11.37
1746736728, 0, 510, 724, 702, 14, 6.94%, 0, 1, 5, 12.16
1746736733, 0, 510, 725, 703, 14, 6.94%, 0, 1, 5, 12.19
1746736749, 0, 510, 726, 704, 14, 6.94%, 0, 1, 5, 12.52
1746736754, 0, 510, 728, 706, 14, 6.94%, 0, 1, 5, 11.49
1746736789, 0, 510, 729, 707, 14, 6.94%, 0, 1, 5, 12.18
1746736851, 0, 510, 730, 708, 14, 6.94%, 0, 1, 5, 12.56
1746736902, 0, 510, 731, 709, 14, 6.94%, 0, 1, 5, 11.87
1746736907, 0, 510, 732, 710, 14, 6.94%, 0, 1, 5, 11.85
1746736918, 0, 510, 734, 712, 14, 6.94%, 0, 1, 5, 11.82
1746736928, 0, 510, 735, 713, 14, 6.94%, 0, 1, 5, 12.04
1746736938, 0, 510, 736, 714, 14, 6.94%, 0, 1, 5, 12.32
1746736969, 0, 510, 737, 715, 14, 6.94%, 0, 1, 5, 12.80
1746737097, 0, 510, 739, 717, 14, 6.94%, 0, 1, 5, 11.82
1746737107, 0, 541, 739, 716, 13, 6.94%, 0, 1, 5, 12.47
1746739193, 0, 568, 739, 715, 13, 6.94%, 0, 1, 5, 13.92
1746741378, 0, 570, 739, 714, 12, 6.94%, 0, 1, 5, 14.25
1746743889, 0, 607, 739, 713, 11, 6.94%, 0, 1, 5, 11.67
1746743946, 0, 607, 740, 714, 11, 6.94%, 0, 1, 6, 6.81
1746743972, 0, 607, 741, 715, 11, 6.94%, 0, 1, 6, 7.14
1746743982, 0, 607, 742, 716, 11, 6.94%, 0, 1, 6, 7.22
1746744023, 0, 607, 743, 717, 11, 6.96%, 0, 1, 6, 6.98
1746744054, 0, 607, 745, 719, 11, 6.96%, 0, 1, 6, 7.01
1746744059, 0, 607, 747, 721, 11, 6.96%, 0, 1, 6, 6.96
1746744070, 0, 607, 748, 722, 11, 6.97%, 0, 1, 6, 6.94
1746744080, 0, 607, 749, 723, 11, 6.97%, 0, 1, 6, 6.90
1746744096, 0, 607, 750, 724, 11, 6.98%, 0, 1, 6, 7.02
1746744174, 0, 607, 751, 725, 11, 6.98%, 0, 1, 6, 6.95
1746744179, 0, 607, 752, 726, 11, 6.98%, 0, 1, 6, 6.90
1746744216, 0, 607, 753, 727, 11, 6.98%, 0, 1, 6, 6.98
1746744236, 0, 607, 754, 728, 11, 6.98%, 0, 1, 6, 6.89
1746744519, 0, 607, 755, 729, 11, 6.98%, 0, 1, 6, 6.93
1746744720, 0, 607, 756, 730, 11, 6.98%, 0, 1, 6, 7.90
1746744725, 0, 607, 758, 732, 11, 6.98%, 0, 1, 6, 8.36
1746744797, 0, 607, 759, 733, 11, 6.98%, 0, 1, 6, 7.17
1746744874, 0, 607, 760, 734, 11, 6.98%, 0, 1, 6, 6.96
1746744879, 0, 607, 761, 735, 11, 6.98%, 0, 1, 6, 7.02
1746745080, 0, 607, 762, 736, 11, 6.98%, 0, 1, 6, 7.65
1746745095, 0, 607, 763, 737, 11, 6.98%, 0, 1, 6, 7.25
1746745126, 0, 607, 765, 739, 11, 6.98%, 0, 1, 6, 7.38
1746745136, 0, 607, 767, 741, 11, 6.98%, 0, 1, 6, 7.19
1746745141, 0, 607, 768, 742, 11, 6.98%, 0, 1, 6, 7.57
1746745146, 0, 607, 769, 743, 11, 6.98%, 0, 1, 6, 7.35
1746747782, 0, 607, 770, 744, 11, 6.98%, 0, 1, 6, 8.58
1746748710, 0, 607, 771, 745, 11, 6.98%, 0, 1, 6, 8.56
1746749135, 0, 607, 772, 746, 11, 6.98%, 0, 1, 6, 7.94
1746749366, 0, 607, 773, 747, 11, 6.98%, 0, 1, 6, 8.01
1746749720, 0, 607, 774, 748, 11, 6.98%, 0, 1, 6, 8.61
1746749873, 0, 607, 775, 749, 11, 6.98%, 0, 1, 6, 9.01
1746749878, 0, 607, 776, 750, 11, 6.98%, 0, 1, 6, 9.62
1746749899, 0, 607, 777, 751, 11, 6.98%, 0, 1, 6, 9.30
1746750216, 0, 607, 778, 752, 11, 6.98%, 0, 1, 6, 8.16
1746750252, 0, 607, 779, 753, 11, 6.98%, 0, 1, 6, 8.12
1746750605, 0, 607, 780, 754, 11, 6.98%, 0, 1, 6, 7.30
1746751353, 0, 607, 783, 757, 11, 6.98%, 0, 1, 6, 7.80
1746751358, 0, 607, 785, 759, 11, 6.98%, 0, 1, 6, 7.42
1746751363, 0, 607, 786, 760, 11, 6.98%, 0, 1, 6, 8.08
1746751368, 0, 607, 789, 763, 11, 6.98%, 0, 1, 6, 7.66
1746751373, 0, 607, 791, 765, 11, 6.98%, 0, 1, 6, 8.17
1746751379, 0, 607, 795, 769, 11, 6.98%, 0, 1, 6, 7.38
1746751384, 0, 607, 796, 770, 11, 6.98%, 0, 1, 6, 8.02
1746751394, 0, 607, 798, 772, 11, 6.98%, 0, 1, 6, 8.02
1746751399, 0, 607, 800, 774, 11, 6.98%, 0, 1, 6, 7.58
1746751404, 0, 607, 802, 776, 11, 6.99%, 0, 1, 6, 7.65
1746751409, 0, 607, 804, 778, 11, 6.99%, 0, 1, 6, 7.72
1746751415, 0, 607, 806, 780, 11, 6.99%, 0, 1, 6, 7.56
1746751420, 0, 607, 807, 781, 11, 6.99%, 0, 1, 6, 8.28
1746751425, 0, 607, 809, 783, 11, 6.99%, 0, 1, 6, 7.74
1746751430, 0, 607, 811, 785, 11, 6.99%, 0, 1, 6, 7.96
1746751435, 0, 607, 813, 787, 11, 7.16%, 0, 1, 6, 7.72
1746751440, 0, 607, 815, 789, 11, 7.16%, 0, 1, 6, 7.98
1746751445, 0, 607, 817, 791, 11, 7.16%, 0, 1, 6, 8.07
1746751450, 0, 607, 818, 792, 11, 7.16%, 0, 1, 6, 8.08
1746751455, 0, 607, 820, 794, 11, 7.16%, 0, 1, 6, 8.05
1746751460, 0, 607, 821, 795, 11, 7.16%, 0, 1, 6, 7.95
1746751466, 0, 607, 822, 796, 11, 7.16%, 0, 1, 6, 7.99
1746751481, 0, 607, 823, 797, 11, 7.16%, 0, 1, 6, 8.20
1746751486, 0, 607, 824, 798, 11, 7.16%, 0, 1, 6, 8.52
1746751491, 0, 607, 826, 800, 11, 7.16%, 0, 1, 6, 7.82
1746751496, 0, 607, 827, 801, 11, 7.16%, 0, 1, 6, 8.17
1746751501, 0, 607, 828, 802, 11, 7.16%, 0, 1, 6, 8.51
1746751507, 0, 607, 830, 804, 11, 7.16%, 0, 1, 6, 7.84
1746751512, 0, 607, 831, 805, 11, 7.16%, 0, 1, 6, 8.11
1746751517, 0, 607, 832, 806, 11, 7.16%, 0, 1, 6, 7.91
1746751527, 0, 607, 833, 807, 11, 7.16%, 0, 1, 6, 8.15
1746751532, 0, 607, 834, 808, 11, 7.17%, 0, 1, 6, 7.72
1746751538, 0, 607, 836, 810, 11, 7.19%, 0, 1, 6, 7.73
1746751543, 0, 607, 837, 811, 11, 7.19%, 0, 1, 6, 7.79
1746751548, 0, 607, 839, 813, 11, 7.19%, 0, 1, 6, 8.09
1746751553, 0, 607, 841, 815, 11, 7.19%, 0, 1, 6, 7.54
1746751558, 0, 607, 842, 816, 11, 7.19%, 0, 1, 6, 7.87
1746751574, 0, 607, 843, 817, 11, 7.19%, 0, 1, 6, 8.15
1746751579, 0, 607, 844, 818, 11, 7.19%, 0, 1, 6, 8.07
1746751589, 0, 607, 845, 819, 11, 7.19%, 0, 1, 6, 8.21
1746751615, 0, 607, 846, 820, 11, 7.19%, 0, 1, 6, 8.53
1746751620, 0, 607, 849, 823, 11, 7.19%, 0, 1, 6, 7.59
1746751635, 0, 607, 850, 824, 11, 7.19%, 0, 1, 6, 8.27
1746751640, 0, 607, 851, 825, 11, 7.19%, 0, 1, 6, 8.17
1746751645, 0, 607, 852, 826, 11, 7.19%, 0, 1, 6, 7.42
1746751661, 0, 607, 853, 827, 11, 7.19%, 0, 1, 6, 8.08
1746751666, 0, 607, 854, 828, 11, 7.19%, 0, 1, 6, 7.69
1746751671, 0, 607, 855, 829, 11, 7.19%, 0, 1, 6, 7.87
1746751686, 0, 607, 856, 830, 11, 7.19%, 0, 1, 6, 7.87
1746751702, 0, 607, 857, 831, 11, 7.19%, 0, 1, 6, 8.15
1746751707, 0, 607, 858, 832, 11, 7.19%, 0, 1, 6, 8.24
1746751712, 0, 607, 859, 833, 11, 7.19%, 0, 1, 6, 8.58
1746751717, 0, 607, 860, 834, 11, 7.19%, 0, 1, 6, 8.04
1746751764, 0, 607, 861, 835, 11, 7.19%, 0, 1, 6, 8.32
1746751784, 0, 607, 862, 836, 11, 7.19%, 0, 1, 6, 8.28
1746751800, 0, 607, 863, 837, 11, 7.23%, 0, 1, 6, 8.18
1746751826, 0, 607, 864, 838, 11, 7.23%, 0, 1, 6, 8.01
1746751861, 0, 607, 865, 839, 11, 7.23%, 0, 1, 6, 8.66
1746751877, 0, 607, 866, 840, 11, 7.23%, 0, 1, 6, 8.04
1746751887, 0, 607, 867, 841, 11, 7.23%, 0, 1, 6, 8.25
1746751907, 0, 607, 868, 842, 11, 7.23%, 0, 1, 6, 8.27
1746751912, 0, 607, 869, 843, 11, 7.23%, 0, 1, 6, 8.45
1746751917, 0, 607, 870, 844, 11, 7.23%, 0, 1, 6, 8.06
1746751938, 0, 607, 871, 845, 11, 7.23%, 0, 1, 6, 8.92
1746751948, 0, 607, 872, 846, 11, 7.23%, 0, 1, 6, 8.41
1746752014, 0, 607, 873, 847, 11, 7.23%, 0, 1, 6, 8.41
1746752035, 0, 607, 874, 848, 11, 7.23%, 0, 1, 6, 8.04
1746752040, 0, 626, 875, 848, 16, 7.23%, 0, 1, 6, 8.92
1746755200, 0, 636, 875, 847, 15, 7.23%, 0, 1, 6, 8.43
