# unix_time, cycles_done, cur_path, paths_total, pending_total, pending_favs, map_size, unique_crashes, unique_hangs, max_depth, execs_per_sec
1746712461, 0, 0, 1, 1, 1, 3.78%, 0, 0, 1, 140.35
1746712466, 0, 0, 41, 41, 1, 5.06%, 0, 0, 2, 137.01
1746712471, 0, 0, 64, 64, 1, 5.11%, 0, 0, 2, 135.71
1746712476, 0, 0, 80, 80, 1, 5.12%, 0, 0, 2, 134.82
1746712482, 0, 0, 86, 86, 1, 5.12%, 0, 0, 2, 139.42
1746712487, 0, 0, 93, 93, 1, 5.12%, 0, 0, 2, 137.96
1746712492, 0, 0, 98, 98, 1, 5.13%, 0, 0, 2, 140.25
1746712497, 0, 0, 105, 105, 1, 5.13%, 0, 0, 2, 141.67
1746712502, 0, 0, 109, 109, 1, 5.13%, 0, 0, 2, 144.93
1746712507, 0, 0, 114, 114, 1, 5.13%, 0, 0, 2, 144.55
1746712512, 0, 0, 118, 118, 1, 5.13%, 0, 0, 2, 144.46
1746712518, 0, 0, 121, 121, 1, 5.13%, 0, 0, 2, 146.84
1746712523, 0, 0, 128, 128, 1, 5.13%, 0, 0, 2, 140.22
1746712528, 0, 0, 133, 133, 1, 5.13%, 0, 0, 2, 141.91
1746712533, 0, 0, 138, 138, 1, 5.17%, 0, 0, 2, 141.49
1746712538, 0, 0, 141, 141, 1, 5.17%, 0, 0, 2, 142.67
1746712543, 0, 0, 142, 142, 1, 5.17%, 0, 0, 2, 146.74
1746712549, 0, 0, 147, 147, 1, 5.17%, 0, 0, 2, 142.67
1746712554, 0, 0, 149, 149, 1, 5.17%, 0, 0, 2, 143.34
1746712559, 0, 0, 152, 152, 1, 5.20%, 0, 0, 2, 140.43
1746712564, 0, 0, 155, 155, 1, 5.20%, 0, 0, 2, 146.37
1746712569, 0, 0, 160, 160, 1, 5.20%, 0, 0, 2, 142.54
1746712580, 0, 0, 161, 161, 1, 5.20%, 0, 0, 2, 146.35
1746712585, 0, 0, 163, 163, 1, 5.20%, 0, 0, 2, 147.14
1746712590, 0, 0, 167, 167, 1, 5.20%, 0, 0, 2, 142.91
1746712595, 0, 0, 172, 172, 1, 5.20%, 0, 0, 2, 142.26
1746712600, 0, 0, 174, 174, 1, 5.20%, 0, 0, 2, 142.65
1746712605, 0, 0, 175, 175, 1, 5.20%, 0, 0, 2, 145.31
1746712610, 0, 0, 178, 178, 1, 5.20%, 0, 0, 2, 140.69
1746712616, 0, 0, 181, 181, 1, 5.20%, 0, 0, 2, 138.16
1746712621, 0, 0, 183, 183, 1, 5.20%, 0, 0, 2, 143.51
1746712626, 0, 0, 184, 184, 1, 5.20%, 0, 0, 2, 146.70
1746712631, 0, 0, 185, 185, 1, 5.20%, 0, 0, 2, 145.87
1746712636, 0, 0, 188, 188, 1, 5.20%, 0, 0, 2, 145.61
1746712647, 0, 0, 190, 190, 1, 5.20%, 0, 0, 2, 139.46
1746712652, 0, 0, 193, 193, 1, 5.20%, 0, 0, 2, 140.09
1746712657, 0, 0, 195, 195, 1, 5.20%, 0, 0, 2, 143.86
1746712662, 0, 0, 199, 199, 1, 5.20%, 0, 0, 2, 141.27
1746712667, 0, 0, 205, 205, 1, 5.20%, 0, 0, 2, 136.29
1746712672, 0, 0, 206, 206, 1, 5.20%, 0, 0, 2, 144.89
1746712677, 0, 0, 209, 209, 1, 5.22%, 0, 0, 2, 142.35
1746712683, 0, 0, 210, 210, 1, 5.22%, 0, 0, 2, 142.96
1746712688, 0, 0, 212, 212, 1, 5.22%, 0, 0, 2, 141.94
1746712698, 0, 0, 213, 213, 1, 5.22%, 0, 0, 2, 144.14
1746712703, 0, 2, 215, 214, 12, 5.22%, 0, 0, 2, 144.14
1746712708, 0, 2, 218, 217, 12, 5.22%, 0, 0, 3, 143.27
1746712714, 0, 2, 219, 218, 12, 5.22%, 0, 0, 3, 146.60
1746712719, 0, 2, 221, 220, 12, 5.22%, 0, 0, 3, 145.61
1746712724, 0, 2, 223, 222, 12, 5.22%, 0, 0, 3, 140.67
1746712729, 0, 2, 225, 224, 12, 5.22%, 0, 0, 3, 142.38
1746712734, 0, 2, 226, 225, 12, 5.22%, 0, 0, 3, 142.97
1746712739, 0, 2, 228, 227, 12, 5.22%, 0, 0, 3, 143.03
1746712745, 0, 2, 230, 229, 12, 5.22%, 0, 0, 3, 142.77
1746712750, 0, 2, 231, 230, 12, 5.22%, 0, 0, 3, 143.27
1746712755, 0, 2, 232, 231, 12, 5.22%, 0, 0, 3, 145.49
1746712760, 0, 2, 233, 232, 12, 5.70%, 0, 0, 3, 145.08
1746712765, 0, 2, 236, 235, 12, 5.70%, 0, 0, 3, 144.62
1746712770, 0, 2, 238, 237, 12, 5.70%, 0, 0, 3, 146.60
1746712775, 0, 2, 240, 239, 12, 5.70%, 0, 0, 3, 145.71
1746712781, 0, 2, 241, 240, 12, 5.71%, 0, 0, 3, 144.94
1746712796, 0, 2, 242, 241, 12, 5.71%, 0, 0, 3, 146.55
1746712811, 0, 2, 243, 242, 12, 5.71%, 0, 0, 3, 146.96
1746712817, 0, 2, 244, 243, 12, 5.71%, 0, 0, 3, 147.87
1746712822, 0, 2, 245, 244, 12, 5.71%, 0, 0, 3, 147.03
1746712832, 0, 2, 248, 247, 12, 5.74%, 0, 0, 3, 146.41
1746712837, 0, 2, 249, 248, 12, 5.74%, 0, 0, 3, 147.96
1746712842, 0, 2, 250, 249, 12, 5.74%, 0, 0, 3, 146.66
1746712853, 0, 2, 251, 250, 12, 5.74%, 0, 0, 3, 149.07
1746712858, 0, 2, 252, 251, 12, 5.74%, 0, 0, 3, 148.25
1746712863, 0, 2, 253, 252, 12, 5.74%, 0, 0, 3, 144.45
1746712873, 0, 2, 254, 253, 12, 5.74%, 0, 0, 3, 142.89
1746712879, 0, 2, 255, 254, 12, 5.74%, 0, 0, 3, 141.98
1746712889, 0, 2, 257, 256, 12, 5.74%, 0, 0, 3, 139.86
1746712915, 0, 2, 259, 258, 12, 5.74%, 0, 0, 3, 143.59
1746712920, 0, 2, 260, 259, 12, 5.74%, 0, 0, 3, 143.58
1746712925, 0, 2, 261, 260, 12, 5.74%, 0, 0, 3, 134.68
1746712930, 0, 2, 262, 261, 12, 5.74%, 0, 0, 3, 130.04
1746712935, 0, 67, 262, 260, 9, 5.74%, 0, 0, 3, 116.19
1746713042, 0, 67, 265, 263, 9, 5.74%, 0, 0, 3, 93.45
1746713047, 0, 67, 272, 270, 9, 5.74%, 0, 0, 3, 100.27
1746713052, 0, 67, 280, 278, 9, 5.74%, 0, 0, 3, 97.93
1746713057, 0, 67, 283, 281, 9, 5.74%, 0, 0, 3, 100.91
1746713063, 0, 67, 292, 290, 9, 5.74%, 0, 0, 3, 97.89
1746713068, 0, 67, 299, 297, 9, 5.74%, 0, 0, 3, 97.46
1746713073, 0, 67, 300, 298, 9, 5.74%, 0, 0, 3, 103.41
1746713078, 0, 67, 305, 303, 9, 5.74%, 0, 0, 3, 101.36
1746713083, 0, 67, 308, 306, 9, 5.74%, 0, 0, 3, 102.75
1746713088, 0, 67, 313, 311, 9, 5.74%, 0, 0, 3, 99.57
1746713093, 0, 67, 315, 313, 9, 5.74%, 0, 0, 3, 102.95
1746713098, 0, 67, 317, 315, 9, 5.74%, 0, 0, 3, 105.07
1746713103, 0, 67, 322, 320, 9, 5.74%, 0, 0, 3, 101.17
1746713109, 0, 67, 326, 324, 9, 5.74%, 0, 0, 3, 102.34
1746713114, 0, 67, 328, 326, 9, 5.74%, 0, 0, 3, 104.25
1746713119, 0, 67, 330, 328, 9, 5.74%, 0, 0, 3, 101.62
1746713129, 0, 67, 331, 329, 9, 5.74%, 0, 0, 3, 104.60
1746713149, 0, 67, 334, 332, 9, 5.74%, 0, 0, 3, 102.70
1746713159, 0, 67, 337, 335, 9, 5.74%, 0, 0, 3, 102.52
1746713164, 0, 67, 341, 339, 9, 5.74%, 0, 0, 3, 99.26
1746713169, 0, 67, 343, 341, 9, 5.74%, 0, 0, 3, 101.97
1746713174, 0, 67, 344, 342, 9, 5.74%, 0, 0, 3, 103.54
1746713179, 0, 67, 347, 345, 9, 5.74%, 0, 0, 3, 102.94
1746713184, 0, 67, 350, 348, 9, 5.75%, 0, 0, 3, 102.04
1746713189, 0, 67, 352, 350, 9, 5.75%, 0, 0, 3, 103.73
1746713194, 0, 67, 353, 351, 9, 5.75%, 0, 0, 3, 103.55
1746713199, 0, 67, 354, 352, 9, 5.75%, 0, 0, 3, 101.33
1746713220, 0, 67, 356, 354, 9, 5.76%, 0, 0, 3, 99.88
1746713230, 0, 67, 358, 356, 9, 5.76%, 0, 0, 3, 101.90
1746713245, 0, 67, 359, 357, 9, 5.76%, 0, 0, 3, 104.38
1746713250, 0, 67, 360, 358, 9, 5.76%, 0, 0, 3, 104.46
1746713255, 0, 67, 361, 359, 9, 5.76%, 0, 0, 3, 104.00
1746713270, 0, 67, 363, 361, 9, 5.76%, 0, 0, 3, 103.62
1746713275, 0, 67, 364, 362, 9, 5.76%, 0, 0, 3, 104.85
1746713280, 0, 67, 366, 364, 9, 5.76%, 0, 0, 3, 102.37
1746713311, 0, 67, 368, 366, 9, 5.76%, 0, 0, 3, 102.29
1746713321, 0, 67, 369, 367, 9, 5.76%, 0, 0, 3, 102.70
1746713326, 0, 67, 370, 368, 9, 5.76%, 0, 0, 3, 103.27
1746713331, 0, 67, 372, 370, 9, 5.76%, 0, 0, 3, 103.08
1746713336, 0, 67, 373, 371, 9, 5.76%, 0, 0, 3, 103.47
1746713341, 0, 67, 375, 373, 9, 5.76%, 0, 0, 3, 100.87
1746713346, 0, 67, 376, 374, 9, 5.76%, 0, 0, 3, 104.63
1746713372, 0, 93, 376, 373, 11, 5.76%, 0, 0, 3, 71.35
1746713382, 0, 93, 377, 374, 11, 5.76%, 0, 0, 3, 62.02
1746713387, 0, 93, 378, 375, 11, 5.76%, 0, 0, 3, 62.03
1746713620, 0, 93, 379, 376, 11, 5.76%, 0, 0, 3, 61.47
1746713626, 0, 93, 380, 377, 11, 5.76%, 0, 0, 3, 60.99
1746713661, 0, 93, 381, 378, 11, 5.76%, 0, 0, 3, 60.84
1746713671, 0, 93, 396, 393, 11, 5.81%, 0, 0, 3, 63.22
1746713677, 0, 93, 412, 409, 11, 5.81%, 0, 0, 3, 64.73
1746713682, 0, 93, 425, 422, 11, 5.93%, 0, 0, 3, 63.41
1746713687, 0, 93, 439, 436, 11, 5.93%, 0, 0, 3, 62.81
1746713692, 0, 93, 449, 446, 11, 5.98%, 0, 0, 3, 64.52
1746713697, 0, 93, 461, 458, 11, 5.98%, 0, 0, 3, 64.69
1746713702, 0, 93, 471, 468, 11, 5.98%, 0, 0, 3, 64.32
1746713707, 0, 93, 477, 474, 11, 5.98%, 0, 0, 3, 63.85
1746713712, 0, 93, 483, 480, 11, 5.98%, 0, 0, 3, 66.25
1746713718, 0, 93, 487, 484, 11, 5.98%, 0, 0, 3, 66.91
1746713723, 0, 93, 491, 488, 11, 5.98%, 0, 0, 3, 68.64
1746713728, 0, 93, 493, 490, 11, 5.98%, 0, 0, 3, 69.04
1746713733, 0, 93, 498, 495, 11, 5.98%, 0, 0, 3, 68.37
1746713738, 0, 93, 504, 501, 11, 5.98%, 0, 0, 3, 66.17
1746713743, 0, 93, 505, 502, 11, 5.98%, 0, 0, 3, 70.19
1746713749, 0, 93, 506, 503, 11, 5.98%, 0, 0, 3, 70.36
1746713754, 0, 93, 512, 509, 11, 5.98%, 0, 0, 3, 68.30
1746713759, 0, 93, 514, 511, 11, 5.98%, 0, 0, 3, 69.18
1746713764, 0, 93, 516, 513, 11, 5.98%, 0, 0, 3, 69.02
1746713769, 0, 93, 520, 517, 11, 5.98%, 0, 0, 3, 68.19
1746713774, 0, 93, 522, 519, 11, 5.98%, 0, 0, 3, 67.44
1746713780, 0, 93, 524, 521, 11, 5.98%, 0, 0, 3, 70.65
1746713785, 0, 93, 529, 526, 11, 5.98%, 0, 0, 3, 68.39
1746713795, 0, 93, 531, 528, 11, 5.98%, 0, 0, 3, 69.13
1746713800, 0, 93, 535, 532, 11, 5.98%, 0, 0, 3, 69.21
1746713805, 0, 93, 536, 533, 11, 5.98%, 0, 0, 3, 70.42
1746713810, 0, 93, 538, 535, 11, 6.07%, 0, 0, 3, 69.14
1746713816, 0, 93, 539, 536, 11, 6.07%, 0, 0, 3, 67.69
1746713821, 0, 93, 542, 539, 11, 6.07%, 0, 0, 3, 69.06
1746713826, 0, 93, 545, 542, 11, 6.07%, 0, 0, 3, 69.29
1746713831, 0, 93, 546, 543, 11, 6.07%, 0, 0, 3, 69.47
1746713836, 0, 93, 548, 545, 11, 6.07%, 0, 0, 3, 69.47
1746713842, 0, 93, 549, 546, 11, 6.07%, 0, 0, 3, 67.91
1746713847, 0, 93, 551, 548, 11, 6.07%, 0, 0, 3, 68.30
1746713852, 0, 93, 552, 549, 11, 6.07%, 0, 0, 3, 69.65
1746713862, 0, 93, 553, 550, 11, 6.07%, 0, 0, 3, 70.16
1746713867, 0, 93, 554, 551, 11, 6.07%, 0, 0, 3, 71.54
1746713872, 0, 93, 557, 554, 11, 6.07%, 0, 0, 3, 68.30
1746713877, 0, 93, 558, 555, 11, 6.07%, 0, 0, 3, 70.35
1746713888, 0, 93, 560, 557, 11, 6.07%, 0, 0, 3, 68.95
1746713898, 0, 93, 562, 559, 11, 6.08%, 0, 0, 3, 69.23
1746713903, 0, 93, 564, 561, 11, 6.08%, 0, 0, 3, 70.75
1746713908, 0, 93, 567, 564, 11, 6.08%, 0, 0, 3, 69.67
1746713913, 0, 93, 568, 565, 11, 6.08%, 0, 0, 3, 69.65
1746713923, 0, 93, 570, 567, 11, 6.09%, 0, 0, 3, 70.23
1746713928, 0, 93, 572, 569, 11, 6.09%, 0, 0, 3, 70.95
1746713934, 0, 93, 573, 570, 11, 6.09%, 0, 0, 3, 70.03
1746713939, 0, 93, 575, 572, 11, 6.09%, 0, 0, 3, 68.37
1746713944, 0, 93, 576, 573, 11, 6.09%, 0, 0, 3, 66.36
1746713949, 0, 93, 578, 575, 11, 6.09%, 0, 0, 3, 68.34
1746713954, 0, 93, 579, 576, 11, 6.09%, 0, 0, 3, 69.42
1746713964, 0, 93, 581, 578, 11, 6.09%, 0, 0, 3, 69.81
1746713975, 0, 93, 583, 580, 11, 6.09%, 0, 0, 3, 69.42
1746713980, 0, 93, 586, 583, 11, 6.09%, 0, 0, 3, 68.89
1746713995, 0, 93, 587, 584, 11, 6.09%, 0, 0, 3, 69.01
1746714001, 0, 93, 588, 585, 11, 6.09%, 0, 0, 3, 68.80
1746714006, 0, 93, 589, 586, 11, 6.09%, 0, 0, 3, 69.65
1746714021, 0, 93, 590, 587, 11, 6.09%, 0, 0, 3, 70.04
1746714027, 0, 93, 592, 589, 11, 6.09%, 0, 0, 3, 67.16
1746714032, 0, 93, 593, 590, 11, 6.09%, 0, 0, 3, 68.50
1746714058, 0, 93, 595, 592, 11, 6.09%, 0, 0, 3, 68.25
1746714063, 0, 93, 598, 595, 11, 6.09%, 0, 0, 3, 67.17
1746714073, 0, 93, 599, 596, 11, 6.09%, 0, 0, 3, 68.85
1746714088, 0, 93, 600, 597, 11, 6.09%, 0, 0, 3, 68.67
1746714099, 0, 93, 601, 598, 11, 6.09%, 0, 0, 3, 68.48
1746714104, 0, 93, 602, 599, 11, 6.09%, 0, 0, 3, 69.20
1746714114, 0, 93, 603, 600, 11, 6.09%, 0, 0, 3, 69.47
1746714125, 0, 93, 604, 601, 11, 6.09%, 0, 0, 3, 71.09
1746714130, 0, 93, 605, 602, 11, 6.09%, 0, 0, 3, 69.69
1746714135, 0, 93, 606, 603, 11, 6.09%, 0, 0, 3, 70.04
1746714140, 0, 93, 607, 604, 11, 6.09%, 0, 0, 3, 70.64
1746714171, 0, 112, 607, 603, 14, 6.09%, 0, 0, 3, 78.38
1746714343, 0, 215, 607, 602, 14, 6.09%, 0, 0, 3, 89.85
1746714494, 0, 215, 608, 603, 14, 6.09%, 0, 0, 4, 96.58
1746714509, 0, 220, 608, 602, 14, 6.09%, 0, 0, 4, 71.80
1746714830, 0, 220, 609, 603, 14, 6.09%, 0, 0, 4, 66.96
1746714835, 0, 220, 610, 604, 14, 6.09%, 0, 0, 4, 71.41
1746714841, 0, 220, 611, 605, 14, 6.09%, 0, 0, 4, 72.92
1746714851, 0, 220, 612, 606, 14, 6.09%, 0, 0, 4, 71.99
1746714861, 0, 220, 613, 607, 14, 6.09%, 0, 0, 4, 69.58
1746714866, 0, 220, 614, 608, 14, 6.09%, 0, 0, 4, 70.66
1746714887, 0, 220, 615, 609, 14, 6.09%, 0, 0, 4, 70.76
1746714908, 0, 220, 616, 610, 14, 6.09%, 0, 0, 4, 71.90
1746714923, 0, 220, 617, 611, 14, 6.09%, 0, 0, 4, 71.34
1746714933, 0, 220, 618, 612, 14, 6.09%, 0, 0, 4, 70.99
1746715026, 0, 220, 619, 613, 14, 6.09%, 0, 0, 4, 70.87
1746715036, 0, 220, 620, 614, 14, 6.09%, 0, 0, 4, 70.79
1746715062, 0, 220, 621, 615, 14, 6.09%, 0, 0, 4, 72.57
1746715072, 0, 220, 622, 616, 14, 6.09%, 0, 0, 4, 71.21
1746715087, 0, 220, 623, 617, 14, 6.09%, 0, 0, 4, 70.59
1746715108, 0, 220, 624, 618, 14, 6.09%, 0, 0, 4, 69.37
1746715129, 0, 220, 625, 619, 14, 6.09%, 0, 0, 4, 70.77
1746715134, 0, 220, 626, 620, 14, 6.09%, 0, 0, 4, 71.36
1746715139, 0, 220, 627, 621, 14, 6.09%, 0, 0, 4, 72.35
1746715165, 0, 220, 628, 622, 14, 6.09%, 0, 0, 4, 69.89
1746715201, 0, 220, 629, 623, 14, 6.09%, 0, 0, 4, 71.50
1746715263, 0, 220, 630, 624, 14, 6.09%, 0, 0, 4, 71.89
1746715289, 0, 247, 630, 623, 14, 6.09%, 0, 0, 4, 72.12
1746715533, 0, 323, 630, 622, 13, 6.09%, 0, 0, 4, 65.08
1746716100, 0, 323, 631, 623, 13, 6.09%, 0, 0, 4, 64.62
1746716116, 0, 377, 631, 622, 12, 6.09%, 0, 0, 4, 63.17
1746716431, 0, 394, 631, 621, 11, 6.09%, 0, 0, 4, 62.42
1746716853, 0, 394, 636, 626, 11, 6.09%, 0, 0, 4, 59.84
1746716858, 0, 394, 637, 627, 11, 6.09%, 0, 0, 4, 62.28
1746716869, 0, 394, 639, 629, 11, 6.09%, 0, 0, 4, 60.14
1746716874, 0, 394, 641, 631, 11, 6.09%, 0, 0, 4, 60.61
1746716884, 0, 394, 642, 632, 11, 6.09%, 0, 0, 4, 64.05
1746716915, 0, 394, 643, 633, 11, 6.09%, 0, 0, 4, 64.67
1746716920, 0, 394, 644, 634, 11, 6.09%, 0, 0, 4, 62.78
1746716930, 0, 394, 645, 635, 11, 6.09%, 0, 0, 4, 62.78
1746716935, 0, 394, 646, 636, 11, 6.09%, 0, 0, 4, 62.35
1746716961, 0, 394, 647, 637, 11, 6.09%, 0, 0, 4, 63.30
1746716976, 0, 394, 649, 639, 11, 6.09%, 0, 0, 4, 60.66
1746716986, 0, 394, 650, 640, 11, 6.09%, 0, 0, 4, 62.71
1746717002, 0, 394, 652, 642, 11, 6.09%, 0, 0, 4, 60.19
1746717007, 0, 394, 653, 643, 11, 6.09%, 0, 0, 4, 61.20
1746717043, 0, 394, 654, 644, 11, 6.09%, 0, 0, 4, 63.31
1746717059, 0, 394, 655, 645, 11, 6.09%, 0, 0, 4, 61.79
1746717089, 0, 394, 656, 646, 11, 6.09%, 0, 0, 4, 62.95
1746717110, 0, 394, 657, 647, 11, 6.09%, 0, 0, 4, 62.13
1746717146, 0, 394, 658, 648, 11, 6.09%, 0, 0, 4, 61.84
1746717156, 0, 394, 659, 649, 11, 6.09%, 0, 0, 4, 62.92
1746717171, 0, 394, 660, 650, 11, 6.09%, 0, 0, 4, 62.27
1746717181, 0, 394, 661, 651, 11, 6.09%, 0, 0, 4, 62.69
1746717192, 0, 394, 662, 652, 11, 6.09%, 0, 0, 4, 63.59
1746717197, 0, 394, 663, 653, 11, 6.09%, 0, 0, 4, 61.52
1746717227, 0, 394, 664, 654, 11, 6.09%, 0, 0, 4, 63.54
1746717253, 0, 394, 665, 655, 11, 6.09%, 0, 0, 4, 62.65
1746717269, 0, 394, 666, 656, 11, 6.09%, 0, 0, 4, 61.26
1746717274, 0, 394, 667, 657, 11, 6.09%, 0, 0, 4, 61.89
1746717289, 0, 394, 668, 658, 11, 6.09%, 0, 0, 4, 62.78
1746717294, 0, 394, 669, 659, 11, 6.09%, 0, 0, 4, 62.47
1746717320, 0, 394, 670, 660, 11, 6.09%, 0, 0, 4, 61.99
1746717325, 0, 394, 671, 661, 11, 6.09%, 0, 0, 4, 63.25
1746717376, 0, 468, 671, 660, 12, 6.09%, 0, 0, 4, 56.67
1746717822, 0, 468, 672, 661, 12, 6.09%, 0, 0, 4, 54.63
1746717832, 0, 468, 673, 662, 12, 6.09%, 0, 0, 4, 60.33
1746717842, 0, 468, 674, 663, 12, 6.09%, 0, 0, 4, 61.43
1746717847, 0, 468, 675, 664, 12, 6.09%, 0, 0, 4, 60.43
1746717852, 0, 468, 676, 665, 12, 6.09%, 0, 0, 4, 60.68
1746717863, 0, 468, 678, 667, 12, 6.10%, 0, 0, 4, 59.96
1746717899, 0, 468, 679, 668, 12, 6.10%, 0, 0, 4, 60.00
1746717919, 0, 468, 680, 669, 12, 6.10%, 0, 0, 4, 59.53
1746717925, 0, 468, 681, 670, 12, 6.10%, 0, 0, 4, 61.55
1746717930, 0, 468, 682, 671, 12, 6.10%, 0, 0, 4, 60.91
1746718037, 0, 468, 683, 672, 12, 6.10%, 0, 0, 4, 59.11
1746718042, 0, 468, 684, 673, 12, 6.10%, 0, 0, 4, 60.45
1746718052, 0, 468, 685, 674, 12, 6.10%, 0, 0, 4, 61.27
1746718057, 0, 468, 686, 675, 12, 6.10%, 0, 0, 4, 61.69
1746718073, 0, 468, 687, 676, 12, 6.10%, 0, 0, 4, 60.26
1746718088, 0, 468, 688, 677, 12, 6.11%, 0, 0, 4, 59.09
1746718103, 0, 468, 689, 678, 12, 6.24%, 0, 0, 4, 61.57
1746718114, 0, 468, 690, 679, 12, 6.24%, 0, 0, 4, 60.84
1746718129, 0, 468, 691, 680, 12, 6.24%, 0, 0, 4, 60.89
1746718144, 0, 468, 692, 681, 12, 6.24%, 0, 0, 4, 61.18
1746718339, 0, 468, 693, 682, 12, 6.24%, 0, 0, 4, 61.82
1746718359, 0, 497, 693, 681, 14, 6.24%, 0, 0, 4, 52.10
1746718973, 0, 497, 694, 682, 14, 6.24%, 0, 0, 4, 56.46
1746718998, 0, 530, 694, 681, 15, 6.24%, 0, 0, 4, 68.03
1746719233, 0, 530, 696, 683, 15, 6.24%, 0, 0, 4, 86.63
1746719274, 0, 566, 696, 682, 14, 6.24%, 0, 0, 4, 73.24
1746719284, 0, 566, 699, 685, 14, 6.24%, 0, 0, 4, 52.67
1746719290, 0, 566, 701, 687, 14, 6.24%, 0, 0, 4, 51.87
1746719305, 0, 566, 702, 688, 14, 6.25%, 0, 0, 4, 51.98
1746719350, 0, 566, 703, 689, 14, 6.25%, 0, 0, 4, 51.83
1746719599, 0, 566, 704, 690, 14, 6.25%, 0, 0, 4, 51.84
1746719695, 0, 566, 705, 691, 14, 6.25%, 0, 0, 4, 52.34
1746719726, 0, 566, 706, 692, 14, 6.25%, 0, 0, 4, 52.20
1746719877, 0, 566, 707, 693, 14, 6.25%, 0, 0, 4, 51.73
1746719882, 0, 566, 709, 695, 14, 6.25%, 0, 0, 4, 55.02
1746719908, 0, 566, 710, 696, 14, 6.25%, 0, 0, 4, 59.54
1746719934, 0, 566, 711, 697, 14, 6.25%, 0, 0, 4, 59.92
1746719944, 0, 566, 712, 698, 14, 6.25%, 0, 0, 4, 60.37
1746719949, 0, 566, 713, 699, 14, 6.25%, 0, 0, 4, 61.35
1746719970, 0, 566, 714, 700, 14, 6.25%, 0, 0, 4, 60.56
1746719995, 0, 566, 715, 701, 14, 6.25%, 0, 0, 4, 61.18
1746720000, 0, 566, 716, 702, 14, 6.25%, 0, 0, 4, 60.76
1746720015, 0, 566, 717, 703, 14, 6.25%, 0, 0, 4, 59.68
1746720025, 0, 566, 718, 704, 14, 6.25%, 0, 0, 4, 59.98
1746720036, 0, 566, 719, 705, 14, 6.25%, 0, 0, 4, 60.14
1746720041, 0, 566, 720, 706, 14, 6.25%, 0, 0, 4, 59.61
1746720046, 0, 566, 721, 707, 14, 6.25%, 0, 0, 4, 60.28
1746720066, 0, 566, 722, 708, 14, 6.25%, 0, 0, 4, 59.99
1746720076, 0, 566, 723, 709, 14, 6.25%, 0, 0, 4, 58.71
1746720158, 0, 566, 724, 710, 14, 6.25%, 0, 0, 4, 61.30
1746720194, 0, 566, 725, 711, 14, 6.25%, 0, 0, 4, 59.92
1746720235, 0, 566, 726, 712, 14, 6.25%, 0, 0, 4, 58.79
1746720245, 0, 566, 727, 713, 14, 6.25%, 0, 0, 4, 61.08
1746720296, 0, 566, 728, 714, 14, 6.25%, 0, 0, 4, 59.16
1746720327, 0, 566, 729, 715, 14, 6.25%, 0, 0, 4, 59.48
1746720337, 0, 566, 730, 716, 14, 6.25%, 0, 0, 4, 60.60
1746720353, 0, 566, 731, 717, 14, 6.25%, 0, 0, 4, 59.38
1746720363, 0, 566, 732, 718, 14, 6.25%, 0, 0, 4, 59.57
1746720429, 0, 585, 732, 717, 15, 6.25%, 0, 0, 4, 56.46
1746720932, 0, 609, 732, 716, 15, 6.25%, 0, 0, 4, 67.58
1746721205, 0, 664, 732, 715, 14, 6.25%, 0, 0, 4, 80.38
1746722120, 0, 664, 735, 718, 14, 6.27%, 0, 0, 5, 44.24
1746722126, 0, 664, 737, 720, 14, 6.27%, 0, 0, 5, 44.55
1746722131, 0, 664, 738, 721, 14, 6.27%, 0, 0, 5, 46.37
1746722136, 0, 664, 741, 724, 14, 6.27%, 0, 0, 5, 45.43
1746722141, 0, 664, 742, 725, 14, 6.27%, 0, 0, 5, 45.66
1746722146, 0, 664, 744, 727, 14, 6.27%, 0, 0, 5, 44.75
1746722151, 0, 664, 745, 728, 14, 6.27%, 0, 0, 5, 45.81
1746722156, 0, 664, 747, 730, 14, 6.27%, 0, 0, 5, 46.03
1746722161, 0, 664, 749, 732, 14, 6.27%, 0, 0, 5, 45.22
1746722176, 0, 664, 750, 733, 14, 6.27%, 0, 0, 5, 45.97
1746722181, 0, 664, 751, 734, 14, 6.27%, 0, 0, 5, 45.76
1746722186, 0, 664, 752, 735, 14, 6.27%, 0, 0, 5, 44.58
1746722191, 0, 664, 753, 736, 14, 6.27%, 0, 0, 5, 44.38
1746722207, 0, 664, 754, 737, 14, 6.27%, 0, 0, 5, 45.53
1746722222, 0, 664, 755, 738, 14, 6.27%, 0, 0, 5, 45.85
1746722237, 0, 664, 756, 739, 14, 6.27%, 0, 0, 5, 46.20
1746722242, 0, 664, 757, 740, 14, 6.27%, 0, 0, 5, 46.35
1746722252, 0, 664, 758, 741, 14, 6.27%, 0, 0, 5, 45.04
1746722262, 0, 664, 760, 743, 14, 6.27%, 0, 0, 5, 45.84
1746722277, 0, 664, 761, 744, 14, 6.27%, 0, 0, 5, 47.43
1746722293, 0, 664, 762, 745, 14, 6.27%, 0, 0, 5, 46.23
1746722303, 0, 664, 763, 746, 14, 6.27%, 0, 0, 5, 46.40
1746722313, 0, 664, 764, 747, 14, 6.27%, 0, 0, 5, 46.72
1746722323, 0, 664, 765, 748, 14, 6.27%, 0, 0, 5, 47.52
1746722328, 0, 664, 766, 749, 14, 6.27%, 0, 0, 5, 46.52
1746722348, 0, 664, 767, 750, 14, 6.27%, 0, 0, 5, 45.93
1746722368, 0, 664, 769, 752, 14, 6.27%, 0, 0, 5, 44.99
1746722399, 0, 664, 770, 753, 14, 6.27%, 0, 0, 5, 46.78
1746722404, 0, 664, 771, 754, 14, 6.27%, 0, 0, 5, 45.94
1746722409, 0, 664, 772, 755, 14, 6.27%, 0, 0, 5, 46.09
1746722429, 0, 664, 774, 757, 14, 6.27%, 0, 0, 5, 45.56
1746722444, 0, 664, 775, 758, 14, 6.27%, 0, 0, 5, 46.16
1746722460, 0, 664, 776, 759, 14, 6.27%, 0, 0, 5, 45.87
1746722505, 0, 664, 778, 761, 14, 6.27%, 0, 0, 5, 45.23
1746722515, 0, 664, 779, 762, 14, 6.27%, 0, 0, 5, 46.32
1746722525, 0, 664, 780, 763, 14, 6.27%, 0, 0, 5, 46.67
1746722531, 0, 664, 781, 764, 14, 6.27%, 0, 0, 5, 45.84
1746722551, 0, 664, 782, 765, 14, 6.27%, 0, 0, 5, 47.09
1746722556, 0, 664, 783, 766, 14, 6.27%, 0, 0, 5, 45.80
1746722561, 0, 664, 784, 767, 14, 6.27%, 0, 0, 5, 45.33
1746722587, 0, 664, 786, 769, 14, 6.27%, 0, 0, 5, 45.34
1746722617, 0, 664, 787, 770, 14, 6.27%, 0, 0, 5, 46.94
1746722622, 0, 664, 788, 771, 14, 6.27%, 0, 0, 5, 46.99
1746722642, 0, 664, 789, 772, 14, 6.27%, 0, 0, 5, 46.01
1746722658, 0, 673, 789, 771, 13, 6.27%, 0, 0, 5, 43.95
1746723570, 0, 673, 790, 772, 13, 6.27%, 0, 0, 5, 45.82
1746723590, 0, 673, 791, 773, 13, 6.27%, 0, 0, 5, 46.47
1746723651, 0, 673, 792, 774, 13, 6.27%, 0, 0, 5, 45.34
1746723742, 0, 673, 793, 775, 13, 6.27%, 0, 0, 5, 46.01
1746723783, 0, 673, 794, 776, 13, 6.27%, 0, 0, 5, 46.42
1746723869, 0, 673, 795, 777, 13, 6.27%, 0, 0, 5, 46.77
1746724010, 0, 673, 796, 778, 13, 6.27%, 0, 0, 5, 46.38
1746724031, 0, 673, 797, 779, 13, 6.27%, 0, 0, 5, 46.60
1746724061, 0, 688, 797, 778, 12, 6.27%, 0, 0, 5, 47.00
1746724076, 0, 688, 800, 781, 12, 6.27%, 0, 0, 5, 45.81
1746724735, 0, 688, 801, 782, 12, 6.27%, 0, 0, 5, 50.52
1746724740, 0, 688, 803, 784, 12, 6.27%, 0, 0, 5, 52.95
1746724745, 0, 688, 804, 785, 12, 6.27%, 0, 0, 5, 53.18
1746724750, 0, 688, 805, 786, 12, 6.27%, 0, 0, 5, 53.40
1746724760, 0, 688, 806, 787, 12, 6.27%, 0, 0, 5, 54.58
1746724765, 0, 688, 807, 788, 12, 6.27%, 0, 0, 5, 52.55
1746724775, 0, 688, 808, 789, 12, 6.27%, 0, 0, 5, 54.11
1746724780, 0, 688, 809, 790, 12, 6.27%, 0, 0, 5, 53.37
1746724826, 0, 688, 810, 791, 12, 6.27%, 0, 0, 5, 51.47
1746724851, 0, 688, 811, 792, 12, 6.27%, 0, 0, 5, 53.69
1746724866, 0, 688, 812, 793, 12, 6.33%, 0, 0, 5, 52.28
1746724887, 0, 688, 813, 794, 12, 6.33%, 0, 0, 5, 53.00
1746724897, 0, 688, 814, 795, 12, 6.33%, 0, 0, 5, 52.31
1746724902, 0, 688, 816, 797, 12, 6.41%, 0, 0, 5, 51.59
1746724912, 0, 688, 817, 798, 12, 6.41%, 0, 0, 5, 52.32
1746724927, 0, 688, 819, 800, 12, 6.42%, 0, 0, 5, 52.98
1746724937, 0, 688, 820, 801, 12, 6.42%, 0, 0, 5, 53.72
1746724962, 0, 688, 821, 802, 12, 6.42%, 0, 0, 5, 50.61
1746724993, 0, 688, 822, 803, 12, 6.42%, 0, 0, 5, 52.36
1746725003, 0, 688, 823, 804, 12, 6.42%, 0, 0, 5, 52.19
1746725033, 0, 688, 824, 805, 12, 6.42%, 0, 0, 5, 54.30
1746725058, 0, 688, 825, 806, 12, 6.42%, 0, 0, 5, 52.09
1746725149, 0, 688, 826, 807, 12, 6.42%, 0, 0, 5, 52.86
1746725185, 0, 688, 827, 808, 12, 6.42%, 0, 0, 5, 52.78
1746725220, 0, 688, 828, 809, 12, 6.42%, 0, 0, 5, 53.32
1746725225, 0, 688, 829, 810, 12, 6.42%, 0, 0, 5, 53.86
1746725236, 0, 688, 830, 811, 12, 6.42%, 0, 0, 5, 52.82
1746725312, 0, 688, 831, 812, 12, 6.42%, 0, 0, 5, 52.70
1746725347, 0, 688, 832, 813, 12, 6.42%, 0, 0, 5, 51.77
1746725357, 0, 694, 832, 812, 16, 6.42%, 0, 0, 5, 63.94
1746725697, 0, 735, 832, 811, 15, 6.42%, 0, 0, 5, 48.83
1746727360, 0, 735, 834, 813, 15, 6.42%, 0, 0, 6, 35.52
1746727365, 0, 735, 836, 815, 15, 6.42%, 0, 0, 6, 37.09
1746727370, 0, 735, 842, 821, 15, 6.42%, 0, 0, 6, 35.73
1746727391, 0, 735, 844, 823, 15, 6.42%, 0, 0, 6, 37.07
1746727396, 0, 735, 845, 824, 15, 6.42%, 0, 0, 6, 37.87
1746727401, 0, 735, 848, 827, 15, 6.42%, 0, 0, 6, 36.11
1746727411, 0, 735, 849, 828, 15, 6.42%, 0, 0, 6, 37.20
1746727416, 0, 735, 850, 829, 15, 6.42%, 0, 0, 6, 37.48
1746727421, 0, 735, 853, 832, 15, 6.42%, 0, 0, 6, 38.29
1746727432, 0, 735, 854, 833, 15, 6.42%, 0, 0, 6, 37.69
1746727442, 0, 735, 855, 834, 15, 6.42%, 0, 0, 6, 36.63
1746727447, 0, 735, 856, 835, 15, 6.42%, 0, 0, 6, 37.56
1746727452, 0, 735, 857, 836, 15, 6.42%, 0, 0, 6, 36.64
1746727467, 0, 735, 858, 837, 15, 6.42%, 0, 0, 6, 37.48
1746727473, 0, 735, 859, 838, 15, 6.42%, 0, 0, 6, 38.55
1746727478, 0, 735, 860, 839, 15, 6.42%, 0, 0, 6, 38.13
1746727503, 0, 735, 861, 840, 15, 6.42%, 0, 0, 6, 37.97
1746727524, 0, 735, 862, 841, 15, 6.42%, 0, 0, 6, 36.64
1746727534, 0, 735, 864, 843, 15, 6.42%, 0, 0, 6, 36.60
1746727544, 0, 735, 866, 845, 15, 6.42%, 0, 0, 6, 37.43
1746727555, 0, 735, 868, 847, 15, 6.42%, 0, 0, 6, 35.65
1746727580, 0, 735, 869, 848, 15, 6.42%, 0, 0, 6, 37.13
1746727616, 0, 735, 870, 849, 15, 6.42%, 0, 0, 6, 36.82
1746727621, 0, 735, 871, 850, 15, 6.42%, 0, 0, 6, 37.83
1746727626, 0, 735, 874, 853, 15, 6.42%, 0, 0, 6, 36.04
1746727677, 0, 735, 875, 854, 15, 6.43%, 0, 0, 6, 38.40
1746727698, 0, 735, 876, 855, 15, 6.43%, 0, 0, 6, 37.07
1746727724, 0, 735, 877, 856, 15, 6.43%, 0, 0, 6, 36.83
1746727739, 0, 735, 878, 857, 15, 6.43%, 0, 0, 6, 37.33
1746727744, 0, 735, 879, 858, 15, 6.43%, 0, 0, 6, 37.90
1746727790, 0, 735, 880, 859, 15, 6.43%, 0, 0, 6, 37.82
1746727882, 0, 735, 881, 860, 15, 6.43%, 0, 0, 6, 38.13
1746727887, 0, 735, 882, 861, 15, 6.43%, 0, 0, 6, 37.33
1746727903, 0, 735, 883, 862, 15, 6.43%, 0, 0, 6, 38.72
1746727913, 0, 735, 884, 863, 15, 6.43%, 0, 0, 6, 36.57
1746727980, 0, 735, 885, 864, 15, 6.43%, 0, 0, 6, 38.46
1746727985, 0, 735, 886, 865, 15, 6.43%, 0, 0, 6, 37.14
1746728026, 0, 739, 886, 864, 16, 6.43%, 0, 0, 6, 35.08
1746729478, 0, 739, 887, 865, 16, 6.43%, 0, 0, 6, 35.63
1746729550, 0, 739, 888, 866, 16, 6.43%, 0, 0, 6, 38.76
1746729565, 0, 739, 889, 867, 16, 6.43%, 0, 0, 6, 37.76
1746729591, 0, 739, 890, 868, 16, 6.43%, 0, 0, 6, 38.63
1746729632, 0, 739, 891, 869, 16, 6.43%, 0, 0, 6, 37.79
1746729642, 0, 739, 892, 870, 16, 6.43%, 0, 0, 6, 37.50
1746729647, 0, 739, 893, 871, 16, 6.43%, 0, 0, 6, 38.49
1746729683, 0, 739, 894, 872, 16, 6.43%, 0, 0, 6, 38.59
1746729734, 0, 739, 895, 873, 16, 6.43%, 0, 0, 6, 38.90
1746729933, 0, 739, 896, 874, 16, 6.43%, 0, 0, 6, 38.57
1746729990, 0, 739, 897, 875, 16, 6.43%, 0, 0, 6, 38.27
1746730066, 0, 739, 898, 876, 16, 6.43%, 0, 0, 6, 38.32
1746730118, 0, 769, 898, 875, 16, 6.43%, 0, 0, 6, 35.35
1746731833, 0, 769, 899, 876, 16, 6.43%, 0, 0, 6, 31.90
1746732091, 0, 769, 900, 877, 16, 6.43%, 0, 0, 6, 36.70
1746732096, 0, 769, 901, 878, 16, 6.43%, 0, 0, 6, 36.53
1746732122, 0, 769, 902, 879, 16, 6.43%, 0, 0, 6, 36.41
1746732142, 0, 769, 903, 880, 16, 6.43%, 0, 0, 6, 36.69
1746732147, 0, 769, 904, 881, 16, 6.43%, 0, 0, 6, 35.96
1746732167, 0, 769, 905, 882, 16, 6.43%, 0, 0, 6, 36.34
1746732172, 0, 769, 906, 883, 16, 6.43%, 0, 0, 6, 36.39
1746732198, 0, 769, 907, 884, 16, 6.43%, 0, 0, 6, 36.61
1746732249, 0, 769, 908, 885, 16, 6.43%, 0, 0, 6, 36.34
1746732331, 0, 769, 909, 886, 16, 6.43%, 0, 0, 6, 35.99
1746732403, 0, 769, 910, 887, 16, 6.43%, 0, 0, 6, 36.71
1746732428, 0, 769, 911, 888, 16, 6.43%, 0, 0, 6, 36.68
1746732474, 0, 769, 912, 889, 16, 6.43%, 0, 0, 6, 36.30
1746732500, 0, 769, 913, 890, 16, 6.43%, 0, 0, 6, 36.00
1746732572, 0, 769, 914, 891, 16, 6.43%, 0, 0, 6, 37.25
1746732639, 0, 769, 915, 892, 16, 6.43%, 0, 0, 6, 36.58
1746732721, 0, 790, 915, 891, 15, 6.43%, 0, 0, 6, 37.11
1746734061, 0, 790, 916, 892, 15, 6.43%, 0, 0, 6, 39.85
1746734132, 0, 806, 916, 891, 15, 6.43%, 0, 0, 6, 43.96
1746734984, 0, 806, 917, 892, 15, 6.43%, 0, 0, 6, 51.28
1746735009, 0, 806, 918, 893, 15, 6.43%, 0, 0, 6, 50.49
1746735090, 0, 806, 919, 894, 15, 6.43%, 0, 0, 6, 50.45
1746735217, 0, 806, 920, 895, 15, 6.43%, 0, 0, 6, 49.33
1746735262, 0, 806, 921, 896, 15, 6.43%, 0, 0, 6, 49.39
1746735267, 0, 806, 922, 897, 15, 6.43%, 0, 0, 6, 49.71
1746735272, 0, 806, 923, 898, 15, 6.43%, 0, 0, 6, 49.14
1746735374, 0, 806, 925, 900, 15, 6.43%, 0, 0, 6, 48.91
1746735602, 0, 814, 925, 899, 12, 6.43%, 0, 0, 6, 44.48
1746736512, 0, 814, 926, 900, 12, 6.43%, 0, 0, 6, 47.87
1746736583, 0, 815, 926, 899, 11, 6.43%, 0, 0, 6, 44.11
1746737569, 0, 815, 927, 900, 11, 6.43%, 0, 0, 6, 44.21
1746737630, 0, 817, 927, 899, 11, 6.43%, 0, 0, 6, 45.46
1746738495, 0, 817, 928, 900, 11, 6.43%, 0, 0, 6, 47.99
1746738525, 0, 817, 929, 901, 11, 6.43%, 0, 0, 6, 48.35
1746738586, 0, 817, 930, 902, 11, 6.43%, 0, 0, 6, 46.84
1746738814, 0, 825, 930, 901, 10, 6.43%, 0, 0, 6, 50.22
1746738840, 0, 825, 931, 902, 10, 6.43%, 0, 0, 6, 52.79
1746739330, 0, 828, 931, 901, 9, 6.43%, 0, 0, 6, 59.03
1746740074, 0, 837, 931, 900, 8, 6.43%, 0, 0, 6, 55.31
1746742129, 0, 852, 931, 899, 8, 6.43%, 0, 0, 6, 32.05
1746743942, 0, 852, 932, 900, 8, 6.43%, 0, 0, 7, 34.78
1746743988, 0, 852, 933, 901, 8, 6.44%, 0, 0, 7, 34.78
1746743999, 0, 852, 934, 902, 8, 6.44%, 0, 0, 7, 34.53
1746744004, 0, 852, 935, 903, 8, 6.44%, 0, 0, 7, 33.62
1746744050, 0, 852, 936, 904, 8, 6.44%, 0, 0, 7, 33.94
1746744070, 0, 852, 938, 906, 8, 6.44%, 0, 0, 7, 33.13
1746744173, 0, 852, 939, 907, 8, 6.44%, 0, 0, 7, 33.59
1746744188, 0, 852, 940, 908, 8, 6.44%, 0, 0, 7, 33.74
1746744219, 0, 852, 941, 909, 8, 6.44%, 0, 0, 7, 34.94
1746744224, 0, 852, 942, 910, 8, 6.44%, 0, 0, 7, 33.91
1746744286, 0, 852, 943, 911, 8, 6.44%, 0, 0, 7, 33.69
1746744424, 0, 852, 944, 912, 8, 6.44%, 0, 0, 7, 35.74
1746744548, 0, 852, 945, 913, 8, 6.44%, 0, 0, 7, 33.33
1746744614, 0, 868, 945, 912, 7, 6.44%, 0, 0, 7, 34.92
1746746796, 0, 868, 946, 913, 7, 6.44%, 0, 0, 7, 33.74
1746746801, 0, 868, 947, 914, 7, 6.44%, 0, 0, 7, 33.07
1746746975, 0, 909, 947, 913, 7, 6.44%, 0, 0, 7, 29.44
1746747387, 0, 909, 948, 914, 7, 6.44%, 0, 0, 7, 27.32
1746749437, 0, 909, 949, 915, 7, 6.44%, 0, 0, 7, 28.17
1746749458, 0, 909, 950, 916, 7, 6.44%, 0, 0, 7, 29.30
1746749504, 0, 909, 951, 917, 7, 6.44%, 0, 0, 7, 29.89
1746749586, 0, 909, 952, 918, 7, 6.44%, 0, 0, 7, 30.67
1746749607, 0, 909, 953, 919, 7, 6.44%, 0, 0, 7, 30.50
1746749633, 0, 909, 954, 920, 7, 6.44%, 0, 0, 7, 31.19
1746749663, 0, 909, 955, 921, 7, 6.44%, 0, 0, 7, 29.60
1746749710, 0, 909, 956, 922, 7, 6.44%, 0, 0, 7, 30.14
1746749895, 0, 909, 957, 923, 7, 6.44%, 0, 0, 7, 30.03
1746749967, 0, 909, 958, 924, 7, 6.44%, 0, 0, 7, 29.89
1746750136, 0, 909, 959, 925, 7, 6.44%, 0, 0, 7, 30.25
1746750250, 0, 919, 959, 924, 7, 6.44%, 0, 0, 7, 37.14
1746751432, 0, 920, 959, 923, 6, 6.44%, 0, 0, 7, 39.61
1746752790, 0, 926, 959, 922, 5, 6.44%, 0, 0, 7, 40.41
1746752846, 0, 926, 960, 923, 5, 6.44%, 0, 0, 7, 36.57
1746754009, 0, 955, 960, 922, 5, 6.44%, 0, 0, 7, 27.89
1746754096, 0, 955, 961, 923, 5, 6.44%, 0, 0, 8, 23.47
1746754142, 0, 955, 962, 924, 5, 6.44%, 0, 0, 8, 23.45
