# unix_time, cycles_done, cur_path, paths_total, pending_total, pending_favs, map_size, unique_crashes, unique_hangs, max_depth, execs_per_sec
1746558786, 0, 0, 1, 1, 1, 4.79%, 0, 0, 1, 78.43
1746558792, 0, 0, 48, 48, 1, 5.76%, 0, 0, 2, 81.42
1746558797, 0, 0, 91, 91, 1, 5.77%, 0, 0, 2, 80.07
1746558802, 0, 0, 113, 113, 1, 6.47%, 0, 0, 2, 81.78
1746558807, 0, 0, 144, 144, 1, 6.97%, 0, 0, 2, 71.00
1746558812, 0, 0, 168, 168, 1, 7.02%, 0, 0, 2, 59.80
1746558817, 0, 0, 192, 192, 1, 7.03%, 0, 0, 2, 67.76
1746558822, 0, 0, 209, 209, 1, 7.04%, 0, 0, 2, 30.15
1746558827, 0, 0, 224, 224, 1, 7.04%, 0, 0, 2, 46.86
1746558833, 0, 0, 237, 237, 1, 7.05%, 0, 0, 2, 51.48
1746558838, 0, 0, 251, 251, 1, 7.05%, 0, 0, 2, 50.53
1746558843, 0, 0, 260, 260, 1, 7.05%, 0, 0, 2, 60.86
1746558848, 0, 0, 268, 268, 1, 7.05%, 0, 0, 2, 59.25
1746558853, 0, 0, 282, 282, 1, 7.05%, 0, 0, 2, 59.92
1746558858, 0, 0, 293, 293, 1, 7.05%, 0, 0, 2, 46.29
1746558863, 0, 0, 305, 305, 1, 7.21%, 0, 0, 2, 46.13
1746558868, 0, 0, 314, 314, 1, 7.21%, 0, 0, 2, 49.06
1746558873, 0, 0, 321, 321, 1, 7.60%, 0, 0, 2, 56.84
1746558878, 0, 0, 329, 329, 1, 7.60%, 0, 0, 2, 53.81
1746558883, 0, 0, 335, 335, 1, 7.60%, 0, 0, 2, 41.10
1746558888, 0, 0, 341, 341, 1, 7.60%, 0, 0, 2, 37.63
1746558894, 0, 0, 353, 353, 1, 7.60%, 0, 0, 2, 42.48
1746558899, 0, 0, 358, 358, 1, 7.60%, 0, 0, 2, 62.61
1746558904, 0, 0, 366, 366, 1, 7.60%, 0, 0, 2, 51.77
1746558909, 0, 0, 375, 375, 1, 7.60%, 0, 0, 2, 76.76
1746558914, 0, 0, 380, 380, 1, 7.60%, 0, 0, 2, 58.26
1746558919, 0, 0, 385, 385, 1, 7.61%, 0, 0, 2, 56.11
1746558924, 0, 0, 393, 393, 1, 7.61%, 0, 0, 2, 52.90
1746558929, 0, 0, 398, 398, 1, 7.61%, 0, 0, 2, 49.95
1746558934, 0, 0, 403, 403, 1, 7.61%, 0, 0, 2, 57.16
1746558939, 0, 0, 409, 409, 1, 7.71%, 0, 0, 2, 47.28
1746558945, 0, 0, 416, 416, 1, 7.71%, 0, 0, 2, 51.75
1746558950, 0, 0, 422, 422, 1, 7.71%, 0, 0, 2, 62.19
1746558955, 0, 0, 426, 426, 1, 7.71%, 0, 0, 2, 59.25
1746558960, 0, 0, 434, 434, 1, 7.71%, 0, 0, 2, 36.91
1746558965, 0, 0, 439, 439, 1, 7.71%, 0, 0, 2, 46.50
1746558970, 0, 0, 446, 446, 1, 7.71%, 0, 0, 2, 47.41
1746558975, 0, 0, 448, 448, 1, 7.71%, 0, 0, 2, 62.29
1746558980, 0, 0, 453, 453, 1, 7.71%, 0, 0, 2, 48.14
1746558985, 0, 0, 457, 457, 1, 7.71%, 0, 0, 2, 57.79
1746558990, 0, 0, 464, 464, 1, 7.71%, 0, 0, 2, 55.67
1746558995, 0, 0, 469, 469, 1, 7.71%, 0, 0, 2, 56.92
1746559000, 0, 0, 474, 474, 1, 7.71%, 0, 0, 2, 51.76
1746559006, 0, 0, 479, 479, 1, 7.71%, 0, 0, 2, 50.99
1746559011, 0, 0, 484, 484, 1, 7.71%, 0, 0, 2, 55.15
1746559016, 0, 0, 489, 489, 1, 7.71%, 0, 0, 2, 54.22
1746559021, 0, 0, 492, 492, 1, 7.71%, 0, 0, 2, 70.55
1746559026, 0, 0, 500, 500, 1, 7.71%, 0, 0, 2, 54.15
1746559031, 0, 0, 504, 504, 1, 7.71%, 0, 0, 2, 50.13
1746559036, 0, 0, 506, 506, 1, 7.71%, 0, 0, 2, 50.60
1746559041, 0, 0, 512, 512, 1, 7.71%, 0, 0, 2, 55.94
1746559047, 0, 0, 516, 516, 1, 7.71%, 0, 0, 2, 59.31
1746559052, 0, 0, 517, 517, 1, 7.71%, 0, 0, 2, 64.03
1746559057, 0, 0, 520, 520, 1, 7.71%, 0, 0, 2, 59.72
1746559062, 0, 0, 524, 524, 1, 7.71%, 0, 0, 2, 70.75
1746559067, 0, 0, 528, 528, 1, 7.71%, 0, 0, 2, 38.13
1746559072, 0, 0, 530, 530, 1, 7.71%, 0, 0, 2, 58.18
1746559077, 0, 0, 535, 535, 1, 7.71%, 0, 0, 2, 55.11
1746559082, 0, 0, 537, 537, 1, 7.71%, 0, 0, 2, 59.74
1746559087, 0, 0, 542, 542, 1, 7.71%, 0, 0, 2, 60.04
1746559092, 0, 0, 544, 544, 1, 7.71%, 0, 0, 2, 64.54
1746559097, 0, 0, 546, 546, 1, 7.72%, 0, 0, 2, 58.40
1746559102, 0, 0, 551, 551, 1, 7.73%, 0, 0, 2, 59.04
1746559107, 0, 0, 555, 555, 1, 7.73%, 0, 0, 2, 69.29
1746559112, 0, 0, 558, 558, 1, 7.73%, 0, 0, 2, 65.15
1746559117, 0, 0, 561, 561, 1, 7.95%, 0, 0, 2, 62.05
1746559123, 0, 0, 563, 563, 1, 7.95%, 0, 0, 2, 64.44
1746559128, 0, 0, 564, 564, 1, 7.95%, 0, 0, 2, 64.22
1746559133, 0, 0, 566, 566, 1, 7.95%, 0, 0, 2, 58.51
1746559138, 0, 0, 567, 567, 1, 7.95%, 0, 0, 2, 69.26
1746559143, 0, 0, 570, 570, 1, 7.95%, 0, 0, 2, 71.78
1746559148, 0, 0, 571, 571, 1, 7.95%, 0, 0, 2, 71.08
1746559153, 0, 0, 575, 575, 1, 7.95%, 0, 0, 2, 26.60
1746559159, 0, 0, 577, 577, 1, 7.95%, 0, 0, 2, 49.17
1746559164, 0, 0, 581, 581, 1, 7.95%, 0, 0, 2, 50.02
1746559169, 0, 0, 582, 582, 1, 7.95%, 0, 0, 2, 58.82
1746559174, 0, 0, 585, 585, 1, 7.95%, 0, 0, 2, 57.54
1746559179, 0, 1, 586, 585, 17, 7.95%, 0, 0, 2, 61.67
1746559184, 0, 1, 587, 586, 17, 7.95%, 0, 0, 3, 64.91
1746559194, 0, 1, 589, 588, 17, 7.95%, 0, 0, 3, 61.93
1746559200, 0, 1, 591, 590, 17, 7.95%, 0, 0, 3, 59.91
1746559205, 0, 1, 595, 594, 17, 7.95%, 0, 0, 3, 53.13
1746559220, 0, 1, 596, 595, 17, 7.95%, 0, 0, 3, 67.27
1746559225, 0, 1, 597, 596, 17, 7.95%, 0, 0, 3, 64.58
1746559230, 0, 1, 598, 597, 17, 7.95%, 0, 0, 3, 60.19
1746559246, 0, 1, 600, 599, 17, 7.95%, 0, 0, 3, 54.13
1746559251, 0, 1, 601, 600, 17, 7.95%, 0, 0, 3, 7.99
1746559256, 0, 1, 602, 601, 17, 7.95%, 0, 0, 3, 59.10
1746559266, 0, 1, 604, 603, 17, 7.95%, 0, 0, 3, 52.98
1746559271, 0, 1, 605, 604, 17, 7.95%, 0, 0, 3, 61.72
1746559276, 0, 1, 607, 606, 17, 7.95%, 0, 0, 3, 56.81
1746559281, 0, 1, 608, 607, 17, 7.95%, 0, 0, 3, 61.96
1746559297, 0, 1, 610, 609, 17, 7.95%, 0, 0, 3, 59.85
1746559307, 0, 1, 611, 610, 17, 8.00%, 0, 0, 3, 59.57
1746559312, 0, 1, 613, 612, 17, 8.00%, 0, 0, 3, 61.74
1746559317, 0, 1, 616, 615, 17, 8.00%, 0, 0, 3, 57.84
1746559322, 0, 1, 617, 616, 17, 8.00%, 0, 0, 3, 59.50
1746559342, 0, 1, 619, 618, 17, 8.00%, 0, 0, 3, 53.73
1746559348, 0, 1, 620, 619, 17, 8.00%, 0, 0, 3, 58.34
1746559353, 0, 1, 621, 620, 17, 8.00%, 0, 0, 3, 61.37
1746559358, 0, 1, 622, 621, 17, 8.00%, 0, 0, 3, 60.66
1746559363, 0, 1, 623, 622, 17, 8.00%, 0, 0, 3, 58.87
1746559373, 0, 1, 624, 623, 17, 8.00%, 0, 0, 3, 64.10
1746559383, 0, 1, 625, 624, 17, 8.00%, 0, 0, 3, 64.26
1746559388, 0, 1, 626, 625, 17, 8.00%, 0, 0, 3, 63.26
1746559398, 0, 1, 627, 626, 17, 8.00%, 0, 0, 3, 64.20
1746559404, 0, 1, 630, 629, 17, 8.00%, 0, 0, 3, 8.97
1746559414, 0, 1, 632, 631, 17, 8.01%, 0, 0, 3, 61.17
1746559419, 0, 1, 633, 632, 17, 8.01%, 0, 0, 3, 64.03
1746559429, 0, 1, 635, 634, 17, 8.01%, 0, 0, 3, 63.71
1746559434, 0, 1, 638, 637, 17, 8.01%, 0, 0, 3, 24.25
1746559444, 0, 1, 639, 638, 17, 8.01%, 0, 0, 3, 62.15
1746559460, 0, 10, 640, 638, 20, 8.01%, 0, 0, 3, 70.62
1746559480, 0, 10, 642, 640, 20, 8.02%, 0, 0, 3, 70.27
1746559486, 0, 10, 645, 643, 20, 8.02%, 0, 0, 3, 13.83
1746559491, 0, 10, 647, 645, 20, 8.02%, 0, 0, 3, 36.76
1746559496, 0, 10, 648, 646, 20, 8.02%, 0, 0, 3, 64.63
1746559501, 0, 10, 650, 648, 20, 8.02%, 0, 0, 3, 70.17
1746559506, 0, 10, 651, 649, 20, 8.02%, 0, 0, 3, 70.13
1746559521, 0, 10, 654, 652, 20, 8.02%, 0, 0, 3, 58.71
1746559542, 0, 10, 655, 653, 20, 8.02%, 0, 0, 3, 71.07
1746559547, 0, 10, 656, 654, 20, 8.02%, 0, 0, 3, 72.09
1746559567, 0, 10, 658, 656, 20, 8.02%, 0, 0, 3, 67.34
1746559572, 0, 10, 659, 657, 20, 8.02%, 0, 0, 3, 72.65
1746559583, 0, 10, 660, 658, 20, 8.02%, 0, 0, 3, 67.56
1746559588, 0, 10, 661, 659, 20, 8.02%, 0, 0, 3, 75.18
1746559598, 0, 81, 662, 659, 19, 8.02%, 0, 0, 3, 64.43
1746559603, 0, 81, 664, 661, 19, 8.02%, 0, 0, 3, 56.39
1746559608, 0, 81, 666, 663, 19, 8.02%, 0, 0, 3, 59.18
1746559618, 0, 81, 667, 664, 19, 8.02%, 0, 0, 3, 60.82
1746559623, 0, 81, 669, 666, 19, 8.02%, 0, 0, 3, 59.95
1746559639, 0, 81, 670, 667, 19, 8.02%, 0, 0, 3, 60.33
1746559644, 0, 81, 671, 668, 19, 8.02%, 0, 0, 3, 60.34
1746559649, 0, 81, 672, 669, 19, 8.02%, 0, 0, 3, 60.14
1746559659, 0, 81, 674, 671, 19, 8.02%, 0, 0, 3, 54.67
1746559664, 0, 81, 675, 672, 19, 8.02%, 0, 0, 3, 60.05
1746559674, 0, 81, 676, 673, 19, 8.02%, 0, 0, 3, 55.61
1746559684, 0, 81, 677, 674, 19, 8.02%, 0, 0, 3, 57.29
1746559705, 0, 81, 678, 675, 19, 8.02%, 0, 0, 3, 57.47
1746559715, 0, 81, 679, 676, 19, 8.02%, 0, 0, 3, 62.40
1746559725, 0, 81, 680, 677, 19, 8.02%, 0, 0, 3, 59.97
1746559730, 0, 81, 681, 678, 19, 8.02%, 0, 0, 3, 55.14
1746559741, 0, 81, 682, 679, 19, 8.02%, 0, 0, 3, 55.02
1746559746, 0, 81, 683, 680, 19, 8.02%, 0, 0, 3, 55.56
1746559761, 0, 81, 684, 681, 19, 8.02%, 0, 0, 3, 59.55
1746559766, 0, 81, 685, 682, 19, 8.02%, 0, 0, 3, 54.00
1746559771, 0, 81, 686, 683, 19, 8.02%, 0, 0, 3, 66.46
1746559797, 0, 81, 688, 685, 19, 8.02%, 0, 0, 3, 53.17
1746559853, 0, 81, 689, 686, 19, 8.02%, 0, 0, 3, 59.21
1746559858, 0, 81, 690, 687, 19, 8.02%, 0, 0, 3, 57.41
1746559863, 0, 81, 691, 688, 19, 8.02%, 0, 0, 3, 55.18
1746559878, 0, 81, 693, 690, 19, 8.02%, 0, 0, 3, 61.35
1746559883, 0, 81, 694, 691, 19, 8.02%, 0, 0, 3, 59.56
1746559893, 0, 114, 694, 690, 19, 8.02%, 0, 0, 3, 64.05
1746559898, 0, 114, 695, 691, 19, 8.02%, 0, 0, 3, 65.16
1746559909, 0, 173, 695, 690, 19, 8.02%, 0, 0, 3, 65.55
1746559924, 0, 178, 695, 689, 18, 8.02%, 0, 0, 3, 64.98
1746559940, 0, 229, 695, 688, 18, 8.02%, 0, 0, 3, 65.23
1746559950, 0, 229, 697, 690, 18, 8.02%, 0, 0, 3, 52.57
1746559970, 0, 229, 698, 691, 18, 8.02%, 0, 0, 3, 61.85
1746559996, 0, 229, 699, 692, 18, 8.02%, 0, 0, 3, 63.09
1746560011, 0, 229, 700, 693, 18, 8.02%, 0, 0, 3, 71.43
1746560021, 0, 229, 701, 694, 18, 8.02%, 0, 0, 3, 63.84
1746560077, 0, 229, 702, 695, 18, 8.02%, 0, 0, 3, 65.89
1746560092, 0, 229, 704, 697, 18, 8.02%, 0, 0, 3, 63.42
1746560103, 0, 229, 705, 698, 18, 8.02%, 0, 0, 3, 65.13
1746560139, 0, 267, 705, 697, 18, 8.02%, 0, 0, 3, 64.06
1746560144, 0, 267, 707, 699, 18, 8.02%, 0, 0, 3, 48.10
1746560159, 0, 267, 709, 701, 18, 8.02%, 0, 0, 3, 53.78
1746560169, 0, 267, 710, 702, 18, 8.02%, 0, 0, 3, 57.96
1746560220, 0, 314, 710, 701, 18, 8.02%, 0, 0, 3, 53.52
1746560225, 0, 314, 715, 706, 18, 8.02%, 0, 0, 3, 31.63
1746560230, 0, 314, 717, 708, 18, 8.02%, 0, 0, 3, 25.60
1746560240, 0, 314, 720, 711, 18, 8.02%, 0, 0, 3, 23.87
1746560250, 0, 314, 725, 716, 18, 8.02%, 0, 0, 3, 23.29
1746560256, 0, 314, 726, 717, 18, 8.02%, 0, 0, 3, 21.21
1746560261, 0, 314, 729, 720, 18, 8.02%, 0, 0, 3, 18.27
1746560266, 0, 314, 734, 725, 18, 8.02%, 0, 0, 3, 12.79
1746560271, 0, 314, 737, 728, 18, 8.02%, 0, 0, 3, 20.73
1746560276, 0, 314, 738, 729, 18, 8.02%, 0, 0, 3, 33.50
1746560306, 0, 314, 739, 730, 18, 8.02%, 0, 0, 3, 22.11
1746560327, 0, 314, 741, 732, 18, 8.02%, 0, 0, 3, 20.78
1746560439, 0, 314, 743, 734, 18, 8.02%, 0, 0, 3, 11.79
1746560444, 0, 314, 744, 735, 18, 8.02%, 0, 0, 3, 10.27
1746560449, 0, 314, 745, 736, 18, 8.02%, 0, 0, 3, 9.79
1746560460, 0, 314, 747, 738, 18, 8.02%, 0, 0, 3, 20.40
1746560465, 0, 314, 748, 739, 18, 8.02%, 0, 0, 3, 34.72
1746560475, 0, 314, 751, 742, 18, 8.02%, 0, 0, 3, 24.52
1746560501, 0, 314, 753, 744, 18, 8.02%, 0, 0, 3, 36.37
1746560511, 0, 314, 754, 745, 18, 8.02%, 0, 0, 3, 19.72
1746560526, 0, 314, 756, 747, 18, 8.02%, 0, 0, 3, 16.60
1746560532, 0, 314, 757, 748, 18, 8.02%, 0, 0, 3, 17.04
1746560537, 0, 314, 758, 749, 18, 8.02%, 0, 0, 3, 17.72
1746560542, 0, 314, 760, 751, 18, 8.02%, 0, 0, 3, 17.09
1746560547, 0, 314, 762, 753, 18, 8.02%, 0, 0, 3, 16.51
1746560562, 0, 314, 763, 754, 18, 8.02%, 0, 0, 3, 26.96
1746560568, 0, 314, 765, 756, 18, 8.02%, 0, 0, 3, 30.22
1746560573, 0, 314, 766, 757, 18, 8.02%, 0, 0, 3, 32.70
1746560578, 0, 314, 769, 760, 18, 8.02%, 0, 0, 3, 6.12
1746560583, 0, 314, 770, 761, 18, 8.02%, 0, 0, 3, 36.87
1746560588, 0, 314, 771, 762, 18, 8.02%, 0, 0, 3, 29.71
1746560593, 0, 314, 773, 764, 18, 8.02%, 0, 0, 3, 32.59
1746560598, 0, 314, 776, 767, 18, 8.02%, 0, 0, 3, 30.21
1746560603, 0, 314, 778, 769, 18, 8.02%, 0, 0, 3, 34.53
1746560608, 0, 314, 780, 771, 18, 8.02%, 0, 0, 3, 29.92
1746560614, 0, 314, 782, 773, 18, 8.02%, 0, 0, 3, 32.89
1746560619, 0, 314, 784, 775, 18, 8.02%, 0, 0, 3, 32.84
1746560624, 0, 314, 786, 777, 18, 8.02%, 0, 0, 3, 31.32
1746560634, 0, 314, 789, 780, 18, 8.02%, 0, 0, 3, 27.40
1746560644, 0, 314, 791, 782, 18, 8.02%, 0, 0, 3, 31.80
1746560649, 0, 314, 793, 784, 18, 8.02%, 0, 0, 3, 36.29
1746560654, 0, 314, 794, 785, 18, 8.02%, 0, 0, 3, 35.57
1746560660, 0, 314, 796, 787, 18, 8.02%, 0, 0, 3, 29.96
1746560665, 0, 314, 797, 788, 18, 8.02%, 0, 0, 3, 35.43
1746560670, 0, 314, 798, 789, 18, 8.02%, 0, 0, 3, 33.20
1746560675, 0, 314, 799, 790, 18, 8.02%, 0, 0, 3, 36.24
1746560680, 0, 314, 801, 792, 18, 8.02%, 0, 0, 3, 27.62
1746560685, 0, 314, 802, 793, 18, 8.02%, 0, 0, 3, 6.73
1746560691, 0, 314, 805, 796, 18, 8.02%, 0, 0, 3, 26.79
1746560696, 0, 314, 807, 798, 18, 8.02%, 0, 0, 3, 35.29
1746560701, 0, 314, 808, 799, 18, 8.04%, 0, 0, 3, 37.34
1746560706, 0, 314, 810, 801, 18, 8.04%, 0, 0, 3, 38.45
1746560716, 0, 314, 811, 802, 18, 8.04%, 0, 0, 3, 37.11
1746560721, 0, 314, 812, 803, 18, 8.04%, 0, 0, 3, 36.11
1746560726, 0, 314, 814, 805, 18, 8.04%, 0, 0, 3, 30.79
1746560747, 0, 314, 815, 806, 18, 8.04%, 0, 0, 3, 31.30
1746560752, 0, 314, 816, 807, 18, 8.04%, 0, 0, 3, 30.22
1746560762, 0, 314, 817, 808, 18, 8.04%, 0, 0, 3, 34.35
1746560767, 0, 314, 818, 809, 18, 8.04%, 0, 0, 3, 31.58
1746560777, 0, 314, 819, 810, 18, 8.04%, 0, 0, 3, 31.16
1746560782, 0, 314, 820, 811, 18, 8.04%, 0, 0, 3, 33.58
1746560793, 0, 314, 821, 812, 18, 8.04%, 0, 0, 3, 34.02
1746560798, 0, 314, 822, 813, 18, 8.04%, 0, 0, 3, 33.09
1746560803, 0, 314, 823, 814, 18, 8.04%, 0, 0, 3, 31.06
1746560808, 0, 314, 824, 815, 18, 8.04%, 0, 0, 3, 32.39
1746560813, 0, 314, 826, 817, 18, 8.04%, 0, 0, 3, 28.33
1746560819, 0, 314, 827, 818, 18, 8.04%, 0, 0, 3, 31.57
1746560834, 0, 314, 828, 819, 18, 8.04%, 0, 0, 3, 35.23
1746560844, 0, 314, 829, 820, 18, 8.04%, 0, 0, 3, 44.67
1746560860, 0, 314, 830, 821, 18, 8.04%, 0, 0, 3, 35.65
1746560865, 0, 314, 832, 823, 18, 8.04%, 0, 0, 3, 26.77
1746560870, 0, 314, 833, 824, 18, 8.04%, 0, 0, 3, 32.86
1746560885, 0, 314, 834, 825, 18, 8.04%, 0, 0, 3, 34.56
1746560901, 0, 314, 835, 826, 18, 8.06%, 0, 0, 3, 37.78
1746560906, 0, 314, 836, 827, 18, 8.06%, 0, 0, 3, 35.32
1746560926, 0, 314, 837, 828, 18, 8.06%, 0, 0, 3, 42.28
1746560931, 0, 314, 838, 829, 18, 8.06%, 0, 0, 3, 33.53
1746560947, 0, 314, 839, 830, 18, 8.06%, 0, 0, 3, 5.04
1746560952, 0, 314, 840, 831, 18, 8.06%, 0, 0, 3, 11.01
1746560957, 0, 314, 841, 832, 18, 8.06%, 0, 0, 3, 27.74
1746560973, 0, 314, 842, 833, 18, 8.06%, 0, 0, 3, 37.43
1746560978, 0, 314, 843, 834, 18, 8.06%, 0, 0, 3, 34.72
1746560993, 0, 314, 845, 836, 18, 8.06%, 0, 0, 3, 36.13
1746561008, 0, 314, 846, 837, 18, 8.06%, 0, 0, 3, 30.63
1746561029, 0, 314, 847, 838, 18, 8.06%, 0, 0, 3, 36.43
1746561039, 0, 314, 848, 839, 18, 8.06%, 0, 0, 3, 39.50
1746561044, 0, 314, 849, 840, 18, 8.06%, 0, 0, 3, 35.77
1746561049, 0, 314, 850, 841, 18, 8.06%, 0, 0, 3, 34.23
1746561060, 0, 314, 851, 842, 18, 8.06%, 0, 0, 3, 36.28
1746561075, 0, 364, 851, 841, 23, 8.06%, 0, 0, 3, 30.99
1746561203, 0, 364, 852, 842, 23, 8.06%, 0, 0, 3, 32.14
1746561219, 0, 371, 852, 841, 23, 8.06%, 0, 0, 3, 29.85
1746561275, 0, 371, 853, 842, 23, 8.06%, 0, 0, 3, 11.37
1746561367, 0, 529, 855, 843, 23, 8.06%, 0, 0, 3, 36.81
1746561377, 0, 529, 856, 844, 23, 8.06%, 0, 0, 3, 52.25
1746561382, 0, 529, 857, 845, 23, 8.06%, 0, 0, 3, 52.82
1746561392, 0, 529, 858, 846, 23, 8.06%, 0, 0, 3, 54.98
1746561412, 0, 529, 859, 847, 23, 8.06%, 0, 0, 3, 57.14
1746561423, 0, 529, 860, 848, 23, 8.06%, 0, 0, 3, 56.30
1746561433, 0, 529, 861, 849, 23, 8.06%, 0, 0, 3, 55.91
1746561448, 0, 529, 862, 850, 23, 8.06%, 0, 0, 3, 56.23
1746561484, 0, 529, 863, 851, 23, 8.08%, 0, 0, 3, 49.49
1746561489, 0, 529, 864, 852, 23, 8.08%, 0, 0, 3, 53.33
1746561514, 0, 529, 865, 853, 23, 8.08%, 0, 0, 3, 56.65
1746561519, 0, 529, 866, 854, 23, 8.08%, 0, 0, 3, 52.34
1746561545, 0, 529, 867, 855, 23, 8.08%, 0, 0, 3, 56.01
1746561550, 0, 529, 868, 856, 23, 8.08%, 0, 0, 3, 53.15
1746561555, 0, 529, 869, 857, 23, 8.08%, 0, 0, 3, 54.29
1746561566, 0, 529, 870, 858, 23, 8.08%, 0, 0, 3, 50.83
1746561591, 0, 529, 871, 859, 23, 8.08%, 0, 0, 3, 53.08
1746561596, 0, 529, 873, 861, 23, 8.08%, 0, 0, 3, 53.08
1746561612, 0, 529, 874, 862, 23, 8.08%, 0, 0, 3, 54.03
1746561642, 0, 529, 875, 863, 23, 8.08%, 0, 0, 3, 58.61
1746561652, 0, 529, 876, 864, 23, 8.08%, 0, 0, 3, 57.05
1746561673, 0, 529, 877, 865, 23, 8.08%, 0, 0, 3, 58.21
1746561678, 0, 545, 878, 865, 20, 8.08%, 0, 0, 3, 41.50
1746561683, 0, 545, 881, 868, 20, 8.08%, 0, 0, 3, 31.44
1746561693, 0, 545, 882, 869, 20, 8.08%, 0, 0, 3, 26.95
1746561713, 0, 545, 884, 871, 20, 8.08%, 0, 0, 3, 26.52
1746561718, 0, 545, 885, 872, 20, 8.08%, 0, 0, 3, 24.56
1746561820, 0, 545, 886, 873, 20, 8.08%, 0, 0, 3, 37.71
1746561836, 0, 548, 886, 872, 20, 8.08%, 0, 0, 3, 32.08
1746561851, 0, 548, 887, 873, 20, 8.08%, 0, 0, 3, 22.82
1746561866, 0, 548, 888, 874, 20, 8.08%, 0, 0, 3, 23.74
1746561948, 0, 548, 889, 875, 20, 8.08%, 0, 0, 3, 21.88
1746561963, 0, 548, 890, 876, 20, 8.08%, 0, 0, 3, 37.02
1746561973, 0, 548, 892, 878, 20, 8.08%, 0, 0, 3, 44.63
1746561994, 0, 548, 893, 879, 20, 8.08%, 0, 0, 3, 37.21
1746562004, 0, 548, 895, 881, 20, 8.09%, 0, 0, 3, 37.24
1746562014, 0, 548, 896, 882, 20, 8.09%, 0, 0, 3, 36.24
1746562055, 0, 548, 897, 883, 20, 8.09%, 0, 0, 3, 34.84
1746562075, 0, 548, 898, 884, 20, 8.09%, 0, 0, 3, 33.04
1746562111, 0, 548, 899, 885, 20, 8.09%, 0, 0, 3, 32.94
1746562116, 0, 548, 900, 886, 20, 8.09%, 0, 0, 3, 34.81
1746562121, 0, 548, 901, 887, 20, 8.09%, 0, 0, 3, 33.59
1746562132, 0, 548, 902, 888, 20, 8.09%, 0, 0, 3, 29.41
1746562173, 0, 548, 903, 889, 20, 8.09%, 0, 0, 3, 39.08
1746562193, 0, 548, 904, 890, 20, 8.09%, 0, 0, 3, 36.12
1746562198, 0, 548, 905, 891, 20, 8.11%, 0, 0, 3, 36.23
1746562214, 0, 548, 906, 892, 20, 8.11%, 0, 0, 3, 34.65
1746562260, 0, 548, 907, 893, 20, 8.11%, 0, 0, 3, 35.76
1746562270, 0, 548, 908, 894, 20, 8.11%, 0, 0, 3, 38.04
1746562352, 0, 548, 909, 895, 20, 8.11%, 0, 0, 3, 33.45
1746562367, 0, 548, 910, 896, 20, 8.11%, 0, 0, 3, 34.34
1746562383, 0, 548, 911, 897, 20, 8.11%, 0, 0, 3, 13.24
1746562418, 0, 592, 911, 896, 21, 8.11%, 0, 0, 3, 48.62
1746562439, 0, 612, 913, 897, 21, 8.11%, 0, 0, 4, 60.56
1746562459, 0, 624, 913, 896, 20, 8.11%, 0, 0, 4, 47.27
1746562500, 0, 630, 914, 896, 19, 8.11%, 0, 0, 4, 32.91
1746562531, 0, 630, 915, 897, 19, 8.11%, 0, 0, 4, 16.09
1746562561, 0, 630, 916, 898, 19, 8.11%, 0, 0, 4, 16.66
1746562602, 0, 630, 917, 899, 19, 8.11%, 0, 0, 4, 16.48
1746562658, 0, 630, 919, 901, 19, 8.11%, 0, 0, 4, 21.55
1746562674, 0, 630, 920, 902, 19, 8.11%, 0, 0, 4, 16.67
1746562684, 0, 630, 921, 903, 19, 8.11%, 0, 0, 4, 16.45
1746562689, 0, 630, 922, 904, 19, 8.11%, 0, 0, 4, 16.68
1746562735, 0, 630, 924, 906, 19, 8.11%, 0, 0, 4, 16.79
1746562740, 0, 630, 926, 908, 19, 8.11%, 0, 0, 4, 17.30
1746562750, 0, 630, 928, 910, 19, 8.11%, 0, 0, 4, 24.22
1746562771, 0, 630, 929, 911, 19, 8.11%, 0, 0, 4, 32.05
1746562796, 0, 630, 931, 913, 19, 8.11%, 0, 0, 4, 27.65
1746562802, 0, 630, 932, 914, 19, 8.11%, 0, 0, 4, 30.42
1746562807, 0, 630, 933, 915, 19, 8.11%, 0, 0, 4, 33.54
1746562812, 0, 630, 934, 916, 19, 8.11%, 0, 0, 4, 30.00
1746562863, 0, 630, 936, 918, 19, 8.11%, 0, 0, 4, 29.44
1746562878, 0, 630, 937, 919, 19, 8.11%, 0, 0, 4, 34.99
1746562889, 0, 630, 938, 920, 19, 8.12%, 0, 0, 4, 31.09
1746562894, 0, 630, 939, 921, 19, 8.12%, 0, 0, 4, 27.96
1746562919, 0, 630, 940, 922, 19, 8.12%, 0, 0, 4, 29.95
1746562940, 0, 630, 941, 923, 19, 8.12%, 0, 0, 4, 28.67
1746562950, 0, 630, 942, 924, 19, 8.15%, 0, 0, 4, 33.79
1746562965, 0, 630, 943, 925, 19, 8.15%, 0, 0, 4, 31.27
1746562981, 0, 630, 944, 926, 19, 8.15%, 0, 0, 4, 29.92
1746562996, 0, 630, 945, 927, 19, 8.15%, 0, 0, 4, 29.11
1746563011, 0, 630, 946, 928, 19, 8.15%, 0, 0, 4, 30.79
1746563052, 0, 630, 947, 929, 19, 8.15%, 0, 0, 4, 33.22
1746563072, 0, 630, 948, 930, 19, 8.15%, 0, 0, 4, 30.28
1746563098, 0, 630, 949, 931, 19, 8.15%, 0, 0, 4, 30.31
1746563123, 0, 630, 950, 932, 19, 8.15%, 0, 0, 4, 30.85
1746563144, 0, 636, 950, 931, 24, 8.15%, 0, 0, 4, 39.45
1746563164, 0, 637, 950, 930, 23, 8.15%, 0, 0, 4, 36.18
1746563400, 0, 641, 950, 929, 23, 8.15%, 0, 0, 4, 32.64
1746563421, 0, 641, 951, 930, 23, 8.15%, 0, 0, 4, 29.17
1746563563, 0, 641, 952, 931, 23, 8.15%, 0, 0, 4, 32.34
1746563589, 0, 696, 952, 930, 22, 8.15%, 0, 0, 4, 30.85
1746563594, 0, 696, 953, 931, 22, 8.15%, 0, 0, 4, 21.50
1746563604, 0, 696, 954, 932, 22, 8.15%, 0, 0, 4, 20.20
1746563639, 0, 696, 956, 934, 22, 8.15%, 0, 0, 4, 18.42
1746563650, 0, 696, 960, 938, 22, 8.15%, 0, 0, 4, 17.37
1746563655, 0, 696, 963, 941, 22, 8.15%, 0, 0, 4, 17.26
1746563670, 0, 696, 964, 942, 22, 8.15%, 0, 0, 4, 25.05
1746563685, 0, 696, 966, 944, 22, 8.15%, 0, 0, 4, 19.34
1746563691, 0, 696, 968, 946, 22, 8.15%, 0, 0, 4, 18.43
1746563727, 0, 696, 969, 947, 22, 8.15%, 0, 0, 4, 33.59
1746563742, 0, 729, 969, 946, 21, 8.15%, 0, 0, 4, 32.05
1746563757, 0, 729, 970, 947, 21, 8.15%, 0, 0, 4, 13.22
1746563809, 0, 729, 971, 948, 21, 8.15%, 0, 0, 4, 19.16
1746563871, 0, 729, 972, 949, 21, 8.15%, 0, 0, 4, 11.84
1746564009, 0, 729, 973, 950, 21, 8.15%, 0, 0, 4, 9.54
1746564097, 0, 729, 974, 951, 21, 8.15%, 0, 0, 4, 13.90
1746564215, 0, 729, 976, 953, 21, 8.15%, 0, 0, 4, 10.75
1746564261, 0, 776, 976, 952, 20, 8.15%, 0, 0, 4, 23.63
1746564871, 0, 776, 977, 953, 20, 8.15%, 0, 0, 4, 24.84
1746564891, 0, 807, 977, 952, 19, 8.15%, 0, 0, 4, 37.01
1746564973, 0, 854, 977, 951, 18, 8.15%, 0, 0, 4, 49.15
1746564978, 0, 854, 978, 952, 18, 8.15%, 0, 0, 4, 54.61
1746564988, 0, 864, 978, 951, 17, 8.15%, 0, 0, 4, 54.22
1746565028, 0, 865, 978, 950, 16, 8.15%, 0, 0, 4, 28.09
1746565054, 0, 865, 979, 951, 16, 8.15%, 0, 0, 4, 14.21
1746565095, 0, 880, 979, 950, 15, 8.15%, 0, 0, 4, 35.52
1746565106, 0, 880, 980, 951, 15, 8.15%, 0, 0, 4, 27.37
1746565172, 0, 880, 981, 952, 15, 8.15%, 0, 0, 4, 20.00
1746565238, 0, 893, 981, 951, 14, 8.15%, 0, 0, 4, 35.12
1746565243, 0, 893, 984, 954, 14, 8.31%, 0, 0, 4, 18.86
1746565249, 0, 893, 988, 958, 14, 8.31%, 0, 0, 4, 14.43
1746565254, 0, 893, 990, 960, 14, 8.31%, 0, 0, 4, 13.93
1746565259, 0, 893, 991, 961, 14, 8.31%, 0, 0, 4, 14.34
1746565264, 0, 893, 993, 963, 14, 8.32%, 0, 0, 4, 13.41
1746565269, 0, 893, 995, 965, 14, 8.32%, 0, 0, 4, 13.42
1746565279, 0, 893, 996, 966, 14, 8.32%, 0, 0, 4, 13.35
1746565330, 0, 893, 997, 967, 14, 8.32%, 0, 0, 4, 13.50
1746565340, 0, 893, 999, 969, 14, 8.32%, 0, 0, 4, 13.97
1746565345, 0, 893, 1000, 970, 14, 8.32%, 0, 0, 4, 13.66
1746565351, 0, 893, 1001, 971, 14, 8.32%, 0, 0, 4, 13.39
1746565422, 0, 893, 1002, 972, 14, 8.32%, 0, 0, 4, 14.03
1746565427, 0, 893, 1006, 976, 14, 8.32%, 0, 0, 4, 13.13
1746565432, 0, 893, 1007, 977, 14, 8.32%, 0, 0, 4, 25.25
1746565478, 0, 893, 1010, 980, 14, 8.32%, 0, 0, 4, 14.55
1746565484, 0, 893, 1012, 982, 14, 8.32%, 0, 0, 4, 14.90
1746565489, 0, 893, 1013, 983, 14, 8.32%, 0, 0, 4, 24.06
1746565499, 0, 915, 1013, 982, 20, 8.32%, 0, 0, 4, 27.53
1746565509, 0, 915, 1014, 983, 20, 8.32%, 0, 0, 5, 15.13
1746565571, 0, 915, 1015, 984, 20, 8.32%, 0, 0, 5, 14.30
1746565740, 0, 919, 1015, 983, 19, 8.32%, 0, 0, 5, 26.50
1746565755, 0, 919, 1016, 984, 19, 8.32%, 0, 0, 5, 17.68
1746565770, 0, 919, 1017, 985, 19, 8.32%, 0, 0, 5, 18.61
1746565954, 0, 930, 1017, 984, 18, 8.32%, 0, 0, 5, 30.09
1746565969, 0, 930, 1019, 986, 18, 8.32%, 0, 0, 5, 13.33
1746565985, 0, 930, 1020, 987, 18, 8.32%, 0, 0, 5, 14.22
1746565990, 0, 930, 1023, 990, 18, 8.32%, 0, 0, 5, 12.67
1746566113, 0, 930, 1024, 991, 18, 8.32%, 0, 0, 5, 12.56
1746566118, 0, 930, 1025, 992, 18, 8.32%, 0, 0, 5, 11.89
1746566123, 0, 930, 1028, 995, 18, 8.32%, 0, 0, 5, 11.75
1746566190, 0, 930, 1029, 996, 18, 8.32%, 0, 0, 5, 14.14
1746566215, 0, 930, 1030, 997, 18, 8.32%, 0, 0, 5, 15.42
1746566241, 0, 930, 1032, 999, 18, 8.32%, 0, 0, 5, 12.78
1746566246, 0, 930, 1033, 1000, 18, 8.32%, 0, 0, 5, 17.83
1746566317, 0, 930, 1035, 1002, 18, 8.32%, 0, 0, 5, 13.74
1746566322, 0, 930, 1036, 1003, 18, 8.32%, 0, 0, 5, 12.94
1746566332, 0, 930, 1037, 1004, 18, 8.32%, 0, 0, 5, 25.46
1746566353, 0, 930, 1038, 1005, 18, 8.32%, 0, 0, 5, 26.79
1746566435, 0, 949, 1038, 1004, 18, 8.32%, 0, 0, 5, 20.98
1746566471, 0, 949, 1039, 1005, 18, 8.33%, 0, 0, 5, 18.64
1746566680, 0, 956, 1039, 1004, 18, 8.33%, 0, 0, 5, 30.78
1746566834, 0, 963, 1039, 1003, 17, 8.33%, 0, 0, 5, 36.38
1746567017, 0, 964, 1039, 1002, 16, 8.33%, 0, 0, 5, 32.98
1746567033, 0, 964, 1040, 1003, 16, 8.33%, 0, 0, 5, 21.20
1746567115, 0, 964, 1041, 1004, 16, 8.33%, 0, 0, 5, 22.95
1746567166, 0, 964, 1042, 1005, 16, 8.33%, 0, 0, 5, 33.70
1746567197, 0, 964, 1043, 1006, 16, 8.33%, 0, 0, 5, 35.19
1746567233, 0, 964, 1044, 1007, 16, 8.33%, 0, 0, 5, 36.10
1746567294, 0, 964, 1045, 1008, 16, 8.34%, 0, 0, 5, 30.44
1746567376, 0, 964, 1046, 1009, 16, 8.34%, 0, 0, 5, 36.43
1746567392, 0, 964, 1047, 1010, 16, 8.34%, 0, 0, 5, 32.60
1746567495, 0, 964, 1048, 1011, 16, 8.34%, 0, 0, 5, 35.53
1746567510, 0, 964, 1049, 1012, 16, 8.34%, 0, 0, 5, 35.80
1746567591, 0, 978, 1049, 1011, 16, 8.34%, 0, 0, 5, 33.18
1746567673, 0, 978, 1050, 1012, 16, 8.34%, 0, 0, 5, 38.91
1746567694, 0, 987, 1050, 1011, 16, 8.34%, 0, 0, 5, 28.63
1746567699, 0, 987, 1051, 1012, 16, 8.34%, 0, 0, 5, 16.69
1746567709, 0, 987, 1052, 1013, 16, 8.34%, 0, 0, 5, 13.50
1746567720, 0, 987, 1053, 1014, 16, 8.34%, 0, 0, 5, 13.92
1746567740, 0, 987, 1054, 1015, 16, 8.34%, 0, 0, 5, 18.37
1746567796, 0, 987, 1055, 1016, 16, 8.34%, 0, 0, 5, 13.33
1746567817, 0, 987, 1057, 1018, 16, 8.34%, 0, 0, 5, 12.19
1746567848, 0, 987, 1058, 1019, 16, 8.34%, 0, 0, 5, 16.10
1746567883, 0, 987, 1059, 1020, 16, 8.34%, 0, 0, 5, 11.98
1746567939, 0, 987, 1060, 1021, 16, 8.34%, 0, 0, 5, 18.28
1746567954, 0, 987, 1062, 1023, 16, 8.34%, 0, 0, 5, 25.22
1746567959, 0, 987, 1063, 1024, 16, 8.34%, 0, 0, 5, 26.98
1746567964, 0, 987, 1064, 1025, 16, 8.34%, 0, 0, 5, 30.94
1746567975, 0, 987, 1066, 1027, 16, 8.34%, 0, 0, 5, 30.47
1746567980, 0, 987, 1067, 1028, 16, 8.34%, 0, 0, 5, 27.12
1746567985, 0, 987, 1068, 1029, 16, 8.34%, 0, 0, 5, 26.02
1746568005, 0, 987, 1069, 1030, 16, 8.40%, 0, 0, 5, 27.31
1746568011, 0, 987, 1070, 1031, 16, 8.40%, 0, 0, 5, 26.78
1746568057, 0, 987, 1071, 1032, 16, 8.40%, 0, 0, 5, 26.62
1746568082, 0, 987, 1072, 1033, 16, 8.40%, 0, 0, 5, 29.29
1746568093, 0, 987, 1073, 1034, 16, 8.40%, 0, 0, 5, 28.66
1746568103, 0, 987, 1074, 1035, 16, 8.40%, 0, 0, 5, 28.51
1746568108, 0, 987, 1075, 1036, 16, 8.40%, 0, 0, 5, 27.77
1746568165, 0, 987, 1076, 1037, 16, 8.40%, 0, 0, 5, 29.01
1746568185, 0, 987, 1077, 1038, 16, 8.40%, 0, 0, 5, 26.65
1746568190, 0, 987, 1078, 1039, 16, 8.40%, 0, 0, 5, 26.81
1746568195, 0, 987, 1079, 1040, 16, 8.40%, 0, 0, 5, 26.07
1746568216, 0, 987, 1080, 1041, 16, 8.40%, 0, 0, 5, 27.78
1746568313, 0, 987, 1081, 1042, 16, 8.40%, 0, 0, 5, 28.77
1746568370, 0, 987, 1082, 1043, 16, 8.40%, 0, 0, 5, 26.50
1746568380, 0, 990, 1082, 1042, 17, 8.40%, 0, 0, 5, 18.01
1746568600, 0, 990, 1087, 1047, 17, 8.40%, 0, 0, 5, 14.43
1746568636, 0, 992, 1087, 1046, 17, 8.40%, 0, 0, 5, 19.45
1746568851, 0, 992, 1088, 1047, 17, 8.40%, 0, 0, 5, 14.57
1746568856, 0, 992, 1089, 1048, 17, 8.40%, 0, 0, 5, 14.89
1746568887, 0, 993, 1089, 1047, 16, 8.40%, 0, 0, 5, 18.93
1746569010, 0, 993, 1090, 1048, 16, 8.40%, 0, 0, 5, 14.20
1746569020, 0, 993, 1091, 1049, 16, 8.40%, 0, 0, 5, 14.35
1746569123, 0, 993, 1093, 1051, 16, 8.40%, 0, 0, 5, 25.25
1746569149, 0, 993, 1094, 1052, 16, 8.40%, 0, 0, 5, 31.34
1746569159, 0, 993, 1095, 1053, 16, 8.40%, 0, 0, 5, 25.96
1746569179, 0, 993, 1096, 1054, 16, 8.40%, 0, 0, 5, 26.89
1746569195, 0, 993, 1097, 1055, 16, 8.40%, 0, 0, 5, 26.52
1746569205, 0, 993, 1098, 1056, 16, 8.40%, 0, 0, 5, 22.16
1746569236, 0, 993, 1099, 1057, 16, 8.40%, 0, 0, 5, 26.32
1746569277, 0, 993, 1100, 1058, 16, 8.40%, 0, 0, 5, 27.47
1746569282, 0, 993, 1101, 1059, 16, 8.42%, 0, 0, 5, 22.99
1746569313, 0, 993, 1102, 1060, 16, 8.42%, 0, 0, 5, 27.11
1746569471, 0, 993, 1103, 1061, 16, 8.44%, 0, 0, 5, 28.84
1746569543, 0, 1006, 1103, 1060, 16, 8.44%, 0, 0, 5, 27.78
1746569800, 0, 1006, 1104, 1061, 16, 8.45%, 0, 0, 5, 24.24
1746569851, 0, 1012, 1104, 1060, 16, 8.45%, 0, 0, 5, 17.63
1746569871, 0, 1012, 1105, 1061, 16, 8.45%, 0, 0, 5, 15.06
1746569881, 0, 1012, 1106, 1062, 16, 8.45%, 0, 0, 5, 13.69
1746569953, 0, 1012, 1107, 1063, 16, 8.45%, 0, 0, 5, 13.69
1746569958, 0, 1012, 1110, 1066, 16, 8.45%, 0, 0, 5, 13.62
1746569994, 0, 1012, 1111, 1067, 16, 8.45%, 0, 0, 5, 20.58
1746570024, 0, 1012, 1113, 1069, 16, 8.45%, 0, 0, 5, 13.89
1746570106, 0, 1015, 1113, 1068, 16, 8.45%, 0, 0, 5, 26.48
1746570326, 0, 1038, 1113, 1067, 15, 8.45%, 0, 0, 5, 29.11
1746570587, 0, 1045, 1114, 1067, 14, 8.45%, 0, 0, 6, 30.52
1746570649, 0, 1045, 1115, 1068, 14, 8.45%, 0, 0, 6, 19.81
1746570746, 0, 1052, 1115, 1067, 13, 8.45%, 0, 0, 6, 34.11
1746570895, 0, 1052, 1116, 1068, 13, 8.45%, 0, 0, 6, 13.02
1746571012, 0, 1054, 1116, 1067, 12, 8.45%, 0, 0, 6, 27.13
1746571263, 0, 1054, 1117, 1068, 12, 8.45%, 0, 0, 6, 17.98
1746571284, 0, 1054, 1118, 1069, 12, 8.45%, 0, 0, 6, 27.82
1746571294, 0, 1054, 1119, 1070, 12, 8.45%, 0, 0, 6, 26.08
1746571396, 0, 1054, 1120, 1071, 12, 8.45%, 0, 0, 6, 28.75
1746571427, 0, 1054, 1121, 1072, 12, 8.45%, 0, 0, 6, 28.52
1746571504, 0, 1054, 1122, 1073, 12, 8.45%, 0, 0, 6, 25.51
1746571550, 0, 1054, 1123, 1074, 12, 8.45%, 0, 0, 6, 23.93
1746571566, 0, 1054, 1124, 1075, 12, 8.45%, 0, 0, 6, 26.33
1746571596, 0, 1054, 1125, 1076, 12, 8.50%, 0, 0, 6, 29.87
1746571668, 0, 1054, 1126, 1077, 12, 8.50%, 0, 0, 6, 29.51
1746571699, 0, 1061, 1126, 1076, 10, 8.50%, 0, 0, 6, 26.73
1746571709, 0, 1061, 1127, 1077, 10, 8.50%, 0, 0, 6, 15.82
1746571714, 0, 1061, 1128, 1078, 10, 8.50%, 0, 0, 6, 14.41
1746571719, 0, 1061, 1129, 1079, 10, 8.50%, 0, 0, 6, 15.65
1746571796, 0, 1061, 1130, 1080, 10, 8.50%, 0, 0, 6, 13.77
1746571924, 0, 1061, 1131, 1081, 10, 8.50%, 0, 0, 6, 27.83
1746571954, 0, 1068, 1133, 1082, 10, 8.50%, 0, 0, 6, 17.08
1746571970, 0, 1068, 1134, 1083, 10, 8.50%, 0, 0, 6, 12.54
1746571980, 0, 1068, 1135, 1084, 10, 8.50%, 0, 0, 6, 11.79
1746571985, 0, 1068, 1136, 1085, 10, 8.50%, 0, 0, 6, 10.57
1746571995, 0, 1068, 1137, 1086, 10, 8.52%, 0, 0, 6, 12.67
1746572006, 0, 1068, 1138, 1087, 10, 8.52%, 0, 0, 6, 10.62
1746572073, 0, 1068, 1141, 1090, 10, 8.52%, 0, 0, 6, 12.74
1746572104, 0, 1068, 1142, 1091, 10, 8.52%, 0, 0, 6, 10.58
1746572155, 0, 1068, 1144, 1093, 10, 8.52%, 0, 0, 6, 11.14
1746572195, 0, 1068, 1145, 1094, 10, 8.52%, 0, 0, 6, 10.84
1746572201, 0, 1068, 1146, 1095, 10, 8.52%, 0, 0, 6, 10.47
1746572206, 0, 1068, 1148, 1097, 10, 8.52%, 0, 0, 6, 9.99
1746572288, 0, 1068, 1149, 1098, 10, 8.52%, 0, 0, 6, 11.99
1746572293, 0, 1068, 1150, 1099, 10, 8.52%, 0, 0, 6, 22.66
1746572319, 0, 1082, 1150, 1098, 13, 8.52%, 0, 0, 6, 26.69
1746572329, 0, 1082, 1151, 1099, 13, 8.52%, 0, 0, 6, 15.48
1746572558, 0, 1082, 1152, 1100, 13, 8.52%, 0, 0, 6, 27.09
1746572619, 0, 1100, 1152, 1099, 12, 8.52%, 0, 0, 6, 23.30
1746572624, 0, 1100, 1154, 1101, 12, 8.52%, 0, 0, 6, 12.97
1746572630, 0, 1100, 1156, 1103, 12, 8.52%, 0, 0, 6, 9.42
1746572640, 0, 1100, 1157, 1104, 12, 8.52%, 0, 0, 6, 8.67
1746572717, 0, 1100, 1159, 1106, 12, 8.52%, 0, 0, 6, 6.38
1746572764, 0, 1100, 1161, 1108, 12, 8.52%, 0, 0, 6, 6.50
1746572779, 0, 1100, 1162, 1109, 12, 8.52%, 0, 0, 6, 8.10
1746572785, 0, 1100, 1164, 1111, 12, 8.52%, 0, 0, 6, 7.16
1746572790, 0, 1100, 1166, 1113, 12, 8.52%, 0, 0, 6, 7.01
1746572800, 0, 1100, 1167, 1114, 12, 8.52%, 0, 0, 6, 11.98
1746572831, 0, 1100, 1168, 1115, 12, 8.52%, 0, 0, 6, 8.78
1746572836, 0, 1100, 1169, 1116, 12, 8.52%, 0, 0, 6, 7.67
1746572897, 0, 1100, 1170, 1117, 12, 8.52%, 0, 0, 6, 8.97
1746573072, 0, 1100, 1171, 1118, 12, 8.52%, 0, 0, 6, 6.65
1746573088, 0, 1100, 1172, 1119, 12, 8.52%, 0, 0, 6, 6.45
1746573274, 0, 1100, 1173, 1120, 12, 8.52%, 0, 0, 6, 7.72
1746573305, 0, 1100, 1174, 1121, 12, 8.52%, 0, 0, 6, 6.19
1746573315, 0, 1100, 1175, 1122, 12, 8.52%, 0, 0, 6, 6.12
1746573326, 0, 1100, 1176, 1123, 12, 8.52%, 0, 0, 6, 6.14
1746573356, 0, 1100, 1177, 1124, 12, 8.52%, 0, 0, 6, 6.41
1746573443, 0, 1100, 1178, 1125, 12, 8.52%, 0, 0, 6, 9.04
1746573475, 0, 1100, 1179, 1126, 12, 8.52%, 0, 0, 6, 7.19
1746573495, 0, 1100, 1181, 1128, 12, 8.52%, 0, 0, 6, 6.63
1746573500, 0, 1100, 1182, 1129, 12, 8.52%, 0, 0, 6, 6.56
1746573531, 0, 1100, 1183, 1130, 12, 8.52%, 0, 0, 6, 5.67
1746573577, 0, 1100, 1186, 1133, 12, 8.52%, 0, 0, 6, 6.66
1746573638, 0, 1100, 1187, 1134, 12, 8.52%, 0, 0, 6, 16.75
1746573654, 0, 1100, 1188, 1135, 12, 8.52%, 0, 0, 6, 15.31
1746573680, 0, 1100, 1189, 1136, 12, 8.52%, 0, 0, 6, 19.82
1746573700, 0, 1100, 1189, 1136, 12, 8.52%, 1, 0, 6, 17.56
1746573741, 0, 1100, 1190, 1137, 12, 8.52%, 1, 0, 6, 18.01
1746573788, 0, 1100, 1191, 1138, 12, 8.52%, 1, 0, 6, 15.65
1746573818, 0, 1100, 1192, 1139, 12, 8.52%, 1, 0, 6, 16.42
1746573896, 0, 1100, 1192, 1139, 12, 8.52%, 2, 0, 6, 16.64
1746573978, 0, 1100, 1193, 1140, 12, 8.52%, 2, 0, 6, 16.38
1746573988, 0, 1100, 1194, 1141, 12, 8.52%, 2, 0, 6, 17.54
1746574014, 0, 1100, 1195, 1142, 12, 8.52%, 2, 0, 6, 19.19
1746574060, 0, 1100, 1196, 1143, 12, 8.52%, 2, 0, 6, 17.85
1746574080, 0, 1100, 1197, 1144, 12, 8.52%, 2, 0, 6, 15.27
1746574085, 0, 1100, 1198, 1145, 12, 8.52%, 2, 0, 6, 12.39
1746574116, 0, 1100, 1199, 1146, 12, 8.52%, 2, 0, 6, 16.15
1746574188, 0, 1100, 1200, 1147, 12, 8.57%, 2, 0, 6, 15.98
1746574203, 0, 1100, 1201, 1148, 12, 8.57%, 2, 0, 6, 16.10
1746574223, 0, 1100, 1201, 1148, 12, 8.57%, 4, 0, 6, 20.08
1746574326, 0, 1100, 1202, 1149, 12, 8.57%, 4, 0, 6, 16.31
1746574382, 0, 1100, 1203, 1150, 12, 8.62%, 4, 0, 6, 18.10
1746574408, 0, 1100, 1204, 1151, 12, 8.62%, 4, 0, 6, 17.20
1746574474, 0, 1100, 1205, 1152, 12, 8.62%, 4, 0, 6, 18.86
1746574531, 0, 1103, 1205, 1151, 11, 8.62%, 4, 0, 6, 16.84
1746574546, 0, 1103, 1206, 1152, 11, 8.62%, 4, 0, 6, 9.91
1746574607, 0, 1103, 1207, 1153, 11, 8.63%, 4, 0, 6, 11.68
1746574638, 0, 1103, 1208, 1154, 11, 8.63%, 4, 0, 6, 13.37
1746574659, 0, 1103, 1210, 1156, 11, 8.64%, 4, 0, 6, 10.24
1746574679, 0, 1103, 1211, 1157, 11, 8.64%, 4, 0, 6, 9.65
1746574740, 0, 1103, 1212, 1158, 11, 8.64%, 4, 0, 6, 11.00
1746574843, 0, 1103, 1213, 1159, 11, 8.64%, 4, 0, 6, 12.27
1746574899, 0, 1103, 1214, 1160, 11, 8.64%, 4, 0, 6, 28.05
1746574904, 0, 1103, 1215, 1161, 11, 8.64%, 4, 0, 6, 28.83
1746574985, 0, 1111, 1215, 1160, 11, 8.64%, 4, 0, 6, 23.12
1746574995, 0, 1111, 1216, 1161, 11, 8.64%, 4, 0, 6, 16.33
1746575098, 0, 1111, 1217, 1162, 11, 8.64%, 4, 0, 6, 21.50
1746575247, 0, 1111, 1218, 1163, 11, 8.64%, 4, 0, 6, 30.59
1746575272, 0, 1111, 1219, 1164, 11, 8.64%, 4, 0, 6, 24.59
1746575353, 0, 1138, 1219, 1163, 11, 8.64%, 4, 0, 6, 18.01
1746575400, 0, 1138, 1220, 1164, 11, 8.64%, 4, 0, 7, 10.08
1746575548, 0, 1138, 1221, 1165, 11, 8.65%, 4, 0, 7, 11.22
1746575660, 0, 1138, 1222, 1166, 11, 8.65%, 4, 0, 7, 10.57
1746575665, 0, 1138, 1223, 1167, 11, 8.65%, 4, 0, 7, 10.16
1746575676, 0, 1138, 1224, 1168, 11, 8.65%, 4, 0, 7, 13.14
1746575706, 0, 1138, 1225, 1169, 11, 8.65%, 4, 0, 7, 28.23
1746575717, 0, 1138, 1226, 1170, 11, 8.65%, 4, 0, 7, 25.44
1746575783, 0, 1138, 1227, 1171, 11, 8.65%, 4, 0, 7, 23.87
1746575855, 0, 1138, 1228, 1172, 11, 8.65%, 4, 0, 7, 22.21
1746575865, 0, 1138, 1229, 1173, 11, 8.65%, 4, 0, 7, 24.60
1746575993, 0, 1138, 1230, 1174, 11, 8.65%, 4, 0, 7, 25.07
1746576050, 0, 1138, 1231, 1175, 11, 8.65%, 4, 0, 7, 22.34
1746576111, 0, 1138, 1232, 1176, 11, 8.65%, 4, 0, 7, 26.98
1746576132, 0, 1138, 1233, 1177, 11, 8.65%, 4, 0, 7, 27.98
1746576142, 0, 1144, 1233, 1176, 11, 8.65%, 4, 0, 7, 25.41
1746576491, 0, 1145, 1233, 1175, 10, 8.65%, 4, 0, 7, 24.23
1746576501, 0, 1145, 1234, 1176, 10, 8.65%, 4, 0, 7, 12.99
1746576649, 0, 1145, 1236, 1178, 10, 8.65%, 4, 0, 7, 10.59
1746576828, 0, 1145, 1237, 1179, 10, 8.65%, 4, 0, 7, 27.88
1746576834, 0, 1145, 1238, 1180, 10, 8.65%, 4, 0, 7, 27.51
1746576931, 0, 1151, 1238, 1179, 10, 8.65%, 4, 0, 7, 28.51
1746576936, 0, 1151, 1239, 1180, 10, 8.65%, 4, 0, 7, 16.70
1746576978, 0, 1151, 1240, 1181, 10, 8.65%, 4, 0, 7, 11.03
1746577311, 0, 1151, 1241, 1182, 10, 8.65%, 4, 0, 7, 23.95
1746577346, 0, 1170, 1241, 1181, 10, 8.65%, 4, 0, 7, 17.49
1746578303, 0, 1170, 1242, 1182, 10, 8.65%, 4, 0, 7, 16.01
1746578348, 0, 1170, 1242, 1182, 10, 8.65%, 5, 0, 7, 17.19
1746578353, 0, 1177, 1242, 1181, 10, 8.65%, 5, 0, 7, 12.10
1746578974, 0, 1202, 1242, 1180, 10, 8.65%, 5, 0, 7, 22.41
1746578979, 0, 1202, 1243, 1181, 10, 8.69%, 5, 0, 7, 13.20
1746578984, 0, 1202, 1244, 1182, 10, 8.69%, 5, 0, 7, 9.55
1746578989, 0, 1202, 1245, 1183, 10, 8.69%, 5, 0, 7, 8.73
1746579005, 0, 1202, 1246, 1184, 10, 8.69%, 5, 0, 7, 6.82
1746579015, 0, 1202, 1247, 1185, 10, 8.69%, 5, 0, 7, 5.99
1746579021, 0, 1202, 1248, 1186, 10, 8.69%, 5, 0, 7, 5.80
1746579026, 0, 1202, 1249, 1187, 10, 8.69%, 5, 0, 7, 5.82
1746579041, 0, 1202, 1250, 1188, 10, 8.69%, 5, 0, 7, 5.52
1746579046, 0, 1202, 1252, 1190, 10, 8.69%, 5, 0, 7, 5.43
1746579051, 0, 1202, 1253, 1191, 10, 8.69%, 5, 0, 7, 5.41
1746579072, 0, 1202, 1254, 1192, 10, 8.69%, 5, 0, 7, 7.56
1746579092, 0, 1202, 1255, 1193, 10, 8.69%, 5, 0, 7, 5.89
1746579108, 0, 1202, 1256, 1194, 10, 8.69%, 5, 0, 7, 5.56
1746579118, 0, 1202, 1259, 1197, 10, 8.69%, 5, 0, 7, 5.39
1746579159, 0, 1202, 1260, 1198, 10, 8.69%, 5, 0, 7, 5.83
1746579180, 0, 1202, 1262, 1200, 10, 8.69%, 5, 0, 7, 5.46
1746579242, 0, 1202, 1263, 1201, 10, 8.69%, 5, 0, 7, 8.61
1746579329, 0, 1202, 1264, 1202, 10, 8.69%, 5, 0, 7, 7.36
1746579437, 0, 1202, 1265, 1203, 10, 8.69%, 5, 0, 7, 5.72
1746579458, 0, 1202, 1266, 1204, 10, 8.69%, 5, 0, 7, 5.66
1746579552, 0, 1202, 1267, 1205, 10, 8.69%, 5, 0, 7, 5.47
1746579573, 0, 1202, 1268, 1206, 10, 8.69%, 5, 0, 7, 5.27
1746579609, 0, 1202, 1270, 1208, 10, 8.69%, 5, 0, 7, 5.42
1746579614, 0, 1202, 1272, 1210, 10, 8.69%, 5, 0, 7, 5.40
1746579619, 0, 1202, 1275, 1213, 10, 8.69%, 5, 0, 7, 5.40
1746579624, 0, 1202, 1278, 1216, 10, 8.69%, 5, 0, 7, 5.39
1746579629, 0, 1202, 1280, 1218, 10, 8.69%, 5, 0, 7, 5.43
1746579919, 0, 1202, 1281, 1219, 10, 8.69%, 5, 0, 7, 5.60
1746579940, 0, 1202, 1282, 1220, 10, 8.69%, 5, 0, 7, 5.32
1746579955, 0, 1202, 1283, 1221, 10, 8.69%, 5, 0, 7, 5.34
1746580073, 0, 1202, 1284, 1222, 10, 8.69%, 5, 0, 7, 6.18
1746580099, 0, 1202, 1285, 1223, 10, 8.69%, 5, 0, 7, 6.03
1746580315, 0, 1206, 1285, 1222, 12, 8.69%, 5, 0, 7, 14.33
1746580556, 0, 1206, 1286, 1223, 12, 8.69%, 5, 0, 7, 11.38
1746580669, 0, 1215, 1286, 1222, 11, 8.69%, 5, 0, 7, 23.20
1746580935, 0, 1218, 1286, 1221, 10, 8.69%, 5, 0, 7, 21.27
1746580945, 0, 1218, 1287, 1222, 10, 8.69%, 5, 0, 7, 11.02
1746580950, 0, 1218, 1288, 1223, 10, 8.69%, 5, 0, 7, 9.73
1746580976, 0, 1218, 1289, 1224, 10, 8.69%, 5, 0, 7, 10.23
1746581022, 0, 1218, 1290, 1225, 10, 8.69%, 5, 0, 7, 10.51
1746581288, 0, 1218, 1291, 1226, 10, 8.69%, 5, 0, 7, 10.80
1746581319, 0, 1231, 1291, 1225, 9, 8.69%, 5, 0, 7, 22.29
1746581375, 0, 1231, 1292, 1226, 9, 8.70%, 5, 0, 8, 10.54
1746581575, 0, 1231, 1293, 1227, 9, 8.70%, 5, 0, 8, 51.44
1746581687, 0, 1233, 1293, 1226, 9, 8.70%, 5, 0, 8, 25.46
1746582051, 0, 1238, 1293, 1225, 8, 8.70%, 5, 0, 8, 20.49
1746582424, 0, 1238, 1294, 1226, 8, 8.70%, 5, 0, 8, 24.59
1746582475, 0, 1246, 1294, 1225, 7, 8.70%, 5, 0, 8, 19.08
1746582511, 0, 1246, 1295, 1226, 7, 8.70%, 5, 0, 8, 6.09
1746582583, 0, 1246, 1295, 1226, 7, 8.70%, 7, 0, 8, 5.83
1746582640, 0, 1246, 1295, 1226, 7, 8.70%, 8, 0, 8, 5.80
1746582645, 0, 1246, 1295, 1226, 7, 8.70%, 9, 0, 8, 5.58
1746582665, 0, 1246, 1295, 1226, 7, 8.70%, 10, 0, 8, 8.21
1746582671, 0, 1246, 1295, 1226, 7, 8.70%, 14, 0, 8, 6.60
1746582985, 0, 1246, 1295, 1226, 7, 8.70%, 17, 0, 8, 5.76
1746582995, 0, 1246, 1295, 1226, 7, 8.70%, 22, 0, 8, 5.63
1746583000, 0, 1246, 1295, 1226, 7, 8.70%, 24, 0, 8, 5.61
1746583351, 0, 1246, 1295, 1226, 7, 8.70%, 25, 0, 8, 5.57
1746583356, 0, 1246, 1295, 1226, 7, 8.70%, 26, 0, 8, 5.52
1746583361, 0, 1246, 1295, 1226, 7, 8.70%, 27, 0, 8, 5.57
1746583613, 0, 1246, 1295, 1226, 7, 8.70%, 28, 0, 8, 5.47
1746583618, 0, 1246, 1295, 1226, 7, 8.70%, 30, 0, 8, 5.29
1746583629, 0, 1246, 1295, 1226, 7, 8.70%, 34, 0, 8, 5.39
1746583634, 0, 1246, 1295, 1226, 7, 8.70%, 36, 0, 8, 5.28
1746583639, 0, 1246, 1295, 1226, 7, 8.70%, 39, 0, 8, 5.52
1746583644, 0, 1246, 1295, 1226, 7, 8.70%, 42, 0, 8, 5.47
1746583665, 0, 1246, 1296, 1227, 7, 8.70%, 42, 0, 8, 9.89
1746583706, 0, 1246, 1296, 1227, 7, 8.70%, 43, 0, 8, 5.82
1746583711, 0, 1246, 1296, 1227, 7, 8.70%, 44, 0, 8, 7.52
1746583716, 0, 1246, 1296, 1227, 7, 8.70%, 45, 0, 8, 13.00
1746583737, 0, 1246, 1296, 1227, 7, 8.70%, 46, 0, 8, 16.51
1746583742, 0, 1291, 1296, 1226, 6, 8.70%, 46, 0, 8, 15.07
1746584141, 0, 1294, 1296, 1225, 5, 8.70%, 46, 0, 8, 18.89
1746584197, 0, 1294, 1296, 1225, 5, 8.70%, 54, 0, 8, 5.63
1746584207, 0, 1294, 1297, 1226, 5, 8.70%, 54, 0, 9, 8.16
1746584254, 0, 1294, 1297, 1226, 5, 8.70%, 60, 0, 9, 5.74
1746584259, 0, 1294, 1297, 1226, 5, 8.70%, 62, 0, 9, 32.67
1746584311, 0, 1294, 1297, 1226, 5, 8.70%, 73, 0, 9, 5.69
1746584316, 0, 1294, 1297, 1226, 5, 8.70%, 75, 0, 9, 7.48
1746584321, 0, 1294, 1297, 1226, 5, 8.70%, 76, 0, 9, 7.71
1746584326, 0, 1294, 1297, 1226, 5, 8.70%, 77, 0, 9, 7.04
1746584331, 0, 1294, 1297, 1226, 5, 8.70%, 79, 0, 9, 7.40
1746584336, 0, 1294, 1297, 1226, 5, 8.70%, 81, 0, 9, 9.73
1746584646, 0, 1294, 1297, 1226, 5, 8.70%, 83, 0, 9, 5.85
1746584651, 0, 1294, 1297, 1226, 5, 8.70%, 84, 0, 9, 5.76
1746584656, 0, 1294, 1297, 1226, 5, 8.70%, 89, 0, 9, 5.73
1746584677, 0, 1294, 1297, 1226, 5, 8.70%, 90, 0, 9, 5.69
1746584682, 0, 1294, 1297, 1226, 5, 8.70%, 102, 0, 9, 5.59
1746584687, 0, 1294, 1297, 1226, 5, 8.70%, 114, 0, 9, 5.55
1746584703, 0, 1294, 1297, 1226, 5, 8.70%, 122, 0, 9, 5.70
1746584709, 0, 1294, 1297, 1226, 5, 8.70%, 127, 0, 9, 5.70
1746584714, 0, 1294, 1297, 1226, 5, 8.70%, 131, 0, 9, 5.72
1746584807, 0, 1294, 1297, 1226, 5, 8.70%, 136, 0, 9, 5.45
1746584812, 0, 1294, 1297, 1226, 5, 8.70%, 139, 0, 9, 33.86
1746584849, 0, 1294, 1298, 1227, 5, 8.70%, 143, 0, 9, 5.70
1746585013, 0, 1294, 1298, 1227, 5, 8.70%, 147, 0, 9, 5.54
1746585018, 0, 1294, 1298, 1227, 5, 8.70%, 154, 0, 9, 5.50
1746585023, 0, 1294, 1298, 1227, 5, 8.70%, 157, 0, 9, 5.55
1746585028, 0, 1294, 1298, 1227, 5, 8.70%, 159, 0, 9, 5.56
1746585276, 0, 1294, 1299, 1228, 5, 8.70%, 159, 0, 9, 5.41
1746585281, 0, 1294, 1299, 1228, 5, 8.70%, 160, 0, 9, 5.25
1746585286, 0, 1294, 1299, 1228, 5, 8.70%, 161, 0, 9, 5.44
1746585291, 0, 1294, 1299, 1228, 5, 8.70%, 165, 0, 9, 5.37
1746585296, 0, 1294, 1299, 1228, 5, 8.70%, 169, 0, 9, 5.36
1746585301, 0, 1294, 1299, 1228, 5, 8.70%, 171, 0, 9, 5.35
1746585307, 0, 1294, 1299, 1228, 5, 8.70%, 172, 0, 9, 5.33
1746585363, 0, 1294, 1299, 1228, 5, 8.70%, 173, 0, 9, 5.90
1746585368, 0, 1294, 1299, 1228, 5, 8.70%, 176, 0, 9, 5.72
1746585374, 0, 1294, 1299, 1228, 5, 8.70%, 177, 0, 9, 11.13
1746585384, 0, 1294, 1299, 1228, 5, 8.70%, 178, 0, 9, 16.09
1746585419, 0, 1297, 1299, 1227, 4, 8.70%, 178, 0, 9, 14.52
1746585471, 0, 1297, 1300, 1228, 4, 8.70%, 178, 0, 10, 5.83
1746585476, 0, 1297, 1300, 1228, 4, 8.70%, 179, 0, 10, 5.76
1746585539, 0, 1297, 1300, 1228, 4, 8.70%, 180, 0, 10, 34.78
1746585585, 0, 1297, 1300, 1228, 4, 8.70%, 181, 0, 10, 5.79
1746585591, 0, 1297, 1300, 1228, 4, 8.70%, 182, 0, 10, 5.63
1746585596, 0, 1297, 1300, 1228, 4, 8.70%, 183, 0, 10, 7.22
1746585616, 0, 1297, 1300, 1228, 4, 8.70%, 185, 0, 10, 9.07
1746585925, 0, 1297, 1300, 1228, 4, 8.70%, 186, 0, 10, 5.88
1746585962, 0, 1297, 1300, 1228, 4, 8.70%, 187, 0, 10, 5.60
1746585993, 0, 1297, 1300, 1228, 4, 8.70%, 189, 0, 10, 5.61
1746585998, 0, 1297, 1300, 1228, 4, 8.70%, 191, 0, 10, 5.59
1746586097, 0, 1297, 1300, 1228, 4, 8.70%, 192, 0, 10, 5.37
1746586308, 0, 1297, 1300, 1228, 4, 8.70%, 194, 0, 10, 5.57
1746586313, 0, 1297, 1300, 1228, 4, 8.70%, 196, 0, 10, 5.55
1746586318, 0, 1297, 1300, 1228, 4, 8.70%, 197, 0, 10, 5.58
1746586579, 0, 1297, 1300, 1228, 4, 8.70%, 199, 0, 10, 5.44
1746586584, 0, 1297, 1300, 1228, 4, 8.70%, 200, 0, 10, 5.39
1746586652, 0, 1297, 1300, 1228, 4, 8.70%, 201, 0, 10, 5.93
1746586662, 0, 1297, 1300, 1228, 4, 8.70%, 202, 0, 10, 39.02
1746586667, 0, 1297, 1301, 1229, 4, 8.70%, 204, 0, 10, 10.76
1746586693, 0, 1297, 1301, 1229, 4, 8.70%, 205, 0, 10, 18.79
1746586739, 0, 1297, 1302, 1230, 4, 8.70%, 205, 0, 10, 15.89
1746586775, 0, 1297, 1302, 1230, 4, 8.70%, 207, 0, 10, 17.92
1746586811, 0, 1297, 1302, 1230, 4, 8.70%, 209, 0, 10, 18.46
1746586821, 0, 1297, 1302, 1230, 4, 8.70%, 210, 0, 10, 17.38
1746586842, 0, 1299, 1302, 1229, 4, 8.70%, 210, 0, 10, 12.58
1746587032, 0, 1299, 1302, 1229, 4, 8.70%, 211, 0, 10, 9.51
1746587995, 0, 1299, 1302, 1229, 4, 8.70%, 212, 0, 10, 5.42
1746588001, 0, 1299, 1302, 1229, 4, 8.70%, 213, 0, 10, 5.27
1746588006, 0, 1299, 1302, 1229, 4, 8.70%, 214, 0, 10, 5.46
1746588011, 0, 1299, 1302, 1229, 4, 8.70%, 215, 0, 10, 5.43
1746588120, 1, 78, 1302, 1228, 3, 8.70%, 215, 0, 10, 27.57
1746588140, 1, 262, 1302, 1227, 3, 8.70%, 215, 0, 10, 56.02
1746588207, 1, 301, 1302, 1226, 3, 8.70%, 215, 0, 10, 46.20
1746588222, 1, 301, 1303, 1227, 3, 8.70%, 215, 0, 10, 53.34
1746588258, 1, 395, 1303, 1226, 3, 8.70%, 215, 0, 10, 40.78
1746588309, 1, 421, 1303, 1225, 3, 8.70%, 215, 0, 10, 44.22
1746588365, 1, 422, 1303, 1224, 2, 8.70%, 215, 0, 10, 31.76
1746588427, 1, 480, 1303, 1223, 2, 8.70%, 215, 0, 10, 29.35
1746588483, 1, 539, 1303, 1222, 2, 8.70%, 215, 0, 10, 42.96
1746588508, 1, 547, 1303, 1221, 2, 8.70%, 215, 0, 10, 45.22
1746588524, 1, 547, 1304, 1222, 2, 8.70%, 215, 0, 10, 49.80
1746588549, 1, 593, 1304, 1221, 2, 8.70%, 215, 0, 10, 42.72
1746588596, 1, 602, 1304, 1220, 2, 8.70%, 215, 0, 10, 43.63
1746588672, 1, 820, 1304, 1219, 1, 8.70%, 215, 0, 10, 31.24
1746589103, 1, 820, 1305, 1220, 1, 8.70%, 215, 0, 10, 29.71
1746589118, 1, 847, 1305, 1219, 1, 8.70%, 215, 0, 10, 33.44
1746589148, 1, 849, 1305, 1218, 0, 8.70%, 215, 0, 10, 49.07
1746589158, 1, 849, 1306, 1219, 0, 8.70%, 215, 0, 10, 16.65
1746589194, 1, 849, 1307, 1220, 0, 8.70%, 215, 0, 10, 13.11
1746589700, 1, 850, 1307, 1219, 0, 8.70%, 215, 0, 10, 31.93
1746589854, 1, 850, 1308, 1220, 0, 8.70%, 215, 0, 10, 22.80
1746589859, 1, 850, 1309, 1221, 0, 8.70%, 215, 0, 10, 22.41
1746589884, 1, 850, 1312, 1224, 0, 8.70%, 215, 0, 10, 32.94
1746589905, 1, 850, 1313, 1225, 0, 8.70%, 215, 0, 10, 41.83
1746590166, 1, 850, 1314, 1226, 0, 8.70%, 215, 0, 10, 9.63
1746590176, 1, 852, 1314, 1225, 0, 8.70%, 215, 0, 10, 24.24
1746590335, 1, 856, 1314, 1224, 0, 8.70%, 215, 0, 10, 40.98
1746590595, 1, 859, 1314, 1223, 0, 8.70%, 215, 0, 10, 34.94
1746590641, 1, 859, 1315, 1224, 0, 8.70%, 215, 0, 10, 46.66
1746590657, 1, 860, 1315, 1223, 0, 8.70%, 215, 0, 10, 39.72
1746590826, 1, 867, 1315, 1222, 0, 8.70%, 215, 0, 10, 27.24
1746591102, 1, 882, 1315, 1221, 0, 8.70%, 215, 0, 10, 36.51
1746591249, 1, 892, 1315, 1220, 0, 8.70%, 215, 0, 10, 30.30
1746591444, 1, 897, 1315, 1219, 0, 8.70%, 215, 0, 10, 27.29
1746591607, 1, 897, 1316, 1220, 0, 8.70%, 215, 0, 10, 14.21
1746591653, 1, 905, 1316, 1219, 0, 8.70%, 215, 0, 10, 29.48
1746591883, 1, 910, 1316, 1218, 0, 8.70%, 215, 0, 10, 22.85
1746592184, 1, 911, 1316, 1217, 0, 8.70%, 215, 0, 10, 36.24
1746592220, 1, 911, 1317, 1218, 0, 8.70%, 215, 0, 10, 54.81
1746592246, 1, 911, 1318, 1219, 0, 8.70%, 215, 0, 10, 64.64
1746592261, 1, 911, 1319, 1220, 0, 8.70%, 215, 0, 10, 57.78
1746592414, 1, 918, 1319, 1219, 0, 8.70%, 215, 0, 10, 43.45
1746592696, 1, 921, 1319, 1218, 0, 8.70%, 215, 0, 10, 29.49
1746592977, 1, 923, 1319, 1217, 0, 8.70%, 215, 0, 10, 28.88
1746593270, 1, 928, 1319, 1216, 0, 8.70%, 215, 0, 10, 25.76
1746593583, 1, 934, 1319, 1215, 0, 8.70%, 215, 0, 10, 21.28
1746594097, 1, 940, 1319, 1214, 0, 8.70%, 215, 0, 10, 23.95
1746594373, 1, 952, 1319, 1213, 0, 8.70%, 215, 0, 10, 28.77
1746594536, 1, 956, 1319, 1212, 0, 8.70%, 215, 0, 10, 36.06
1746594541, 1, 959, 1319, 1212, 0, 8.70%, 215, 0, 10, 29.09
1746594705, 1, 963, 1319, 1211, 0, 8.70%, 215, 0, 10, 32.30
1746594710, 1, 964, 1319, 1211, 0, 8.70%, 215, 0, 10, 32.50
1746594720, 1, 968, 1319, 1211, 0, 8.70%, 215, 0, 10, 26.21
1746594864, 1, 969, 1319, 1210, 0, 8.70%, 215, 0, 10, 31.55
1746595407, 1, 977, 1319, 1209, 0, 8.70%, 215, 0, 10, 35.15
1746595442, 1, 977, 1320, 1210, 0, 8.70%, 215, 0, 10, 49.70
1746595478, 1, 986, 1320, 1209, 0, 8.70%, 215, 0, 10, 29.70
1746595770, 1, 988, 1320, 1208, 0, 8.70%, 215, 0, 10, 28.41
1746596051, 1, 992, 1320, 1207, 0, 8.70%, 215, 0, 10, 27.22
1746596062, 1, 993, 1320, 1207, 0, 8.70%, 215, 0, 10, 30.06
1746596067, 1, 993, 1321, 1208, 0, 8.70%, 215, 0, 10, 28.64
1746596082, 1, 1002, 1321, 1208, 0, 8.70%, 215, 0, 10, 18.04
1746596364, 1, 1003, 1321, 1207, 0, 8.70%, 215, 0, 10, 17.13
1746596656, 1, 1004, 1321, 1206, 0, 8.70%, 215, 0, 10, 23.12
1746596758, 1, 1004, 1322, 1207, 0, 8.70%, 215, 0, 10, 13.74
1746596901, 1, 1004, 1323, 1208, 0, 8.70%, 215, 0, 10, 16.35
1746596973, 1, 1006, 1323, 1207, 0, 8.70%, 215, 0, 10, 29.81
1746596983, 1, 1007, 1323, 1207, 0, 8.70%, 215, 0, 10, 18.30
1746597254, 1, 1011, 1323, 1206, 0, 8.70%, 215, 0, 10, 24.78
1746597264, 1, 1011, 1324, 1207, 0, 8.70%, 215, 0, 10, 16.13
1746597351, 1, 1011, 1325, 1208, 0, 8.70%, 215, 0, 10, 14.27
1746597525, 1, 1012, 1325, 1207, 0, 8.70%, 215, 0, 10, 29.54
1746597535, 1, 1014, 1325, 1207, 0, 8.70%, 215, 0, 10, 20.72
1746597802, 1, 1015, 1325, 1206, 0, 8.70%, 215, 0, 10, 31.97
1746597807, 1, 1019, 1325, 1206, 0, 8.70%, 215, 0, 10, 29.16
1746597980, 1, 1019, 1327, 1208, 0, 8.70%, 215, 0, 10, 12.21
1746598236, 1, 1024, 1327, 1207, 0, 8.70%, 215, 0, 10, 19.39
1746598646, 1, 1031, 1327, 1206, 0, 8.70%, 215, 0, 10, 27.13
1746599071, 1, 1035, 1327, 1205, 0, 8.70%, 215, 0, 10, 27.89
1746599505, 1, 1038, 1327, 1204, 0, 8.70%, 215, 0, 10, 34.65
1746599510, 1, 1045, 1327, 1204, 0, 8.70%, 215, 0, 10, 37.32
1746599520, 1, 1050, 1327, 1204, 0, 8.70%, 215, 0, 10, 19.79
1746599811, 1, 1052, 1327, 1203, 0, 8.70%, 215, 0, 10, 27.55
1746599817, 1, 1055, 1327, 1203, 0, 8.70%, 215, 0, 10, 29.85
1746600107, 1, 1056, 1327, 1202, 0, 8.70%, 215, 0, 10, 23.88
1746600394, 1, 1061, 1327, 1201, 0, 8.70%, 215, 0, 10, 29.27
1746600404, 1, 1068, 1327, 1201, 0, 8.70%, 215, 0, 10, 30.79
1746600409, 1, 1075, 1327, 1201, 0, 8.70%, 215, 0, 10, 20.05
1746600778, 1, 1075, 1328, 1202, 0, 8.70%, 215, 0, 10, 32.69
1746600809, 1, 1079, 1328, 1201, 0, 8.70%, 215, 0, 10, 22.21
1746601173, 1, 1079, 1329, 1202, 0, 8.70%, 215, 0, 10, 30.93
1746601209, 1, 1080, 1329, 1201, 0, 8.70%, 215, 0, 10, 25.09
1746601470, 1, 1081, 1329, 1200, 0, 8.70%, 215, 0, 10, 24.04
1746601486, 1, 1081, 1330, 1201, 0, 8.70%, 215, 0, 10, 8.99
1746601496, 1, 1081, 1331, 1202, 0, 8.70%, 215, 0, 10, 7.18
1746601502, 1, 1081, 1332, 1203, 0, 8.70%, 215, 0, 10, 7.04
1746601512, 1, 1081, 1333, 1204, 0, 8.70%, 215, 0, 10, 9.23
1746601548, 1, 1081, 1334, 1205, 0, 8.70%, 215, 0, 10, 6.94
1746601594, 1, 1081, 1335, 1206, 0, 8.70%, 215, 0, 10, 7.43
1746601748, 1, 1081, 1336, 1207, 0, 8.70%, 215, 0, 10, 7.02
1746601763, 1, 1081, 1337, 1208, 0, 8.70%, 215, 0, 10, 6.82
