# unix_time, cycles_done, cur_path, paths_total, pending_total, pending_favs, map_size, unique_crashes, unique_hangs, max_depth, execs_per_sec
1746558787, 0, 0, 1, 1, 1, 4.71%, 0, 0, 1, 38.65
1746558792, 0, 0, 25, 25, 1, 4.81%, 0, 0, 2, 41.27
1746558797, 0, 0, 48, 48, 1, 4.81%, 0, 0, 2, 43.14
1746558802, 0, 0, 70, 70, 1, 4.82%, 0, 0, 2, 47.62
1746558807, 0, 0, 85, 85, 1, 5.61%, 0, 0, 2, 44.27
1746558812, 0, 0, 100, 100, 1, 5.61%, 0, 0, 2, 44.85
1746558817, 0, 0, 111, 111, 1, 5.62%, 0, 0, 2, 44.14
1746558822, 0, 0, 119, 119, 1, 6.17%, 0, 0, 2, 40.97
1746558827, 0, 0, 127, 127, 1, 6.17%, 0, 0, 2, 43.40
1746558832, 0, 0, 135, 135, 1, 6.17%, 0, 0, 2, 42.41
1746558837, 0, 0, 143, 143, 1, 6.17%, 0, 0, 2, 43.97
1746558842, 0, 0, 153, 153, 1, 6.17%, 0, 0, 2, 42.11
1746558848, 0, 0, 158, 158, 1, 6.17%, 0, 0, 2, 41.36
1746558853, 0, 0, 162, 162, 1, 6.17%, 0, 0, 2, 42.62
1746558858, 0, 0, 166, 166, 1, 6.17%, 0, 0, 2, 41.00
1746558863, 0, 0, 168, 168, 1, 6.17%, 0, 0, 2, 42.28
1746558868, 0, 0, 170, 170, 1, 6.17%, 0, 0, 2, 41.01
1746558873, 0, 0, 172, 172, 1, 6.17%, 0, 0, 2, 41.31
1746558878, 0, 0, 176, 176, 1, 6.17%, 0, 0, 2, 41.97
1746558883, 0, 0, 178, 178, 1, 6.17%, 0, 0, 2, 41.63
1746558888, 0, 0, 183, 183, 1, 6.17%, 0, 0, 2, 40.78
1746558893, 0, 0, 184, 184, 1, 6.17%, 0, 0, 2, 41.44
1746558899, 0, 0, 185, 185, 1, 6.17%, 0, 0, 2, 41.70
1746558904, 0, 0, 188, 188, 1, 6.17%, 0, 0, 2, 41.09
1746558909, 0, 0, 189, 189, 1, 6.20%, 0, 0, 2, 33.28
1746558914, 0, 0, 192, 192, 1, 6.20%, 0, 0, 2, 41.10
1746558919, 0, 0, 194, 194, 1, 6.20%, 0, 0, 2, 41.39
1746558924, 0, 0, 195, 195, 1, 6.20%, 0, 0, 2, 22.43
1746558929, 0, 0, 198, 198, 1, 6.20%, 0, 0, 2, 34.80
1746558934, 0, 0, 201, 201, 1, 6.20%, 0, 0, 2, 39.89
1746558939, 0, 0, 205, 205, 1, 6.20%, 0, 0, 2, 39.72
1746558944, 0, 0, 208, 208, 1, 6.20%, 0, 0, 2, 39.93
1746558954, 0, 0, 211, 211, 1, 6.20%, 0, 0, 2, 35.93
1746558970, 0, 0, 212, 212, 1, 6.27%, 0, 0, 2, 40.69
1746558975, 0, 0, 213, 213, 1, 6.27%, 0, 0, 2, 41.29
1746558980, 0, 0, 215, 215, 1, 6.27%, 0, 0, 2, 40.91
1746558985, 0, 0, 216, 216, 1, 6.27%, 0, 0, 2, 41.02
1746558990, 0, 0, 217, 217, 1, 6.27%, 0, 0, 2, 40.83
1746558995, 0, 14, 220, 219, 9, 6.27%, 0, 0, 2, 43.65
1746559000, 0, 14, 222, 221, 9, 6.27%, 0, 0, 3, 43.47
1746559005, 0, 14, 224, 223, 9, 6.27%, 0, 0, 3, 40.44
1746559010, 0, 14, 225, 224, 9, 6.27%, 0, 0, 3, 40.00
1746559015, 0, 14, 227, 226, 9, 6.27%, 0, 0, 3, 42.10
1746559020, 0, 14, 228, 227, 9, 6.27%, 0, 0, 3, 42.42
1746559026, 0, 14, 230, 229, 9, 6.27%, 0, 0, 3, 43.55
1746559031, 0, 14, 231, 230, 9, 6.27%, 0, 0, 3, 43.54
1746559036, 0, 14, 234, 233, 9, 6.27%, 0, 0, 3, 43.26
1746559041, 0, 14, 235, 234, 9, 6.28%, 0, 0, 3, 44.54
1746559046, 0, 14, 236, 235, 9, 6.28%, 0, 0, 3, 44.95
1746559056, 0, 14, 239, 238, 9, 6.30%, 0, 0, 3, 41.46
1746559061, 0, 14, 241, 240, 9, 6.30%, 0, 0, 3, 43.24
1746559066, 0, 14, 244, 243, 9, 6.30%, 0, 0, 3, 44.58
1746559071, 0, 14, 245, 244, 9, 6.30%, 0, 0, 3, 42.37
1746559076, 0, 14, 246, 245, 9, 6.30%, 0, 0, 3, 44.04
1746559086, 0, 14, 249, 248, 9, 6.30%, 0, 0, 3, 43.85
1746559091, 0, 14, 250, 249, 9, 6.30%, 0, 0, 3, 43.33
1746559107, 0, 14, 252, 251, 9, 6.30%, 0, 0, 3, 42.68
1746559112, 0, 14, 254, 253, 9, 6.30%, 0, 0, 3, 37.33
1746559117, 0, 14, 255, 254, 9, 6.30%, 0, 0, 3, 43.12
1746559137, 0, 14, 256, 255, 9, 6.30%, 0, 0, 3, 44.13
1746559142, 0, 14, 257, 256, 9, 6.30%, 0, 0, 3, 45.95
1746559152, 0, 14, 261, 260, 9, 6.30%, 0, 0, 3, 44.41
1746559157, 0, 57, 262, 260, 9, 6.30%, 0, 0, 3, 44.90
1746559162, 0, 57, 265, 263, 9, 6.30%, 0, 0, 3, 43.24
1746559167, 0, 57, 267, 265, 9, 6.30%, 0, 0, 3, 44.23
1746559178, 0, 57, 268, 266, 9, 6.30%, 0, 0, 3, 43.66
1746559183, 0, 57, 270, 268, 9, 6.30%, 0, 0, 3, 43.24
1746559188, 0, 57, 271, 269, 9, 6.30%, 0, 0, 3, 43.37
1746559198, 0, 57, 273, 271, 9, 6.30%, 0, 0, 3, 44.29
1746559203, 0, 57, 274, 272, 9, 6.30%, 0, 0, 3, 44.13
1746559208, 0, 57, 275, 273, 9, 6.30%, 0, 0, 3, 44.21
1746559213, 0, 57, 276, 274, 9, 6.30%, 0, 0, 3, 43.34
1746559218, 0, 57, 277, 275, 9, 6.30%, 0, 0, 3, 8.31
1746559223, 0, 57, 278, 276, 9, 6.30%, 0, 0, 3, 28.28
1746559233, 0, 57, 279, 277, 9, 6.30%, 0, 0, 3, 44.66
1746559238, 0, 57, 281, 279, 9, 6.30%, 0, 0, 3, 43.79
1746559244, 0, 57, 282, 280, 9, 6.30%, 0, 0, 3, 44.38
1746559254, 0, 57, 284, 282, 9, 6.30%, 0, 0, 3, 44.72
1746559259, 0, 57, 285, 283, 9, 6.30%, 0, 0, 3, 44.75
1746559274, 0, 57, 287, 285, 9, 6.30%, 0, 0, 3, 45.19
1746559279, 0, 77, 296, 293, 12, 6.30%, 0, 0, 3, 31.73
1746559284, 0, 77, 305, 302, 12, 6.30%, 0, 0, 3, 26.37
1746559289, 0, 77, 315, 312, 12, 6.30%, 0, 0, 3, 23.73
1746559294, 0, 77, 321, 318, 12, 6.30%, 0, 0, 3, 28.61
1746559300, 0, 77, 324, 321, 12, 6.30%, 0, 0, 3, 32.19
1746559305, 0, 77, 339, 336, 12, 6.31%, 0, 0, 3, 26.43
1746559310, 0, 77, 352, 349, 12, 6.31%, 0, 0, 3, 25.20
1746559315, 0, 77, 366, 363, 12, 6.31%, 0, 0, 3, 24.91
1746559320, 0, 77, 371, 368, 12, 6.31%, 0, 0, 3, 29.15
1746559325, 0, 77, 377, 374, 12, 6.31%, 0, 0, 3, 31.72
1746559330, 0, 77, 385, 382, 12, 6.31%, 0, 0, 3, 30.48
1746559335, 0, 77, 389, 386, 12, 6.31%, 0, 0, 3, 36.45
1746559340, 0, 77, 391, 388, 12, 6.31%, 0, 0, 3, 35.82
1746559346, 0, 77, 394, 391, 12, 6.31%, 0, 0, 3, 35.01
1746559351, 0, 77, 397, 394, 12, 6.31%, 0, 0, 3, 37.78
1746559356, 0, 77, 398, 395, 12, 6.31%, 0, 0, 3, 38.15
1746559361, 0, 77, 401, 398, 12, 6.31%, 0, 0, 3, 35.23
1746559366, 0, 77, 403, 400, 12, 6.31%, 0, 0, 3, 33.70
1746559376, 0, 77, 405, 402, 12, 6.31%, 0, 0, 3, 37.58
1746559381, 0, 77, 407, 404, 12, 6.31%, 0, 0, 3, 36.15
1746559386, 0, 77, 409, 406, 12, 6.31%, 0, 0, 3, 31.51
1746559392, 0, 77, 413, 410, 12, 6.31%, 0, 0, 3, 32.41
1746559397, 0, 77, 414, 411, 12, 6.31%, 0, 0, 3, 36.18
1746559402, 0, 77, 418, 415, 12, 6.31%, 0, 0, 3, 35.27
1746559407, 0, 77, 420, 417, 12, 6.31%, 0, 0, 3, 38.28
1746559412, 0, 77, 423, 420, 12, 6.31%, 0, 0, 3, 32.78
1746559417, 0, 77, 426, 423, 12, 6.31%, 0, 0, 3, 30.04
1746559422, 0, 77, 429, 426, 12, 6.31%, 0, 0, 3, 32.39
1746559427, 0, 77, 434, 431, 12, 6.31%, 0, 0, 3, 32.29
1746559432, 0, 77, 435, 432, 12, 6.31%, 0, 0, 3, 38.29
1746559438, 0, 77, 436, 433, 12, 6.31%, 0, 0, 3, 37.53
1746559443, 0, 77, 438, 435, 12, 6.32%, 0, 0, 3, 37.52
1746559448, 0, 77, 441, 438, 12, 6.32%, 0, 0, 3, 36.40
1746559453, 0, 77, 443, 440, 12, 6.32%, 0, 0, 3, 39.33
1746559458, 0, 77, 445, 442, 12, 6.32%, 0, 0, 3, 35.92
1746559463, 0, 77, 447, 444, 12, 6.32%, 0, 0, 3, 33.52
1746559468, 0, 77, 449, 446, 12, 6.32%, 0, 0, 3, 32.96
1746559473, 0, 77, 451, 448, 12, 6.32%, 0, 0, 3, 35.47
1746559478, 0, 77, 452, 449, 12, 6.32%, 0, 0, 3, 39.70
1746559484, 0, 77, 456, 453, 12, 6.32%, 0, 0, 3, 37.55
1746559489, 0, 77, 458, 455, 12, 6.32%, 0, 0, 3, 36.39
1746559494, 0, 77, 459, 456, 12, 6.32%, 0, 0, 3, 31.56
1746559499, 0, 77, 461, 458, 12, 6.32%, 0, 0, 3, 35.46
1746559504, 0, 77, 464, 461, 12, 6.32%, 0, 0, 3, 6.42
1746559509, 0, 77, 465, 462, 12, 6.32%, 0, 0, 3, 38.03
1746559520, 0, 77, 467, 464, 12, 6.32%, 0, 0, 3, 33.31
1746559525, 0, 77, 468, 465, 12, 6.32%, 0, 0, 3, 38.28
1746559530, 0, 77, 470, 467, 12, 6.32%, 0, 0, 3, 35.46
1746559535, 0, 77, 472, 469, 12, 6.32%, 0, 0, 3, 36.96
1746559540, 0, 77, 473, 470, 12, 6.32%, 0, 0, 3, 37.79
1746559545, 0, 116, 477, 473, 14, 6.32%, 0, 0, 3, 30.41
1746559550, 0, 116, 483, 479, 14, 6.32%, 0, 0, 3, 16.78
1746559555, 0, 116, 489, 485, 14, 6.32%, 0, 0, 3, 15.87
1746559561, 0, 116, 493, 489, 14, 6.32%, 0, 0, 3, 15.90
1746559566, 0, 116, 499, 495, 14, 6.32%, 0, 0, 3, 11.06
1746559571, 0, 116, 503, 499, 14, 6.32%, 0, 0, 3, 16.92
1746559576, 0, 116, 507, 503, 14, 6.32%, 0, 0, 3, 21.16
1746559581, 0, 116, 511, 507, 14, 6.32%, 0, 0, 3, 14.75
1746559586, 0, 116, 515, 511, 14, 6.32%, 0, 0, 3, 11.53
1746559591, 0, 116, 519, 515, 14, 6.32%, 0, 0, 3, 10.02
1746559597, 0, 116, 523, 519, 14, 6.32%, 0, 0, 3, 9.56
1746559602, 0, 116, 527, 523, 14, 6.32%, 0, 0, 3, 10.43
1746559607, 0, 116, 532, 528, 14, 6.32%, 0, 0, 3, 11.35
1746559612, 0, 116, 539, 535, 14, 6.32%, 0, 0, 3, 13.47
1746559617, 0, 116, 541, 537, 14, 6.32%, 0, 0, 3, 14.31
1746559622, 0, 116, 544, 540, 14, 6.32%, 0, 0, 3, 10.32
1746559627, 0, 116, 547, 543, 14, 6.32%, 0, 0, 3, 12.82
1746559633, 0, 116, 552, 548, 14, 6.32%, 0, 0, 3, 20.29
1746559638, 0, 116, 558, 554, 14, 6.32%, 0, 0, 3, 16.88
1746559643, 0, 116, 560, 556, 14, 6.32%, 0, 0, 3, 30.15
1746559648, 0, 116, 564, 560, 14, 6.32%, 0, 0, 3, 26.40
1746559653, 0, 116, 567, 563, 14, 6.32%, 0, 0, 3, 27.36
1746559658, 0, 116, 569, 565, 14, 6.32%, 0, 0, 3, 28.02
1746559663, 0, 116, 572, 568, 14, 6.32%, 0, 0, 3, 23.89
1746559669, 0, 116, 573, 569, 14, 6.32%, 0, 0, 3, 29.54
1746559674, 0, 116, 574, 570, 14, 6.32%, 0, 0, 3, 31.78
1746559684, 0, 116, 576, 572, 14, 6.32%, 0, 0, 3, 34.94
1746559694, 0, 116, 577, 573, 14, 6.32%, 0, 0, 3, 33.65
1746559700, 0, 116, 580, 576, 14, 6.32%, 0, 0, 3, 28.48
1746559705, 0, 116, 582, 578, 14, 6.32%, 0, 0, 3, 6.39
1746559710, 0, 116, 584, 580, 14, 6.32%, 0, 0, 3, 34.03
1746559715, 0, 116, 587, 583, 14, 6.32%, 0, 0, 3, 28.66
1746559720, 0, 116, 590, 586, 14, 6.32%, 0, 0, 3, 33.34
1746559725, 0, 116, 591, 587, 14, 6.32%, 0, 0, 3, 38.31
1746559730, 0, 116, 593, 589, 14, 6.32%, 0, 0, 3, 36.02
1746559736, 0, 116, 595, 591, 14, 6.32%, 0, 0, 3, 31.47
1746559741, 0, 116, 597, 593, 14, 6.32%, 0, 0, 3, 6.51
1746559756, 0, 116, 599, 595, 14, 6.32%, 0, 0, 3, 29.23
1746559766, 0, 116, 600, 596, 14, 6.32%, 0, 0, 3, 35.16
1746559771, 0, 116, 601, 597, 14, 6.32%, 0, 0, 3, 36.38
1746559776, 0, 116, 603, 599, 14, 6.32%, 0, 0, 3, 31.67
1746559782, 0, 116, 606, 602, 14, 6.32%, 0, 0, 3, 25.53
1746559787, 0, 116, 609, 605, 14, 6.32%, 0, 0, 3, 22.99
1746559792, 0, 116, 611, 607, 14, 6.32%, 0, 0, 3, 24.46
1746559797, 0, 116, 613, 609, 14, 6.32%, 0, 0, 3, 22.14
1746559802, 0, 116, 614, 610, 14, 6.32%, 0, 0, 3, 28.83
1746559807, 0, 116, 615, 611, 14, 6.32%, 0, 0, 3, 28.66
1746559812, 0, 116, 616, 612, 14, 6.32%, 0, 0, 3, 33.19
1746559818, 0, 116, 617, 613, 14, 6.32%, 0, 0, 3, 28.69
1746559823, 0, 116, 619, 615, 14, 6.32%, 0, 0, 3, 30.59
1746559828, 0, 116, 620, 616, 14, 6.32%, 0, 0, 3, 34.53
1746559843, 0, 116, 621, 617, 14, 6.32%, 0, 0, 3, 32.62
1746559848, 0, 116, 622, 618, 14, 6.32%, 0, 0, 3, 34.05
1746559853, 0, 116, 623, 619, 14, 6.32%, 0, 0, 3, 29.31
1746559874, 0, 153, 623, 618, 14, 6.32%, 0, 0, 3, 42.81
1746559884, 0, 161, 624, 618, 14, 6.32%, 0, 0, 3, 36.95
1746559889, 0, 161, 626, 620, 14, 6.32%, 0, 0, 3, 28.14
1746559894, 0, 161, 627, 621, 14, 6.32%, 0, 0, 3, 27.47
1746559899, 0, 161, 628, 622, 14, 6.32%, 0, 0, 3, 27.91
1746559915, 0, 161, 630, 624, 14, 6.32%, 0, 0, 3, 29.19
1746559920, 0, 161, 631, 625, 14, 6.32%, 0, 0, 3, 31.36
1746559925, 0, 161, 632, 626, 14, 6.32%, 0, 0, 3, 28.48
1746559930, 0, 161, 633, 627, 14, 6.32%, 0, 0, 3, 27.49
1746559935, 0, 161, 634, 628, 14, 6.32%, 0, 0, 3, 29.31
1746559950, 0, 161, 635, 629, 14, 6.32%, 0, 0, 3, 26.53
1746559965, 0, 161, 637, 631, 14, 6.32%, 0, 0, 3, 23.38
1746559981, 0, 161, 639, 633, 14, 6.32%, 0, 0, 3, 29.76
1746560001, 0, 161, 640, 634, 14, 6.32%, 0, 0, 3, 29.60
1746560088, 0, 161, 641, 635, 14, 6.32%, 0, 0, 3, 32.04
1746560150, 0, 161, 642, 636, 14, 6.32%, 0, 0, 3, 31.69
1746560170, 0, 161, 643, 637, 14, 6.32%, 0, 0, 3, 31.75
1746560176, 0, 161, 644, 638, 14, 6.32%, 0, 0, 3, 31.73
1746560181, 0, 161, 646, 640, 14, 6.32%, 0, 0, 3, 25.10
1746560186, 0, 161, 647, 641, 14, 6.32%, 0, 0, 3, 5.48
1746560211, 0, 161, 648, 642, 14, 6.32%, 0, 0, 3, 35.16
1746560216, 0, 161, 649, 643, 14, 6.32%, 0, 0, 3, 35.26
1746560227, 0, 161, 651, 645, 14, 6.33%, 0, 0, 3, 31.40
1746560242, 0, 161, 652, 646, 14, 6.33%, 0, 0, 3, 35.79
1746560252, 0, 161, 653, 647, 14, 6.33%, 0, 0, 3, 34.34
1746560262, 0, 161, 655, 649, 14, 6.33%, 0, 0, 3, 33.52
1746560278, 0, 161, 656, 650, 14, 6.33%, 0, 0, 3, 34.58
1746560288, 0, 161, 657, 651, 14, 6.33%, 0, 0, 3, 34.85
1746560303, 0, 161, 658, 652, 14, 6.33%, 0, 0, 3, 4.12
1746560319, 0, 161, 659, 653, 14, 6.33%, 0, 0, 3, 30.93
1746560334, 0, 161, 660, 654, 14, 6.33%, 0, 0, 3, 38.26
1746560344, 0, 161, 661, 655, 14, 6.33%, 0, 0, 3, 34.33
1746560365, 0, 161, 662, 656, 14, 6.33%, 0, 0, 3, 5.14
1746560375, 0, 185, 662, 655, 16, 6.33%, 0, 0, 3, 35.84
1746560452, 0, 185, 663, 656, 16, 6.33%, 0, 0, 3, 36.99
1746560477, 0, 232, 663, 655, 16, 6.33%, 0, 0, 3, 40.45
1746560483, 0, 232, 664, 656, 16, 6.33%, 0, 0, 4, 40.47
1746560498, 0, 236, 664, 655, 16, 6.33%, 0, 0, 4, 35.04
1746560503, 0, 236, 669, 660, 16, 6.33%, 0, 0, 4, 18.11
1746560508, 0, 236, 673, 664, 16, 6.33%, 0, 0, 4, 12.61
1746560513, 0, 236, 677, 668, 16, 6.33%, 0, 0, 4, 11.36
1746560518, 0, 236, 678, 669, 16, 6.33%, 0, 0, 4, 11.40
1746560523, 0, 236, 679, 670, 16, 6.33%, 0, 0, 4, 12.26
1746560528, 0, 236, 682, 673, 16, 6.33%, 0, 0, 4, 14.19
1746560533, 0, 236, 683, 674, 16, 6.33%, 0, 0, 4, 12.78
1746560544, 0, 236, 684, 675, 16, 6.33%, 0, 0, 4, 16.98
1746560549, 0, 236, 686, 677, 16, 6.33%, 0, 0, 4, 12.66
1746560554, 0, 236, 688, 679, 16, 6.33%, 0, 0, 4, 10.49
1746560564, 0, 236, 689, 680, 16, 6.33%, 0, 0, 4, 11.19
1746560569, 0, 236, 692, 683, 16, 6.33%, 0, 0, 4, 9.45
1746560575, 0, 236, 693, 684, 16, 6.33%, 0, 0, 4, 8.21
1746560600, 0, 236, 694, 685, 16, 6.33%, 0, 0, 4, 10.22
1746560605, 0, 236, 695, 686, 16, 6.33%, 0, 0, 4, 10.40
1746560615, 0, 236, 696, 687, 16, 6.33%, 0, 0, 4, 10.36
1746560641, 0, 236, 697, 688, 16, 6.33%, 0, 0, 4, 11.06
1746560646, 0, 236, 698, 689, 16, 6.33%, 0, 0, 4, 10.94
1746560651, 0, 236, 699, 690, 16, 6.33%, 0, 0, 4, 10.60
1746560667, 0, 236, 700, 691, 16, 6.33%, 0, 0, 4, 9.94
1746560749, 0, 236, 701, 692, 16, 6.33%, 0, 0, 4, 9.29
1746560774, 0, 236, 703, 694, 16, 6.33%, 0, 0, 4, 12.56
1746560779, 0, 236, 704, 695, 16, 6.33%, 0, 0, 4, 11.26
1746560789, 0, 236, 705, 696, 16, 6.33%, 0, 0, 4, 17.39
1746560794, 0, 236, 706, 697, 16, 6.33%, 0, 0, 4, 11.88
1746560800, 0, 236, 707, 698, 16, 6.33%, 0, 0, 4, 11.06
1746560805, 0, 236, 708, 699, 16, 6.33%, 0, 0, 4, 11.01
1746560841, 0, 236, 709, 700, 16, 6.33%, 0, 0, 4, 20.29
1746560851, 0, 236, 710, 701, 16, 6.33%, 0, 0, 4, 10.17
1746560856, 0, 236, 712, 703, 16, 6.33%, 0, 0, 4, 9.22
1746560861, 0, 236, 713, 704, 16, 6.33%, 0, 0, 4, 9.96
1746560866, 0, 236, 714, 705, 16, 6.33%, 0, 0, 4, 10.67
1746560902, 0, 236, 717, 708, 16, 6.33%, 0, 0, 4, 9.92
1746560933, 0, 236, 718, 709, 16, 6.33%, 0, 0, 4, 13.27
1746560938, 0, 236, 721, 712, 16, 6.33%, 0, 0, 4, 18.20
1746560943, 0, 236, 722, 713, 16, 6.33%, 0, 0, 4, 24.68
1746560948, 0, 236, 723, 714, 16, 6.33%, 0, 0, 4, 26.56
1746560953, 0, 236, 724, 715, 16, 6.33%, 0, 0, 4, 22.79
1746560969, 0, 236, 727, 718, 16, 6.55%, 0, 0, 4, 18.87
1746560974, 0, 236, 728, 719, 16, 6.55%, 0, 0, 4, 22.09
1746560984, 0, 236, 729, 720, 16, 6.55%, 0, 0, 4, 5.59
1746560989, 0, 236, 730, 721, 16, 6.55%, 0, 0, 4, 19.58
1746560994, 0, 236, 732, 723, 16, 6.55%, 0, 0, 4, 18.52
1746561025, 0, 236, 733, 724, 16, 6.55%, 0, 0, 4, 26.21
1746561030, 0, 236, 734, 725, 16, 6.55%, 0, 0, 4, 27.04
1746561035, 0, 236, 736, 727, 16, 6.55%, 0, 0, 4, 17.56
1746561040, 0, 236, 737, 728, 16, 6.55%, 0, 0, 4, 22.00
1746561050, 0, 236, 738, 729, 16, 6.55%, 0, 0, 4, 21.70
1746561061, 0, 236, 739, 730, 16, 6.55%, 0, 0, 4, 28.52
1746561086, 0, 236, 740, 731, 16, 6.55%, 0, 0, 4, 29.87
1746561117, 0, 236, 741, 732, 16, 6.55%, 0, 0, 4, 4.40
1746561127, 0, 236, 743, 734, 16, 6.55%, 0, 0, 4, 25.52
1746561137, 0, 238, 743, 733, 12, 6.55%, 0, 0, 4, 26.91
1746561152, 0, 258, 743, 732, 11, 6.55%, 0, 0, 4, 38.68
1746561189, 0, 258, 744, 733, 11, 6.55%, 0, 0, 4, 35.67
1746561204, 0, 334, 744, 732, 11, 6.55%, 0, 0, 4, 34.77
1746561209, 0, 334, 745, 733, 11, 6.55%, 0, 0, 4, 33.68
1746561234, 0, 339, 745, 732, 10, 6.55%, 0, 0, 4, 37.54
1746561270, 0, 363, 745, 731, 10, 6.55%, 0, 0, 4, 33.12
1746561301, 0, 460, 746, 731, 10, 6.55%, 0, 0, 4, 26.18
1746561306, 0, 460, 747, 732, 10, 6.55%, 0, 0, 4, 19.86
1746561311, 0, 460, 748, 733, 10, 6.55%, 0, 0, 4, 18.23
1746561316, 0, 460, 750, 735, 10, 6.55%, 0, 0, 4, 14.03
1746561347, 0, 460, 752, 737, 10, 6.55%, 0, 0, 4, 15.38
1746561352, 0, 460, 757, 742, 10, 6.55%, 0, 0, 4, 15.16
1746561383, 0, 460, 758, 743, 10, 6.55%, 0, 0, 4, 21.99
1746561408, 0, 506, 758, 742, 10, 6.55%, 0, 0, 4, 24.30
1746561454, 0, 523, 758, 741, 9, 6.55%, 0, 0, 4, 19.08
1746561495, 0, 523, 759, 742, 9, 6.55%, 0, 0, 4, 30.47
1746561505, 0, 591, 759, 741, 9, 6.55%, 0, 0, 4, 36.14
1746561511, 0, 591, 760, 742, 9, 6.55%, 0, 0, 4, 37.06
1746561521, 0, 634, 760, 741, 8, 6.55%, 0, 0, 4, 26.93
1746561983, 0, 639, 760, 740, 8, 6.55%, 0, 0, 4, 32.54
1746562260, 0, 657, 760, 739, 7, 6.55%, 0, 0, 4, 4.91
1746562281, 0, 657, 761, 740, 7, 6.55%, 0, 0, 4, 2.32
1746562286, 0, 657, 762, 741, 7, 6.55%, 0, 0, 4, 2.35
1746562297, 0, 657, 763, 742, 7, 6.55%, 0, 0, 4, 1.87
1746562314, 0, 657, 764, 743, 7, 6.55%, 0, 0, 4, 1.59
1746562367, 0, 657, 765, 744, 7, 6.55%, 0, 0, 4, 1.48
1746562378, 0, 657, 766, 745, 7, 6.55%, 0, 0, 4, 1.48
1746562399, 0, 657, 767, 746, 7, 6.55%, 0, 0, 4, 1.49
1746562824, 0, 657, 768, 747, 7, 6.55%, 0, 0, 4, 1.51
1746562965, 0, 657, 769, 748, 7, 6.55%, 0, 0, 4, 1.48
1746562971, 0, 657, 770, 749, 7, 6.55%, 0, 0, 4, 1.49
1746563052, 0, 657, 771, 750, 7, 6.55%, 0, 0, 4, 1.48
1746563118, 0, 657, 772, 751, 7, 6.55%, 0, 0, 4, 1.48
1746563484, 0, 657, 773, 752, 7, 6.55%, 0, 0, 4, 1.48
1746563489, 0, 657, 774, 753, 7, 6.55%, 0, 0, 4, 1.49
1746563495, 0, 657, 775, 754, 7, 6.55%, 0, 0, 4, 1.50
1746563544, 0, 657, 776, 755, 7, 6.55%, 0, 0, 4, 1.46
1746563934, 0, 657, 777, 756, 7, 6.55%, 0, 0, 4, 1.83
1746563945, 0, 657, 778, 757, 7, 6.55%, 0, 0, 4, 1.63
1746563950, 0, 657, 779, 758, 7, 6.55%, 0, 0, 4, 1.55
1746563960, 0, 657, 780, 759, 7, 6.55%, 0, 0, 4, 1.46
1746563965, 0, 657, 781, 760, 7, 6.55%, 0, 0, 4, 1.43
1746563987, 0, 657, 782, 761, 7, 6.55%, 0, 0, 4, 1.41
1746564003, 0, 657, 783, 762, 7, 6.55%, 0, 0, 4, 1.39
1746564029, 0, 657, 784, 763, 7, 6.55%, 0, 0, 4, 1.50
1746564045, 0, 657, 785, 764, 7, 6.55%, 0, 0, 4, 1.42
1746564056, 0, 657, 786, 765, 7, 6.55%, 0, 0, 4, 1.34
1746564062, 0, 657, 787, 766, 7, 6.55%, 0, 0, 4, 1.32
1746564072, 0, 657, 788, 767, 7, 6.55%, 0, 0, 4, 1.33
1746564087, 0, 657, 789, 768, 7, 6.55%, 0, 0, 4, 1.37
1746564109, 0, 657, 790, 769, 7, 6.55%, 0, 0, 4, 1.48
1746564114, 0, 657, 791, 770, 7, 6.55%, 0, 0, 4, 1.60
1746564125, 0, 657, 792, 771, 7, 6.55%, 0, 0, 4, 1.49
1746565177, 0, 657, 793, 772, 7, 6.55%, 0, 0, 4, 1.46
1746567959, 0, 657, 794, 773, 7, 6.55%, 0, 0, 4, 1.39
1746567970, 0, 657, 795, 774, 7, 6.55%, 0, 0, 4, 1.38
1746569176, 0, 657, 796, 775, 7, 6.55%, 0, 0, 4, 1.58
1746569876, 0, 657, 797, 776, 7, 6.55%, 0, 0, 4, 1.38
1746569881, 0, 657, 798, 777, 7, 6.55%, 0, 0, 4, 1.36
1746570109, 0, 657, 799, 778, 7, 6.55%, 0, 0, 4, 1.70
1746570387, 0, 657, 800, 779, 7, 6.55%, 0, 0, 4, 1.57
1746570469, 0, 657, 801, 780, 7, 6.55%, 0, 0, 4, 1.46
1746570644, 0, 657, 802, 781, 7, 6.55%, 0, 0, 4, 2.11
1746570930, 0, 657, 803, 782, 7, 6.55%, 0, 0, 4, 1.52
1746571148, 0, 657, 804, 783, 7, 6.55%, 0, 0, 4, 1.45
1746571832, 0, 657, 805, 784, 7, 6.55%, 0, 0, 4, 1.53
1746571837, 0, 657, 806, 785, 7, 6.55%, 0, 0, 4, 1.55
1746572485, 0, 657, 807, 786, 7, 6.55%, 0, 0, 4, 1.51
1746572521, 0, 657, 808, 787, 7, 6.55%, 0, 0, 4, 1.55
1746572526, 0, 657, 809, 788, 7, 6.55%, 0, 0, 4, 1.57
1746572750, 0, 657, 810, 789, 7, 6.55%, 0, 0, 4, 1.47
1746572846, 0, 657, 811, 790, 7, 6.55%, 0, 0, 4, 1.43
1746574120, 0, 657, 812, 791, 7, 6.55%, 0, 0, 4, 1.69
1746574126, 0, 657, 813, 792, 7, 6.55%, 0, 0, 4, 1.69
1746574238, 0, 657, 814, 793, 7, 6.55%, 0, 0, 4, 1.40
1746574749, 0, 657, 815, 794, 7, 6.55%, 0, 0, 4, 1.68
1746574761, 0, 657, 816, 795, 7, 6.60%, 0, 0, 4, 1.57
1746574766, 0, 657, 817, 796, 7, 6.60%, 0, 0, 4, 1.83
1746574777, 0, 657, 818, 797, 7, 6.60%, 0, 0, 4, 1.47
1746574809, 0, 657, 819, 798, 7, 6.60%, 0, 0, 4, 2.55
1746574814, 0, 657, 820, 799, 7, 6.60%, 0, 0, 4, 2.52
1746574830, 0, 657, 821, 800, 7, 6.60%, 0, 0, 4, 2.27
1746574835, 0, 657, 822, 801, 7, 6.60%, 0, 0, 4, 1.61
1746574846, 0, 657, 823, 802, 7, 6.60%, 0, 0, 4, 1.44
1746574851, 0, 657, 824, 803, 7, 6.60%, 0, 0, 4, 1.45
1746574873, 0, 657, 825, 804, 7, 6.60%, 0, 0, 4, 3.18
1746574889, 0, 657, 826, 805, 7, 6.60%, 0, 0, 4, 2.08
1746574905, 0, 657, 827, 806, 7, 6.60%, 0, 0, 4, 1.67
1746574922, 0, 657, 828, 807, 7, 6.60%, 0, 0, 4, 1.14
1746574933, 0, 657, 829, 808, 7, 6.60%, 0, 0, 4, 8.74
1746574960, 0, 657, 830, 809, 7, 6.60%, 0, 0, 4, 1.60
1746574970, 0, 657, 831, 810, 7, 6.60%, 0, 0, 4, 2.86
1746574998, 0, 657, 832, 811, 7, 6.60%, 0, 0, 4, 2.95
1746575009, 0, 657, 833, 812, 7, 6.60%, 0, 1, 4, 2.67
1746575025, 0, 657, 834, 813, 7, 6.60%, 0, 1, 4, 2.04
1746575036, 0, 657, 835, 814, 7, 6.60%, 0, 2, 4, 7.70
1746575052, 0, 657, 835, 814, 7, 6.60%, 0, 3, 4, 5.41
1746575057, 0, 657, 836, 815, 7, 6.60%, 0, 3, 4, 4.29
1746575068, 0, 657, 836, 815, 7, 6.60%, 0, 4, 4, 1.23
1746575073, 0, 657, 836, 815, 7, 6.60%, 0, 5, 4, 1.64
1746575078, 0, 657, 837, 816, 7, 6.60%, 0, 5, 4, 1.95
1746575115, 0, 657, 837, 816, 7, 6.60%, 0, 7, 4, 3.13
1746575120, 0, 657, 838, 817, 7, 6.60%, 0, 7, 4, 3.02
1746575136, 0, 657, 838, 817, 7, 6.60%, 0, 8, 4, 2.71
1746575147, 0, 657, 838, 817, 7, 6.60%, 0, 9, 4, 3.47
1746575179, 0, 657, 838, 817, 7, 6.60%, 0, 10, 4, 1.49
1746575184, 0, 657, 839, 818, 7, 6.60%, 0, 10, 4, 6.91
1746575200, 0, 657, 839, 818, 7, 6.60%, 0, 11, 4, 3.05
1746575215, 0, 657, 840, 819, 7, 6.60%, 0, 11, 4, 9.37
1746575226, 0, 657, 841, 820, 7, 6.60%, 0, 11, 4, 1.91
1746575258, 0, 657, 841, 820, 7, 6.60%, 0, 12, 4, 1.04
1746575268, 0, 657, 842, 821, 7, 6.60%, 0, 12, 4, 1.47
1746575280, 0, 657, 842, 821, 7, 6.60%, 0, 13, 4, 13.79
1746575376, 0, 657, 842, 821, 7, 6.60%, 0, 14, 4, 1.95
1746575386, 0, 657, 843, 822, 7, 6.60%, 0, 15, 4, 10.19
1746575392, 0, 657, 844, 823, 7, 6.60%, 0, 15, 4, 1.63
1746575409, 0, 657, 845, 824, 7, 6.60%, 0, 15, 4, 1.25
1746575480, 0, 657, 845, 824, 7, 6.60%, 0, 16, 4, 2.13
1746575501, 0, 657, 845, 824, 7, 6.60%, 0, 17, 4, 3.97
1746575565, 0, 657, 845, 824, 7, 6.60%, 0, 18, 4, 2.86
1746575571, 0, 657, 846, 825, 7, 6.60%, 0, 18, 4, 2.32
1746575581, 0, 657, 846, 825, 7, 6.60%, 0, 19, 4, 7.98
1746575592, 0, 657, 846, 825, 7, 6.60%, 0, 20, 4, 2.47
1746575597, 0, 657, 846, 825, 7, 6.60%, 0, 21, 4, 1.16
1746575624, 0, 657, 847, 826, 7, 6.60%, 0, 21, 4, 5.27
1746575635, 0, 657, 848, 827, 7, 6.60%, 0, 21, 4, 1.85
1746575646, 0, 657, 848, 827, 7, 6.60%, 0, 22, 4, 2.55
1746575688, 0, 657, 848, 827, 7, 6.60%, 0, 23, 4, 2.60
1746575731, 0, 657, 849, 828, 7, 6.60%, 0, 23, 4, 2.53
1746575736, 0, 657, 849, 828, 7, 6.60%, 0, 24, 4, 2.32
1746575741, 0, 657, 849, 828, 7, 6.60%, 0, 25, 4, 2.34
1746575752, 0, 657, 850, 829, 7, 6.60%, 0, 25, 4, 2.55
1746575773, 0, 657, 850, 829, 7, 6.60%, 0, 26, 4, 1.50
1746575779, 0, 657, 851, 830, 7, 6.60%, 0, 26, 4, 1.26
1746575838, 0, 657, 851, 830, 7, 6.60%, 0, 28, 4, 1.73
1746575902, 0, 657, 852, 831, 7, 6.60%, 0, 28, 4, 1.56
1746575930, 0, 657, 852, 831, 7, 6.60%, 0, 29, 4, 3.96
1746575941, 0, 657, 852, 831, 7, 6.60%, 0, 30, 4, 3.61
1746575984, 0, 657, 852, 831, 7, 6.60%, 0, 31, 4, 2.51
1746575995, 0, 657, 852, 831, 7, 6.60%, 0, 32, 4, 3.38
1746576005, 0, 657, 852, 831, 7, 6.60%, 0, 33, 4, 3.22
1746576064, 0, 657, 852, 831, 7, 6.60%, 0, 34, 4, 2.08
1746576076, 0, 657, 852, 831, 7, 6.60%, 0, 35, 4, 1.60
1746576086, 0, 657, 852, 831, 7, 6.60%, 0, 36, 4, 2.45
1746576107, 0, 657, 852, 831, 7, 6.60%, 0, 37, 4, 2.85
1746576118, 0, 657, 852, 831, 7, 6.60%, 0, 38, 4, 1.24
1746576157, 0, 657, 852, 831, 7, 6.60%, 0, 39, 4, 6.46
1746576162, 0, 657, 852, 831, 7, 6.60%, 0, 40, 4, 5.71
1746576173, 0, 657, 853, 832, 7, 6.60%, 0, 42, 4, 3.56
1746576195, 0, 657, 854, 833, 7, 6.60%, 0, 42, 4, 1.26
1746576216, 0, 657, 854, 833, 7, 6.60%, 0, 43, 4, 2.98
1746576232, 0, 657, 854, 833, 7, 6.60%, 0, 44, 4, 2.95
1746576279, 0, 657, 855, 834, 7, 6.60%, 0, 44, 4, 2.74
1746576284, 0, 657, 855, 834, 7, 6.60%, 0, 45, 4, 2.39
1746576342, 0, 696, 855, 833, 10, 6.60%, 0, 45, 4, 19.66
1746576434, 0, 696, 856, 834, 10, 6.60%, 0, 45, 5, 10.37
1746576608, 0, 696, 857, 835, 10, 6.60%, 0, 45, 5, 11.52
1746576757, 0, 697, 857, 834, 9, 6.60%, 0, 45, 5, 20.14
1746577017, 0, 697, 858, 835, 9, 6.61%, 0, 45, 5, 11.29
1746577161, 0, 714, 858, 834, 9, 6.61%, 0, 45, 5, 26.22
1746577177, 0, 714, 859, 835, 9, 6.61%, 0, 45, 5, 11.43
1746577249, 0, 714, 860, 836, 9, 6.61%, 0, 45, 5, 10.28
1746577316, 0, 714, 861, 837, 9, 6.61%, 0, 45, 5, 10.44
1746577460, 0, 714, 862, 838, 9, 6.61%, 0, 45, 5, 13.50
1746577465, 0, 714, 863, 839, 9, 6.61%, 0, 45, 5, 11.31
1746577598, 0, 726, 865, 840, 9, 6.61%, 0, 45, 5, 7.00
1746577603, 0, 726, 866, 841, 9, 6.61%, 0, 45, 5, 8.79
1746577608, 0, 726, 868, 843, 9, 6.61%, 0, 45, 5, 7.53
1746577614, 0, 726, 871, 846, 9, 6.62%, 0, 45, 5, 6.57
1746577619, 0, 726, 873, 848, 9, 6.62%, 0, 45, 5, 6.60
1746577624, 0, 726, 875, 850, 9, 6.62%, 0, 45, 5, 6.38
1746577629, 0, 726, 877, 852, 9, 6.62%, 0, 45, 5, 6.15
1746577634, 0, 726, 878, 853, 9, 6.62%, 0, 45, 5, 6.06
1746577639, 0, 726, 879, 854, 9, 6.62%, 0, 45, 5, 5.83
1746577645, 0, 726, 880, 855, 9, 6.62%, 0, 45, 5, 6.29
1746577650, 0, 726, 882, 857, 9, 6.62%, 0, 45, 5, 6.05
1746577655, 0, 726, 883, 858, 9, 6.62%, 0, 45, 5, 5.88
1746577660, 0, 726, 885, 860, 9, 6.62%, 0, 45, 5, 5.86
1746577665, 0, 726, 888, 863, 9, 6.62%, 0, 45, 5, 5.98
1746577670, 0, 726, 889, 864, 9, 6.62%, 0, 45, 5, 5.90
1746577681, 0, 726, 890, 865, 9, 6.62%, 0, 45, 5, 5.58
1746577686, 0, 726, 891, 866, 9, 6.62%, 0, 45, 5, 6.33
1746577696, 0, 726, 892, 867, 9, 6.62%, 0, 45, 5, 6.39
1746577707, 0, 726, 893, 868, 9, 6.62%, 0, 45, 5, 6.37
1746577717, 0, 726, 894, 869, 9, 6.62%, 0, 45, 5, 5.95
1746577722, 0, 726, 897, 872, 9, 6.62%, 0, 45, 5, 5.85
1746577727, 0, 726, 898, 873, 9, 6.62%, 0, 45, 5, 5.77
1746577769, 0, 726, 899, 874, 9, 6.62%, 0, 45, 5, 5.95
1746577774, 0, 726, 902, 877, 9, 6.62%, 0, 45, 5, 5.93
1746577779, 0, 726, 904, 879, 9, 6.62%, 0, 45, 5, 5.49
1746577784, 0, 726, 905, 880, 9, 6.62%, 0, 45, 5, 5.65
1746577805, 0, 726, 907, 882, 9, 6.63%, 0, 45, 5, 5.22
1746577815, 0, 726, 909, 884, 9, 6.63%, 0, 45, 5, 4.81
1746577825, 0, 726, 910, 885, 9, 6.63%, 0, 45, 5, 32.88
1746577851, 0, 726, 913, 888, 9, 6.63%, 0, 45, 5, 7.16
1746577856, 0, 726, 915, 890, 9, 6.63%, 0, 45, 5, 7.70
1746577867, 0, 726, 916, 891, 9, 6.63%, 0, 45, 5, 6.82
1746577903, 0, 726, 917, 892, 9, 6.63%, 0, 45, 5, 6.69
1746577980, 0, 726, 919, 894, 9, 6.63%, 0, 45, 5, 6.58
1746578047, 0, 726, 920, 895, 9, 6.63%, 0, 45, 5, 5.79
1746578052, 0, 726, 921, 896, 9, 6.63%, 0, 45, 5, 5.89
1746578063, 0, 726, 922, 897, 9, 6.63%, 0, 45, 5, 5.89
1746578073, 0, 726, 925, 900, 9, 6.63%, 0, 45, 5, 5.95
1746578078, 0, 726, 926, 901, 9, 6.63%, 0, 45, 5, 5.92
1746578084, 0, 726, 927, 902, 9, 6.63%, 0, 45, 5, 5.69
1746578104, 0, 726, 928, 903, 9, 6.63%, 0, 45, 5, 5.81
1746578140, 0, 726, 929, 904, 9, 6.63%, 0, 45, 5, 5.87
1746578202, 0, 726, 930, 905, 9, 6.63%, 0, 45, 5, 5.28
1746578310, 0, 726, 931, 906, 9, 6.63%, 0, 45, 5, 8.23
1746578320, 0, 726, 932, 907, 9, 6.63%, 0, 45, 5, 7.01
1746578336, 0, 726, 933, 908, 9, 6.63%, 0, 45, 5, 6.95
1746578418, 0, 726, 934, 909, 9, 6.63%, 0, 45, 5, 5.56
1746578429, 0, 726, 935, 910, 9, 6.63%, 0, 45, 5, 5.45
1746578459, 0, 726, 936, 911, 9, 6.63%, 0, 45, 5, 36.32
1746578469, 0, 726, 938, 913, 9, 6.63%, 0, 45, 5, 4.17
1746578500, 0, 726, 939, 914, 9, 6.63%, 0, 45, 5, 6.63
1746578577, 0, 726, 940, 915, 9, 6.63%, 0, 45, 5, 6.55
1746578613, 0, 726, 941, 916, 9, 6.63%, 0, 45, 5, 5.59
1746578623, 0, 726, 942, 917, 9, 6.63%, 0, 45, 5, 5.60
1746578639, 0, 726, 943, 918, 9, 6.63%, 0, 45, 5, 5.73
1746578644, 0, 726, 944, 919, 9, 6.63%, 0, 45, 5, 5.18
1746578659, 0, 726, 947, 922, 9, 6.63%, 0, 45, 5, 5.84
1746578716, 0, 726, 948, 923, 9, 6.63%, 0, 45, 5, 3.77
1746578741, 0, 726, 949, 924, 9, 6.63%, 0, 45, 5, 16.85
1746578752, 0, 726, 950, 925, 9, 6.63%, 0, 45, 5, 13.99
1746578772, 0, 726, 951, 926, 9, 6.63%, 0, 45, 5, 18.17
1746578777, 0, 726, 952, 927, 9, 6.63%, 0, 45, 5, 15.12
1746578803, 0, 726, 953, 928, 9, 6.63%, 0, 45, 5, 18.08
1746578839, 0, 726, 954, 929, 9, 6.63%, 0, 45, 5, 18.01
1746578885, 0, 726, 955, 930, 9, 6.63%, 0, 45, 5, 19.97
1746578911, 0, 726, 956, 931, 9, 6.63%, 0, 45, 5, 19.26
1746578922, 0, 726, 957, 932, 9, 6.63%, 0, 45, 5, 13.16
1746578973, 0, 726, 958, 933, 9, 6.63%, 0, 45, 5, 18.70
1746578978, 0, 726, 959, 934, 9, 6.63%, 0, 45, 5, 14.73
1746578989, 0, 726, 960, 935, 9, 6.63%, 0, 45, 5, 2.48
1746579014, 0, 726, 961, 936, 9, 6.63%, 0, 45, 5, 15.53
1746579066, 0, 743, 961, 935, 12, 6.63%, 0, 45, 5, 23.12
1746579178, 0, 757, 961, 934, 12, 6.63%, 0, 45, 5, 29.40
1746579183, 0, 757, 962, 935, 12, 6.63%, 0, 45, 5, 22.85
1746579295, 0, 823, 962, 934, 11, 6.63%, 0, 45, 5, 4.43
1746585743, 0, 823, 962, 934, 11, 6.63%, 0, 46, 5, 16.64
1746585759, 0, 824, 962, 933, 10, 6.63%, 0, 46, 5, 3.37
1746588768, 0, 824, 962, 933, 10, 6.63%, 0, 48, 5, 1.05
1746588774, 0, 824, 963, 934, 10, 6.64%, 0, 48, 5, 1.03
1746588779, 0, 824, 963, 934, 10, 6.64%, 0, 49, 5, 1.02
1746588791, 0, 824, 963, 934, 10, 6.64%, 0, 50, 5, 1.04
1746588813, 0, 824, 963, 934, 10, 6.64%, 0, 53, 5, 1.05
1746588825, 0, 824, 963, 934, 10, 6.64%, 0, 54, 5, 1.03
1746588830, 0, 824, 963, 934, 10, 6.64%, 0, 56, 5, 1.02
1746588836, 0, 824, 963, 934, 10, 6.64%, 0, 58, 5, 1.02
1746588842, 0, 824, 963, 934, 10, 6.64%, 0, 61, 5, 1.02
1746588847, 0, 824, 963, 934, 10, 6.64%, 0, 65, 5, 1.01
1746588858, 0, 824, 963, 934, 10, 6.64%, 0, 66, 5, 1.05
1746588864, 0, 824, 963, 934, 10, 6.64%, 0, 68, 5, 1.04
1746588869, 0, 824, 963, 934, 10, 6.64%, 0, 69, 5, 37.91
1746590563, 0, 824, 963, 934, 10, 6.64%, 0, 70, 5, 1.06
1746590568, 0, 824, 963, 934, 10, 6.64%, 0, 72, 5, 1.04
1746590573, 0, 824, 963, 934, 10, 6.64%, 0, 77, 5, 1.03
1746590578, 0, 824, 963, 934, 10, 6.64%, 0, 81, 5, 1.02
1746590583, 0, 824, 963, 934, 10, 6.64%, 0, 83, 5, 1.01
1746590589, 0, 824, 963, 934, 10, 6.64%, 0, 84, 5, 1.01
1746590594, 0, 824, 963, 934, 10, 6.64%, 0, 88, 5, 1.00
1746590599, 0, 824, 963, 934, 10, 6.64%, 0, 91, 5, 1.00
1746590604, 0, 824, 963, 934, 10, 6.64%, 0, 94, 5, 1.00
1746590609, 0, 824, 963, 934, 10, 6.64%, 0, 97, 5, 1.00
1746590614, 0, 824, 963, 934, 10, 6.64%, 0, 98, 5, 1.00
1746590619, 0, 824, 963, 934, 10, 6.64%, 0, 101, 5, 0.99
1746590624, 0, 824, 963, 934, 10, 6.64%, 0, 102, 5, 0.99
1746590629, 0, 824, 963, 934, 10, 6.64%, 0, 106, 5, 0.99
1746590634, 0, 824, 963, 934, 10, 6.64%, 0, 109, 5, 0.99
1746590639, 0, 824, 963, 934, 10, 6.64%, 0, 111, 5, 0.99
1746590649, 0, 824, 963, 934, 10, 6.64%, 0, 114, 5, 0.99
1746590654, 0, 824, 963, 934, 10, 6.64%, 0, 116, 5, 0.99
1746590659, 0, 824, 963, 934, 10, 6.64%, 0, 118, 5, 0.99
1746590664, 0, 824, 963, 934, 10, 6.64%, 0, 120, 5, 0.99
1746590669, 0, 824, 963, 934, 10, 6.64%, 0, 123, 5, 0.99
1746590674, 0, 824, 963, 934, 10, 6.64%, 0, 124, 5, 0.99
1746590679, 0, 824, 963, 934, 10, 6.64%, 0, 127, 5, 0.99
1746590684, 0, 824, 963, 934, 10, 6.64%, 0, 129, 5, 0.99
1746590689, 0, 824, 963, 934, 10, 6.64%, 0, 131, 5, 0.99
1746590694, 0, 824, 963, 934, 10, 6.64%, 0, 133, 5, 0.99
1746590699, 0, 824, 963, 934, 10, 6.64%, 0, 136, 5, 0.99
1746590704, 0, 824, 963, 934, 10, 6.64%, 0, 137, 5, 0.99
1746590709, 0, 824, 963, 934, 10, 6.64%, 0, 139, 5, 0.99
1746590714, 0, 824, 963, 934, 10, 6.64%, 0, 140, 5, 0.99
1746590719, 0, 824, 963, 934, 10, 6.64%, 0, 143, 5, 0.99
1746590724, 0, 824, 963, 934, 10, 6.64%, 0, 145, 5, 0.99
1746590729, 0, 824, 963, 934, 10, 6.64%, 0, 146, 5, 0.99
1746590735, 0, 824, 963, 934, 10, 6.64%, 0, 148, 5, 0.99
1746590740, 0, 824, 963, 934, 10, 6.64%, 0, 149, 5, 0.99
1746590745, 0, 824, 963, 934, 10, 6.64%, 0, 153, 5, 0.99
1746590750, 0, 824, 963, 934, 10, 6.64%, 0, 155, 5, 0.99
1746590755, 0, 824, 963, 934, 10, 6.64%, 0, 156, 5, 0.99
1746590770, 0, 824, 963, 934, 10, 6.64%, 0, 158, 5, 0.99
1746590780, 0, 824, 963, 934, 10, 6.64%, 0, 160, 5, 0.99
1746590790, 0, 824, 963, 934, 10, 6.64%, 0, 162, 5, 0.99
1746590795, 0, 824, 963, 934, 10, 6.64%, 0, 163, 5, 0.99
1746590800, 0, 824, 963, 934, 10, 6.64%, 0, 164, 5, 0.99
1746590805, 0, 824, 963, 934, 10, 6.64%, 0, 165, 5, 0.99
1746590810, 0, 824, 963, 934, 10, 6.64%, 0, 166, 5, 0.99
1746590815, 0, 851, 963, 933, 10, 6.64%, 0, 166, 5, 1.04
1746590852, 0, 851, 963, 933, 10, 6.64%, 0, 168, 5, 1.83
1746590857, 0, 851, 963, 933, 10, 6.64%, 0, 170, 5, 1.64
1746590862, 0, 851, 963, 933, 10, 6.64%, 0, 172, 5, 1.51
1746590867, 0, 851, 963, 933, 10, 6.64%, 0, 173, 5, 1.37
1746590872, 0, 851, 963, 933, 10, 6.64%, 0, 175, 5, 1.26
1746590877, 0, 851, 963, 933, 10, 6.64%, 0, 177, 5, 1.24
1746590883, 0, 851, 963, 933, 10, 6.64%, 0, 179, 5, 1.21
1746590888, 0, 851, 963, 933, 10, 6.64%, 0, 181, 5, 0.99
1746590893, 0, 851, 963, 933, 10, 6.64%, 0, 182, 5, 0.99
1746590899, 0, 851, 963, 933, 10, 6.64%, 0, 183, 5, 1.00
1746590910, 0, 851, 963, 933, 10, 6.64%, 0, 184, 5, 1.03
1746590931, 0, 851, 963, 933, 10, 6.64%, 0, 185, 5, 0.99
1746590946, 0, 851, 963, 933, 10, 6.64%, 0, 187, 5, 0.99
1746590961, 0, 851, 963, 933, 10, 6.64%, 0, 188, 5, 0.99
1746590966, 0, 851, 963, 933, 10, 6.64%, 0, 190, 5, 0.99
1746590981, 0, 851, 963, 933, 10, 6.64%, 0, 192, 5, 0.99
1746590986, 0, 851, 963, 933, 10, 6.64%, 0, 195, 5, 0.99
1746590991, 0, 851, 963, 933, 10, 6.64%, 0, 196, 5, 0.99
1746590996, 0, 851, 963, 933, 10, 6.64%, 0, 197, 5, 0.99
1746591016, 0, 851, 963, 933, 10, 6.64%, 0, 198, 5, 0.99
1746591031, 0, 851, 963, 933, 10, 6.64%, 0, 199, 5, 0.99
1746591051, 0, 851, 963, 933, 10, 6.64%, 0, 200, 5, 0.99
1746591066, 0, 851, 963, 933, 10, 6.64%, 0, 201, 5, 0.99
1746591071, 0, 851, 963, 933, 10, 6.64%, 0, 202, 5, 0.99
1746591082, 0, 851, 963, 933, 10, 6.64%, 0, 203, 5, 0.99
1746591087, 0, 851, 963, 933, 10, 6.64%, 0, 204, 5, 0.99
1746591092, 0, 851, 963, 933, 10, 6.64%, 0, 205, 5, 0.99
1746591097, 0, 851, 963, 933, 10, 6.64%, 0, 207, 5, 0.99
1746591102, 0, 851, 963, 933, 10, 6.64%, 0, 208, 5, 0.99
1746591107, 0, 851, 963, 933, 10, 6.64%, 0, 210, 5, 0.99
1746591122, 0, 851, 963, 933, 10, 6.64%, 0, 211, 5, 0.99
1746591127, 0, 851, 963, 933, 10, 6.64%, 0, 212, 5, 0.99
1746591137, 0, 851, 963, 933, 10, 6.64%, 0, 213, 5, 0.99
1746591147, 0, 851, 963, 933, 10, 6.64%, 0, 214, 5, 0.99
1746591157, 0, 851, 963, 933, 10, 6.64%, 0, 216, 5, 0.99
1746591162, 0, 851, 963, 933, 10, 6.64%, 0, 217, 5, 0.99
1746591172, 0, 852, 963, 932, 9, 6.64%, 0, 218, 5, 1.04
1746591219, 0, 852, 963, 932, 9, 6.64%, 0, 219, 5, 1.54
1746591229, 0, 852, 963, 932, 9, 6.64%, 0, 220, 5, 1.28
1746591245, 0, 852, 963, 932, 9, 6.64%, 0, 222, 5, 1.00
1746591267, 0, 852, 963, 932, 9, 6.64%, 0, 224, 5, 1.08
1746591272, 0, 852, 963, 932, 9, 6.64%, 0, 225, 5, 5.56
1746591283, 0, 852, 963, 932, 9, 6.64%, 0, 226, 5, 0.99
1746591288, 0, 852, 963, 932, 9, 6.64%, 0, 227, 5, 0.99
1746591293, 0, 852, 963, 932, 9, 6.64%, 0, 228, 5, 0.99
1746591303, 0, 852, 963, 932, 9, 6.64%, 0, 229, 5, 0.99
1746591308, 0, 852, 963, 932, 9, 6.64%, 0, 230, 5, 0.99
1746591333, 0, 852, 963, 932, 9, 6.64%, 0, 231, 5, 0.99
1746591338, 0, 852, 963, 932, 9, 6.64%, 0, 233, 5, 0.99
1746591343, 0, 852, 963, 932, 9, 6.64%, 0, 234, 5, 0.99
1746591348, 0, 852, 963, 932, 9, 6.64%, 0, 235, 5, 0.99
1746591358, 0, 852, 963, 932, 9, 6.64%, 0, 237, 5, 0.99
1746591403, 0, 852, 963, 932, 9, 6.64%, 0, 238, 5, 0.99
1746591423, 0, 852, 963, 932, 9, 6.64%, 0, 239, 5, 0.99
1746591449, 0, 852, 963, 932, 9, 6.64%, 0, 241, 5, 0.99
1746591464, 0, 852, 963, 932, 9, 6.64%, 0, 242, 5, 0.99
1746591469, 0, 852, 963, 932, 9, 6.64%, 0, 243, 5, 0.99
1746591474, 0, 852, 963, 932, 9, 6.64%, 0, 244, 5, 0.99
1746591529, 0, 857, 963, 931, 8, 6.64%, 0, 244, 5, 7.49
1746592191, 0, 857, 964, 932, 8, 6.64%, 0, 244, 6, 16.95
1746592217, 0, 857, 965, 933, 8, 6.64%, 0, 244, 6, 14.97
1746592263, 0, 866, 965, 932, 7, 6.64%, 0, 244, 6, 14.17
1746592469, 0, 866, 966, 933, 7, 6.64%, 0, 244, 6, 3.75
1746592494, 0, 866, 967, 934, 7, 6.64%, 0, 244, 6, 3.61
1746592880, 0, 866, 968, 935, 7, 6.64%, 0, 244, 6, 3.68
1746593771, 0, 870, 968, 934, 6, 6.64%, 0, 244, 6, 12.87
1746593956, 0, 870, 969, 935, 6, 6.64%, 0, 244, 6, 3.79
1746593961, 0, 870, 970, 936, 6, 6.64%, 0, 244, 6, 3.75
1746594214, 0, 870, 971, 937, 6, 6.64%, 0, 244, 6, 4.54
1746594342, 0, 870, 973, 939, 6, 6.64%, 0, 244, 6, 3.98
1746595320, 0, 885, 973, 938, 5, 6.64%, 0, 244, 6, 10.83
1746595587, 0, 885, 974, 939, 5, 6.64%, 0, 244, 6, 5.38
1746596692, 0, 885, 975, 940, 5, 6.64%, 0, 244, 6, 3.61
1746596789, 0, 889, 975, 939, 4, 6.64%, 0, 244, 6, 11.96
1746597015, 0, 889, 976, 940, 4, 6.64%, 0, 244, 6, 5.64
1746597970, 0, 889, 977, 941, 4, 6.64%, 0, 244, 6, 13.98
1746598017, 0, 899, 977, 940, 3, 6.64%, 0, 244, 6, 13.49
1746598079, 0, 899, 978, 941, 3, 6.64%, 0, 244, 6, 4.11
1746598633, 0, 899, 979, 942, 3, 6.64%, 0, 244, 6, 4.17
1746598648, 0, 899, 980, 943, 3, 6.64%, 0, 244, 6, 4.22
1746599426, 0, 899, 981, 944, 3, 6.64%, 0, 244, 6, 4.08
1746599499, 0, 905, 981, 943, 3, 6.64%, 0, 244, 6, 13.24
1746600099, 0, 905, 982, 944, 3, 6.64%, 0, 244, 6, 3.45
1746600539, 0, 905, 983, 945, 3, 6.64%, 0, 244, 6, 4.41
1746601195, 0, 953, 983, 944, 2, 6.64%, 0, 244, 6, 13.03
1746601939, 0, 953, 984, 945, 2, 6.64%, 0, 244, 6, 6.73
