# unix_time, cycles_done, cur_path, paths_total, pending_total, pending_favs, map_size, unique_crashes, unique_hangs, max_depth, execs_per_sec
1746558786, 0, 0, 1, 1, 1, 5.34%, 0, 0, 1, 74.77
1746558792, 0, 0, 46, 46, 1, 5.45%, 0, 0, 2, 77.07
1746558797, 0, 0, 89, 89, 1, 5.84%, 0, 0, 2, 81.10
1746558802, 0, 0, 116, 116, 1, 5.92%, 0, 0, 2, 74.92
1746558807, 0, 0, 141, 141, 1, 5.96%, 0, 0, 2, 70.92
1746558812, 0, 0, 159, 159, 1, 5.98%, 0, 0, 2, 71.49
1746558817, 0, 0, 177, 177, 1, 5.98%, 0, 0, 2, 66.14
1746558823, 0, 0, 196, 196, 1, 5.98%, 0, 0, 2, 70.09
1746558828, 0, 0, 209, 209, 1, 5.98%, 0, 0, 2, 69.85
1746558833, 0, 0, 218, 218, 1, 5.98%, 0, 0, 2, 70.44
1746558838, 0, 0, 229, 229, 1, 5.98%, 0, 0, 2, 65.18
1746558843, 0, 0, 235, 235, 1, 5.99%, 0, 0, 2, 69.30
1746558849, 0, 0, 240, 240, 1, 5.99%, 0, 0, 2, 70.79
1746558854, 0, 0, 249, 249, 1, 5.99%, 0, 0, 2, 67.48
1746558859, 0, 0, 258, 258, 1, 5.99%, 0, 0, 2, 69.02
1746558864, 0, 0, 261, 261, 1, 5.99%, 0, 0, 2, 70.35
1746558869, 0, 0, 266, 266, 1, 5.99%, 0, 0, 2, 69.91
1746558874, 0, 0, 270, 270, 1, 5.99%, 0, 0, 2, 69.38
1746558879, 0, 0, 275, 275, 1, 6.44%, 0, 0, 2, 65.91
1746558884, 0, 0, 279, 279, 1, 6.44%, 0, 0, 2, 69.40
1746558890, 0, 0, 283, 283, 1, 6.44%, 0, 0, 2, 69.26
1746558895, 0, 0, 288, 288, 1, 6.44%, 0, 0, 2, 69.45
1746558900, 0, 0, 293, 293, 1, 6.72%, 0, 0, 2, 67.16
1746558905, 0, 0, 297, 297, 1, 6.72%, 0, 0, 2, 67.51
1746558910, 0, 0, 303, 303, 1, 6.74%, 0, 0, 2, 59.60
1746558915, 0, 0, 308, 308, 1, 6.74%, 0, 0, 2, 65.24
1746558920, 0, 0, 311, 311, 1, 6.74%, 0, 0, 2, 67.39
1746558925, 0, 0, 314, 314, 1, 6.76%, 0, 0, 2, 65.36
1746558935, 0, 0, 317, 317, 1, 6.76%, 0, 0, 2, 71.26
1746558941, 0, 0, 321, 321, 1, 6.76%, 0, 0, 2, 70.03
1746558946, 0, 0, 322, 322, 1, 6.76%, 0, 0, 2, 72.00
1746558951, 0, 0, 328, 328, 1, 6.76%, 0, 0, 2, 68.80
1746558956, 0, 0, 330, 330, 1, 6.78%, 0, 0, 2, 44.73
1746558961, 0, 0, 331, 331, 1, 6.78%, 0, 0, 2, 66.63
1746558966, 0, 0, 336, 336, 1, 6.79%, 0, 0, 2, 67.11
1746558972, 0, 0, 340, 340, 1, 6.79%, 0, 0, 2, 60.18
1746558977, 0, 0, 343, 343, 1, 6.79%, 0, 0, 2, 66.44
1746558982, 0, 0, 345, 345, 1, 6.79%, 0, 0, 2, 70.92
1746558987, 0, 0, 347, 347, 1, 6.79%, 0, 0, 2, 70.37
1746558992, 0, 0, 349, 349, 1, 6.79%, 0, 0, 2, 70.61
1746558997, 0, 0, 353, 353, 1, 7.40%, 0, 0, 2, 69.50
1746559002, 0, 0, 355, 355, 1, 7.40%, 0, 0, 2, 71.53
1746559008, 0, 0, 357, 357, 1, 7.40%, 0, 0, 2, 70.02
1746559013, 0, 0, 360, 360, 1, 7.40%, 0, 0, 2, 71.01
1746559018, 0, 0, 363, 363, 1, 7.40%, 0, 0, 2, 69.41
1746559023, 0, 0, 367, 367, 1, 7.40%, 0, 0, 2, 67.19
1746559028, 0, 0, 369, 369, 1, 7.40%, 0, 0, 2, 68.74
1746559033, 0, 0, 371, 371, 1, 7.40%, 0, 0, 2, 69.42
1746559038, 0, 0, 372, 372, 1, 7.40%, 0, 0, 2, 71.99
1746559044, 0, 0, 374, 374, 1, 7.40%, 0, 0, 2, 72.03
1746559049, 0, 0, 375, 375, 1, 7.40%, 0, 0, 2, 71.11
1746559054, 0, 0, 377, 377, 1, 7.40%, 0, 0, 2, 71.40
1746559059, 0, 0, 379, 379, 1, 7.40%, 0, 0, 2, 71.34
1746559064, 0, 0, 380, 380, 1, 7.40%, 0, 0, 2, 72.04
1746559069, 0, 1, 380, 379, 12, 7.40%, 0, 0, 2, 71.26
1746559075, 0, 1, 385, 384, 12, 7.40%, 0, 0, 3, 66.61
1746559080, 0, 1, 386, 385, 12, 7.40%, 0, 0, 3, 68.22
1746559085, 0, 1, 387, 386, 12, 7.40%, 0, 0, 3, 69.93
1746559095, 0, 1, 388, 387, 12, 7.40%, 0, 0, 3, 70.29
1746559100, 0, 1, 391, 390, 12, 7.40%, 0, 0, 3, 63.00
1746559106, 0, 1, 392, 391, 12, 7.40%, 0, 0, 3, 65.48
1746559116, 0, 1, 393, 392, 12, 7.40%, 0, 0, 3, 69.55
1746559121, 0, 1, 394, 393, 12, 7.40%, 0, 0, 3, 71.58
1746559136, 0, 1, 395, 394, 12, 7.40%, 0, 0, 3, 69.17
1746559157, 0, 1, 396, 395, 12, 7.40%, 0, 0, 3, 68.60
1746559167, 0, 1, 397, 396, 12, 7.40%, 0, 0, 3, 70.45
1746559177, 0, 1, 399, 398, 12, 7.40%, 0, 0, 3, 66.11
1746559183, 0, 1, 401, 400, 12, 7.40%, 0, 0, 3, 68.03
1746559188, 0, 1, 402, 401, 12, 7.40%, 0, 0, 3, 68.04
1746559193, 0, 1, 403, 402, 12, 7.40%, 0, 0, 3, 68.55
1746559198, 0, 1, 405, 404, 12, 7.40%, 0, 0, 3, 68.76
1746559209, 0, 1, 406, 405, 12, 7.40%, 0, 0, 3, 69.83
1746559214, 0, 1, 407, 406, 12, 7.40%, 0, 0, 3, 68.61
1746559219, 0, 1, 408, 407, 12, 7.40%, 0, 0, 3, 70.58
1746559224, 0, 1, 410, 409, 12, 7.40%, 0, 0, 3, 68.53
1746559229, 0, 1, 413, 412, 12, 7.40%, 0, 0, 3, 61.94
1746559245, 0, 1, 414, 413, 12, 7.40%, 0, 0, 3, 69.37
1746559250, 0, 1, 415, 414, 12, 7.40%, 0, 0, 3, 69.53
1746559260, 0, 1, 416, 415, 12, 7.40%, 0, 0, 3, 69.38
1746559270, 0, 1, 417, 416, 12, 7.40%, 0, 0, 3, 67.61
1746559275, 0, 1, 418, 417, 12, 7.40%, 0, 0, 3, 67.81
1746559280, 0, 1, 420, 419, 12, 7.40%, 0, 0, 3, 62.83
1746559296, 0, 1, 421, 420, 12, 7.40%, 0, 0, 3, 69.76
1746559301, 0, 1, 422, 421, 12, 7.40%, 0, 0, 3, 68.21
1746559306, 0, 1, 423, 422, 12, 7.42%, 0, 0, 3, 63.17
1746559311, 0, 1, 424, 423, 12, 7.42%, 0, 0, 3, 65.86
1746559317, 0, 39, 425, 423, 13, 7.42%, 0, 0, 3, 71.63
1746559322, 0, 39, 426, 424, 13, 7.42%, 0, 0, 3, 71.90
1746559332, 0, 39, 427, 425, 13, 7.42%, 0, 0, 3, 73.45
1746559342, 0, 39, 428, 426, 13, 7.42%, 0, 0, 3, 72.36
1746559352, 0, 39, 430, 428, 13, 7.42%, 0, 0, 3, 72.56
1746559358, 0, 39, 431, 429, 13, 7.42%, 0, 0, 3, 74.66
1746559363, 0, 39, 433, 431, 13, 7.42%, 0, 0, 3, 71.95
1746559399, 0, 39, 434, 432, 13, 7.42%, 0, 0, 3, 71.36
1746559409, 0, 39, 435, 433, 13, 7.42%, 0, 0, 3, 73.26
1746559420, 0, 39, 436, 434, 13, 7.42%, 0, 0, 3, 73.34
1746559425, 0, 39, 437, 435, 13, 7.42%, 0, 0, 3, 72.77
1746559456, 0, 39, 438, 436, 13, 7.42%, 0, 0, 3, 72.37
1746559461, 0, 39, 439, 437, 13, 7.42%, 0, 0, 3, 72.85
1746559466, 0, 39, 440, 438, 13, 7.42%, 0, 0, 3, 65.31
1746559471, 0, 39, 441, 439, 13, 7.42%, 0, 0, 3, 73.30
1746559476, 0, 39, 442, 440, 13, 7.42%, 0, 0, 3, 72.66
1746559492, 0, 39, 443, 441, 13, 7.42%, 0, 0, 3, 73.29
1746559497, 0, 39, 445, 443, 13, 7.42%, 0, 0, 3, 71.70
1746559507, 0, 39, 446, 444, 13, 7.42%, 0, 0, 3, 42.70
1746559512, 0, 39, 447, 445, 13, 7.45%, 0, 0, 3, 66.04
1746559517, 0, 39, 448, 446, 13, 7.45%, 0, 0, 3, 70.79
1746559533, 0, 39, 449, 447, 13, 7.45%, 0, 0, 3, 72.12
1746559543, 0, 75, 449, 446, 13, 7.45%, 0, 0, 3, 75.25
1746559554, 0, 75, 450, 447, 13, 7.45%, 0, 0, 3, 78.22
1746559559, 0, 75, 451, 448, 13, 7.45%, 0, 0, 3, 76.90
1746559564, 0, 75, 452, 449, 13, 7.45%, 0, 0, 3, 76.69
1746559569, 0, 75, 453, 450, 13, 7.45%, 0, 0, 3, 74.03
1746559574, 0, 75, 455, 452, 13, 7.45%, 0, 0, 3, 76.46
1746559605, 0, 75, 456, 453, 13, 7.45%, 0, 0, 3, 76.46
1746559610, 0, 75, 457, 454, 13, 7.45%, 0, 0, 3, 75.67
1746559615, 0, 75, 458, 455, 13, 7.45%, 0, 0, 3, 75.51
1746559625, 0, 75, 459, 456, 13, 7.45%, 0, 0, 3, 75.45
1746559636, 0, 75, 461, 458, 13, 7.55%, 0, 0, 3, 23.39
1746559641, 0, 75, 462, 459, 13, 7.55%, 0, 0, 3, 65.33
1746559672, 0, 75, 463, 460, 13, 7.55%, 0, 0, 3, 76.40
1746559688, 0, 75, 464, 461, 13, 7.55%, 0, 0, 3, 76.88
1746559708, 0, 76, 464, 460, 11, 7.55%, 0, 0, 3, 80.79
1746559718, 0, 76, 467, 463, 11, 7.55%, 0, 0, 3, 76.28
1746559770, 0, 76, 468, 464, 11, 7.55%, 0, 0, 3, 75.90
1746559775, 0, 76, 470, 466, 11, 7.55%, 0, 0, 3, 73.02
1746559791, 0, 76, 471, 467, 11, 7.55%, 0, 0, 3, 76.36
1746559796, 0, 76, 473, 469, 11, 7.55%, 0, 0, 3, 73.39
1746559806, 0, 76, 474, 470, 11, 7.55%, 0, 0, 3, 75.51
1746559822, 0, 76, 475, 471, 11, 7.55%, 0, 0, 3, 75.82
1746559868, 0, 76, 476, 472, 11, 7.55%, 0, 0, 3, 77.95
1746559873, 0, 85, 478, 473, 11, 7.55%, 0, 0, 3, 71.83
1746559883, 0, 85, 479, 474, 11, 7.55%, 0, 0, 3, 73.87
1746559889, 0, 85, 481, 476, 11, 7.55%, 0, 0, 3, 70.97
1746559899, 0, 85, 482, 477, 11, 7.55%, 0, 0, 3, 75.99
1746559904, 0, 85, 483, 478, 11, 7.55%, 0, 0, 3, 76.81
1746559909, 0, 85, 484, 479, 11, 7.55%, 0, 0, 3, 74.86
1746559914, 0, 85, 485, 480, 11, 7.55%, 0, 0, 3, 74.04
1746559919, 0, 85, 486, 481, 11, 7.55%, 0, 0, 3, 72.03
1746559940, 0, 85, 488, 483, 11, 7.55%, 0, 0, 3, 64.94
1746559945, 0, 85, 489, 484, 11, 7.55%, 0, 0, 3, 73.13
1746559950, 0, 85, 490, 485, 11, 7.55%, 0, 0, 3, 72.31
1746559960, 0, 85, 491, 486, 11, 7.55%, 0, 0, 3, 73.67
1746559981, 0, 85, 492, 487, 11, 7.55%, 0, 0, 3, 74.98
1746559996, 0, 85, 495, 490, 11, 7.55%, 0, 0, 3, 70.23
1746560001, 0, 85, 496, 491, 11, 7.55%, 0, 0, 3, 73.09
1746560006, 0, 85, 500, 495, 11, 7.55%, 0, 0, 3, 55.23
1746560012, 0, 85, 501, 496, 11, 7.55%, 0, 0, 3, 70.60
1746560017, 0, 85, 502, 497, 11, 7.55%, 0, 0, 3, 69.08
1746560022, 0, 85, 505, 500, 11, 7.57%, 0, 0, 3, 71.97
1746560027, 0, 85, 506, 501, 11, 7.57%, 0, 0, 3, 73.79
1746560032, 0, 85, 507, 502, 11, 7.57%, 0, 0, 3, 69.44
1746560042, 0, 85, 510, 505, 11, 7.57%, 0, 0, 3, 66.51
1746560048, 0, 296, 510, 504, 12, 7.57%, 0, 0, 3, 63.81
1746560063, 0, 335, 513, 506, 11, 7.57%, 0, 0, 3, 54.32
1746560073, 0, 335, 514, 507, 11, 7.57%, 0, 0, 3, 51.90
1746560083, 0, 335, 516, 509, 11, 7.57%, 0, 0, 3, 47.47
1746560103, 0, 335, 517, 510, 11, 7.57%, 0, 0, 3, 50.11
1746560119, 0, 335, 518, 511, 11, 7.57%, 0, 0, 3, 56.15
1746560124, 0, 335, 519, 512, 11, 7.57%, 0, 0, 3, 60.13
1746560129, 0, 335, 520, 513, 11, 7.57%, 0, 0, 3, 61.27
1746560155, 0, 335, 521, 514, 11, 7.57%, 0, 0, 3, 60.34
1746560160, 0, 335, 522, 515, 11, 7.57%, 0, 0, 3, 56.31
1746560180, 0, 335, 523, 516, 11, 7.57%, 0, 0, 3, 64.00
1746560221, 0, 335, 524, 517, 11, 7.57%, 0, 0, 3, 60.89
1746560227, 0, 335, 525, 518, 11, 7.57%, 0, 0, 3, 61.04
1746560247, 0, 335, 526, 519, 11, 7.57%, 0, 0, 3, 61.73
1746560252, 0, 335, 527, 520, 11, 7.57%, 0, 0, 3, 62.49
1746560268, 0, 335, 528, 521, 11, 7.57%, 0, 0, 3, 61.60
1746560273, 0, 335, 529, 522, 11, 7.57%, 0, 0, 3, 61.74
1746560294, 0, 335, 532, 525, 11, 7.57%, 0, 0, 3, 62.20
1746560304, 0, 335, 533, 526, 11, 7.57%, 0, 0, 3, 63.38
1746560314, 0, 335, 534, 527, 11, 7.57%, 0, 0, 3, 59.41
1746560319, 0, 335, 535, 528, 11, 7.57%, 0, 0, 3, 62.29
1746560329, 0, 335, 536, 529, 11, 7.57%, 0, 0, 3, 63.43
1746560365, 0, 335, 537, 530, 11, 7.58%, 0, 0, 3, 61.80
1746560386, 0, 354, 538, 530, 13, 7.58%, 0, 0, 3, 59.03
1746560406, 0, 381, 543, 534, 14, 7.58%, 0, 0, 4, 41.10
1746560412, 0, 381, 549, 540, 14, 7.58%, 0, 0, 4, 23.22
1746560417, 0, 381, 554, 545, 14, 7.58%, 0, 0, 4, 17.77
1746560422, 0, 381, 560, 551, 14, 7.58%, 0, 0, 4, 21.90
1746560427, 0, 381, 569, 560, 14, 7.58%, 0, 0, 4, 17.52
1746560432, 0, 381, 575, 566, 14, 7.58%, 0, 0, 4, 15.00
1746560437, 0, 381, 581, 572, 14, 7.58%, 0, 0, 4, 15.27
1746560442, 0, 381, 589, 580, 14, 7.58%, 0, 0, 4, 20.35
1746560447, 0, 381, 595, 586, 14, 7.58%, 0, 0, 4, 15.73
1746560452, 0, 381, 601, 592, 14, 7.58%, 0, 0, 4, 13.87
1746560457, 0, 381, 607, 598, 14, 7.58%, 0, 0, 4, 15.81
1746560462, 0, 381, 612, 603, 14, 7.58%, 0, 0, 4, 14.86
1746560468, 0, 381, 615, 606, 14, 7.58%, 0, 0, 4, 37.16
1746560473, 0, 381, 618, 609, 14, 7.58%, 0, 0, 4, 28.91
1746560478, 0, 381, 624, 615, 14, 7.58%, 0, 0, 4, 19.50
1746560483, 0, 381, 630, 621, 14, 7.58%, 0, 0, 4, 16.98
1746560488, 0, 381, 634, 625, 14, 7.58%, 0, 0, 4, 16.08
1746560493, 0, 381, 637, 628, 14, 7.58%, 0, 0, 4, 15.63
1746560508, 0, 381, 641, 632, 14, 7.58%, 0, 0, 4, 15.74
1746560514, 0, 381, 648, 639, 14, 7.58%, 0, 0, 4, 15.97
1746560519, 0, 381, 652, 643, 14, 7.58%, 0, 0, 4, 15.99
1746560524, 0, 381, 658, 649, 14, 7.58%, 0, 0, 4, 15.64
1746560529, 0, 381, 666, 657, 14, 7.58%, 0, 0, 4, 15.46
1746560534, 0, 381, 673, 664, 14, 7.58%, 0, 0, 4, 18.85
1746560539, 0, 381, 677, 668, 14, 7.58%, 0, 0, 4, 15.73
1746560544, 0, 381, 682, 673, 14, 7.58%, 0, 0, 4, 31.38
1746560549, 0, 381, 685, 676, 14, 7.58%, 0, 0, 4, 21.19
1746560555, 0, 381, 689, 680, 14, 7.58%, 0, 0, 4, 16.03
1746560560, 0, 381, 693, 684, 14, 7.58%, 0, 0, 4, 14.38
1746560565, 0, 381, 699, 690, 14, 7.58%, 0, 0, 4, 14.49
1746560570, 0, 381, 702, 693, 14, 7.58%, 0, 0, 4, 15.85
1746560575, 0, 381, 703, 694, 14, 7.58%, 0, 0, 4, 38.22
1746560580, 0, 381, 708, 699, 14, 7.58%, 0, 0, 4, 28.92
1746560585, 0, 381, 712, 703, 14, 7.58%, 0, 0, 4, 18.65
1746560590, 0, 381, 715, 706, 14, 7.58%, 0, 0, 4, 15.65
1746560595, 0, 381, 718, 709, 14, 7.58%, 0, 0, 4, 15.05
1746560600, 0, 381, 720, 711, 14, 7.58%, 0, 0, 4, 14.86
1746560606, 0, 381, 724, 715, 14, 7.58%, 0, 0, 4, 26.38
1746560611, 0, 381, 727, 718, 14, 7.58%, 0, 0, 4, 33.32
1746560616, 0, 381, 730, 721, 14, 7.58%, 0, 0, 4, 43.85
1746560621, 0, 381, 733, 724, 14, 7.58%, 0, 0, 4, 40.57
1746560626, 0, 381, 736, 727, 14, 7.58%, 0, 0, 4, 35.84
1746560631, 0, 381, 739, 730, 14, 7.58%, 0, 0, 4, 43.50
1746560636, 0, 381, 742, 733, 14, 7.58%, 0, 0, 4, 36.67
1746560642, 0, 381, 744, 735, 14, 7.58%, 0, 0, 4, 39.47
1746560647, 0, 381, 746, 737, 14, 7.58%, 0, 0, 4, 45.07
1746560652, 0, 381, 751, 742, 14, 7.58%, 0, 0, 4, 37.94
1746560657, 0, 381, 753, 744, 14, 7.58%, 0, 0, 4, 39.08
1746560662, 0, 381, 755, 746, 14, 7.58%, 0, 0, 4, 43.72
1746560667, 0, 381, 757, 748, 14, 7.58%, 0, 0, 4, 37.74
1746560672, 0, 381, 759, 750, 14, 7.58%, 0, 0, 4, 47.02
1746560678, 0, 381, 762, 753, 14, 7.58%, 0, 0, 4, 42.78
1746560683, 0, 381, 763, 754, 14, 7.58%, 0, 0, 4, 49.63
1746560688, 0, 381, 765, 756, 14, 7.58%, 0, 0, 4, 47.16
1746560693, 0, 381, 767, 758, 14, 7.58%, 0, 0, 4, 47.52
1746560698, 0, 381, 769, 760, 14, 7.58%, 0, 0, 4, 42.90
1746560703, 0, 381, 770, 761, 14, 7.58%, 0, 0, 4, 45.31
1746560708, 0, 381, 771, 762, 14, 7.58%, 0, 0, 4, 46.18
1746560713, 0, 381, 773, 764, 14, 7.62%, 0, 0, 4, 44.67
1746560719, 0, 381, 774, 765, 14, 7.62%, 0, 0, 4, 43.60
1746560724, 0, 381, 776, 767, 14, 7.62%, 0, 0, 4, 42.76
1746560729, 0, 381, 777, 768, 14, 7.62%, 0, 0, 4, 43.69
1746560739, 0, 381, 778, 769, 14, 7.62%, 0, 0, 4, 48.46
1746560744, 0, 381, 782, 773, 14, 7.62%, 0, 0, 4, 38.23
1746560749, 0, 381, 783, 774, 14, 7.62%, 0, 0, 4, 41.30
1746560754, 0, 381, 786, 777, 14, 7.62%, 0, 0, 4, 44.86
1746560759, 0, 381, 787, 778, 14, 7.62%, 0, 0, 4, 47.65
1746560764, 0, 381, 788, 779, 14, 7.62%, 0, 0, 4, 44.24
1746560769, 0, 381, 790, 781, 14, 7.62%, 0, 0, 4, 39.41
1746560775, 0, 381, 791, 782, 14, 7.62%, 0, 0, 4, 42.28
1746560780, 0, 381, 793, 784, 14, 7.62%, 0, 0, 4, 38.68
1746560785, 0, 381, 794, 785, 14, 7.62%, 0, 0, 4, 41.19
1746560790, 0, 381, 796, 787, 14, 7.62%, 0, 0, 4, 39.22
1746560795, 0, 381, 797, 788, 14, 7.62%, 0, 0, 4, 43.23
1746560810, 0, 381, 798, 789, 14, 7.62%, 0, 0, 4, 46.10
1746560815, 0, 381, 800, 791, 14, 7.62%, 0, 0, 4, 42.37
1746560821, 0, 381, 802, 793, 14, 7.62%, 0, 0, 4, 41.26
1746560831, 0, 381, 803, 794, 14, 7.62%, 0, 0, 4, 43.81
1746560836, 0, 381, 805, 796, 14, 7.62%, 0, 0, 4, 44.83
1746560846, 0, 381, 806, 797, 14, 7.62%, 0, 0, 4, 40.78
1746560851, 0, 381, 809, 800, 14, 7.62%, 0, 0, 4, 38.07
1746560867, 0, 381, 811, 802, 14, 7.62%, 0, 0, 4, 42.74
1746560872, 0, 381, 812, 803, 14, 7.62%, 0, 0, 4, 40.17
1746560877, 0, 381, 813, 804, 14, 7.62%, 0, 0, 4, 47.61
1746560887, 0, 381, 814, 805, 14, 7.62%, 0, 0, 4, 47.70
1746560892, 0, 381, 815, 806, 14, 7.62%, 0, 0, 4, 46.51
1746560903, 0, 381, 816, 807, 14, 7.62%, 0, 0, 4, 46.80
1746560923, 0, 381, 817, 808, 14, 7.62%, 0, 0, 4, 47.34
1746560943, 0, 381, 818, 809, 14, 7.62%, 0, 0, 4, 47.66
1746560948, 0, 381, 819, 810, 14, 7.62%, 0, 0, 4, 44.06
1746560954, 0, 381, 820, 811, 14, 7.62%, 0, 0, 4, 49.03
1746560964, 0, 381, 821, 812, 14, 7.62%, 0, 0, 4, 47.83
1746560984, 0, 381, 823, 814, 14, 7.62%, 0, 0, 4, 41.69
1746560995, 0, 442, 823, 813, 19, 7.62%, 0, 0, 4, 60.20
1746561010, 0, 445, 823, 812, 19, 7.62%, 0, 0, 4, 48.93
1746561015, 0, 445, 824, 813, 19, 7.62%, 0, 0, 4, 28.69
1746561020, 0, 445, 826, 815, 19, 7.62%, 0, 0, 4, 34.34
1746561025, 0, 445, 828, 817, 19, 7.62%, 0, 0, 4, 30.24
1746561030, 0, 445, 831, 820, 19, 7.62%, 0, 0, 4, 20.13
1746561051, 0, 445, 832, 821, 19, 7.62%, 0, 0, 4, 19.97
1746561056, 0, 445, 833, 822, 19, 7.62%, 0, 0, 4, 23.45
1746561066, 0, 445, 836, 825, 19, 7.62%, 0, 0, 4, 46.35
1746561071, 0, 446, 836, 824, 18, 7.62%, 0, 0, 4, 50.12
1746561076, 0, 446, 841, 829, 18, 7.62%, 0, 0, 4, 41.77
1746561081, 0, 446, 845, 833, 18, 7.62%, 0, 0, 4, 46.87
1746561092, 0, 446, 846, 834, 18, 7.62%, 0, 0, 4, 39.84
1746561097, 0, 446, 852, 840, 18, 7.62%, 0, 0, 4, 42.85
1746561112, 0, 446, 853, 841, 18, 7.62%, 0, 0, 4, 46.37
1746561127, 0, 446, 854, 842, 18, 7.62%, 0, 0, 4, 57.63
1746561138, 0, 469, 854, 841, 19, 7.62%, 0, 0, 4, 56.03
1746561163, 0, 509, 854, 840, 19, 7.62%, 0, 0, 4, 46.57
1746561179, 0, 509, 855, 841, 19, 7.62%, 0, 0, 4, 36.45
1746561184, 0, 509, 857, 843, 19, 7.62%, 0, 0, 4, 25.82
1746561209, 0, 509, 858, 844, 19, 7.62%, 0, 0, 4, 43.27
1746561214, 0, 509, 859, 845, 19, 7.62%, 0, 0, 4, 28.42
1746561229, 0, 528, 861, 846, 18, 7.62%, 0, 0, 4, 51.28
1746561240, 0, 528, 868, 853, 18, 7.62%, 0, 0, 4, 49.41
1746561255, 0, 534, 869, 853, 18, 7.62%, 0, 0, 4, 61.75
1746561260, 0, 534, 872, 856, 18, 7.62%, 0, 0, 4, 45.55
1746561265, 0, 534, 873, 857, 18, 7.62%, 0, 0, 4, 47.85
1746561280, 0, 534, 874, 858, 18, 7.62%, 0, 0, 4, 43.05
1746561291, 0, 534, 875, 859, 18, 7.62%, 0, 0, 4, 49.99
1746561301, 0, 536, 875, 858, 17, 7.62%, 0, 0, 4, 53.27
1746561347, 0, 536, 876, 859, 17, 7.62%, 0, 0, 4, 50.00
1746561367, 0, 537, 877, 859, 16, 7.62%, 0, 0, 4, 56.94
1746561388, 0, 551, 877, 858, 16, 7.62%, 0, 0, 4, 46.74
1746561393, 0, 551, 879, 860, 16, 7.62%, 0, 0, 5, 24.59
1746561398, 0, 551, 880, 861, 16, 7.62%, 0, 0, 5, 20.30
1746561403, 0, 551, 881, 862, 16, 7.62%, 0, 0, 5, 19.35
1746561408, 0, 551, 882, 863, 16, 7.62%, 0, 0, 5, 17.49
1746561419, 0, 551, 883, 864, 16, 7.62%, 0, 0, 5, 26.51
1746561444, 0, 551, 884, 865, 16, 7.62%, 0, 0, 5, 16.21
1746561449, 0, 551, 885, 866, 16, 7.62%, 0, 0, 5, 16.11
1746561501, 0, 551, 886, 867, 16, 7.62%, 0, 0, 5, 38.03
1746561511, 0, 551, 887, 868, 16, 7.62%, 0, 0, 5, 45.01
1746561516, 0, 551, 888, 869, 16, 7.62%, 0, 0, 5, 47.12
1746561546, 0, 551, 889, 870, 16, 7.62%, 0, 0, 5, 43.71
1746561644, 0, 551, 890, 871, 16, 7.63%, 0, 0, 5, 48.64
1746561649, 0, 551, 891, 872, 16, 7.63%, 0, 0, 5, 43.57
1746561659, 0, 551, 892, 873, 16, 7.63%, 0, 0, 5, 51.29
1746561684, 0, 551, 893, 874, 16, 7.63%, 0, 0, 5, 45.11
1746561690, 0, 551, 895, 876, 16, 7.63%, 0, 0, 5, 37.75
1746561746, 0, 551, 896, 877, 16, 7.63%, 0, 0, 5, 47.14
1746561756, 0, 581, 896, 876, 16, 7.63%, 0, 0, 5, 27.75
1746561766, 0, 581, 898, 878, 16, 7.63%, 0, 0, 5, 21.79
1746561818, 0, 581, 899, 879, 16, 7.63%, 0, 0, 5, 25.74
1746561823, 0, 581, 900, 880, 16, 7.63%, 0, 0, 5, 28.13
1746561864, 0, 581, 901, 881, 16, 7.63%, 0, 0, 5, 40.45
1746561884, 0, 581, 902, 882, 16, 7.63%, 0, 0, 5, 45.14
1746561889, 0, 581, 903, 883, 16, 7.63%, 0, 0, 5, 47.23
1746561915, 0, 581, 904, 884, 16, 7.63%, 0, 0, 5, 44.70
1746561991, 0, 581, 905, 885, 16, 7.63%, 0, 0, 5, 47.61
1746562011, 0, 581, 906, 886, 16, 7.63%, 0, 0, 5, 47.60
1746562021, 0, 581, 907, 887, 16, 7.63%, 0, 0, 5, 43.33
1746562088, 0, 581, 908, 888, 16, 7.63%, 0, 0, 5, 39.78
1746562108, 0, 581, 910, 890, 16, 7.63%, 0, 0, 5, 48.49
1746562119, 0, 737, 911, 890, 16, 7.63%, 0, 0, 5, 41.84
1746562124, 0, 737, 912, 891, 16, 7.63%, 0, 0, 5, 34.66
1746562180, 0, 767, 912, 890, 15, 7.63%, 0, 0, 5, 43.46
1746562190, 0, 767, 916, 894, 15, 7.63%, 0, 0, 5, 45.42
1746562210, 0, 767, 917, 895, 15, 7.63%, 0, 0, 5, 59.23
1746562230, 0, 767, 918, 896, 15, 7.66%, 0, 0, 5, 65.20
1746562266, 0, 784, 918, 895, 16, 7.66%, 0, 0, 5, 50.16
1746562271, 0, 784, 919, 896, 16, 7.66%, 0, 0, 5, 29.87
1746562277, 0, 784, 920, 897, 16, 7.66%, 0, 0, 5, 18.87
1746562287, 0, 784, 921, 898, 16, 7.66%, 0, 0, 5, 34.97
1746562378, 0, 799, 921, 897, 16, 7.66%, 0, 0, 5, 44.51
1746562389, 0, 799, 922, 898, 16, 7.66%, 0, 0, 5, 15.03
1746562399, 0, 799, 925, 901, 16, 7.66%, 0, 0, 5, 12.87
1746562409, 0, 799, 926, 902, 16, 7.66%, 0, 0, 5, 13.73
1746562429, 0, 799, 927, 903, 16, 7.66%, 0, 0, 5, 17.33
1746562460, 0, 799, 929, 905, 16, 7.66%, 0, 0, 5, 13.00
1746562465, 0, 799, 930, 906, 16, 7.66%, 0, 0, 5, 12.11
1746562490, 0, 799, 931, 907, 16, 7.66%, 0, 0, 5, 14.11
1746562516, 0, 799, 932, 908, 16, 7.66%, 0, 0, 5, 12.89
1746562521, 0, 799, 936, 912, 16, 7.66%, 0, 0, 5, 12.04
1746562562, 0, 799, 937, 913, 16, 7.66%, 0, 0, 5, 12.88
1746562572, 0, 799, 938, 914, 16, 7.66%, 0, 0, 5, 37.06
1746562583, 0, 819, 938, 913, 15, 7.66%, 0, 0, 5, 40.18
1746562644, 0, 823, 938, 912, 15, 7.66%, 0, 0, 5, 32.99
1746562695, 0, 823, 939, 913, 15, 7.66%, 0, 0, 5, 48.85
1746562720, 0, 826, 939, 912, 14, 7.66%, 0, 0, 5, 40.96
1746562767, 0, 827, 939, 911, 13, 7.66%, 0, 0, 5, 37.73
1746562828, 0, 841, 939, 910, 12, 7.66%, 0, 0, 5, 55.10
1746562888, 0, 864, 939, 909, 11, 7.66%, 0, 0, 5, 57.39
1746562924, 0, 871, 939, 908, 10, 7.66%, 0, 0, 5, 56.79
1746562959, 0, 871, 940, 909, 10, 7.66%, 0, 0, 5, 43.41
1746562995, 0, 876, 940, 908, 9, 7.66%, 0, 0, 5, 55.20
1746563026, 0, 879, 940, 907, 8, 7.66%, 0, 0, 5, 54.95
1746563154, 0, 880, 940, 906, 7, 7.66%, 0, 0, 5, 27.29
1746563169, 0, 880, 941, 907, 7, 7.66%, 0, 0, 6, 16.17
1746563215, 0, 880, 942, 908, 7, 7.66%, 0, 0, 6, 13.17
1746563246, 0, 880, 943, 909, 7, 7.66%, 0, 0, 6, 13.59
1746563266, 0, 880, 944, 910, 7, 7.66%, 0, 0, 6, 15.04
1746563286, 0, 880, 945, 911, 7, 7.66%, 0, 0, 6, 43.78
1746563307, 0, 887, 945, 910, 7, 7.66%, 0, 0, 6, 42.73
1746563363, 0, 896, 945, 909, 6, 7.66%, 0, 0, 6, 27.59
1746563374, 0, 896, 946, 910, 6, 7.66%, 0, 0, 6, 21.77
1746563409, 0, 896, 947, 911, 6, 7.66%, 0, 0, 6, 16.26
1746563415, 0, 896, 948, 912, 6, 7.66%, 0, 0, 6, 15.06
1746563420, 0, 896, 950, 914, 6, 7.66%, 0, 0, 6, 14.75
1746563491, 0, 901, 950, 913, 6, 7.66%, 0, 0, 6, 42.72
1746563496, 0, 901, 951, 914, 6, 7.66%, 0, 0, 6, 45.58
1746563522, 0, 901, 952, 915, 6, 7.66%, 0, 0, 6, 52.92
1746563527, 0, 901, 953, 916, 6, 7.66%, 0, 0, 6, 53.28
1746563563, 0, 901, 954, 917, 6, 7.66%, 0, 0, 6, 58.10
1746563664, 0, 915, 954, 916, 6, 7.66%, 0, 0, 6, 50.40
1746563705, 0, 920, 954, 915, 5, 7.66%, 0, 0, 6, 30.58
1746563736, 0, 920, 956, 917, 5, 7.66%, 0, 0, 6, 16.41
1746563818, 0, 920, 957, 918, 5, 7.66%, 0, 0, 6, 20.09
1746563823, 0, 920, 958, 919, 5, 7.66%, 0, 0, 6, 36.81
1746563844, 0, 933, 958, 918, 4, 7.66%, 0, 0, 6, 27.84
1746563849, 0, 933, 959, 919, 4, 7.66%, 0, 0, 6, 16.89
1746563890, 0, 933, 960, 920, 4, 7.66%, 0, 0, 6, 16.40
1746564038, 0, 941, 960, 919, 4, 7.66%, 0, 0, 6, 27.25
1746564125, 0, 941, 961, 920, 4, 7.66%, 0, 0, 7, 14.23
1746564177, 0, 942, 961, 919, 3, 7.66%, 0, 0, 7, 32.06
1746564305, 0, 942, 962, 920, 3, 7.66%, 0, 0, 7, 42.40
1746564325, 0, 942, 963, 921, 3, 7.87%, 0, 0, 7, 48.92
1746564366, 0, 950, 963, 920, 3, 7.87%, 0, 0, 7, 47.03
1746564407, 0, 959, 963, 919, 2, 7.87%, 0, 0, 7, 47.54
1746564438, 0, 959, 964, 920, 2, 7.87%, 0, 0, 7, 14.69
1746564540, 0, 959, 965, 921, 2, 7.87%, 0, 0, 7, 14.01
1746564586, 0, 959, 966, 922, 2, 7.87%, 0, 0, 7, 12.34
1746564612, 0, 962, 968, 923, 1, 7.87%, 0, 0, 8, 24.62
1746564617, 0, 962, 970, 925, 1, 7.87%, 0, 0, 8, 15.57
1746564622, 0, 962, 975, 930, 1, 8.19%, 0, 0, 8, 12.47
1746564628, 0, 962, 979, 934, 1, 8.19%, 0, 0, 8, 11.80
1746564633, 0, 962, 985, 940, 1, 8.23%, 0, 0, 8, 11.33
1746564638, 0, 962, 990, 945, 1, 8.23%, 0, 0, 8, 11.13
1746564653, 0, 962, 993, 948, 1, 8.23%, 0, 0, 8, 11.68
1746564658, 0, 962, 994, 949, 1, 8.23%, 0, 0, 8, 17.57
1746564663, 0, 962, 995, 950, 1, 8.23%, 0, 0, 8, 13.48
1746564669, 0, 962, 996, 951, 1, 8.23%, 0, 0, 8, 11.76
1746564674, 0, 962, 1000, 955, 1, 8.23%, 0, 0, 8, 11.08
1746564679, 0, 962, 1003, 958, 1, 8.23%, 0, 0, 8, 11.77
1746564684, 0, 962, 1006, 961, 1, 8.27%, 0, 0, 8, 10.67
1746564689, 0, 962, 1007, 962, 1, 8.28%, 0, 0, 8, 49.93
1746564740, 0, 962, 1011, 966, 1, 8.28%, 0, 0, 8, 12.00
1746564771, 0, 962, 1012, 967, 1, 8.28%, 0, 0, 8, 11.42
1746564776, 0, 962, 1017, 972, 1, 8.28%, 0, 0, 8, 11.26
1746564781, 0, 962, 1018, 973, 1, 8.28%, 0, 0, 8, 11.06
1746564812, 0, 962, 1019, 974, 1, 8.28%, 0, 0, 8, 10.47
1746564838, 0, 962, 1020, 975, 1, 8.28%, 0, 0, 8, 13.15
1746564843, 0, 962, 1022, 977, 1, 8.28%, 0, 0, 8, 29.29
1746564848, 0, 962, 1023, 978, 1, 8.28%, 0, 0, 8, 22.83
1746564868, 0, 962, 1024, 979, 1, 8.28%, 0, 0, 8, 11.55
1746564873, 0, 962, 1025, 980, 1, 8.28%, 0, 0, 8, 10.90
1746564878, 0, 962, 1028, 983, 1, 8.28%, 0, 0, 8, 10.06
1746564883, 0, 962, 1029, 984, 1, 8.28%, 0, 0, 8, 10.89
1746564888, 0, 962, 1030, 985, 1, 8.28%, 0, 0, 8, 11.17
1746564894, 0, 962, 1031, 986, 1, 8.28%, 0, 0, 8, 55.85
1746564914, 0, 962, 1032, 987, 1, 8.28%, 0, 0, 8, 13.34
1746564934, 0, 962, 1035, 990, 1, 8.28%, 0, 0, 8, 9.60
1746564939, 0, 962, 1036, 991, 1, 8.28%, 0, 0, 8, 9.66
1746564945, 0, 962, 1038, 993, 1, 8.29%, 0, 0, 8, 9.41
1746564950, 0, 962, 1039, 994, 1, 8.29%, 0, 0, 8, 9.95
1746564955, 0, 962, 1042, 997, 1, 8.29%, 0, 0, 8, 9.23
1746564960, 0, 962, 1043, 998, 1, 8.29%, 0, 0, 8, 9.91
1746564986, 0, 971, 1043, 997, 6, 8.29%, 0, 0, 8, 34.51
1746564996, 0, 971, 1045, 999, 6, 8.29%, 0, 0, 9, 13.12
1746565001, 0, 971, 1048, 1002, 6, 8.30%, 0, 0, 9, 11.19
1746565006, 0, 971, 1051, 1005, 6, 8.30%, 0, 0, 9, 17.57
1746565017, 0, 971, 1052, 1006, 6, 8.30%, 0, 0, 9, 11.78
1746565022, 0, 971, 1053, 1007, 6, 8.30%, 0, 0, 9, 16.83
1746565032, 0, 971, 1054, 1008, 6, 8.30%, 0, 0, 9, 11.31
1746565037, 0, 971, 1056, 1010, 6, 8.30%, 0, 0, 9, 10.50
1746565099, 0, 971, 1057, 1011, 6, 8.30%, 0, 0, 9, 11.49
1746565119, 0, 971, 1058, 1012, 6, 8.30%, 0, 0, 9, 10.18
1746565124, 0, 971, 1060, 1014, 6, 8.30%, 0, 0, 9, 10.24
1746565130, 0, 971, 1062, 1016, 6, 8.33%, 0, 0, 9, 10.18
1746565140, 0, 971, 1063, 1017, 6, 8.33%, 0, 0, 9, 10.19
1746565196, 0, 971, 1065, 1019, 6, 8.33%, 0, 0, 9, 17.06
1746565227, 0, 971, 1066, 1020, 6, 8.33%, 0, 0, 9, 10.95
1746565237, 0, 971, 1068, 1022, 6, 8.33%, 0, 0, 9, 9.53
1746565294, 0, 971, 1070, 1024, 6, 8.33%, 0, 0, 9, 9.17
1746565304, 0, 971, 1071, 1025, 6, 8.33%, 0, 0, 9, 9.44
1746565325, 0, 971, 1072, 1026, 6, 9.11%, 0, 0, 9, 22.39
1746565340, 0, 971, 1074, 1028, 6, 9.11%, 0, 0, 9, 29.52
1746565361, 0, 971, 1075, 1029, 6, 9.11%, 0, 0, 9, 32.15
1746565376, 0, 971, 1076, 1030, 6, 9.11%, 0, 0, 9, 34.69
1746565402, 0, 971, 1077, 1031, 6, 9.11%, 0, 0, 9, 37.19
1746565412, 0, 971, 1078, 1032, 6, 9.11%, 0, 0, 9, 37.75
1746565417, 0, 971, 1080, 1034, 6, 9.11%, 0, 0, 9, 34.14
1746565427, 0, 971, 1082, 1036, 6, 9.11%, 0, 0, 9, 9.43
1746565438, 0, 971, 1083, 1037, 6, 9.11%, 0, 0, 9, 41.35
1746565463, 0, 971, 1084, 1038, 6, 9.11%, 0, 0, 9, 33.79
1746565473, 0, 971, 1085, 1039, 6, 9.11%, 0, 0, 9, 34.59
1746565499, 0, 971, 1086, 1040, 6, 9.11%, 0, 0, 9, 41.80
1746565509, 0, 971, 1088, 1042, 6, 9.11%, 0, 0, 9, 33.46
1746565530, 0, 971, 1089, 1043, 6, 9.11%, 0, 0, 9, 38.68
1746565576, 0, 971, 1090, 1044, 6, 9.11%, 0, 0, 9, 37.46
1746565591, 0, 971, 1091, 1045, 6, 9.11%, 0, 0, 9, 40.22
1746565607, 0, 971, 1094, 1048, 6, 9.14%, 0, 0, 9, 29.40
1746565617, 0, 971, 1095, 1049, 6, 9.15%, 0, 0, 9, 7.38
1746565627, 0, 971, 1096, 1050, 6, 9.15%, 0, 0, 9, 37.21
1746565663, 0, 971, 1097, 1051, 6, 9.15%, 0, 0, 9, 36.98
1746565668, 0, 1009, 1097, 1050, 13, 9.15%, 0, 0, 9, 22.96
1746565679, 0, 1009, 1099, 1052, 13, 9.15%, 0, 0, 9, 12.35
1746565684, 0, 1009, 1100, 1053, 13, 9.15%, 0, 0, 9, 17.58
1746565802, 0, 1009, 1101, 1054, 13, 9.15%, 0, 0, 9, 10.72
1746565853, 0, 1009, 1103, 1056, 13, 9.15%, 0, 0, 9, 9.89
1746565858, 0, 1009, 1104, 1057, 13, 9.15%, 0, 0, 9, 16.29
1746565909, 0, 1009, 1105, 1058, 13, 9.15%, 0, 0, 9, 56.03
1746565935, 0, 1009, 1106, 1059, 13, 9.15%, 0, 0, 9, 12.04
1746565966, 0, 1009, 1107, 1060, 13, 9.15%, 0, 0, 9, 9.81
1746565971, 0, 1009, 1108, 1061, 13, 9.15%, 0, 0, 9, 10.39
1746565986, 0, 1009, 1110, 1063, 13, 9.16%, 0, 0, 9, 30.86
1746565991, 0, 1009, 1111, 1064, 13, 9.16%, 0, 0, 9, 34.32
1746566063, 0, 1009, 1112, 1065, 13, 9.16%, 0, 0, 9, 32.72
1746566068, 0, 1009, 1113, 1066, 13, 9.16%, 0, 0, 9, 10.07
1746566130, 0, 1009, 1114, 1067, 13, 9.16%, 0, 0, 9, 33.54
1746566155, 0, 1009, 1115, 1068, 13, 9.16%, 0, 0, 9, 33.54
1746566170, 0, 1009, 1116, 1069, 13, 9.16%, 0, 0, 9, 41.53
1746566226, 0, 1010, 1116, 1068, 14, 9.16%, 0, 0, 9, 32.14
1746566386, 0, 1010, 1117, 1069, 14, 9.16%, 0, 0, 9, 11.68
1746566463, 0, 1024, 1117, 1068, 13, 9.16%, 0, 0, 9, 32.44
1746566478, 0, 1024, 1118, 1069, 13, 9.16%, 0, 0, 9, 9.17
1746566504, 0, 1024, 1119, 1070, 13, 9.16%, 0, 0, 9, 14.64
1746566591, 0, 1024, 1120, 1071, 13, 9.16%, 0, 0, 9, 8.67
1746566611, 0, 1024, 1121, 1072, 13, 9.16%, 0, 0, 9, 8.50
1746566616, 0, 1024, 1122, 1073, 13, 9.16%, 0, 0, 9, 8.50
1746566811, 0, 1024, 1123, 1074, 13, 9.16%, 0, 0, 9, 8.27
1746566837, 0, 1024, 1125, 1076, 13, 9.16%, 0, 0, 9, 34.89
1746566857, 0, 1024, 1126, 1077, 13, 9.16%, 0, 0, 9, 29.77
1746566883, 0, 1024, 1127, 1078, 13, 9.63%, 0, 0, 9, 38.57
1746566893, 0, 1024, 1128, 1079, 13, 9.63%, 0, 0, 9, 36.39
1746566919, 0, 1024, 1129, 1080, 13, 9.63%, 0, 0, 9, 48.61
1746566950, 0, 1024, 1130, 1081, 13, 9.63%, 0, 0, 9, 33.98
1746566955, 0, 1024, 1131, 1082, 13, 9.63%, 0, 0, 9, 41.47
1746566960, 0, 1024, 1132, 1083, 13, 9.63%, 0, 0, 9, 38.87
1746566976, 0, 1024, 1133, 1084, 13, 9.63%, 0, 0, 9, 5.97
1746567007, 0, 1024, 1134, 1085, 13, 9.63%, 0, 0, 9, 36.41
1746567068, 0, 1024, 1135, 1086, 13, 9.63%, 0, 0, 9, 32.93
1746567079, 0, 1024, 1136, 1087, 13, 9.63%, 0, 0, 9, 5.92
1746567109, 0, 1024, 1137, 1088, 13, 9.63%, 0, 0, 9, 34.06
1746567145, 0, 1024, 1138, 1089, 13, 9.63%, 0, 0, 9, 5.22
1746567171, 0, 1055, 1138, 1088, 12, 9.63%, 0, 0, 9, 31.88
1746567212, 0, 1055, 1139, 1089, 12, 9.63%, 0, 0, 10, 10.56
1746567299, 0, 1055, 1140, 1090, 12, 9.63%, 0, 0, 10, 10.00
1746567304, 0, 1055, 1141, 1091, 12, 9.63%, 0, 0, 10, 10.01
1746567462, 0, 1055, 1142, 1092, 12, 9.63%, 0, 0, 10, 9.69
1746567468, 0, 1055, 1143, 1093, 12, 9.63%, 0, 0, 10, 8.78
1746567493, 0, 1055, 1144, 1094, 12, 9.63%, 0, 0, 10, 21.61
1746567519, 0, 1055, 1145, 1095, 12, 9.63%, 0, 0, 10, 35.24
1746567529, 0, 1055, 1146, 1096, 12, 9.63%, 0, 0, 10, 34.70
1746567534, 0, 1055, 1147, 1097, 12, 9.63%, 0, 0, 10, 33.92
1746567560, 0, 1055, 1148, 1098, 12, 9.63%, 0, 0, 10, 34.53
1746567565, 0, 1055, 1149, 1099, 12, 9.63%, 0, 0, 10, 40.56
1746567625, 0, 1055, 1150, 1100, 12, 9.63%, 0, 0, 10, 5.87
1746567661, 0, 1055, 1151, 1101, 12, 9.63%, 0, 0, 10, 28.70
1746567672, 0, 1055, 1152, 1102, 12, 9.63%, 0, 0, 10, 34.28
1746567733, 0, 1055, 1153, 1103, 12, 9.63%, 0, 0, 10, 36.11
1746567743, 0, 1061, 1153, 1102, 11, 9.63%, 0, 0, 10, 34.09
1746567758, 0, 1061, 1155, 1104, 11, 9.63%, 0, 0, 10, 10.79
1746567774, 0, 1061, 1156, 1105, 11, 9.63%, 0, 0, 10, 10.31
1746567789, 0, 1061, 1157, 1106, 11, 9.63%, 0, 0, 10, 10.91
1746567948, 0, 1061, 1158, 1107, 11, 9.63%, 0, 0, 10, 13.55
1746567994, 0, 1061, 1159, 1108, 11, 9.63%, 0, 0, 10, 9.41
1746567999, 0, 1061, 1160, 1109, 11, 9.63%, 0, 0, 10, 53.97
1746568091, 0, 1061, 1161, 1110, 11, 9.64%, 0, 0, 10, 36.70
1746568096, 0, 1061, 1163, 1112, 11, 9.64%, 0, 0, 10, 6.29
1746568143, 0, 1061, 1164, 1113, 11, 9.64%, 0, 0, 10, 34.48
1746568153, 0, 1061, 1165, 1114, 11, 9.64%, 0, 0, 10, 48.96
1746568158, 0, 1061, 1166, 1115, 11, 9.64%, 0, 0, 10, 33.88
1746568194, 0, 1061, 1167, 1116, 11, 9.64%, 0, 0, 10, 35.65
1746568199, 0, 1061, 1168, 1117, 11, 9.64%, 0, 0, 10, 34.73
1746568214, 0, 1061, 1169, 1118, 11, 9.64%, 0, 0, 10, 34.61
1746568229, 0, 1061, 1170, 1119, 11, 9.64%, 0, 0, 10, 36.33
1746568234, 0, 1061, 1171, 1120, 11, 9.65%, 0, 0, 10, 40.26
1746568250, 0, 1061, 1172, 1121, 11, 9.65%, 0, 0, 10, 35.43
1746568255, 0, 1061, 1173, 1122, 11, 9.65%, 0, 0, 10, 32.99
1746568260, 0, 1061, 1174, 1123, 11, 9.65%, 0, 0, 10, 27.32
1746568286, 0, 1061, 1175, 1124, 11, 9.65%, 0, 0, 10, 6.39
1746568296, 0, 1061, 1176, 1125, 11, 9.65%, 0, 0, 10, 35.02
1746568317, 0, 1061, 1177, 1126, 11, 9.65%, 0, 0, 10, 33.24
1746568322, 0, 1061, 1178, 1127, 11, 9.65%, 0, 0, 10, 34.95
1746568332, 0, 1071, 1178, 1126, 12, 9.65%, 0, 0, 10, 14.03
1746568337, 0, 1071, 1179, 1127, 12, 9.65%, 0, 0, 10, 12.05
1746568342, 0, 1071, 1180, 1128, 12, 9.65%, 0, 0, 10, 9.56
1746568347, 0, 1071, 1183, 1131, 12, 9.65%, 0, 0, 10, 7.70
1746568353, 0, 1071, 1185, 1133, 12, 9.65%, 0, 0, 10, 7.33
1746568358, 0, 1071, 1188, 1136, 12, 9.67%, 0, 0, 10, 6.52
1746568363, 0, 1071, 1191, 1139, 12, 9.67%, 0, 0, 10, 6.46
1746568368, 0, 1071, 1193, 1141, 12, 9.67%, 0, 0, 10, 6.41
1746568373, 0, 1071, 1194, 1142, 12, 9.67%, 0, 0, 10, 6.46
1746568384, 0, 1071, 1196, 1144, 12, 9.67%, 0, 0, 10, 6.38
1746568394, 0, 1071, 1198, 1146, 12, 9.67%, 0, 0, 10, 6.12
1746568399, 0, 1071, 1201, 1149, 12, 9.67%, 0, 0, 10, 6.42
1746568404, 0, 1071, 1204, 1152, 12, 9.94%, 0, 0, 10, 6.23
1746568410, 0, 1071, 1207, 1155, 12, 9.96%, 0, 0, 10, 6.05
1746568415, 0, 1071, 1210, 1158, 12, 9.96%, 0, 0, 10, 5.90
1746568420, 0, 1071, 1212, 1160, 12, 9.96%, 0, 0, 10, 5.71
1746568425, 0, 1071, 1213, 1161, 12, 9.96%, 0, 0, 10, 6.03
1746568441, 0, 1071, 1214, 1162, 12, 9.96%, 0, 0, 10, 11.04
1746568446, 0, 1071, 1217, 1165, 12, 9.96%, 0, 0, 10, 8.09
1746568451, 0, 1071, 1218, 1166, 12, 9.96%, 0, 0, 10, 7.11
1746568457, 0, 1071, 1221, 1169, 12, 9.97%, 0, 0, 10, 6.18
1746568472, 0, 1071, 1222, 1170, 12, 9.97%, 0, 0, 10, 6.23
1746568482, 0, 1071, 1224, 1172, 12, 9.97%, 0, 0, 10, 6.33
1746568487, 0, 1071, 1227, 1175, 12, 9.97%, 0, 0, 10, 6.06
1746568493, 0, 1071, 1230, 1178, 12, 9.97%, 0, 0, 10, 5.97
1746568498, 0, 1071, 1233, 1181, 12, 9.97%, 0, 0, 10, 5.75
1746568503, 0, 1071, 1235, 1183, 12, 9.97%, 0, 0, 10, 6.00
1746568508, 0, 1071, 1237, 1185, 12, 9.97%, 0, 0, 10, 5.99
1746568529, 0, 1071, 1239, 1187, 12, 9.97%, 0, 0, 10, 8.61
1746568534, 0, 1071, 1241, 1189, 12, 9.97%, 0, 0, 10, 7.19
1746568540, 0, 1071, 1243, 1191, 12, 9.97%, 0, 0, 10, 6.46
1746568545, 0, 1071, 1244, 1192, 12, 9.97%, 0, 0, 10, 6.31
1746568555, 0, 1071, 1247, 1195, 12, 10.13%, 0, 0, 10, 6.13
1746568560, 0, 1071, 1248, 1196, 12, 10.13%, 0, 0, 10, 6.13
1746568566, 0, 1071, 1251, 1199, 12, 10.13%, 0, 0, 10, 6.07
1746568571, 0, 1071, 1252, 1200, 12, 10.13%, 0, 0, 10, 6.04
1746568576, 0, 1071, 1254, 1202, 12, 10.13%, 0, 0, 10, 6.03
1746568581, 0, 1071, 1257, 1205, 12, 10.13%, 0, 0, 10, 5.70
1746568587, 0, 1071, 1260, 1208, 12, 10.13%, 0, 0, 10, 5.41
1746568592, 0, 1071, 1263, 1211, 12, 10.13%, 0, 0, 10, 5.46
1746568597, 0, 1071, 1266, 1214, 12, 10.13%, 0, 0, 10, 5.74
1746568602, 0, 1071, 1268, 1216, 12, 10.13%, 0, 0, 10, 5.86
1746568613, 0, 1071, 1269, 1217, 12, 10.13%, 0, 0, 10, 7.38
1746568618, 0, 1071, 1271, 1219, 12, 10.13%, 0, 0, 10, 7.17
1746568623, 0, 1071, 1272, 1220, 12, 10.13%, 0, 0, 10, 7.54
1746568628, 0, 1071, 1275, 1223, 12, 10.14%, 0, 0, 10, 5.81
1746568633, 0, 1071, 1276, 1224, 12, 10.14%, 0, 0, 10, 7.54
1746568638, 0, 1071, 1278, 1226, 12, 10.14%, 0, 0, 10, 6.61
1746568643, 0, 1071, 1281, 1229, 12, 10.14%, 0, 0, 10, 5.71
1746568648, 0, 1071, 1282, 1230, 12, 10.14%, 0, 0, 10, 53.64
1746568700, 0, 1071, 1283, 1231, 12, 10.14%, 0, 0, 10, 11.13
1746568710, 0, 1071, 1284, 1232, 12, 10.14%, 0, 0, 10, 8.68
1746568741, 0, 1071, 1286, 1234, 12, 10.14%, 0, 0, 10, 7.78
1746568746, 0, 1071, 1287, 1235, 12, 10.14%, 0, 0, 10, 7.20
1746568751, 0, 1071, 1289, 1237, 12, 10.14%, 0, 0, 10, 6.88
1746568756, 0, 1071, 1290, 1238, 12, 10.14%, 0, 0, 10, 6.69
1746568761, 0, 1071, 1291, 1239, 12, 10.14%, 0, 0, 10, 7.21
1746568782, 0, 1071, 1292, 1240, 12, 10.14%, 0, 0, 10, 6.66
1746568787, 0, 1071, 1294, 1242, 12, 10.14%, 0, 0, 10, 5.71
1746568792, 0, 1071, 1297, 1245, 12, 10.14%, 0, 0, 10, 5.41
1746568797, 0, 1071, 1298, 1246, 12, 10.14%, 0, 0, 10, 5.55
1746568869, 0, 1071, 1299, 1247, 12, 10.14%, 0, 0, 10, 6.17
1746568931, 0, 1071, 1300, 1248, 12, 10.14%, 0, 0, 10, 6.12
1746568936, 0, 1071, 1301, 1249, 12, 10.14%, 0, 0, 10, 6.04
1746568941, 0, 1071, 1304, 1252, 12, 10.15%, 0, 0, 10, 6.07
1746568947, 0, 1071, 1306, 1254, 12, 10.15%, 0, 0, 10, 6.01
1746568952, 0, 1071, 1308, 1256, 12, 10.15%, 0, 0, 10, 5.99
1746568957, 0, 1071, 1309, 1257, 12, 10.15%, 0, 0, 10, 5.94
1746568962, 0, 1071, 1312, 1260, 12, 10.15%, 0, 0, 10, 6.04
1746568972, 0, 1071, 1313, 1261, 12, 10.15%, 0, 0, 10, 5.90
1746568978, 0, 1071, 1315, 1263, 12, 10.15%, 0, 0, 10, 5.60
1746568983, 0, 1071, 1317, 1265, 12, 10.15%, 0, 0, 10, 5.48
1746568988, 0, 1071, 1318, 1266, 12, 10.15%, 0, 0, 10, 5.58
1746568993, 0, 1071, 1320, 1268, 12, 10.15%, 0, 0, 10, 5.58
1746568998, 0, 1071, 1322, 1270, 12, 10.15%, 0, 0, 10, 5.47
1746569009, 0, 1071, 1323, 1271, 12, 10.15%, 0, 0, 10, 6.15
1746569014, 0, 1071, 1324, 1272, 12, 10.15%, 0, 0, 10, 6.36
1746569019, 0, 1071, 1325, 1273, 12, 10.15%, 0, 0, 10, 5.90
1746569024, 0, 1071, 1327, 1275, 12, 10.15%, 0, 0, 10, 5.72
1746569029, 0, 1071, 1329, 1277, 12, 10.15%, 0, 0, 10, 5.70
1746569082, 0, 1071, 1331, 1279, 12, 10.15%, 0, 0, 10, 9.18
1746569112, 0, 1071, 1332, 1280, 12, 10.15%, 0, 0, 10, 6.00
1746569118, 0, 1071, 1333, 1281, 12, 10.15%, 0, 0, 10, 5.68
1746569159, 0, 1071, 1335, 1283, 12, 10.15%, 0, 0, 10, 5.93
1746569170, 0, 1071, 1336, 1284, 12, 10.15%, 0, 0, 10, 5.48
1746569175, 0, 1071, 1338, 1286, 12, 10.15%, 0, 0, 10, 5.68
1746569216, 0, 1071, 1339, 1287, 12, 10.15%, 0, 0, 10, 7.00
1746569221, 0, 1071, 1340, 1288, 12, 10.15%, 0, 0, 10, 6.48
1746569227, 0, 1071, 1342, 1290, 12, 10.15%, 0, 0, 10, 6.01
1746569232, 0, 1071, 1344, 1292, 12, 10.16%, 0, 0, 10, 5.90
1746569263, 0, 1071, 1345, 1293, 12, 10.16%, 0, 0, 10, 11.18
1746569268, 0, 1071, 1346, 1294, 12, 10.16%, 0, 0, 10, 9.93
1746569273, 0, 1071, 1347, 1295, 12, 10.16%, 0, 0, 10, 8.88
1746569366, 0, 1071, 1348, 1296, 12, 10.16%, 0, 0, 10, 6.62
1746569381, 0, 1071, 1349, 1297, 12, 10.16%, 0, 0, 10, 6.27
1746569392, 0, 1071, 1351, 1299, 12, 10.16%, 0, 0, 10, 5.56
1746569397, 0, 1071, 1352, 1300, 12, 10.16%, 0, 0, 10, 5.42
1746569402, 0, 1071, 1353, 1301, 12, 10.16%, 0, 0, 10, 5.78
1746569407, 0, 1071, 1355, 1303, 12, 10.16%, 0, 0, 10, 5.56
1746569412, 0, 1071, 1358, 1306, 12, 10.16%, 0, 0, 10, 5.30
1746569423, 0, 1071, 1359, 1307, 12, 10.16%, 0, 0, 10, 6.14
1746569474, 0, 1071, 1360, 1308, 12, 10.16%, 0, 0, 10, 9.09
1746569479, 0, 1071, 1361, 1309, 12, 10.16%, 0, 0, 10, 7.87
1746569484, 0, 1071, 1362, 1310, 12, 10.16%, 0, 0, 10, 6.69
1746569495, 0, 1071, 1363, 1311, 12, 10.16%, 0, 0, 10, 8.03
1746569510, 0, 1071, 1364, 1312, 12, 10.16%, 0, 0, 10, 7.67
1746569531, 0, 1071, 1365, 1313, 12, 10.16%, 0, 0, 10, 6.06
1746569541, 0, 1071, 1366, 1314, 12, 10.16%, 0, 0, 10, 6.18
1746569546, 0, 1071, 1367, 1315, 12, 10.16%, 0, 0, 10, 5.88
1746569551, 0, 1071, 1368, 1316, 12, 10.16%, 0, 0, 10, 5.59
1746569556, 0, 1071, 1370, 1318, 12, 10.16%, 0, 0, 10, 4.80
1746569562, 0, 1071, 1371, 1319, 12, 10.16%, 0, 0, 10, 5.25
1746569572, 0, 1071, 1372, 1320, 12, 10.16%, 0, 0, 10, 5.80
1746569577, 0, 1071, 1374, 1322, 12, 10.31%, 0, 0, 10, 5.44
1746569603, 0, 1071, 1375, 1323, 12, 10.31%, 0, 0, 10, 5.71
1746569609, 0, 1071, 1376, 1324, 12, 10.31%, 0, 0, 10, 5.95
1746569619, 0, 1071, 1377, 1325, 12, 10.31%, 0, 0, 10, 5.91
1746569629, 0, 1071, 1379, 1327, 12, 10.31%, 0, 0, 10, 6.61
1746569634, 0, 1071, 1380, 1328, 12, 10.31%, 0, 0, 10, 6.74
1746569639, 0, 1071, 1381, 1329, 12, 10.31%, 0, 0, 10, 6.21
1746569655, 0, 1071, 1382, 1330, 12, 10.31%, 0, 0, 10, 6.58
1746569670, 0, 1071, 1384, 1332, 12, 10.31%, 0, 0, 10, 6.05
1746569685, 0, 1071, 1385, 1333, 12, 10.31%, 0, 0, 10, 5.74
1746569691, 0, 1071, 1386, 1334, 12, 10.31%, 0, 0, 10, 5.57
1746569696, 0, 1071, 1387, 1335, 12, 10.31%, 0, 0, 10, 5.00
1746569701, 0, 1071, 1389, 1337, 12, 10.32%, 0, 0, 10, 5.61
1746569706, 0, 1071, 1391, 1339, 12, 10.32%, 0, 0, 10, 5.49
1746569711, 0, 1071, 1392, 1340, 12, 10.32%, 0, 0, 10, 5.01
1746569716, 0, 1071, 1393, 1341, 12, 10.32%, 0, 0, 10, 5.30
1746569721, 0, 1071, 1395, 1343, 12, 10.32%, 0, 0, 10, 5.63
1746569731, 0, 1071, 1396, 1344, 12, 10.32%, 0, 0, 10, 6.43
1746569736, 0, 1071, 1397, 1345, 12, 10.32%, 0, 0, 10, 5.73
1746569741, 0, 1071, 1399, 1347, 12, 10.32%, 0, 0, 10, 5.54
1746569757, 0, 1071, 1401, 1349, 12, 10.32%, 0, 0, 10, 14.92
1746569777, 0, 1071, 1402, 1350, 12, 10.32%, 0, 0, 10, 7.24
1746569782, 0, 1071, 1403, 1351, 12, 10.32%, 0, 0, 10, 15.67
1746569798, 0, 1071, 1405, 1353, 12, 10.32%, 0, 0, 10, 4.16
1746569803, 0, 1071, 1406, 1354, 12, 10.32%, 0, 0, 10, 29.59
1746569818, 0, 1071, 1407, 1355, 12, 10.32%, 0, 0, 10, 22.26
1746569828, 0, 1071, 1408, 1356, 12, 10.32%, 0, 0, 10, 22.19
1746569839, 0, 1071, 1409, 1357, 12, 10.32%, 0, 0, 10, 18.50
1746569844, 0, 1071, 1410, 1358, 12, 10.32%, 0, 0, 10, 16.38
1746569849, 0, 1071, 1411, 1359, 12, 10.32%, 0, 0, 10, 21.47
1746569854, 0, 1071, 1412, 1360, 12, 10.32%, 0, 0, 10, 4.17
1746569869, 0, 1071, 1413, 1361, 12, 10.33%, 0, 0, 10, 21.09
1746569890, 0, 1071, 1415, 1363, 12, 10.33%, 0, 0, 10, 20.33
1746569895, 0, 1071, 1417, 1365, 12, 10.33%, 0, 0, 10, 14.00
1746569911, 0, 1071, 1418, 1366, 12, 10.33%, 0, 0, 10, 23.89
1746569926, 0, 1071, 1420, 1368, 12, 10.33%, 0, 0, 10, 9.18
1746569936, 0, 1071, 1421, 1369, 12, 10.33%, 0, 0, 10, 18.77
1746569941, 0, 1071, 1422, 1370, 12, 10.33%, 0, 0, 10, 19.70
1746569946, 0, 1071, 1423, 1371, 12, 10.33%, 0, 0, 10, 18.14
1746569977, 0, 1071, 1424, 1372, 12, 10.33%, 0, 0, 10, 19.12
1746569987, 0, 1071, 1425, 1373, 12, 10.33%, 0, 0, 10, 34.78
1746570033, 0, 1071, 1426, 1374, 12, 10.33%, 0, 0, 10, 47.85
1746570038, 0, 1071, 1427, 1375, 12, 10.33%, 0, 0, 10, 5.70
1746570059, 0, 1071, 1428, 1376, 12, 10.33%, 0, 0, 10, 23.50
1746570069, 0, 1071, 1429, 1377, 12, 10.33%, 0, 0, 10, 20.55
1746570074, 0, 1071, 1430, 1378, 12, 10.33%, 0, 0, 10, 20.17
1746570085, 0, 1071, 1431, 1379, 12, 10.35%, 0, 0, 10, 20.08
1746570090, 0, 1071, 1432, 1380, 12, 10.35%, 0, 0, 10, 22.25
1746570105, 0, 1071, 1434, 1382, 12, 10.36%, 0, 0, 10, 10.98
1746570110, 0, 1071, 1435, 1383, 12, 10.36%, 0, 0, 10, 17.22
1746570115, 0, 1071, 1437, 1385, 12, 10.36%, 0, 0, 10, 20.26
1746570121, 0, 1071, 1438, 1386, 12, 10.36%, 0, 0, 10, 19.11
1746570136, 0, 1071, 1440, 1388, 12, 10.36%, 0, 0, 10, 17.27
1746570177, 0, 1071, 1441, 1389, 12, 10.36%, 0, 0, 10, 4.17
1746570192, 0, 1071, 1442, 1390, 12, 10.36%, 0, 0, 10, 9.56
1746570208, 0, 1071, 1444, 1392, 12, 10.36%, 0, 0, 10, 16.34
1746570218, 0, 1094, 1444, 1391, 24, 10.36%, 0, 0, 10, 20.67
1746570228, 0, 1094, 1445, 1392, 24, 10.36%, 0, 0, 10, 12.04
1746570284, 0, 1094, 1446, 1393, 24, 10.36%, 0, 0, 10, 7.45
1746570294, 0, 1094, 1447, 1394, 24, 10.36%, 0, 0, 10, 6.95
1746570325, 0, 1094, 1449, 1396, 24, 10.36%, 0, 0, 10, 8.76
1746570330, 0, 1094, 1450, 1397, 24, 10.36%, 0, 0, 10, 7.59
1746570346, 0, 1094, 1451, 1398, 24, 10.36%, 0, 0, 10, 6.94
1746570366, 0, 1094, 1453, 1400, 24, 10.36%, 0, 0, 10, 8.17
1746570443, 0, 1094, 1454, 1401, 24, 10.36%, 0, 0, 10, 8.93
1746570464, 0, 1094, 1455, 1402, 24, 10.36%, 0, 0, 10, 8.97
1746570556, 0, 1094, 1457, 1404, 24, 10.36%, 0, 0, 10, 6.73
1746570577, 0, 1094, 1458, 1405, 24, 10.36%, 0, 0, 10, 6.87
1746570582, 0, 1094, 1459, 1406, 24, 10.36%, 0, 0, 10, 6.94
1746570613, 0, 1094, 1460, 1407, 24, 10.36%, 0, 0, 10, 6.91
1746570623, 0, 1094, 1461, 1408, 24, 10.36%, 0, 0, 10, 6.66
1746570829, 0, 1094, 1462, 1409, 24, 10.36%, 0, 0, 10, 8.90
1746570834, 0, 1094, 1463, 1410, 24, 10.36%, 0, 0, 10, 7.67
1746570870, 0, 1094, 1464, 1411, 24, 10.36%, 0, 0, 10, 10.40
1746570885, 0, 1094, 1465, 1412, 24, 10.36%, 0, 0, 10, 9.11
1746570895, 0, 1094, 1466, 1413, 24, 10.36%, 0, 0, 10, 7.77
1746570905, 0, 1094, 1468, 1415, 24, 10.36%, 0, 0, 10, 7.40
1746570910, 0, 1094, 1469, 1416, 24, 10.36%, 0, 0, 10, 7.00
1746570921, 0, 1094, 1470, 1417, 24, 10.36%, 0, 0, 10, 6.71
1746570931, 0, 1094, 1471, 1418, 24, 10.36%, 0, 0, 10, 6.79
1746570936, 0, 1094, 1472, 1419, 24, 10.36%, 0, 0, 10, 6.68
1746570941, 0, 1094, 1473, 1420, 24, 10.36%, 0, 0, 10, 6.94
1746570952, 0, 1094, 1474, 1421, 24, 10.36%, 0, 0, 10, 7.07
1746570967, 0, 1094, 1475, 1422, 24, 10.36%, 0, 0, 10, 6.97
1746570972, 0, 1094, 1476, 1423, 24, 10.36%, 0, 0, 10, 6.88
1746571039, 0, 1094, 1477, 1424, 24, 10.36%, 0, 0, 10, 8.94
1746571044, 0, 1094, 1478, 1425, 24, 10.36%, 0, 0, 10, 8.11
1746571065, 0, 1094, 1479, 1426, 24, 10.36%, 0, 0, 10, 8.57
1746571070, 0, 1094, 1481, 1428, 24, 10.36%, 0, 0, 10, 8.18
1746571090, 0, 1094, 1482, 1429, 24, 10.36%, 0, 0, 10, 7.42
1746571116, 0, 1094, 1483, 1430, 24, 10.36%, 0, 0, 10, 6.59
1746571137, 0, 1094, 1484, 1431, 24, 10.36%, 0, 0, 10, 7.17
1746571147, 0, 1094, 1486, 1433, 24, 10.36%, 0, 0, 10, 7.31
1746571163, 0, 1094, 1487, 1434, 24, 10.36%, 0, 0, 10, 7.23
1746571178, 0, 1094, 1488, 1435, 24, 10.36%, 0, 0, 10, 7.09
1746571229, 0, 1094, 1489, 1436, 24, 10.36%, 0, 0, 10, 11.53
1746571245, 0, 1094, 1491, 1438, 24, 10.36%, 0, 0, 10, 6.56
1746571270, 0, 1094, 1492, 1439, 24, 10.36%, 0, 0, 10, 25.26
1746571306, 0, 1094, 1493, 1440, 24, 10.36%, 0, 0, 10, 23.75
1746571326, 0, 1094, 1494, 1441, 24, 10.36%, 0, 0, 10, 24.15
1746571342, 0, 1094, 1495, 1442, 24, 10.36%, 0, 0, 10, 24.63
1746571347, 0, 1094, 1496, 1443, 24, 10.36%, 0, 0, 10, 25.64
1746571408, 0, 1094, 1497, 1444, 24, 10.36%, 0, 0, 10, 24.33
1746571439, 0, 1094, 1498, 1445, 24, 10.36%, 0, 0, 10, 30.96
1746571480, 0, 1094, 1499, 1446, 24, 10.36%, 0, 0, 10, 22.77
1746571501, 0, 1094, 1500, 1447, 24, 10.36%, 0, 0, 10, 21.33
1746571542, 0, 1094, 1501, 1448, 24, 10.36%, 0, 0, 10, 22.97
1746571547, 0, 1094, 1503, 1450, 24, 10.36%, 0, 0, 10, 19.05
1746571552, 0, 1094, 1504, 1451, 24, 10.36%, 0, 0, 10, 21.68
1746571583, 0, 1094, 1505, 1452, 24, 10.36%, 0, 0, 10, 24.84
1746571604, 0, 1094, 1506, 1453, 24, 10.36%, 0, 0, 10, 15.71
1746571614, 0, 1094, 1507, 1454, 24, 10.36%, 0, 0, 10, 20.10
1746571624, 0, 1108, 1509, 1455, 20, 10.36%, 0, 0, 10, 20.37
1746571629, 0, 1108, 1510, 1456, 20, 10.36%, 0, 0, 10, 14.12
1746571634, 0, 1108, 1513, 1459, 20, 10.36%, 0, 0, 10, 12.36
1746571640, 0, 1108, 1515, 1461, 20, 10.36%, 0, 0, 10, 11.70
1746571645, 0, 1108, 1516, 1462, 20, 10.36%, 0, 0, 10, 15.85
1746571650, 0, 1108, 1517, 1463, 20, 10.36%, 0, 0, 10, 12.88
1746571655, 0, 1108, 1518, 1464, 20, 10.36%, 0, 0, 10, 11.65
1746571696, 0, 1108, 1520, 1466, 20, 10.36%, 0, 0, 10, 13.07
1746571747, 0, 1108, 1521, 1467, 20, 10.36%, 0, 0, 10, 11.84
1746571880, 0, 1108, 1522, 1468, 20, 10.36%, 0, 0, 10, 18.01
1746571886, 0, 1108, 1523, 1469, 20, 10.36%, 0, 0, 10, 14.16
1746571982, 0, 1125, 1523, 1468, 21, 10.36%, 0, 0, 10, 27.87
1746572218, 0, 1125, 1524, 1469, 21, 10.36%, 0, 0, 10, 9.09
1746572274, 0, 1125, 1525, 1470, 21, 10.36%, 0, 0, 10, 9.67
1746572279, 0, 1125, 1526, 1471, 21, 10.36%, 0, 0, 10, 8.64
1746572284, 0, 1125, 1527, 1472, 21, 10.36%, 0, 0, 10, 8.07
1746572289, 0, 1125, 1528, 1473, 21, 10.36%, 0, 0, 10, 7.33
1746572299, 0, 1125, 1529, 1474, 21, 10.36%, 0, 0, 10, 9.10
1746572351, 0, 1153, 1529, 1473, 21, 10.36%, 0, 0, 10, 25.08
1746572361, 0, 1153, 1530, 1474, 21, 10.36%, 0, 0, 11, 11.49
1746572376, 0, 1153, 1531, 1475, 21, 10.36%, 0, 0, 11, 10.58
1746572381, 0, 1153, 1532, 1476, 21, 10.36%, 0, 0, 11, 17.69
1746572391, 0, 1153, 1533, 1477, 21, 10.36%, 0, 0, 11, 10.96
1746572396, 0, 1153, 1534, 1478, 21, 10.36%, 0, 0, 11, 11.48
1746572488, 0, 1153, 1535, 1479, 21, 10.36%, 0, 0, 11, 9.67
1746572494, 0, 1153, 1536, 1480, 21, 10.36%, 0, 0, 11, 9.62
1746572499, 0, 1153, 1537, 1481, 21, 10.36%, 0, 0, 11, 9.30
1746572596, 0, 1153, 1539, 1483, 21, 10.36%, 0, 0, 11, 9.89
1746572602, 0, 1153, 1540, 1484, 21, 10.36%, 0, 0, 11, 58.92
1746572719, 0, 1159, 1540, 1483, 20, 10.36%, 0, 0, 11, 24.05
1746572735, 0, 1159, 1541, 1484, 20, 10.36%, 0, 0, 11, 41.09
1746572745, 0, 1159, 1542, 1485, 20, 10.36%, 0, 0, 11, 12.06
1746572750, 0, 1159, 1544, 1487, 20, 10.36%, 0, 0, 11, 9.54
1746572766, 0, 1159, 1545, 1488, 20, 10.36%, 0, 0, 11, 10.20
1746572874, 0, 1159, 1546, 1489, 20, 10.36%, 0, 0, 11, 8.74
1746573053, 0, 1159, 1547, 1490, 20, 10.36%, 0, 0, 11, 25.34
1746573099, 0, 1159, 1548, 1491, 20, 10.36%, 0, 0, 11, 34.91
1746573181, 0, 1160, 1548, 1490, 20, 10.36%, 0, 0, 11, 25.79
1746573191, 0, 1160, 1549, 1491, 20, 10.36%, 0, 0, 11, 18.79
1746573217, 0, 1160, 1550, 1492, 20, 10.36%, 0, 0, 11, 25.83
1746573371, 0, 1162, 1550, 1491, 20, 10.36%, 0, 0, 11, 7.28
1746573443, 0, 1162, 1551, 1492, 20, 10.36%, 0, 0, 11, 8.27
1746573515, 0, 1162, 1552, 1493, 20, 10.36%, 0, 0, 11, 11.28
1746573572, 0, 1162, 1553, 1494, 20, 10.36%, 0, 0, 11, 6.11
1746573723, 0, 1162, 1554, 1495, 20, 10.36%, 0, 0, 11, 10.28
1746573743, 0, 1162, 1555, 1496, 20, 10.36%, 0, 0, 11, 7.51
1746573861, 0, 1162, 1557, 1498, 20, 10.36%, 0, 0, 11, 7.50
1746573876, 0, 1162, 1558, 1499, 20, 10.36%, 0, 0, 11, 6.24
1746573948, 0, 1188, 1558, 1498, 20, 10.36%, 0, 0, 11, 26.19
1746574020, 0, 1188, 1559, 1499, 20, 10.36%, 0, 0, 11, 6.85
1746574041, 0, 1188, 1560, 1500, 20, 10.38%, 0, 0, 11, 5.90
1746574098, 0, 1188, 1561, 1501, 20, 10.38%, 0, 0, 11, 5.94
1746574221, 0, 1188, 1562, 1502, 20, 10.38%, 0, 0, 11, 6.85
1746574386, 0, 1188, 1563, 1503, 20, 10.38%, 0, 0, 11, 6.34
1746574391, 0, 1188, 1564, 1504, 20, 10.38%, 0, 0, 11, 6.08
1746574407, 0, 1188, 1565, 1505, 20, 10.38%, 0, 0, 11, 6.33
1746574433, 0, 1188, 1566, 1506, 20, 10.38%, 0, 0, 11, 5.98
1746574449, 0, 1188, 1567, 1507, 20, 10.38%, 0, 0, 11, 5.58
1746574626, 0, 1188, 1568, 1508, 20, 10.38%, 0, 0, 11, 6.00
1746574795, 0, 1188, 1569, 1509, 20, 10.38%, 0, 0, 11, 5.63
1746574852, 0, 1188, 1570, 1510, 20, 10.38%, 0, 0, 11, 9.11
1746574965, 0, 1188, 1571, 1511, 20, 10.38%, 0, 0, 11, 5.98
1746575038, 0, 1188, 1572, 1512, 20, 10.38%, 0, 0, 11, 5.45
1746575058, 0, 1188, 1573, 1513, 20, 10.38%, 0, 0, 11, 5.12
1746575104, 0, 1188, 1574, 1514, 20, 10.38%, 0, 0, 11, 5.82
1746575141, 0, 1188, 1575, 1515, 20, 10.38%, 0, 0, 11, 21.86
1746575181, 0, 1227, 1575, 1514, 20, 10.38%, 0, 0, 11, 22.51
1746575228, 0, 1227, 1576, 1515, 20, 10.38%, 0, 0, 11, 5.72
1746575341, 0, 1227, 1577, 1516, 20, 10.38%, 0, 0, 11, 5.58
1746575356, 0, 1227, 1578, 1517, 20, 10.38%, 0, 0, 11, 8.45
1746575654, 0, 1227, 1580, 1519, 20, 10.38%, 0, 0, 11, 5.74
1746575659, 0, 1227, 1581, 1520, 20, 10.38%, 0, 0, 11, 5.62
1746575877, 0, 1227, 1582, 1521, 20, 10.38%, 0, 0, 11, 5.82
1746576031, 0, 1227, 1584, 1523, 20, 10.38%, 0, 0, 11, 5.49
1746576036, 0, 1227, 1587, 1526, 20, 10.38%, 0, 0, 11, 5.27
1746576041, 0, 1227, 1588, 1527, 20, 10.38%, 0, 0, 11, 5.18
1746576303, 0, 1227, 1589, 1528, 20, 10.39%, 0, 0, 11, 5.35
1746576319, 0, 1227, 1590, 1529, 20, 10.39%, 0, 0, 11, 5.52
1746576324, 0, 1227, 1593, 1532, 20, 10.39%, 0, 0, 11, 6.14
1746576329, 0, 1227, 1595, 1534, 20, 10.39%, 0, 0, 11, 6.22
1746576391, 0, 1227, 1596, 1535, 20, 10.40%, 0, 0, 11, 14.52
1746576401, 0, 1227, 1597, 1536, 20, 10.40%, 0, 0, 11, 16.15
1746576411, 0, 1227, 1598, 1537, 20, 10.40%, 0, 0, 11, 19.73
1746576421, 0, 1227, 1599, 1538, 20, 10.40%, 0, 0, 11, 27.11
1746576442, 0, 1227, 1600, 1539, 20, 10.40%, 0, 0, 11, 17.89
1746576452, 0, 1227, 1601, 1540, 20, 10.42%, 0, 0, 11, 19.54
1746576560, 0, 1227, 1602, 1541, 20, 10.42%, 0, 0, 11, 24.57
1746576590, 0, 1227, 1603, 1542, 20, 10.42%, 0, 0, 11, 38.59
1746576642, 0, 1227, 1604, 1543, 20, 10.42%, 0, 0, 11, 22.01
1746576708, 0, 1227, 1605, 1544, 20, 10.42%, 0, 0, 11, 16.29
1746576714, 0, 1227, 1606, 1545, 20, 10.42%, 0, 0, 11, 19.69
1746576729, 0, 1227, 1607, 1546, 20, 10.42%, 0, 0, 11, 17.01
1746576785, 0, 1358, 1607, 1545, 23, 10.42%, 0, 0, 11, 19.54
1746576961, 0, 1358, 1608, 1546, 23, 10.42%, 0, 0, 11, 56.34
1746577305, 0, 1358, 1609, 1547, 23, 10.42%, 0, 0, 11, 5.87
1746577630, 0, 1358, 1610, 1548, 23, 10.42%, 0, 0, 11, 5.85
1746577837, 0, 1358, 1611, 1549, 23, 10.42%, 0, 0, 11, 6.97
1746577878, 0, 1358, 1612, 1550, 23, 10.42%, 0, 0, 11, 5.42
1746577888, 0, 1358, 1613, 1551, 23, 10.42%, 0, 0, 11, 5.28
1746578001, 0, 1370, 1613, 1550, 23, 10.42%, 0, 0, 11, 26.63
1746578033, 0, 1370, 1614, 1551, 23, 10.42%, 0, 0, 11, 4.95
1746578048, 0, 1370, 1616, 1553, 23, 10.42%, 0, 0, 11, 4.36
1746578053, 0, 1370, 1617, 1554, 23, 10.42%, 0, 0, 11, 4.38
1746578110, 0, 1370, 1618, 1555, 23, 10.42%, 0, 0, 11, 4.56
1746578130, 0, 1370, 1619, 1556, 23, 10.42%, 0, 0, 11, 4.18
1746578135, 0, 1370, 1620, 1557, 23, 10.42%, 0, 0, 11, 4.15
1746578176, 0, 1370, 1621, 1558, 23, 10.42%, 0, 0, 11, 5.20
1746578181, 0, 1370, 1622, 1559, 23, 10.42%, 0, 0, 11, 4.65
1746578186, 0, 1370, 1623, 1560, 23, 10.42%, 0, 0, 11, 4.68
1746578197, 0, 1370, 1624, 1561, 23, 10.42%, 0, 0, 11, 4.32
1746578207, 0, 1370, 1625, 1562, 23, 10.42%, 0, 0, 11, 3.99
1746578371, 0, 1370, 1626, 1563, 23, 10.42%, 0, 0, 11, 5.37
1746578402, 0, 1370, 1627, 1564, 23, 10.42%, 0, 0, 11, 5.32
1746578444, 0, 1370, 1628, 1565, 23, 10.42%, 0, 0, 11, 5.61
1746578562, 0, 1370, 1629, 1566, 23, 10.42%, 0, 0, 11, 4.22
1746578593, 0, 1370, 1630, 1567, 23, 10.42%, 0, 0, 11, 4.23
1746578598, 0, 1370, 1631, 1568, 23, 10.45%, 0, 0, 11, 4.12
1746578613, 0, 1370, 1632, 1569, 23, 10.45%, 0, 0, 11, 3.85
1746578807, 0, 1370, 1633, 1570, 23, 10.46%, 0, 0, 11, 3.85
1746578878, 0, 1370, 1634, 1571, 23, 10.46%, 0, 0, 11, 5.93
1746578899, 0, 1370, 1635, 1572, 23, 10.46%, 0, 0, 11, 4.10
1746578961, 0, 1370, 1636, 1573, 23, 10.46%, 0, 0, 11, 5.89
1746579007, 0, 1370, 1637, 1574, 23, 10.46%, 0, 0, 11, 4.84
1746579033, 0, 1370, 1638, 1575, 23, 10.46%, 0, 0, 11, 4.80
1746579069, 0, 1370, 1639, 1576, 23, 10.46%, 0, 0, 11, 4.06
1746579279, 0, 1370, 1640, 1577, 23, 10.46%, 0, 0, 11, 5.17
1746579305, 0, 1370, 1641, 1578, 23, 10.46%, 0, 0, 11, 4.42
1746579310, 0, 1370, 1642, 1579, 23, 10.46%, 0, 0, 11, 4.64
1746579362, 0, 1370, 1643, 1580, 23, 10.46%, 0, 0, 11, 3.97
1746579505, 0, 1372, 1643, 1579, 23, 10.46%, 0, 0, 11, 18.23
1746579551, 0, 1372, 1644, 1580, 23, 10.46%, 0, 0, 11, 4.64
1746579557, 0, 1372, 1645, 1581, 23, 10.46%, 0, 0, 11, 4.52
1746579741, 0, 1372, 1646, 1582, 23, 10.46%, 0, 0, 11, 8.59
1746579993, 0, 1372, 1648, 1584, 23, 10.46%, 0, 0, 11, 4.56
1746580008, 0, 1372, 1649, 1585, 23, 10.46%, 0, 0, 11, 4.51
1746580368, 0, 1372, 1650, 1586, 23, 10.47%, 0, 0, 11, 4.61
1746580378, 0, 1372, 1651, 1587, 23, 10.47%, 0, 0, 11, 4.57
1746580388, 0, 1372, 1652, 1588, 23, 10.47%, 0, 0, 11, 4.57
1746580527, 0, 1372, 1653, 1589, 23, 10.47%, 0, 0, 11, 6.58
1746580604, 0, 1372, 1654, 1590, 23, 10.47%, 0, 0, 11, 4.84
1746580630, 0, 1372, 1655, 1591, 23, 10.47%, 0, 0, 11, 4.69
1746580635, 0, 1372, 1656, 1592, 23, 10.47%, 0, 0, 11, 4.64
1746580697, 0, 1372, 1657, 1593, 23, 10.47%, 0, 0, 11, 4.62
1746580733, 0, 1372, 1658, 1594, 23, 10.47%, 0, 0, 11, 6.68
1746580794, 0, 1398, 1658, 1593, 24, 10.47%, 0, 0, 11, 20.66
1746581937, 0, 1398, 1659, 1594, 24, 10.47%, 0, 0, 11, 6.25
1746581968, 0, 1398, 1660, 1595, 24, 10.47%, 0, 0, 11, 5.41
1746582025, 0, 1398, 1661, 1596, 24, 10.47%, 0, 0, 11, 5.86
1746582030, 0, 1398, 1662, 1597, 24, 10.47%, 0, 0, 11, 25.46
1746582091, 0, 1432, 1662, 1596, 23, 10.47%, 0, 0, 11, 22.92
1746583105, 0, 1432, 1663, 1597, 23, 10.47%, 0, 0, 11, 11.77
1746583471, 0, 1445, 1663, 1596, 23, 10.47%, 0, 0, 11, 21.00
1746583620, 0, 1445, 1664, 1597, 23, 10.47%, 0, 0, 11, 7.09
1746584170, 0, 1445, 1665, 1598, 23, 10.47%, 0, 0, 11, 7.42
1746584552, 0, 1445, 1666, 1599, 23, 10.47%, 0, 0, 11, 6.26
1746584573, 0, 1445, 1667, 1600, 23, 10.47%, 0, 0, 11, 16.73
1746584655, 0, 1445, 1668, 1601, 23, 10.47%, 0, 0, 11, 23.22
1746584747, 0, 1462, 1668, 1600, 22, 10.47%, 0, 0, 11, 19.64
1746584783, 0, 1462, 1669, 1601, 22, 10.47%, 0, 0, 11, 7.38
1746584799, 0, 1462, 1670, 1602, 22, 10.47%, 0, 0, 11, 11.31
1746584841, 0, 1462, 1671, 1603, 22, 10.47%, 0, 0, 11, 12.54
1746584846, 0, 1462, 1672, 1604, 22, 10.47%, 0, 0, 11, 9.29
1746585466, 0, 1462, 1673, 1605, 22, 10.47%, 0, 0, 11, 7.23
1746585805, 0, 1468, 1673, 1604, 22, 10.47%, 0, 0, 11, 21.45
1746586373, 0, 1468, 1674, 1605, 22, 10.47%, 0, 0, 11, 7.56
1746586378, 0, 1468, 1675, 1606, 22, 10.47%, 0, 0, 11, 7.49
1746586511, 0, 1474, 1675, 1605, 21, 10.47%, 0, 0, 11, 23.89
1746586752, 0, 1474, 1676, 1606, 21, 10.47%, 0, 0, 11, 7.80
1746587468, 0, 1474, 1677, 1607, 21, 10.47%, 0, 0, 11, 6.67
1746587612, 0, 1521, 1677, 1606, 21, 10.47%, 0, 0, 11, 23.89
1746587714, 0, 1521, 1678, 1607, 21, 10.47%, 0, 0, 11, 13.46
1746587735, 0, 1521, 1679, 1608, 21, 10.47%, 0, 0, 11, 13.08
1746587975, 0, 1522, 1679, 1607, 20, 10.47%, 0, 0, 11, 22.56
1746588328, 0, 1539, 1679, 1606, 19, 10.47%, 0, 0, 11, 22.66
1746588338, 0, 1539, 1680, 1607, 19, 10.47%, 0, 0, 12, 10.15
1746588343, 0, 1539, 1681, 1608, 19, 10.47%, 0, 0, 12, 17.35
1746588359, 0, 1539, 1683, 1610, 19, 10.47%, 0, 0, 12, 9.17
1746588467, 0, 1539, 1684, 1611, 19, 10.47%, 0, 0, 12, 9.36
1746588472, 0, 1539, 1685, 1612, 19, 10.47%, 0, 0, 12, 8.89
1746588712, 0, 1548, 1685, 1611, 18, 10.47%, 0, 0, 12, 33.76
1746588849, 0, 1552, 1685, 1610, 17, 10.47%, 0, 0, 12, 14.65
1746588875, 0, 1552, 1688, 1613, 17, 10.47%, 0, 0, 12, 6.19
1746588906, 0, 1552, 1690, 1615, 17, 10.47%, 0, 0, 12, 6.24
1746588937, 0, 1552, 1692, 1617, 17, 10.47%, 0, 0, 12, 6.23
1746589123, 0, 1552, 1694, 1619, 17, 10.47%, 0, 0, 12, 6.04
1746589128, 0, 1552, 1696, 1621, 17, 10.47%, 0, 0, 12, 6.08
1746589133, 0, 1552, 1699, 1624, 17, 10.47%, 0, 0, 12, 6.13
1746589139, 0, 1552, 1702, 1627, 17, 10.47%, 0, 0, 12, 6.09
1746589144, 0, 1552, 1704, 1629, 17, 10.47%, 0, 0, 12, 6.04
1746589283, 0, 1552, 1706, 1631, 17, 10.47%, 0, 0, 12, 6.16
1746589488, 0, 1557, 1706, 1630, 17, 10.47%, 0, 0, 12, 26.33
1746589858, 0, 1557, 1707, 1631, 17, 10.47%, 0, 0, 12, 6.49
1746590033, 0, 1557, 1708, 1632, 17, 10.47%, 0, 0, 12, 7.96
1746590079, 0, 1557, 1709, 1633, 17, 10.47%, 0, 0, 12, 5.39
1746590177, 0, 1563, 1709, 1632, 17, 10.47%, 0, 0, 12, 26.41
1746590193, 0, 1563, 1710, 1633, 17, 10.47%, 0, 0, 12, 8.10
1746590224, 0, 1563, 1711, 1634, 17, 10.47%, 0, 0, 12, 5.63
1746590229, 0, 1563, 1713, 1636, 17, 10.47%, 0, 0, 12, 5.41
1746590286, 0, 1563, 1714, 1637, 17, 10.47%, 0, 0, 12, 5.23
1746590297, 0, 1563, 1715, 1638, 17, 10.47%, 0, 0, 12, 5.37
1746590302, 0, 1563, 1716, 1639, 17, 10.47%, 0, 0, 12, 42.00
1746590348, 0, 1563, 1717, 1640, 17, 10.47%, 0, 0, 12, 5.31
1746590353, 0, 1563, 1718, 1641, 17, 10.47%, 0, 0, 12, 5.20
1746590359, 0, 1563, 1719, 1642, 17, 10.47%, 0, 0, 12, 5.42
1746590369, 0, 1563, 1720, 1643, 17, 10.47%, 0, 0, 12, 12.09
1746590374, 0, 1563, 1721, 1644, 17, 10.47%, 0, 0, 12, 7.97
1746590726, 0, 1563, 1722, 1645, 17, 10.47%, 0, 0, 12, 5.27
1746590907, 0, 1563, 1724, 1647, 17, 10.47%, 0, 0, 12, 5.56
1746590912, 0, 1563, 1725, 1648, 17, 10.47%, 0, 0, 12, 5.41
1746591066, 0, 1563, 1726, 1649, 17, 10.47%, 0, 0, 12, 5.00
1746591082, 0, 1563, 1727, 1650, 17, 10.47%, 0, 0, 12, 5.13
1746591092, 0, 1563, 1728, 1651, 17, 10.47%, 0, 0, 12, 5.43
1746591330, 0, 1563, 1729, 1652, 17, 10.47%, 0, 0, 12, 5.11
1746591340, 0, 1563, 1730, 1653, 17, 10.47%, 0, 0, 12, 4.75
1746591356, 0, 1563, 1732, 1655, 17, 10.47%, 0, 0, 12, 5.71
1746591366, 0, 1563, 1733, 1656, 17, 10.47%, 0, 0, 12, 5.85
1746591479, 0, 1563, 1734, 1657, 17, 10.47%, 0, 0, 12, 5.44
1746591489, 0, 1563, 1735, 1658, 17, 10.48%, 0, 0, 12, 11.02
1746591525, 0, 1563, 1736, 1659, 17, 10.48%, 0, 0, 12, 21.73
1746591587, 0, 1563, 1737, 1660, 17, 10.48%, 0, 0, 12, 31.67
1746591628, 0, 1563, 1738, 1661, 17, 10.48%, 0, 0, 12, 21.77
1746591654, 0, 1563, 1739, 1662, 17, 10.48%, 0, 0, 12, 4.01
1746591664, 0, 1563, 1740, 1663, 17, 10.48%, 0, 0, 12, 29.91
1746591849, 0, 1563, 1741, 1664, 17, 10.48%, 0, 0, 12, 28.50
1746591875, 0, 1565, 1741, 1663, 16, 10.48%, 0, 0, 12, 22.48
1746593177, 0, 1585, 1741, 1662, 15, 10.48%, 0, 0, 12, 24.82
1746593192, 0, 1585, 1742, 1663, 15, 10.48%, 0, 0, 12, 9.05
1746593346, 0, 1585, 1743, 1664, 15, 10.48%, 0, 0, 12, 5.23
1746593367, 0, 1585, 1744, 1665, 15, 10.48%, 0, 0, 12, 21.34
1746593372, 0, 1585, 1745, 1666, 15, 10.48%, 0, 0, 12, 57.42
1746593702, 0, 1585, 1746, 1667, 15, 10.48%, 0, 0, 12, 5.16
1746593744, 0, 1585, 1748, 1669, 15, 10.48%, 0, 0, 12, 5.24
1746593940, 0, 1585, 1749, 1670, 15, 10.48%, 0, 0, 12, 7.62
1746594079, 0, 1585, 1750, 1671, 15, 10.48%, 0, 0, 12, 5.42
1746594085, 0, 1585, 1751, 1672, 15, 10.48%, 0, 0, 12, 5.50
1746594348, 0, 1585, 1753, 1674, 15, 10.48%, 0, 0, 12, 5.60
1746594518, 0, 1630, 1753, 1673, 14, 10.48%, 0, 0, 12, 24.39
1746594569, 0, 1630, 1754, 1674, 14, 10.56%, 0, 0, 12, 4.24
1746594589, 0, 1630, 1755, 1675, 14, 10.56%, 0, 0, 12, 3.95
1746594610, 0, 1630, 1756, 1676, 14, 10.56%, 0, 0, 12, 5.72
1746594661, 0, 1630, 1757, 1677, 14, 10.56%, 0, 0, 12, 3.94
1746594722, 0, 1630, 1758, 1678, 14, 10.56%, 0, 0, 12, 3.95
1746594727, 0, 1630, 1759, 1679, 14, 10.56%, 0, 0, 12, 3.94
1746595041, 0, 1630, 1760, 1680, 14, 10.56%, 0, 0, 12, 4.39
1746595581, 0, 1630, 1761, 1681, 14, 10.56%, 0, 0, 12, 4.02
1746595843, 0, 1630, 1762, 1682, 14, 10.56%, 0, 0, 12, 4.26
1746595874, 0, 1630, 1763, 1683, 14, 10.56%, 0, 0, 12, 4.21
1746595967, 0, 1630, 1764, 1684, 14, 10.56%, 0, 0, 12, 4.80
1746596053, 0, 1632, 1764, 1683, 13, 10.56%, 0, 0, 12, 14.48
1746596177, 0, 1632, 1765, 1684, 13, 10.56%, 0, 0, 12, 3.88
1746596265, 0, 1632, 1766, 1685, 13, 10.56%, 0, 0, 12, 4.68
1746597211, 0, 1632, 1767, 1686, 13, 10.56%, 0, 0, 12, 7.76
1746597632, 0, 1646, 1767, 1685, 12, 10.56%, 0, 0, 12, 4.93
1746597648, 0, 1646, 1768, 1686, 12, 10.56%, 0, 0, 12, 7.98
1746598849, 0, 1646, 1769, 1687, 12, 10.56%, 0, 0, 12, 4.66
1746598859, 0, 1646, 1770, 1688, 12, 10.56%, 0, 0, 12, 36.42
1746598916, 0, 1647, 1770, 1687, 12, 10.56%, 0, 0, 12, 22.49
1746599018, 0, 1647, 1771, 1688, 12, 10.56%, 0, 0, 12, 4.66
1746599429, 0, 1647, 1772, 1689, 12, 10.56%, 0, 0, 12, 4.61
1746600153, 0, 1647, 1773, 1690, 12, 10.56%, 0, 0, 12, 25.53
1746600225, 0, 1647, 1774, 1691, 12, 10.56%, 0, 0, 12, 26.40
1746600317, 0, 1649, 1774, 1690, 12, 10.56%, 0, 0, 12, 21.50
1746600805, 0, 1649, 1775, 1691, 12, 10.56%, 0, 0, 12, 4.56
1746600815, 0, 1649, 1776, 1692, 12, 10.56%, 0, 0, 12, 4.57
1746601567, 0, 1655, 1776, 1691, 11, 10.56%, 0, 0, 12, 23.34
1746601669, 0, 1655, 1777, 1692, 11, 10.56%, 0, 0, 12, 4.62
