# unix_time, cycles_done, cur_path, paths_total, pending_total, pending_favs, map_size, unique_crashes, unique_hangs, max_depth, execs_per_sec
1746611824, 0, 0, 1, 1, 1, 4.67%, 0, 0, 1, 76.92
1746611829, 0, 0, 54, 54, 1, 4.87%, 0, 0, 2, 90.03
1746611834, 0, 0, 101, 101, 1, 5.13%, 0, 0, 2, 90.22
1746611839, 0, 0, 135, 135, 1, 5.48%, 0, 0, 2, 84.85
1746611844, 0, 0, 161, 161, 1, 5.48%, 0, 0, 2, 87.75
1746611849, 0, 0, 180, 180, 1, 5.48%, 0, 0, 2, 85.21
1746611855, 0, 0, 198, 198, 1, 5.48%, 0, 0, 2, 83.76
1746611860, 0, 0, 213, 213, 1, 5.48%, 0, 0, 2, 83.40
1746611865, 0, 0, 226, 226, 1, 5.49%, 0, 0, 2, 81.84
1746611870, 0, 0, 234, 234, 1, 5.49%, 0, 0, 2, 83.00
1746611875, 0, 0, 242, 242, 1, 5.50%, 0, 0, 2, 84.72
1746611880, 0, 0, 249, 249, 1, 5.50%, 0, 0, 2, 83.84
1746611885, 0, 0, 258, 258, 1, 5.56%, 0, 0, 2, 86.78
1746611891, 0, 0, 264, 264, 1, 5.58%, 0, 0, 2, 79.20
1746611896, 0, 0, 269, 269, 1, 5.58%, 0, 0, 2, 82.61
1746611901, 0, 0, 275, 275, 1, 5.58%, 0, 0, 2, 85.51
1746611906, 0, 0, 284, 284, 1, 5.58%, 0, 0, 2, 86.08
1746611911, 0, 0, 292, 292, 1, 6.17%, 0, 0, 2, 81.99
1746611916, 0, 0, 298, 298, 1, 6.17%, 0, 0, 2, 80.68
1746611921, 0, 0, 305, 305, 1, 6.17%, 0, 0, 2, 81.65
1746611927, 0, 0, 313, 313, 1, 6.17%, 0, 0, 2, 80.92
1746611937, 0, 0, 318, 318, 1, 6.18%, 0, 0, 2, 77.21
1746611942, 0, 0, 320, 320, 1, 6.18%, 0, 0, 2, 75.35
1746611947, 0, 0, 322, 322, 1, 6.18%, 0, 0, 2, 76.26
1746611952, 0, 0, 327, 327, 1, 6.18%, 0, 0, 2, 74.73
1746611958, 0, 0, 330, 330, 1, 6.18%, 0, 0, 2, 75.98
1746611963, 0, 0, 331, 331, 1, 6.18%, 0, 0, 2, 74.49
1746611968, 0, 0, 335, 335, 1, 6.18%, 0, 0, 2, 73.76
1746611973, 0, 0, 337, 337, 1, 6.18%, 0, 0, 2, 77.05
1746611978, 0, 0, 341, 341, 1, 6.18%, 0, 0, 2, 76.07
1746611983, 0, 0, 343, 343, 1, 6.18%, 0, 0, 2, 77.03
1746611989, 0, 0, 344, 344, 1, 6.18%, 0, 0, 2, 75.03
1746611994, 0, 0, 346, 346, 1, 6.18%, 0, 0, 2, 75.92
1746611999, 0, 0, 347, 347, 1, 6.18%, 0, 0, 2, 76.80
1746612004, 0, 0, 348, 348, 1, 6.18%, 0, 0, 2, 76.75
1746612014, 0, 0, 349, 349, 1, 6.18%, 0, 0, 2, 74.45
1746612019, 0, 0, 350, 350, 1, 6.18%, 0, 0, 2, 76.49
1746612025, 0, 0, 352, 352, 1, 6.18%, 0, 0, 2, 77.10
1746612030, 0, 0, 354, 354, 1, 6.18%, 0, 0, 2, 73.51
1746612035, 0, 0, 356, 356, 1, 6.18%, 0, 0, 2, 75.41
1746612040, 0, 0, 358, 358, 1, 6.18%, 0, 0, 2, 77.72
1746612050, 0, 0, 360, 360, 1, 6.18%, 0, 0, 2, 73.85
1746612056, 0, 0, 361, 361, 1, 6.18%, 0, 0, 2, 76.04
1746612061, 0, 0, 363, 363, 1, 6.18%, 0, 0, 2, 73.67
1746612066, 0, 0, 365, 365, 1, 6.18%, 0, 0, 2, 73.83
1746612071, 0, 42, 366, 365, 10, 6.18%, 0, 0, 3, 76.77
1746612081, 0, 42, 368, 367, 10, 6.18%, 0, 0, 3, 72.44
1746612086, 0, 42, 369, 368, 10, 6.18%, 0, 0, 3, 76.26
1746612092, 0, 42, 370, 369, 10, 6.18%, 0, 0, 3, 75.25
1746612097, 0, 42, 371, 370, 10, 6.18%, 0, 0, 3, 73.31
1746612102, 0, 42, 372, 371, 10, 6.18%, 0, 0, 3, 74.54
1746612112, 0, 42, 376, 375, 10, 6.18%, 0, 0, 3, 69.40
1746612117, 0, 42, 378, 377, 10, 6.18%, 0, 0, 3, 72.46
1746612122, 0, 42, 381, 380, 10, 6.18%, 0, 0, 3, 72.71
1746612127, 0, 42, 383, 382, 10, 6.18%, 0, 0, 3, 74.60
1746612138, 0, 42, 385, 384, 10, 6.18%, 0, 0, 3, 76.01
1746612143, 0, 42, 386, 385, 10, 6.18%, 0, 0, 3, 70.73
1746612153, 0, 42, 387, 386, 10, 6.18%, 0, 0, 3, 72.75
1746612164, 0, 42, 389, 388, 10, 6.18%, 0, 0, 3, 75.50
1746612169, 0, 42, 392, 391, 10, 6.18%, 0, 0, 3, 72.64
1746612174, 0, 42, 393, 392, 10, 6.18%, 0, 0, 3, 75.83
1746612179, 0, 42, 396, 395, 10, 6.18%, 0, 0, 3, 72.45
1746612184, 0, 42, 397, 396, 10, 6.18%, 0, 0, 3, 73.49
1746612189, 0, 42, 398, 397, 10, 6.18%, 0, 0, 3, 72.91
1746612194, 0, 42, 400, 399, 10, 6.18%, 0, 0, 3, 73.96
1746612200, 0, 42, 402, 401, 10, 6.18%, 0, 0, 3, 72.57
1746612205, 0, 42, 404, 403, 10, 6.18%, 0, 0, 3, 71.14
1746612210, 0, 42, 405, 404, 10, 6.18%, 0, 0, 3, 73.37
1746612215, 0, 42, 406, 405, 10, 6.18%, 0, 0, 3, 74.20
1746612220, 0, 42, 407, 406, 10, 6.18%, 0, 0, 3, 73.87
1746612225, 0, 42, 409, 408, 10, 6.18%, 0, 0, 3, 72.81
1746612235, 0, 42, 411, 410, 10, 6.18%, 0, 0, 3, 73.29
1746612240, 0, 42, 412, 411, 10, 6.18%, 0, 0, 3, 71.39
1746612246, 0, 42, 413, 412, 10, 6.18%, 0, 0, 3, 74.74
1746612251, 0, 42, 414, 413, 10, 6.18%, 0, 0, 3, 75.52
1746612287, 0, 42, 415, 414, 10, 6.18%, 0, 0, 3, 73.66
1746612292, 0, 42, 416, 415, 10, 6.18%, 0, 0, 3, 72.71
1746612297, 0, 77, 416, 414, 16, 6.18%, 0, 0, 3, 75.94
1746612302, 0, 77, 420, 418, 16, 6.18%, 0, 0, 3, 72.85
1746612308, 0, 77, 421, 419, 16, 6.18%, 0, 0, 3, 77.78
1746612313, 0, 77, 422, 420, 16, 6.18%, 0, 0, 3, 75.53
1746612323, 0, 77, 424, 422, 16, 6.18%, 0, 0, 3, 77.03
1746612328, 0, 77, 425, 423, 16, 6.18%, 0, 0, 3, 76.71
1746612333, 0, 77, 428, 426, 16, 6.18%, 0, 0, 3, 75.51
1746612344, 0, 77, 430, 428, 16, 6.18%, 0, 0, 3, 77.35
1746612354, 0, 77, 431, 429, 16, 6.18%, 0, 0, 3, 79.07
1746612359, 0, 77, 432, 430, 16, 6.18%, 0, 0, 3, 76.72
1746612375, 0, 77, 433, 431, 16, 6.18%, 0, 0, 3, 78.79
1746612390, 0, 77, 434, 432, 16, 6.18%, 0, 0, 3, 78.96
1746612395, 0, 77, 436, 434, 16, 6.19%, 0, 0, 3, 73.04
1746612400, 0, 77, 437, 435, 16, 6.19%, 0, 0, 3, 75.53
1746612406, 0, 77, 440, 438, 16, 6.19%, 0, 0, 3, 75.12
1746612411, 0, 77, 443, 441, 16, 6.19%, 0, 0, 3, 76.67
1746612421, 0, 77, 447, 445, 16, 6.19%, 0, 0, 3, 72.98
1746612436, 0, 77, 449, 447, 16, 6.19%, 0, 0, 3, 76.48
1746612447, 0, 77, 450, 448, 16, 6.19%, 0, 0, 3, 77.52
1746612452, 0, 77, 451, 449, 16, 6.19%, 0, 0, 3, 78.26
1746612462, 0, 82, 451, 448, 13, 6.19%, 0, 0, 3, 73.72
1746612467, 0, 82, 452, 449, 13, 6.19%, 0, 0, 3, 76.93
1746612473, 0, 82, 453, 450, 13, 6.19%, 0, 0, 3, 74.58
1746612488, 0, 82, 456, 453, 13, 6.19%, 0, 0, 3, 75.10
1746612504, 0, 82, 457, 454, 13, 6.19%, 0, 0, 3, 72.94
1746612509, 0, 82, 459, 456, 13, 6.19%, 0, 0, 3, 74.48
1746612519, 0, 82, 460, 457, 13, 6.19%, 0, 0, 3, 75.68
1746612524, 0, 82, 462, 459, 13, 6.19%, 0, 0, 3, 74.72
1746612540, 0, 82, 463, 460, 13, 6.19%, 0, 0, 3, 75.25
1746612555, 0, 82, 464, 461, 13, 6.19%, 0, 0, 3, 74.74
1746612565, 0, 82, 467, 464, 13, 6.19%, 0, 0, 3, 72.61
1746612571, 0, 82, 470, 467, 13, 6.19%, 0, 0, 3, 73.64
1746612576, 0, 82, 471, 468, 13, 6.19%, 0, 0, 3, 76.54
1746612581, 0, 82, 472, 469, 13, 6.19%, 0, 0, 3, 73.94
1746612586, 0, 82, 473, 470, 13, 6.19%, 0, 0, 3, 75.41
1746612591, 0, 82, 474, 471, 13, 6.19%, 0, 0, 3, 73.05
1746612602, 0, 82, 476, 473, 13, 6.19%, 0, 0, 3, 74.32
1746612612, 0, 82, 477, 474, 13, 6.19%, 0, 0, 3, 75.66
1746612622, 0, 82, 478, 475, 13, 6.19%, 0, 0, 3, 75.65
1746612627, 0, 82, 480, 477, 13, 6.19%, 0, 0, 3, 75.07
1746612633, 0, 127, 484, 480, 14, 6.19%, 0, 0, 3, 60.85
1746612638, 0, 127, 486, 482, 14, 6.19%, 0, 0, 3, 65.61
1746612648, 0, 127, 488, 484, 14, 6.19%, 0, 0, 3, 68.22
1746612653, 0, 127, 490, 486, 14, 6.19%, 0, 0, 3, 68.51
1746612663, 0, 127, 492, 488, 14, 6.19%, 0, 0, 3, 66.76
1746612674, 0, 127, 495, 491, 14, 6.19%, 0, 0, 3, 66.92
1746612679, 0, 127, 497, 493, 14, 6.19%, 0, 0, 3, 62.96
1746612684, 0, 127, 498, 494, 14, 6.19%, 0, 0, 3, 68.56
1746612689, 0, 127, 500, 496, 14, 6.19%, 0, 0, 3, 68.34
1746612694, 0, 127, 501, 497, 14, 6.19%, 0, 0, 3, 68.59
1746612699, 0, 127, 503, 499, 14, 6.19%, 0, 0, 3, 67.50
1746612730, 0, 127, 504, 500, 14, 6.19%, 0, 0, 3, 67.18
1746612740, 0, 127, 505, 501, 14, 6.19%, 0, 0, 3, 68.70
1746612745, 0, 127, 508, 504, 14, 6.19%, 0, 0, 3, 68.81
1746612750, 0, 127, 509, 505, 14, 6.19%, 0, 0, 3, 66.31
1746612761, 0, 127, 511, 507, 14, 6.19%, 0, 0, 3, 68.87
1746612766, 0, 127, 513, 509, 14, 6.19%, 0, 0, 3, 70.36
1746612771, 0, 127, 516, 512, 14, 6.19%, 0, 0, 3, 67.89
1746612776, 0, 127, 518, 514, 14, 6.19%, 0, 0, 3, 67.28
1746612787, 0, 127, 519, 515, 14, 6.19%, 0, 0, 3, 68.96
1746612802, 0, 127, 520, 516, 14, 6.19%, 0, 0, 3, 69.28
1746612813, 0, 127, 521, 517, 14, 6.19%, 0, 0, 3, 69.75
1746612828, 0, 127, 522, 518, 14, 6.19%, 0, 0, 3, 69.20
1746612833, 0, 127, 523, 519, 14, 6.19%, 0, 0, 3, 68.96
1746612838, 0, 127, 524, 520, 14, 6.19%, 0, 0, 3, 69.24
1746612844, 0, 127, 526, 522, 14, 6.19%, 0, 0, 3, 68.21
1746612854, 0, 127, 527, 523, 14, 6.19%, 0, 0, 3, 68.83
1746612869, 0, 127, 529, 525, 14, 6.19%, 0, 0, 3, 67.43
1746612874, 0, 127, 530, 526, 14, 6.19%, 0, 0, 3, 69.47
1746612879, 0, 162, 531, 526, 13, 6.19%, 0, 0, 3, 72.29
1746612890, 0, 211, 531, 525, 13, 6.19%, 0, 0, 3, 72.65
1746612895, 0, 259, 531, 524, 12, 6.19%, 0, 0, 3, 71.55
1746612900, 0, 259, 535, 528, 12, 6.19%, 0, 0, 3, 54.62
1746612905, 0, 259, 541, 534, 12, 6.19%, 0, 0, 3, 56.28
1746612910, 0, 259, 545, 538, 12, 6.19%, 0, 0, 3, 51.02
1746612921, 0, 259, 550, 543, 12, 6.19%, 0, 0, 3, 53.03
1746612926, 0, 259, 551, 544, 12, 6.19%, 0, 0, 3, 57.69
1746612936, 0, 259, 554, 547, 12, 6.19%, 0, 0, 3, 62.97
1746612951, 0, 259, 555, 548, 12, 6.19%, 0, 0, 3, 64.80
1746612957, 0, 259, 556, 549, 12, 6.19%, 0, 0, 3, 64.18
1746612962, 0, 259, 558, 551, 12, 6.21%, 0, 0, 3, 63.77
1746612972, 0, 259, 559, 552, 12, 6.21%, 0, 0, 3, 65.77
1746612977, 0, 259, 560, 553, 12, 6.21%, 0, 0, 3, 64.82
1746612982, 0, 259, 562, 555, 12, 6.21%, 0, 0, 3, 64.68
1746612993, 0, 259, 563, 556, 12, 6.21%, 0, 0, 3, 66.26
1746612998, 0, 259, 565, 558, 12, 6.21%, 0, 0, 3, 60.87
1746613003, 0, 259, 566, 559, 12, 6.21%, 0, 0, 3, 63.82
1746613013, 0, 259, 569, 562, 12, 6.21%, 0, 0, 3, 64.27
1746613034, 0, 259, 570, 563, 12, 6.21%, 0, 0, 3, 65.20
1746613044, 0, 259, 572, 565, 12, 6.21%, 0, 0, 3, 66.22
1746613070, 0, 259, 573, 566, 12, 6.21%, 0, 0, 3, 66.38
1746613075, 0, 259, 576, 569, 12, 6.21%, 0, 0, 3, 60.08
1746613091, 0, 259, 577, 570, 12, 6.21%, 0, 0, 3, 65.16
1746613096, 0, 259, 578, 571, 12, 6.21%, 0, 0, 3, 66.33
1746613111, 0, 259, 581, 574, 12, 6.21%, 0, 0, 3, 60.68
1746613116, 0, 259, 582, 575, 12, 6.21%, 0, 0, 3, 64.70
1746613121, 0, 259, 584, 577, 12, 6.21%, 0, 0, 3, 65.58
1746613142, 0, 259, 585, 578, 12, 6.21%, 0, 0, 3, 64.52
1746613157, 0, 259, 586, 579, 12, 6.21%, 0, 0, 3, 66.04
1746613162, 0, 259, 587, 580, 12, 6.21%, 0, 0, 3, 63.85
1746613183, 0, 259, 588, 581, 12, 6.21%, 0, 0, 3, 64.63
1746613188, 0, 368, 589, 581, 11, 6.21%, 0, 0, 3, 61.83
1746613203, 0, 368, 590, 582, 11, 6.21%, 0, 0, 4, 66.93
1746613213, 0, 411, 594, 585, 11, 6.21%, 0, 0, 4, 51.66
1746613218, 0, 411, 597, 588, 11, 6.21%, 0, 0, 4, 43.33
1746613223, 0, 411, 598, 589, 11, 6.21%, 0, 0, 4, 45.58
1746613228, 0, 411, 602, 593, 11, 6.21%, 0, 0, 4, 42.39
1746613234, 0, 411, 608, 599, 11, 6.21%, 0, 0, 4, 38.78
1746613239, 0, 411, 612, 603, 11, 6.21%, 0, 0, 4, 41.52
1746613244, 0, 411, 613, 604, 11, 6.21%, 0, 0, 4, 40.31
1746613249, 0, 411, 614, 605, 11, 6.21%, 0, 0, 4, 43.59
1746613254, 0, 411, 618, 609, 11, 6.21%, 0, 0, 4, 49.79
1746613264, 0, 411, 619, 610, 11, 6.22%, 0, 0, 4, 56.68
1746613269, 0, 411, 622, 613, 11, 6.36%, 0, 0, 4, 56.73
1746613284, 0, 411, 623, 614, 11, 6.36%, 0, 0, 4, 54.02
1746613289, 0, 411, 626, 617, 11, 6.36%, 0, 0, 4, 55.40
1746613300, 0, 411, 627, 618, 11, 6.36%, 0, 0, 4, 59.94
1746613310, 0, 411, 628, 619, 11, 6.36%, 0, 0, 4, 59.55
1746613315, 0, 411, 629, 620, 11, 6.36%, 0, 0, 4, 58.10
1746613320, 0, 411, 631, 622, 11, 6.37%, 0, 0, 4, 51.66
1746613325, 0, 411, 632, 623, 11, 6.37%, 0, 0, 4, 57.09
1746613335, 0, 411, 633, 624, 11, 6.37%, 0, 0, 4, 57.12
1746613340, 0, 411, 634, 625, 11, 6.37%, 0, 0, 4, 56.44
1746613346, 0, 411, 636, 627, 11, 6.37%, 0, 0, 4, 56.81
1746613361, 0, 411, 638, 629, 11, 6.37%, 0, 0, 4, 57.77
1746613366, 0, 411, 639, 630, 11, 6.37%, 0, 0, 4, 57.79
1746613371, 0, 411, 641, 632, 11, 6.52%, 0, 0, 4, 58.63
1746613376, 0, 411, 642, 633, 11, 6.52%, 0, 0, 4, 58.15
1746613397, 0, 411, 643, 634, 11, 6.52%, 0, 0, 4, 59.01
1746613407, 0, 411, 645, 636, 11, 6.52%, 0, 0, 4, 56.38
1746613422, 0, 411, 646, 637, 11, 6.52%, 0, 0, 4, 60.22
1746613437, 0, 411, 647, 638, 11, 6.52%, 0, 0, 4, 58.76
1746613442, 0, 411, 649, 640, 11, 6.52%, 0, 0, 4, 58.83
1746613457, 0, 411, 651, 642, 11, 6.52%, 0, 0, 4, 55.95
1746613467, 0, 411, 652, 643, 11, 6.52%, 0, 0, 4, 59.21
1746613472, 0, 411, 653, 644, 11, 6.52%, 0, 0, 4, 56.98
1746613478, 0, 429, 653, 643, 10, 6.52%, 0, 0, 4, 68.71
1746613488, 0, 453, 653, 642, 9, 6.52%, 0, 0, 4, 61.29
1746613503, 0, 464, 653, 641, 8, 6.52%, 0, 0, 4, 63.15
1746613508, 0, 464, 656, 644, 8, 6.52%, 0, 0, 4, 43.14
1746613514, 0, 464, 657, 645, 8, 6.52%, 0, 0, 4, 41.02
1746613519, 0, 464, 659, 647, 8, 6.52%, 0, 0, 4, 40.69
1746613524, 0, 464, 661, 649, 8, 6.52%, 0, 0, 4, 47.67
1746613529, 0, 464, 663, 651, 8, 6.52%, 0, 0, 4, 39.52
1746613575, 0, 464, 664, 652, 8, 6.52%, 0, 0, 4, 39.28
1746613580, 0, 464, 665, 653, 8, 6.52%, 0, 0, 4, 48.31
1746613595, 0, 464, 668, 656, 8, 6.52%, 0, 0, 4, 39.43
1746613601, 0, 464, 670, 658, 8, 6.52%, 0, 0, 4, 52.55
1746613606, 0, 464, 671, 659, 8, 6.52%, 0, 0, 4, 55.25
1746613611, 0, 464, 672, 660, 8, 6.52%, 0, 0, 4, 55.07
1746613616, 0, 464, 674, 662, 8, 6.52%, 0, 0, 4, 53.35
1746613621, 0, 464, 675, 663, 8, 6.52%, 0, 0, 4, 55.60
1746613626, 0, 464, 676, 664, 8, 6.52%, 0, 0, 4, 55.19
1746613636, 0, 464, 678, 666, 8, 6.52%, 0, 0, 4, 54.01
1746613641, 0, 464, 680, 668, 8, 6.52%, 0, 0, 4, 53.92
1746613646, 0, 464, 681, 669, 8, 6.52%, 0, 0, 4, 56.11
1746613651, 0, 464, 683, 671, 8, 6.52%, 0, 0, 4, 57.81
1746613656, 0, 464, 684, 672, 8, 6.52%, 0, 0, 4, 56.03
1746613666, 0, 464, 686, 674, 8, 6.52%, 0, 0, 4, 55.72
1746613682, 0, 464, 687, 675, 8, 6.52%, 0, 0, 4, 55.27
1746613692, 0, 464, 688, 676, 8, 6.52%, 0, 0, 4, 52.99
1746613707, 0, 464, 689, 677, 8, 6.52%, 0, 0, 4, 58.74
1746613712, 0, 464, 691, 679, 8, 6.52%, 0, 0, 4, 54.76
1746613723, 0, 464, 693, 681, 8, 6.52%, 0, 0, 4, 51.94
1746613728, 0, 464, 694, 682, 8, 6.52%, 0, 0, 4, 57.91
1746613733, 0, 464, 695, 683, 8, 6.52%, 0, 0, 4, 58.92
1746613738, 0, 464, 697, 685, 8, 6.52%, 0, 0, 4, 54.46
1746613743, 0, 464, 698, 686, 8, 6.52%, 0, 0, 4, 54.70
1746613753, 0, 464, 700, 688, 8, 6.52%, 0, 0, 4, 53.13
1746613769, 0, 464, 703, 691, 8, 6.52%, 0, 0, 4, 47.98
1746613784, 0, 464, 704, 692, 8, 6.52%, 0, 0, 4, 56.10
1746613799, 0, 464, 705, 693, 8, 6.52%, 0, 0, 4, 56.22
1746613809, 0, 464, 706, 694, 8, 6.52%, 0, 0, 4, 53.94
1746613814, 0, 464, 707, 695, 8, 6.52%, 0, 0, 4, 53.48
1746613824, 0, 536, 707, 694, 8, 6.52%, 0, 0, 4, 52.79
1746613860, 0, 556, 708, 694, 8, 6.52%, 0, 0, 4, 49.49
1746613865, 0, 556, 710, 696, 8, 6.52%, 0, 0, 4, 43.98
1746613870, 0, 556, 714, 700, 8, 6.52%, 0, 0, 4, 49.54
1746613875, 0, 556, 715, 701, 8, 6.52%, 0, 0, 4, 45.19
1746613880, 0, 556, 716, 702, 8, 6.52%, 0, 0, 4, 39.66
1746613885, 0, 556, 720, 706, 8, 6.52%, 0, 0, 4, 37.66
1746613921, 0, 590, 720, 705, 8, 6.52%, 0, 0, 4, 46.44
1746613936, 0, 590, 721, 706, 8, 6.52%, 0, 0, 5, 38.79
1746613962, 0, 590, 722, 707, 8, 6.56%, 0, 0, 5, 47.65
1746613972, 0, 590, 723, 708, 8, 6.56%, 0, 0, 5, 57.34
1746613982, 0, 590, 724, 709, 8, 6.56%, 0, 0, 5, 59.45
1746613987, 0, 590, 725, 710, 8, 6.56%, 0, 0, 5, 56.06
1746613997, 0, 590, 726, 711, 8, 6.56%, 0, 0, 5, 59.05
1746614002, 0, 590, 727, 712, 8, 6.56%, 0, 0, 5, 58.14
1746614022, 0, 590, 728, 713, 8, 6.56%, 0, 0, 5, 59.53
1746614053, 0, 590, 729, 714, 8, 6.56%, 0, 0, 5, 55.52
1746614058, 0, 590, 730, 715, 8, 6.56%, 0, 0, 5, 54.17
1746614068, 0, 590, 731, 716, 8, 6.56%, 0, 0, 5, 60.20
1746614084, 0, 590, 732, 717, 8, 6.56%, 0, 0, 5, 61.75
1746614099, 0, 590, 733, 718, 8, 6.56%, 0, 0, 5, 58.84
1746614104, 0, 590, 734, 719, 8, 7.51%, 0, 0, 5, 63.87
1746614109, 0, 590, 735, 720, 8, 7.71%, 0, 0, 5, 62.90
1746614115, 0, 590, 736, 721, 8, 7.71%, 0, 0, 5, 60.09
1746614150, 0, 590, 737, 722, 8, 7.71%, 0, 0, 5, 57.32
1746614165, 0, 590, 738, 723, 8, 7.71%, 0, 0, 5, 57.32
1746614201, 0, 590, 739, 724, 8, 7.71%, 0, 0, 5, 58.92
1746614216, 0, 590, 740, 725, 8, 7.71%, 0, 0, 5, 59.04
1746614221, 0, 590, 741, 726, 8, 7.71%, 0, 0, 5, 58.12
1746614241, 0, 604, 742, 726, 11, 7.71%, 0, 0, 5, 58.17
1746614256, 0, 604, 743, 727, 11, 7.71%, 0, 0, 5, 42.45
1746614302, 0, 639, 744, 727, 10, 7.71%, 0, 0, 5, 52.70
1746614312, 0, 639, 745, 728, 10, 7.71%, 0, 0, 5, 46.39
1746614317, 0, 639, 746, 729, 10, 7.71%, 0, 0, 5, 41.78
1746614368, 0, 640, 748, 730, 9, 7.71%, 0, 0, 5, 46.11
1746614374, 0, 640, 756, 738, 9, 7.71%, 0, 0, 5, 34.66
1746614379, 0, 640, 764, 746, 9, 7.71%, 0, 0, 5, 29.24
1746614384, 0, 640, 770, 752, 9, 7.71%, 0, 0, 5, 28.74
1746614389, 0, 640, 773, 755, 9, 7.71%, 0, 0, 5, 34.75
1746614399, 0, 640, 775, 757, 9, 7.71%, 0, 0, 5, 37.25
1746614404, 0, 640, 779, 761, 9, 7.71%, 0, 0, 5, 30.92
1746614409, 0, 640, 783, 765, 9, 7.71%, 0, 0, 5, 28.04
1746614414, 0, 640, 784, 766, 9, 7.71%, 0, 0, 5, 26.48
1746614419, 0, 640, 785, 767, 9, 7.71%, 0, 0, 5, 32.41
1746614435, 0, 640, 786, 768, 9, 7.71%, 0, 0, 5, 30.77
1746614445, 0, 640, 789, 771, 9, 7.71%, 0, 0, 5, 27.81
1746614450, 0, 640, 792, 774, 9, 7.71%, 0, 0, 5, 38.69
1746614460, 0, 640, 793, 775, 9, 7.71%, 0, 0, 5, 33.15
1746614466, 0, 640, 796, 778, 9, 7.71%, 0, 0, 5, 27.96
1746614471, 0, 640, 797, 779, 9, 7.71%, 0, 0, 5, 50.36
1746614481, 0, 640, 799, 781, 9, 7.71%, 0, 0, 5, 50.40
1746614496, 0, 640, 800, 782, 9, 7.71%, 0, 0, 5, 54.76
1746614501, 0, 640, 801, 783, 9, 7.71%, 0, 0, 5, 57.11
1746614506, 0, 640, 803, 785, 9, 7.71%, 0, 0, 5, 54.15
1746614516, 0, 640, 804, 786, 9, 7.71%, 0, 0, 5, 52.60
1746614521, 0, 640, 805, 787, 9, 7.71%, 0, 0, 5, 51.17
1746614542, 0, 640, 806, 788, 9, 7.71%, 0, 0, 5, 54.79
1746614562, 0, 640, 807, 789, 9, 7.71%, 0, 0, 5, 50.93
1746614572, 0, 640, 809, 791, 9, 7.71%, 0, 0, 5, 49.56
1746614613, 0, 640, 810, 792, 9, 7.71%, 0, 0, 5, 53.72
1746614618, 0, 640, 811, 793, 9, 7.71%, 0, 0, 5, 56.10
1746614638, 0, 640, 812, 794, 9, 7.71%, 0, 0, 5, 51.98
1746614643, 0, 640, 813, 795, 9, 7.71%, 0, 0, 5, 54.69
1746614658, 0, 640, 814, 796, 9, 7.71%, 0, 0, 5, 54.45
1746614668, 0, 640, 816, 798, 9, 7.71%, 0, 0, 5, 54.20
1746614694, 0, 646, 818, 799, 10, 7.71%, 0, 0, 5, 48.20
1746614750, 0, 677, 818, 798, 10, 7.71%, 0, 0, 5, 41.65
1746614755, 0, 677, 819, 799, 10, 7.71%, 0, 0, 5, 39.39
1746614852, 0, 730, 820, 799, 10, 7.71%, 0, 0, 6, 46.74
1746614908, 0, 733, 822, 800, 10, 7.71%, 0, 0, 6, 11.32
1746614913, 0, 733, 827, 805, 10, 7.73%, 0, 0, 6, 13.74
1746614918, 0, 733, 833, 811, 10, 7.74%, 0, 0, 6, 13.29
1746614923, 0, 733, 838, 816, 10, 7.89%, 0, 0, 6, 12.18
1746614928, 0, 733, 842, 820, 10, 7.89%, 0, 0, 6, 12.96
1746614933, 0, 733, 847, 825, 10, 7.89%, 0, 0, 6, 12.40
1746614938, 0, 733, 853, 831, 10, 7.89%, 0, 0, 6, 11.08
1746614944, 0, 733, 859, 837, 10, 7.90%, 0, 0, 6, 10.97
1746614949, 0, 733, 863, 841, 10, 7.94%, 0, 0, 6, 10.77
1746614954, 0, 733, 868, 846, 10, 7.94%, 0, 0, 6, 10.62
1746614959, 0, 733, 873, 851, 10, 7.94%, 0, 0, 6, 10.72
1746614964, 0, 733, 877, 855, 10, 7.97%, 0, 0, 6, 10.39
1746614969, 0, 733, 882, 860, 10, 7.97%, 0, 0, 6, 10.06
1746614974, 0, 733, 884, 862, 10, 7.97%, 0, 0, 6, 10.21
1746614979, 0, 733, 887, 865, 10, 7.97%, 0, 0, 6, 14.74
1746614984, 0, 733, 891, 869, 10, 8.09%, 0, 0, 6, 12.14
1746614990, 0, 733, 893, 871, 10, 8.09%, 0, 0, 6, 12.53
1746614995, 0, 733, 898, 876, 10, 8.09%, 0, 0, 6, 11.22
1746615000, 0, 733, 903, 881, 10, 8.09%, 0, 0, 6, 11.30
1746615005, 0, 733, 907, 885, 10, 8.09%, 0, 0, 6, 10.76
1746615010, 0, 733, 911, 889, 10, 8.09%, 0, 0, 6, 10.27
1746615015, 0, 733, 913, 891, 10, 8.09%, 0, 0, 6, 10.28
1746615021, 0, 733, 914, 892, 10, 8.09%, 0, 0, 6, 12.58
1746615026, 0, 733, 917, 895, 10, 8.09%, 0, 0, 6, 15.19
1746615031, 0, 733, 920, 898, 10, 8.09%, 0, 0, 6, 14.04
1746615036, 0, 733, 923, 901, 10, 8.09%, 0, 0, 6, 11.84
1746615041, 0, 733, 926, 904, 10, 8.09%, 0, 0, 6, 10.65
1746615046, 0, 733, 928, 906, 10, 8.09%, 0, 0, 6, 10.21
1746615051, 0, 733, 932, 910, 10, 8.10%, 0, 0, 6, 10.00
1746615056, 0, 733, 933, 911, 10, 8.10%, 0, 0, 6, 12.44
1746615062, 0, 733, 936, 914, 10, 8.10%, 0, 0, 6, 11.72
1746615067, 0, 733, 939, 917, 10, 8.10%, 0, 0, 6, 11.96
1746615072, 0, 733, 941, 919, 10, 8.10%, 0, 0, 6, 21.21
1746615077, 0, 733, 942, 920, 10, 8.10%, 0, 0, 6, 30.73
1746615082, 0, 733, 944, 922, 10, 8.10%, 0, 0, 6, 22.14
1746615087, 0, 733, 947, 925, 10, 8.10%, 0, 0, 6, 17.37
1746615092, 0, 733, 948, 926, 10, 8.10%, 0, 0, 6, 15.39
1746615097, 0, 733, 950, 928, 10, 8.10%, 0, 0, 6, 15.09
1746615107, 0, 733, 951, 929, 10, 8.10%, 0, 0, 6, 15.44
1746615113, 0, 733, 952, 930, 10, 8.10%, 0, 0, 6, 15.66
1746615118, 0, 733, 954, 932, 10, 8.10%, 0, 0, 6, 14.23
1746615128, 0, 733, 955, 933, 10, 8.10%, 0, 0, 6, 12.84
1746615138, 0, 733, 957, 935, 10, 8.10%, 0, 0, 6, 12.72
1746615143, 0, 733, 962, 940, 10, 8.10%, 0, 0, 6, 12.39
1746615148, 0, 733, 965, 943, 10, 8.10%, 0, 0, 6, 11.66
1746615154, 0, 733, 967, 945, 10, 8.10%, 0, 0, 6, 10.76
1746615159, 0, 733, 969, 947, 10, 8.10%, 0, 0, 6, 10.95
1746615164, 0, 733, 970, 948, 10, 8.14%, 0, 0, 6, 11.13
1746615169, 0, 733, 972, 950, 10, 8.15%, 0, 0, 6, 10.77
1746615174, 0, 733, 973, 951, 10, 8.15%, 0, 0, 6, 10.71
1746615180, 0, 733, 974, 952, 10, 8.15%, 0, 0, 6, 10.63
1746615185, 0, 733, 977, 955, 10, 8.15%, 0, 0, 6, 10.25
1746615190, 0, 733, 978, 956, 10, 8.15%, 0, 0, 6, 10.53
1746615195, 0, 733, 980, 958, 10, 8.15%, 0, 0, 6, 10.66
1746615200, 0, 733, 982, 960, 10, 8.15%, 0, 0, 6, 10.55
1746615210, 0, 733, 984, 962, 10, 8.16%, 0, 0, 6, 10.64
1746615215, 0, 733, 986, 964, 10, 8.16%, 0, 0, 6, 10.53
1746615220, 0, 733, 987, 965, 10, 8.16%, 0, 0, 6, 10.67
1746615225, 0, 733, 991, 969, 10, 8.16%, 0, 0, 6, 10.03
1746615231, 0, 733, 994, 972, 10, 8.16%, 0, 0, 6, 9.75
1746615282, 0, 733, 995, 973, 10, 8.16%, 0, 0, 6, 16.66
1746615287, 0, 733, 997, 975, 10, 8.16%, 0, 0, 6, 12.13
1746615292, 0, 733, 999, 977, 10, 8.16%, 0, 0, 6, 10.78
1746615297, 0, 733, 1001, 979, 10, 8.16%, 0, 0, 6, 63.15
1746615328, 0, 733, 1005, 983, 10, 8.16%, 0, 0, 6, 11.76
1746615333, 0, 733, 1007, 985, 10, 8.16%, 0, 0, 6, 10.93
1746615343, 0, 733, 1009, 987, 10, 8.16%, 0, 0, 6, 10.13
1746615348, 0, 733, 1012, 990, 10, 8.16%, 0, 0, 6, 9.86
1746615353, 0, 733, 1013, 991, 10, 8.16%, 0, 0, 6, 9.94
1746615358, 0, 733, 1015, 993, 10, 8.16%, 0, 0, 6, 9.91
1746615363, 0, 733, 1016, 994, 10, 8.16%, 0, 0, 6, 10.08
1746615399, 0, 733, 1017, 995, 10, 8.16%, 0, 0, 6, 16.88
1746615409, 0, 733, 1019, 997, 10, 8.16%, 0, 0, 6, 15.01
1746615420, 0, 733, 1020, 998, 10, 8.16%, 0, 0, 6, 13.33
1746615425, 0, 733, 1022, 1000, 10, 8.16%, 0, 0, 6, 10.27
1746615430, 0, 733, 1025, 1003, 10, 8.16%, 0, 0, 6, 10.45
1746615435, 0, 733, 1027, 1005, 10, 8.16%, 0, 0, 6, 9.76
1746615440, 0, 733, 1029, 1007, 10, 8.16%, 0, 0, 6, 9.15
1746615446, 0, 733, 1030, 1008, 10, 8.16%, 0, 0, 6, 9.25
1746615451, 0, 733, 1031, 1009, 10, 8.16%, 0, 0, 6, 9.74
1746615456, 0, 733, 1035, 1013, 10, 8.16%, 0, 0, 6, 10.07
1746615461, 0, 733, 1038, 1016, 10, 8.16%, 0, 0, 6, 9.81
1746615466, 0, 733, 1039, 1017, 10, 8.16%, 0, 0, 6, 10.01
1746615471, 0, 733, 1040, 1018, 10, 8.16%, 0, 0, 6, 9.56
1746615476, 0, 733, 1043, 1021, 10, 8.16%, 0, 0, 6, 9.61
1746615481, 0, 733, 1044, 1022, 10, 8.16%, 0, 0, 6, 9.98
1746615492, 0, 733, 1048, 1026, 10, 8.36%, 0, 0, 6, 10.13
1746615502, 0, 733, 1050, 1028, 10, 8.36%, 0, 0, 6, 9.94
1746615512, 0, 733, 1053, 1031, 10, 8.36%, 0, 0, 6, 11.53
1746615522, 0, 733, 1055, 1033, 10, 8.36%, 0, 0, 6, 30.44
1746615527, 0, 733, 1056, 1034, 10, 8.36%, 0, 0, 6, 33.23
1746615542, 0, 733, 1058, 1036, 10, 8.36%, 0, 0, 6, 33.33
1746615553, 0, 733, 1060, 1038, 10, 8.87%, 0, 0, 6, 27.14
1746615563, 0, 733, 1063, 1041, 10, 8.87%, 0, 0, 6, 25.73
1746615568, 0, 733, 1064, 1042, 10, 8.87%, 0, 0, 6, 27.82
1746615573, 0, 733, 1066, 1044, 10, 8.87%, 0, 0, 6, 25.52
1746615578, 0, 733, 1067, 1045, 10, 8.87%, 0, 0, 6, 29.81
1746615584, 0, 733, 1068, 1046, 10, 8.87%, 0, 0, 6, 25.90
1746615589, 0, 733, 1069, 1047, 10, 8.87%, 0, 0, 6, 34.29
1746615594, 0, 733, 1071, 1049, 10, 8.87%, 0, 0, 6, 24.51
1746615599, 0, 733, 1072, 1050, 10, 8.91%, 0, 0, 6, 33.19
1746615604, 0, 733, 1073, 1051, 10, 8.91%, 0, 0, 6, 36.92
1746615609, 0, 733, 1075, 1053, 10, 8.91%, 0, 0, 6, 26.23
1746615614, 0, 733, 1076, 1054, 10, 8.91%, 0, 0, 6, 28.14
1746615624, 0, 733, 1078, 1056, 10, 8.91%, 0, 0, 6, 34.01
1746615634, 0, 733, 1079, 1057, 10, 8.91%, 0, 0, 6, 30.90
1746615645, 0, 733, 1081, 1059, 10, 8.91%, 0, 0, 6, 31.27
1746615655, 0, 733, 1082, 1060, 10, 8.91%, 0, 0, 6, 34.32
1746615660, 0, 733, 1083, 1061, 10, 8.91%, 0, 0, 6, 35.35
1746615665, 0, 733, 1084, 1062, 10, 8.91%, 0, 0, 6, 34.18
1746615670, 0, 733, 1085, 1063, 10, 9.39%, 0, 0, 6, 51.19
1746615681, 0, 733, 1087, 1065, 10, 9.39%, 0, 0, 6, 29.66
1746615686, 0, 733, 1088, 1066, 10, 9.39%, 0, 0, 6, 28.24
1746615691, 0, 733, 1090, 1068, 10, 9.41%, 0, 0, 6, 26.29
1746615701, 0, 733, 1092, 1070, 10, 9.42%, 0, 0, 6, 32.56
1746615711, 0, 733, 1094, 1072, 10, 9.42%, 0, 0, 6, 36.44
1746615721, 0, 733, 1095, 1073, 10, 9.42%, 0, 0, 6, 30.48
1746615726, 0, 733, 1096, 1074, 10, 9.42%, 0, 0, 6, 32.32
1746615742, 0, 733, 1097, 1075, 10, 9.42%, 0, 0, 6, 36.28
1746615757, 0, 733, 1099, 1077, 10, 9.42%, 0, 0, 6, 29.43
1746615762, 0, 733, 1100, 1078, 10, 9.42%, 0, 0, 6, 33.15
1746615778, 0, 733, 1101, 1079, 10, 9.42%, 0, 0, 6, 32.22
1746615783, 0, 733, 1103, 1081, 10, 9.42%, 0, 0, 6, 31.68
1746615798, 0, 733, 1104, 1082, 10, 9.42%, 0, 0, 6, 30.46
1746615803, 0, 733, 1105, 1083, 10, 9.42%, 0, 0, 6, 37.79
1746615808, 0, 733, 1106, 1084, 10, 9.42%, 0, 0, 6, 42.58
1746615834, 0, 733, 1107, 1085, 10, 9.42%, 0, 0, 6, 34.29
1746615845, 0, 733, 1110, 1088, 10, 9.42%, 0, 0, 6, 23.10
1746615850, 0, 733, 1111, 1089, 10, 9.42%, 0, 0, 6, 34.31
1746615860, 0, 733, 1112, 1090, 10, 9.42%, 0, 0, 6, 30.28
1746615870, 0, 733, 1113, 1091, 10, 9.42%, 0, 0, 6, 34.60
1746615885, 0, 733, 1114, 1092, 10, 9.42%, 0, 0, 6, 34.72
1746615891, 0, 733, 1115, 1093, 10, 9.42%, 0, 0, 6, 31.65
1746615901, 0, 733, 1116, 1094, 10, 9.42%, 0, 0, 6, 35.26
1746615916, 0, 733, 1117, 1095, 10, 9.42%, 0, 0, 6, 36.38
1746615952, 0, 733, 1118, 1096, 10, 9.42%, 0, 0, 6, 31.14
1746615962, 0, 733, 1119, 1097, 10, 9.42%, 0, 0, 6, 36.55
1746615967, 0, 733, 1120, 1098, 10, 9.42%, 0, 0, 6, 37.13
1746615972, 0, 733, 1121, 1099, 10, 9.42%, 0, 0, 6, 31.63
1746615977, 0, 733, 1123, 1101, 10, 9.42%, 0, 0, 6, 23.01
1746615982, 0, 733, 1124, 1102, 10, 9.42%, 0, 0, 6, 28.94
1746615987, 0, 733, 1125, 1103, 10, 9.42%, 0, 0, 6, 36.27
1746615998, 0, 733, 1126, 1104, 10, 9.42%, 0, 0, 6, 37.05
1746616008, 0, 733, 1127, 1105, 10, 9.44%, 0, 0, 6, 29.85
1746616023, 0, 733, 1128, 1106, 10, 9.44%, 0, 0, 6, 30.70
1746616028, 0, 735, 1129, 1106, 25, 9.44%, 0, 0, 6, 29.25
1746616033, 0, 735, 1130, 1107, 25, 9.44%, 0, 0, 6, 26.28
1746616079, 0, 735, 1131, 1108, 25, 9.44%, 0, 0, 6, 24.03
1746616135, 0, 735, 1132, 1109, 25, 9.44%, 0, 0, 6, 52.32
1746616156, 0, 737, 1132, 1108, 25, 9.44%, 0, 0, 6, 48.89
1746616268, 0, 747, 1132, 1107, 25, 9.44%, 0, 0, 6, 54.88
1746616370, 0, 768, 1132, 1106, 24, 9.44%, 0, 0, 6, 55.83
1746616477, 0, 817, 1132, 1105, 23, 9.44%, 0, 0, 6, 47.91
1746616528, 0, 819, 1132, 1104, 22, 9.44%, 0, 0, 6, 50.98
1746616589, 0, 851, 1132, 1103, 21, 9.44%, 0, 0, 6, 17.20
1746616732, 0, 851, 1133, 1104, 21, 9.44%, 0, 0, 7, 11.36
1746616845, 0, 851, 1134, 1105, 21, 9.44%, 0, 0, 7, 13.29
1746616860, 0, 851, 1137, 1108, 21, 9.44%, 0, 0, 7, 11.03
1746616865, 0, 851, 1138, 1109, 21, 9.44%, 0, 0, 7, 14.49
1746616891, 0, 851, 1139, 1110, 21, 9.44%, 0, 0, 7, 38.70
1746616911, 0, 853, 1139, 1109, 20, 9.44%, 0, 0, 7, 30.01
1746616916, 0, 853, 1140, 1110, 20, 9.44%, 0, 0, 7, 18.82
1746616962, 0, 853, 1141, 1111, 20, 9.44%, 0, 0, 7, 33.92
1746617049, 0, 853, 1142, 1112, 20, 9.44%, 0, 0, 7, 12.03
1746617167, 0, 853, 1143, 1113, 20, 9.44%, 0, 0, 7, 11.26
1746617172, 0, 853, 1144, 1114, 20, 9.44%, 0, 0, 7, 11.15
1746617177, 0, 853, 1145, 1115, 20, 9.44%, 0, 0, 7, 10.95
1746617182, 0, 853, 1146, 1116, 20, 9.44%, 0, 0, 7, 11.41
1746617193, 0, 853, 1147, 1117, 20, 9.44%, 0, 0, 7, 29.09
1746617203, 0, 853, 1148, 1118, 20, 9.44%, 0, 0, 7, 36.25
1746617208, 0, 853, 1150, 1120, 20, 9.44%, 0, 0, 7, 31.03
1746617213, 0, 853, 1151, 1121, 20, 9.44%, 0, 0, 7, 37.32
1746617219, 0, 853, 1152, 1122, 20, 9.44%, 0, 0, 7, 35.81
1746617234, 0, 853, 1153, 1123, 20, 9.44%, 0, 0, 7, 38.52
1746617254, 0, 853, 1154, 1124, 20, 9.44%, 0, 0, 7, 35.28
1746617285, 0, 853, 1155, 1125, 20, 9.44%, 0, 0, 7, 38.13
1746617300, 0, 853, 1156, 1126, 20, 9.44%, 0, 0, 7, 39.41
1746617310, 0, 853, 1157, 1127, 20, 9.44%, 0, 0, 7, 35.45
1746617326, 0, 853, 1159, 1129, 20, 9.44%, 0, 0, 7, 31.13
1746617341, 0, 853, 1160, 1130, 20, 9.44%, 0, 0, 7, 39.93
1746617356, 0, 853, 1161, 1131, 20, 9.44%, 0, 0, 7, 41.65
1746617397, 0, 853, 1162, 1132, 20, 9.44%, 0, 0, 7, 38.77
1746617448, 0, 853, 1163, 1133, 20, 9.44%, 0, 0, 7, 36.84
1746617494, 0, 853, 1164, 1134, 20, 9.44%, 0, 0, 7, 6.29
1746617510, 0, 890, 1164, 1133, 22, 9.44%, 0, 0, 7, 24.55
1746617515, 0, 890, 1165, 1134, 22, 9.44%, 0, 0, 7, 15.79
1746617628, 0, 890, 1166, 1135, 22, 9.44%, 0, 0, 7, 11.71
1746617648, 0, 890, 1169, 1138, 22, 9.44%, 0, 0, 7, 11.70
1746617653, 0, 890, 1170, 1139, 22, 9.44%, 0, 0, 7, 11.86
1746617735, 0, 890, 1171, 1140, 22, 9.44%, 0, 0, 7, 27.56
1746617751, 0, 890, 1172, 1141, 22, 9.44%, 0, 0, 7, 17.08
1746617766, 0, 890, 1173, 1142, 22, 9.44%, 0, 0, 7, 12.19
1746617802, 0, 890, 1174, 1143, 22, 9.44%, 0, 0, 7, 28.68
1746617838, 0, 941, 1174, 1142, 23, 9.44%, 0, 0, 7, 38.96
1746617874, 0, 941, 1175, 1143, 23, 9.44%, 0, 0, 7, 11.03
1746618007, 0, 941, 1176, 1144, 23, 9.44%, 0, 0, 7, 10.74
1746618099, 0, 941, 1177, 1145, 23, 9.44%, 0, 0, 7, 10.47
1746618105, 0, 941, 1178, 1146, 23, 9.44%, 0, 0, 7, 10.61
1746618192, 0, 941, 1179, 1147, 23, 9.44%, 0, 0, 7, 23.73
1746618213, 0, 951, 1179, 1146, 23, 9.44%, 0, 0, 7, 31.10
1746618525, 0, 951, 1180, 1147, 23, 9.44%, 0, 0, 7, 10.99
1746618545, 0, 951, 1181, 1148, 23, 9.44%, 0, 0, 7, 10.45
1746618551, 0, 951, 1182, 1149, 23, 9.44%, 0, 0, 7, 14.07
1746618561, 0, 951, 1183, 1150, 23, 9.46%, 0, 0, 7, 5.67
1746618597, 0, 1007, 1183, 1149, 23, 9.46%, 0, 0, 7, 23.64
1746618607, 0, 1007, 1184, 1150, 23, 9.46%, 0, 0, 7, 10.85
1746618617, 0, 1007, 1185, 1151, 23, 9.46%, 0, 0, 7, 15.61
1746618637, 0, 1007, 1186, 1152, 23, 9.46%, 0, 0, 7, 9.30
1746618791, 0, 1007, 1187, 1153, 23, 9.46%, 0, 0, 7, 9.05
1746618950, 0, 1007, 1188, 1154, 23, 9.46%, 0, 0, 7, 9.88
1746618955, 0, 1007, 1189, 1155, 23, 9.46%, 0, 0, 7, 9.43
1746618976, 0, 1007, 1190, 1156, 23, 9.46%, 0, 0, 7, 9.79
1746619011, 0, 1066, 1191, 1156, 23, 9.46%, 0, 0, 7, 24.33
1746619021, 0, 1066, 1192, 1157, 23, 9.46%, 0, 0, 7, 11.99
1746619032, 0, 1066, 1195, 1160, 23, 9.46%, 0, 0, 7, 9.55
1746619037, 0, 1066, 1197, 1162, 23, 9.46%, 0, 0, 7, 9.16
1746619042, 0, 1066, 1199, 1164, 23, 9.46%, 0, 0, 7, 9.17
1746619062, 0, 1066, 1201, 1166, 23, 9.46%, 0, 0, 7, 10.73
1746619067, 0, 1066, 1202, 1167, 23, 9.46%, 0, 0, 7, 9.98
1746619073, 0, 1066, 1205, 1170, 23, 9.46%, 0, 0, 7, 9.24
1746619078, 0, 1066, 1206, 1171, 23, 9.46%, 0, 0, 7, 9.02
1746619108, 0, 1066, 1208, 1173, 23, 9.46%, 0, 0, 7, 9.19
1746619114, 0, 1066, 1209, 1174, 23, 9.46%, 0, 0, 7, 9.02
1746619129, 0, 1066, 1212, 1177, 23, 9.46%, 0, 0, 7, 9.13
1746619134, 0, 1066, 1215, 1180, 23, 9.46%, 0, 0, 7, 9.56
1746619139, 0, 1066, 1218, 1183, 23, 9.46%, 0, 0, 7, 7.62
1746619165, 0, 1066, 1219, 1184, 23, 9.46%, 0, 0, 7, 15.44
1746619206, 0, 1066, 1220, 1185, 23, 9.46%, 0, 0, 7, 10.82
1746619227, 0, 1066, 1221, 1186, 23, 9.46%, 0, 0, 7, 10.43
1746619237, 0, 1066, 1222, 1187, 23, 9.46%, 0, 0, 7, 10.17
1746619253, 0, 1066, 1223, 1188, 23, 9.46%, 0, 0, 7, 10.17
1746619268, 0, 1066, 1224, 1189, 23, 9.46%, 0, 0, 7, 9.48
1746619273, 0, 1066, 1225, 1190, 23, 9.46%, 0, 0, 7, 9.53
1746619283, 0, 1066, 1226, 1191, 23, 9.46%, 0, 0, 7, 8.75
1746619289, 0, 1066, 1227, 1192, 23, 9.46%, 0, 0, 7, 8.75
1746619314, 0, 1066, 1228, 1193, 23, 9.46%, 0, 0, 7, 9.13
1746619369, 0, 1066, 1229, 1194, 23, 9.46%, 0, 0, 7, 12.28
1746619375, 0, 1066, 1230, 1195, 23, 9.46%, 0, 0, 7, 9.85
1746619380, 0, 1066, 1232, 1197, 23, 9.46%, 0, 0, 7, 8.65
1746619385, 0, 1066, 1235, 1200, 23, 9.46%, 0, 0, 7, 8.15
1746619390, 0, 1066, 1237, 1202, 23, 9.46%, 0, 0, 7, 8.12
1746619395, 0, 1066, 1240, 1205, 23, 9.46%, 0, 0, 7, 7.96
1746619456, 0, 1066, 1242, 1207, 23, 9.46%, 0, 0, 7, 7.76
1746619461, 0, 1066, 1244, 1209, 23, 9.46%, 0, 0, 7, 7.33
1746619487, 0, 1066, 1246, 1211, 23, 9.46%, 0, 0, 7, 10.68
1746619492, 0, 1066, 1247, 1212, 23, 9.46%, 0, 0, 7, 9.32
1746619548, 0, 1066, 1248, 1213, 23, 9.46%, 0, 0, 7, 10.31
1746619553, 0, 1066, 1249, 1214, 23, 9.46%, 0, 0, 7, 9.69
1746619563, 0, 1066, 1252, 1217, 23, 9.46%, 0, 0, 7, 8.56
1746619568, 0, 1066, 1253, 1218, 23, 9.46%, 0, 0, 7, 8.98
1746619579, 0, 1066, 1255, 1220, 23, 9.46%, 0, 0, 7, 8.73
1746619666, 0, 1066, 1256, 1221, 23, 9.46%, 0, 0, 7, 9.73
1746619686, 0, 1066, 1258, 1223, 23, 9.46%, 0, 0, 7, 8.67
1746619691, 0, 1066, 1259, 1224, 23, 9.46%, 0, 0, 7, 8.58
1746619696, 0, 1066, 1261, 1226, 23, 9.46%, 0, 0, 7, 7.91
1746619701, 0, 1066, 1263, 1228, 23, 9.46%, 0, 0, 7, 7.93
1746619706, 0, 1066, 1264, 1229, 23, 9.46%, 0, 0, 7, 8.00
1746619711, 0, 1066, 1265, 1230, 23, 9.46%, 0, 0, 7, 7.98
1746619717, 0, 1066, 1266, 1231, 23, 9.46%, 0, 0, 7, 8.47
1746619722, 0, 1066, 1268, 1233, 23, 9.46%, 0, 0, 7, 8.04
1746619727, 0, 1066, 1270, 1235, 23, 9.46%, 0, 0, 7, 7.81
1746619737, 0, 1066, 1272, 1237, 23, 9.46%, 0, 0, 7, 8.19
1746619742, 0, 1066, 1273, 1238, 23, 9.46%, 0, 0, 7, 8.64
1746619747, 0, 1066, 1275, 1240, 23, 9.46%, 0, 0, 7, 8.07
1746619758, 0, 1066, 1276, 1241, 23, 9.46%, 0, 0, 7, 25.17
1746619763, 0, 1066, 1277, 1242, 23, 9.46%, 0, 0, 7, 14.12
1746619768, 0, 1066, 1278, 1243, 23, 9.46%, 0, 0, 7, 10.32
1746619778, 0, 1066, 1279, 1244, 23, 9.46%, 0, 0, 7, 31.67
1746619788, 0, 1066, 1280, 1245, 23, 9.46%, 0, 0, 7, 37.66
1746619804, 0, 1066, 1281, 1246, 23, 9.46%, 0, 0, 7, 29.09
1746619819, 0, 1066, 1282, 1247, 23, 9.46%, 0, 0, 7, 5.88
1746619830, 0, 1066, 1283, 1248, 23, 9.46%, 0, 0, 7, 41.14
1746619835, 0, 1066, 1285, 1250, 23, 9.46%, 0, 0, 7, 6.87
1746619871, 0, 1066, 1286, 1251, 23, 9.47%, 0, 0, 7, 5.48
1746619876, 0, 1066, 1287, 1252, 23, 9.47%, 0, 0, 7, 31.64
1746619881, 0, 1066, 1288, 1253, 23, 9.47%, 0, 0, 7, 27.30
1746619886, 0, 1066, 1289, 1254, 23, 9.47%, 0, 0, 7, 29.85
1746619891, 0, 1066, 1290, 1255, 23, 9.47%, 0, 0, 7, 5.81
1746619907, 0, 1066, 1291, 1256, 23, 9.47%, 0, 0, 7, 36.20
1746619922, 0, 1066, 1292, 1257, 23, 9.47%, 0, 0, 7, 19.44
1746619963, 0, 1066, 1293, 1258, 23, 9.47%, 0, 0, 7, 37.73
1746619994, 0, 1066, 1294, 1259, 23, 9.47%, 0, 0, 7, 6.35
1746620025, 0, 1066, 1295, 1260, 23, 9.47%, 0, 0, 7, 27.03
1746620030, 0, 1066, 1296, 1261, 23, 9.49%, 0, 0, 7, 33.41
1746620040, 0, 1066, 1297, 1262, 23, 9.49%, 0, 0, 7, 35.86
1746620076, 0, 1066, 1298, 1263, 23, 9.49%, 0, 0, 7, 30.17
1746620101, 0, 1066, 1299, 1264, 23, 9.49%, 0, 0, 7, 26.72
1746620111, 0, 1066, 1300, 1265, 23, 9.49%, 0, 0, 7, 5.94
1746620116, 0, 1066, 1301, 1266, 23, 9.49%, 0, 0, 7, 17.35
1746620126, 0, 1066, 1302, 1267, 23, 9.49%, 0, 0, 7, 27.20
1746620157, 0, 1066, 1303, 1268, 23, 9.49%, 0, 0, 7, 30.32
1746620162, 0, 1066, 1304, 1269, 23, 9.49%, 0, 0, 7, 5.32
1746620167, 0, 1066, 1305, 1270, 23, 9.49%, 0, 0, 7, 21.87
1746620177, 0, 1066, 1306, 1271, 23, 9.49%, 0, 0, 7, 31.70
1746620188, 0, 1066, 1307, 1272, 23, 9.49%, 0, 0, 7, 32.85
1746620193, 0, 1066, 1308, 1273, 23, 9.49%, 0, 0, 7, 37.98
1746620229, 0, 1066, 1309, 1274, 23, 9.67%, 0, 0, 7, 33.15
1746620239, 0, 1066, 1310, 1275, 23, 9.67%, 0, 0, 7, 28.30
1746620244, 0, 1066, 1311, 1276, 23, 9.67%, 0, 0, 7, 31.04
1746620254, 0, 1066, 1312, 1277, 23, 9.67%, 0, 0, 7, 27.35
1746620265, 0, 1066, 1313, 1278, 23, 9.67%, 0, 0, 7, 32.78
1746620306, 0, 1066, 1314, 1279, 23, 9.67%, 0, 0, 7, 33.34
1746620316, 0, 1079, 1315, 1279, 24, 9.67%, 0, 0, 7, 24.84
1746620321, 0, 1079, 1316, 1280, 24, 9.67%, 0, 0, 7, 17.30
1746620326, 0, 1079, 1317, 1281, 24, 9.67%, 0, 0, 7, 14.19
1746620336, 0, 1079, 1318, 1282, 24, 9.67%, 0, 0, 7, 15.42
1746620341, 0, 1079, 1319, 1283, 24, 9.67%, 0, 0, 7, 13.73
1746620444, 0, 1079, 1320, 1284, 24, 9.67%, 0, 0, 7, 13.56
1746620449, 0, 1079, 1322, 1286, 24, 9.67%, 0, 0, 7, 12.86
1746620520, 0, 1079, 1323, 1287, 24, 9.67%, 0, 0, 7, 13.59
1746620577, 0, 1079, 1324, 1288, 24, 9.67%, 0, 0, 7, 12.62
1746620608, 0, 1084, 1324, 1287, 23, 9.67%, 0, 0, 7, 8.08
1746620618, 0, 1084, 1325, 1288, 23, 9.67%, 0, 0, 7, 11.29
1746620623, 0, 1084, 1326, 1289, 23, 9.67%, 0, 0, 7, 9.34
1746620628, 0, 1084, 1327, 1290, 23, 9.67%, 0, 0, 7, 8.98
1746620633, 0, 1084, 1328, 1291, 23, 9.67%, 0, 0, 7, 7.85
1746620639, 0, 1084, 1331, 1294, 23, 9.69%, 0, 0, 7, 6.60
1746620665, 0, 1084, 1333, 1296, 23, 9.69%, 0, 0, 7, 6.09
1746620670, 0, 1084, 1335, 1298, 23, 9.70%, 0, 0, 7, 6.20
1746620675, 0, 1084, 1337, 1300, 23, 9.70%, 0, 0, 7, 5.95
1746620681, 0, 1084, 1340, 1303, 23, 9.70%, 0, 0, 7, 6.08
1746620686, 0, 1084, 1342, 1305, 23, 9.70%, 0, 0, 7, 5.51
1746620691, 0, 1084, 1344, 1307, 23, 9.70%, 0, 0, 7, 5.51
1746620696, 0, 1084, 1346, 1309, 23, 9.70%, 0, 0, 7, 5.21
1746620701, 0, 1084, 1349, 1312, 23, 9.70%, 0, 0, 7, 5.25
1746620712, 0, 1084, 1350, 1313, 23, 9.70%, 0, 0, 7, 22.59
1746620717, 0, 1084, 1351, 1314, 23, 9.70%, 0, 0, 7, 14.06
1746620727, 0, 1084, 1352, 1315, 23, 9.70%, 0, 0, 7, 10.44
1746620732, 0, 1084, 1353, 1316, 23, 9.70%, 0, 0, 7, 9.19
1746620737, 0, 1084, 1355, 1318, 23, 9.70%, 0, 0, 7, 7.24
1746620763, 0, 1084, 1357, 1320, 23, 9.70%, 0, 0, 7, 5.58
1746620768, 0, 1084, 1359, 1322, 23, 9.70%, 0, 0, 7, 5.51
1746620773, 0, 1084, 1361, 1324, 23, 9.70%, 0, 0, 7, 5.91
1746620778, 0, 1084, 1362, 1325, 23, 9.70%, 0, 0, 7, 5.84
1746620783, 0, 1084, 1364, 1327, 23, 9.70%, 0, 0, 7, 5.64
1746620789, 0, 1084, 1367, 1330, 23, 9.70%, 0, 0, 7, 5.61
1746620794, 0, 1084, 1369, 1332, 23, 9.70%, 0, 0, 7, 5.09
1746620799, 0, 1084, 1370, 1333, 23, 9.70%, 0, 0, 7, 5.19
1746620825, 0, 1084, 1372, 1335, 23, 9.70%, 0, 0, 7, 8.27
1746620830, 0, 1084, 1373, 1336, 23, 9.70%, 0, 0, 7, 6.79
1746620851, 0, 1084, 1375, 1338, 23, 9.70%, 0, 0, 7, 5.31
1746620856, 0, 1084, 1378, 1341, 23, 9.70%, 0, 0, 7, 5.34
1746620861, 0, 1084, 1379, 1342, 23, 9.70%, 0, 0, 7, 5.40
1746620866, 0, 1084, 1380, 1343, 23, 9.70%, 0, 0, 7, 6.09
1746620872, 0, 1084, 1382, 1345, 23, 9.70%, 0, 0, 7, 5.44
1746620877, 0, 1084, 1385, 1348, 23, 9.70%, 0, 0, 7, 5.12
1746620882, 0, 1084, 1386, 1349, 23, 9.70%, 0, 0, 7, 5.56
1746620887, 0, 1084, 1389, 1352, 23, 9.70%, 0, 0, 7, 5.09
1746620892, 0, 1084, 1391, 1354, 23, 9.70%, 0, 0, 7, 5.04
1746620908, 0, 1084, 1394, 1357, 23, 9.70%, 0, 0, 7, 9.27
1746620913, 0, 1084, 1396, 1359, 23, 9.70%, 0, 0, 7, 5.81
1746620918, 0, 1084, 1397, 1360, 23, 9.70%, 0, 0, 7, 18.49
1746620923, 0, 1084, 1399, 1362, 23, 9.70%, 0, 0, 7, 10.55
1746620928, 0, 1084, 1401, 1364, 23, 9.70%, 0, 0, 7, 6.51
1746620933, 0, 1084, 1403, 1366, 23, 9.70%, 0, 0, 7, 8.30
1746620938, 0, 1084, 1404, 1367, 23, 9.70%, 0, 0, 7, 6.43
1746620944, 0, 1084, 1406, 1369, 23, 9.70%, 0, 0, 7, 5.15
1746621000, 0, 1084, 1407, 1370, 23, 9.70%, 0, 0, 7, 12.36
1746621026, 0, 1084, 1408, 1371, 23, 9.70%, 0, 0, 7, 9.56
1746621036, 0, 1084, 1410, 1373, 23, 9.70%, 0, 0, 7, 9.39
1746621046, 0, 1084, 1411, 1374, 23, 9.70%, 0, 0, 7, 8.70
1746621051, 0, 1084, 1412, 1375, 23, 9.70%, 0, 0, 7, 8.81
1746621088, 0, 1084, 1413, 1376, 23, 9.70%, 0, 0, 7, 6.71
1746621093, 0, 1084, 1414, 1377, 23, 9.70%, 0, 0, 7, 6.04
1746621103, 0, 1084, 1416, 1379, 23, 9.70%, 0, 0, 7, 6.12
1746621269, 0, 1084, 1417, 1380, 23, 9.70%, 0, 0, 7, 6.26
1746621274, 0, 1084, 1420, 1383, 23, 9.70%, 0, 0, 7, 6.04
1746621284, 0, 1084, 1421, 1384, 23, 9.70%, 0, 0, 7, 6.29
1746621294, 0, 1084, 1422, 1385, 23, 9.70%, 0, 0, 7, 6.19
1746621299, 0, 1084, 1424, 1387, 23, 9.70%, 0, 0, 7, 6.00
1746621305, 0, 1084, 1425, 1388, 23, 9.70%, 0, 0, 7, 6.14
1746621310, 0, 1084, 1426, 1389, 23, 9.70%, 0, 0, 7, 6.31
1746621315, 0, 1084, 1427, 1390, 23, 9.70%, 0, 0, 7, 6.03
1746621325, 0, 1084, 1428, 1391, 23, 9.70%, 0, 0, 7, 6.11
1746621330, 0, 1084, 1429, 1392, 23, 9.70%, 0, 0, 7, 5.87
1746621336, 0, 1084, 1430, 1393, 23, 9.70%, 0, 0, 7, 6.03
1746621341, 0, 1084, 1431, 1394, 23, 9.70%, 0, 0, 7, 5.63
1746621346, 0, 1084, 1432, 1395, 23, 9.70%, 0, 0, 7, 5.58
1746621362, 0, 1084, 1434, 1397, 23, 9.70%, 0, 0, 7, 5.66
1746621466, 0, 1084, 1435, 1398, 23, 9.70%, 0, 0, 7, 6.11
1746621476, 0, 1084, 1437, 1400, 23, 9.70%, 0, 0, 7, 5.80
1746621481, 0, 1084, 1439, 1402, 23, 9.70%, 0, 0, 7, 5.91
1746621538, 0, 1084, 1440, 1403, 23, 9.70%, 0, 0, 7, 9.77
1746621612, 0, 1084, 1441, 1404, 23, 9.73%, 0, 0, 7, 6.14
1746621622, 0, 1084, 1442, 1405, 23, 9.98%, 0, 0, 7, 5.94
1746621627, 0, 1084, 1443, 1406, 23, 9.98%, 0, 0, 7, 5.84
1746621632, 0, 1084, 1444, 1407, 23, 9.98%, 0, 0, 7, 5.95
1746621638, 0, 1084, 1445, 1408, 23, 9.98%, 0, 0, 7, 5.38
1746621648, 0, 1084, 1447, 1410, 23, 9.98%, 0, 0, 7, 5.87
1746621653, 0, 1084, 1448, 1411, 23, 9.98%, 0, 0, 7, 6.17
1746621663, 0, 1084, 1449, 1412, 23, 9.98%, 0, 0, 7, 6.54
1746621674, 0, 1084, 1452, 1415, 23, 9.98%, 0, 0, 7, 6.22
1746621679, 0, 1084, 1453, 1416, 23, 9.98%, 0, 0, 7, 6.07
1746621684, 0, 1084, 1455, 1418, 23, 9.98%, 0, 0, 7, 5.81
1746621689, 0, 1084, 1457, 1420, 23, 9.98%, 0, 0, 7, 5.62
1746621694, 0, 1084, 1459, 1422, 23, 9.98%, 0, 0, 7, 5.80
1746621700, 0, 1084, 1461, 1424, 23, 9.98%, 0, 0, 7, 5.84
1746621710, 0, 1084, 1464, 1427, 23, 9.98%, 0, 0, 7, 5.44
1746621715, 0, 1084, 1465, 1428, 23, 9.98%, 0, 0, 7, 5.12
1746621726, 0, 1084, 1466, 1429, 23, 9.98%, 0, 0, 7, 5.22
1746621838, 0, 1084, 1467, 1430, 23, 9.98%, 0, 0, 7, 7.89
1746621874, 0, 1084, 1468, 1431, 23, 9.98%, 0, 0, 7, 6.00
1746621910, 0, 1084, 1470, 1433, 23, 9.99%, 0, 0, 7, 6.00
1746621915, 0, 1084, 1471, 1434, 23, 9.99%, 0, 0, 7, 6.13
1746621946, 0, 1084, 1472, 1435, 23, 9.99%, 0, 0, 7, 6.36
1746621951, 0, 1084, 1474, 1437, 23, 9.99%, 0, 0, 7, 5.50
1746621967, 0, 1084, 1475, 1438, 23, 9.99%, 0, 0, 7, 5.68
1746621982, 0, 1084, 1477, 1440, 23, 9.99%, 0, 0, 7, 6.00
1746621987, 0, 1084, 1478, 1441, 23, 9.99%, 0, 0, 7, 5.96
1746621997, 0, 1084, 1479, 1442, 23, 9.99%, 0, 0, 7, 6.43
1746622007, 0, 1084, 1480, 1443, 23, 9.99%, 0, 0, 7, 6.55
1746622018, 0, 1084, 1481, 1444, 23, 9.99%, 0, 0, 7, 5.57
1746622028, 0, 1084, 1484, 1447, 23, 9.99%, 0, 0, 7, 5.95
1746622033, 0, 1084, 1485, 1448, 23, 9.99%, 0, 0, 7, 6.02
1746622038, 0, 1084, 1486, 1449, 23, 9.99%, 0, 0, 7, 5.90
1746622048, 0, 1084, 1487, 1450, 23, 9.99%, 0, 0, 7, 5.24
1746622059, 0, 1084, 1489, 1452, 23, 9.99%, 0, 0, 7, 5.50
1746622074, 0, 1084, 1490, 1453, 23, 9.99%, 0, 0, 7, 5.11
1746622105, 0, 1084, 1491, 1454, 23, 9.99%, 0, 0, 7, 6.42
1746622121, 0, 1084, 1492, 1455, 23, 9.99%, 0, 0, 7, 21.93
1746622131, 0, 1084, 1493, 1456, 23, 9.99%, 0, 0, 7, 31.63
1746622136, 0, 1084, 1494, 1457, 23, 9.99%, 0, 0, 7, 22.46
1746622249, 0, 1084, 1495, 1458, 23, 9.99%, 0, 0, 7, 20.77
1746622310, 0, 1084, 1496, 1459, 23, 9.99%, 0, 0, 7, 22.05
1746622341, 0, 1084, 1497, 1460, 23, 9.99%, 0, 0, 7, 20.81
1746622377, 0, 1084, 1498, 1461, 23, 9.99%, 0, 0, 7, 19.46
1746622398, 0, 1084, 1499, 1462, 23, 9.99%, 0, 0, 7, 23.13
1746622480, 0, 1084, 1500, 1463, 23, 9.99%, 0, 0, 7, 24.38
1746622485, 0, 1084, 1501, 1464, 23, 9.99%, 0, 0, 7, 41.67
1746622515, 0, 1084, 1502, 1465, 23, 9.99%, 0, 0, 7, 18.97
1746622546, 0, 1084, 1503, 1466, 23, 9.99%, 0, 0, 7, 5.10
1746622556, 0, 1084, 1504, 1467, 23, 9.99%, 0, 0, 7, 22.06
1746622602, 0, 1084, 1505, 1468, 23, 9.99%, 0, 0, 7, 24.81
1746622617, 0, 1087, 1505, 1467, 26, 9.99%, 0, 0, 7, 23.86
1746622941, 0, 1087, 1506, 1468, 26, 9.99%, 0, 0, 7, 9.71
1746622951, 0, 1087, 1507, 1469, 26, 9.99%, 0, 0, 7, 8.85
1746622956, 0, 1087, 1508, 1470, 26, 9.99%, 0, 0, 7, 10.63
1746623038, 0, 1087, 1509, 1471, 26, 9.99%, 0, 0, 7, 10.04
1746623094, 0, 1088, 1509, 1470, 26, 9.99%, 0, 0, 7, 32.33
1746623115, 0, 1088, 1510, 1471, 26, 9.99%, 0, 0, 7, 9.12
1746623120, 0, 1088, 1511, 1472, 26, 9.99%, 0, 0, 7, 7.94
1746623150, 0, 1088, 1512, 1473, 26, 9.99%, 0, 0, 7, 40.54
1746623192, 0, 1088, 1513, 1474, 26, 9.99%, 0, 0, 7, 6.83
1746623223, 0, 1088, 1514, 1475, 26, 9.99%, 0, 0, 7, 9.18
1746623248, 0, 1088, 1515, 1476, 26, 9.99%, 0, 0, 7, 6.68
1746623253, 0, 1088, 1516, 1477, 26, 9.99%, 0, 0, 7, 6.73
1746623258, 0, 1088, 1517, 1478, 26, 9.99%, 0, 0, 7, 6.90
1746623268, 0, 1088, 1518, 1479, 26, 9.99%, 0, 0, 7, 10.02
1746623340, 0, 1088, 1519, 1480, 26, 9.99%, 0, 0, 7, 10.57
1746623371, 0, 1088, 1520, 1481, 26, 9.99%, 0, 0, 7, 9.22
1746623438, 0, 1088, 1521, 1482, 26, 9.99%, 0, 0, 7, 6.98
1746623709, 0, 1088, 1523, 1484, 26, 9.99%, 0, 0, 7, 6.93
1746623842, 0, 1088, 1524, 1485, 26, 9.99%, 0, 0, 7, 6.95
1746623867, 0, 1088, 1525, 1486, 26, 9.99%, 0, 0, 7, 7.18
1746623918, 0, 1088, 1526, 1487, 26, 9.99%, 0, 0, 7, 13.85
1746623929, 0, 1088, 1527, 1488, 26, 9.99%, 0, 0, 7, 9.43
1746623995, 0, 1088, 1528, 1489, 26, 9.99%, 0, 0, 7, 7.52
1746624165, 0, 1088, 1529, 1490, 26, 9.99%, 0, 0, 7, 7.21
1746624196, 0, 1089, 1529, 1489, 26, 9.99%, 0, 0, 7, 25.79
1746624468, 0, 1089, 1530, 1490, 26, 9.99%, 0, 0, 7, 24.82
1746624535, 0, 1089, 1531, 1491, 26, 9.99%, 0, 0, 7, 10.42
1746624581, 0, 1109, 1531, 1490, 25, 9.99%, 0, 0, 7, 27.14
1746624865, 0, 1109, 1532, 1491, 25, 9.99%, 0, 0, 7, 6.99
1746624984, 0, 1109, 1533, 1492, 25, 9.99%, 0, 0, 7, 6.82
1746625154, 0, 1109, 1535, 1494, 25, 9.99%, 0, 0, 7, 7.15
1746625164, 0, 1109, 1536, 1495, 25, 9.99%, 0, 0, 7, 6.87
1746625318, 0, 1109, 1537, 1496, 25, 9.99%, 0, 0, 7, 8.68
1746625323, 0, 1109, 1538, 1497, 25, 9.99%, 0, 0, 7, 8.07
1746625375, 0, 1109, 1539, 1498, 25, 9.99%, 0, 0, 7, 6.59
1746625401, 0, 1109, 1540, 1499, 25, 9.99%, 0, 0, 7, 6.95
1746625426, 0, 1109, 1541, 1500, 25, 9.99%, 0, 0, 7, 41.60
1746625472, 0, 1124, 1541, 1499, 26, 9.99%, 0, 0, 7, 30.40
1746625682, 0, 1124, 1542, 1500, 26, 9.99%, 0, 0, 7, 14.49
1746625784, 0, 1129, 1542, 1499, 26, 9.99%, 0, 0, 7, 35.69
1746625892, 0, 1139, 1542, 1498, 25, 9.99%, 0, 0, 7, 30.90
1746626143, 0, 1139, 1543, 1499, 25, 9.99%, 0, 0, 8, 11.90
1746626194, 0, 1156, 1543, 1498, 24, 9.99%, 0, 0, 8, 31.00
1746626424, 0, 1156, 1544, 1499, 24, 9.99%, 0, 0, 8, 20.01
1746626455, 0, 1157, 1544, 1498, 24, 9.99%, 0, 0, 8, 37.55
1746626680, 0, 1165, 1544, 1497, 23, 9.99%, 0, 0, 8, 33.26
1746627002, 0, 1174, 1544, 1496, 22, 9.99%, 0, 0, 8, 23.81
1746627182, 0, 1174, 1545, 1497, 22, 9.99%, 0, 0, 8, 10.29
1746627381, 0, 1240, 1545, 1496, 21, 9.99%, 0, 0, 8, 36.33
1746627452, 0, 1240, 1546, 1497, 21, 9.99%, 0, 0, 8, 7.03
1746627499, 0, 1240, 1547, 1498, 21, 9.99%, 0, 0, 8, 11.12
1746627702, 0, 1240, 1548, 1499, 21, 9.99%, 0, 0, 8, 6.82
1746627850, 0, 1240, 1549, 1500, 21, 9.99%, 0, 0, 8, 8.31
1746627917, 0, 1240, 1550, 1501, 21, 9.99%, 0, 0, 8, 8.66
1746628065, 0, 1240, 1551, 1502, 21, 9.99%, 0, 0, 8, 7.85
1746628122, 0, 1240, 1552, 1503, 21, 9.99%, 0, 0, 8, 32.87
1746628148, 0, 1255, 1552, 1502, 19, 9.99%, 0, 0, 8, 25.91
1746628394, 0, 1255, 1553, 1503, 19, 9.99%, 0, 0, 8, 8.91
1746628654, 0, 1255, 1554, 1504, 19, 9.99%, 0, 0, 8, 6.48
1746628834, 0, 1255, 1555, 1505, 19, 9.99%, 0, 0, 8, 9.96
1746628839, 0, 1255, 1556, 1506, 19, 9.99%, 0, 0, 8, 9.15
1746628984, 0, 1255, 1557, 1507, 19, 9.99%, 0, 0, 8, 4.72
1746629025, 0, 1313, 1557, 1506, 20, 9.99%, 0, 0, 8, 27.75
1746629040, 0, 1313, 1558, 1507, 20, 9.99%, 0, 0, 8, 11.19
1746629045, 0, 1313, 1559, 1508, 20, 9.99%, 0, 0, 8, 10.31
1746629071, 0, 1313, 1560, 1509, 20, 9.99%, 0, 0, 8, 10.00
1746629112, 0, 1313, 1561, 1510, 20, 9.99%, 0, 0, 8, 10.81
1746629179, 0, 1313, 1562, 1511, 20, 9.99%, 0, 0, 8, 10.82
1746629184, 0, 1313, 1563, 1512, 20, 9.99%, 0, 0, 8, 10.97
1746629609, 0, 1313, 1564, 1513, 20, 9.99%, 0, 0, 8, 44.04
1746629644, 0, 1357, 1564, 1512, 20, 9.99%, 0, 0, 8, 5.86
1746629696, 0, 1357, 1565, 1513, 20, 10.00%, 0, 0, 8, 5.56
1746629701, 0, 1357, 1566, 1514, 20, 10.00%, 0, 0, 8, 5.30
1746629706, 0, 1357, 1567, 1515, 20, 10.00%, 0, 0, 8, 5.36
1746629773, 0, 1357, 1569, 1517, 20, 10.00%, 0, 0, 8, 4.89
1746629783, 0, 1357, 1570, 1518, 20, 10.00%, 0, 0, 8, 4.92
1746629788, 0, 1357, 1572, 1520, 20, 10.01%, 0, 0, 8, 4.80
1746629844, 0, 1357, 1573, 1521, 20, 10.01%, 0, 0, 8, 5.40
1746629855, 0, 1357, 1574, 1522, 20, 10.02%, 0, 0, 8, 5.07
1746629885, 0, 1357, 1575, 1523, 20, 10.02%, 0, 0, 8, 50.23
1746629999, 0, 1357, 1576, 1524, 20, 10.02%, 0, 0, 8, 8.36
1746630205, 0, 1357, 1577, 1525, 20, 10.02%, 0, 0, 8, 5.40
1746630251, 0, 1357, 1578, 1526, 20, 10.02%, 0, 0, 8, 5.16
1746630323, 0, 1357, 1579, 1527, 20, 10.02%, 0, 0, 8, 4.83
1746630328, 0, 1357, 1580, 1528, 20, 10.02%, 0, 0, 8, 4.86
1746630338, 0, 1357, 1582, 1530, 20, 10.02%, 0, 0, 8, 4.89
1746630420, 0, 1357, 1583, 1531, 20, 10.02%, 0, 0, 8, 6.42
1746630425, 0, 1357, 1584, 1532, 20, 10.02%, 0, 0, 8, 5.50
1746630436, 0, 1357, 1585, 1533, 20, 10.02%, 0, 0, 8, 5.02
1746630610, 0, 1357, 1587, 1535, 20, 10.02%, 0, 0, 8, 4.67
1746630641, 0, 1357, 1588, 1536, 20, 10.02%, 0, 0, 8, 4.97
1746630887, 0, 1357, 1589, 1537, 20, 10.02%, 0, 0, 8, 6.15
1746630902, 0, 1357, 1590, 1538, 20, 10.02%, 0, 0, 8, 5.06
1746631020, 0, 1357, 1591, 1539, 20, 10.02%, 0, 0, 8, 5.63
1746631072, 0, 1394, 1591, 1538, 23, 10.02%, 0, 0, 8, 20.36
1746631087, 0, 1394, 1592, 1539, 23, 10.02%, 0, 0, 8, 8.84
1746631129, 0, 1394, 1593, 1540, 23, 10.02%, 0, 0, 8, 5.22
1746631257, 0, 1394, 1594, 1541, 23, 10.02%, 0, 0, 8, 5.59
1746631293, 0, 1394, 1595, 1542, 23, 10.02%, 0, 0, 8, 6.31
1746631298, 0, 1394, 1596, 1543, 23, 10.02%, 0, 0, 8, 29.25
1746631308, 0, 1394, 1597, 1544, 23, 10.02%, 0, 0, 8, 51.91
1746631616, 0, 1394, 1598, 1545, 23, 10.02%, 0, 0, 8, 6.30
1746632011, 0, 1394, 1599, 1546, 23, 10.02%, 0, 0, 8, 4.88
1746632221, 0, 1394, 1600, 1547, 23, 10.02%, 0, 0, 8, 5.97
1746632288, 0, 1394, 1601, 1548, 23, 10.02%, 0, 0, 8, 4.98
1746632421, 0, 1395, 1601, 1547, 22, 10.02%, 0, 0, 8, 18.53
1746632545, 0, 1395, 1602, 1548, 22, 10.02%, 0, 0, 8, 5.62
1746633219, 0, 1395, 1603, 1549, 22, 10.02%, 0, 0, 8, 4.74
1746633230, 0, 1395, 1604, 1550, 22, 10.02%, 0, 0, 8, 4.78
1746633240, 0, 1395, 1605, 1551, 22, 10.02%, 0, 0, 8, 4.76
1746633827, 0, 1395, 1606, 1552, 22, 10.02%, 0, 0, 8, 5.94
1746633961, 0, 1440, 1606, 1551, 21, 10.02%, 0, 0, 8, 22.00
1746634452, 0, 1440, 1607, 1552, 21, 10.02%, 0, 0, 8, 5.75
1746634524, 0, 1440, 1608, 1553, 21, 10.02%, 0, 0, 8, 5.78
1746634534, 0, 1440, 1610, 1555, 21, 10.02%, 0, 0, 8, 5.57
1746634559, 0, 1440, 1611, 1556, 21, 10.02%, 0, 0, 8, 5.56
1746634760, 0, 1440, 1612, 1557, 21, 10.02%, 0, 0, 8, 6.43
1746634776, 0, 1440, 1613, 1558, 21, 10.02%, 0, 0, 8, 5.91
1746634817, 0, 1440, 1615, 1560, 21, 10.03%, 0, 0, 8, 5.56
1746634967, 0, 1440, 1616, 1561, 21, 10.03%, 0, 0, 8, 5.88
1746635029, 0, 1440, 1617, 1562, 21, 10.03%, 0, 0, 8, 6.69
1746635189, 0, 1443, 1617, 1561, 22, 10.03%, 0, 0, 8, 25.70
1746635235, 0, 1443, 1619, 1563, 22, 10.05%, 0, 0, 8, 6.03
1746635297, 0, 1443, 1620, 1564, 22, 10.05%, 0, 0, 8, 5.94
1746635302, 0, 1443, 1621, 1565, 22, 10.05%, 0, 0, 8, 5.68
1746635354, 0, 1443, 1622, 1566, 22, 10.06%, 0, 0, 8, 5.80
1746635668, 0, 1443, 1623, 1567, 22, 10.06%, 0, 0, 8, 5.66
1746635834, 0, 1443, 1624, 1568, 22, 10.06%, 0, 0, 8, 6.11
1746635840, 0, 1443, 1625, 1569, 22, 10.06%, 0, 0, 8, 5.61
1746635988, 0, 1443, 1626, 1570, 22, 10.06%, 0, 0, 8, 5.41
1746636251, 0, 1443, 1627, 1571, 22, 10.06%, 0, 0, 8, 5.91
1746636432, 0, 1475, 1627, 1570, 21, 10.06%, 0, 0, 8, 18.99
1746637013, 0, 1475, 1628, 1571, 21, 10.06%, 0, 0, 8, 5.27
1746637514, 0, 1475, 1629, 1572, 21, 10.06%, 0, 0, 8, 5.77
1746637623, 0, 1505, 1629, 1571, 20, 10.06%, 0, 0, 8, 21.99
1746638154, 0, 1510, 1629, 1570, 19, 10.06%, 0, 0, 8, 29.37
1746639274, 0, 1516, 1629, 1569, 18, 10.06%, 0, 0, 8, 22.59
1746639321, 0, 1516, 1630, 1570, 18, 10.06%, 0, 0, 8, 6.92
1746640413, 0, 1531, 1630, 1569, 18, 10.06%, 0, 0, 8, 26.07
1746640454, 0, 1531, 1631, 1570, 18, 10.06%, 0, 0, 8, 6.78
1746640460, 0, 1531, 1632, 1571, 18, 10.06%, 0, 0, 8, 6.64
1746640506, 0, 1531, 1633, 1572, 18, 10.06%, 0, 0, 8, 6.64
1746640826, 0, 1531, 1634, 1573, 18, 10.06%, 0, 0, 8, 6.71
1746640831, 0, 1531, 1636, 1575, 18, 10.06%, 0, 0, 8, 6.66
1746641206, 0, 1531, 1637, 1576, 18, 10.06%, 0, 0, 8, 6.57
1746641354, 0, 1531, 1638, 1577, 18, 10.06%, 0, 0, 8, 21.57
1746641416, 0, 1544, 1638, 1576, 18, 10.06%, 0, 0, 8, 29.93
1746641436, 0, 1544, 1639, 1577, 18, 10.06%, 0, 0, 9, 17.24
1746641473, 0, 1544, 1640, 1578, 18, 10.06%, 0, 0, 9, 12.47
1746641796, 0, 1544, 1641, 1579, 18, 10.06%, 0, 0, 9, 23.74
1746641837, 0, 1553, 1641, 1578, 17, 10.06%, 0, 0, 9, 26.06
1746641878, 0, 1553, 1643, 1580, 17, 10.06%, 0, 0, 9, 6.09
1746641919, 0, 1553, 1644, 1581, 17, 10.06%, 0, 0, 9, 6.19
1746641924, 0, 1553, 1645, 1582, 17, 10.06%, 0, 0, 9, 6.04
1746641930, 0, 1553, 1646, 1583, 17, 10.06%, 0, 0, 9, 45.25
1746641966, 0, 1553, 1648, 1585, 17, 10.06%, 0, 0, 9, 6.15
1746641971, 0, 1553, 1649, 1586, 17, 10.06%, 0, 0, 9, 5.97
1746642204, 0, 1553, 1650, 1587, 17, 10.06%, 0, 0, 9, 6.11
1746642225, 0, 1553, 1651, 1588, 17, 10.06%, 0, 0, 9, 5.78
1746642246, 0, 1553, 1654, 1591, 17, 10.06%, 0, 0, 9, 5.97
1746642251, 0, 1553, 1657, 1594, 17, 10.06%, 0, 0, 9, 6.03
1746642256, 0, 1553, 1660, 1597, 17, 10.06%, 0, 0, 9, 6.06
1746642262, 0, 1553, 1664, 1601, 17, 10.06%, 0, 0, 9, 6.07
1746642267, 0, 1553, 1667, 1604, 17, 10.06%, 0, 0, 9, 6.08
1746642555, 0, 1553, 1668, 1605, 17, 10.06%, 0, 0, 9, 5.84
1746642560, 0, 1553, 1671, 1608, 17, 10.06%, 0, 0, 9, 5.96
1746642565, 0, 1553, 1673, 1610, 17, 10.06%, 0, 0, 9, 6.01
1746642570, 0, 1553, 1674, 1611, 17, 10.06%, 0, 0, 9, 5.96
1746642730, 0, 1553, 1675, 1612, 17, 10.06%, 0, 0, 9, 5.32
1746642735, 0, 1553, 1676, 1613, 17, 10.06%, 0, 0, 9, 5.62
1746642745, 0, 1553, 1678, 1615, 17, 10.06%, 0, 0, 9, 5.71
1746642750, 0, 1553, 1680, 1617, 17, 10.06%, 0, 0, 9, 5.89
1746642796, 0, 1553, 1681, 1618, 17, 10.06%, 0, 0, 9, 7.08
1746642858, 0, 1557, 1681, 1617, 18, 10.06%, 0, 0, 9, 29.00
1746642893, 0, 1557, 1682, 1618, 18, 10.06%, 0, 0, 9, 10.98
1746642980, 0, 1557, 1683, 1619, 18, 10.06%, 0, 0, 9, 12.62
1746643381, 0, 1564, 1683, 1618, 17, 10.06%, 0, 0, 9, 11.42
1746643432, 0, 1564, 1684, 1619, 17, 10.07%, 0, 0, 9, 6.24
1746643540, 0, 1564, 1685, 1620, 17, 10.07%, 0, 0, 9, 6.21
1746643895, 0, 1564, 1686, 1621, 17, 10.07%, 0, 0, 9, 6.08
1746644608, 0, 1608, 1686, 1620, 18, 10.07%, 0, 0, 9, 19.10
1746644790, 0, 1608, 1687, 1621, 18, 10.08%, 0, 0, 9, 11.50
1746645171, 0, 1608, 1688, 1622, 18, 10.08%, 0, 0, 9, 5.61
1746646005, 0, 1610, 1688, 1621, 18, 10.08%, 0, 0, 9, 12.73
1746646113, 0, 1610, 1689, 1622, 18, 10.08%, 0, 0, 9, 3.17
1746646118, 0, 1610, 1690, 1623, 18, 10.08%, 0, 0, 9, 3.16
1746646842, 0, 1610, 1691, 1624, 18, 10.08%, 0, 0, 9, 3.24
1746647062, 0, 1610, 1692, 1625, 18, 10.08%, 0, 0, 9, 3.13
1746648285, 0, 1614, 1692, 1624, 17, 10.08%, 0, 0, 9, 29.79
1746648389, 0, 1614, 1693, 1625, 17, 10.08%, 0, 0, 9, 3.14
1746648595, 0, 1614, 1694, 1626, 17, 10.08%, 0, 0, 9, 3.16
1746649096, 0, 1614, 1697, 1629, 17, 10.08%, 0, 0, 9, 5.49
1746649101, 0, 1614, 1698, 1630, 17, 10.08%, 0, 0, 9, 5.48
1746649787, 0, 1621, 1698, 1629, 17, 10.08%, 0, 0, 9, 19.08
1746649834, 0, 1621, 1700, 1631, 17, 10.08%, 0, 0, 9, 5.83
1746649839, 0, 1621, 1702, 1633, 17, 10.08%, 0, 0, 9, 5.32
1746649844, 0, 1621, 1704, 1635, 17, 10.08%, 0, 0, 9, 5.30
1746649849, 0, 1621, 1706, 1637, 17, 10.08%, 0, 0, 9, 5.26
1746649854, 0, 1621, 1708, 1639, 17, 10.08%, 0, 0, 9, 5.28
1746649859, 0, 1621, 1709, 1640, 17, 10.08%, 0, 0, 9, 5.29
1746649911, 0, 1621, 1710, 1641, 17, 10.08%, 0, 0, 9, 5.51
1746649917, 0, 1621, 1713, 1644, 17, 10.09%, 0, 0, 9, 5.30
1746649927, 0, 1621, 1714, 1645, 17, 10.09%, 0, 0, 9, 5.09
1746649978, 0, 1621, 1715, 1646, 17, 10.09%, 0, 0, 9, 5.67
1746649983, 0, 1621, 1716, 1647, 17, 10.09%, 0, 0, 9, 5.15
1746649999, 0, 1621, 1717, 1648, 17, 10.09%, 0, 0, 9, 13.21
1746650004, 0, 1621, 1718, 1649, 17, 10.09%, 0, 0, 9, 10.18
1746650019, 0, 1621, 1719, 1650, 17, 10.10%, 0, 0, 9, 49.77
1746650318, 0, 1621, 1720, 1651, 17, 10.10%, 0, 0, 9, 5.31
1746650345, 0, 1621, 1721, 1652, 17, 10.10%, 0, 0, 9, 5.25
1746650361, 0, 1621, 1722, 1653, 17, 10.10%, 0, 0, 9, 5.23
1746650636, 0, 1621, 1723, 1654, 17, 10.10%, 0, 0, 9, 5.47
1746650641, 0, 1621, 1725, 1656, 17, 10.10%, 0, 0, 9, 4.88
1746650646, 0, 1621, 1727, 1658, 17, 10.10%, 0, 0, 9, 4.98
1746650652, 0, 1621, 1728, 1659, 17, 10.10%, 0, 0, 9, 5.00
1746650662, 0, 1621, 1729, 1660, 17, 10.10%, 0, 0, 9, 4.93
1746650677, 0, 1621, 1730, 1661, 17, 10.10%, 0, 0, 9, 5.35
1746650933, 0, 1621, 1731, 1662, 17, 10.10%, 0, 0, 9, 4.53
1746650949, 0, 1621, 1732, 1663, 17, 10.10%, 0, 0, 9, 4.99
1746650954, 0, 1621, 1733, 1664, 17, 10.10%, 0, 0, 9, 5.26
1746650969, 0, 1621, 1734, 1665, 17, 10.10%, 0, 0, 9, 5.72
1746651082, 0, 1621, 1735, 1666, 17, 10.10%, 0, 0, 9, 4.92
1746651093, 0, 1621, 1736, 1667, 17, 10.10%, 0, 0, 9, 14.98
1746651139, 0, 1629, 1736, 1666, 23, 10.10%, 0, 0, 9, 20.40
1746652333, 0, 1635, 1736, 1665, 22, 10.10%, 0, 0, 9, 25.38
1746653299, 0, 1649, 1736, 1664, 21, 10.10%, 0, 0, 9, 27.61
1746653340, 0, 1649, 1737, 1665, 21, 10.10%, 0, 0, 10, 6.09
1746653427, 0, 1649, 1738, 1666, 21, 10.10%, 0, 0, 10, 6.03
1746653696, 0, 1649, 1739, 1667, 21, 10.10%, 0, 0, 10, 5.89
1746653701, 0, 1649, 1740, 1668, 21, 10.10%, 0, 0, 10, 6.01
1746653990, 0, 1649, 1741, 1669, 21, 10.10%, 0, 0, 10, 5.82
1746653995, 0, 1649, 1742, 1670, 21, 10.10%, 0, 0, 10, 5.88
1746654001, 0, 1649, 1744, 1672, 21, 10.10%, 0, 0, 10, 5.97
1746654006, 0, 1649, 1746, 1674, 21, 10.10%, 0, 0, 10, 6.00
1746654171, 0, 1649, 1747, 1675, 21, 10.10%, 0, 0, 10, 5.66
1746654176, 0, 1649, 1748, 1676, 21, 10.10%, 0, 0, 10, 5.39
1746654181, 0, 1649, 1749, 1677, 21, 10.10%, 0, 0, 10, 5.58
1746654257, 0, 1649, 1751, 1679, 21, 10.10%, 0, 0, 10, 5.61
1746654319, 0, 1650, 1751, 1678, 20, 10.10%, 0, 0, 10, 25.86
