# unix_time, cycles_done, cur_path, paths_total, pending_total, pending_favs, map_size, unique_crashes, unique_hangs, max_depth, execs_per_sec
1746712924, 0, 0, 1, 1, 1, 3.78%, 0, 0, 1, 80.81
1746712929, 0, 0, 38, 38, 1, 5.03%, 0, 0, 2, 115.07
1746712934, 0, 0, 69, 69, 1, 5.07%, 0, 0, 2, 120.27
1746712939, 0, 0, 97, 97, 1, 5.07%, 0, 0, 2, 124.36
1746712945, 0, 0, 117, 117, 1, 5.08%, 0, 0, 2, 128.58
1746712950, 0, 0, 134, 134, 1, 5.08%, 0, 0, 2, 131.23
1746712955, 0, 0, 144, 144, 1, 5.08%, 0, 0, 2, 134.55
1746712960, 0, 0, 156, 156, 1, 5.08%, 0, 0, 2, 134.06
1746712965, 0, 0, 164, 164, 1, 5.08%, 0, 0, 2, 137.49
1746712970, 0, 0, 176, 176, 1, 5.08%, 0, 0, 2, 132.90
1746712976, 0, 0, 181, 181, 1, 5.09%, 0, 0, 2, 134.21
1746712981, 0, 0, 192, 192, 1, 5.09%, 0, 0, 2, 131.52
1746712986, 0, 0, 200, 200, 1, 5.09%, 0, 0, 2, 135.94
1746712991, 0, 0, 207, 207, 1, 5.09%, 0, 0, 2, 130.84
1746712996, 0, 0, 210, 210, 1, 5.09%, 0, 0, 2, 133.67
1746713001, 0, 0, 216, 216, 1, 5.09%, 0, 0, 2, 132.89
1746713006, 0, 0, 221, 221, 1, 5.09%, 0, 0, 2, 132.55
1746713012, 0, 0, 227, 227, 1, 5.09%, 0, 0, 2, 132.15
1746713017, 0, 0, 233, 233, 1, 5.09%, 0, 0, 2, 134.93
1746713022, 0, 0, 236, 236, 1, 5.09%, 0, 0, 2, 134.66
1746713027, 0, 0, 237, 237, 1, 5.09%, 0, 0, 2, 136.69
1746713032, 0, 0, 241, 241, 1, 5.09%, 0, 0, 2, 138.98
1746713038, 0, 0, 245, 245, 1, 5.09%, 0, 0, 2, 136.16
1746713043, 0, 0, 248, 248, 1, 5.09%, 0, 0, 2, 136.57
1746713048, 0, 0, 250, 250, 1, 5.09%, 0, 0, 2, 137.67
1746713053, 0, 0, 253, 253, 1, 5.09%, 0, 0, 2, 139.06
1746713058, 0, 0, 255, 255, 1, 5.09%, 0, 0, 2, 138.92
1746713063, 0, 2, 255, 254, 10, 5.09%, 0, 0, 2, 142.12
1746713068, 0, 4, 255, 253, 9, 5.09%, 0, 0, 2, 142.75
1746713073, 0, 4, 257, 255, 9, 5.09%, 0, 0, 3, 141.27
1746713079, 0, 4, 261, 259, 9, 5.10%, 0, 0, 3, 135.20
1746713084, 0, 4, 264, 262, 9, 5.10%, 0, 0, 3, 136.44
1746713089, 0, 4, 266, 264, 9, 5.10%, 0, 0, 3, 134.40
1746713094, 0, 4, 267, 265, 9, 5.10%, 0, 0, 3, 136.62
1746713109, 0, 4, 268, 266, 9, 5.10%, 0, 0, 3, 137.82
1746713114, 0, 4, 270, 268, 9, 5.10%, 0, 0, 3, 137.49
1746713125, 0, 4, 273, 271, 9, 5.11%, 0, 0, 3, 136.37
1746713130, 0, 4, 276, 274, 9, 5.11%, 0, 0, 3, 135.89
1746713135, 0, 4, 278, 276, 9, 5.11%, 0, 0, 3, 134.41
1746713140, 0, 4, 282, 280, 9, 5.12%, 0, 0, 3, 131.04
1746713150, 0, 4, 285, 283, 9, 5.12%, 0, 0, 3, 135.03
1746713161, 0, 4, 287, 285, 9, 5.13%, 0, 0, 3, 136.08
1746713166, 0, 4, 291, 289, 9, 5.13%, 0, 0, 3, 133.95
1746713171, 0, 4, 295, 293, 9, 5.13%, 0, 0, 3, 132.69
1746713181, 0, 4, 296, 294, 9, 5.13%, 0, 0, 3, 138.99
1746713186, 0, 4, 297, 295, 9, 5.13%, 0, 0, 3, 139.58
1746713192, 0, 20, 297, 294, 12, 5.13%, 0, 0, 3, 131.41
1746713232, 0, 23, 297, 293, 11, 5.13%, 0, 0, 3, 134.59
1746713243, 0, 23, 298, 294, 11, 5.13%, 0, 0, 3, 136.84
1746713248, 0, 23, 300, 296, 11, 5.13%, 0, 0, 3, 133.61
1746713258, 0, 23, 302, 298, 11, 5.13%, 0, 0, 3, 134.63
1746713273, 0, 23, 304, 300, 11, 5.13%, 0, 0, 3, 133.41
1746713279, 0, 23, 306, 302, 11, 5.13%, 0, 0, 3, 134.06
1746713284, 0, 23, 307, 303, 11, 5.13%, 0, 0, 3, 135.98
1746713289, 0, 23, 308, 304, 11, 5.13%, 0, 0, 3, 136.96
1746713304, 0, 23, 309, 305, 11, 5.13%, 0, 0, 3, 137.79
1746713335, 0, 23, 310, 306, 11, 5.13%, 0, 0, 3, 138.02
1746713340, 0, 23, 311, 307, 11, 5.13%, 0, 0, 3, 136.12
1746713356, 0, 23, 312, 308, 11, 5.13%, 0, 0, 3, 135.68
1746713361, 0, 103, 313, 308, 11, 5.13%, 0, 0, 3, 128.90
1746713498, 0, 103, 321, 316, 11, 5.13%, 0, 0, 3, 96.32
1746713503, 0, 103, 328, 323, 11, 5.13%, 0, 0, 3, 97.44
1746713509, 0, 103, 334, 329, 11, 5.13%, 0, 0, 3, 98.34
1746713514, 0, 103, 336, 331, 11, 5.13%, 0, 0, 3, 100.98
1746713519, 0, 103, 342, 337, 11, 5.13%, 0, 0, 3, 99.25
1746713524, 0, 103, 344, 339, 11, 5.13%, 0, 0, 3, 101.35
1746713529, 0, 103, 349, 344, 11, 5.13%, 0, 0, 3, 99.73
1746713534, 0, 103, 352, 347, 11, 5.13%, 0, 0, 3, 102.12
1746713539, 0, 103, 355, 350, 11, 5.13%, 0, 0, 3, 101.89
1746713544, 0, 103, 356, 351, 11, 5.13%, 0, 0, 3, 105.00
1746713549, 0, 103, 359, 354, 11, 5.13%, 0, 0, 3, 102.52
1746713554, 0, 103, 360, 355, 11, 5.13%, 0, 0, 3, 104.84
1746713559, 0, 103, 364, 359, 11, 5.13%, 0, 0, 3, 100.51
1746713564, 0, 103, 366, 361, 11, 5.13%, 0, 0, 3, 102.03
1746713569, 0, 103, 368, 363, 11, 5.14%, 0, 0, 3, 101.35
1746713574, 0, 103, 370, 365, 11, 5.14%, 0, 0, 3, 101.11
1746713580, 0, 103, 371, 366, 11, 5.14%, 0, 0, 3, 101.22
1746713585, 0, 103, 372, 367, 11, 5.14%, 0, 0, 3, 100.95
1746713590, 0, 103, 375, 370, 11, 5.14%, 0, 0, 3, 98.92
1746713600, 0, 103, 376, 371, 11, 5.14%, 0, 0, 3, 102.86
1746713605, 0, 103, 378, 373, 11, 5.15%, 0, 0, 3, 102.18
1746713610, 0, 103, 379, 374, 11, 5.15%, 0, 0, 3, 101.43
1746713620, 0, 103, 380, 375, 11, 5.15%, 0, 0, 3, 103.39
1746713625, 0, 103, 381, 376, 11, 5.15%, 0, 0, 3, 104.24
1746713630, 0, 103, 382, 377, 11, 5.15%, 0, 0, 3, 103.26
1746713635, 0, 103, 385, 380, 11, 5.15%, 0, 0, 3, 100.61
1746713645, 0, 103, 388, 383, 11, 5.15%, 0, 0, 3, 101.41
1746713651, 0, 103, 391, 386, 11, 5.15%, 0, 0, 3, 100.94
1746713661, 0, 136, 391, 385, 13, 5.15%, 0, 0, 3, 104.94
1746713707, 0, 167, 391, 384, 12, 5.15%, 0, 0, 3, 116.06
1746713799, 0, 167, 392, 385, 12, 5.15%, 0, 0, 3, 109.97
1746713804, 0, 167, 395, 388, 12, 5.15%, 0, 0, 3, 108.97
1746713814, 0, 167, 396, 389, 12, 5.15%, 0, 0, 3, 110.85
1746713824, 0, 167, 397, 390, 12, 5.15%, 0, 0, 3, 111.39
1746713830, 0, 167, 399, 392, 12, 5.15%, 0, 0, 3, 109.27
1746713835, 0, 167, 400, 393, 12, 5.15%, 0, 0, 3, 110.37
1746713840, 0, 167, 401, 394, 12, 5.15%, 0, 0, 3, 108.72
1746713845, 0, 167, 402, 395, 12, 5.15%, 0, 0, 3, 111.78
1746713876, 0, 167, 404, 397, 12, 5.15%, 0, 0, 3, 107.53
1746713886, 0, 167, 405, 398, 12, 5.15%, 0, 0, 3, 112.98
1746713891, 0, 167, 407, 400, 12, 5.15%, 0, 0, 3, 109.39
1746713912, 0, 167, 408, 401, 12, 5.15%, 0, 0, 3, 109.34
1746713932, 0, 167, 410, 403, 12, 5.15%, 0, 0, 3, 109.41
1746713937, 0, 167, 411, 404, 12, 5.15%, 0, 0, 3, 113.98
1746713942, 0, 167, 412, 405, 12, 5.15%, 0, 0, 3, 112.83
1746713947, 0, 168, 412, 404, 11, 5.15%, 0, 0, 3, 112.17
1746713999, 0, 168, 414, 406, 11, 5.15%, 0, 0, 3, 116.67
1746714014, 0, 244, 414, 405, 11, 5.15%, 0, 0, 3, 101.83
1746714151, 0, 244, 415, 406, 11, 5.15%, 0, 0, 3, 101.36
1746714156, 0, 244, 416, 407, 11, 5.23%, 0, 0, 3, 101.95
1746714161, 0, 244, 418, 409, 11, 5.23%, 0, 0, 3, 101.92
1746714171, 0, 244, 419, 410, 11, 5.23%, 0, 0, 3, 101.51
1746714181, 0, 244, 420, 411, 11, 5.23%, 0, 0, 3, 101.89
1746714192, 0, 244, 421, 412, 11, 5.23%, 0, 0, 3, 102.88
1746714197, 0, 244, 422, 413, 11, 5.23%, 0, 0, 3, 101.87
1746714202, 0, 244, 423, 414, 11, 5.23%, 0, 0, 3, 99.72
1746714207, 0, 244, 424, 415, 11, 5.23%, 0, 0, 3, 99.85
1746714212, 0, 244, 425, 416, 11, 5.23%, 0, 0, 3, 99.67
1746714217, 0, 244, 427, 418, 11, 5.23%, 0, 0, 3, 100.19
1746714222, 0, 244, 428, 419, 11, 5.23%, 0, 0, 3, 99.26
1746714227, 0, 244, 429, 420, 11, 5.23%, 0, 0, 3, 100.01
1746714232, 0, 244, 430, 421, 11, 5.23%, 0, 0, 3, 100.13
1746714248, 0, 244, 432, 423, 11, 5.23%, 0, 0, 3, 99.80
1746714253, 0, 244, 433, 424, 11, 5.88%, 0, 0, 3, 100.72
1746714258, 0, 244, 434, 425, 11, 5.88%, 0, 0, 3, 102.02
1746714263, 0, 244, 435, 426, 11, 5.88%, 0, 0, 3, 101.25
1746714268, 0, 244, 436, 427, 11, 5.88%, 0, 0, 3, 103.36
1746714273, 0, 244, 437, 428, 11, 5.88%, 0, 0, 3, 101.15
1746714294, 0, 244, 438, 429, 11, 5.88%, 0, 0, 3, 101.40
1746714309, 0, 271, 438, 428, 13, 5.88%, 0, 0, 3, 99.25
1746714524, 0, 271, 439, 429, 13, 5.89%, 0, 0, 4, 86.84
1746714529, 0, 271, 443, 433, 13, 5.92%, 0, 0, 4, 85.88
1746714534, 0, 271, 444, 434, 13, 5.92%, 0, 0, 4, 89.34
1746714539, 0, 271, 447, 437, 13, 5.98%, 0, 0, 4, 87.44
1746714550, 0, 271, 448, 438, 13, 5.98%, 0, 0, 4, 89.76
1746714555, 0, 271, 450, 440, 13, 5.98%, 0, 0, 4, 89.60
1746714560, 0, 271, 451, 441, 13, 5.98%, 0, 0, 4, 89.49
1746714565, 0, 271, 452, 442, 13, 5.98%, 0, 0, 4, 89.79
1746714570, 0, 271, 454, 444, 13, 5.98%, 0, 0, 4, 87.09
1746714575, 0, 271, 456, 446, 13, 5.98%, 0, 0, 4, 88.14
1746714581, 0, 271, 457, 447, 13, 5.98%, 0, 0, 4, 89.92
1746714591, 0, 271, 460, 450, 13, 5.98%, 0, 0, 4, 88.72
1746714596, 0, 271, 461, 451, 13, 5.98%, 0, 0, 4, 92.01
1746714606, 0, 271, 463, 453, 13, 5.98%, 0, 0, 4, 89.61
1746714611, 0, 271, 464, 454, 13, 5.98%, 0, 0, 4, 89.46
1746714622, 0, 271, 465, 455, 13, 6.09%, 0, 0, 4, 90.08
1746714627, 0, 271, 468, 458, 13, 6.09%, 0, 0, 4, 88.91
1746714632, 0, 271, 469, 459, 13, 6.09%, 0, 0, 4, 90.75
1746714637, 0, 271, 471, 461, 13, 6.09%, 0, 0, 4, 89.90
1746714647, 0, 271, 473, 463, 13, 6.09%, 0, 0, 4, 88.58
1746714658, 0, 271, 474, 464, 13, 6.09%, 0, 0, 4, 89.88
1746714663, 0, 271, 475, 465, 13, 6.09%, 0, 0, 4, 90.72
1746714688, 0, 271, 476, 466, 13, 6.09%, 0, 0, 4, 91.15
1746714693, 0, 271, 477, 467, 13, 6.09%, 0, 0, 4, 88.12
1746714699, 0, 271, 478, 468, 13, 6.09%, 0, 0, 4, 88.95
1746714704, 0, 271, 480, 470, 13, 6.09%, 0, 0, 4, 89.17
1746714709, 0, 305, 481, 470, 10, 6.09%, 0, 0, 4, 90.63
1746714838, 0, 305, 484, 473, 10, 6.09%, 0, 0, 4, 100.20
1746714848, 0, 305, 485, 474, 10, 6.09%, 0, 0, 4, 103.36
1746714884, 0, 305, 486, 475, 10, 6.09%, 0, 0, 4, 103.75
1746714889, 0, 305, 487, 476, 10, 6.09%, 0, 0, 4, 104.17
1746714904, 0, 305, 488, 477, 10, 6.09%, 0, 0, 4, 103.68
1746714950, 0, 305, 489, 478, 10, 6.09%, 0, 0, 4, 103.14
1746714995, 0, 343, 489, 477, 9, 6.09%, 0, 0, 4, 94.31
1746715119, 0, 344, 489, 476, 8, 6.09%, 0, 0, 4, 73.53
1746715221, 0, 344, 490, 477, 8, 6.09%, 0, 0, 4, 61.95
1746715523, 0, 344, 494, 481, 8, 6.09%, 0, 0, 4, 67.03
1746715528, 0, 344, 499, 486, 8, 6.09%, 0, 0, 4, 67.97
1746715533, 0, 344, 503, 490, 8, 6.09%, 0, 0, 4, 69.82
1746715538, 0, 344, 507, 494, 8, 6.09%, 0, 0, 4, 69.88
1746715549, 0, 344, 512, 499, 8, 6.09%, 0, 0, 4, 70.76
1746715554, 0, 344, 518, 505, 8, 6.09%, 0, 0, 4, 67.92
1746715559, 0, 344, 521, 508, 8, 6.09%, 0, 0, 4, 66.96
1746715564, 0, 344, 523, 510, 8, 6.09%, 0, 0, 4, 69.16
1746715569, 0, 344, 526, 513, 8, 6.09%, 0, 0, 4, 69.68
1746715574, 0, 344, 530, 517, 8, 6.09%, 0, 0, 4, 69.14
1746715580, 0, 344, 531, 518, 8, 6.09%, 0, 0, 4, 70.16
1746715585, 0, 344, 535, 522, 8, 6.09%, 0, 0, 4, 68.00
1746715590, 0, 344, 537, 524, 8, 6.09%, 0, 0, 4, 70.56
1746715595, 0, 344, 542, 529, 8, 6.09%, 0, 0, 4, 70.67
1746715600, 0, 344, 545, 532, 8, 6.09%, 0, 0, 4, 69.93
1746715605, 0, 344, 547, 534, 8, 6.09%, 0, 0, 4, 70.98
1746715610, 0, 344, 550, 537, 8, 6.09%, 0, 0, 4, 68.74
1746715616, 0, 344, 552, 539, 8, 6.09%, 0, 0, 4, 68.87
1746715621, 0, 344, 553, 540, 8, 6.09%, 0, 0, 4, 68.89
1746715626, 0, 344, 555, 542, 8, 6.09%, 0, 0, 4, 69.97
1746715631, 0, 344, 556, 543, 8, 6.09%, 0, 0, 4, 70.97
1746715636, 0, 344, 557, 544, 8, 6.09%, 0, 0, 4, 70.15
1746715642, 0, 344, 561, 548, 8, 6.09%, 0, 0, 4, 69.23
1746715647, 0, 344, 562, 549, 8, 6.09%, 0, 0, 4, 70.38
1746715652, 0, 344, 565, 552, 8, 6.09%, 0, 0, 4, 68.16
1746715667, 0, 344, 568, 555, 8, 6.09%, 0, 0, 4, 69.20
1746715672, 0, 344, 570, 557, 8, 6.09%, 0, 0, 4, 71.65
1746715677, 0, 344, 571, 558, 8, 6.09%, 0, 0, 4, 70.08
1746715688, 0, 344, 575, 562, 8, 6.09%, 0, 0, 4, 67.22
1746715698, 0, 344, 576, 563, 8, 6.09%, 0, 0, 4, 71.39
1746715708, 0, 344, 577, 564, 8, 6.09%, 0, 0, 4, 71.88
1746715713, 0, 344, 579, 566, 8, 6.09%, 0, 0, 4, 71.02
1746715729, 0, 344, 580, 567, 8, 6.09%, 0, 0, 4, 69.89
1746715734, 0, 344, 582, 569, 8, 6.09%, 0, 0, 4, 71.74
1746715744, 0, 344, 583, 570, 8, 6.09%, 0, 0, 4, 73.63
1746715750, 0, 344, 584, 571, 8, 6.09%, 0, 0, 4, 72.49
1746715760, 0, 344, 586, 573, 8, 6.09%, 0, 0, 4, 71.74
1746715765, 0, 379, 586, 572, 11, 6.09%, 0, 0, 4, 70.02
1746716072, 0, 404, 586, 571, 10, 6.09%, 0, 0, 4, 83.57
1746716215, 0, 424, 586, 570, 9, 6.09%, 0, 0, 4, 87.04
1746716833, 0, 424, 587, 571, 9, 6.09%, 0, 0, 4, 55.51
1746716838, 0, 424, 592, 576, 9, 6.09%, 0, 0, 4, 59.88
1746716848, 0, 424, 593, 577, 9, 6.09%, 0, 0, 4, 62.85
1746716854, 0, 424, 594, 578, 9, 6.09%, 0, 0, 4, 63.83
1746716859, 0, 424, 595, 579, 9, 6.09%, 0, 0, 4, 63.33
1746716864, 0, 424, 598, 582, 9, 6.09%, 0, 0, 4, 59.49
1746716869, 0, 424, 600, 584, 9, 6.09%, 0, 0, 4, 61.24
1746716879, 0, 424, 601, 585, 9, 6.09%, 0, 0, 4, 62.02
1746716884, 0, 424, 605, 589, 9, 6.09%, 0, 0, 4, 59.31
1746716889, 0, 424, 608, 592, 9, 6.10%, 0, 0, 4, 60.75
1746716895, 0, 424, 610, 594, 9, 6.10%, 0, 0, 4, 61.14
1746716900, 0, 424, 611, 595, 9, 6.10%, 0, 0, 4, 60.32
1746716910, 0, 424, 613, 597, 9, 6.10%, 0, 0, 4, 60.08
1746716915, 0, 424, 614, 598, 9, 6.10%, 0, 0, 4, 61.55
1746716925, 0, 424, 615, 599, 9, 6.10%, 0, 0, 4, 61.44
1746716930, 0, 424, 616, 600, 9, 6.10%, 0, 0, 4, 61.62
1746716935, 0, 424, 617, 601, 9, 6.10%, 0, 0, 4, 62.22
1746716951, 0, 424, 618, 602, 9, 6.10%, 0, 0, 4, 61.26
1746716961, 0, 424, 621, 605, 9, 6.10%, 0, 0, 4, 60.50
1746716966, 0, 424, 622, 606, 9, 6.10%, 0, 0, 4, 60.62
1746716982, 0, 424, 624, 608, 9, 6.10%, 0, 0, 4, 61.57
1746717003, 0, 424, 625, 609, 9, 6.10%, 0, 0, 4, 62.19
1746717013, 0, 424, 626, 610, 9, 6.10%, 0, 0, 4, 62.23
1746717023, 0, 424, 627, 611, 9, 6.10%, 0, 0, 4, 61.79
1746717028, 0, 424, 630, 614, 9, 6.11%, 0, 0, 4, 61.95
1746717033, 0, 424, 631, 615, 9, 6.11%, 0, 0, 4, 60.79
1746717039, 0, 424, 632, 616, 9, 6.11%, 0, 0, 4, 61.06
1746717044, 0, 424, 634, 618, 9, 6.11%, 0, 0, 4, 60.72
1746717049, 0, 424, 635, 619, 9, 6.11%, 0, 0, 4, 61.13
1746717065, 0, 424, 637, 621, 9, 6.11%, 0, 0, 4, 61.73
1746717070, 0, 424, 638, 622, 9, 6.11%, 0, 0, 4, 61.98
1746717075, 0, 424, 639, 623, 9, 6.11%, 0, 0, 4, 62.05
1746717100, 0, 424, 640, 624, 9, 6.11%, 0, 0, 4, 62.24
1746717105, 0, 464, 641, 624, 10, 6.11%, 0, 0, 4, 60.06
1746717121, 0, 464, 643, 626, 10, 6.11%, 0, 0, 5, 51.86
1746717131, 0, 464, 644, 627, 10, 6.11%, 0, 0, 5, 51.89
1746717187, 0, 464, 645, 628, 10, 6.11%, 0, 0, 5, 52.24
1746717202, 0, 464, 646, 629, 10, 6.11%, 0, 0, 5, 51.99
1746717207, 0, 464, 648, 631, 10, 6.11%, 0, 0, 5, 52.01
1746717664, 0, 464, 650, 633, 10, 6.11%, 0, 0, 5, 54.12
1746717669, 0, 464, 652, 635, 10, 6.11%, 0, 0, 5, 53.76
1746717756, 0, 464, 657, 640, 10, 6.11%, 0, 0, 5, 58.75
1746717766, 0, 464, 658, 641, 10, 6.11%, 0, 0, 5, 59.97
1746717771, 0, 464, 661, 644, 10, 6.12%, 0, 0, 5, 61.08
1746717776, 0, 464, 662, 645, 10, 6.12%, 0, 0, 5, 62.30
1746717792, 0, 464, 664, 647, 10, 6.12%, 0, 0, 5, 62.68
1746717807, 0, 464, 666, 649, 10, 6.12%, 0, 0, 5, 62.55
1746717818, 0, 464, 667, 650, 10, 6.12%, 0, 0, 5, 62.39
1746717823, 0, 464, 668, 651, 10, 6.12%, 0, 0, 5, 61.58
1746717833, 0, 464, 669, 652, 10, 6.12%, 0, 0, 5, 61.64
1746717838, 0, 464, 670, 653, 10, 6.12%, 0, 0, 5, 61.07
1746717843, 0, 464, 671, 654, 10, 6.12%, 0, 0, 5, 60.94
1746717848, 0, 464, 673, 656, 10, 6.12%, 0, 0, 5, 62.15
1746717858, 0, 464, 675, 658, 10, 6.12%, 0, 0, 5, 60.21
1746717869, 0, 464, 676, 659, 10, 6.12%, 0, 0, 5, 62.22
1746717889, 0, 464, 677, 660, 10, 6.12%, 0, 0, 5, 60.06
1746717900, 0, 464, 678, 661, 10, 6.12%, 0, 0, 5, 63.13
1746717920, 0, 464, 679, 662, 10, 6.12%, 0, 0, 5, 62.56
1746717930, 0, 464, 681, 664, 10, 6.12%, 0, 0, 5, 61.63
1746717951, 0, 464, 682, 665, 10, 6.12%, 0, 0, 5, 60.86
1746717977, 0, 464, 683, 666, 10, 6.12%, 0, 0, 5, 63.85
1746718012, 0, 464, 684, 667, 10, 6.12%, 0, 0, 5, 62.45
1746718023, 0, 480, 684, 666, 11, 6.12%, 0, 0, 5, 63.31
1746718433, 0, 494, 684, 665, 10, 6.12%, 0, 0, 5, 67.52
1746718874, 0, 496, 684, 664, 9, 6.12%, 0, 0, 5, 66.20
1746719364, 0, 496, 685, 665, 9, 6.12%, 0, 0, 5, 67.45
1746719380, 0, 496, 686, 666, 9, 6.12%, 0, 0, 5, 66.99
1746719416, 0, 532, 686, 665, 8, 6.12%, 0, 0, 5, 63.20
1746719866, 0, 562, 686, 664, 7, 6.12%, 0, 0, 5, 53.15
1746720789, 0, 581, 686, 663, 6, 6.12%, 0, 0, 5, 52.44
1746721517, 0, 581, 687, 664, 6, 6.12%, 0, 0, 5, 57.51
1746721548, 0, 610, 687, 663, 6, 6.12%, 0, 0, 5, 56.65
1746722694, 0, 610, 688, 664, 6, 6.12%, 0, 0, 5, 48.86
1746722699, 0, 610, 689, 665, 6, 6.16%, 0, 0, 5, 48.48
1746722705, 0, 610, 692, 668, 6, 6.16%, 0, 0, 5, 48.67
1746722710, 0, 610, 693, 669, 6, 6.16%, 0, 0, 5, 49.46
1746722715, 0, 610, 694, 670, 6, 6.16%, 0, 0, 5, 49.63
1746722730, 0, 610, 695, 671, 6, 6.16%, 0, 0, 5, 49.45
1746722735, 0, 610, 696, 672, 6, 6.16%, 0, 0, 5, 50.16
1746722740, 0, 610, 698, 674, 6, 6.16%, 0, 0, 5, 48.84
1746722760, 0, 610, 699, 675, 6, 6.16%, 0, 0, 5, 50.93
1746722775, 0, 610, 701, 677, 6, 6.16%, 0, 0, 5, 49.13
1746722800, 0, 610, 702, 678, 6, 6.18%, 0, 0, 5, 48.77
1746722826, 0, 610, 703, 679, 6, 6.18%, 0, 0, 5, 48.89
1746722871, 0, 610, 704, 680, 6, 6.18%, 0, 0, 5, 49.08
1746722882, 0, 610, 705, 681, 6, 6.18%, 0, 0, 5, 49.33
1746722892, 0, 610, 706, 682, 6, 6.18%, 0, 0, 5, 50.37
1746722938, 0, 627, 706, 681, 6, 6.18%, 0, 0, 5, 45.00
1746724044, 0, 627, 707, 682, 6, 6.18%, 0, 0, 5, 47.87
1746724059, 0, 627, 708, 683, 6, 6.18%, 0, 0, 5, 48.80
1746724064, 0, 627, 709, 684, 6, 6.18%, 0, 0, 5, 48.83
1746724069, 0, 627, 710, 685, 6, 6.18%, 0, 0, 5, 48.90
1746724089, 0, 627, 711, 686, 6, 6.18%, 0, 0, 5, 49.11
1746724110, 0, 627, 712, 687, 6, 6.18%, 0, 0, 5, 48.63
1746724135, 0, 627, 713, 688, 6, 6.18%, 0, 0, 5, 47.66
1746724180, 0, 627, 714, 689, 6, 6.18%, 0, 0, 5, 48.24
1746724190, 0, 627, 715, 690, 6, 6.18%, 0, 0, 5, 49.01
1746724292, 0, 639, 715, 689, 6, 6.18%, 0, 0, 5, 47.64
1746725260, 0, 639, 716, 690, 6, 6.18%, 0, 0, 5, 48.89
1746725291, 0, 656, 716, 689, 6, 6.18%, 0, 0, 5, 57.67
1746725748, 0, 662, 716, 688, 5, 6.18%, 0, 0, 5, 66.18
1746726149, 0, 668, 716, 687, 4, 6.18%, 0, 0, 5, 69.33
1746726179, 0, 668, 717, 688, 4, 6.18%, 0, 0, 6, 51.42
1746726251, 0, 668, 720, 691, 4, 6.18%, 0, 0, 6, 52.44
1746726788, 0, 668, 721, 692, 4, 6.18%, 0, 0, 6, 52.20
1746726818, 0, 688, 721, 691, 4, 6.18%, 0, 0, 6, 43.78
1746726829, 0, 688, 722, 692, 4, 6.18%, 0, 0, 6, 32.33
1746726834, 0, 688, 723, 693, 4, 6.18%, 0, 0, 6, 31.52
1746726849, 0, 688, 725, 695, 4, 6.18%, 0, 0, 6, 32.24
1746726869, 0, 688, 728, 698, 4, 6.18%, 0, 0, 6, 31.39
1746726875, 0, 688, 729, 699, 4, 6.18%, 0, 0, 6, 31.24
1746726885, 0, 688, 730, 700, 4, 6.18%, 0, 0, 6, 31.30
1746726890, 0, 688, 731, 701, 4, 6.18%, 0, 0, 6, 31.19
1746726982, 0, 688, 732, 702, 4, 6.18%, 0, 0, 6, 32.15
1746727085, 0, 688, 733, 703, 4, 6.18%, 0, 0, 6, 32.03
1746727136, 0, 688, 734, 704, 4, 6.18%, 0, 0, 6, 33.16
1746727146, 0, 688, 735, 705, 4, 6.18%, 0, 0, 6, 34.39
1746727151, 0, 688, 736, 706, 4, 6.18%, 0, 0, 6, 31.82
1746728555, 0, 688, 737, 707, 4, 6.18%, 0, 0, 6, 40.54
1746728586, 0, 688, 738, 708, 4, 6.18%, 0, 0, 6, 37.50
1746728647, 0, 688, 739, 709, 4, 6.18%, 0, 0, 6, 37.21
1746728709, 0, 688, 740, 710, 4, 6.18%, 0, 0, 6, 33.26
1746728913, 0, 688, 741, 711, 4, 6.18%, 0, 0, 6, 35.26
1746728918, 0, 688, 745, 715, 4, 6.18%, 0, 0, 6, 39.02
1746728923, 0, 688, 746, 716, 4, 6.18%, 0, 0, 6, 40.98
1746728933, 0, 688, 749, 719, 4, 6.18%, 0, 0, 6, 42.04
1746728938, 0, 688, 753, 723, 4, 6.18%, 0, 0, 6, 40.36
1746728948, 0, 688, 754, 724, 4, 6.36%, 0, 0, 6, 40.84
1746728953, 0, 688, 755, 725, 4, 6.36%, 0, 0, 6, 42.32
1746728958, 0, 688, 756, 726, 4, 6.36%, 0, 0, 6, 42.02
1746728963, 0, 688, 757, 727, 4, 6.36%, 0, 0, 6, 43.11
1746728968, 0, 688, 758, 728, 4, 6.36%, 0, 0, 6, 42.71
1746728974, 0, 688, 759, 729, 4, 6.36%, 0, 0, 6, 41.97
1746728984, 0, 688, 760, 730, 4, 6.36%, 0, 0, 6, 42.48
1746729004, 0, 688, 761, 731, 4, 6.36%, 0, 0, 6, 43.26
1746729029, 0, 688, 762, 732, 4, 6.36%, 0, 0, 6, 43.40
1746729034, 0, 688, 763, 733, 4, 6.36%, 0, 0, 6, 41.92
1746729039, 0, 688, 764, 734, 4, 6.36%, 0, 0, 6, 41.83
1746729049, 0, 688, 765, 735, 4, 6.36%, 0, 0, 6, 42.54
1746729065, 0, 688, 766, 736, 4, 6.36%, 0, 0, 6, 43.14
1746729075, 0, 688, 767, 737, 4, 6.36%, 0, 0, 6, 43.54
1746729116, 0, 688, 768, 738, 4, 6.36%, 0, 0, 6, 42.46
1746729146, 0, 688, 769, 739, 4, 6.36%, 0, 0, 6, 42.25
1746729187, 0, 688, 770, 740, 4, 6.36%, 0, 0, 6, 43.06
1746729202, 0, 688, 771, 741, 4, 6.36%, 0, 0, 6, 43.79
1746729217, 0, 688, 773, 743, 4, 6.36%, 0, 0, 6, 41.47
1746729298, 0, 710, 773, 742, 5, 6.36%, 0, 0, 6, 43.87
1746729350, 0, 710, 774, 743, 5, 6.36%, 0, 0, 6, 44.09
1746730389, 0, 720, 774, 742, 4, 6.36%, 0, 0, 6, 51.45
1746731043, 0, 720, 775, 743, 4, 6.36%, 0, 0, 7, 61.05
1746731048, 0, 720, 776, 744, 4, 6.36%, 0, 0, 7, 61.92
1746731069, 0, 720, 777, 745, 4, 6.36%, 0, 0, 7, 61.98
1746731074, 0, 720, 778, 746, 4, 6.36%, 0, 0, 7, 62.16
1746731084, 0, 720, 779, 747, 4, 6.36%, 0, 0, 7, 61.51
1746731140, 0, 720, 780, 748, 4, 6.36%, 0, 0, 7, 61.36
1746731201, 0, 720, 781, 749, 4, 6.36%, 0, 0, 7, 63.14
1746731300, 0, 731, 781, 748, 4, 6.36%, 0, 0, 7, 60.01
1746733405, 0, 731, 782, 749, 4, 6.36%, 0, 0, 7, 43.74
1746733425, 0, 753, 782, 748, 4, 6.36%, 0, 0, 7, 35.70
1746733441, 0, 753, 785, 751, 4, 6.37%, 0, 0, 7, 27.24
1746733446, 0, 753, 786, 752, 4, 6.49%, 0, 0, 7, 27.01
1746733451, 0, 753, 788, 754, 4, 6.49%, 0, 0, 7, 26.87
1746733456, 0, 753, 790, 756, 4, 6.49%, 0, 0, 7, 27.11
1746733502, 0, 753, 791, 757, 4, 6.49%, 0, 0, 7, 26.97
1746733513, 0, 753, 792, 758, 4, 6.49%, 0, 0, 7, 26.94
1746733518, 0, 753, 793, 759, 4, 6.49%, 0, 0, 7, 26.63
1746733523, 0, 753, 795, 761, 4, 6.49%, 0, 0, 7, 26.59
1746733538, 0, 753, 796, 762, 4, 6.49%, 0, 0, 7, 27.04
1746733677, 0, 753, 797, 763, 4, 6.49%, 0, 0, 7, 27.08
1746733785, 0, 753, 799, 765, 4, 6.49%, 0, 0, 7, 26.80
1746733790, 0, 753, 800, 766, 4, 6.50%, 0, 0, 7, 26.63
1746733842, 0, 753, 801, 767, 4, 6.50%, 0, 0, 7, 29.61
1746733847, 0, 753, 802, 768, 4, 6.50%, 0, 0, 7, 28.24
1746733852, 0, 753, 803, 769, 4, 6.50%, 0, 0, 7, 27.62
1746733857, 0, 753, 807, 773, 4, 6.50%, 0, 0, 7, 26.77
1746733862, 0, 753, 808, 774, 4, 6.50%, 0, 0, 7, 28.39
1746733873, 0, 753, 810, 776, 4, 6.50%, 0, 0, 7, 27.72
1746734946, 0, 753, 811, 777, 4, 6.50%, 0, 0, 7, 26.83
1746735213, 0, 753, 814, 780, 4, 6.50%, 0, 0, 7, 28.55
1746735456, 0, 753, 815, 781, 4, 6.50%, 0, 0, 7, 26.75
1746735636, 0, 753, 817, 783, 4, 6.50%, 0, 0, 7, 36.92
1746735971, 0, 753, 818, 784, 4, 6.50%, 0, 0, 7, 28.99
1746736048, 0, 753, 820, 786, 4, 6.50%, 0, 0, 7, 26.69
1746736085, 0, 753, 822, 788, 4, 6.50%, 0, 0, 7, 26.76
1746736131, 0, 753, 823, 789, 4, 6.50%, 0, 0, 7, 26.61
1746736137, 0, 753, 824, 790, 4, 6.50%, 0, 0, 7, 26.69
1746736142, 0, 753, 825, 791, 4, 6.50%, 0, 0, 7, 26.69
1746736282, 0, 753, 827, 793, 4, 6.50%, 0, 0, 7, 33.80
1746736287, 0, 753, 833, 799, 4, 6.50%, 0, 0, 7, 34.59
1746736292, 0, 753, 835, 801, 4, 6.50%, 0, 0, 7, 37.10
1746736298, 0, 753, 839, 805, 4, 6.50%, 0, 0, 7, 35.65
1746736303, 0, 753, 842, 808, 4, 6.50%, 0, 0, 7, 35.27
1746736308, 0, 753, 844, 810, 4, 6.50%, 0, 0, 7, 37.27
1746736313, 0, 753, 847, 813, 4, 6.51%, 0, 0, 7, 36.25
1746736318, 0, 753, 850, 816, 4, 6.51%, 0, 0, 7, 36.87
1746736323, 0, 753, 853, 819, 4, 6.51%, 0, 0, 7, 35.46
1746736328, 0, 753, 854, 820, 4, 6.51%, 0, 0, 7, 38.85
1746736334, 0, 753, 856, 822, 4, 6.51%, 0, 0, 7, 37.51
1746736339, 0, 753, 858, 824, 4, 6.51%, 0, 0, 7, 37.67
1746736344, 0, 753, 860, 826, 4, 6.51%, 0, 0, 7, 37.14
1746736349, 0, 753, 862, 828, 4, 6.51%, 0, 0, 7, 36.46
1746736354, 0, 753, 863, 829, 4, 6.51%, 0, 0, 7, 37.70
1746736359, 0, 753, 865, 831, 4, 6.51%, 0, 0, 7, 37.95
1746736364, 0, 753, 866, 832, 4, 6.51%, 0, 0, 7, 37.33
1746736369, 0, 753, 867, 833, 4, 6.51%, 0, 0, 7, 37.48
1746736374, 0, 753, 869, 835, 4, 6.51%, 0, 0, 7, 38.16
1746736380, 0, 753, 871, 837, 4, 6.51%, 0, 0, 7, 38.50
1746736385, 0, 753, 872, 838, 4, 6.51%, 0, 0, 7, 38.71
1746736390, 0, 753, 873, 839, 4, 6.51%, 0, 0, 7, 37.85
1746736395, 0, 753, 875, 841, 4, 6.51%, 0, 0, 7, 37.56
1746736410, 0, 753, 877, 843, 4, 6.51%, 0, 0, 7, 37.58
1746736421, 0, 753, 878, 844, 4, 6.51%, 0, 0, 7, 38.37
1746736431, 0, 753, 879, 845, 4, 6.51%, 0, 0, 7, 38.13
1746736436, 0, 753, 880, 846, 4, 6.51%, 0, 0, 7, 37.76
1746736451, 0, 753, 881, 847, 4, 6.51%, 0, 0, 7, 38.98
1746736456, 0, 753, 883, 849, 4, 6.51%, 0, 0, 7, 37.19
1746736467, 0, 753, 884, 850, 4, 6.51%, 0, 0, 7, 37.93
1746736472, 0, 753, 887, 853, 4, 6.61%, 0, 0, 7, 37.14
1746736477, 0, 753, 888, 854, 4, 6.61%, 0, 0, 7, 38.45
1746736482, 0, 753, 889, 855, 4, 6.61%, 0, 0, 7, 38.54
1746736523, 0, 753, 890, 856, 4, 6.61%, 0, 0, 7, 38.13
1746736528, 0, 753, 892, 858, 4, 6.61%, 0, 0, 7, 36.24
1746736548, 0, 753, 893, 859, 4, 6.61%, 0, 0, 7, 38.18
1746736559, 0, 753, 894, 860, 4, 6.61%, 0, 0, 7, 38.71
1746736564, 0, 753, 895, 861, 4, 6.61%, 0, 0, 7, 38.79
1746736579, 0, 753, 896, 862, 4, 6.61%, 0, 0, 7, 37.98
1746736589, 0, 753, 897, 863, 4, 6.61%, 0, 0, 7, 38.52
1746736625, 0, 753, 898, 864, 4, 6.61%, 0, 0, 7, 38.29
1746736630, 0, 753, 899, 865, 4, 6.61%, 0, 0, 7, 38.79
1746736650, 0, 753, 900, 866, 4, 6.61%, 0, 0, 7, 38.83
1746736655, 0, 753, 901, 867, 4, 6.61%, 0, 0, 7, 37.96
1746736681, 0, 753, 903, 869, 4, 6.61%, 0, 0, 7, 36.87
1746736712, 0, 753, 904, 870, 4, 6.62%, 0, 0, 7, 37.91
1746736717, 0, 753, 905, 871, 4, 6.62%, 0, 0, 7, 37.22
1746736727, 0, 774, 905, 870, 7, 6.62%, 0, 0, 7, 44.88
1746736732, 0, 774, 906, 871, 7, 6.62%, 0, 0, 8, 46.76
1746736758, 0, 774, 907, 872, 7, 6.62%, 0, 0, 8, 47.22
1746737511, 0, 774, 908, 873, 7, 6.62%, 0, 0, 8, 46.95
1746737542, 0, 775, 908, 872, 6, 6.62%, 0, 0, 8, 51.56
1746737577, 0, 775, 909, 873, 6, 6.62%, 0, 0, 8, 41.47
1746738600, 0, 799, 909, 872, 6, 6.62%, 0, 0, 8, 45.26
1746739012, 0, 799, 910, 873, 6, 6.62%, 0, 0, 8, 27.82
1746739798, 0, 799, 911, 874, 6, 6.62%, 0, 0, 8, 27.01
1746741375, 0, 879, 911, 873, 4, 6.62%, 0, 0, 8, 40.73
1746743479, 0, 903, 911, 872, 3, 6.62%, 0, 0, 8, 42.31
1746743551, 0, 903, 913, 874, 3, 6.62%, 0, 0, 8, 37.37
1746743704, 0, 903, 914, 875, 3, 6.62%, 0, 0, 8, 38.48
1746743715, 0, 903, 919, 880, 3, 6.63%, 0, 0, 8, 37.31
1746745002, 0, 908, 919, 879, 4, 6.63%, 0, 0, 8, 46.15
1746745038, 0, 908, 920, 880, 4, 6.63%, 0, 0, 9, 43.56
1746745043, 0, 908, 921, 881, 4, 6.63%, 0, 0, 9, 43.57
1746745131, 0, 908, 922, 882, 4, 6.63%, 0, 0, 9, 43.47
1746745146, 0, 908, 924, 884, 4, 6.63%, 0, 0, 9, 46.97
1746745523, 0, 908, 925, 885, 4, 6.82%, 0, 0, 9, 43.63
1746745702, 0, 908, 926, 886, 4, 6.82%, 0, 0, 9, 43.39
1746745918, 0, 908, 928, 888, 4, 6.82%, 0, 0, 9, 43.33
1746745923, 0, 908, 929, 889, 4, 6.82%, 0, 0, 9, 43.32
1746745949, 0, 908, 930, 890, 4, 6.95%, 0, 0, 9, 52.77
1746745964, 0, 908, 931, 891, 4, 6.95%, 0, 0, 9, 53.17
1746745974, 0, 908, 932, 892, 4, 6.95%, 0, 0, 9, 55.47
1746745990, 0, 908, 935, 895, 4, 6.95%, 0, 0, 9, 52.21
1746746010, 0, 908, 936, 896, 4, 6.95%, 0, 0, 9, 54.77
1746746030, 0, 908, 937, 897, 4, 6.95%, 0, 0, 9, 53.84
1746746107, 0, 908, 938, 898, 4, 6.95%, 0, 0, 9, 53.90
1746746173, 0, 909, 938, 897, 6, 6.95%, 0, 0, 9, 40.30
1746748826, 0, 923, 938, 896, 5, 6.95%, 0, 0, 9, 43.95
1746749763, 0, 925, 938, 895, 4, 6.95%, 0, 0, 9, 53.71
1746750731, 0, 932, 938, 894, 3, 6.95%, 0, 0, 9, 54.63
1746750876, 0, 932, 939, 895, 3, 6.95%, 0, 0, 10, 44.92
1746750881, 0, 932, 940, 896, 3, 6.96%, 0, 0, 10, 45.52
1746751659, 0, 932, 941, 897, 3, 6.96%, 0, 0, 10, 44.17
1746751680, 0, 932, 942, 898, 3, 6.96%, 0, 0, 10, 51.49
1746751695, 0, 932, 943, 899, 3, 6.96%, 0, 0, 10, 55.05
1746751700, 0, 932, 944, 900, 3, 6.96%, 0, 0, 10, 53.70
1746751705, 0, 932, 945, 901, 3, 6.96%, 0, 0, 10, 54.42
1746751720, 0, 932, 946, 902, 3, 6.96%, 0, 0, 10, 53.67
1746751726, 0, 932, 947, 903, 3, 6.96%, 0, 0, 10, 54.29
1746751746, 0, 932, 948, 904, 3, 6.96%, 0, 0, 10, 54.16
1746751751, 0, 932, 949, 905, 3, 6.96%, 0, 0, 10, 55.46
1746751771, 0, 932, 950, 906, 3, 6.96%, 0, 0, 10, 54.98
1746751792, 0, 932, 952, 908, 3, 6.96%, 0, 0, 10, 55.19
1746751802, 0, 932, 953, 909, 3, 6.96%, 0, 0, 10, 54.42
1746751822, 0, 932, 954, 910, 3, 6.96%, 0, 0, 10, 54.15
1746751828, 0, 932, 955, 911, 3, 6.96%, 0, 0, 10, 53.93
1746751833, 0, 932, 956, 912, 3, 6.96%, 0, 0, 10, 54.66
1746751848, 0, 932, 957, 913, 3, 6.96%, 0, 0, 10, 55.84
1746751904, 0, 941, 957, 912, 7, 6.96%, 0, 0, 10, 52.25
1746752873, 0, 942, 957, 911, 6, 6.96%, 0, 0, 10, 47.53
1746752914, 0, 942, 958, 912, 6, 6.96%, 0, 0, 11, 43.93
1746753734, 0, 942, 959, 913, 6, 6.96%, 0, 0, 11, 45.59
1746753832, 0, 949, 959, 912, 6, 6.96%, 0, 0, 11, 51.44
1746753872, 0, 949, 961, 914, 6, 6.96%, 0, 0, 11, 45.31
1746754731, 0, 949, 962, 915, 6, 6.96%, 0, 0, 11, 55.64
1746754771, 0, 953, 962, 914, 5, 6.96%, 0, 0, 11, 45.71
1746755840, 0, 953, 965, 917, 5, 6.96%, 0, 0, 11, 60.08
1746755855, 0, 953, 967, 919, 5, 6.97%, 0, 0, 11, 61.26
1746755865, 0, 953, 969, 921, 5, 6.97%, 0, 0, 11, 61.52
1746755886, 0, 953, 970, 922, 5, 6.97%, 0, 0, 11, 61.08
1746755891, 0, 953, 971, 923, 5, 6.97%, 0, 0, 11, 60.99
1746755901, 0, 953, 973, 925, 5, 6.97%, 0, 0, 11, 60.87
1746755921, 0, 953, 974, 926, 5, 6.97%, 0, 0, 11, 61.99
1746755947, 0, 953, 975, 927, 5, 6.97%, 0, 0, 11, 62.01
1746755957, 0, 953, 976, 928, 5, 6.97%, 0, 0, 11, 62.43
1746755982, 0, 953, 977, 929, 5, 6.97%, 0, 0, 11, 61.87
1746756003, 0, 953, 978, 930, 5, 6.97%, 0, 0, 11, 61.95
1746756023, 0, 973, 979, 930, 5, 6.97%, 0, 0, 11, 61.57
1746756034, 0, 973, 981, 932, 5, 6.97%, 0, 0, 12, 47.33
1746756075, 0, 973, 983, 934, 5, 6.97%, 0, 0, 12, 45.01
