# unix_time, cycles_done, cur_path, paths_total, pending_total, pending_favs, map_size, unique_crashes, unique_hangs, max_depth, execs_per_sec
1746612043, 0, 0, 1, 1, 1, 3.78%, 0, 0, 1, 76.19
1746612049, 0, 0, 36, 36, 1, 4.84%, 0, 0, 2, 119.08
1746612054, 0, 0, 55, 55, 1, 5.07%, 0, 0, 2, 126.28
1746612059, 0, 0, 68, 68, 1, 5.14%, 0, 0, 2, 126.84
1746612064, 0, 0, 78, 78, 1, 5.14%, 0, 0, 2, 128.96
1746612069, 0, 0, 88, 88, 1, 5.14%, 0, 0, 2, 130.89
1746612074, 0, 0, 93, 93, 1, 5.16%, 0, 0, 2, 129.89
1746612079, 0, 0, 99, 99, 1, 5.16%, 0, 0, 2, 133.80
1746612084, 0, 0, 103, 103, 1, 5.16%, 0, 0, 2, 135.64
1746612089, 0, 0, 110, 110, 1, 5.16%, 0, 0, 2, 131.73
1746612094, 0, 0, 113, 113, 1, 5.16%, 0, 0, 2, 134.91
1746612100, 0, 0, 118, 118, 1, 5.16%, 0, 0, 2, 133.61
1746612105, 0, 0, 124, 124, 1, 5.16%, 0, 0, 2, 132.36
1746612110, 0, 0, 127, 127, 1, 5.16%, 0, 0, 2, 134.65
1746612115, 0, 0, 131, 131, 1, 5.16%, 0, 0, 2, 134.68
1746612120, 0, 0, 137, 137, 1, 5.18%, 0, 0, 2, 133.84
1746612125, 0, 0, 142, 142, 1, 5.18%, 0, 0, 2, 133.17
1746612130, 0, 0, 144, 144, 1, 5.21%, 0, 0, 2, 135.89
1746612136, 0, 0, 148, 148, 1, 5.21%, 0, 0, 2, 132.93
1746612141, 0, 0, 151, 151, 1, 5.22%, 0, 0, 2, 136.61
1746612146, 0, 0, 152, 152, 1, 5.22%, 0, 0, 2, 138.42
1746612151, 0, 0, 153, 153, 1, 5.22%, 0, 0, 2, 138.16
1746612156, 0, 0, 156, 156, 1, 5.22%, 0, 0, 2, 137.18
1746612161, 0, 0, 158, 158, 1, 5.22%, 0, 0, 2, 138.60
1746612166, 0, 0, 160, 160, 1, 5.22%, 0, 0, 2, 137.18
1746612172, 0, 0, 162, 162, 1, 5.22%, 0, 0, 2, 138.28
1746612177, 0, 2, 164, 163, 9, 5.22%, 0, 0, 2, 138.23
1746612182, 0, 2, 166, 165, 9, 5.22%, 0, 0, 3, 137.84
1746612187, 0, 2, 167, 166, 9, 5.22%, 0, 0, 3, 138.95
1746612192, 0, 2, 173, 172, 9, 5.22%, 0, 0, 3, 134.59
1746612197, 0, 2, 176, 175, 9, 5.22%, 0, 0, 3, 135.04
1746612202, 0, 2, 177, 176, 9, 5.22%, 0, 0, 3, 136.71
1746612207, 0, 2, 179, 178, 9, 5.25%, 0, 0, 3, 137.15
1746612212, 0, 2, 182, 181, 9, 5.25%, 0, 0, 3, 135.95
1746612217, 0, 2, 184, 183, 9, 5.25%, 0, 0, 3, 136.11
1746612222, 0, 2, 189, 188, 9, 5.25%, 0, 0, 3, 132.32
1746612228, 0, 2, 190, 189, 9, 5.25%, 0, 0, 3, 136.98
1746612233, 0, 2, 191, 190, 9, 5.25%, 0, 0, 3, 138.25
1746612238, 0, 2, 194, 193, 9, 5.25%, 0, 0, 3, 136.49
1746612248, 0, 2, 197, 196, 9, 5.25%, 0, 0, 3, 136.73
1746612258, 0, 2, 199, 198, 9, 5.25%, 0, 0, 3, 135.79
1746612263, 0, 2, 201, 200, 9, 5.25%, 0, 0, 3, 137.88
1746612268, 0, 2, 202, 201, 9, 5.25%, 0, 0, 3, 137.47
1746612274, 0, 2, 204, 203, 9, 5.25%, 0, 0, 3, 137.13
1746612289, 0, 2, 205, 204, 9, 5.25%, 0, 0, 3, 138.83
1746612294, 0, 2, 206, 205, 9, 5.25%, 0, 0, 3, 138.85
1746612299, 0, 56, 206, 204, 10, 5.25%, 0, 0, 3, 131.34
1746612335, 0, 56, 208, 206, 10, 5.25%, 0, 0, 3, 116.28
1746612341, 0, 56, 212, 210, 10, 5.25%, 0, 0, 3, 120.81
1746612346, 0, 56, 217, 215, 10, 5.25%, 0, 0, 3, 119.91
1746612351, 0, 56, 220, 218, 10, 5.25%, 0, 0, 3, 122.03
1746612356, 0, 56, 226, 224, 10, 5.25%, 0, 0, 3, 117.40
1746612361, 0, 56, 230, 228, 10, 5.25%, 0, 0, 3, 117.27
1746612366, 0, 56, 233, 231, 10, 5.25%, 0, 0, 3, 120.34
1746612372, 0, 56, 235, 233, 10, 5.25%, 0, 0, 3, 122.08
1746612377, 0, 56, 237, 235, 10, 5.25%, 0, 0, 3, 122.54
1746612382, 0, 56, 239, 237, 10, 5.26%, 0, 0, 3, 123.74
1746612387, 0, 56, 240, 238, 10, 5.26%, 0, 0, 3, 123.04
1746612392, 0, 56, 241, 239, 10, 5.26%, 0, 0, 3, 121.77
1746612397, 0, 56, 242, 240, 10, 5.26%, 0, 0, 3, 123.43
1746612407, 0, 56, 246, 244, 10, 5.26%, 0, 0, 3, 119.87
1746612413, 0, 56, 248, 246, 10, 5.26%, 0, 0, 3, 122.18
1746612418, 0, 56, 249, 247, 10, 5.26%, 0, 0, 3, 122.04
1746612423, 0, 56, 251, 249, 10, 5.26%, 0, 0, 3, 121.19
1746612428, 0, 56, 253, 251, 10, 5.26%, 0, 0, 3, 122.08
1746612433, 0, 56, 254, 252, 10, 5.26%, 0, 0, 3, 119.96
1746612438, 0, 56, 258, 256, 10, 5.28%, 0, 0, 3, 119.98
1746612443, 0, 56, 262, 260, 10, 5.28%, 0, 0, 3, 122.06
1746612448, 0, 56, 264, 262, 10, 5.28%, 0, 0, 3, 120.62
1746612453, 0, 56, 266, 264, 10, 5.28%, 0, 0, 3, 117.99
1746612459, 0, 56, 269, 267, 10, 5.28%, 0, 0, 3, 120.90
1746612464, 0, 56, 272, 270, 10, 5.28%, 0, 0, 3, 120.20
1746612469, 0, 56, 273, 271, 10, 5.28%, 0, 0, 3, 122.93
1746612474, 0, 63, 273, 270, 16, 5.28%, 0, 0, 3, 118.54
1746612561, 0, 63, 274, 271, 16, 5.28%, 0, 0, 3, 106.57
1746612566, 0, 63, 279, 276, 16, 5.28%, 0, 0, 3, 106.24
1746612571, 0, 63, 283, 280, 16, 5.28%, 0, 0, 3, 107.68
1746612576, 0, 63, 286, 283, 16, 5.28%, 0, 0, 3, 107.89
1746612581, 0, 63, 287, 284, 16, 5.93%, 0, 0, 3, 111.44
1746612586, 0, 63, 291, 288, 16, 5.93%, 0, 0, 3, 109.02
1746612591, 0, 63, 294, 291, 16, 5.93%, 0, 0, 3, 110.89
1746612597, 0, 63, 296, 293, 16, 5.93%, 0, 0, 3, 109.73
1746612602, 0, 63, 299, 296, 16, 5.93%, 0, 0, 3, 108.25
1746612607, 0, 63, 301, 298, 16, 5.93%, 0, 0, 3, 109.77
1746612612, 0, 63, 303, 300, 16, 5.93%, 0, 0, 3, 109.51
1746612617, 0, 63, 304, 301, 16, 5.93%, 0, 0, 3, 109.86
1746612622, 0, 63, 306, 303, 16, 5.93%, 0, 0, 3, 111.10
1746612637, 0, 63, 307, 304, 16, 5.93%, 0, 0, 3, 111.34
1746612642, 0, 63, 308, 305, 16, 5.93%, 0, 0, 3, 112.08
1746612647, 0, 63, 310, 307, 16, 5.93%, 0, 0, 3, 112.43
1746612652, 0, 63, 312, 309, 16, 5.93%, 0, 0, 3, 110.75
1746612657, 0, 63, 314, 311, 16, 5.93%, 0, 0, 3, 109.49
1746612667, 0, 63, 315, 312, 16, 5.93%, 0, 0, 3, 111.29
1746612673, 0, 63, 316, 313, 16, 5.93%, 0, 0, 3, 111.43
1746612678, 0, 63, 318, 315, 16, 5.93%, 0, 0, 3, 110.07
1746612703, 0, 63, 320, 317, 16, 5.93%, 0, 0, 3, 110.83
1746612708, 0, 63, 324, 321, 16, 5.93%, 0, 0, 3, 107.68
1746612713, 0, 122, 326, 322, 12, 5.93%, 0, 0, 3, 99.43
1746612837, 0, 122, 331, 327, 12, 5.93%, 0, 0, 3, 99.62
1746612843, 0, 122, 332, 328, 12, 5.93%, 0, 0, 3, 103.00
1746612848, 0, 122, 333, 329, 12, 5.93%, 0, 0, 3, 101.16
1746612853, 0, 122, 334, 330, 12, 5.93%, 0, 0, 3, 102.07
1746612858, 0, 122, 335, 331, 12, 5.93%, 0, 0, 3, 104.52
1746612863, 0, 122, 336, 332, 12, 5.93%, 0, 0, 3, 102.12
1746612868, 0, 122, 337, 333, 12, 5.93%, 0, 0, 3, 103.83
1746612873, 0, 122, 338, 334, 12, 5.93%, 0, 0, 3, 102.03
1746612878, 0, 122, 342, 338, 12, 5.94%, 0, 0, 3, 100.67
1746612883, 0, 122, 344, 340, 12, 5.94%, 0, 0, 3, 102.85
1746612888, 0, 122, 346, 342, 12, 5.94%, 0, 0, 3, 101.19
1746612894, 0, 122, 349, 345, 12, 5.94%, 0, 0, 3, 101.20
1746612899, 0, 122, 351, 347, 12, 5.94%, 0, 0, 3, 103.21
1746612904, 0, 122, 352, 348, 12, 5.94%, 0, 0, 3, 102.34
1746612909, 0, 122, 355, 351, 12, 5.94%, 0, 0, 3, 104.33
1746612914, 0, 122, 356, 352, 12, 5.94%, 0, 0, 3, 102.75
1746612944, 0, 122, 357, 353, 12, 5.94%, 0, 0, 3, 101.94
1746612950, 0, 122, 361, 357, 12, 5.94%, 0, 0, 3, 99.46
1746612955, 0, 122, 363, 359, 12, 5.94%, 0, 0, 3, 101.38
1746612960, 0, 122, 365, 361, 12, 5.94%, 0, 0, 3, 101.74
1746612965, 0, 122, 367, 363, 12, 5.94%, 0, 0, 3, 100.06
1746612970, 0, 122, 369, 365, 12, 5.94%, 0, 0, 3, 100.80
1746612990, 0, 122, 370, 366, 12, 5.94%, 0, 0, 3, 105.09
1746612995, 0, 145, 370, 365, 11, 5.94%, 0, 0, 3, 78.50
1746613000, 0, 145, 373, 368, 11, 5.94%, 0, 0, 3, 70.39
1746613005, 0, 145, 376, 371, 11, 5.94%, 0, 0, 3, 68.77
1746613041, 0, 145, 378, 373, 11, 5.94%, 0, 0, 3, 68.32
1746613256, 0, 145, 379, 374, 11, 5.94%, 0, 0, 3, 68.43
1746613292, 0, 145, 384, 379, 11, 5.94%, 0, 0, 3, 70.68
1746613297, 0, 145, 392, 387, 11, 5.94%, 0, 0, 3, 73.88
1746613303, 0, 145, 399, 394, 11, 5.94%, 0, 0, 3, 74.92
1746613308, 0, 145, 405, 400, 11, 5.94%, 0, 0, 3, 76.06
1746613313, 0, 145, 411, 406, 11, 5.94%, 0, 0, 3, 75.98
1746613318, 0, 145, 415, 410, 11, 5.94%, 0, 0, 3, 78.00
1746613323, 0, 145, 422, 417, 11, 5.94%, 0, 0, 3, 74.47
1746613328, 0, 145, 427, 422, 11, 5.94%, 0, 0, 3, 75.20
1746613333, 0, 145, 432, 427, 11, 5.94%, 0, 0, 3, 76.27
1746613339, 0, 145, 437, 432, 11, 5.94%, 0, 0, 3, 74.51
1746613344, 0, 145, 440, 435, 11, 5.94%, 0, 0, 3, 75.48
1746613354, 0, 145, 443, 438, 11, 5.94%, 0, 0, 3, 79.69
1746613359, 0, 145, 444, 439, 11, 5.94%, 0, 0, 3, 79.41
1746613364, 0, 145, 445, 440, 11, 5.94%, 0, 0, 3, 78.81
1746613370, 0, 145, 447, 442, 11, 5.94%, 0, 0, 3, 77.73
1746613375, 0, 145, 448, 443, 11, 5.94%, 0, 0, 3, 79.30
1746613380, 0, 145, 449, 444, 11, 5.94%, 0, 0, 3, 78.60
1746613385, 0, 145, 450, 445, 11, 5.94%, 0, 0, 3, 79.17
1746613390, 0, 145, 451, 446, 11, 5.94%, 0, 0, 3, 79.36
1746613395, 0, 145, 455, 450, 11, 5.94%, 0, 0, 3, 77.94
1746613406, 0, 145, 456, 451, 11, 5.94%, 0, 0, 3, 78.33
1746613411, 0, 145, 457, 452, 11, 5.94%, 0, 0, 3, 78.47
1746613416, 0, 145, 458, 453, 11, 5.94%, 0, 0, 3, 78.11
1746613421, 0, 145, 459, 454, 11, 5.94%, 0, 0, 3, 78.34
1746613432, 0, 145, 460, 455, 11, 5.94%, 0, 0, 3, 77.08
1746613437, 0, 145, 462, 457, 11, 5.94%, 0, 0, 3, 76.70
1746613442, 0, 145, 464, 459, 11, 5.94%, 0, 0, 3, 75.75
1746613447, 0, 145, 466, 461, 11, 5.94%, 0, 0, 3, 75.55
1746613452, 0, 145, 468, 463, 11, 5.94%, 0, 0, 3, 73.68
1746613457, 0, 145, 469, 464, 11, 5.94%, 0, 0, 3, 77.25
1746613468, 0, 145, 470, 465, 11, 5.94%, 0, 0, 3, 77.49
1746613473, 0, 145, 471, 466, 11, 5.94%, 0, 0, 3, 79.35
1746613483, 0, 145, 473, 468, 11, 5.94%, 0, 0, 3, 77.69
1746613493, 0, 145, 474, 469, 11, 5.94%, 0, 0, 3, 78.76
1746613499, 0, 145, 475, 470, 11, 5.94%, 0, 0, 3, 76.45
1746613504, 0, 145, 476, 471, 11, 5.94%, 0, 0, 3, 78.04
1746613514, 0, 243, 477, 471, 10, 5.94%, 0, 0, 3, 70.60
1746613781, 0, 243, 478, 472, 10, 5.94%, 0, 0, 4, 63.70
1746613786, 0, 243, 485, 479, 10, 5.94%, 0, 0, 4, 65.42
1746613792, 0, 243, 487, 481, 10, 5.94%, 0, 0, 4, 69.69
1746613812, 0, 243, 488, 482, 10, 5.94%, 0, 0, 4, 72.16
1746613823, 0, 243, 489, 483, 10, 5.94%, 0, 0, 4, 71.75
1746613828, 0, 243, 490, 484, 10, 5.94%, 0, 0, 4, 72.41
1746613838, 0, 243, 491, 485, 10, 5.94%, 0, 0, 4, 72.77
1746613843, 0, 243, 492, 486, 10, 5.94%, 0, 0, 4, 73.20
1746613848, 0, 243, 493, 487, 10, 5.94%, 0, 0, 4, 71.23
1746613854, 0, 243, 494, 488, 10, 5.94%, 0, 0, 4, 70.94
1746613859, 0, 243, 496, 490, 10, 5.95%, 0, 0, 4, 71.52
1746613869, 0, 243, 497, 491, 10, 5.95%, 0, 0, 4, 72.05
1746613874, 0, 243, 500, 494, 10, 5.95%, 0, 0, 4, 70.57
1746613880, 0, 243, 501, 495, 10, 5.95%, 0, 0, 4, 71.65
1746613890, 0, 243, 504, 498, 10, 5.95%, 0, 0, 4, 69.46
1746613895, 0, 243, 505, 499, 10, 5.95%, 0, 0, 4, 71.79
1746613900, 0, 243, 506, 500, 10, 5.95%, 0, 0, 4, 72.26
1746613910, 0, 243, 507, 501, 10, 5.95%, 0, 0, 4, 72.92
1746613916, 0, 243, 508, 502, 10, 5.95%, 0, 0, 4, 71.11
1746613921, 0, 243, 509, 503, 10, 5.95%, 0, 0, 4, 73.28
1746613926, 0, 243, 510, 504, 10, 5.95%, 0, 0, 4, 73.08
1746613931, 0, 243, 511, 505, 10, 5.95%, 0, 0, 4, 72.69
1746613936, 0, 243, 512, 506, 10, 5.95%, 0, 0, 4, 71.30
1746613947, 0, 243, 513, 507, 10, 5.95%, 0, 0, 4, 71.10
1746613957, 0, 243, 514, 508, 10, 5.95%, 0, 0, 4, 71.47
1746613967, 0, 243, 516, 510, 10, 5.95%, 0, 0, 4, 71.59
1746613978, 0, 243, 519, 513, 10, 5.95%, 0, 0, 4, 70.81
1746613993, 0, 243, 521, 515, 10, 5.95%, 0, 0, 4, 71.89
1746614004, 0, 243, 522, 516, 10, 5.95%, 0, 0, 4, 73.31
1746614009, 0, 243, 523, 517, 10, 5.95%, 0, 0, 4, 74.18
1746614014, 0, 258, 523, 516, 14, 5.95%, 0, 0, 4, 73.36
1746614029, 0, 258, 524, 517, 14, 5.95%, 0, 0, 4, 74.77
1746614250, 0, 267, 524, 516, 14, 5.95%, 0, 0, 4, 78.09
1746614486, 0, 286, 524, 515, 13, 5.95%, 0, 0, 4, 69.95
1746614501, 0, 286, 526, 517, 13, 5.95%, 0, 0, 4, 50.01
1746614592, 0, 286, 529, 520, 13, 5.95%, 0, 0, 4, 49.79
1746614870, 0, 286, 530, 521, 13, 5.95%, 0, 0, 4, 49.58
1746615011, 0, 286, 531, 522, 13, 5.95%, 0, 0, 4, 50.35
1746615016, 0, 286, 532, 523, 13, 5.95%, 0, 0, 4, 49.87
1746615102, 0, 286, 536, 527, 13, 5.95%, 0, 0, 4, 50.34
1746615107, 0, 286, 550, 541, 13, 5.97%, 0, 0, 4, 53.36
1746615112, 0, 286, 560, 551, 13, 6.00%, 0, 0, 4, 52.78
1746615117, 0, 286, 571, 562, 13, 6.00%, 0, 0, 4, 55.01
1746615122, 0, 286, 574, 565, 13, 6.00%, 0, 0, 4, 57.17
1746615127, 0, 286, 581, 572, 13, 6.00%, 0, 0, 4, 56.27
1746615132, 0, 286, 586, 577, 13, 6.00%, 0, 0, 4, 56.66
1746615137, 0, 286, 591, 582, 13, 6.00%, 0, 0, 4, 56.76
1746615142, 0, 286, 595, 586, 13, 6.00%, 0, 0, 4, 54.73
1746615148, 0, 286, 597, 588, 13, 6.00%, 0, 0, 4, 57.27
1746615153, 0, 286, 602, 593, 13, 6.00%, 0, 0, 4, 55.71
1746615158, 0, 286, 605, 596, 13, 6.00%, 0, 0, 4, 56.32
1746615163, 0, 286, 608, 599, 13, 6.00%, 0, 0, 4, 55.71
1746615168, 0, 286, 610, 601, 13, 6.00%, 0, 0, 4, 57.60
1746615173, 0, 286, 613, 604, 13, 6.00%, 0, 0, 4, 56.64
1746615183, 0, 286, 615, 606, 13, 6.00%, 0, 0, 4, 56.19
1746615188, 0, 286, 616, 607, 13, 6.00%, 0, 0, 4, 56.43
1746615198, 0, 286, 619, 610, 13, 6.00%, 0, 0, 4, 56.48
1746615203, 0, 286, 621, 612, 13, 6.00%, 0, 0, 4, 57.38
1746615219, 0, 286, 624, 615, 13, 6.00%, 0, 0, 4, 55.10
1746615224, 0, 286, 627, 618, 13, 6.00%, 0, 0, 4, 55.39
1746615234, 0, 286, 628, 619, 13, 6.00%, 0, 0, 4, 57.76
1746615244, 0, 286, 629, 620, 13, 6.00%, 0, 0, 4, 57.45
1746615249, 0, 286, 632, 623, 13, 6.00%, 0, 0, 4, 56.83
1746615260, 0, 286, 634, 625, 13, 6.00%, 0, 0, 4, 57.11
1746615265, 0, 286, 635, 626, 13, 6.00%, 0, 0, 4, 57.15
1746615270, 0, 286, 637, 628, 13, 6.01%, 0, 0, 4, 56.46
1746615275, 0, 286, 638, 629, 13, 6.01%, 0, 0, 4, 56.69
1746615280, 0, 286, 639, 630, 13, 6.01%, 0, 0, 4, 57.33
1746615285, 0, 286, 641, 632, 13, 6.01%, 0, 0, 4, 56.39
1746615295, 0, 286, 642, 633, 13, 6.01%, 0, 0, 4, 59.81
1746615300, 0, 286, 644, 635, 13, 6.01%, 0, 0, 4, 57.60
1746615310, 0, 286, 646, 637, 13, 6.01%, 0, 0, 4, 57.15
1746615336, 0, 293, 646, 636, 15, 6.01%, 0, 0, 4, 63.08
1746615602, 0, 341, 646, 635, 15, 6.01%, 0, 0, 4, 77.52
1746615801, 0, 351, 646, 634, 14, 6.01%, 0, 0, 4, 86.43
1746616067, 0, 387, 646, 633, 13, 6.01%, 0, 0, 4, 77.85
1746616326, 0, 433, 646, 632, 12, 6.01%, 0, 0, 4, 74.85
1746616636, 0, 448, 646, 631, 11, 6.01%, 0, 0, 4, 72.30
1746616880, 0, 451, 646, 630, 10, 6.01%, 0, 0, 4, 74.80
1746617151, 0, 451, 647, 631, 10, 6.01%, 0, 0, 4, 76.73
1746617156, 0, 451, 651, 635, 10, 6.01%, 0, 0, 4, 80.97
1746617167, 0, 451, 652, 636, 10, 6.01%, 0, 0, 4, 82.20
1746617187, 0, 451, 653, 637, 10, 6.01%, 0, 0, 4, 83.15
1746617203, 0, 451, 654, 638, 10, 6.01%, 0, 0, 4, 82.23
1746617331, 0, 451, 655, 639, 10, 6.01%, 0, 0, 4, 82.89
1746617352, 0, 453, 655, 638, 9, 6.01%, 0, 0, 4, 59.61
1746618054, 0, 483, 655, 637, 9, 6.01%, 0, 0, 4, 56.02
1746618586, 0, 483, 656, 638, 9, 6.01%, 0, 0, 5, 64.87
1746618591, 0, 483, 657, 639, 9, 6.01%, 0, 0, 5, 64.19
1746618606, 0, 483, 658, 640, 9, 6.01%, 0, 0, 5, 61.05
1746618642, 0, 483, 660, 642, 9, 6.01%, 0, 0, 5, 62.53
1746618647, 0, 483, 661, 643, 9, 6.01%, 0, 0, 5, 61.99
1746618663, 0, 483, 662, 644, 9, 6.01%, 0, 0, 5, 64.21
1746618693, 0, 483, 664, 646, 9, 6.01%, 0, 0, 5, 63.62
1746618724, 0, 483, 665, 647, 9, 6.01%, 0, 0, 5, 64.23
1746618761, 0, 483, 666, 648, 9, 6.01%, 0, 0, 5, 63.10
1746618771, 0, 483, 668, 650, 9, 6.01%, 0, 0, 5, 62.44
1746618776, 0, 483, 669, 651, 9, 6.01%, 0, 0, 5, 62.46
1746618791, 0, 483, 670, 652, 9, 6.01%, 0, 0, 5, 62.46
1746618827, 0, 483, 671, 653, 9, 6.01%, 0, 0, 5, 61.20
1746618837, 0, 501, 671, 652, 8, 6.01%, 0, 0, 5, 59.72
1746619627, 0, 501, 672, 653, 8, 6.01%, 0, 0, 5, 48.84
1746619632, 0, 501, 674, 655, 8, 6.01%, 0, 0, 5, 48.65
1746619637, 0, 501, 676, 657, 8, 6.01%, 0, 0, 5, 49.26
1746619647, 0, 501, 678, 659, 8, 6.01%, 0, 0, 5, 48.64
1746619652, 0, 501, 680, 661, 8, 6.01%, 0, 0, 5, 49.91
1746619657, 0, 501, 681, 662, 8, 6.01%, 0, 0, 5, 48.98
1746619667, 0, 501, 683, 664, 8, 6.01%, 0, 0, 5, 49.23
1746619693, 0, 501, 685, 666, 8, 6.01%, 0, 0, 5, 49.83
1746619728, 0, 501, 687, 668, 8, 6.01%, 0, 0, 5, 49.07
1746619733, 0, 501, 688, 669, 8, 6.01%, 0, 0, 5, 49.32
1746619743, 0, 501, 689, 670, 8, 6.01%, 0, 0, 5, 50.55
1746619748, 0, 501, 690, 671, 8, 6.01%, 0, 0, 5, 50.77
1746619809, 0, 501, 691, 672, 8, 6.01%, 0, 0, 5, 49.55
1746619824, 0, 501, 692, 673, 8, 6.01%, 0, 0, 5, 49.69
1746619840, 0, 501, 693, 674, 8, 6.01%, 0, 0, 5, 49.04
1746619850, 0, 501, 694, 675, 8, 6.01%, 0, 0, 5, 49.93
1746619865, 0, 501, 695, 676, 8, 6.01%, 0, 0, 5, 49.30
1746619875, 0, 523, 695, 675, 8, 6.01%, 0, 0, 5, 63.56
1746620112, 0, 551, 695, 674, 7, 6.01%, 0, 0, 5, 74.50
1746620705, 0, 558, 695, 673, 6, 6.01%, 0, 0, 5, 49.49
1746621642, 0, 558, 696, 674, 6, 6.01%, 0, 0, 5, 45.51
1746621647, 0, 558, 702, 680, 6, 6.01%, 0, 0, 5, 46.03
1746621653, 0, 558, 707, 685, 6, 6.01%, 0, 0, 5, 45.85
1746621658, 0, 558, 708, 686, 6, 6.01%, 0, 0, 5, 47.04
1746621663, 0, 558, 710, 688, 6, 6.01%, 0, 0, 5, 47.53
1746621668, 0, 558, 711, 689, 6, 6.01%, 0, 0, 5, 47.40
1746621673, 0, 558, 712, 690, 6, 6.01%, 0, 0, 5, 48.66
1746621683, 0, 558, 714, 692, 6, 6.01%, 0, 0, 5, 47.95
1746621693, 0, 558, 715, 693, 6, 6.01%, 0, 0, 5, 48.63
1746621698, 0, 558, 717, 695, 6, 6.01%, 0, 0, 5, 47.77
1746621708, 0, 558, 718, 696, 6, 6.01%, 0, 0, 5, 48.96
1746621718, 0, 558, 719, 697, 6, 6.01%, 0, 0, 5, 47.27
1746621728, 0, 558, 720, 698, 6, 6.01%, 0, 0, 5, 47.36
1746621739, 0, 558, 722, 700, 6, 6.01%, 0, 0, 5, 46.61
1746621759, 0, 558, 724, 702, 6, 6.01%, 0, 0, 5, 47.70
1746621764, 0, 558, 725, 703, 6, 6.01%, 0, 0, 5, 46.83
1746621784, 0, 558, 726, 704, 6, 6.01%, 0, 0, 5, 48.36
1746621814, 0, 558, 727, 705, 6, 6.02%, 0, 0, 5, 47.49
1746621830, 0, 558, 728, 706, 6, 6.02%, 0, 0, 5, 47.96
1746621845, 0, 558, 729, 707, 6, 6.02%, 0, 0, 5, 47.94
1746621880, 0, 558, 730, 708, 6, 6.02%, 0, 0, 5, 48.94
1746621896, 0, 558, 731, 709, 6, 6.15%, 0, 0, 5, 49.23
1746621901, 0, 558, 732, 710, 6, 6.15%, 0, 0, 5, 48.17
1746621906, 0, 579, 732, 709, 5, 6.15%, 0, 0, 5, 43.19
1746623032, 0, 579, 733, 710, 5, 6.15%, 0, 0, 5, 45.72
1746623047, 0, 579, 734, 711, 5, 6.15%, 0, 0, 5, 47.57
1746623052, 0, 579, 735, 712, 5, 6.15%, 0, 0, 5, 46.72
1746623077, 0, 579, 737, 714, 5, 6.15%, 0, 0, 5, 46.73
1746623138, 0, 579, 738, 715, 5, 6.15%, 0, 0, 5, 48.09
1746623143, 0, 579, 739, 716, 5, 6.15%, 0, 0, 5, 47.47
1746623153, 0, 579, 740, 717, 5, 6.15%, 0, 0, 5, 46.64
1746623163, 0, 579, 741, 718, 5, 6.15%, 0, 0, 5, 47.50
1746623209, 0, 579, 742, 719, 5, 6.15%, 0, 0, 5, 46.81
1746623255, 0, 579, 743, 720, 5, 6.15%, 0, 0, 5, 47.25
1746623285, 0, 635, 743, 719, 4, 6.15%, 0, 0, 5, 46.04
1746623296, 0, 635, 745, 721, 4, 6.15%, 0, 0, 5, 45.34
1746623301, 0, 635, 746, 722, 4, 6.15%, 0, 0, 5, 45.28
1746623306, 0, 635, 747, 723, 4, 6.22%, 0, 0, 5, 45.19
1746623316, 0, 635, 748, 724, 4, 6.22%, 0, 0, 5, 45.14
1746623414, 0, 635, 749, 725, 4, 6.22%, 0, 0, 5, 45.58
1746624128, 0, 635, 750, 726, 4, 6.24%, 0, 0, 5, 51.34
1746624133, 0, 635, 752, 728, 4, 6.24%, 0, 0, 5, 52.68
1746624153, 0, 635, 753, 729, 4, 6.24%, 0, 0, 5, 51.97
1746624204, 0, 635, 754, 730, 4, 6.24%, 0, 0, 5, 52.66
1746624234, 0, 635, 755, 731, 4, 6.24%, 0, 0, 5, 52.04
1746624325, 0, 635, 756, 732, 4, 6.25%, 0, 0, 5, 52.92
1746624345, 0, 635, 757, 733, 4, 6.25%, 0, 0, 5, 52.88
1746624370, 0, 635, 758, 734, 4, 6.26%, 0, 0, 5, 51.07
1746624380, 0, 635, 759, 735, 4, 6.26%, 0, 0, 5, 52.18
1746624431, 0, 693, 760, 735, 8, 6.26%, 0, 0, 5, 43.87
1746625829, 0, 693, 761, 736, 8, 6.26%, 0, 0, 6, 37.65
1746625839, 0, 693, 763, 738, 8, 6.26%, 0, 0, 6, 38.71
1746625845, 0, 693, 764, 739, 8, 6.26%, 0, 0, 6, 38.84
1746625850, 0, 693, 765, 740, 8, 6.26%, 0, 0, 6, 39.29
1746625860, 0, 693, 767, 742, 8, 6.26%, 0, 0, 6, 38.63
1746625870, 0, 693, 768, 743, 8, 6.26%, 0, 0, 6, 39.41
1746625880, 0, 693, 769, 744, 8, 6.26%, 0, 0, 6, 38.87
1746625885, 0, 693, 770, 745, 8, 6.26%, 0, 0, 6, 39.33
1746625900, 0, 693, 771, 746, 8, 6.26%, 0, 0, 6, 38.87
1746625931, 0, 693, 772, 747, 8, 6.27%, 0, 0, 6, 22.25
1746625951, 0, 693, 773, 748, 8, 6.27%, 0, 0, 6, 22.33
1746625961, 0, 693, 774, 749, 8, 6.27%, 0, 0, 6, 22.76
1746625982, 0, 693, 775, 750, 8, 6.27%, 0, 0, 6, 21.86
1746625987, 0, 693, 776, 751, 8, 6.27%, 0, 0, 6, 22.16
1746625992, 0, 693, 777, 752, 8, 6.27%, 0, 0, 6, 22.30
1746626125, 0, 693, 778, 753, 8, 6.27%, 0, 0, 6, 22.43
1746626171, 0, 693, 779, 754, 8, 6.27%, 0, 0, 6, 21.19
1746626192, 0, 693, 780, 755, 8, 6.27%, 0, 0, 6, 22.19
1746626238, 0, 693, 781, 756, 8, 6.27%, 0, 0, 6, 20.90
1746626294, 0, 693, 782, 757, 8, 6.27%, 0, 0, 6, 22.32
1746626325, 0, 719, 782, 756, 9, 6.27%, 0, 0, 6, 22.36
1746628340, 0, 719, 783, 757, 9, 6.27%, 0, 0, 6, 38.59
1746628345, 0, 719, 784, 758, 9, 6.27%, 0, 0, 6, 39.74
1746628365, 0, 719, 785, 759, 9, 6.27%, 0, 0, 6, 41.12
1746628376, 0, 719, 786, 760, 9, 6.27%, 0, 0, 6, 41.43
1746628396, 0, 719, 788, 762, 9, 6.28%, 0, 0, 6, 39.28
1746628406, 0, 719, 789, 763, 9, 6.28%, 0, 0, 6, 40.59
1746628411, 0, 719, 790, 764, 9, 6.28%, 0, 0, 6, 41.13
1746628426, 0, 719, 791, 765, 9, 6.28%, 0, 0, 6, 40.95
1746628477, 0, 719, 792, 766, 9, 6.28%, 0, 0, 6, 40.69
1746628483, 0, 719, 793, 767, 9, 6.28%, 0, 0, 6, 41.04
1746628488, 0, 719, 795, 769, 9, 6.28%, 0, 0, 6, 39.66
1746628523, 0, 719, 796, 770, 9, 6.28%, 0, 0, 6, 41.27
1746628544, 0, 719, 797, 771, 9, 6.28%, 0, 0, 6, 41.45
1746628564, 0, 719, 798, 772, 9, 6.28%, 0, 0, 6, 41.17
1746628579, 0, 719, 799, 773, 9, 6.28%, 0, 0, 6, 40.18
1746628595, 0, 719, 801, 775, 9, 6.35%, 0, 0, 6, 41.56
1746628600, 0, 719, 802, 776, 9, 6.35%, 0, 0, 6, 40.88
1746628640, 0, 731, 802, 775, 10, 6.35%, 0, 0, 6, 37.30
1746630347, 0, 731, 803, 776, 10, 6.35%, 0, 0, 6, 37.01
1746630367, 0, 731, 806, 779, 10, 6.35%, 0, 0, 6, 35.03
1746630372, 0, 731, 808, 781, 10, 6.35%, 0, 0, 6, 35.06
1746630383, 0, 731, 809, 782, 10, 6.35%, 0, 0, 6, 36.63
1746630388, 0, 731, 811, 784, 10, 6.35%, 0, 0, 6, 35.10
1746630393, 0, 731, 812, 785, 10, 6.35%, 0, 0, 6, 35.34
1746630398, 0, 731, 813, 786, 10, 6.35%, 0, 0, 6, 36.40
1746630413, 0, 731, 815, 788, 10, 6.35%, 0, 0, 6, 36.30
1746630418, 0, 731, 816, 789, 10, 6.35%, 0, 0, 6, 37.08
1746630423, 0, 731, 818, 791, 10, 6.36%, 0, 0, 6, 35.88
1746630439, 0, 731, 819, 792, 10, 6.36%, 0, 0, 6, 37.13
1746630449, 0, 731, 821, 794, 10, 6.36%, 0, 0, 6, 35.29
1746630454, 0, 731, 822, 795, 10, 6.36%, 0, 0, 6, 36.33
1746630459, 0, 731, 823, 796, 10, 6.36%, 0, 0, 6, 36.54
1746630465, 0, 731, 824, 797, 10, 6.36%, 0, 0, 6, 36.11
1746630490, 0, 731, 825, 798, 10, 6.36%, 0, 0, 6, 35.74
1746630505, 0, 731, 826, 799, 10, 6.36%, 0, 0, 6, 36.87
1746630521, 0, 731, 827, 800, 10, 6.36%, 0, 0, 6, 36.33
1746630551, 0, 731, 829, 802, 10, 6.36%, 0, 0, 6, 36.02
1746630556, 0, 731, 830, 803, 10, 6.36%, 0, 0, 6, 36.93
1746630567, 0, 731, 831, 804, 10, 6.36%, 0, 0, 6, 36.65
1746630577, 0, 731, 835, 808, 10, 6.36%, 0, 0, 6, 33.99
1746630597, 0, 731, 836, 809, 10, 6.36%, 0, 0, 6, 36.72
1746630602, 0, 731, 837, 810, 10, 6.36%, 0, 0, 6, 36.82
1746630618, 0, 731, 838, 811, 10, 6.36%, 0, 0, 6, 36.43
1746630638, 0, 731, 839, 812, 10, 6.36%, 0, 0, 6, 36.54
1746630649, 0, 731, 840, 813, 10, 6.36%, 0, 0, 6, 36.15
1746630679, 0, 746, 840, 812, 8, 6.36%, 0, 0, 6, 43.46
1746631520, 0, 749, 840, 811, 7, 6.36%, 0, 0, 6, 50.90
1746631546, 0, 749, 845, 816, 7, 6.36%, 0, 0, 6, 33.82
1746631551, 0, 749, 846, 817, 7, 6.36%, 0, 0, 6, 33.93
1746631567, 0, 749, 847, 818, 7, 6.36%, 0, 0, 6, 33.92
1746631592, 0, 749, 848, 819, 7, 6.36%, 0, 0, 6, 33.99
1746631639, 0, 749, 849, 820, 7, 6.36%, 0, 0, 6, 34.17
1746631772, 0, 749, 850, 821, 7, 6.36%, 0, 0, 6, 34.14
1746633058, 0, 749, 851, 822, 7, 6.36%, 0, 0, 6, 33.78
1746633161, 0, 749, 852, 823, 7, 6.36%, 0, 0, 6, 36.85
1746633166, 0, 749, 856, 827, 7, 6.42%, 0, 0, 6, 37.17
1746633172, 0, 749, 858, 829, 7, 6.42%, 0, 0, 6, 38.43
1746633182, 0, 749, 863, 834, 7, 6.42%, 0, 0, 6, 37.97
1746633187, 0, 749, 865, 836, 7, 6.42%, 0, 0, 6, 37.82
1746633192, 0, 749, 866, 837, 7, 6.42%, 0, 0, 6, 38.71
1746633197, 0, 749, 869, 840, 7, 6.42%, 0, 0, 6, 38.99
1746633202, 0, 749, 874, 845, 7, 6.42%, 0, 0, 6, 38.94
1746633208, 0, 749, 877, 848, 7, 6.42%, 0, 0, 6, 38.91
1746633213, 0, 749, 879, 850, 7, 6.42%, 0, 0, 6, 38.76
1746633218, 0, 749, 881, 852, 7, 6.42%, 0, 0, 6, 38.82
1746633223, 0, 749, 884, 855, 7, 6.42%, 0, 0, 6, 38.55
1746633228, 0, 749, 886, 857, 7, 6.42%, 0, 0, 6, 39.30
1746633233, 0, 749, 887, 858, 7, 6.42%, 0, 0, 6, 38.61
1746633238, 0, 749, 889, 860, 7, 6.42%, 0, 0, 6, 37.75
1746633243, 0, 749, 890, 861, 7, 6.42%, 0, 0, 6, 38.07
1746633249, 0, 749, 892, 863, 7, 6.42%, 0, 0, 6, 38.62
1746633254, 0, 749, 893, 864, 7, 6.43%, 0, 0, 6, 38.04
1746633264, 0, 749, 894, 865, 7, 6.43%, 0, 0, 6, 39.03
1746633279, 0, 749, 895, 866, 7, 6.43%, 0, 0, 6, 39.20
1746633300, 0, 749, 896, 867, 7, 6.43%, 0, 0, 6, 39.10
1746633351, 0, 749, 897, 868, 7, 6.43%, 0, 0, 6, 39.06
1746633371, 0, 749, 898, 869, 7, 6.43%, 0, 0, 6, 38.85
1746633386, 0, 749, 899, 870, 7, 6.43%, 0, 0, 6, 38.94
1746633391, 0, 749, 900, 871, 7, 6.43%, 0, 0, 6, 39.38
1746633412, 0, 749, 901, 872, 7, 6.43%, 0, 0, 6, 39.30
1746633417, 0, 749, 902, 873, 7, 6.43%, 0, 0, 6, 39.00
1746633473, 0, 749, 903, 874, 7, 6.43%, 0, 0, 6, 38.84
1746633489, 0, 752, 903, 873, 10, 6.43%, 0, 0, 6, 42.90
1746634031, 0, 752, 904, 874, 10, 6.43%, 0, 0, 6, 44.34
1746634422, 0, 752, 905, 875, 10, 6.43%, 0, 0, 6, 44.94
1746634494, 0, 755, 905, 874, 10, 6.43%, 0, 0, 6, 48.12
1746635333, 0, 759, 905, 873, 9, 6.43%, 0, 0, 6, 51.25
1746635349, 0, 759, 906, 874, 9, 6.43%, 0, 0, 6, 49.86
1746636105, 0, 759, 907, 875, 9, 6.43%, 0, 0, 6, 57.71
1746636110, 0, 759, 908, 876, 9, 6.43%, 0, 0, 6, 58.25
1746636166, 0, 759, 909, 877, 9, 6.43%, 0, 0, 6, 57.32
1746636242, 0, 762, 909, 876, 9, 6.43%, 0, 0, 6, 40.51
1746638109, 0, 762, 910, 877, 9, 6.43%, 0, 0, 7, 33.94
1746638149, 0, 787, 910, 876, 9, 6.43%, 0, 0, 7, 34.54
1746638175, 0, 787, 911, 877, 9, 6.43%, 0, 0, 7, 28.29
1746638241, 0, 787, 912, 878, 9, 6.43%, 0, 0, 7, 28.26
1746640540, 0, 787, 913, 879, 9, 6.43%, 0, 0, 7, 28.31
1746640632, 0, 787, 914, 880, 9, 6.43%, 0, 0, 7, 28.12
1746640637, 0, 787, 915, 881, 9, 6.43%, 0, 0, 7, 30.00
1746640642, 0, 787, 916, 882, 9, 6.43%, 0, 0, 7, 31.00
1746640647, 0, 787, 917, 883, 9, 6.43%, 0, 0, 7, 31.21
1746640652, 0, 787, 918, 884, 9, 6.43%, 0, 0, 7, 32.25
1746640662, 0, 787, 920, 886, 9, 6.43%, 0, 0, 7, 31.25
1746640678, 0, 787, 921, 887, 9, 6.43%, 0, 0, 7, 32.65
1746640683, 0, 787, 922, 888, 9, 6.43%, 0, 0, 7, 31.64
1746640719, 0, 787, 923, 889, 9, 6.43%, 0, 0, 7, 31.87
1746640724, 0, 787, 924, 890, 9, 6.43%, 0, 0, 7, 32.34
1746640734, 0, 787, 925, 891, 9, 6.43%, 0, 0, 7, 31.86
1746640775, 0, 787, 926, 892, 9, 6.43%, 0, 0, 7, 31.51
1746640780, 0, 787, 927, 893, 9, 6.43%, 0, 0, 7, 31.40
1746640791, 0, 787, 928, 894, 9, 6.43%, 0, 0, 7, 31.83
1746640796, 0, 787, 929, 895, 9, 6.43%, 0, 0, 7, 32.09
1746640811, 0, 787, 930, 896, 9, 6.43%, 0, 0, 7, 31.72
1746640842, 0, 787, 931, 897, 9, 6.43%, 0, 0, 7, 31.96
1746640857, 0, 787, 932, 898, 9, 6.43%, 0, 0, 7, 31.39
1746640883, 0, 787, 933, 899, 9, 6.43%, 0, 0, 7, 32.45
1746640914, 0, 787, 934, 900, 9, 6.43%, 0, 0, 7, 31.67
1746640919, 0, 787, 936, 902, 9, 6.43%, 0, 0, 7, 31.68
1746640945, 0, 787, 937, 903, 9, 6.43%, 0, 0, 7, 32.27
1746640950, 0, 787, 938, 904, 9, 6.43%, 0, 0, 7, 31.68
1746641027, 0, 851, 938, 903, 10, 6.43%, 0, 0, 7, 35.55
1746642463, 0, 855, 938, 902, 9, 6.43%, 0, 0, 7, 37.22
1746643957, 0, 863, 938, 901, 8, 6.43%, 0, 0, 7, 39.24
1746645444, 0, 896, 938, 900, 7, 6.43%, 0, 0, 7, 36.39
1746645489, 0, 896, 939, 901, 7, 6.43%, 0, 0, 7, 31.98
1746645504, 0, 896, 940, 902, 7, 6.43%, 0, 0, 7, 31.92
1746645509, 0, 896, 941, 903, 7, 6.44%, 0, 0, 7, 31.95
1746645514, 0, 896, 944, 906, 7, 6.44%, 0, 0, 7, 32.03
1746645519, 0, 896, 945, 907, 7, 6.44%, 0, 0, 7, 32.01
1746645686, 0, 896, 947, 909, 7, 6.44%, 0, 0, 7, 32.21
1746645717, 0, 896, 948, 910, 7, 6.44%, 0, 0, 7, 32.24
1746647203, 0, 896, 949, 911, 7, 6.44%, 0, 0, 7, 32.44
1746647284, 0, 896, 951, 913, 7, 6.44%, 0, 0, 7, 35.66
1746647294, 0, 896, 952, 914, 7, 6.44%, 0, 0, 7, 35.75
1746647299, 0, 896, 953, 915, 7, 6.44%, 0, 0, 7, 35.67
1746647305, 0, 896, 954, 916, 7, 6.44%, 0, 0, 7, 37.05
1746647345, 0, 896, 955, 917, 7, 6.44%, 0, 0, 7, 37.05
1746647361, 0, 896, 956, 918, 7, 6.44%, 0, 0, 7, 36.58
1746647366, 0, 896, 957, 919, 7, 6.44%, 0, 0, 7, 35.49
1746647402, 0, 896, 958, 920, 7, 6.44%, 0, 0, 7, 36.30
1746647458, 0, 896, 959, 921, 7, 6.44%, 0, 0, 7, 36.46
1746647473, 0, 896, 960, 922, 7, 6.44%, 0, 0, 7, 37.52
1746647540, 0, 896, 961, 923, 7, 6.44%, 0, 0, 7, 36.00
1746647617, 0, 897, 961, 922, 7, 6.44%, 0, 0, 7, 36.70
1746649817, 0, 904, 961, 921, 6, 6.44%, 0, 0, 7, 22.81
1746650053, 0, 904, 962, 922, 6, 6.44%, 0, 0, 7, 25.78
1746651565, 0, 908, 962, 921, 5, 6.44%, 0, 0, 7, 29.91
1746652984, 0, 915, 962, 920, 4, 6.44%, 0, 0, 7, 23.60
