# unix_time, cycles_done, cur_path, paths_total, pending_total, pending_favs, map_size, unique_crashes, unique_hangs, max_depth, execs_per_sec
1746612042, 0, 0, 1, 1, 1, 3.78%, 0, 0, 1, 133.33
1746612048, 0, 0, 41, 41, 1, 4.56%, 0, 0, 2, 127.67
1746612053, 0, 0, 65, 65, 1, 4.56%, 0, 0, 2, 128.10
1746612058, 0, 0, 76, 76, 1, 4.56%, 0, 0, 2, 131.84
1746612063, 0, 0, 82, 82, 1, 4.56%, 0, 0, 2, 135.31
1746612068, 0, 0, 87, 87, 1, 4.56%, 0, 0, 2, 135.64
1746612074, 0, 0, 94, 94, 1, 4.56%, 0, 0, 2, 135.10
1746612079, 0, 0, 98, 98, 1, 4.56%, 0, 0, 2, 135.85
1746612084, 0, 0, 102, 102, 1, 4.56%, 0, 0, 2, 135.40
1746612089, 0, 0, 103, 103, 1, 4.56%, 0, 0, 2, 137.49
1746612094, 0, 0, 106, 106, 1, 4.56%, 0, 0, 2, 137.17
1746612099, 0, 0, 108, 108, 1, 4.56%, 0, 0, 2, 135.41
1746612105, 0, 0, 110, 110, 1, 4.56%, 0, 0, 2, 137.23
1746612115, 0, 0, 115, 115, 1, 4.56%, 0, 0, 2, 135.65
1746612125, 0, 0, 117, 117, 1, 4.79%, 0, 0, 2, 137.63
1746612130, 0, 0, 119, 119, 1, 4.79%, 0, 0, 2, 135.93
1746612136, 0, 0, 120, 120, 1, 4.79%, 0, 0, 2, 137.72
1746612141, 0, 0, 122, 122, 1, 4.79%, 0, 0, 2, 136.16
1746612146, 0, 0, 124, 124, 1, 4.79%, 0, 0, 2, 137.43
1746612151, 0, 0, 125, 125, 1, 4.79%, 0, 0, 2, 136.58
1746612156, 0, 0, 126, 126, 1, 4.79%, 0, 0, 2, 137.30
1746612167, 0, 0, 127, 127, 1, 4.79%, 0, 0, 2, 133.71
1746612182, 0, 0, 128, 128, 1, 4.79%, 0, 0, 2, 138.64
1746612193, 0, 0, 130, 130, 1, 4.79%, 0, 0, 2, 136.48
1746612198, 0, 0, 132, 132, 1, 4.79%, 0, 0, 2, 135.86
1746612203, 0, 0, 133, 133, 1, 4.79%, 0, 0, 2, 137.77
1746612223, 0, 0, 134, 134, 1, 4.79%, 0, 0, 2, 138.76
1746612229, 0, 0, 137, 137, 1, 4.79%, 0, 0, 2, 137.52
1746612234, 0, 0, 139, 139, 1, 4.79%, 0, 0, 2, 135.79
1746612249, 0, 0, 140, 140, 1, 4.79%, 0, 0, 2, 138.65
1746612275, 0, 0, 141, 141, 1, 4.79%, 0, 0, 2, 139.04
1746612280, 0, 0, 142, 142, 1, 4.79%, 0, 0, 2, 138.93
1746612291, 0, 1, 142, 141, 4, 4.79%, 0, 0, 2, 139.73
1746612296, 0, 1, 143, 142, 4, 4.79%, 0, 0, 3, 137.92
1746612306, 0, 1, 144, 143, 4, 4.79%, 0, 0, 3, 139.05
1746612311, 0, 1, 145, 144, 4, 4.79%, 0, 0, 3, 139.04
1746612332, 0, 1, 146, 145, 4, 4.79%, 0, 0, 3, 137.09
1746612363, 0, 1, 147, 146, 4, 4.79%, 0, 0, 3, 137.98
1746612384, 0, 1, 148, 147, 4, 4.79%, 0, 0, 3, 136.49
1746612399, 0, 1, 149, 148, 4, 4.79%, 0, 0, 3, 137.91
1746612420, 0, 1, 150, 149, 4, 4.79%, 0, 0, 3, 138.06
1746612425, 0, 1, 151, 150, 4, 4.79%, 0, 0, 3, 137.33
1746612507, 0, 1, 152, 151, 4, 4.79%, 0, 0, 3, 137.30
1746612528, 0, 21, 154, 152, 3, 4.79%, 0, 0, 3, 136.88
1746612543, 0, 21, 155, 153, 3, 4.79%, 0, 0, 3, 134.71
1746612553, 0, 36, 155, 152, 2, 4.79%, 0, 0, 3, 128.18
1746612595, 0, 36, 158, 155, 2, 4.79%, 0, 0, 3, 120.58
1746612600, 0, 36, 159, 156, 2, 4.79%, 0, 0, 3, 123.13
1746612626, 0, 36, 160, 157, 2, 4.79%, 0, 0, 3, 125.15
1746612631, 0, 36, 161, 158, 2, 4.79%, 0, 0, 3, 123.34
1746612641, 0, 36, 163, 160, 2, 4.79%, 0, 0, 3, 121.46
1746612646, 0, 36, 164, 161, 2, 4.79%, 0, 0, 3, 124.29
1746612662, 0, 36, 165, 162, 2, 4.79%, 0, 0, 3, 125.33
1746612687, 0, 36, 166, 163, 2, 4.79%, 0, 0, 3, 124.30
1746612692, 0, 36, 167, 164, 2, 4.79%, 0, 0, 3, 124.11
1746612723, 0, 36, 168, 165, 2, 4.79%, 0, 0, 3, 123.02
1746612734, 0, 36, 169, 166, 2, 4.79%, 0, 0, 3, 122.31
1746612744, 0, 36, 170, 167, 2, 4.79%, 0, 0, 3, 125.54
1746612755, 0, 36, 171, 168, 2, 4.79%, 0, 0, 3, 124.09
1746612765, 0, 36, 172, 169, 2, 4.79%, 0, 0, 3, 123.09
1746612785, 0, 36, 173, 170, 2, 4.79%, 0, 0, 3, 122.17
1746612801, 0, 36, 174, 171, 2, 4.79%, 0, 0, 3, 124.07
1746612806, 0, 36, 175, 172, 2, 4.79%, 0, 0, 3, 122.35
1746612811, 0, 36, 176, 173, 2, 4.79%, 0, 0, 3, 123.55
1746612837, 0, 36, 177, 174, 2, 4.79%, 0, 0, 3, 124.42
1746612852, 0, 127, 177, 173, 2, 4.79%, 0, 0, 3, 109.46
1746613089, 0, 127, 186, 182, 2, 4.79%, 0, 0, 3, 79.66
1746613094, 0, 127, 189, 185, 2, 4.79%, 0, 0, 3, 84.91
1746613099, 0, 127, 191, 187, 2, 4.79%, 0, 0, 3, 85.98
1746613104, 0, 127, 195, 191, 2, 4.79%, 0, 0, 3, 86.78
1746613109, 0, 127, 197, 193, 2, 4.79%, 0, 0, 3, 86.02
1746613114, 0, 127, 200, 196, 2, 4.79%, 0, 0, 3, 85.04
1746613120, 0, 127, 201, 197, 2, 4.79%, 0, 0, 3, 85.97
1746613130, 0, 127, 204, 200, 2, 4.79%, 0, 0, 3, 84.27
1746613140, 0, 127, 205, 201, 2, 4.79%, 0, 0, 3, 87.15
1746613145, 0, 127, 207, 203, 2, 4.79%, 0, 0, 3, 85.81
1746613156, 0, 127, 208, 204, 2, 4.79%, 0, 0, 3, 85.94
1746613161, 0, 127, 210, 206, 2, 4.79%, 0, 0, 3, 85.74
1746613166, 0, 127, 211, 207, 2, 4.79%, 0, 0, 3, 87.13
1746613176, 0, 127, 212, 208, 2, 4.79%, 0, 0, 3, 88.90
1746613181, 0, 127, 214, 210, 2, 4.79%, 0, 0, 3, 86.64
1746613192, 0, 127, 215, 211, 2, 4.79%, 0, 0, 3, 88.74
1746613202, 0, 127, 216, 212, 2, 4.79%, 0, 0, 3, 88.40
1746613207, 0, 127, 217, 213, 2, 4.79%, 0, 0, 3, 87.73
1746613212, 0, 127, 219, 215, 2, 4.79%, 0, 0, 3, 84.95
1746613217, 0, 127, 220, 216, 2, 4.79%, 0, 0, 3, 87.02
1746613228, 0, 127, 221, 217, 2, 4.79%, 0, 0, 3, 87.82
1746613233, 0, 127, 222, 218, 2, 4.79%, 0, 0, 3, 89.06
1746613258, 0, 127, 223, 219, 2, 4.79%, 0, 0, 3, 88.05
1746613263, 0, 127, 224, 220, 2, 4.79%, 0, 0, 3, 87.51
1746613269, 0, 127, 226, 222, 2, 4.79%, 0, 0, 3, 86.05
1746613284, 0, 127, 227, 223, 2, 4.79%, 0, 0, 3, 86.83
1746613294, 0, 127, 228, 224, 2, 4.79%, 0, 0, 3, 87.89
1746613299, 0, 127, 229, 225, 2, 4.79%, 0, 0, 3, 86.07
1746613325, 0, 127, 230, 226, 2, 4.79%, 0, 0, 3, 88.94
1746613340, 0, 127, 231, 227, 2, 4.79%, 0, 0, 3, 87.42
1746613366, 0, 127, 232, 228, 2, 4.79%, 0, 0, 3, 87.62
1746613402, 0, 127, 233, 229, 2, 4.79%, 0, 0, 3, 87.39
1746613428, 0, 127, 234, 230, 2, 4.79%, 0, 0, 3, 87.70
1746613469, 0, 188, 234, 229, 2, 4.79%, 0, 0, 3, 61.00
1746613607, 0, 188, 244, 239, 2, 4.79%, 0, 0, 4, 54.56
1746613612, 0, 188, 253, 248, 2, 4.79%, 0, 0, 4, 56.39
1746613617, 0, 188, 257, 252, 2, 4.79%, 0, 0, 4, 57.67
1746613622, 0, 188, 260, 255, 2, 4.79%, 0, 0, 4, 58.28
1746613627, 0, 188, 265, 260, 2, 5.27%, 0, 0, 4, 56.65
1746613632, 0, 188, 267, 262, 2, 5.27%, 0, 0, 4, 57.72
1746613637, 0, 188, 269, 264, 2, 5.27%, 0, 0, 4, 58.30
1746613642, 0, 188, 271, 266, 2, 5.27%, 0, 0, 4, 58.29
1746613647, 0, 188, 274, 269, 2, 5.27%, 0, 0, 4, 57.47
1746613652, 0, 188, 276, 271, 2, 5.27%, 0, 0, 4, 57.37
1746613663, 0, 188, 277, 272, 2, 5.27%, 0, 0, 4, 58.71
1746613673, 0, 188, 281, 276, 2, 5.27%, 0, 0, 4, 56.64
1746613678, 0, 188, 282, 277, 2, 5.27%, 0, 0, 4, 57.75
1746613683, 0, 188, 283, 278, 2, 5.27%, 0, 0, 4, 58.61
1746613688, 0, 188, 285, 280, 2, 5.27%, 0, 0, 4, 57.25
1746613699, 0, 188, 286, 281, 2, 5.27%, 0, 0, 4, 59.10
1746613704, 0, 188, 288, 283, 2, 5.27%, 0, 0, 4, 57.95
1746613709, 0, 188, 291, 286, 2, 5.27%, 0, 0, 4, 55.73
1746613796, 0, 188, 292, 287, 2, 5.27%, 0, 0, 4, 58.97
1746613801, 0, 188, 293, 288, 2, 5.27%, 0, 0, 4, 58.34
1746613847, 0, 188, 294, 289, 2, 5.27%, 0, 0, 4, 58.99
1746613918, 0, 188, 296, 291, 2, 5.27%, 0, 0, 4, 57.13
1746613939, 0, 188, 297, 292, 2, 5.27%, 0, 0, 4, 58.25
1746613954, 0, 188, 298, 293, 2, 5.27%, 0, 0, 4, 58.55
1746614036, 0, 218, 298, 292, 3, 5.27%, 0, 0, 4, 56.60
1746614587, 0, 263, 298, 291, 3, 5.27%, 0, 0, 4, 56.67
1746615727, 0, 263, 302, 295, 3, 5.49%, 0, 0, 5, 34.37
1746615732, 0, 263, 321, 314, 3, 5.51%, 0, 0, 5, 35.68
1746615738, 0, 263, 336, 329, 3, 5.53%, 0, 0, 5, 34.62
1746615743, 0, 263, 351, 344, 3, 5.53%, 0, 0, 5, 35.72
1746615748, 0, 263, 361, 354, 3, 5.53%, 0, 0, 5, 36.40
1746615753, 0, 263, 370, 363, 3, 5.53%, 0, 0, 5, 35.12
1746615758, 0, 263, 379, 372, 3, 5.54%, 0, 0, 5, 35.57
1746615763, 0, 263, 386, 379, 3, 5.54%, 0, 0, 5, 36.10
1746615768, 0, 263, 389, 382, 3, 5.54%, 0, 0, 5, 36.62
1746615773, 0, 263, 391, 384, 3, 5.54%, 0, 0, 5, 36.72
1746615779, 0, 263, 392, 385, 3, 5.54%, 0, 0, 5, 36.57
1746615784, 0, 263, 395, 388, 3, 5.54%, 0, 0, 5, 37.19
1746615789, 0, 263, 398, 391, 3, 5.54%, 0, 0, 5, 36.05
1746615794, 0, 263, 403, 396, 3, 5.54%, 0, 0, 5, 35.21
1746615799, 0, 263, 407, 400, 3, 5.54%, 0, 0, 5, 35.96
1746615804, 0, 263, 408, 401, 3, 5.54%, 0, 0, 5, 36.55
1746615815, 0, 263, 412, 405, 3, 5.54%, 0, 0, 5, 36.48
1746615820, 0, 263, 414, 407, 3, 5.54%, 0, 0, 5, 37.02
1746615825, 0, 263, 415, 408, 3, 5.54%, 0, 0, 5, 36.79
1746615830, 0, 263, 417, 410, 3, 5.54%, 0, 0, 5, 36.18
1746615835, 0, 263, 421, 414, 3, 5.58%, 0, 0, 5, 35.15
1746615845, 0, 263, 422, 415, 3, 5.58%, 0, 0, 5, 36.96
1746615850, 0, 263, 423, 416, 3, 5.58%, 0, 0, 5, 37.17
1746615861, 0, 263, 424, 417, 3, 5.58%, 0, 0, 5, 36.10
1746615876, 0, 263, 428, 421, 3, 5.58%, 0, 0, 5, 35.88
1746615881, 0, 263, 429, 422, 3, 5.58%, 0, 0, 5, 36.84
1746615887, 0, 263, 430, 423, 3, 5.58%, 0, 0, 5, 37.47
1746615892, 0, 263, 432, 425, 3, 5.58%, 0, 0, 5, 36.85
1746615902, 0, 263, 433, 426, 3, 5.58%, 0, 0, 5, 37.09
1746615907, 0, 263, 434, 427, 3, 5.58%, 0, 0, 5, 36.74
1746615912, 0, 263, 435, 428, 3, 5.58%, 0, 0, 5, 36.84
1746615928, 0, 263, 438, 431, 3, 5.58%, 0, 0, 5, 36.17
1746615933, 0, 263, 439, 432, 3, 5.58%, 0, 0, 5, 36.97
1746615948, 0, 263, 442, 435, 3, 5.58%, 0, 0, 5, 36.39
1746615953, 0, 263, 443, 436, 3, 5.59%, 0, 0, 5, 37.01
1746615958, 0, 263, 444, 437, 3, 5.59%, 0, 0, 5, 36.90
1746615964, 0, 263, 445, 438, 3, 5.59%, 0, 0, 5, 37.27
1746615974, 0, 263, 447, 440, 3, 5.59%, 0, 0, 5, 36.65
1746615989, 0, 263, 448, 441, 3, 5.59%, 0, 0, 5, 36.84
1746615994, 0, 263, 449, 442, 3, 5.59%, 0, 0, 5, 36.91
1746616000, 0, 263, 452, 445, 3, 6.21%, 0, 0, 5, 35.95
1746616020, 0, 263, 454, 447, 3, 6.21%, 0, 0, 5, 37.39
1746616025, 0, 263, 455, 448, 3, 6.21%, 0, 0, 5, 37.38
1746616030, 0, 263, 456, 449, 3, 6.21%, 0, 0, 5, 36.63
1746616035, 0, 263, 457, 450, 3, 6.21%, 0, 0, 5, 36.68
1746616041, 0, 263, 458, 451, 3, 6.21%, 0, 0, 5, 36.73
1746616056, 0, 263, 459, 452, 3, 6.21%, 0, 0, 5, 37.08
1746616061, 0, 263, 460, 453, 3, 6.21%, 0, 0, 5, 37.58
1746616082, 0, 263, 462, 455, 3, 6.23%, 0, 0, 5, 36.79
1746616097, 0, 263, 463, 456, 3, 6.23%, 0, 0, 5, 37.09
1746616107, 0, 263, 464, 457, 3, 6.23%, 0, 0, 5, 37.24
1746616138, 0, 263, 465, 458, 3, 6.23%, 0, 0, 5, 36.54
1746616154, 0, 263, 467, 460, 3, 6.23%, 0, 0, 5, 37.03
1746616169, 0, 263, 468, 461, 3, 6.23%, 0, 0, 5, 37.43
1746616210, 0, 263, 469, 462, 3, 6.23%, 0, 0, 5, 36.98
1746616257, 0, 263, 470, 463, 3, 6.23%, 0, 0, 5, 35.77
1746616282, 0, 263, 471, 464, 3, 6.23%, 0, 0, 5, 37.03
1746616298, 0, 263, 472, 465, 3, 6.23%, 0, 0, 5, 36.80
1746616303, 0, 263, 473, 466, 3, 6.23%, 0, 0, 5, 36.88
1746616308, 0, 263, 474, 467, 3, 6.23%, 0, 0, 5, 37.11
1746616329, 0, 263, 476, 469, 3, 6.23%, 0, 0, 5, 36.64
1746616334, 0, 263, 477, 470, 3, 6.23%, 0, 0, 5, 36.42
1746616370, 0, 263, 478, 471, 3, 6.23%, 0, 0, 5, 36.92
1746616380, 0, 263, 479, 472, 3, 6.23%, 0, 0, 5, 36.79
1746616385, 0, 263, 480, 473, 3, 6.23%, 0, 0, 5, 36.77
1746616396, 0, 263, 481, 474, 3, 6.23%, 0, 0, 5, 36.82
1746616406, 0, 263, 482, 475, 3, 6.23%, 0, 0, 5, 35.94
1746616411, 0, 263, 483, 476, 3, 6.23%, 0, 0, 5, 36.66
1746616437, 0, 277, 483, 475, 8, 6.23%, 0, 0, 5, 39.16
1746618091, 0, 405, 483, 474, 8, 6.23%, 0, 0, 5, 39.92
1746618544, 0, 405, 484, 475, 8, 6.23%, 0, 0, 6, 35.02
1746618585, 0, 405, 485, 476, 8, 6.23%, 0, 0, 6, 35.14
1746618611, 0, 405, 486, 477, 8, 6.23%, 0, 0, 6, 35.73
1746618621, 0, 405, 487, 478, 8, 6.23%, 0, 0, 6, 36.07
1746618652, 0, 405, 488, 479, 8, 6.23%, 0, 0, 6, 35.50
1746618662, 0, 405, 489, 480, 8, 6.23%, 0, 0, 6, 35.92
1746618718, 0, 405, 490, 481, 8, 6.23%, 0, 0, 6, 36.02
1746618928, 0, 405, 491, 482, 8, 6.23%, 0, 0, 6, 35.66
1746619062, 0, 405, 492, 483, 8, 6.24%, 0, 0, 6, 35.71
1746619113, 0, 405, 493, 484, 8, 6.25%, 0, 0, 6, 35.60
1746619129, 0, 405, 494, 485, 8, 6.25%, 0, 0, 6, 35.48
1746619139, 0, 405, 495, 486, 8, 6.25%, 0, 0, 6, 35.45
1746619205, 0, 443, 495, 485, 9, 6.25%, 0, 0, 6, 34.86
1746619639, 0, 443, 496, 486, 9, 6.26%, 0, 0, 6, 36.05
1746619649, 0, 443, 497, 487, 9, 6.26%, 0, 0, 6, 35.75
1746619659, 0, 443, 498, 488, 9, 6.26%, 0, 0, 6, 35.93
1746619710, 0, 443, 500, 490, 9, 6.26%, 0, 0, 6, 35.01
1746619721, 0, 443, 502, 492, 9, 6.26%, 0, 0, 6, 34.73
1746619736, 0, 443, 503, 493, 9, 6.26%, 0, 0, 6, 36.04
1746619751, 0, 443, 504, 494, 9, 6.26%, 0, 0, 6, 35.41
1746619797, 0, 443, 506, 496, 9, 6.26%, 0, 0, 6, 34.70
1746619802, 0, 443, 507, 497, 9, 6.26%, 0, 0, 6, 35.94
1746619818, 0, 443, 508, 498, 9, 6.26%, 0, 0, 6, 36.32
1746619843, 0, 443, 509, 499, 9, 6.27%, 0, 0, 6, 35.79
1746619889, 0, 443, 510, 500, 9, 6.27%, 0, 0, 6, 35.68
1746619920, 0, 443, 511, 501, 9, 6.27%, 0, 0, 6, 35.87
1746619925, 0, 443, 512, 502, 9, 6.27%, 0, 0, 6, 36.13
1746619977, 0, 443, 513, 503, 9, 6.27%, 0, 0, 6, 35.61
1746620105, 0, 443, 514, 504, 9, 6.27%, 0, 0, 6, 36.08
1746620120, 0, 443, 515, 505, 9, 6.27%, 0, 0, 6, 35.59
1746620177, 0, 443, 516, 506, 9, 6.27%, 0, 0, 6, 35.63
1746620223, 0, 443, 517, 507, 9, 6.27%, 0, 0, 6, 35.70
1746620320, 0, 451, 517, 506, 12, 6.27%, 0, 0, 6, 31.13
1746620457, 0, 451, 519, 508, 12, 6.27%, 0, 0, 6, 26.12
1746620462, 0, 451, 521, 510, 12, 6.27%, 0, 0, 6, 26.22
1746620472, 0, 451, 522, 511, 12, 6.27%, 0, 0, 6, 26.08
1746620477, 0, 451, 523, 512, 12, 6.27%, 0, 0, 6, 26.08
1746620498, 0, 451, 524, 513, 12, 6.27%, 0, 0, 6, 26.07
1746620867, 0, 451, 525, 514, 12, 6.27%, 0, 0, 6, 26.20
1746621496, 0, 451, 526, 515, 12, 6.27%, 0, 0, 6, 26.30
1746621658, 0, 451, 527, 516, 12, 6.27%, 0, 0, 6, 26.08
1746621683, 0, 451, 538, 527, 12, 6.27%, 0, 0, 6, 25.78
1746621688, 0, 451, 546, 535, 12, 6.27%, 0, 0, 6, 26.43
1746621693, 0, 451, 553, 542, 12, 6.27%, 0, 0, 6, 26.44
1746621698, 0, 451, 561, 550, 12, 6.27%, 0, 0, 6, 27.56
1746621703, 0, 451, 567, 556, 12, 6.31%, 0, 0, 6, 26.96
1746621709, 0, 451, 575, 564, 12, 6.31%, 0, 0, 6, 26.30
1746621714, 0, 451, 576, 565, 12, 6.31%, 0, 0, 6, 27.51
1746621719, 0, 451, 579, 568, 12, 6.31%, 0, 0, 6, 27.55
1746621724, 0, 451, 583, 572, 12, 6.31%, 0, 0, 6, 27.85
1746621729, 0, 451, 586, 575, 12, 6.31%, 0, 0, 6, 28.06
1746621734, 0, 451, 590, 579, 12, 6.31%, 0, 0, 6, 26.82
1746621739, 0, 451, 592, 581, 12, 6.31%, 0, 0, 6, 28.13
1746621744, 0, 451, 595, 584, 12, 6.31%, 0, 0, 6, 27.99
1746621750, 0, 451, 599, 588, 12, 6.31%, 0, 0, 6, 27.62
1746621755, 0, 451, 602, 591, 12, 6.31%, 0, 0, 6, 27.39
1746621760, 0, 451, 606, 595, 12, 6.31%, 0, 0, 6, 26.90
1746621765, 0, 451, 608, 597, 12, 6.31%, 0, 0, 6, 27.63
1746621770, 0, 451, 609, 598, 12, 6.31%, 0, 0, 6, 28.08
1746621775, 0, 451, 612, 601, 12, 6.31%, 0, 0, 6, 27.60
1746621790, 0, 451, 613, 602, 12, 6.31%, 0, 0, 6, 27.83
1746621795, 0, 451, 616, 605, 12, 6.31%, 0, 0, 6, 27.87
1746621801, 0, 451, 618, 607, 12, 6.31%, 0, 0, 6, 27.46
1746621811, 0, 451, 621, 610, 12, 6.31%, 0, 0, 6, 27.84
1746621816, 0, 451, 624, 613, 12, 6.31%, 0, 0, 6, 27.38
1746621821, 0, 451, 627, 616, 12, 6.31%, 0, 0, 6, 27.07
1746621826, 0, 451, 629, 618, 12, 6.32%, 0, 0, 6, 27.19
1746621841, 0, 451, 631, 620, 12, 6.32%, 0, 0, 6, 27.81
1746621846, 0, 451, 632, 621, 12, 6.32%, 0, 0, 6, 27.82
1746621872, 0, 451, 633, 622, 12, 6.32%, 0, 0, 6, 28.52
1746621882, 0, 451, 635, 624, 12, 6.32%, 0, 0, 6, 28.21
1746621892, 0, 451, 636, 625, 12, 6.32%, 0, 0, 6, 27.90
1746621903, 0, 451, 638, 627, 12, 6.32%, 0, 0, 6, 27.86
1746621923, 0, 451, 639, 628, 12, 6.32%, 0, 0, 6, 27.77
1746621929, 0, 451, 640, 629, 12, 6.32%, 0, 0, 6, 27.81
1746621944, 0, 451, 641, 630, 12, 6.32%, 0, 0, 6, 27.96
1746621955, 0, 451, 643, 632, 12, 6.32%, 0, 0, 6, 28.20
1746621970, 0, 451, 644, 633, 12, 6.32%, 0, 0, 6, 28.27
1746621975, 0, 451, 646, 635, 12, 6.32%, 0, 0, 6, 27.53
1746622026, 0, 451, 647, 636, 12, 6.32%, 0, 0, 6, 28.62
1746622031, 0, 451, 648, 637, 12, 6.32%, 0, 0, 6, 28.57
1746622072, 0, 451, 649, 638, 12, 6.32%, 0, 0, 6, 27.94
1746622102, 0, 451, 650, 639, 12, 6.32%, 0, 0, 6, 28.11
1746622107, 0, 451, 651, 640, 12, 6.32%, 0, 0, 6, 28.38
1746622123, 0, 451, 652, 641, 12, 6.32%, 0, 0, 6, 27.70
1746622133, 0, 451, 654, 643, 12, 6.32%, 0, 0, 6, 27.91
1746622138, 0, 451, 655, 644, 12, 6.32%, 0, 0, 6, 28.15
1746622163, 0, 451, 656, 645, 12, 6.32%, 0, 0, 6, 28.01
1746622205, 0, 451, 657, 646, 12, 6.32%, 0, 0, 6, 28.13
1746622210, 0, 451, 658, 647, 12, 6.32%, 0, 0, 6, 28.00
1746622241, 0, 451, 659, 648, 12, 6.32%, 0, 0, 6, 28.51
1746622246, 0, 451, 660, 649, 12, 6.32%, 0, 0, 6, 27.80
1746622256, 0, 451, 661, 650, 12, 6.32%, 0, 0, 6, 28.41
1746622281, 0, 451, 662, 651, 12, 6.32%, 0, 0, 6, 28.02
1746622373, 0, 451, 663, 652, 12, 6.32%, 0, 0, 6, 28.12
1746622598, 0, 461, 663, 651, 12, 6.32%, 0, 0, 6, 29.47
1746622726, 0, 461, 666, 654, 12, 6.32%, 0, 0, 6, 29.41
1746623424, 0, 461, 668, 656, 12, 6.32%, 0, 0, 6, 29.42
1746623480, 0, 461, 671, 659, 12, 6.32%, 0, 0, 6, 31.48
1746623511, 0, 461, 672, 660, 12, 6.32%, 0, 0, 6, 31.41
1746623516, 0, 461, 673, 661, 12, 6.32%, 0, 0, 6, 31.59
1746623552, 0, 461, 674, 662, 12, 6.32%, 0, 0, 6, 31.79
1746623578, 0, 461, 675, 663, 12, 6.32%, 0, 0, 6, 31.80
1746623588, 0, 461, 676, 664, 12, 6.32%, 0, 0, 6, 31.35
1746623608, 0, 461, 677, 665, 12, 6.32%, 0, 0, 6, 31.67
1746623613, 0, 461, 678, 666, 12, 6.32%, 0, 0, 6, 31.35
1746623844, 0, 461, 679, 667, 12, 6.32%, 0, 0, 6, 31.42
1746623895, 0, 461, 681, 669, 12, 6.32%, 0, 0, 6, 31.52
1746623916, 0, 461, 683, 671, 12, 6.32%, 0, 0, 6, 31.11
1746624058, 0, 461, 684, 672, 12, 6.32%, 0, 0, 6, 31.51
1746624135, 0, 461, 685, 673, 12, 6.32%, 0, 0, 6, 31.48
1746624196, 0, 461, 686, 674, 12, 6.32%, 0, 0, 6, 31.67
1746624206, 0, 461, 687, 675, 12, 6.32%, 0, 0, 6, 30.99
1746624273, 0, 461, 688, 676, 12, 6.33%, 0, 0, 6, 31.59
1746624324, 0, 461, 689, 677, 12, 6.33%, 0, 0, 6, 30.87
1746624369, 0, 461, 690, 678, 12, 6.33%, 0, 0, 6, 31.40
1746624517, 0, 479, 690, 677, 14, 6.33%, 0, 0, 6, 31.26
1746625371, 0, 492, 690, 676, 13, 6.33%, 0, 0, 6, 31.38
1746625515, 0, 492, 691, 677, 13, 6.33%, 0, 0, 7, 29.22
1746626296, 0, 492, 692, 678, 13, 6.33%, 0, 0, 7, 31.45
1746626321, 0, 492, 693, 679, 13, 6.33%, 0, 0, 7, 31.34
1746626449, 0, 492, 694, 680, 13, 6.33%, 0, 0, 7, 31.06
1746626464, 0, 492, 695, 681, 13, 6.33%, 0, 0, 7, 31.30
1746626495, 0, 492, 696, 682, 13, 6.33%, 0, 0, 7, 31.23
1746626602, 0, 492, 697, 683, 13, 6.33%, 0, 0, 7, 31.24
1746626812, 0, 492, 698, 684, 13, 6.33%, 0, 0, 7, 31.62
1746627130, 0, 492, 699, 685, 13, 6.33%, 0, 0, 7, 31.45
1746627176, 0, 492, 700, 686, 13, 6.33%, 0, 0, 7, 31.41
1746627319, 0, 492, 701, 687, 13, 6.33%, 0, 0, 7, 31.25
1746627334, 0, 506, 701, 686, 13, 6.33%, 0, 0, 7, 29.51
1746628546, 0, 506, 703, 688, 13, 6.33%, 0, 0, 7, 29.30
1746628752, 0, 508, 703, 687, 12, 6.33%, 0, 0, 7, 31.40
1746628863, 0, 508, 704, 688, 12, 6.33%, 0, 0, 7, 31.80
1746628868, 0, 508, 705, 689, 12, 6.33%, 0, 0, 7, 31.80
1746629375, 0, 508, 706, 690, 12, 6.33%, 0, 0, 7, 34.54
1746629442, 0, 513, 706, 689, 11, 6.33%, 0, 0, 7, 31.31
1746630546, 0, 516, 706, 688, 10, 6.33%, 0, 0, 7, 31.88
1746631132, 0, 516, 707, 689, 10, 6.33%, 0, 0, 7, 34.20
1746631193, 0, 516, 708, 690, 10, 6.33%, 0, 0, 7, 33.95
1746631336, 0, 564, 708, 689, 9, 6.33%, 0, 0, 7, 25.72
1746632038, 0, 564, 709, 690, 9, 6.33%, 0, 0, 7, 23.07
1746636032, 0, 564, 711, 692, 9, 6.33%, 0, 0, 7, 23.97
1746636037, 0, 564, 712, 693, 9, 6.33%, 0, 0, 7, 24.49
1746636042, 0, 564, 714, 695, 9, 6.34%, 0, 0, 7, 23.82
1746636047, 0, 564, 716, 697, 9, 6.34%, 0, 0, 7, 23.91
1746636052, 0, 564, 717, 698, 9, 6.34%, 0, 0, 7, 24.46
1746636057, 0, 564, 718, 699, 9, 6.34%, 0, 0, 7, 24.85
1746636062, 0, 564, 720, 701, 9, 6.37%, 0, 0, 7, 24.76
1746636067, 0, 564, 722, 703, 9, 6.38%, 0, 0, 7, 24.26
1746636078, 0, 564, 723, 704, 9, 6.38%, 0, 0, 7, 24.05
1746636083, 0, 564, 725, 706, 9, 6.38%, 0, 0, 7, 23.98
1746636103, 0, 564, 726, 707, 9, 6.38%, 0, 0, 7, 24.75
1746636113, 0, 564, 727, 708, 9, 6.38%, 0, 0, 7, 24.66
1746636129, 0, 564, 728, 709, 9, 6.38%, 0, 0, 7, 24.71
1746636134, 0, 564, 729, 710, 9, 6.38%, 0, 0, 7, 24.48
1746636144, 0, 564, 731, 712, 9, 6.38%, 0, 0, 7, 24.12
1746636149, 0, 564, 732, 713, 9, 6.38%, 0, 0, 7, 25.05
1746636160, 0, 564, 733, 714, 9, 6.38%, 0, 0, 7, 24.94
1746636170, 0, 564, 734, 715, 9, 6.38%, 0, 0, 7, 24.74
1746636190, 0, 564, 735, 716, 9, 6.38%, 0, 0, 7, 24.06
1746636195, 0, 564, 736, 717, 9, 6.38%, 0, 0, 7, 24.30
1746636251, 0, 564, 737, 718, 9, 6.38%, 0, 0, 7, 24.01
1746636262, 0, 564, 738, 719, 9, 6.39%, 0, 0, 7, 24.82
1746636298, 0, 564, 739, 720, 9, 6.39%, 0, 0, 7, 24.81
1746636303, 0, 564, 740, 721, 9, 6.39%, 0, 0, 7, 24.55
1746636308, 0, 564, 741, 722, 9, 6.39%, 0, 0, 7, 24.62
1746636354, 0, 564, 742, 723, 9, 6.39%, 0, 0, 7, 24.79
1746636374, 0, 564, 743, 724, 9, 6.39%, 0, 0, 7, 24.39
1746636399, 0, 564, 744, 725, 9, 6.39%, 0, 0, 7, 25.19
1746636455, 0, 564, 745, 726, 9, 6.39%, 0, 0, 7, 24.49
1746636461, 0, 564, 746, 727, 9, 6.39%, 0, 0, 7, 24.31
1746636476, 0, 564, 747, 728, 9, 6.39%, 0, 0, 7, 24.81
1746636491, 0, 564, 748, 729, 9, 6.39%, 0, 0, 7, 24.60
1746636496, 0, 564, 749, 730, 9, 6.39%, 0, 0, 7, 24.32
1746636501, 0, 564, 750, 731, 9, 6.39%, 0, 0, 7, 24.38
1746636526, 0, 564, 751, 732, 9, 6.39%, 0, 0, 7, 24.95
1746636588, 0, 564, 753, 734, 9, 6.39%, 0, 0, 7, 24.66
1746636680, 0, 564, 755, 736, 9, 6.39%, 0, 0, 7, 24.79
1746636736, 0, 564, 756, 737, 9, 6.39%, 0, 0, 7, 25.26
1746636787, 0, 564, 757, 738, 9, 6.39%, 0, 0, 7, 24.61
1746636797, 0, 564, 758, 739, 9, 6.39%, 0, 0, 7, 24.86
1746636812, 0, 564, 759, 740, 9, 6.39%, 0, 0, 7, 24.47
1746636823, 0, 564, 760, 741, 9, 6.39%, 0, 0, 7, 24.67
1746636838, 0, 564, 761, 742, 9, 6.39%, 0, 0, 7, 24.67
1746636863, 0, 564, 762, 743, 9, 6.39%, 0, 0, 7, 24.52
1746636868, 0, 564, 763, 744, 9, 6.39%, 0, 0, 7, 24.17
1746636899, 0, 564, 764, 745, 9, 6.39%, 0, 0, 7, 24.85
1746636904, 0, 564, 765, 746, 9, 6.39%, 0, 0, 7, 24.07
1746637032, 0, 564, 766, 747, 9, 6.52%, 0, 0, 7, 24.46
1746637037, 0, 622, 766, 746, 11, 6.52%, 0, 0, 7, 24.89
1746638916, 0, 679, 766, 745, 10, 6.52%, 0, 0, 7, 26.87
1746641601, 0, 679, 767, 746, 10, 6.52%, 0, 0, 7, 31.01
1746641637, 0, 679, 768, 747, 10, 6.52%, 0, 0, 7, 31.97
1746641754, 0, 679, 769, 748, 10, 6.52%, 0, 0, 7, 31.22
1746642117, 0, 686, 769, 747, 9, 6.52%, 0, 0, 7, 30.37
1746642244, 0, 686, 770, 748, 9, 6.52%, 0, 0, 7, 29.51
1746642255, 0, 686, 772, 750, 9, 6.52%, 0, 0, 7, 29.49
1746642993, 0, 686, 773, 751, 9, 6.52%, 0, 0, 7, 31.21
1746643106, 0, 690, 773, 750, 8, 6.52%, 0, 0, 7, 30.22
1746645978, 0, 694, 773, 749, 7, 6.52%, 0, 0, 7, 31.18
1746647982, 0, 715, 773, 748, 6, 6.52%, 0, 0, 7, 32.62
1746648176, 0, 715, 774, 749, 6, 6.52%, 0, 0, 8, 20.54
