# unix_time, cycles_done, cur_path, paths_total, pending_total, pending_favs, map_size, unique_crashes, unique_hangs, max_depth, execs_per_sec
1746785259, 0, 0, 1, 1, 1, 3.79%, 0, 0, 1, 68.38
1746785264, 0, 0, 25, 25, 1, 5.66%, 0, 0, 2, 70.62
1746785269, 0, 0, 44, 44, 1, 5.66%, 0, 0, 2, 72.04
1746785274, 0, 0, 58, 58, 1, 5.66%, 0, 0, 2, 72.58
1746785279, 0, 0, 70, 70, 1, 5.66%, 0, 0, 2, 73.43
1746785284, 0, 0, 82, 82, 1, 5.72%, 0, 0, 2, 72.28
1746785290, 0, 0, 94, 94, 1, 5.73%, 0, 0, 2, 71.60
1746785295, 0, 0, 103, 103, 1, 5.73%, 0, 0, 2, 73.54
1746785300, 0, 0, 116, 116, 1, 5.73%, 0, 0, 2, 70.77
1746785305, 0, 0, 125, 125, 1, 5.73%, 0, 0, 2, 72.99
1746785310, 0, 0, 132, 132, 1, 5.73%, 0, 0, 2, 74.45
1746785315, 0, 0, 134, 134, 1, 5.73%, 0, 0, 2, 78.66
1746785321, 0, 0, 141, 141, 1, 5.73%, 0, 0, 2, 75.46
1746785326, 0, 0, 150, 150, 1, 5.73%, 0, 0, 2, 70.39
1746785331, 0, 0, 158, 158, 1, 5.75%, 0, 0, 2, 72.22
1746785336, 0, 0, 162, 162, 1, 5.75%, 0, 0, 2, 75.44
1746785341, 0, 0, 165, 165, 1, 5.79%, 0, 0, 2, 74.25
1746785346, 0, 0, 171, 171, 1, 5.79%, 0, 0, 2, 65.77
1746785352, 0, 0, 174, 174, 1, 5.79%, 0, 0, 2, 66.96
1746785357, 0, 0, 177, 177, 1, 5.79%, 0, 0, 2, 64.47
1746785362, 0, 0, 181, 181, 1, 5.79%, 0, 0, 2, 65.27
1746785367, 0, 0, 184, 184, 1, 5.79%, 0, 0, 2, 67.76
1746785372, 0, 0, 188, 188, 1, 5.79%, 0, 0, 2, 65.65
1746785377, 0, 0, 189, 189, 1, 5.79%, 0, 0, 2, 68.59
1746785382, 0, 0, 194, 194, 1, 5.79%, 0, 0, 2, 63.71
1746785388, 0, 0, 197, 197, 1, 5.79%, 0, 0, 2, 66.94
1746785393, 0, 0, 199, 199, 1, 5.79%, 0, 0, 2, 68.42
1746785398, 0, 0, 201, 201, 1, 5.79%, 0, 0, 2, 68.52
1746785403, 0, 0, 203, 203, 1, 5.79%, 0, 0, 2, 67.70
1746785408, 0, 0, 208, 208, 1, 5.79%, 0, 0, 2, 64.07
1746785413, 0, 0, 210, 210, 1, 5.79%, 0, 0, 2, 66.67
1746785418, 0, 0, 214, 214, 1, 5.79%, 0, 0, 2, 64.58
1746785423, 0, 0, 220, 220, 1, 5.79%, 0, 0, 2, 64.20
1746785429, 0, 0, 221, 221, 1, 5.79%, 0, 0, 2, 67.40
1746785434, 0, 0, 224, 224, 1, 5.91%, 0, 0, 2, 66.81
1746785439, 0, 0, 225, 225, 1, 5.91%, 0, 0, 2, 67.71
1746785449, 0, 0, 227, 227, 1, 5.91%, 0, 0, 2, 67.96
1746785454, 0, 0, 231, 231, 1, 6.15%, 0, 0, 2, 63.84
1746785459, 0, 0, 232, 232, 1, 6.15%, 0, 0, 2, 67.61
1746785464, 0, 0, 235, 235, 1, 6.15%, 0, 0, 2, 65.15
1746785475, 0, 0, 236, 236, 1, 6.15%, 0, 0, 2, 69.30
1746785485, 0, 0, 238, 238, 1, 6.15%, 0, 0, 2, 67.12
1746785490, 0, 0, 243, 243, 1, 6.15%, 0, 0, 2, 62.02
1746785495, 0, 0, 247, 247, 1, 6.15%, 0, 0, 2, 64.12
1746785500, 0, 0, 250, 250, 1, 6.15%, 0, 0, 2, 64.57
1746785506, 0, 0, 252, 252, 1, 6.15%, 0, 0, 2, 65.45
1746785511, 0, 0, 253, 253, 1, 6.15%, 0, 0, 2, 68.14
1746785516, 0, 0, 255, 255, 1, 6.15%, 0, 0, 2, 67.30
1746785521, 0, 0, 256, 256, 1, 6.15%, 0, 0, 2, 67.25
1746785526, 0, 0, 258, 258, 1, 6.15%, 0, 0, 2, 65.66
1746785532, 0, 2, 258, 257, 10, 6.15%, 0, 0, 2, 68.13
1746785537, 0, 2, 260, 259, 10, 6.15%, 0, 0, 3, 68.18
1746785547, 0, 2, 261, 260, 10, 6.15%, 0, 0, 3, 68.70
1746785573, 0, 2, 262, 261, 10, 6.15%, 0, 0, 3, 67.77
1746785578, 0, 2, 263, 262, 10, 6.15%, 0, 0, 3, 67.58
1746785588, 0, 2, 265, 264, 10, 6.15%, 0, 0, 3, 68.36
1746785593, 0, 2, 266, 265, 10, 6.15%, 0, 0, 3, 67.31
1746785599, 0, 2, 267, 266, 10, 6.15%, 0, 0, 3, 68.58
1746785604, 0, 2, 268, 267, 10, 6.15%, 0, 0, 3, 68.62
1746785609, 0, 2, 269, 268, 10, 6.15%, 0, 0, 3, 67.39
1746785614, 0, 2, 270, 269, 10, 6.15%, 0, 0, 3, 67.74
1746785619, 0, 2, 271, 270, 10, 6.15%, 0, 0, 3, 69.29
1746785630, 0, 2, 272, 271, 10, 6.15%, 0, 0, 3, 67.55
1746785635, 0, 2, 273, 272, 10, 6.15%, 0, 0, 3, 67.72
1746785640, 0, 2, 276, 275, 10, 6.15%, 0, 0, 3, 65.47
1746785650, 0, 2, 278, 277, 10, 6.15%, 0, 0, 3, 68.60
1746785655, 0, 2, 279, 278, 10, 6.15%, 0, 0, 3, 68.41
1746785676, 0, 2, 280, 279, 10, 6.15%, 0, 0, 3, 68.74
1746785686, 0, 2, 282, 281, 10, 6.15%, 0, 0, 3, 67.07
1746785702, 0, 2, 284, 283, 10, 6.15%, 0, 0, 3, 66.83
1746785707, 0, 2, 286, 285, 10, 6.15%, 0, 0, 3, 66.81
1746785722, 0, 2, 287, 286, 10, 6.15%, 0, 0, 3, 66.78
1746785727, 0, 2, 288, 287, 10, 6.15%, 0, 0, 3, 66.95
1746785743, 0, 2, 289, 288, 10, 6.15%, 0, 0, 3, 67.15
1746785753, 0, 2, 290, 289, 10, 6.16%, 0, 0, 3, 67.15
1746785764, 0, 2, 293, 292, 10, 6.16%, 0, 0, 3, 63.77
1746785779, 0, 43, 294, 292, 9, 6.16%, 0, 0, 3, 60.51
1746785867, 0, 43, 296, 294, 9, 6.16%, 0, 0, 3, 58.97
1746785898, 0, 46, 296, 293, 8, 6.16%, 0, 0, 3, 59.76
1746786000, 0, 46, 301, 298, 8, 6.16%, 0, 0, 3, 55.99
1746786005, 0, 46, 305, 302, 8, 6.16%, 0, 0, 3, 55.64
1746786010, 0, 46, 307, 304, 8, 6.16%, 0, 0, 3, 58.46
1746786016, 0, 46, 309, 306, 8, 6.16%, 0, 0, 3, 59.25
1746786026, 0, 46, 312, 309, 8, 6.16%, 0, 0, 3, 57.99
1746786031, 0, 46, 313, 310, 8, 6.16%, 0, 0, 3, 59.75
1746786036, 0, 46, 314, 311, 8, 6.16%, 0, 0, 3, 60.28
1746786041, 0, 46, 315, 312, 8, 6.16%, 0, 0, 3, 59.18
1746786046, 0, 46, 316, 313, 8, 6.16%, 0, 0, 3, 60.35
1746786052, 0, 46, 317, 314, 8, 6.16%, 0, 0, 3, 57.61
1746786057, 0, 46, 318, 315, 8, 6.16%, 0, 0, 3, 59.04
1746786062, 0, 46, 320, 317, 8, 6.16%, 0, 0, 3, 56.80
1746786067, 0, 46, 322, 319, 8, 6.16%, 0, 0, 3, 58.34
1746786077, 0, 46, 323, 320, 8, 6.16%, 0, 0, 3, 57.92
1746786082, 0, 46, 324, 321, 8, 6.16%, 0, 0, 3, 59.02
1746786092, 0, 46, 326, 323, 8, 6.16%, 0, 0, 3, 57.18
1746786103, 0, 46, 327, 324, 8, 6.16%, 0, 0, 3, 58.49
1746786108, 0, 46, 328, 325, 8, 6.16%, 0, 0, 3, 59.49
1746786118, 0, 46, 329, 326, 8, 6.16%, 0, 0, 3, 57.76
1746786128, 0, 46, 332, 329, 8, 6.16%, 0, 0, 3, 59.50
1746786139, 0, 46, 333, 330, 8, 6.16%, 0, 0, 3, 60.94
1746786144, 0, 46, 335, 332, 8, 6.16%, 0, 0, 3, 58.17
1746786164, 0, 46, 336, 333, 8, 6.16%, 0, 0, 3, 59.68
1746786169, 0, 46, 337, 334, 8, 6.16%, 0, 0, 3, 58.54
1746786179, 0, 46, 338, 335, 8, 6.16%, 0, 0, 3, 59.57
1746786184, 0, 46, 340, 337, 8, 6.16%, 0, 0, 3, 58.84
1746786194, 0, 46, 341, 338, 8, 6.16%, 0, 0, 3, 60.08
1746786199, 0, 46, 343, 340, 8, 6.16%, 0, 0, 3, 57.65
1746786210, 0, 46, 344, 341, 8, 6.16%, 0, 0, 3, 60.22
1746786245, 0, 46, 345, 342, 8, 6.16%, 0, 0, 3, 60.50
1746786250, 0, 46, 346, 343, 8, 6.16%, 0, 0, 3, 61.40
1746786265, 0, 46, 348, 345, 8, 6.16%, 0, 0, 3, 58.11
1746786276, 0, 56, 348, 344, 8, 6.16%, 0, 0, 3, 52.60
1746786434, 0, 56, 349, 345, 8, 6.16%, 0, 0, 3, 51.02
1746786439, 0, 56, 353, 349, 8, 6.16%, 0, 0, 3, 48.30
1746786454, 0, 56, 355, 351, 8, 6.16%, 0, 0, 3, 54.01
1746786459, 0, 56, 356, 352, 8, 6.16%, 0, 0, 3, 52.94
1746786469, 0, 56, 358, 354, 8, 6.16%, 0, 0, 3, 51.30
1746786485, 0, 56, 359, 355, 8, 6.16%, 0, 0, 3, 54.23
1746786495, 0, 56, 361, 357, 8, 6.16%, 0, 0, 3, 53.15
1746786500, 0, 56, 362, 358, 8, 6.16%, 0, 0, 3, 54.92
1746786520, 0, 56, 363, 359, 8, 6.16%, 0, 0, 3, 54.01
1746786535, 0, 56, 364, 360, 8, 6.16%, 0, 0, 3, 54.95
1746786540, 0, 56, 365, 361, 8, 6.16%, 0, 0, 3, 52.51
1746786545, 0, 56, 366, 362, 8, 6.16%, 0, 0, 3, 52.22
1746786550, 0, 56, 368, 364, 8, 6.16%, 0, 0, 3, 51.44
1746786555, 0, 56, 369, 365, 8, 6.16%, 0, 0, 3, 52.92
1746786560, 0, 56, 370, 366, 8, 6.16%, 0, 0, 3, 53.53
1746786565, 0, 56, 372, 368, 8, 6.16%, 0, 0, 3, 52.31
1746786571, 0, 56, 373, 369, 8, 6.16%, 0, 0, 3, 52.39
1746786586, 0, 56, 374, 370, 8, 6.16%, 0, 0, 3, 55.99
1746786596, 0, 56, 375, 371, 8, 6.16%, 0, 0, 3, 54.88
1746786601, 0, 56, 377, 373, 8, 6.16%, 0, 0, 3, 51.44
1746786611, 0, 56, 378, 374, 8, 6.16%, 0, 0, 3, 53.95
1746786616, 0, 56, 379, 375, 8, 6.16%, 0, 0, 3, 53.64
1746786626, 0, 56, 380, 376, 8, 6.16%, 0, 0, 3, 54.34
1746786636, 0, 56, 381, 377, 8, 6.16%, 0, 0, 3, 53.24
1746786652, 0, 56, 383, 379, 8, 6.16%, 0, 0, 3, 52.80
1746786672, 0, 56, 384, 380, 8, 6.16%, 0, 0, 3, 52.27
1746786682, 0, 56, 385, 381, 8, 6.16%, 0, 0, 3, 54.10
1746786687, 0, 56, 387, 383, 8, 6.16%, 0, 0, 3, 52.52
1746786713, 0, 56, 388, 384, 8, 6.16%, 0, 0, 3, 54.26
1746786718, 0, 56, 389, 385, 8, 6.16%, 0, 0, 3, 54.57
1746786723, 0, 56, 390, 386, 8, 6.16%, 0, 0, 3, 54.41
1746786738, 0, 56, 391, 387, 8, 6.17%, 0, 0, 3, 52.70
1746786743, 0, 89, 391, 386, 13, 6.17%, 0, 0, 3, 51.81
1746786891, 0, 89, 392, 387, 13, 6.17%, 0, 0, 3, 54.70
1746786901, 0, 89, 393, 388, 13, 6.17%, 0, 0, 3, 56.62
1746786921, 0, 89, 394, 389, 13, 6.17%, 0, 0, 3, 56.48
1746786926, 0, 89, 396, 391, 13, 6.17%, 0, 0, 3, 57.31
1746786967, 0, 89, 397, 392, 13, 6.17%, 0, 0, 3, 55.59
1746786977, 0, 89, 398, 393, 13, 6.17%, 0, 0, 3, 57.32
1746786993, 0, 89, 399, 394, 13, 6.17%, 0, 0, 3, 56.46
1746787003, 0, 89, 400, 395, 13, 6.17%, 0, 0, 3, 56.25
1746787013, 0, 89, 401, 396, 13, 6.17%, 0, 0, 3, 57.11
1746787018, 0, 89, 402, 397, 13, 6.17%, 0, 0, 3, 56.56
1746787028, 0, 89, 403, 398, 13, 6.17%, 0, 0, 3, 55.36
1746787033, 0, 89, 404, 399, 13, 6.17%, 0, 0, 3, 57.31
1746787063, 0, 89, 405, 400, 13, 6.17%, 0, 0, 3, 56.07
1746787109, 0, 89, 406, 401, 13, 6.17%, 0, 0, 3, 56.83
1746787165, 0, 89, 407, 402, 13, 6.17%, 0, 0, 3, 56.18
1746787175, 0, 162, 407, 401, 13, 6.17%, 0, 0, 3, 46.20
1746787185, 0, 162, 408, 402, 13, 6.17%, 0, 0, 3, 26.97
1746787191, 0, 162, 409, 403, 13, 6.17%, 0, 0, 3, 25.92
1746787196, 0, 162, 412, 406, 13, 6.17%, 0, 0, 3, 25.67
1746787201, 0, 162, 416, 410, 13, 6.17%, 0, 0, 3, 25.68
1746787206, 0, 162, 418, 412, 13, 6.30%, 0, 0, 3, 25.58
1746787252, 0, 162, 419, 413, 13, 6.30%, 0, 0, 3, 25.67
1746787309, 0, 162, 420, 414, 13, 6.30%, 0, 0, 3, 25.71
1746787314, 0, 162, 422, 416, 13, 6.30%, 0, 0, 3, 25.64
1746787355, 0, 162, 423, 417, 13, 6.30%, 0, 0, 3, 25.83
1746787360, 0, 162, 426, 420, 13, 6.30%, 0, 0, 3, 25.77
1746787365, 0, 162, 427, 421, 13, 6.30%, 0, 0, 3, 25.69
1746787488, 0, 162, 428, 422, 13, 6.30%, 0, 0, 3, 25.51
1746788350, 0, 162, 430, 424, 13, 6.30%, 0, 0, 3, 25.92
1746788355, 0, 162, 440, 434, 13, 6.31%, 0, 0, 3, 26.35
1746788360, 0, 162, 449, 443, 13, 6.31%, 0, 0, 3, 26.50
1746788365, 0, 162, 458, 452, 13, 6.31%, 0, 0, 3, 26.92
1746788370, 0, 162, 464, 458, 13, 6.31%, 0, 0, 3, 27.51
1746788375, 0, 162, 471, 465, 13, 6.31%, 0, 0, 3, 27.42
1746788380, 0, 162, 476, 470, 13, 6.31%, 0, 0, 3, 27.97
1746788385, 0, 162, 483, 477, 13, 6.31%, 0, 0, 3, 27.72
1746788390, 0, 162, 488, 482, 13, 6.33%, 0, 0, 3, 27.44
1746788395, 0, 162, 496, 490, 13, 6.33%, 0, 0, 3, 26.16
1746788400, 0, 162, 502, 496, 13, 6.33%, 0, 0, 3, 26.52
1746788406, 0, 162, 508, 502, 13, 6.33%, 0, 0, 3, 27.59
1746788411, 0, 162, 514, 508, 13, 6.43%, 0, 0, 3, 26.15
1746788416, 0, 162, 516, 510, 13, 6.43%, 0, 0, 3, 29.27
1746788421, 0, 162, 520, 514, 13, 6.43%, 0, 0, 3, 28.85
1746788426, 0, 162, 524, 518, 13, 6.43%, 0, 0, 3, 28.51
1746788431, 0, 162, 531, 525, 13, 6.43%, 0, 0, 3, 26.30
1746788436, 0, 162, 533, 527, 13, 6.43%, 0, 0, 3, 28.61
1746788441, 0, 162, 536, 530, 13, 6.43%, 0, 0, 3, 27.42
1746788446, 0, 162, 537, 531, 13, 6.43%, 0, 0, 3, 29.42
1746788452, 0, 162, 542, 536, 13, 6.43%, 0, 0, 3, 27.17
1746788462, 0, 162, 546, 540, 13, 6.43%, 0, 0, 3, 27.60
1746788467, 0, 162, 548, 542, 13, 6.43%, 0, 0, 3, 28.01
1746788472, 0, 162, 551, 545, 13, 6.44%, 0, 0, 3, 28.38
1746788482, 0, 162, 554, 548, 13, 6.44%, 0, 0, 3, 28.77
1746788487, 0, 162, 557, 551, 13, 6.44%, 0, 0, 3, 28.17
1746788492, 0, 162, 560, 554, 13, 6.44%, 0, 0, 3, 26.89
1746788497, 0, 162, 561, 555, 13, 6.44%, 0, 0, 3, 28.43
1746788502, 0, 162, 565, 559, 13, 6.44%, 0, 0, 3, 26.94
1746788507, 0, 162, 568, 562, 13, 6.44%, 0, 0, 3, 27.97
1746788512, 0, 162, 570, 564, 13, 6.44%, 0, 0, 3, 30.49
1746788517, 0, 162, 573, 567, 13, 6.44%, 0, 0, 3, 28.06
1746788522, 0, 162, 576, 570, 13, 6.44%, 0, 0, 3, 29.09
1746788528, 0, 162, 579, 573, 13, 6.44%, 0, 0, 3, 28.62
1746788533, 0, 162, 582, 576, 13, 6.44%, 0, 0, 3, 27.55
1746788548, 0, 162, 585, 579, 13, 6.44%, 0, 0, 3, 28.07
1746788553, 0, 162, 586, 580, 13, 6.44%, 0, 0, 3, 29.14
1746788558, 0, 162, 588, 582, 13, 6.44%, 0, 0, 3, 27.72
1746788563, 0, 162, 589, 583, 13, 6.44%, 0, 0, 3, 29.77
1746788568, 0, 162, 590, 584, 13, 6.44%, 0, 0, 3, 29.98
1746788573, 0, 162, 592, 586, 13, 6.44%, 0, 0, 3, 28.36
1746788578, 0, 162, 596, 590, 13, 6.44%, 0, 0, 3, 28.67
1746788584, 0, 162, 597, 591, 13, 6.44%, 0, 0, 3, 29.90
1746788599, 0, 162, 598, 592, 13, 6.44%, 0, 0, 3, 29.78
1746788604, 0, 162, 599, 593, 13, 6.44%, 0, 0, 3, 29.88
1746788609, 0, 162, 601, 595, 13, 6.44%, 0, 0, 3, 28.63
1746788614, 0, 162, 602, 596, 13, 6.44%, 0, 0, 3, 28.89
1746788640, 0, 162, 604, 598, 13, 6.44%, 0, 0, 3, 28.09
1746788645, 0, 162, 605, 599, 13, 6.44%, 0, 0, 3, 28.87
1746788650, 0, 162, 607, 601, 13, 6.44%, 0, 0, 3, 28.08
1746788660, 0, 162, 608, 602, 13, 6.44%, 0, 0, 3, 29.57
1746788665, 0, 162, 609, 603, 13, 6.44%, 0, 0, 3, 29.19
1746788670, 0, 162, 611, 605, 13, 6.44%, 0, 0, 3, 29.30
1746788675, 0, 162, 612, 606, 13, 6.44%, 0, 0, 3, 28.60
1746788680, 0, 162, 613, 607, 13, 6.44%, 0, 0, 3, 29.14
1746788686, 0, 162, 614, 608, 13, 6.44%, 0, 0, 3, 29.10
1746788696, 0, 162, 615, 609, 13, 6.44%, 0, 0, 3, 29.30
1746788716, 0, 162, 616, 610, 13, 6.44%, 0, 0, 3, 29.13
1746788726, 0, 162, 619, 613, 13, 6.44%, 0, 0, 3, 28.53
1746788742, 0, 162, 620, 614, 13, 6.44%, 0, 0, 3, 30.20
1746788752, 0, 162, 622, 616, 13, 6.44%, 0, 0, 3, 28.02
1746788757, 0, 162, 624, 618, 13, 6.44%, 0, 0, 3, 28.96
1746788762, 0, 162, 625, 619, 13, 6.44%, 0, 0, 3, 29.46
1746788768, 0, 162, 626, 620, 13, 6.44%, 0, 0, 3, 28.72
1746788773, 0, 162, 627, 621, 13, 6.44%, 0, 0, 3, 28.67
1746788798, 0, 162, 629, 623, 13, 6.44%, 0, 0, 3, 30.02
1746788808, 0, 162, 630, 624, 13, 6.44%, 0, 0, 3, 29.13
1746788813, 0, 162, 631, 625, 13, 6.44%, 0, 0, 3, 28.08
1746788829, 0, 162, 633, 627, 13, 6.44%, 0, 0, 3, 30.10
1746788834, 0, 163, 633, 626, 12, 6.44%, 0, 0, 3, 33.11
1746789072, 0, 207, 633, 625, 11, 6.44%, 0, 0, 3, 47.48
1746789395, 0, 222, 633, 624, 11, 6.44%, 0, 0, 3, 45.14
1746789906, 0, 222, 634, 625, 11, 6.44%, 0, 0, 3, 30.09
1746790064, 0, 222, 637, 628, 11, 6.44%, 0, 0, 3, 33.38
1746790069, 0, 222, 638, 629, 11, 6.44%, 0, 0, 3, 34.12
1746790075, 0, 222, 640, 631, 11, 6.44%, 0, 0, 3, 33.63
1746790090, 0, 222, 643, 634, 11, 6.44%, 0, 0, 3, 31.87
1746790095, 0, 222, 645, 636, 11, 6.45%, 0, 0, 3, 32.40
1746790116, 0, 222, 646, 637, 11, 6.45%, 0, 0, 3, 35.21
1746790126, 0, 222, 648, 639, 11, 6.45%, 0, 0, 3, 33.01
1746790131, 0, 222, 649, 640, 11, 6.45%, 0, 0, 3, 34.19
1746790141, 0, 222, 650, 641, 11, 6.45%, 0, 0, 3, 33.93
1746790157, 0, 222, 651, 642, 11, 6.45%, 0, 0, 3, 35.18
1746790162, 0, 222, 652, 643, 11, 6.45%, 0, 0, 3, 34.73
1746790172, 0, 222, 653, 644, 11, 6.45%, 0, 0, 3, 36.80
1746790177, 0, 222, 656, 647, 11, 6.45%, 0, 0, 3, 33.54
1746790187, 0, 222, 657, 648, 11, 6.45%, 0, 0, 3, 33.42
1746790203, 0, 222, 658, 649, 11, 6.45%, 0, 0, 3, 34.31
1746790223, 0, 222, 659, 650, 11, 6.45%, 0, 0, 3, 34.02
1746790228, 0, 222, 661, 652, 11, 6.45%, 0, 0, 3, 32.51
1746790233, 0, 222, 662, 653, 11, 6.45%, 0, 0, 3, 34.79
1746790238, 0, 222, 663, 654, 11, 6.45%, 0, 0, 3, 34.42
1746790244, 0, 222, 664, 655, 11, 6.51%, 0, 0, 3, 33.79
1746790285, 0, 222, 667, 658, 11, 6.51%, 0, 0, 3, 32.16
1746790295, 0, 222, 668, 659, 11, 6.51%, 0, 0, 3, 34.57
1746790382, 0, 222, 669, 660, 11, 6.51%, 0, 0, 3, 35.95
1746790403, 0, 222, 670, 661, 11, 6.51%, 0, 0, 3, 34.95
1746790408, 0, 222, 671, 662, 11, 6.51%, 0, 0, 3, 34.36
1746790428, 0, 222, 672, 663, 11, 6.54%, 0, 0, 3, 34.32
1746790469, 0, 222, 673, 664, 11, 6.54%, 0, 0, 3, 35.45
1746790474, 0, 222, 674, 665, 11, 6.54%, 0, 0, 3, 33.43
1746790505, 0, 222, 676, 667, 11, 6.54%, 0, 0, 3, 35.26
1746790541, 0, 241, 676, 666, 13, 6.54%, 0, 0, 3, 32.14
1746791549, 0, 289, 676, 665, 13, 6.54%, 0, 0, 3, 32.76
1746792149, 0, 295, 676, 664, 12, 6.54%, 0, 0, 3, 41.39
1746792421, 0, 332, 676, 663, 11, 6.54%, 0, 0, 3, 42.91
1746792745, 0, 358, 676, 662, 11, 6.54%, 0, 0, 3, 45.32
1746793435, 0, 365, 676, 661, 11, 6.54%, 0, 0, 3, 28.97
1746794709, 0, 365, 677, 662, 11, 6.54%, 0, 0, 4, 28.73
1746794719, 0, 365, 678, 663, 11, 6.54%, 0, 0, 4, 29.60
1746794739, 0, 365, 679, 664, 11, 6.54%, 0, 0, 4, 28.40
1746794749, 0, 365, 680, 665, 11, 6.54%, 0, 0, 4, 27.83
1746794780, 0, 365, 681, 666, 11, 6.54%, 0, 0, 4, 28.61
1746794785, 0, 365, 682, 667, 11, 6.54%, 0, 0, 4, 29.13
1746794790, 0, 365, 683, 668, 11, 6.54%, 0, 0, 4, 29.25
1746794800, 0, 365, 684, 669, 11, 6.54%, 0, 0, 4, 28.71
1746794805, 0, 365, 685, 670, 11, 6.54%, 0, 0, 4, 28.35
1746794841, 0, 365, 686, 671, 11, 6.54%, 0, 0, 4, 29.82
1746794851, 0, 365, 687, 672, 11, 6.54%, 0, 0, 4, 27.98
1746794867, 0, 365, 688, 673, 11, 6.54%, 0, 0, 4, 28.64
1746794887, 0, 365, 689, 674, 11, 6.54%, 0, 0, 4, 28.78
1746794898, 0, 365, 690, 675, 11, 6.54%, 0, 0, 4, 29.45
1746794949, 0, 365, 691, 676, 11, 6.54%, 0, 0, 4, 29.54
1746794984, 0, 365, 692, 677, 11, 6.54%, 0, 0, 4, 28.74
1746795050, 0, 365, 693, 678, 11, 6.54%, 0, 0, 4, 29.37
1746795260, 0, 422, 693, 677, 11, 6.54%, 0, 0, 4, 28.87
1746796178, 0, 510, 693, 676, 10, 6.54%, 0, 0, 4, 29.95
1746796400, 0, 510, 694, 677, 10, 6.54%, 0, 0, 4, 23.88
1746797680, 0, 510, 695, 678, 10, 6.54%, 0, 0, 4, 27.53
1746797711, 0, 592, 695, 677, 10, 6.54%, 0, 0, 4, 24.61
1746799720, 0, 592, 696, 678, 10, 6.54%, 0, 0, 4, 23.02
1746799725, 0, 592, 697, 679, 10, 6.54%, 0, 0, 4, 23.95
1746799735, 0, 592, 698, 680, 10, 6.54%, 0, 0, 4, 23.87
1746799746, 0, 592, 699, 681, 10, 6.54%, 0, 0, 4, 23.50
1746799751, 0, 592, 700, 682, 10, 6.54%, 0, 0, 4, 23.11
1746799761, 0, 592, 701, 683, 10, 6.54%, 0, 0, 4, 23.65
1746799766, 0, 592, 703, 685, 10, 6.54%, 0, 0, 4, 23.12
1746799771, 0, 592, 704, 686, 10, 6.54%, 0, 0, 4, 23.81
1746799786, 0, 592, 705, 687, 10, 6.54%, 0, 0, 4, 24.49
1746799791, 0, 592, 707, 689, 10, 6.54%, 0, 0, 4, 23.11
1746799812, 0, 592, 708, 690, 10, 6.54%, 0, 0, 4, 23.54
1746799848, 0, 592, 709, 691, 10, 6.54%, 0, 0, 4, 23.36
1746799914, 0, 592, 710, 692, 10, 6.74%, 0, 0, 4, 23.26
1746799934, 0, 592, 711, 693, 10, 6.74%, 0, 0, 4, 23.14
1746799939, 0, 592, 713, 695, 10, 6.74%, 0, 0, 4, 23.35
1746799995, 0, 592, 714, 696, 10, 6.74%, 0, 0, 4, 24.18
1746800011, 0, 592, 715, 697, 10, 6.74%, 0, 0, 4, 23.96
1746800021, 0, 592, 716, 698, 10, 6.74%, 0, 0, 4, 23.11
1746800072, 0, 592, 717, 699, 10, 6.74%, 0, 0, 4, 24.09
1746800153, 0, 592, 718, 700, 10, 6.74%, 0, 0, 4, 24.28
1746800174, 0, 592, 719, 701, 10, 6.74%, 0, 0, 4, 23.76
1746800189, 0, 592, 720, 702, 10, 6.74%, 0, 0, 4, 23.25
1746800199, 0, 592, 721, 703, 10, 6.74%, 0, 0, 4, 23.90
1746800209, 0, 592, 722, 704, 10, 6.76%, 0, 0, 4, 23.68
1746800235, 0, 627, 722, 703, 10, 6.76%, 0, 0, 4, 24.24
1746802132, 0, 627, 723, 704, 10, 6.76%, 0, 0, 4, 23.96
1746802137, 0, 627, 724, 705, 10, 6.76%, 0, 0, 4, 23.96
1746802142, 0, 627, 726, 707, 10, 6.76%, 0, 0, 4, 22.61
1746802152, 0, 627, 727, 708, 10, 6.76%, 0, 0, 4, 23.77
1746802157, 0, 627, 728, 709, 10, 6.76%, 0, 0, 4, 22.99
1746802162, 0, 627, 730, 711, 10, 6.76%, 0, 0, 4, 23.10
1746802167, 0, 627, 731, 712, 10, 6.76%, 0, 0, 4, 23.77
1746802239, 0, 627, 733, 714, 10, 6.76%, 0, 0, 4, 22.95
1746802275, 0, 627, 734, 715, 10, 6.76%, 0, 0, 4, 23.79
1746802285, 0, 627, 735, 716, 10, 6.76%, 0, 0, 4, 24.77
1746802336, 0, 627, 736, 717, 10, 6.76%, 0, 0, 4, 24.87
1746802341, 0, 627, 737, 718, 10, 6.76%, 0, 0, 4, 25.72
1746802356, 0, 627, 738, 719, 10, 6.76%, 0, 0, 4, 24.62
1746802397, 0, 627, 739, 720, 10, 6.76%, 0, 0, 4, 24.42
1746802535, 0, 627, 741, 722, 10, 6.76%, 0, 0, 4, 23.14
1746802575, 0, 627, 742, 723, 10, 6.76%, 0, 0, 4, 24.21
1746802627, 0, 633, 742, 722, 10, 6.76%, 0, 0, 4, 27.44
1746803394, 0, 643, 742, 721, 9, 6.76%, 0, 0, 4, 25.38
1746803409, 0, 643, 743, 722, 9, 6.76%, 0, 0, 4, 20.01
1746803761, 0, 643, 744, 723, 9, 6.76%, 0, 0, 4, 19.82
1746804732, 0, 643, 745, 724, 9, 6.76%, 0, 0, 4, 20.08
1746805126, 0, 643, 746, 725, 9, 6.76%, 0, 0, 4, 24.37
1746805146, 0, 643, 747, 726, 9, 6.76%, 0, 0, 4, 25.62
1746805151, 0, 643, 748, 727, 9, 6.76%, 0, 0, 4, 24.54
1746805156, 0, 643, 749, 728, 9, 6.76%, 0, 0, 4, 24.43
1746805182, 0, 643, 750, 729, 9, 6.76%, 0, 0, 4, 23.82
1746805187, 0, 643, 751, 730, 9, 6.76%, 0, 0, 4, 24.27
1746805192, 0, 643, 753, 732, 9, 6.76%, 0, 0, 4, 23.05
1746805202, 0, 643, 754, 733, 9, 6.76%, 0, 0, 4, 24.29
1746805218, 0, 643, 755, 734, 9, 6.76%, 0, 0, 4, 23.81
1746805228, 0, 643, 757, 736, 9, 6.76%, 0, 0, 4, 22.89
1746805253, 0, 643, 758, 737, 9, 6.76%, 0, 0, 4, 24.40
1746805274, 0, 643, 759, 738, 9, 6.77%, 0, 0, 4, 23.22
1746805279, 0, 643, 761, 740, 9, 6.77%, 0, 0, 4, 22.11
1746805299, 0, 643, 762, 741, 9, 6.77%, 0, 0, 4, 23.69
1746805340, 0, 643, 763, 742, 9, 6.77%, 0, 0, 4, 24.45
1746805345, 0, 643, 764, 743, 9, 6.77%, 0, 0, 4, 23.81
1746805381, 0, 643, 765, 744, 9, 6.77%, 0, 0, 4, 23.87
1746805386, 0, 643, 766, 745, 9, 6.77%, 0, 0, 4, 24.64
1746805406, 0, 643, 767, 746, 9, 6.77%, 0, 0, 4, 24.96
1746805417, 0, 643, 768, 747, 9, 6.77%, 0, 0, 4, 25.02
1746805447, 0, 643, 769, 748, 9, 6.77%, 0, 0, 4, 24.69
1746805452, 0, 643, 770, 749, 9, 6.77%, 0, 0, 4, 25.13
1746805468, 0, 643, 771, 750, 9, 6.77%, 0, 0, 4, 24.54
1746805493, 0, 643, 772, 751, 9, 6.77%, 0, 0, 4, 23.53
1746805519, 0, 643, 773, 752, 9, 6.77%, 0, 0, 4, 24.70
1746805539, 0, 643, 774, 753, 9, 6.77%, 0, 0, 4, 24.99
1746805600, 0, 643, 775, 754, 9, 6.77%, 0, 0, 4, 24.70
1746805626, 0, 653, 775, 753, 9, 6.77%, 0, 0, 4, 26.63
1746806465, 0, 667, 775, 752, 8, 6.77%, 0, 0, 4, 30.04
1746807959, 0, 674, 775, 751, 7, 6.77%, 0, 0, 4, 25.90
1746807969, 0, 674, 776, 752, 7, 6.77%, 0, 0, 4, 24.77
1746809188, 0, 675, 776, 751, 6, 6.77%, 0, 0, 4, 28.03
1746810074, 0, 709, 776, 750, 5, 6.77%, 0, 0, 4, 27.32
1746810095, 0, 709, 777, 751, 5, 6.77%, 0, 0, 5, 16.30
1746810100, 0, 709, 779, 753, 5, 6.77%, 0, 0, 5, 16.66
1746810110, 0, 709, 781, 755, 5, 6.77%, 0, 0, 5, 16.99
1746810135, 0, 709, 782, 756, 5, 6.77%, 0, 0, 5, 16.52
1746810146, 0, 709, 783, 757, 5, 6.77%, 0, 0, 5, 16.11
1746810156, 0, 709, 784, 758, 5, 6.78%, 0, 0, 5, 16.15
1746810166, 0, 709, 785, 759, 5, 6.78%, 0, 0, 5, 15.91
1746810325, 0, 709, 786, 760, 5, 6.78%, 0, 0, 5, 16.37
1746810443, 0, 709, 788, 762, 5, 6.78%, 0, 0, 5, 17.78
1746810448, 0, 709, 789, 763, 5, 6.78%, 0, 0, 5, 16.39
1746810469, 0, 709, 790, 764, 5, 6.78%, 0, 0, 5, 16.46
1746810546, 0, 709, 791, 765, 5, 6.78%, 0, 0, 5, 17.60
1746810567, 0, 709, 792, 766, 5, 6.78%, 0, 0, 5, 17.03
1746810572, 0, 709, 793, 767, 5, 6.78%, 0, 0, 5, 16.40
1746812700, 0, 709, 794, 768, 5, 6.78%, 0, 0, 5, 18.81
1746812900, 0, 709, 795, 769, 5, 6.78%, 0, 0, 5, 18.29
1746813224, 0, 709, 796, 770, 5, 6.78%, 0, 0, 5, 16.25
1746813271, 0, 709, 799, 773, 5, 6.78%, 0, 0, 5, 18.36
1746813276, 0, 709, 801, 775, 5, 6.78%, 0, 0, 5, 18.95
1746813281, 0, 709, 802, 776, 5, 6.78%, 0, 0, 5, 19.26
1746813286, 0, 709, 805, 779, 5, 6.78%, 0, 0, 5, 19.07
1746813297, 0, 709, 807, 781, 5, 6.78%, 0, 0, 5, 19.80
1746813302, 0, 709, 810, 784, 5, 6.78%, 0, 0, 5, 18.05
1746813307, 0, 709, 811, 785, 5, 6.78%, 0, 0, 5, 19.69
1746813312, 0, 709, 813, 787, 5, 6.78%, 0, 0, 5, 18.24
1746813317, 0, 709, 815, 789, 5, 6.78%, 0, 0, 5, 19.36
1746813322, 0, 709, 816, 790, 5, 6.78%, 0, 0, 5, 19.57
1746813327, 0, 709, 818, 792, 5, 6.79%, 0, 0, 5, 19.84
1746813348, 0, 709, 820, 794, 5, 6.79%, 0, 0, 5, 19.48
1746813353, 0, 709, 821, 795, 5, 6.79%, 0, 0, 5, 19.47
1746813358, 0, 709, 823, 797, 5, 6.79%, 0, 0, 5, 19.05
1746813368, 0, 709, 824, 798, 5, 6.79%, 0, 0, 5, 20.23
1746813373, 0, 709, 826, 800, 5, 6.79%, 0, 0, 5, 19.85
1746813378, 0, 709, 827, 801, 5, 6.79%, 0, 0, 5, 19.98
1746813383, 0, 709, 828, 802, 5, 6.79%, 0, 0, 5, 18.68
1746813394, 0, 709, 829, 803, 5, 6.79%, 0, 0, 5, 19.58
1746813399, 0, 709, 830, 804, 5, 6.79%, 0, 0, 5, 19.12
1746813404, 0, 709, 831, 805, 5, 6.79%, 0, 0, 5, 19.09
1746813409, 0, 709, 832, 806, 5, 6.79%, 0, 0, 5, 19.53
1746813414, 0, 709, 833, 807, 5, 6.79%, 0, 0, 5, 19.58
1746813424, 0, 709, 834, 808, 5, 6.79%, 0, 0, 5, 19.12
1746813445, 0, 709, 835, 809, 5, 6.79%, 0, 0, 5, 18.41
1746813450, 0, 709, 836, 810, 5, 6.79%, 0, 0, 5, 19.00
1746813465, 0, 709, 837, 811, 5, 6.79%, 0, 0, 5, 19.80
1746813501, 0, 709, 838, 812, 5, 6.79%, 0, 0, 5, 20.06
1746813512, 0, 709, 839, 813, 5, 6.79%, 0, 0, 5, 19.89
1746813522, 0, 709, 841, 815, 5, 6.79%, 0, 0, 5, 18.47
1746813532, 0, 709, 844, 818, 5, 6.79%, 0, 0, 5, 18.07
1746813542, 0, 709, 845, 819, 5, 6.79%, 0, 0, 5, 19.61
1746813588, 0, 709, 846, 820, 5, 6.79%, 0, 0, 5, 19.08
1746813619, 0, 709, 847, 821, 5, 6.79%, 0, 0, 5, 19.46
1746813624, 0, 709, 848, 822, 5, 6.79%, 0, 0, 5, 18.93
1746813650, 0, 709, 849, 823, 5, 6.79%, 0, 0, 5, 19.08
1746813655, 0, 709, 850, 824, 5, 6.79%, 0, 0, 5, 19.09
1746813686, 0, 709, 851, 825, 5, 6.79%, 0, 0, 5, 18.13
1746813757, 0, 709, 852, 826, 5, 6.79%, 0, 0, 5, 19.31
1746813783, 0, 709, 853, 827, 5, 6.79%, 0, 0, 5, 18.65
1746813788, 0, 709, 854, 828, 5, 6.79%, 0, 0, 5, 19.42
1746813921, 0, 747, 854, 827, 11, 6.79%, 0, 0, 5, 18.38
1746816507, 0, 747, 855, 828, 11, 6.79%, 0, 0, 5, 20.32
1746816563, 0, 747, 856, 829, 11, 6.79%, 0, 0, 5, 20.85
1746816645, 0, 747, 857, 830, 11, 6.79%, 0, 0, 5, 21.11
1746816676, 0, 747, 858, 831, 11, 6.79%, 0, 0, 5, 22.04
1746816752, 0, 747, 859, 832, 11, 6.79%, 0, 0, 5, 20.52
1746816798, 0, 747, 860, 833, 11, 6.79%, 0, 0, 5, 20.43
1746816813, 0, 747, 861, 834, 11, 6.79%, 0, 0, 5, 21.24
1746816952, 0, 747, 862, 835, 11, 6.79%, 0, 0, 5, 19.68
1746817085, 0, 748, 862, 834, 11, 6.79%, 0, 0, 5, 19.14
1746819591, 0, 759, 862, 833, 11, 6.79%, 0, 0, 5, 18.22
1746819632, 0, 759, 863, 834, 11, 6.79%, 0, 0, 5, 11.66
1746819652, 0, 759, 864, 835, 11, 6.80%, 0, 0, 5, 11.81
1746819704, 0, 759, 865, 836, 11, 6.80%, 0, 0, 5, 11.45
1746819746, 0, 759, 866, 837, 11, 6.80%, 0, 0, 5, 11.72
1746820187, 0, 759, 868, 839, 11, 6.80%, 0, 0, 5, 13.74
1746820445, 0, 759, 869, 840, 11, 6.80%, 0, 0, 5, 12.33
1746820826, 0, 759, 870, 841, 11, 6.80%, 0, 0, 5, 11.66
1746822549, 0, 759, 871, 842, 11, 6.80%, 0, 0, 5, 11.62
1746823861, 0, 759, 872, 843, 11, 6.80%, 0, 0, 5, 12.59
1746825120, 0, 759, 873, 844, 11, 6.80%, 0, 0, 5, 11.74
1746825125, 0, 759, 874, 845, 11, 6.80%, 0, 0, 5, 13.81
1746825135, 0, 759, 876, 847, 11, 6.90%, 0, 0, 5, 15.06
1746825141, 0, 759, 877, 848, 11, 6.90%, 0, 0, 5, 15.44
1746825146, 0, 759, 879, 850, 11, 6.90%, 0, 0, 5, 13.92
1746825151, 0, 759, 880, 851, 11, 6.90%, 0, 0, 5, 16.02
1746825156, 0, 759, 881, 852, 11, 6.90%, 0, 0, 5, 16.52
1746825161, 0, 759, 882, 853, 11, 6.90%, 0, 0, 5, 15.38
1746825166, 0, 759, 884, 855, 11, 6.90%, 0, 0, 5, 15.14
1746825171, 0, 759, 885, 856, 11, 6.90%, 0, 0, 5, 15.15
1746825176, 0, 759, 887, 858, 11, 6.90%, 0, 0, 5, 14.79
1746825187, 0, 759, 889, 860, 11, 6.90%, 0, 0, 5, 15.91
1746825192, 0, 759, 890, 861, 11, 6.90%, 0, 0, 5, 16.58
1746825197, 0, 759, 891, 862, 11, 6.90%, 0, 0, 5, 15.65
1746825202, 0, 759, 893, 864, 11, 6.90%, 0, 0, 5, 16.09
1746825228, 0, 759, 894, 865, 11, 6.90%, 0, 0, 5, 15.91
1746825233, 0, 759, 895, 866, 11, 6.90%, 0, 0, 5, 15.67
1746825243, 0, 759, 897, 868, 11, 6.90%, 0, 0, 5, 16.13
1746825253, 0, 759, 898, 869, 11, 6.91%, 0, 0, 5, 16.21
1746825258, 0, 759, 899, 870, 11, 6.91%, 0, 0, 5, 15.74
1746825264, 0, 759, 900, 871, 11, 6.91%, 0, 0, 5, 15.19
1746825279, 0, 759, 901, 872, 11, 6.91%, 0, 0, 5, 15.21
1746825284, 0, 759, 902, 873, 11, 6.91%, 0, 0, 5, 14.88
1746825289, 0, 759, 903, 874, 11, 6.91%, 0, 0, 5, 16.64
1746825304, 0, 759, 904, 875, 11, 6.91%, 0, 0, 5, 16.20
1746825319, 0, 759, 905, 876, 11, 6.91%, 0, 0, 5, 16.29
1746825355, 0, 759, 906, 877, 11, 6.91%, 0, 0, 5, 16.19
1746825376, 0, 759, 908, 879, 11, 6.91%, 0, 0, 5, 15.34
1746825381, 0, 759, 910, 881, 11, 6.91%, 0, 0, 5, 14.45
1746825412, 0, 759, 911, 882, 11, 6.91%, 0, 0, 5, 16.91
1746825432, 0, 759, 912, 883, 11, 6.91%, 0, 0, 5, 16.41
1746825442, 0, 759, 913, 884, 11, 6.91%, 0, 0, 5, 16.57
1746825463, 0, 759, 914, 885, 11, 6.91%, 0, 0, 5, 16.28
1746825478, 0, 759, 915, 886, 11, 6.91%, 0, 0, 5, 16.01
1746825494, 0, 759, 916, 887, 11, 6.91%, 0, 0, 5, 16.30
1746825530, 0, 759, 918, 889, 11, 6.95%, 0, 0, 5, 15.10
1746825540, 0, 759, 919, 890, 11, 6.95%, 0, 0, 5, 15.97
1746825560, 0, 759, 920, 891, 11, 6.95%, 0, 0, 5, 15.07
1746825576, 0, 759, 921, 892, 11, 6.95%, 0, 0, 5, 16.72
1746825622, 0, 759, 922, 893, 11, 7.06%, 0, 0, 5, 16.22
1746825652, 0, 759, 923, 894, 11, 7.06%, 0, 0, 5, 15.51
1746825693, 0, 759, 924, 895, 11, 7.08%, 0, 0, 5, 16.53
1746825709, 0, 759, 925, 896, 11, 7.08%, 0, 0, 5, 16.18
1746825714, 0, 759, 926, 897, 11, 7.08%, 0, 0, 5, 16.69
1746825817, 0, 759, 927, 898, 11, 7.09%, 0, 0, 5, 16.55
1746825893, 0, 759, 928, 899, 11, 7.09%, 0, 0, 5, 15.49
1746825899, 0, 759, 929, 900, 11, 7.10%, 0, 0, 5, 14.67
1746825914, 0, 759, 930, 901, 11, 7.10%, 0, 0, 5, 16.16
1746825991, 0, 759, 931, 902, 11, 7.10%, 0, 0, 5, 16.79
1746826052, 0, 759, 932, 903, 11, 7.10%, 0, 0, 5, 15.86
1746826057, 0, 759, 933, 904, 11, 7.10%, 0, 0, 5, 15.39
1746826144, 0, 759, 934, 905, 11, 7.10%, 0, 0, 5, 16.08
1746826149, 0, 759, 935, 906, 11, 7.10%, 0, 0, 5, 15.99
1746826159, 0, 768, 935, 905, 16, 7.10%, 0, 0, 5, 19.46
1746826231, 0, 768, 936, 906, 16, 7.10%, 0, 0, 5, 17.93
1746828303, 0, 768, 937, 907, 16, 7.10%, 0, 0, 5, 22.84
1746828385, 0, 781, 937, 906, 15, 7.10%, 0, 0, 5, 18.80
