# unix_time, cycles_done, cur_path, paths_total, pending_total, pending_favs, map_size, unique_crashes, unique_hangs, max_depth, execs_per_sec
1746611933, 0, 0, 1, 1, 1, 5.00%, 0, 0, 1, 45.98
1746611938, 0, 0, 48, 48, 1, 5.69%, 0, 0, 2, 75.98
1746611943, 0, 0, 92, 92, 1, 6.44%, 0, 0, 2, 72.25
1746611948, 0, 0, 110, 110, 1, 7.36%, 0, 0, 2, 42.76
1746611953, 0, 0, 130, 130, 1, 7.38%, 0, 0, 2, 40.09
1746611958, 0, 0, 152, 152, 1, 7.59%, 0, 0, 2, 39.22
1746611963, 0, 0, 176, 176, 1, 7.81%, 0, 0, 2, 44.79
1746611969, 0, 0, 198, 198, 1, 7.81%, 0, 0, 2, 46.97
1746611974, 0, 0, 214, 214, 1, 7.82%, 0, 0, 2, 36.83
1746611979, 0, 0, 231, 231, 1, 7.83%, 0, 0, 2, 6.77
1746611984, 0, 0, 246, 246, 1, 7.83%, 0, 0, 2, 14.89
1746611989, 0, 0, 256, 256, 1, 7.83%, 0, 0, 2, 19.39
1746611994, 0, 0, 268, 268, 1, 7.97%, 0, 0, 2, 24.66
1746611999, 0, 0, 281, 281, 1, 7.97%, 0, 0, 2, 28.95
1746612004, 0, 0, 293, 293, 1, 7.97%, 0, 0, 2, 26.68
1746612009, 0, 0, 304, 304, 1, 7.97%, 0, 0, 2, 27.74
1746612014, 0, 0, 318, 318, 1, 7.98%, 0, 0, 2, 32.28
1746612020, 0, 0, 333, 333, 1, 7.98%, 0, 0, 2, 29.29
1746612025, 0, 0, 352, 352, 1, 7.98%, 0, 0, 2, 34.80
1746612030, 0, 0, 360, 360, 1, 8.02%, 0, 0, 2, 25.93
1746612035, 0, 0, 374, 374, 1, 8.02%, 0, 0, 2, 35.77
1746612040, 0, 0, 384, 384, 1, 8.02%, 0, 0, 2, 29.27
1746612045, 0, 0, 396, 396, 1, 8.02%, 0, 0, 2, 29.45
1746612050, 0, 0, 405, 405, 1, 8.02%, 0, 0, 2, 25.68
1746612055, 0, 0, 417, 417, 1, 8.02%, 0, 0, 2, 27.74
1746612060, 0, 0, 427, 427, 1, 8.02%, 0, 0, 2, 33.15
1746612066, 0, 0, 439, 439, 1, 8.02%, 0, 0, 2, 33.98
1746612071, 0, 0, 449, 449, 1, 8.02%, 0, 0, 2, 29.61
1746612076, 0, 0, 459, 459, 1, 8.02%, 0, 0, 2, 24.75
1746612081, 0, 0, 467, 467, 1, 8.02%, 0, 0, 2, 23.72
1746612086, 0, 0, 472, 472, 1, 8.02%, 0, 0, 2, 23.79
1746612092, 0, 0, 480, 480, 1, 8.02%, 0, 0, 2, 35.67
1746612097, 0, 0, 488, 488, 1, 8.02%, 0, 0, 2, 34.69
1746612102, 0, 0, 495, 495, 1, 8.02%, 0, 0, 2, 25.95
1746612107, 0, 0, 500, 500, 1, 8.02%, 0, 0, 2, 24.53
1746612112, 0, 0, 506, 506, 1, 8.02%, 0, 0, 2, 27.34
1746612117, 0, 0, 511, 511, 1, 8.02%, 0, 0, 2, 24.26
1746612122, 0, 0, 520, 520, 1, 8.02%, 0, 0, 2, 22.30
1746612127, 0, 0, 525, 525, 1, 8.02%, 0, 0, 2, 28.74
1746612133, 0, 0, 531, 531, 1, 8.02%, 0, 0, 2, 44.20
1746612138, 0, 0, 537, 537, 1, 8.02%, 0, 0, 2, 34.51
1746612143, 0, 0, 544, 544, 1, 8.02%, 0, 0, 2, 37.50
1746612148, 0, 0, 552, 552, 1, 8.02%, 0, 0, 2, 34.52
1746612153, 0, 0, 561, 561, 1, 8.02%, 0, 0, 2, 33.65
1746612158, 0, 0, 565, 565, 1, 8.02%, 0, 0, 2, 29.33
1746612163, 0, 0, 571, 571, 1, 8.02%, 0, 0, 2, 32.31
1746612168, 0, 0, 575, 575, 1, 8.02%, 0, 0, 2, 27.30
1746612173, 0, 0, 580, 580, 1, 8.02%, 0, 0, 2, 22.23
1746612179, 0, 0, 585, 585, 1, 8.02%, 0, 0, 2, 23.89
1746612184, 0, 0, 588, 588, 1, 8.02%, 0, 0, 2, 28.92
1746612189, 0, 0, 592, 592, 1, 8.02%, 0, 0, 2, 29.40
1746612194, 0, 0, 597, 597, 1, 8.02%, 0, 0, 2, 26.15
1746612199, 0, 0, 601, 601, 1, 8.02%, 0, 0, 2, 35.36
1746612204, 0, 0, 605, 605, 1, 8.02%, 0, 0, 2, 26.70
1746612209, 0, 0, 611, 611, 1, 8.02%, 0, 0, 2, 28.77
1746612214, 0, 0, 615, 615, 1, 8.02%, 0, 0, 2, 25.51
1746612219, 0, 0, 620, 620, 1, 8.02%, 0, 0, 2, 36.89
1746612225, 0, 0, 625, 625, 1, 8.02%, 0, 0, 2, 37.73
1746612230, 0, 0, 628, 628, 1, 8.02%, 0, 0, 2, 31.40
1746612235, 0, 0, 632, 632, 1, 8.02%, 0, 0, 2, 35.33
1746612240, 0, 0, 637, 637, 1, 8.02%, 0, 0, 2, 34.05
1746612245, 0, 0, 638, 638, 1, 8.02%, 0, 0, 2, 35.55
1746612250, 0, 0, 642, 642, 1, 8.02%, 0, 0, 2, 28.29
1746612255, 0, 0, 645, 645, 1, 8.02%, 0, 0, 2, 32.64
1746612260, 0, 0, 647, 647, 1, 8.02%, 0, 0, 2, 34.77
1746612266, 0, 0, 651, 651, 1, 8.02%, 0, 0, 2, 28.64
1746612271, 0, 0, 654, 654, 1, 8.02%, 0, 0, 2, 29.98
1746612276, 0, 0, 656, 656, 1, 8.02%, 0, 0, 2, 33.29
1746612281, 0, 0, 659, 659, 1, 8.02%, 0, 0, 2, 39.83
1746612286, 0, 0, 664, 664, 1, 8.02%, 0, 0, 2, 36.49
1746612297, 0, 0, 665, 665, 1, 8.02%, 0, 0, 2, 46.46
1746612302, 0, 0, 668, 668, 1, 8.02%, 0, 0, 2, 42.10
1746612307, 0, 10, 669, 668, 18, 8.02%, 0, 0, 3, 51.61
1746612312, 0, 10, 672, 671, 18, 8.02%, 0, 0, 3, 21.71
1746612317, 0, 10, 673, 672, 18, 8.02%, 0, 0, 3, 42.94
1746612322, 0, 10, 677, 676, 18, 8.02%, 0, 0, 3, 33.92
1746612327, 0, 10, 680, 679, 18, 8.04%, 0, 0, 3, 41.65
1746612332, 0, 10, 681, 680, 18, 8.04%, 0, 0, 3, 42.63
1746612338, 0, 10, 685, 684, 18, 8.04%, 0, 0, 3, 40.05
1746612343, 0, 10, 687, 686, 18, 8.04%, 0, 0, 3, 36.16
1746612348, 0, 10, 689, 688, 18, 8.04%, 0, 0, 3, 46.23
1746612353, 0, 10, 693, 692, 18, 8.04%, 0, 0, 3, 34.11
1746612358, 0, 10, 694, 693, 18, 8.04%, 0, 0, 3, 42.07
1746612363, 0, 10, 697, 696, 18, 8.04%, 0, 0, 3, 31.51
1746612368, 0, 10, 700, 699, 18, 8.04%, 0, 0, 3, 32.73
1746612373, 0, 10, 702, 701, 18, 8.04%, 0, 0, 3, 39.22
1746612384, 0, 10, 704, 703, 18, 8.04%, 0, 0, 3, 46.61
1746612389, 0, 10, 706, 705, 18, 8.05%, 0, 0, 3, 38.32
1746612394, 0, 10, 708, 707, 18, 8.05%, 0, 0, 3, 39.37
1746612399, 0, 10, 709, 708, 18, 8.05%, 0, 0, 3, 9.50
1746612404, 0, 10, 710, 709, 18, 8.05%, 0, 0, 3, 44.24
1746612409, 0, 95, 710, 708, 16, 8.05%, 0, 0, 3, 48.44
1746612414, 0, 95, 712, 710, 16, 8.05%, 0, 0, 3, 38.23
1746612419, 0, 95, 714, 712, 16, 8.05%, 0, 0, 3, 36.05
1746612430, 0, 95, 715, 713, 16, 8.05%, 0, 0, 3, 40.12
1746612435, 0, 95, 716, 714, 16, 8.05%, 0, 0, 3, 42.31
1746612440, 0, 95, 718, 716, 16, 8.05%, 0, 0, 3, 39.17
1746612445, 0, 95, 720, 718, 16, 8.05%, 0, 0, 3, 35.07
1746612450, 0, 95, 721, 719, 16, 8.05%, 0, 0, 3, 36.30
1746612465, 0, 95, 722, 720, 16, 8.05%, 0, 0, 3, 40.57
1746612471, 0, 95, 724, 722, 16, 8.05%, 0, 0, 3, 14.68
1746612476, 0, 95, 726, 724, 16, 8.05%, 0, 0, 3, 30.73
1746612481, 0, 95, 727, 725, 16, 8.05%, 0, 0, 3, 37.70
1746612486, 0, 95, 729, 727, 16, 8.06%, 0, 0, 3, 38.28
1746612501, 0, 95, 731, 729, 16, 8.06%, 0, 0, 3, 43.58
1746612517, 0, 95, 732, 730, 16, 8.06%, 0, 0, 3, 37.33
1746612522, 0, 95, 733, 731, 16, 8.06%, 0, 0, 3, 36.91
1746612527, 0, 95, 734, 732, 16, 8.06%, 0, 0, 3, 38.79
1746612537, 0, 95, 736, 734, 16, 8.06%, 0, 0, 3, 37.79
1746612542, 0, 215, 736, 733, 17, 8.06%, 0, 0, 3, 42.79
1746612552, 0, 215, 737, 734, 17, 8.06%, 0, 0, 3, 39.16
1746612557, 0, 215, 739, 736, 17, 8.06%, 0, 0, 3, 37.04
1746612578, 0, 215, 742, 739, 17, 8.06%, 0, 0, 3, 35.24
1746612583, 0, 215, 744, 741, 17, 8.06%, 0, 0, 3, 32.68
1746612588, 0, 215, 747, 744, 17, 8.06%, 0, 0, 3, 32.98
1746612593, 0, 215, 748, 745, 17, 8.06%, 0, 0, 3, 30.58
1746612598, 0, 215, 749, 746, 17, 8.06%, 0, 0, 3, 35.42
1746612603, 0, 215, 751, 748, 17, 8.06%, 0, 0, 3, 32.43
1746612608, 0, 215, 752, 749, 17, 8.06%, 0, 0, 3, 29.69
1746612624, 0, 215, 753, 750, 17, 8.06%, 0, 0, 3, 34.72
1746612629, 0, 215, 757, 754, 17, 8.06%, 0, 0, 3, 29.92
1746612634, 0, 215, 759, 756, 17, 8.06%, 0, 0, 3, 29.44
1746612639, 0, 215, 760, 757, 17, 8.06%, 0, 0, 3, 33.43
1746612644, 0, 215, 761, 758, 17, 8.06%, 0, 0, 3, 33.99
1746612649, 0, 215, 762, 759, 17, 8.07%, 0, 0, 3, 33.49
1746612655, 0, 215, 763, 760, 17, 8.07%, 0, 0, 3, 31.73
1746612660, 0, 215, 764, 761, 17, 8.07%, 0, 0, 3, 33.08
1746612670, 0, 215, 765, 762, 17, 8.07%, 0, 0, 3, 50.23
1746612685, 0, 215, 767, 764, 17, 8.07%, 0, 0, 3, 35.26
1746612690, 0, 215, 768, 765, 17, 8.07%, 0, 0, 3, 34.00
1746612695, 0, 215, 769, 766, 17, 8.07%, 0, 0, 3, 34.46
1746612701, 0, 215, 771, 768, 17, 8.07%, 0, 0, 3, 27.97
1746612706, 0, 215, 772, 769, 17, 8.07%, 0, 0, 3, 37.08
1746612721, 0, 215, 773, 770, 17, 8.07%, 0, 0, 3, 31.39
1746612726, 0, 215, 775, 772, 17, 8.07%, 0, 0, 3, 30.02
1746612731, 0, 215, 776, 773, 17, 8.07%, 0, 0, 3, 30.77
1746612736, 0, 215, 778, 775, 17, 8.07%, 0, 0, 3, 32.21
1746612742, 0, 265, 778, 774, 16, 8.07%, 0, 0, 3, 46.43
1746612752, 0, 265, 779, 775, 16, 8.07%, 0, 0, 3, 44.08
1746612757, 0, 265, 782, 778, 16, 8.07%, 0, 0, 3, 36.66
1746612762, 0, 265, 783, 779, 16, 8.07%, 0, 0, 3, 45.22
1746612772, 0, 265, 784, 780, 16, 8.07%, 0, 0, 3, 49.76
1746612777, 0, 265, 785, 781, 16, 8.07%, 0, 0, 3, 42.05
1746612783, 0, 265, 786, 782, 16, 8.07%, 0, 0, 3, 41.03
1746612798, 0, 265, 788, 784, 16, 8.07%, 0, 0, 3, 42.19
1746612803, 0, 265, 789, 785, 16, 8.07%, 0, 0, 3, 41.64
1746612813, 0, 265, 790, 786, 16, 8.07%, 0, 0, 3, 50.09
1746612823, 0, 265, 792, 788, 16, 8.07%, 0, 0, 3, 48.16
1746612828, 0, 265, 793, 789, 16, 8.07%, 0, 0, 3, 43.31
1746612833, 0, 265, 794, 790, 16, 8.07%, 0, 0, 3, 46.07
1746612849, 0, 265, 795, 791, 16, 8.07%, 0, 0, 3, 41.14
1746612854, 0, 265, 796, 792, 16, 8.07%, 0, 0, 3, 44.80
1746612859, 0, 310, 796, 791, 18, 8.07%, 0, 0, 3, 48.17
1746612879, 0, 361, 796, 790, 17, 8.07%, 0, 0, 3, 35.15
1746612895, 0, 373, 796, 789, 16, 8.07%, 0, 0, 3, 23.48
1746612900, 0, 373, 797, 790, 16, 8.07%, 0, 0, 3, 18.86
1746612910, 0, 373, 798, 791, 16, 8.07%, 0, 0, 3, 18.95
1746612956, 0, 373, 799, 792, 16, 8.07%, 0, 0, 3, 17.49
1746612961, 0, 373, 801, 794, 16, 8.07%, 0, 0, 3, 18.74
1746612982, 0, 442, 801, 793, 15, 8.07%, 0, 0, 3, 23.18
1746613012, 0, 449, 801, 792, 15, 8.07%, 0, 0, 3, 27.01
1746613084, 0, 449, 802, 793, 15, 8.07%, 0, 0, 3, 27.49
1746613089, 0, 498, 802, 792, 14, 8.07%, 0, 0, 3, 23.14
1746613094, 0, 498, 803, 793, 14, 8.07%, 0, 0, 3, 13.37
1746613100, 0, 498, 804, 794, 14, 8.08%, 0, 0, 3, 10.20
1746613156, 0, 498, 807, 797, 14, 8.09%, 0, 0, 3, 9.85
1746613161, 0, 498, 809, 799, 14, 8.09%, 0, 0, 3, 9.45
1746613237, 0, 498, 810, 800, 14, 8.09%, 0, 0, 3, 10.52
1746613268, 0, 498, 811, 801, 14, 8.09%, 0, 0, 3, 10.39
1746613278, 0, 498, 812, 802, 14, 8.09%, 0, 0, 3, 9.13
1746613283, 0, 498, 813, 803, 14, 8.09%, 0, 0, 3, 11.38
1746613288, 0, 498, 814, 804, 14, 8.09%, 0, 0, 3, 16.45
1746613294, 0, 498, 815, 805, 14, 8.09%, 0, 0, 3, 19.02
1746613304, 0, 556, 815, 804, 17, 8.09%, 0, 0, 3, 24.94
1746613319, 0, 556, 816, 805, 17, 8.09%, 0, 0, 3, 27.35
1746613355, 0, 607, 816, 804, 16, 8.09%, 0, 0, 3, 30.30
1746613370, 0, 622, 818, 805, 16, 8.09%, 0, 0, 3, 29.99
1746613376, 0, 622, 819, 806, 16, 8.09%, 0, 0, 3, 22.17
1746613381, 0, 622, 822, 809, 16, 8.09%, 0, 0, 3, 20.49
1746613386, 0, 622, 823, 810, 16, 8.09%, 0, 0, 3, 20.04
1746613396, 0, 622, 824, 811, 16, 8.09%, 0, 0, 3, 19.53
1746613406, 0, 622, 825, 812, 16, 8.09%, 0, 0, 3, 21.64
1746613426, 0, 622, 827, 814, 16, 8.09%, 0, 0, 3, 20.12
1746613457, 0, 622, 828, 815, 16, 8.09%, 0, 0, 3, 19.07
1746613467, 0, 622, 830, 817, 16, 8.09%, 0, 0, 3, 19.14
1746613508, 0, 629, 830, 816, 14, 8.09%, 0, 0, 3, 25.22
1746613539, 0, 629, 831, 817, 14, 8.09%, 0, 0, 3, 24.34
1746613559, 0, 629, 832, 818, 14, 8.09%, 0, 0, 3, 29.58
1746613569, 0, 679, 836, 821, 14, 8.09%, 0, 0, 4, 24.43
1746613574, 0, 679, 837, 822, 14, 8.09%, 0, 0, 4, 20.52
1746613579, 0, 679, 838, 823, 14, 8.09%, 0, 0, 4, 19.59
1746613585, 0, 679, 839, 824, 14, 8.09%, 0, 0, 4, 19.50
1746613590, 0, 679, 842, 827, 14, 8.26%, 0, 0, 4, 17.94
1746613595, 0, 679, 843, 828, 14, 8.26%, 0, 0, 4, 18.48
1746613600, 0, 679, 844, 829, 14, 8.26%, 0, 0, 4, 17.55
1746613605, 0, 679, 847, 832, 14, 8.26%, 0, 0, 4, 17.61
1746613615, 0, 679, 848, 833, 14, 8.26%, 0, 0, 4, 23.73
1746613620, 0, 679, 850, 835, 14, 8.26%, 0, 0, 4, 24.12
1746613641, 0, 679, 851, 836, 14, 8.26%, 0, 0, 4, 20.74
1746613656, 0, 679, 853, 838, 14, 8.26%, 0, 0, 4, 20.03
1746613671, 0, 679, 854, 839, 14, 8.26%, 0, 0, 4, 18.06
1746613677, 0, 679, 856, 841, 14, 8.26%, 0, 0, 4, 17.87
1746613702, 0, 679, 858, 843, 14, 8.29%, 0, 0, 4, 16.97
1746613733, 0, 679, 859, 844, 14, 8.29%, 0, 0, 4, 19.21
1746613753, 0, 679, 860, 845, 14, 8.29%, 0, 0, 4, 18.20
1746613800, 0, 679, 861, 846, 14, 8.29%, 0, 0, 4, 16.12
1746613815, 0, 679, 862, 847, 14, 8.29%, 0, 0, 4, 21.48
1746613821, 0, 679, 864, 849, 14, 8.29%, 0, 0, 4, 24.25
1746613826, 0, 679, 867, 852, 14, 8.29%, 0, 0, 4, 25.51
1746613836, 0, 679, 868, 853, 14, 8.29%, 0, 0, 4, 24.94
1746613856, 0, 679, 869, 854, 14, 8.29%, 0, 0, 4, 27.29
1746613861, 0, 679, 871, 856, 14, 8.29%, 0, 0, 4, 25.73
1746613872, 0, 679, 872, 857, 14, 8.29%, 0, 0, 4, 40.50
1746613877, 0, 679, 875, 860, 14, 8.29%, 0, 0, 4, 22.94
1746613887, 0, 679, 876, 861, 14, 8.29%, 0, 0, 4, 27.76
1746613903, 0, 679, 878, 863, 14, 8.29%, 0, 0, 4, 26.57
1746613923, 0, 679, 879, 864, 14, 8.29%, 0, 0, 4, 26.34
1746613938, 0, 679, 881, 866, 14, 8.29%, 0, 0, 4, 24.55
1746613943, 0, 679, 882, 867, 14, 8.29%, 0, 0, 4, 26.17
1746613954, 0, 679, 883, 868, 14, 8.29%, 0, 0, 4, 27.43
1746613964, 0, 679, 884, 869, 14, 8.29%, 0, 0, 4, 24.98
1746613974, 0, 679, 886, 871, 14, 8.29%, 0, 0, 4, 22.02
1746614000, 0, 679, 887, 872, 14, 8.29%, 0, 0, 4, 26.12
1746614020, 0, 679, 888, 873, 14, 8.29%, 0, 0, 4, 25.54
1746614030, 0, 679, 889, 874, 14, 8.29%, 0, 0, 4, 26.48
1746614035, 0, 679, 891, 876, 14, 8.29%, 0, 0, 4, 22.03
1746614041, 0, 679, 892, 877, 14, 8.29%, 0, 0, 4, 25.35
1746614046, 0, 679, 893, 878, 14, 8.29%, 0, 0, 4, 25.88
1746614051, 0, 679, 894, 879, 14, 8.29%, 0, 0, 4, 25.78
1746614056, 0, 679, 896, 881, 14, 8.29%, 0, 0, 4, 25.61
1746614061, 0, 679, 897, 882, 14, 8.29%, 0, 0, 4, 22.46
1746614066, 0, 679, 898, 883, 14, 8.29%, 0, 0, 4, 24.57
1746614082, 0, 679, 899, 884, 14, 8.29%, 0, 0, 4, 25.58
1746614087, 0, 716, 899, 883, 17, 8.29%, 0, 0, 4, 44.31
1746614097, 0, 718, 899, 882, 16, 8.29%, 0, 0, 4, 35.26
1746614184, 0, 718, 900, 883, 16, 8.37%, 0, 0, 4, 23.57
1746614189, 0, 759, 903, 885, 17, 8.37%, 0, 0, 4, 31.67
1746614230, 0, 761, 903, 884, 17, 8.37%, 0, 0, 4, 28.97
1746614312, 0, 764, 904, 884, 16, 8.37%, 0, 0, 4, 18.22
1746614317, 0, 764, 906, 886, 16, 8.37%, 0, 0, 4, 10.82
1746614323, 0, 764, 907, 887, 16, 8.37%, 0, 0, 4, 7.97
1746614328, 0, 764, 908, 888, 16, 8.37%, 0, 0, 4, 6.88
1746614338, 0, 764, 909, 889, 16, 8.37%, 0, 0, 4, 6.20
1746614359, 0, 764, 910, 890, 16, 8.37%, 0, 0, 4, 6.61
1746614370, 0, 764, 911, 891, 16, 8.37%, 0, 0, 4, 6.70
1746614375, 0, 764, 912, 892, 16, 8.37%, 0, 0, 4, 7.85
1746614380, 0, 764, 913, 893, 16, 8.37%, 0, 0, 4, 7.31
1746614385, 0, 764, 914, 894, 16, 8.37%, 0, 0, 4, 7.00
1746614391, 0, 764, 915, 895, 16, 8.37%, 0, 0, 4, 6.69
1746614396, 0, 764, 916, 896, 16, 8.37%, 0, 0, 4, 6.22
1746614401, 0, 764, 917, 897, 16, 8.37%, 0, 0, 4, 6.48
1746614421, 0, 764, 918, 898, 16, 8.37%, 0, 0, 4, 8.09
1746614473, 0, 764, 919, 899, 16, 8.37%, 0, 0, 4, 6.80
1746614539, 0, 764, 920, 900, 16, 8.37%, 0, 0, 4, 5.87
1746614729, 0, 764, 921, 901, 16, 8.37%, 0, 0, 4, 7.83
1746614734, 0, 764, 922, 902, 16, 8.37%, 0, 0, 4, 7.20
1746614739, 0, 764, 923, 903, 16, 8.37%, 0, 0, 4, 6.63
1746614893, 0, 764, 924, 904, 16, 8.37%, 0, 0, 4, 7.27
1746614909, 0, 797, 924, 903, 17, 8.37%, 0, 0, 4, 16.37
1746614991, 0, 803, 924, 902, 16, 8.37%, 0, 0, 4, 24.07
1746615001, 0, 803, 925, 903, 16, 8.37%, 0, 0, 4, 9.09
1746615011, 0, 803, 926, 904, 16, 8.37%, 0, 0, 4, 8.57
1746615021, 0, 803, 927, 905, 16, 8.37%, 0, 0, 4, 8.95
1746615083, 0, 803, 928, 906, 16, 8.37%, 0, 0, 4, 7.92
1746615088, 0, 803, 930, 908, 16, 8.37%, 0, 0, 4, 7.48
1746615201, 0, 803, 931, 909, 16, 8.37%, 0, 0, 4, 12.85
1746615206, 0, 803, 932, 910, 16, 8.37%, 0, 0, 4, 19.33
1746615217, 0, 803, 933, 911, 16, 8.37%, 0, 0, 4, 18.53
1746615242, 0, 807, 933, 910, 17, 8.37%, 0, 0, 4, 14.41
1746615283, 0, 807, 934, 911, 17, 8.37%, 0, 0, 4, 11.92
1746615298, 0, 807, 935, 912, 17, 8.37%, 0, 0, 4, 10.77
1746615426, 0, 807, 936, 913, 17, 8.37%, 0, 0, 4, 9.63
1746615436, 0, 808, 936, 912, 16, 8.37%, 0, 0, 4, 14.51
1746615621, 0, 808, 937, 913, 16, 8.37%, 0, 0, 4, 9.63
1746615631, 0, 816, 938, 913, 16, 8.37%, 0, 0, 4, 19.32
1746615647, 0, 816, 939, 914, 16, 8.37%, 0, 0, 4, 18.57
1746615662, 0, 816, 941, 916, 16, 8.37%, 0, 0, 4, 21.87
1746615672, 0, 816, 942, 917, 16, 8.37%, 0, 0, 4, 20.16
1746615688, 0, 816, 943, 918, 16, 8.37%, 0, 0, 4, 18.53
1746615708, 0, 816, 944, 919, 16, 8.37%, 0, 0, 4, 20.55
1746615713, 0, 816, 945, 920, 16, 8.37%, 0, 0, 4, 19.75
1746615764, 0, 816, 946, 921, 16, 8.37%, 0, 0, 4, 26.04
1746615769, 0, 824, 946, 920, 15, 8.37%, 0, 0, 4, 26.42
1746615774, 0, 824, 947, 921, 15, 8.37%, 0, 0, 4, 21.74
1746615784, 0, 824, 948, 922, 15, 8.37%, 0, 0, 4, 21.17
1746615850, 0, 824, 949, 923, 15, 8.37%, 0, 0, 4, 20.62
1746615876, 0, 824, 950, 924, 15, 8.37%, 0, 0, 4, 20.40
1746615896, 0, 838, 951, 924, 15, 8.37%, 0, 0, 5, 25.24
1746615917, 0, 838, 952, 925, 15, 8.37%, 0, 0, 5, 21.08
1746615983, 0, 838, 953, 926, 15, 8.37%, 0, 0, 5, 18.00
1746615988, 0, 838, 955, 928, 15, 8.37%, 0, 0, 5, 18.54
1746616019, 0, 838, 956, 929, 15, 8.37%, 0, 0, 5, 21.52
1746616059, 0, 838, 957, 930, 15, 8.37%, 0, 0, 5, 21.70
1746616100, 0, 838, 958, 931, 15, 8.37%, 0, 0, 5, 18.19
1746616116, 0, 838, 959, 932, 15, 8.37%, 0, 0, 5, 22.50
1746616136, 0, 838, 960, 933, 15, 8.37%, 0, 0, 5, 25.11
1746616146, 0, 838, 961, 934, 15, 8.37%, 0, 0, 5, 24.49
1746616161, 0, 838, 962, 935, 15, 8.37%, 0, 0, 5, 24.29
1746616182, 0, 838, 963, 936, 15, 8.37%, 0, 0, 5, 24.97
1746616192, 0, 838, 964, 937, 15, 8.37%, 0, 0, 5, 25.90
1746616197, 0, 838, 965, 938, 15, 8.37%, 0, 0, 5, 24.95
1746616213, 0, 838, 966, 939, 15, 8.37%, 0, 0, 5, 22.14
1746616238, 0, 838, 967, 940, 15, 8.37%, 0, 0, 5, 23.05
1746616248, 0, 838, 968, 941, 15, 8.37%, 0, 0, 5, 26.98
1746616259, 0, 838, 970, 943, 15, 8.37%, 0, 0, 5, 25.67
1746616310, 0, 838, 971, 944, 15, 8.37%, 0, 0, 5, 24.47
1746616315, 0, 838, 972, 945, 15, 8.37%, 0, 0, 5, 23.73
1746616335, 0, 838, 973, 946, 15, 8.37%, 0, 0, 5, 26.11
1746616365, 0, 847, 973, 945, 17, 8.37%, 0, 0, 5, 27.32
1746616386, 0, 847, 974, 946, 17, 8.37%, 0, 0, 5, 19.81
1746616483, 0, 847, 975, 947, 17, 8.37%, 0, 0, 5, 18.84
1746616499, 0, 847, 977, 949, 17, 8.37%, 0, 0, 5, 18.21
1746616534, 0, 847, 978, 950, 17, 8.37%, 0, 0, 5, 23.98
1746616539, 0, 847, 979, 951, 17, 8.37%, 0, 0, 5, 24.28
1746616575, 0, 847, 980, 952, 17, 8.37%, 0, 0, 5, 22.94
1746616611, 0, 847, 982, 954, 17, 8.37%, 0, 0, 5, 23.64
1746616637, 0, 847, 983, 955, 17, 8.37%, 0, 0, 5, 25.18
1746616657, 0, 847, 984, 956, 17, 8.37%, 0, 0, 5, 26.04
1746616688, 0, 847, 985, 957, 17, 8.37%, 0, 0, 5, 35.58
1746616724, 0, 847, 986, 958, 17, 8.37%, 0, 0, 5, 20.96
1746616729, 0, 847, 987, 959, 17, 8.37%, 0, 0, 5, 24.42
1746616739, 0, 847, 989, 961, 17, 8.42%, 0, 0, 5, 18.49
1746616790, 0, 856, 989, 960, 15, 8.42%, 0, 0, 5, 20.41
1746616811, 0, 856, 990, 961, 15, 8.42%, 0, 0, 5, 15.48
1746616836, 0, 856, 991, 962, 15, 8.42%, 0, 0, 5, 20.91
1746616867, 0, 856, 992, 963, 15, 8.42%, 0, 0, 5, 17.02
1746616954, 0, 856, 993, 964, 15, 8.42%, 0, 0, 5, 17.47
1746616979, 0, 856, 995, 966, 15, 8.42%, 0, 0, 5, 14.61
1746617061, 0, 864, 995, 965, 16, 8.42%, 0, 0, 5, 25.24
1746617277, 0, 864, 997, 967, 16, 8.42%, 0, 0, 5, 24.73
1746617322, 0, 864, 998, 968, 16, 8.42%, 0, 0, 5, 25.29
1746617338, 0, 864, 999, 969, 16, 8.42%, 0, 0, 5, 24.50
1746617348, 0, 864, 1000, 970, 16, 8.42%, 0, 0, 5, 25.09
1746617456, 0, 864, 1001, 971, 16, 8.42%, 0, 0, 5, 25.58
1746617471, 0, 864, 1002, 972, 16, 8.42%, 0, 0, 5, 22.96
1746617481, 0, 864, 1003, 973, 16, 8.42%, 0, 0, 5, 23.21
1746617512, 0, 864, 1004, 974, 16, 8.42%, 0, 0, 5, 22.65
1746617522, 0, 903, 1004, 973, 15, 8.42%, 0, 0, 5, 15.08
1746617600, 0, 903, 1005, 974, 15, 8.42%, 0, 0, 5, 6.67
1746617832, 0, 903, 1006, 975, 15, 8.42%, 0, 0, 5, 7.01
1746618094, 0, 919, 1006, 974, 14, 8.42%, 0, 0, 5, 11.49
1746618171, 0, 919, 1007, 975, 14, 8.42%, 0, 0, 5, 6.17
1746618675, 0, 919, 1008, 976, 14, 8.42%, 0, 0, 5, 6.08
1746618696, 0, 925, 1009, 976, 14, 8.42%, 0, 0, 5, 11.83
1746618706, 0, 925, 1012, 979, 14, 8.43%, 0, 0, 5, 7.88
1746618711, 0, 925, 1014, 981, 14, 8.43%, 0, 0, 5, 8.45
1746618721, 0, 925, 1016, 983, 14, 8.43%, 0, 0, 5, 7.95
1746618737, 0, 925, 1018, 985, 14, 8.43%, 0, 0, 5, 8.92
1746618799, 0, 925, 1020, 987, 14, 8.43%, 0, 0, 5, 7.23
1746618804, 0, 925, 1021, 988, 14, 8.43%, 0, 0, 5, 7.16
1746618809, 0, 925, 1024, 991, 14, 8.43%, 0, 0, 5, 7.51
1746618814, 0, 925, 1026, 993, 14, 8.43%, 0, 0, 5, 7.71
1746618932, 0, 936, 1026, 992, 13, 8.43%, 0, 0, 5, 13.85
1746618962, 0, 936, 1027, 993, 13, 8.43%, 0, 0, 5, 13.57
1746619141, 0, 939, 1027, 992, 12, 8.43%, 0, 0, 5, 21.61
1746619269, 0, 940, 1027, 991, 11, 8.43%, 0, 0, 5, 23.42
1746619392, 0, 947, 1027, 990, 10, 8.43%, 0, 0, 5, 23.68
1746619519, 0, 949, 1027, 989, 9, 8.43%, 0, 0, 5, 26.17
1746619535, 0, 949, 1029, 991, 9, 8.43%, 0, 0, 5, 18.82
1746619602, 0, 949, 1030, 992, 9, 8.43%, 0, 0, 5, 22.77
1746619632, 0, 949, 1031, 993, 9, 8.43%, 0, 0, 5, 18.97
1746619658, 0, 952, 1031, 992, 8, 8.43%, 0, 0, 5, 23.68
1746619678, 0, 952, 1032, 993, 8, 8.43%, 0, 0, 6, 19.44
1746619877, 0, 966, 1032, 992, 7, 8.43%, 0, 0, 6, 18.68
1746619888, 0, 966, 1033, 993, 7, 8.43%, 0, 0, 6, 10.20
1746619893, 0, 966, 1034, 994, 7, 8.43%, 0, 0, 6, 8.71
1746619898, 0, 966, 1036, 996, 7, 8.43%, 0, 0, 6, 8.24
1746619913, 0, 966, 1038, 998, 7, 8.43%, 0, 0, 6, 8.96
1746619918, 0, 966, 1040, 1000, 7, 8.43%, 0, 0, 6, 8.46
1746619939, 0, 966, 1041, 1001, 7, 8.43%, 0, 0, 6, 8.52
1746619954, 0, 966, 1043, 1003, 7, 8.43%, 0, 0, 6, 13.03
1746619965, 0, 966, 1044, 1004, 7, 8.43%, 0, 0, 6, 12.91
1746620052, 0, 966, 1045, 1005, 7, 8.43%, 0, 0, 6, 8.19
1746620062, 0, 966, 1046, 1006, 7, 8.43%, 0, 0, 6, 8.16
1746620067, 0, 966, 1048, 1008, 7, 8.43%, 0, 0, 6, 8.18
1746620073, 0, 966, 1049, 1009, 7, 8.43%, 0, 0, 6, 8.13
1746620083, 0, 966, 1050, 1010, 7, 8.43%, 0, 0, 6, 8.00
1746620088, 0, 966, 1052, 1012, 7, 8.43%, 0, 0, 6, 7.96
1746620160, 0, 966, 1053, 1013, 7, 8.43%, 0, 0, 6, 9.86
1746620165, 0, 966, 1054, 1014, 7, 8.43%, 0, 0, 6, 9.44
1746620191, 0, 966, 1055, 1015, 7, 8.43%, 0, 0, 6, 8.89
1746620206, 0, 966, 1056, 1016, 7, 8.43%, 0, 0, 6, 9.06
1746620211, 0, 966, 1057, 1017, 7, 8.43%, 0, 0, 6, 8.87
1746620217, 0, 966, 1058, 1018, 7, 8.43%, 0, 0, 6, 8.22
1746620283, 0, 966, 1059, 1019, 7, 8.43%, 0, 0, 6, 9.22
1746620289, 0, 966, 1061, 1021, 7, 8.43%, 0, 0, 6, 9.40
1746620334, 0, 988, 1061, 1020, 8, 8.43%, 0, 0, 6, 14.76
1746620345, 0, 988, 1063, 1022, 8, 8.43%, 0, 0, 6, 10.26
1746620350, 0, 988, 1066, 1025, 8, 8.43%, 0, 0, 6, 8.06
1746620355, 0, 988, 1069, 1028, 8, 8.43%, 0, 0, 6, 7.41
1746620360, 0, 988, 1070, 1029, 8, 8.43%, 0, 0, 6, 7.34
1746620386, 0, 988, 1071, 1030, 8, 8.43%, 0, 0, 6, 11.06
1746620396, 0, 988, 1072, 1031, 8, 8.43%, 0, 0, 6, 7.86
1746620416, 0, 988, 1073, 1032, 8, 8.43%, 0, 0, 6, 10.72
1746620432, 0, 988, 1074, 1033, 8, 8.43%, 0, 0, 6, 7.82
1746620437, 0, 988, 1075, 1034, 8, 8.43%, 0, 0, 6, 7.39
1746620524, 0, 988, 1076, 1035, 8, 8.44%, 0, 0, 6, 8.92
1746620529, 0, 988, 1077, 1036, 8, 8.44%, 0, 0, 6, 8.76
1746620575, 0, 988, 1078, 1037, 8, 8.44%, 0, 0, 6, 7.22
1746620626, 0, 988, 1079, 1038, 8, 8.44%, 0, 0, 6, 7.11
1746620652, 0, 988, 1080, 1039, 8, 8.44%, 0, 0, 6, 7.06
1746620657, 0, 988, 1081, 1040, 8, 8.44%, 0, 0, 6, 6.98
1746620749, 0, 988, 1082, 1041, 8, 8.44%, 0, 0, 6, 7.11
1746620800, 0, 988, 1083, 1042, 8, 8.44%, 0, 0, 6, 10.77
1746620846, 0, 988, 1084, 1043, 8, 8.44%, 0, 0, 6, 8.91
1746620856, 0, 988, 1085, 1044, 8, 8.44%, 0, 0, 6, 7.85
1746620990, 0, 988, 1086, 1045, 8, 8.44%, 0, 0, 6, 8.23
1746621005, 0, 988, 1087, 1046, 8, 8.44%, 0, 0, 6, 7.33
1746621011, 0, 988, 1088, 1047, 8, 8.44%, 0, 0, 6, 6.58
1746621072, 0, 988, 1089, 1048, 8, 8.44%, 0, 0, 6, 7.07
1746621093, 0, 989, 1089, 1047, 10, 8.44%, 0, 0, 6, 18.78
1746621257, 0, 989, 1090, 1048, 10, 8.44%, 0, 0, 6, 19.37
1746621364, 0, 1008, 1090, 1047, 9, 8.44%, 0, 0, 6, 22.06
1746621580, 0, 1009, 1090, 1046, 8, 8.44%, 0, 0, 6, 19.95
1746621611, 0, 1009, 1091, 1047, 8, 8.44%, 0, 0, 6, 8.54
1746621806, 0, 1037, 1091, 1046, 7, 8.44%, 0, 0, 6, 15.45
1746621852, 0, 1037, 1092, 1047, 7, 8.44%, 0, 0, 7, 10.99
1746621938, 0, 1037, 1093, 1048, 7, 8.44%, 0, 0, 7, 9.90
1746622051, 0, 1037, 1095, 1050, 7, 8.44%, 0, 0, 7, 9.98
1746622112, 0, 1037, 1096, 1051, 7, 8.44%, 0, 0, 7, 9.76
1746622142, 0, 1041, 1096, 1050, 6, 8.44%, 0, 0, 7, 13.88
1746622491, 0, 1067, 1096, 1049, 5, 8.44%, 0, 0, 7, 14.76
1746622517, 0, 1067, 1097, 1050, 5, 8.44%, 0, 0, 7, 7.23
1746622665, 0, 1067, 1098, 1051, 5, 8.44%, 0, 0, 7, 8.97
1746622741, 0, 1067, 1099, 1052, 5, 8.44%, 0, 0, 7, 7.05
1746623217, 0, 1067, 1100, 1053, 5, 8.44%, 0, 0, 7, 15.41
1746623233, 0, 1075, 1100, 1052, 3, 8.44%, 0, 0, 7, 15.33
1746623351, 0, 1075, 1101, 1053, 3, 8.44%, 0, 0, 7, 12.16
1746623767, 0, 1075, 1102, 1054, 3, 8.44%, 0, 0, 7, 9.10
1746623772, 0, 1075, 1103, 1055, 3, 8.44%, 0, 0, 7, 8.77
1746623808, 0, 1075, 1104, 1056, 3, 8.44%, 0, 0, 7, 7.56
1746623864, 0, 1097, 1104, 1055, 3, 8.44%, 0, 0, 7, 16.88
1746623879, 0, 1097, 1105, 1056, 3, 8.44%, 0, 0, 8, 8.53
1746623941, 0, 1097, 1106, 1057, 3, 8.44%, 0, 0, 8, 10.38
1746623977, 0, 1097, 1107, 1058, 3, 8.44%, 0, 0, 8, 8.82
1746624090, 0, 1097, 1108, 1059, 3, 8.44%, 0, 0, 8, 7.29
1746624432, 0, 1097, 1109, 1060, 3, 8.44%, 0, 0, 8, 17.67
1746624580, 0, 1097, 1110, 1061, 3, 8.44%, 0, 0, 8, 7.20
1746624601, 0, 1097, 1111, 1062, 3, 8.44%, 0, 0, 8, 18.07
1746624616, 0, 1103, 1111, 1061, 5, 8.44%, 0, 0, 8, 15.72
1746624652, 0, 1103, 1112, 1062, 5, 8.44%, 0, 0, 8, 10.46
1746624785, 0, 1103, 1113, 1063, 5, 8.44%, 0, 0, 8, 8.07
1746625246, 0, 1103, 1114, 1064, 5, 8.44%, 0, 0, 8, 9.17
1746625267, 0, 1105, 1114, 1063, 5, 8.44%, 0, 0, 8, 15.32
1746625400, 0, 1105, 1115, 1064, 5, 8.44%, 0, 0, 9, 12.21
1746625671, 0, 1105, 1116, 1065, 5, 8.44%, 0, 0, 9, 10.43
1746625943, 0, 1112, 1116, 1064, 4, 8.44%, 0, 0, 9, 15.88
1746626590, 1, 50, 1116, 1063, 3, 8.44%, 0, 0, 9, 37.52
1746626601, 1, 50, 1117, 1064, 3, 8.44%, 0, 0, 9, 28.77
1746626606, 1, 50, 1118, 1065, 3, 8.44%, 0, 0, 9, 33.25
1746626652, 1, 50, 1119, 1066, 3, 8.44%, 0, 0, 9, 37.18
1746626657, 1, 50, 1120, 1067, 3, 8.44%, 0, 0, 9, 33.43
1746626723, 1, 84, 1120, 1066, 3, 8.44%, 0, 0, 9, 45.67
1746626739, 1, 91, 1120, 1065, 3, 8.44%, 0, 0, 9, 29.58
1746626800, 1, 91, 1121, 1066, 3, 8.44%, 0, 0, 9, 24.30
1746626810, 1, 109, 1121, 1065, 3, 8.44%, 0, 0, 9, 27.19
1746626830, 1, 109, 1122, 1066, 3, 8.44%, 0, 0, 9, 6.56
1746626846, 1, 127, 1122, 1065, 3, 8.44%, 0, 0, 9, 45.59
1746626861, 1, 261, 1122, 1064, 2, 8.44%, 0, 0, 9, 27.67
1746627045, 1, 284, 1122, 1063, 2, 8.44%, 0, 0, 9, 36.28
1746627055, 1, 312, 1122, 1062, 2, 8.44%, 0, 0, 9, 28.95
1746627169, 1, 416, 1122, 1061, 2, 8.44%, 0, 0, 9, 16.55
1746627301, 1, 643, 1122, 1060, 2, 8.44%, 0, 0, 9, 16.92
1746627485, 1, 679, 1122, 1059, 2, 8.44%, 0, 0, 9, 22.71
1746627490, 1, 758, 1122, 1059, 2, 8.44%, 0, 0, 9, 18.14
1746627736, 1, 765, 1122, 1058, 2, 8.44%, 0, 0, 9, 34.10
1746627782, 1, 765, 1123, 1059, 2, 8.44%, 0, 0, 9, 32.86
1746627798, 1, 828, 1123, 1058, 1, 8.44%, 0, 0, 9, 23.51
1746627930, 1, 829, 1123, 1057, 0, 8.44%, 0, 0, 9, 22.54
1746628058, 1, 832, 1123, 1056, 0, 8.44%, 0, 0, 9, 27.38
1746628257, 1, 835, 1123, 1055, 0, 8.44%, 0, 0, 9, 22.61
1746628512, 1, 839, 1123, 1054, 0, 8.44%, 0, 0, 9, 21.84
1746628527, 1, 839, 1124, 1055, 0, 8.44%, 0, 0, 9, 15.70
1746628810, 1, 844, 1124, 1054, 0, 8.44%, 0, 0, 9, 24.25
1746628846, 1, 844, 1125, 1055, 0, 8.44%, 0, 0, 9, 23.10
1746629045, 1, 849, 1125, 1054, 0, 8.44%, 0, 0, 9, 21.16
1746629353, 1, 851, 1125, 1053, 0, 8.44%, 0, 0, 9, 22.63
1746629604, 1, 857, 1125, 1052, 0, 8.44%, 0, 0, 9, 21.45
1746629911, 1, 862, 1125, 1051, 0, 8.44%, 0, 0, 9, 23.64
1746630172, 1, 870, 1126, 1051, 0, 8.44%, 0, 0, 9, 20.72
1746630250, 1, 870, 1128, 1053, 0, 8.44%, 0, 0, 9, 17.69
1746630664, 1, 873, 1128, 1052, 0, 8.44%, 0, 0, 9, 23.60
1746630870, 1, 873, 1129, 1053, 0, 8.44%, 0, 0, 9, 15.42
1746631023, 1, 882, 1129, 1052, 0, 8.44%, 0, 0, 9, 18.15
1746631034, 1, 882, 1130, 1053, 0, 8.44%, 0, 0, 9, 13.57
1746631346, 1, 882, 1131, 1054, 0, 8.44%, 0, 0, 9, 12.04
1746631377, 1, 882, 1132, 1055, 0, 8.44%, 0, 0, 9, 12.71
1746631408, 1, 882, 1133, 1056, 0, 8.44%, 0, 0, 9, 11.61
1746631479, 1, 885, 1133, 1055, 0, 8.44%, 0, 0, 9, 14.79
1746631905, 1, 885, 1134, 1056, 0, 8.44%, 0, 0, 9, 17.98
1746631931, 1, 891, 1134, 1055, 0, 8.44%, 0, 0, 9, 12.58
1746633354, 1, 903, 1134, 1054, 0, 8.44%, 0, 0, 9, 16.21
1746633359, 1, 907, 1134, 1054, 0, 8.44%, 0, 0, 9, 11.27
1746633895, 1, 915, 1134, 1053, 0, 8.44%, 0, 0, 9, 12.89
1746634439, 1, 916, 1134, 1052, 0, 8.44%, 0, 0, 9, 12.99
1746634969, 1, 918, 1134, 1051, 0, 8.44%, 0, 0, 9, 12.14
1746635510, 1, 923, 1134, 1050, 0, 8.44%, 0, 0, 9, 9.06
1746635525, 1, 923, 1135, 1051, 0, 8.44%, 0, 0, 9, 5.02
1746635566, 1, 923, 1136, 1052, 0, 8.44%, 0, 0, 9, 5.46
1746635607, 1, 923, 1137, 1053, 0, 8.44%, 0, 0, 9, 5.09
1746636369, 1, 927, 1137, 1052, 0, 8.44%, 0, 0, 9, 12.27
1746636594, 1, 936, 1137, 1051, 0, 8.44%, 0, 0, 9, 20.11
1746636599, 1, 937, 1137, 1051, 0, 8.44%, 0, 0, 9, 19.43
1746636737, 1, 940, 1137, 1050, 0, 8.44%, 0, 0, 9, 26.91
1746636742, 1, 943, 1137, 1050, 0, 8.44%, 0, 0, 9, 26.38
1746636834, 1, 946, 1137, 1049, 0, 8.44%, 0, 0, 9, 25.51
1746636982, 1, 949, 1137, 1048, 0, 8.44%, 0, 0, 9, 28.02
1746636987, 1, 952, 1137, 1048, 0, 8.44%, 0, 0, 9, 25.69
1746636992, 1, 955, 1137, 1048, 0, 8.44%, 0, 0, 9, 25.43
1746637161, 1, 956, 1137, 1047, 0, 8.44%, 0, 0, 9, 28.23
1746637366, 1, 956, 1138, 1048, 0, 8.44%, 0, 0, 9, 23.69
1746637397, 1, 961, 1138, 1047, 0, 8.44%, 0, 0, 9, 23.55
1746637519, 1, 961, 1140, 1049, 0, 8.44%, 0, 0, 9, 15.46
1746637554, 1, 961, 1141, 1050, 0, 8.44%, 0, 0, 9, 12.29
1746637779, 1, 963, 1141, 1049, 0, 8.44%, 0, 0, 9, 23.29
1746638905, 1, 973, 1141, 1048, 0, 8.44%, 0, 0, 9, 20.09
1746639120, 1, 986, 1141, 1047, 0, 8.44%, 0, 0, 9, 21.24
1746639453, 1, 987, 1142, 1047, 0, 8.44%, 0, 0, 9, 18.82
1746639550, 1, 987, 1143, 1048, 0, 8.44%, 0, 0, 9, 18.49
1746639689, 1, 987, 1144, 1049, 0, 8.44%, 0, 0, 9, 9.61
1746639801, 1, 987, 1145, 1050, 0, 8.44%, 0, 0, 9, 12.76
1746639955, 1, 987, 1146, 1051, 0, 8.44%, 0, 0, 9, 10.80
1746639965, 1, 987, 1147, 1052, 0, 8.44%, 0, 0, 9, 10.96
1746640067, 1, 989, 1147, 1051, 0, 8.44%, 0, 0, 9, 23.36
1746640072, 1, 992, 1147, 1051, 0, 8.44%, 0, 0, 9, 21.81
1746640373, 1, 994, 1147, 1050, 0, 8.44%, 0, 0, 9, 22.65
1746640572, 1, 994, 1148, 1051, 0, 8.44%, 0, 0, 9, 14.69
1746640603, 1, 994, 1149, 1052, 0, 8.44%, 0, 0, 9, 18.07
1746640654, 1, 1000, 1149, 1051, 0, 8.44%, 0, 0, 9, 26.43
1746640660, 1, 1000, 1150, 1052, 0, 8.44%, 0, 0, 9, 21.31
1746640865, 1, 1000, 1151, 1053, 0, 8.44%, 0, 0, 9, 20.50
1746640896, 1, 1001, 1151, 1052, 0, 8.44%, 0, 0, 9, 20.78
1746641101, 1, 1001, 1152, 1053, 0, 8.44%, 0, 0, 9, 12.69
1746641234, 1, 1003, 1152, 1052, 0, 8.44%, 0, 0, 9, 19.78
1746641537, 1, 1003, 1153, 1053, 0, 8.44%, 0, 0, 9, 12.50
1746641593, 1, 1003, 1154, 1054, 0, 8.44%, 0, 0, 9, 14.59
1746641614, 1, 1006, 1154, 1053, 0, 8.44%, 0, 0, 9, 25.09
1746642184, 1, 1008, 1154, 1052, 0, 8.44%, 0, 0, 9, 19.81
1746642189, 1, 1013, 1154, 1052, 0, 8.44%, 0, 0, 9, 17.90
1746642410, 1, 1014, 1154, 1051, 0, 8.44%, 0, 0, 9, 16.31
1746642630, 1, 1024, 1154, 1050, 0, 8.44%, 0, 0, 9, 12.09
1746642846, 1, 1031, 1154, 1049, 0, 8.44%, 0, 0, 9, 21.52
1746643076, 1, 1032, 1154, 1048, 0, 8.44%, 0, 0, 9, 18.11
1746643383, 1, 1037, 1154, 1047, 0, 8.44%, 0, 0, 9, 20.16
1746643388, 1, 1038, 1154, 1047, 0, 8.44%, 0, 0, 9, 14.58
1746643830, 1, 1042, 1155, 1047, 0, 8.44%, 0, 0, 9, 17.01
1746643886, 1, 1042, 1156, 1048, 0, 8.44%, 0, 0, 9, 8.37
1746644276, 1, 1042, 1157, 1049, 0, 8.44%, 0, 0, 9, 7.44
1746644281, 1, 1042, 1158, 1050, 0, 8.44%, 0, 0, 9, 10.94
1746644302, 1, 1051, 1158, 1049, 0, 8.44%, 0, 0, 9, 15.42
1746644475, 1, 1051, 1159, 1050, 0, 8.44%, 0, 0, 9, 8.08
1746644481, 1, 1051, 1161, 1052, 0, 8.44%, 0, 0, 9, 7.93
1746644742, 1, 1053, 1161, 1051, 0, 8.44%, 0, 0, 9, 13.77
1746645182, 1, 1055, 1161, 1050, 0, 8.44%, 0, 0, 9, 15.34
1746645326, 1, 1055, 1162, 1051, 0, 8.44%, 0, 0, 9, 10.12
1746645521, 1, 1055, 1163, 1052, 0, 8.44%, 0, 0, 9, 10.58
1746645558, 1, 1055, 1164, 1053, 0, 8.44%, 0, 0, 9, 10.48
1746645594, 1, 1066, 1164, 1052, 0, 8.44%, 0, 0, 9, 16.33
1746646332, 1, 1066, 1165, 1053, 0, 8.44%, 0, 0, 9, 10.99
1746646343, 1, 1068, 1165, 1052, 0, 8.44%, 0, 0, 9, 16.43
1746647085, 1, 1069, 1165, 1051, 0, 8.44%, 0, 0, 9, 16.45
1746647710, 1, 1070, 1165, 1050, 0, 8.44%, 0, 0, 9, 16.02
1746648331, 1, 1071, 1165, 1049, 0, 8.44%, 0, 0, 9, 17.81
1746648957, 1, 1079, 1165, 1048, 0, 8.44%, 0, 0, 9, 17.54
1746648967, 1, 1079, 1166, 1049, 0, 8.44%, 0, 0, 9, 11.08
1746649711, 1, 1079, 1167, 1050, 0, 8.44%, 0, 0, 9, 14.87
1746649721, 1, 1088, 1167, 1049, 0, 8.44%, 0, 0, 9, 18.04
1746649752, 1, 1088, 1168, 1050, 0, 8.44%, 0, 0, 9, 7.20
1746649757, 1, 1088, 1169, 1051, 0, 8.44%, 0, 0, 9, 7.13
1746649788, 1, 1088, 1170, 1052, 0, 8.44%, 0, 0, 9, 7.17
1746650018, 1, 1088, 1171, 1053, 0, 8.44%, 0, 0, 9, 7.13
1746650483, 1, 1096, 1171, 1052, 0, 8.44%, 0, 0, 9, 19.99
1746650581, 1, 1096, 1172, 1053, 0, 8.44%, 0, 0, 9, 7.01
1746650622, 1, 1096, 1173, 1054, 0, 8.44%, 0, 0, 9, 11.35
1746651237, 1, 1109, 1173, 1053, 0, 8.44%, 0, 0, 9, 19.41
1746652006, 1, 1110, 1173, 1052, 0, 8.44%, 0, 0, 9, 16.71
1746652027, 1, 1110, 1174, 1053, 0, 8.44%, 0, 0, 9, 7.51
1746652109, 1, 1110, 1175, 1054, 0, 8.44%, 0, 0, 9, 6.46
1746652114, 1, 1110, 1176, 1055, 0, 8.44%, 0, 0, 9, 7.39
1746652356, 1, 1110, 1177, 1056, 0, 8.44%, 0, 0, 9, 6.27
1746652361, 1, 1110, 1178, 1057, 0, 8.44%, 0, 0, 9, 8.32
1746652725, 1, 1110, 1179, 1058, 0, 8.44%, 0, 0, 9, 6.76
1746652792, 1, 1112, 1179, 1057, 0, 8.44%, 0, 0, 9, 19.23
1746652797, 1, 1113, 1179, 1057, 0, 8.44%, 0, 0, 9, 15.24
1746653459, 1, 1115, 1179, 1056, 0, 8.44%, 0, 0, 9, 18.53
1746653874, 1, 1115, 1180, 1057, 0, 8.44%, 0, 0, 10, 8.74
1746654170, 1, 1124, 1180, 1056, 0, 8.44%, 0, 0, 10, 18.94
1746654442, 1, 1134, 1180, 1055, 0, 8.44%, 0, 0, 10, 11.15
