# unix_time, cycles_done, cur_path, paths_total, pending_total, pending_favs, map_size, unique_crashes, unique_hangs, max_depth, execs_per_sec
1746611823, 0, 0, 1, 1, 1, 4.90%, 0, 0, 1, 76.19
1746611829, 0, 0, 55, 55, 1, 5.55%, 0, 0, 2, 90.32
1746611834, 0, 0, 102, 102, 1, 6.06%, 0, 0, 2, 89.61
1746611839, 0, 0, 137, 137, 1, 6.07%, 0, 0, 2, 85.87
1746611844, 0, 0, 169, 169, 1, 6.07%, 0, 0, 2, 84.48
1746611849, 0, 0, 197, 197, 1, 6.07%, 0, 0, 2, 82.28
1746611854, 0, 0, 223, 223, 1, 6.41%, 0, 0, 2, 77.13
1746611860, 0, 0, 243, 243, 1, 6.41%, 0, 0, 2, 79.64
1746611865, 0, 0, 260, 260, 1, 6.43%, 0, 0, 2, 82.14
1746611870, 0, 0, 276, 276, 1, 6.43%, 0, 0, 2, 83.66
1746611875, 0, 0, 288, 288, 1, 6.43%, 0, 0, 2, 81.67
1746611880, 0, 0, 304, 304, 1, 6.44%, 0, 0, 2, 82.07
1746611885, 0, 0, 313, 313, 1, 6.44%, 0, 0, 2, 82.26
1746611890, 0, 0, 320, 320, 1, 6.44%, 0, 0, 2, 83.66
1746611896, 0, 0, 325, 325, 1, 6.44%, 0, 0, 2, 82.66
1746611901, 0, 0, 331, 331, 1, 6.44%, 0, 0, 2, 82.06
1746611906, 0, 0, 336, 336, 1, 6.44%, 0, 0, 2, 82.59
1746611911, 0, 0, 343, 343, 1, 6.44%, 0, 0, 2, 81.41
1746611916, 0, 0, 351, 351, 1, 6.44%, 0, 0, 2, 79.72
1746611921, 0, 0, 356, 356, 1, 6.44%, 0, 0, 2, 80.41
1746611926, 0, 0, 358, 358, 1, 6.44%, 0, 0, 2, 81.49
1746611932, 0, 0, 362, 362, 1, 6.44%, 0, 0, 2, 78.12
1746611937, 0, 0, 364, 364, 1, 6.44%, 0, 0, 2, 74.54
1746611942, 0, 0, 371, 371, 1, 6.44%, 0, 0, 2, 73.97
1746611947, 0, 0, 373, 373, 1, 6.44%, 0, 0, 2, 76.22
1746611952, 0, 0, 377, 377, 1, 6.44%, 0, 0, 2, 72.40
1746611957, 0, 0, 379, 379, 1, 6.44%, 0, 0, 2, 74.01
1746611963, 0, 0, 381, 381, 1, 6.44%, 0, 0, 2, 74.05
1746611968, 0, 0, 384, 384, 1, 6.44%, 0, 0, 2, 73.88
1746611973, 0, 0, 386, 386, 1, 6.44%, 0, 0, 2, 74.28
1746611978, 0, 0, 389, 389, 1, 6.44%, 0, 0, 2, 74.04
1746611983, 0, 0, 391, 391, 1, 6.45%, 0, 0, 2, 75.68
1746611988, 0, 0, 395, 395, 1, 6.45%, 0, 0, 2, 74.33
1746611999, 0, 0, 396, 396, 1, 6.45%, 0, 0, 2, 74.75
1746612004, 0, 0, 401, 401, 1, 6.45%, 0, 0, 2, 73.19
1746612009, 0, 0, 404, 404, 1, 6.51%, 0, 0, 2, 74.50
1746612014, 0, 0, 407, 407, 1, 6.51%, 0, 0, 2, 76.11
1746612019, 0, 0, 409, 409, 1, 6.51%, 0, 0, 2, 75.59
1746612024, 0, 0, 414, 414, 1, 6.51%, 0, 0, 2, 73.53
1746612030, 0, 0, 415, 415, 1, 6.51%, 0, 0, 2, 73.62
1746612040, 0, 0, 416, 416, 1, 6.51%, 0, 0, 2, 77.89
1746612050, 0, 0, 419, 419, 1, 6.51%, 0, 0, 2, 70.07
1746612056, 0, 0, 420, 420, 1, 6.51%, 0, 0, 2, 71.63
1746612061, 0, 0, 421, 421, 1, 6.51%, 0, 0, 2, 69.95
1746612071, 0, 0, 423, 423, 1, 6.51%, 0, 0, 2, 70.94
1746612081, 0, 78, 424, 423, 12, 6.51%, 0, 0, 2, 72.85
1746612086, 0, 78, 425, 424, 12, 6.51%, 0, 0, 3, 74.16
1746612097, 0, 78, 427, 426, 12, 6.51%, 0, 0, 3, 73.39
1746612102, 0, 78, 429, 428, 12, 6.51%, 0, 0, 3, 69.99
1746612107, 0, 78, 430, 429, 12, 6.51%, 0, 0, 3, 73.63
1746612117, 0, 78, 431, 430, 12, 6.51%, 0, 0, 3, 73.81
1746612133, 0, 78, 433, 432, 12, 6.51%, 0, 0, 3, 73.64
1746612138, 0, 78, 436, 435, 12, 6.51%, 0, 0, 3, 73.14
1746612143, 0, 78, 438, 437, 12, 6.51%, 0, 0, 3, 74.30
1746612159, 0, 78, 439, 438, 12, 6.51%, 0, 0, 3, 74.22
1746612164, 0, 78, 440, 439, 12, 6.51%, 0, 0, 3, 75.83
1746612169, 0, 78, 441, 440, 12, 6.51%, 0, 0, 3, 76.80
1746612174, 0, 78, 442, 441, 12, 6.51%, 0, 0, 3, 74.25
1746612179, 0, 78, 443, 442, 12, 6.51%, 0, 0, 3, 75.21
1746612190, 0, 78, 446, 445, 12, 6.51%, 0, 0, 3, 73.20
1746612195, 0, 78, 447, 446, 12, 6.59%, 0, 0, 3, 74.74
1746612200, 0, 78, 448, 447, 12, 6.59%, 0, 0, 3, 75.03
1746612205, 0, 78, 449, 448, 12, 6.59%, 0, 0, 3, 73.47
1746612221, 0, 78, 451, 450, 12, 6.59%, 0, 0, 3, 76.05
1746612226, 0, 78, 454, 453, 12, 6.59%, 0, 0, 3, 73.33
1746612231, 0, 78, 455, 454, 12, 6.59%, 0, 0, 3, 72.40
1746612236, 0, 78, 456, 455, 12, 6.59%, 0, 0, 3, 72.36
1746612241, 0, 78, 457, 456, 12, 6.59%, 0, 0, 3, 73.31
1746612252, 0, 87, 468, 466, 12, 6.59%, 0, 0, 3, 60.73
1746612257, 0, 87, 476, 474, 12, 6.59%, 0, 0, 3, 54.88
1746612262, 0, 87, 487, 485, 12, 6.59%, 0, 0, 3, 52.21
1746612267, 0, 87, 502, 500, 12, 6.59%, 0, 0, 3, 51.23
1746612272, 0, 87, 503, 501, 12, 6.59%, 0, 0, 3, 55.26
1746612277, 0, 87, 507, 505, 12, 6.59%, 0, 0, 3, 60.04
1746612282, 0, 87, 509, 507, 12, 6.59%, 0, 0, 3, 63.64
1746612287, 0, 87, 510, 508, 12, 6.59%, 0, 0, 3, 65.69
1746612292, 0, 87, 512, 510, 12, 6.59%, 0, 0, 3, 63.71
1746612297, 0, 87, 514, 512, 12, 6.59%, 0, 0, 3, 63.80
1746612302, 0, 87, 515, 513, 12, 6.59%, 0, 0, 3, 64.06
1746612307, 0, 87, 516, 514, 12, 6.59%, 0, 0, 3, 65.60
1746612313, 0, 87, 517, 515, 12, 6.59%, 0, 0, 3, 65.67
1746612318, 0, 87, 520, 518, 12, 6.59%, 0, 0, 3, 60.49
1746612328, 0, 87, 522, 520, 12, 6.59%, 0, 0, 3, 65.17
1746612333, 0, 87, 524, 522, 12, 6.59%, 0, 0, 3, 63.87
1746612344, 0, 87, 527, 525, 12, 6.59%, 0, 0, 3, 62.40
1746612354, 0, 87, 528, 526, 12, 6.59%, 0, 0, 3, 63.73
1746612359, 0, 87, 529, 527, 12, 6.59%, 0, 0, 3, 62.58
1746612390, 0, 87, 531, 529, 12, 6.59%, 0, 0, 3, 62.68
1746612400, 0, 87, 534, 532, 12, 6.59%, 0, 0, 3, 61.63
1746612411, 0, 87, 535, 533, 12, 6.59%, 0, 0, 3, 64.57
1746612421, 0, 87, 539, 537, 12, 6.59%, 0, 0, 3, 59.76
1746612431, 0, 87, 540, 538, 12, 6.59%, 0, 0, 3, 63.47
1746612436, 0, 87, 541, 539, 12, 6.59%, 0, 0, 3, 64.60
1746612446, 0, 87, 542, 540, 12, 6.59%, 0, 0, 3, 65.35
1746612451, 0, 87, 543, 541, 12, 6.59%, 0, 0, 3, 65.34
1746612467, 0, 87, 544, 542, 12, 6.59%, 0, 0, 3, 62.35
1746612472, 0, 87, 545, 543, 12, 6.59%, 0, 0, 3, 63.79
1746612482, 0, 87, 546, 544, 12, 6.59%, 0, 0, 3, 65.40
1746612487, 0, 87, 547, 545, 12, 6.59%, 0, 0, 3, 65.63
1746612497, 0, 87, 548, 546, 12, 6.59%, 0, 0, 3, 63.15
1746612523, 0, 87, 549, 547, 12, 6.59%, 0, 0, 3, 64.74
1746612528, 0, 87, 550, 548, 12, 6.59%, 0, 0, 3, 64.97
1746612533, 0, 87, 551, 549, 12, 6.59%, 0, 0, 3, 65.26
1746612538, 0, 94, 552, 549, 13, 6.59%, 0, 0, 3, 72.49
1746612543, 0, 147, 552, 548, 13, 6.59%, 0, 0, 3, 79.28
1746612554, 0, 178, 552, 547, 13, 6.59%, 0, 0, 3, 75.63
1746612559, 0, 178, 553, 548, 13, 6.59%, 0, 0, 3, 74.42
1746612574, 0, 189, 553, 547, 12, 6.59%, 0, 0, 3, 65.01
1746612590, 0, 194, 553, 546, 11, 6.59%, 0, 0, 3, 61.87
1746612605, 0, 264, 553, 545, 11, 6.59%, 0, 0, 3, 75.30
1746612610, 0, 264, 554, 546, 11, 6.59%, 0, 0, 3, 73.37
1746612621, 0, 285, 554, 545, 11, 6.59%, 0, 0, 3, 56.71
1746612636, 0, 352, 561, 551, 10, 6.59%, 0, 0, 3, 52.43
1746612641, 0, 352, 568, 558, 10, 6.59%, 0, 0, 3, 44.59
1746612646, 0, 352, 577, 567, 10, 6.59%, 0, 0, 3, 39.86
1746612651, 0, 352, 582, 572, 10, 6.59%, 0, 0, 3, 44.15
1746612656, 0, 352, 587, 577, 10, 6.59%, 0, 0, 3, 51.14
1746612661, 0, 352, 595, 585, 10, 6.59%, 0, 0, 3, 47.71
1746612666, 0, 352, 605, 595, 10, 6.59%, 0, 0, 3, 34.15
1746612671, 0, 352, 607, 597, 10, 6.59%, 0, 0, 3, 41.97
1746612681, 0, 352, 608, 598, 10, 6.59%, 0, 0, 3, 43.75
1746612686, 0, 352, 610, 600, 10, 6.59%, 0, 0, 3, 42.99
1746612692, 0, 352, 612, 602, 10, 6.59%, 0, 0, 3, 51.07
1746612697, 0, 352, 615, 605, 10, 6.59%, 0, 0, 3, 44.32
1746612707, 0, 352, 618, 608, 10, 6.59%, 0, 0, 3, 43.76
1746612712, 0, 352, 621, 611, 10, 6.59%, 0, 0, 3, 44.77
1746612717, 0, 352, 624, 614, 10, 6.59%, 0, 0, 3, 53.03
1746612722, 0, 352, 625, 615, 10, 6.59%, 0, 0, 3, 60.85
1746612732, 0, 352, 627, 617, 10, 6.59%, 0, 0, 3, 59.42
1746612738, 0, 352, 628, 618, 10, 6.59%, 0, 0, 3, 61.78
1746612743, 0, 352, 629, 619, 10, 6.59%, 0, 0, 3, 61.46
1746612748, 0, 352, 631, 621, 10, 6.59%, 0, 0, 3, 58.98
1746612753, 0, 352, 632, 622, 10, 6.59%, 0, 0, 3, 59.66
1746612763, 0, 352, 633, 623, 10, 6.59%, 0, 0, 3, 62.17
1746612773, 0, 352, 635, 625, 10, 6.60%, 0, 0, 3, 57.40
1746612778, 0, 352, 637, 627, 10, 6.60%, 0, 0, 3, 57.28
1746612783, 0, 352, 639, 629, 10, 6.60%, 0, 0, 3, 58.01
1746612793, 0, 352, 640, 630, 10, 6.60%, 0, 0, 3, 61.94
1746612799, 0, 352, 641, 631, 10, 6.60%, 0, 0, 3, 60.65
1746612824, 0, 352, 643, 633, 10, 6.60%, 0, 0, 3, 61.64
1746612829, 0, 352, 644, 634, 10, 6.60%, 0, 0, 3, 61.56
1746612839, 0, 352, 646, 636, 10, 6.60%, 0, 0, 3, 58.27
1746612844, 0, 352, 647, 637, 10, 6.60%, 0, 0, 3, 61.76
1746612865, 0, 352, 649, 639, 10, 6.60%, 0, 0, 3, 61.24
1746612870, 0, 352, 650, 640, 10, 6.60%, 0, 0, 3, 61.47
1746612875, 0, 352, 653, 643, 10, 6.60%, 0, 0, 3, 59.23
1746612880, 0, 352, 654, 644, 10, 6.60%, 0, 0, 3, 59.69
1746612901, 0, 352, 655, 645, 10, 6.60%, 0, 0, 3, 59.09
1746612906, 0, 352, 656, 646, 10, 6.60%, 0, 0, 3, 60.14
1746612911, 0, 352, 658, 648, 10, 6.61%, 0, 0, 3, 59.59
1746612916, 0, 352, 659, 649, 10, 6.61%, 0, 0, 3, 60.12
1746612926, 0, 352, 660, 650, 10, 6.61%, 0, 0, 3, 62.22
1746612931, 0, 352, 662, 652, 10, 6.61%, 0, 0, 3, 59.74
1746612937, 0, 352, 664, 654, 10, 6.61%, 0, 0, 3, 57.76
1746612952, 0, 352, 666, 656, 10, 6.62%, 0, 0, 3, 58.75
1746612957, 0, 352, 667, 657, 10, 6.62%, 0, 0, 3, 61.78
1746612983, 0, 352, 668, 658, 10, 6.62%, 0, 0, 3, 60.93
1746612988, 0, 403, 668, 657, 12, 6.62%, 0, 0, 3, 61.72
1746612998, 0, 403, 669, 658, 12, 6.62%, 0, 0, 3, 57.87
1746613101, 0, 407, 669, 657, 11, 6.62%, 0, 0, 3, 62.25
1746613111, 0, 407, 670, 658, 11, 6.62%, 0, 0, 3, 50.37
1746613132, 0, 470, 670, 657, 10, 6.62%, 0, 0, 3, 60.00
1746613162, 0, 530, 672, 658, 9, 6.62%, 0, 0, 4, 51.31
1746613168, 0, 530, 675, 661, 9, 6.62%, 0, 0, 4, 46.48
1746613178, 0, 530, 676, 662, 9, 6.62%, 0, 0, 4, 51.18
1746613183, 0, 530, 679, 665, 9, 6.62%, 0, 0, 4, 39.32
1746613188, 0, 530, 680, 666, 9, 6.62%, 0, 0, 4, 51.79
1746613198, 0, 530, 681, 667, 9, 6.62%, 0, 0, 4, 51.08
1746613203, 0, 530, 682, 668, 9, 6.62%, 0, 0, 4, 48.97
1746613224, 0, 575, 683, 668, 8, 6.62%, 0, 0, 4, 47.77
1746613229, 0, 575, 686, 671, 8, 6.62%, 0, 0, 4, 39.13
1746613234, 0, 575, 689, 674, 8, 6.62%, 0, 0, 4, 41.23
1746613239, 0, 575, 690, 675, 8, 6.62%, 0, 0, 4, 50.17
1746613249, 0, 575, 695, 680, 8, 6.62%, 0, 0, 4, 34.77
1746613265, 0, 575, 696, 681, 8, 6.62%, 0, 0, 4, 34.27
1746613290, 0, 575, 698, 683, 8, 6.62%, 0, 0, 4, 34.98
1746613301, 0, 575, 699, 684, 8, 6.62%, 0, 0, 4, 60.25
1746613306, 0, 620, 699, 683, 7, 6.62%, 0, 0, 4, 53.72
1746613311, 0, 620, 701, 685, 7, 6.62%, 0, 0, 4, 38.62
1746613316, 0, 620, 704, 688, 7, 6.62%, 0, 0, 4, 36.13
1746613321, 0, 620, 708, 692, 7, 6.62%, 0, 0, 4, 28.67
1746613336, 0, 620, 709, 693, 7, 6.62%, 0, 0, 4, 30.27
1746613341, 0, 620, 712, 696, 7, 6.62%, 0, 0, 4, 23.64
1746613362, 0, 620, 713, 697, 7, 6.62%, 0, 0, 4, 23.85
1746613372, 0, 620, 714, 698, 7, 6.62%, 0, 0, 4, 42.02
1746613382, 0, 620, 715, 699, 7, 6.62%, 0, 0, 4, 33.31
1746613393, 0, 620, 718, 702, 7, 6.62%, 0, 0, 4, 33.25
1746613398, 0, 620, 723, 707, 7, 6.62%, 0, 0, 4, 22.32
1746613403, 0, 620, 725, 709, 7, 6.62%, 0, 0, 4, 42.13
1746613408, 0, 628, 725, 708, 7, 6.62%, 0, 0, 4, 49.72
1746613453, 0, 628, 726, 709, 7, 6.62%, 0, 0, 4, 46.94
1746613464, 0, 628, 727, 710, 7, 6.62%, 0, 0, 4, 48.46
1746613474, 0, 634, 730, 712, 6, 6.62%, 0, 0, 4, 50.19
1746613479, 0, 634, 732, 714, 6, 6.62%, 0, 0, 4, 36.32
1746613484, 0, 634, 733, 715, 6, 6.62%, 0, 0, 4, 36.06
1746613489, 0, 634, 734, 716, 6, 6.62%, 0, 0, 4, 42.94
1746613499, 0, 634, 735, 717, 6, 6.62%, 0, 0, 4, 42.03
1746613525, 0, 634, 736, 718, 6, 6.62%, 0, 0, 4, 42.98
1746613530, 0, 634, 737, 719, 6, 6.62%, 0, 0, 4, 38.08
1746613535, 0, 634, 740, 722, 6, 6.73%, 0, 0, 4, 35.26
1746613540, 0, 634, 741, 723, 6, 6.73%, 0, 0, 4, 50.89
1746613546, 0, 634, 742, 724, 6, 6.73%, 0, 0, 4, 37.97
1746613551, 0, 634, 743, 725, 6, 6.73%, 0, 0, 4, 50.14
1746613556, 0, 657, 748, 729, 5, 6.73%, 0, 0, 4, 40.47
1746613561, 0, 657, 749, 730, 5, 6.73%, 0, 0, 4, 34.62
1746613566, 0, 657, 752, 733, 5, 6.73%, 0, 0, 4, 34.65
1746613571, 0, 657, 753, 734, 5, 6.73%, 0, 0, 4, 48.01
1746613591, 0, 657, 755, 736, 5, 6.73%, 0, 0, 4, 40.48
1746613627, 0, 657, 756, 737, 5, 6.73%, 0, 0, 4, 31.67
1746613637, 0, 662, 759, 739, 5, 6.73%, 0, 0, 4, 40.07
1746613642, 0, 662, 767, 747, 5, 6.74%, 0, 0, 4, 28.84
1746613647, 0, 662, 769, 749, 5, 7.20%, 0, 0, 4, 32.57
1746613652, 0, 662, 774, 754, 5, 7.20%, 0, 0, 4, 26.32
1746613658, 0, 662, 775, 755, 5, 7.20%, 0, 0, 4, 31.61
1746613663, 0, 662, 778, 758, 5, 7.20%, 0, 0, 4, 26.36
1746613668, 0, 662, 779, 759, 5, 7.20%, 0, 0, 4, 30.05
1746613683, 0, 662, 781, 761, 5, 7.20%, 0, 0, 4, 29.75
1746613688, 0, 662, 786, 766, 5, 7.20%, 0, 0, 4, 23.99
1746613693, 0, 662, 787, 767, 5, 7.20%, 0, 0, 4, 23.57
1746613703, 0, 662, 791, 771, 5, 7.42%, 0, 0, 4, 25.73
1746613709, 0, 662, 796, 776, 5, 7.42%, 0, 0, 4, 24.27
1746613739, 0, 662, 797, 777, 5, 7.42%, 0, 0, 4, 21.98
1746613775, 0, 662, 799, 779, 5, 7.42%, 0, 0, 4, 29.31
1746613780, 0, 662, 801, 781, 5, 7.42%, 0, 0, 4, 25.68
1746613801, 0, 662, 803, 783, 5, 7.42%, 0, 0, 4, 35.03
1746613806, 0, 662, 804, 784, 5, 7.42%, 0, 0, 4, 24.54
1746613811, 0, 662, 805, 785, 5, 7.42%, 0, 0, 4, 22.02
1746613826, 0, 662, 806, 786, 5, 7.42%, 0, 0, 4, 26.05
1746613831, 0, 662, 810, 790, 5, 7.42%, 0, 0, 4, 36.17
1746613836, 0, 662, 811, 791, 5, 7.42%, 0, 0, 4, 50.39
1746613841, 0, 662, 812, 792, 5, 7.42%, 0, 0, 4, 50.78
1746613856, 0, 662, 814, 794, 5, 7.42%, 0, 0, 4, 50.55
1746613861, 0, 662, 815, 795, 5, 7.42%, 0, 0, 4, 52.79
1746613866, 0, 662, 816, 796, 5, 7.42%, 0, 0, 4, 56.01
1746613877, 0, 662, 817, 797, 5, 7.42%, 0, 0, 4, 53.31
1746613887, 0, 662, 818, 798, 5, 7.42%, 0, 0, 4, 52.80
1746613907, 0, 662, 819, 799, 5, 7.42%, 0, 0, 4, 54.80
1746613912, 0, 662, 820, 800, 5, 7.42%, 0, 0, 4, 49.16
1746613922, 0, 662, 821, 801, 5, 7.42%, 0, 0, 4, 49.36
1746613968, 0, 662, 822, 802, 5, 7.42%, 0, 0, 4, 52.23
1746613973, 0, 662, 823, 803, 5, 7.42%, 0, 0, 4, 55.12
1746613978, 0, 662, 825, 805, 5, 7.42%, 0, 0, 4, 50.69
1746614003, 0, 662, 826, 806, 5, 7.42%, 0, 0, 4, 53.33
1746614008, 0, 662, 827, 807, 5, 7.42%, 0, 0, 4, 55.93
1746614029, 0, 662, 828, 808, 5, 7.42%, 0, 0, 4, 51.85
1746614054, 0, 662, 829, 809, 5, 7.42%, 0, 0, 4, 52.45
1746614064, 0, 665, 829, 808, 10, 7.42%, 0, 0, 4, 41.15
1746614105, 0, 665, 833, 812, 10, 7.42%, 0, 0, 4, 40.78
1746614120, 0, 665, 834, 813, 10, 7.42%, 0, 0, 4, 31.77
1746614126, 0, 665, 835, 814, 10, 7.42%, 0, 0, 4, 45.87
1746614146, 0, 665, 837, 816, 10, 7.42%, 0, 0, 4, 24.31
1746614156, 0, 669, 837, 815, 10, 7.42%, 0, 0, 4, 48.08
1746614161, 0, 669, 838, 816, 10, 7.42%, 0, 0, 4, 43.79
1746614177, 0, 669, 839, 817, 10, 7.42%, 0, 0, 4, 41.43
1746614182, 0, 669, 840, 818, 10, 7.42%, 0, 0, 4, 47.52
1746614187, 0, 669, 841, 819, 10, 7.42%, 0, 0, 4, 54.00
1746614197, 0, 696, 841, 818, 11, 7.42%, 0, 0, 4, 51.73
1746614248, 0, 696, 842, 819, 11, 7.42%, 0, 0, 5, 25.03
1746614299, 0, 742, 842, 818, 11, 7.42%, 0, 0, 5, 42.84
1746614386, 0, 743, 842, 817, 10, 7.42%, 0, 0, 5, 52.49
1746614447, 0, 743, 843, 818, 10, 7.42%, 0, 0, 5, 51.22
1746614472, 0, 754, 843, 817, 10, 7.42%, 0, 0, 5, 45.74
1746614554, 0, 767, 843, 816, 9, 7.42%, 0, 0, 5, 54.21
1746614559, 0, 767, 845, 818, 9, 7.42%, 0, 0, 5, 32.33
1746614565, 0, 767, 846, 819, 9, 7.42%, 0, 0, 5, 30.51
1746614575, 0, 767, 847, 820, 9, 7.42%, 0, 0, 5, 27.97
1746614621, 0, 767, 848, 821, 9, 7.42%, 0, 0, 5, 24.16
1746614682, 0, 767, 849, 822, 9, 7.42%, 0, 0, 5, 31.99
1746614728, 0, 767, 850, 823, 9, 7.42%, 0, 0, 5, 24.73
1746614733, 0, 767, 853, 826, 9, 7.42%, 0, 0, 5, 24.51
1746614738, 0, 767, 855, 828, 9, 7.42%, 0, 0, 5, 34.77
1746614753, 0, 776, 856, 828, 11, 7.42%, 0, 0, 5, 44.47
1746614759, 0, 776, 857, 829, 11, 7.42%, 0, 0, 5, 28.76
1746614769, 0, 776, 858, 830, 11, 7.42%, 0, 0, 5, 27.52
1746614779, 0, 776, 859, 831, 11, 7.44%, 0, 0, 5, 26.07
1746614815, 0, 776, 860, 832, 11, 7.44%, 0, 0, 5, 24.81
1746614825, 0, 776, 865, 837, 11, 7.44%, 0, 0, 5, 22.12
1746614897, 0, 776, 867, 839, 11, 7.44%, 0, 0, 5, 23.54
1746614902, 0, 776, 869, 841, 11, 7.44%, 0, 0, 5, 28.87
1746614933, 0, 776, 870, 842, 11, 7.44%, 0, 0, 5, 24.22
1746614938, 0, 776, 871, 843, 11, 7.44%, 0, 0, 5, 23.05
1746614958, 0, 790, 871, 842, 11, 7.44%, 0, 0, 5, 36.50
1746614963, 0, 790, 874, 845, 11, 7.44%, 0, 0, 5, 30.12
1746614973, 0, 790, 875, 846, 11, 7.44%, 0, 0, 5, 31.02
1746615019, 0, 790, 876, 847, 11, 7.51%, 0, 0, 5, 23.12
1746615024, 0, 790, 877, 848, 11, 7.51%, 0, 0, 5, 23.01
1746615076, 0, 790, 878, 849, 11, 7.51%, 0, 0, 5, 29.65
1746615101, 0, 790, 880, 851, 11, 7.51%, 0, 0, 5, 30.03
1746615132, 0, 790, 881, 852, 11, 7.51%, 0, 0, 5, 23.95
1746615137, 0, 790, 884, 855, 11, 7.51%, 0, 0, 5, 24.17
1746615153, 0, 790, 885, 856, 11, 7.84%, 0, 0, 5, 50.69
1746615173, 0, 839, 885, 855, 8, 7.84%, 0, 0, 5, 42.50
1746615203, 0, 839, 886, 856, 8, 7.84%, 0, 0, 5, 53.79
1746615234, 0, 842, 886, 855, 7, 7.84%, 0, 0, 5, 49.51
1746615264, 0, 842, 888, 857, 7, 7.84%, 0, 0, 6, 31.17
1746615320, 0, 844, 888, 856, 7, 7.84%, 0, 0, 6, 41.08
1746615331, 0, 844, 889, 857, 7, 7.84%, 0, 0, 6, 27.24
1746615438, 0, 844, 890, 858, 7, 7.84%, 0, 0, 6, 28.41
1746615464, 0, 844, 891, 859, 7, 7.84%, 0, 0, 6, 39.10
1746615515, 0, 866, 891, 858, 7, 7.84%, 0, 0, 6, 51.42
1746615520, 0, 866, 893, 860, 7, 7.84%, 0, 0, 6, 31.49
1746615591, 0, 866, 894, 861, 7, 7.84%, 0, 0, 6, 22.65
1746615663, 0, 866, 895, 862, 7, 7.84%, 0, 0, 6, 31.04
1746615714, 0, 875, 895, 861, 7, 7.84%, 0, 0, 6, 52.46
1746615724, 0, 875, 901, 867, 7, 7.84%, 0, 0, 6, 22.89
1746615729, 0, 875, 904, 870, 7, 7.84%, 0, 0, 6, 28.46
1746615734, 0, 875, 906, 872, 7, 7.84%, 0, 0, 6, 22.98
1746615739, 0, 875, 907, 873, 7, 7.84%, 0, 0, 6, 27.89
1746615744, 0, 875, 910, 876, 7, 7.84%, 0, 0, 6, 22.23
1746615785, 0, 875, 911, 877, 7, 7.84%, 0, 0, 6, 22.48
1746615795, 0, 875, 912, 878, 7, 7.84%, 0, 0, 6, 20.00
1746615800, 0, 875, 915, 881, 7, 7.84%, 0, 0, 6, 20.36
1746615806, 0, 875, 917, 883, 7, 7.84%, 0, 0, 6, 20.12
1746615913, 0, 875, 919, 885, 7, 7.84%, 0, 0, 6, 38.77
1746615928, 0, 881, 919, 884, 8, 7.84%, 0, 0, 6, 40.71
1746615933, 0, 881, 920, 885, 8, 7.84%, 0, 0, 6, 31.47
1746615943, 0, 881, 921, 886, 8, 7.84%, 0, 0, 6, 31.46
1746616076, 0, 881, 926, 891, 8, 7.84%, 0, 0, 6, 25.68
1746616111, 0, 881, 927, 892, 8, 7.84%, 0, 0, 6, 26.38
1746616127, 0, 884, 927, 891, 8, 7.84%, 0, 0, 6, 49.46
1746616132, 0, 884, 929, 893, 8, 7.84%, 0, 0, 6, 31.93
1746616137, 0, 884, 932, 896, 8, 7.85%, 0, 0, 6, 21.91
1746616142, 0, 884, 938, 902, 8, 7.85%, 0, 0, 6, 17.48
1746616147, 0, 884, 942, 906, 8, 7.85%, 0, 0, 6, 15.98
1746616152, 0, 884, 948, 912, 8, 7.85%, 0, 0, 6, 14.83
1746616167, 0, 884, 951, 915, 8, 7.85%, 0, 0, 6, 17.30
1746616172, 0, 884, 955, 919, 8, 7.85%, 0, 0, 6, 27.05
1746616183, 0, 884, 957, 921, 8, 7.85%, 0, 0, 6, 19.59
1746616188, 0, 884, 962, 926, 8, 7.85%, 0, 0, 6, 15.98
1746616193, 0, 884, 967, 931, 8, 7.85%, 0, 0, 6, 17.74
1746616218, 0, 884, 968, 932, 8, 7.85%, 0, 0, 6, 24.28
1746616234, 0, 884, 969, 933, 8, 7.88%, 0, 0, 6, 22.96
1746616274, 0, 884, 970, 934, 8, 7.88%, 0, 0, 6, 17.45
1746616280, 0, 884, 972, 936, 8, 7.88%, 0, 0, 6, 16.27
1746616285, 0, 884, 973, 937, 8, 7.88%, 0, 0, 6, 16.45
1746616290, 0, 884, 975, 939, 8, 7.88%, 0, 0, 6, 15.65
1746616300, 0, 884, 980, 944, 8, 7.88%, 0, 0, 6, 14.86
1746616305, 0, 884, 983, 947, 8, 7.88%, 0, 0, 6, 34.71
1746616376, 0, 884, 984, 948, 8, 7.88%, 0, 0, 6, 18.49
1746616387, 0, 884, 985, 949, 8, 7.88%, 0, 0, 6, 40.12
1746616402, 0, 884, 986, 950, 8, 7.88%, 0, 0, 6, 23.55
1746616412, 0, 884, 987, 951, 8, 7.88%, 0, 0, 6, 20.53
1746616422, 0, 884, 988, 952, 8, 7.88%, 0, 0, 6, 18.34
1746616427, 0, 884, 989, 953, 8, 7.88%, 0, 0, 6, 17.54
1746616433, 0, 884, 993, 957, 8, 7.88%, 0, 0, 6, 15.65
1746616443, 0, 884, 994, 958, 8, 7.88%, 0, 0, 6, 39.55
1746616448, 0, 884, 995, 959, 8, 7.88%, 0, 0, 6, 23.69
1746616453, 0, 884, 996, 960, 8, 7.88%, 0, 0, 6, 20.28
1746616504, 0, 884, 997, 961, 8, 7.88%, 0, 0, 6, 21.92
1746616519, 0, 887, 997, 960, 14, 7.88%, 0, 0, 6, 40.88
1746616601, 0, 890, 997, 959, 13, 7.88%, 0, 0, 6, 53.48
1746616801, 0, 905, 997, 958, 12, 7.88%, 0, 0, 6, 36.89
1746617000, 0, 916, 997, 957, 11, 7.88%, 0, 0, 6, 46.85
1746617203, 0, 923, 997, 956, 10, 7.88%, 0, 0, 6, 46.59
1746617209, 0, 923, 998, 957, 10, 7.88%, 0, 0, 7, 30.79
1746617408, 0, 934, 998, 956, 9, 7.88%, 0, 0, 7, 47.97
1746617601, 0, 934, 999, 957, 9, 7.88%, 0, 0, 7, 40.53
1746617637, 0, 934, 1000, 958, 9, 7.88%, 0, 0, 7, 26.03
1746617658, 0, 936, 1000, 957, 9, 7.88%, 0, 0, 7, 40.36
1746617673, 0, 936, 1001, 958, 9, 7.99%, 0, 0, 7, 16.73
1746617704, 0, 936, 1002, 959, 9, 7.99%, 0, 0, 7, 19.88
1746617795, 0, 936, 1003, 960, 9, 7.99%, 0, 0, 7, 16.58
1746617800, 0, 936, 1005, 962, 9, 8.19%, 0, 0, 7, 15.52
1746617811, 0, 936, 1007, 964, 9, 8.19%, 0, 0, 7, 34.59
1746617887, 0, 936, 1009, 966, 9, 8.19%, 0, 0, 7, 19.83
1746617933, 0, 936, 1010, 967, 9, 8.19%, 0, 0, 7, 16.89
1746617995, 0, 936, 1011, 968, 9, 8.19%, 0, 0, 7, 18.22
1746618010, 0, 936, 1012, 969, 9, 8.19%, 0, 0, 7, 32.16
1746618020, 0, 966, 1012, 968, 8, 8.19%, 0, 0, 7, 45.20
1746618025, 0, 966, 1014, 970, 8, 8.19%, 0, 0, 7, 28.26
1746618036, 0, 966, 1018, 974, 8, 8.19%, 0, 0, 7, 17.79
1746618051, 0, 966, 1019, 975, 8, 8.19%, 0, 0, 7, 21.33
1746618128, 0, 966, 1020, 976, 8, 8.19%, 0, 0, 7, 19.85
1746618148, 0, 966, 1021, 977, 8, 8.19%, 0, 0, 7, 17.56
1746618153, 0, 966, 1022, 978, 8, 8.19%, 0, 0, 7, 17.23
1746618158, 0, 966, 1023, 979, 8, 8.19%, 0, 0, 7, 17.07
1746618169, 0, 966, 1025, 981, 8, 8.19%, 0, 0, 7, 16.34
1746618296, 0, 966, 1026, 982, 8, 8.19%, 0, 0, 7, 41.64
1746618378, 0, 968, 1026, 981, 8, 8.19%, 0, 0, 7, 43.01
1746618388, 0, 968, 1030, 985, 8, 8.23%, 0, 0, 7, 20.66
1746618393, 0, 968, 1032, 987, 8, 8.23%, 0, 0, 7, 25.14
1746618404, 0, 968, 1037, 992, 8, 8.23%, 0, 0, 7, 20.46
1746618409, 0, 968, 1038, 993, 8, 8.23%, 0, 0, 7, 20.55
1746618424, 0, 968, 1039, 994, 8, 8.23%, 0, 0, 7, 21.96
1746618465, 0, 968, 1041, 996, 8, 8.23%, 0, 0, 7, 20.96
1746618475, 0, 968, 1042, 997, 8, 8.23%, 0, 0, 7, 21.01
1746618480, 0, 968, 1043, 998, 8, 8.23%, 0, 0, 7, 21.23
1746618505, 0, 968, 1046, 1001, 8, 8.23%, 0, 0, 7, 18.03
1746618633, 0, 968, 1047, 1002, 8, 8.23%, 0, 0, 7, 18.24
1746618710, 0, 968, 1048, 1003, 8, 8.23%, 0, 0, 7, 35.81
1746618725, 0, 972, 1048, 1002, 8, 8.23%, 0, 0, 7, 43.11
1746618751, 0, 972, 1049, 1003, 8, 8.23%, 0, 0, 7, 19.02
1746618848, 0, 972, 1050, 1004, 8, 8.23%, 0, 0, 7, 17.69
1746618863, 0, 972, 1051, 1005, 8, 8.23%, 0, 0, 7, 15.11
1746618874, 0, 972, 1053, 1007, 8, 8.23%, 0, 0, 7, 30.38
1746619083, 0, 985, 1054, 1007, 7, 8.23%, 0, 0, 7, 33.75
1746619113, 0, 985, 1055, 1008, 7, 8.23%, 0, 0, 7, 25.08
1746619124, 0, 985, 1056, 1009, 7, 8.23%, 0, 0, 7, 17.27
1746619216, 0, 985, 1057, 1010, 7, 8.23%, 0, 0, 7, 16.43
1746619221, 0, 985, 1058, 1011, 7, 8.23%, 0, 0, 7, 15.55
1746619354, 0, 985, 1059, 1012, 7, 8.23%, 0, 0, 7, 21.63
1746619369, 0, 985, 1060, 1013, 7, 8.23%, 0, 0, 7, 23.37
1746619441, 0, 986, 1060, 1012, 6, 8.23%, 0, 0, 7, 39.73
1746619798, 0, 1000, 1060, 1011, 6, 8.23%, 0, 0, 7, 33.65
1746619900, 0, 1000, 1061, 1012, 6, 8.23%, 0, 0, 8, 19.74
1746620150, 0, 1003, 1061, 1011, 5, 8.23%, 0, 0, 8, 44.51
1746620508, 0, 1004, 1061, 1010, 4, 8.23%, 0, 0, 8, 36.06
1746620524, 0, 1004, 1063, 1012, 4, 8.24%, 0, 0, 8, 26.37
1746620539, 0, 1004, 1065, 1014, 4, 8.24%, 0, 0, 8, 26.32
1746620652, 0, 1004, 1068, 1017, 4, 8.24%, 0, 0, 8, 15.15
1746620657, 0, 1004, 1075, 1024, 4, 8.24%, 0, 0, 8, 15.27
1746620662, 0, 1004, 1078, 1027, 4, 8.24%, 0, 0, 8, 35.30
1746620871, 0, 1013, 1078, 1026, 6, 8.24%, 0, 0, 8, 42.60
1746621112, 0, 1013, 1079, 1027, 6, 8.24%, 0, 0, 8, 23.78
1746621230, 0, 1019, 1079, 1026, 5, 8.24%, 0, 0, 8, 34.97
1746621577, 0, 1019, 1080, 1027, 5, 8.25%, 0, 0, 8, 47.94
1746621603, 0, 1029, 1080, 1026, 5, 8.25%, 0, 0, 8, 34.76
1746621812, 0, 1029, 1081, 1027, 5, 8.25%, 0, 0, 8, 40.15
1746621939, 0, 1061, 1081, 1026, 4, 8.25%, 0, 0, 8, 46.79
1746622287, 0, 1061, 1082, 1027, 4, 8.25%, 0, 0, 9, 22.13
1746622307, 0, 1062, 1082, 1026, 4, 8.25%, 0, 0, 9, 33.22
1746622666, 0, 1064, 1082, 1025, 3, 8.25%, 0, 0, 9, 45.80
1746623024, 0, 1064, 1083, 1026, 3, 8.25%, 0, 0, 9, 45.07
1746623059, 0, 1079, 1083, 1025, 2, 8.25%, 0, 0, 9, 40.69
1746623069, 0, 1079, 1084, 1026, 2, 8.25%, 0, 0, 9, 20.71
1746623075, 0, 1079, 1086, 1028, 2, 8.25%, 0, 0, 9, 16.85
1746623080, 0, 1079, 1088, 1030, 2, 8.25%, 0, 0, 9, 14.89
1746623085, 0, 1079, 1089, 1031, 2, 8.25%, 0, 0, 9, 14.06
1746623136, 0, 1079, 1092, 1034, 2, 8.25%, 0, 0, 9, 13.22
1746623146, 0, 1079, 1093, 1035, 2, 8.25%, 0, 0, 9, 17.41
1746623151, 0, 1079, 1094, 1036, 2, 8.25%, 0, 0, 9, 15.10
1746623208, 0, 1079, 1095, 1037, 2, 8.25%, 0, 0, 9, 20.20
1746623294, 0, 1079, 1096, 1038, 2, 8.25%, 0, 0, 9, 13.94
1746623299, 0, 1079, 1097, 1039, 2, 8.25%, 0, 0, 9, 12.49
1746623482, 0, 1079, 1098, 1040, 2, 8.25%, 0, 0, 9, 16.15
1746623559, 0, 1079, 1099, 1041, 2, 8.25%, 0, 0, 9, 13.54
1746623682, 0, 1079, 1102, 1044, 2, 8.26%, 0, 0, 9, 11.53
1746623707, 0, 1079, 1103, 1045, 2, 8.26%, 0, 0, 9, 17.35
1746623727, 0, 1079, 1104, 1046, 2, 8.28%, 0, 0, 9, 40.30
1746623753, 0, 1099, 1105, 1046, 2, 8.28%, 0, 0, 10, 33.43
1746623758, 0, 1099, 1106, 1047, 2, 8.28%, 0, 0, 10, 22.28
1746623763, 0, 1099, 1107, 1048, 2, 8.28%, 0, 0, 10, 17.65
1746623768, 0, 1099, 1108, 1049, 2, 8.28%, 0, 0, 10, 14.36
1746623778, 0, 1099, 1109, 1050, 2, 8.28%, 0, 0, 10, 10.45
1746623784, 0, 1099, 1110, 1051, 2, 8.28%, 0, 0, 10, 9.33
1746623799, 0, 1099, 1111, 1052, 2, 8.28%, 0, 0, 10, 17.08
1746623840, 0, 1099, 1113, 1054, 2, 8.28%, 0, 0, 10, 10.87
1746623906, 0, 1099, 1114, 1055, 2, 8.28%, 0, 0, 10, 18.80
1746623912, 0, 1099, 1115, 1056, 2, 8.28%, 0, 0, 10, 19.45
1746623948, 0, 1099, 1116, 1057, 2, 8.28%, 0, 0, 10, 14.37
1746623973, 0, 1099, 1117, 1058, 2, 8.28%, 0, 0, 10, 13.72
1746624009, 0, 1099, 1119, 1060, 2, 8.28%, 0, 0, 10, 10.94
1746624311, 0, 1099, 1120, 1061, 2, 8.28%, 0, 0, 10, 9.39
1746624443, 0, 1099, 1122, 1063, 2, 8.28%, 0, 0, 10, 8.99
1746624448, 0, 1099, 1124, 1065, 2, 8.28%, 0, 0, 10, 8.36
1746624469, 0, 1099, 1125, 1066, 2, 8.28%, 0, 0, 10, 16.66
1746624494, 0, 1103, 1125, 1065, 2, 8.28%, 0, 0, 10, 41.97
1746624520, 0, 1103, 1127, 1067, 2, 8.29%, 0, 0, 10, 12.94
1746624566, 0, 1103, 1129, 1069, 2, 8.29%, 0, 0, 10, 15.44
1746624571, 0, 1103, 1130, 1070, 2, 8.29%, 0, 0, 10, 13.60
1746624678, 0, 1103, 1131, 1071, 2, 8.30%, 0, 0, 10, 15.07
1746624718, 0, 1103, 1132, 1072, 2, 8.30%, 0, 0, 10, 12.45
1746624734, 0, 1103, 1134, 1074, 2, 8.30%, 0, 0, 10, 12.46
1746624755, 0, 1103, 1135, 1075, 2, 8.30%, 0, 0, 10, 12.67
1746624872, 0, 1103, 1136, 1076, 2, 8.30%, 0, 0, 10, 10.87
1746624990, 0, 1103, 1137, 1077, 2, 8.30%, 0, 0, 10, 12.55
1746625113, 0, 1103, 1139, 1079, 2, 8.30%, 0, 0, 10, 12.08
1746625149, 0, 1103, 1140, 1080, 2, 8.30%, 0, 0, 10, 16.42
1746625155, 0, 1103, 1142, 1082, 2, 8.30%, 0, 0, 10, 13.65
1746625175, 0, 1114, 1142, 1081, 6, 8.30%, 0, 0, 10, 40.09
1746625201, 0, 1114, 1143, 1082, 6, 8.30%, 0, 0, 11, 10.49
1746625206, 0, 1114, 1144, 1083, 6, 8.30%, 0, 0, 11, 9.15
1746625262, 0, 1114, 1145, 1084, 6, 8.30%, 0, 0, 11, 10.72
1746625267, 0, 1114, 1146, 1085, 6, 8.30%, 0, 0, 11, 9.01
1746625670, 0, 1114, 1147, 1086, 6, 8.30%, 0, 0, 11, 24.39
1746625731, 0, 1114, 1148, 1087, 6, 8.30%, 0, 0, 11, 9.71
1746625778, 0, 1114, 1149, 1088, 6, 8.30%, 0, 0, 11, 10.57
1746625941, 0, 1114, 1151, 1090, 6, 8.30%, 0, 0, 11, 8.91
1746625987, 0, 1114, 1152, 1091, 6, 8.30%, 0, 0, 11, 47.42
1746626008, 0, 1125, 1152, 1090, 5, 8.30%, 0, 0, 11, 42.53
1746626447, 0, 1125, 1153, 1091, 5, 8.30%, 0, 0, 11, 13.02
1746626605, 0, 1129, 1153, 1090, 4, 8.30%, 0, 0, 11, 37.91
1746627106, 0, 1129, 1154, 1091, 4, 8.30%, 0, 0, 11, 23.49
1746627141, 0, 1130, 1154, 1090, 3, 8.30%, 0, 0, 11, 34.87
1746627157, 0, 1130, 1156, 1092, 3, 8.30%, 0, 0, 11, 14.88
1746627570, 0, 1130, 1157, 1093, 3, 8.30%, 0, 0, 11, 13.45
1746627672, 0, 1130, 1160, 1096, 3, 8.30%, 0, 0, 11, 14.20
1746627713, 0, 1130, 1161, 1097, 3, 8.30%, 0, 0, 11, 14.69
1746627723, 0, 1130, 1162, 1098, 3, 8.30%, 0, 0, 11, 38.15
1746627738, 0, 1130, 1163, 1099, 3, 8.30%, 0, 0, 11, 15.31
1746627820, 0, 1130, 1164, 1100, 3, 8.30%, 0, 0, 11, 45.44
1746627927, 0, 1139, 1164, 1099, 4, 8.30%, 0, 0, 11, 39.58
1746628106, 0, 1139, 1165, 1100, 4, 8.30%, 0, 0, 11, 14.71
1746628592, 0, 1142, 1165, 1099, 3, 8.30%, 0, 0, 11, 33.26
1746628643, 0, 1142, 1166, 1100, 3, 8.30%, 0, 0, 12, 10.59
1746628673, 0, 1142, 1167, 1101, 3, 8.30%, 0, 0, 12, 10.35
1746629271, 0, 1142, 1168, 1102, 3, 8.30%, 0, 0, 12, 8.58
1746629328, 0, 1157, 1168, 1101, 4, 8.30%, 0, 0, 12, 41.08
1746629348, 0, 1157, 1169, 1102, 4, 8.30%, 0, 0, 12, 14.75
1746629951, 0, 1160, 1169, 1101, 3, 8.30%, 0, 0, 12, 33.31
1746630558, 0, 1165, 1169, 1100, 2, 8.30%, 0, 0, 12, 40.78
1746630568, 0, 1165, 1170, 1101, 2, 8.30%, 0, 0, 13, 19.42
1746630578, 0, 1165, 1171, 1102, 2, 8.30%, 0, 0, 13, 12.64
1746631302, 1, 30, 1171, 1101, 1, 8.30%, 0, 0, 13, 53.41
1746631318, 1, 54, 1171, 1100, 1, 8.30%, 0, 0, 13, 71.57
1746631333, 1, 275, 1171, 1099, 1, 8.30%, 0, 0, 13, 67.85
1746631354, 1, 466, 1171, 1098, 1, 8.30%, 0, 0, 13, 60.06
1746631374, 1, 466, 1172, 1099, 1, 8.30%, 0, 0, 13, 61.97
1746631390, 1, 663, 1172, 1098, 1, 8.30%, 0, 0, 13, 57.42
1746631471, 1, 665, 1172, 1097, 1, 8.30%, 0, 0, 13, 56.58
1746631476, 1, 1010, 1173, 1098, 1, 8.30%, 0, 0, 13, 34.75
1746631593, 1, 1010, 1174, 1099, 1, 8.30%, 0, 0, 13, 18.45
1746631834, 1, 1092, 1174, 1098, 1, 8.30%, 0, 0, 13, 44.07
1746632570, 1, 1093, 1174, 1097, 0, 8.30%, 0, 0, 13, 36.94
1746633208, 1, 1098, 1174, 1096, 0, 8.30%, 0, 0, 13, 37.82
1746633223, 1, 1098, 1175, 1097, 0, 8.30%, 0, 0, 13, 14.27
1746633953, 1, 1107, 1175, 1096, 0, 8.30%, 0, 0, 13, 37.41
1746634041, 1, 1107, 1176, 1097, 0, 8.30%, 0, 0, 13, 45.41
1746634638, 1, 1107, 1177, 1098, 0, 8.30%, 0, 0, 13, 8.67
1746634699, 1, 1109, 1177, 1097, 0, 8.30%, 0, 0, 13, 33.96
1746634786, 1, 1109, 1178, 1098, 0, 8.30%, 0, 0, 13, 41.39
1746635445, 1, 1109, 1179, 1099, 0, 8.30%, 0, 0, 13, 47.15
1746635461, 1, 1113, 1179, 1098, 0, 8.30%, 0, 0, 13, 37.95
1746635548, 1, 1113, 1181, 1100, 0, 8.30%, 0, 0, 13, 9.46
1746636023, 1, 1113, 1182, 1101, 0, 8.30%, 0, 0, 13, 8.64
1746636207, 1, 1119, 1182, 1100, 0, 8.30%, 0, 0, 13, 40.18
1746636269, 1, 1119, 1183, 1101, 0, 8.30%, 0, 0, 13, 8.27
1746636469, 1, 1119, 1184, 1102, 0, 8.30%, 0, 0, 13, 8.70
1746636970, 1, 1119, 1185, 1103, 0, 8.30%, 0, 0, 13, 44.02
1746636996, 1, 1121, 1185, 1102, 0, 8.30%, 0, 0, 13, 40.10
1746637098, 1, 1121, 1186, 1103, 0, 8.30%, 0, 0, 13, 16.28
1746637435, 1, 1121, 1187, 1104, 0, 8.30%, 0, 0, 13, 8.14
1746637705, 1, 1121, 1188, 1105, 0, 8.30%, 0, 0, 13, 7.65
1746637761, 1, 1122, 1188, 1104, 0, 8.30%, 0, 0, 13, 32.16
1746638528, 1, 1122, 1189, 1105, 0, 8.30%, 0, 0, 13, 7.03
1746638548, 1, 1128, 1189, 1104, 0, 8.30%, 0, 0, 13, 39.29
1746639243, 1, 1129, 1189, 1103, 0, 8.30%, 0, 0, 13, 45.99
1746639248, 1, 1131, 1189, 1103, 0, 8.30%, 0, 0, 13, 40.94
1746639975, 1, 1135, 1189, 1102, 0, 8.30%, 0, 0, 13, 37.45
1746640692, 1, 1135, 1190, 1103, 0, 8.30%, 0, 0, 13, 46.27
1746640718, 1, 1139, 1191, 1103, 0, 8.30%, 0, 0, 13, 41.13
1746640733, 1, 1143, 1191, 1103, 0, 8.30%, 0, 0, 13, 34.87
1746641378, 1, 1146, 1191, 1102, 0, 8.30%, 0, 0, 13, 34.18
1746641711, 1, 1152, 1191, 1101, 0, 8.30%, 0, 0, 13, 52.93
1746641757, 1, 1152, 1192, 1102, 0, 8.30%, 0, 0, 13, 13.93
1746641941, 1, 1152, 1194, 1104, 0, 8.30%, 0, 0, 13, 13.12
1746642344, 1, 1156, 1194, 1103, 0, 8.30%, 0, 0, 13, 34.23
1746642364, 1, 1156, 1195, 1104, 0, 8.30%, 0, 0, 13, 12.45
1746642783, 1, 1156, 1196, 1105, 0, 8.30%, 0, 0, 13, 12.66
1746642962, 1, 1157, 1196, 1104, 0, 8.30%, 0, 0, 13, 47.35
1746642968, 1, 1157, 1197, 1105, 0, 8.30%, 0, 0, 13, 50.39
1746642978, 1, 1158, 1197, 1105, 0, 8.30%, 0, 0, 13, 35.58
1746643601, 1, 1160, 1197, 1104, 0, 8.30%, 0, 0, 13, 46.94
1746643612, 1, 1166, 1197, 1104, 0, 8.30%, 0, 0, 13, 34.47
1746644338, 1, 1167, 1197, 1103, 0, 8.30%, 0, 0, 13, 37.99
1746644364, 1, 1167, 1198, 1104, 0, 8.30%, 0, 0, 13, 8.59
1746644369, 1, 1167, 1199, 1105, 0, 8.30%, 0, 0, 13, 7.46
1746644435, 1, 1167, 1200, 1106, 0, 8.30%, 0, 0, 13, 47.21
1746644946, 1, 1167, 1202, 1108, 0, 8.30%, 0, 0, 13, 7.47
1746644952, 1, 1167, 1204, 1110, 0, 8.30%, 0, 0, 13, 6.59
1746645126, 1, 1167, 1205, 1111, 0, 8.30%, 0, 0, 13, 26.15
1746645146, 1, 1172, 1205, 1110, 0, 8.30%, 0, 0, 13, 31.24
1746645539, 1, 1173, 1205, 1109, 0, 8.30%, 0, 0, 13, 39.84
1746645933, 1, 1174, 1205, 1108, 0, 8.30%, 0, 0, 13, 41.82
1746646019, 1, 1174, 1206, 1109, 0, 8.30%, 0, 0, 13, 47.21
1746646654, 1, 1174, 1207, 1110, 0, 8.30%, 0, 0, 13, 15.12
1746646710, 1, 1181, 1207, 1109, 0, 8.30%, 0, 0, 13, 40.04
1746646741, 1, 1181, 1208, 1110, 0, 8.30%, 0, 0, 13, 8.70
1746646798, 1, 1181, 1209, 1111, 0, 8.30%, 0, 0, 13, 10.40
1746647489, 1, 1181, 1210, 1112, 0, 8.30%, 0, 0, 13, 54.86
1746647540, 1, 1193, 1210, 1111, 2, 8.30%, 0, 0, 13, 37.61
1746648178, 1, 1193, 1211, 1112, 2, 8.30%, 0, 0, 13, 45.05
1746648229, 1, 1193, 1212, 1113, 2, 8.30%, 0, 0, 13, 47.59
1746648342, 1, 1209, 1212, 1112, 1, 8.30%, 0, 0, 13, 44.83
1746648373, 1, 1209, 1214, 1114, 1, 8.30%, 0, 0, 13, 9.17
1746648378, 1, 1209, 1216, 1116, 1, 8.30%, 0, 0, 13, 8.30
1746648429, 1, 1209, 1217, 1117, 1, 8.30%, 0, 0, 13, 7.99
1746648711, 1, 1209, 1218, 1118, 1, 8.30%, 0, 0, 13, 7.84
1746649301, 1, 1209, 1219, 1119, 1, 8.30%, 0, 0, 13, 9.54
1746649490, 1, 1212, 1219, 1118, 1, 8.30%, 0, 0, 13, 37.06
1746649526, 1, 1212, 1221, 1120, 1, 8.32%, 0, 0, 14, 8.69
1746649531, 1, 1212, 1222, 1121, 1, 8.32%, 0, 0, 14, 8.47
1746649551, 1, 1212, 1223, 1122, 1, 8.32%, 0, 0, 14, 15.07
1746649572, 1, 1212, 1224, 1123, 1, 8.32%, 0, 0, 14, 8.63
1746649613, 1, 1212, 1226, 1125, 1, 8.38%, 0, 0, 14, 8.60
1746649618, 1, 1212, 1227, 1126, 1, 8.42%, 0, 0, 14, 8.41
1746649848, 1, 1212, 1228, 1127, 1, 8.42%, 0, 0, 14, 8.47
1746649853, 1, 1212, 1230, 1129, 1, 8.42%, 0, 0, 14, 8.38
1746650546, 1, 1212, 1231, 1130, 1, 8.42%, 0, 0, 14, 8.50
1746650572, 1, 1212, 1232, 1131, 1, 8.42%, 0, 0, 14, 40.16
1746650633, 1, 1226, 1232, 1130, 2, 8.42%, 0, 0, 14, 34.29
1746650643, 1, 1226, 1233, 1131, 2, 8.42%, 0, 0, 15, 18.29
1746650699, 1, 1226, 1234, 1132, 2, 8.42%, 0, 0, 15, 11.27
1746650720, 1, 1226, 1235, 1133, 2, 8.42%, 0, 0, 15, 49.02
1746650755, 1, 1226, 1236, 1134, 2, 8.43%, 0, 0, 15, 8.45
1746651173, 1, 1226, 1237, 1135, 2, 8.43%, 0, 0, 15, 10.18
1746651668, 1, 1226, 1238, 1136, 2, 8.43%, 0, 0, 15, 8.79
1746651684, 1, 1226, 1239, 1137, 2, 8.46%, 0, 0, 15, 8.18
1746651740, 1, 1235, 1239, 1136, 3, 8.46%, 0, 0, 15, 34.30
1746651776, 1, 1235, 1241, 1138, 3, 8.46%, 0, 0, 16, 8.10
1746651781, 1, 1235, 1243, 1140, 3, 8.46%, 1, 0, 16, 7.79
1746651786, 1, 1235, 1244, 1141, 3, 8.46%, 1, 0, 16, 49.50
1746651822, 1, 1235, 1245, 1142, 3, 8.46%, 1, 0, 16, 8.32
1746651827, 1, 1235, 1247, 1144, 3, 8.46%, 4, 0, 16, 7.88
1746651868, 1, 1235, 1248, 1145, 3, 8.46%, 9, 0, 16, 8.00
1746651878, 1, 1235, 1248, 1145, 3, 8.46%, 10, 0, 16, 20.73
1746652001, 1, 1235, 1249, 1146, 3, 8.46%, 10, 0, 16, 13.14
1746652047, 1, 1235, 1250, 1147, 3, 8.46%, 10, 0, 16, 9.03
1746652113, 1, 1235, 1251, 1148, 3, 8.46%, 10, 0, 16, 8.00
1746652119, 1, 1235, 1252, 1149, 3, 8.46%, 10, 0, 16, 7.85
1746652124, 1, 1235, 1253, 1150, 3, 8.46%, 10, 0, 16, 7.85
1746652134, 1, 1235, 1254, 1151, 3, 8.46%, 10, 0, 16, 7.86
1746652144, 1, 1235, 1254, 1151, 3, 8.46%, 18, 0, 16, 7.64
1746652149, 1, 1235, 1254, 1151, 3, 8.46%, 27, 0, 16, 7.57
1746652364, 1, 1235, 1254, 1151, 3, 8.46%, 31, 0, 16, 7.48
1746652369, 1, 1235, 1254, 1151, 3, 8.46%, 37, 0, 16, 7.13
1746652374, 1, 1235, 1254, 1151, 3, 8.46%, 38, 0, 16, 8.97
1746652415, 1, 1235, 1255, 1152, 3, 8.46%, 39, 0, 16, 53.43
1746652522, 1, 1235, 1256, 1153, 3, 8.46%, 39, 0, 16, 7.99
1746652532, 1, 1235, 1257, 1154, 3, 8.46%, 45, 0, 16, 7.82
1746652537, 1, 1235, 1258, 1155, 3, 8.46%, 45, 0, 16, 7.93
1746652726, 1, 1235, 1259, 1156, 3, 8.46%, 45, 0, 16, 7.83
1746652731, 1, 1235, 1261, 1158, 3, 8.46%, 45, 0, 16, 7.59
1746652813, 1, 1235, 1261, 1158, 3, 8.46%, 47, 0, 16, 8.00
1746652818, 1, 1235, 1262, 1159, 3, 8.46%, 47, 0, 16, 7.85
1746652869, 1, 1236, 1262, 1158, 4, 8.46%, 47, 0, 16, 35.60
1746653892, 1, 1244, 1262, 1157, 3, 8.46%, 47, 0, 16, 35.00
1746653917, 1, 1244, 1263, 1158, 3, 8.46%, 47, 0, 17, 9.60
1746654015, 1, 1244, 1264, 1159, 3, 8.46%, 48, 0, 17, 7.93
1746654259, 1, 1244, 1265, 1160, 3, 8.46%, 48, 0, 17, 7.90
1746654429, 1, 1244, 1266, 1161, 3, 8.46%, 48, 0, 17, 11.14
1746654434, 1, 1244, 1267, 1162, 3, 8.46%, 48, 0, 17, 10.08
1746654665, 1, 1244, 1267, 1162, 3, 8.46%, 50, 0, 17, 7.89
1746654951, 1, 1244, 1268, 1163, 3, 8.46%, 51, 0, 17, 7.74
1746654956, 1, 1244, 1269, 1164, 3, 8.46%, 51, 0, 17, 61.03
1746654981, 1, 1244, 1269, 1164, 3, 8.46%, 52, 0, 17, 42.10
1746655007, 1, 1266, 1269, 1163, 1, 8.46%, 52, 0, 17, 36.06
