# unix_time, cycles_done, cur_path, paths_total, pending_total, pending_favs, map_size, unique_crashes, unique_hangs, max_depth, execs_per_sec
1746612050, 0, 0, 1, 1, 1, 3.78%, 0, 0, 1, 76.92
1746612055, 0, 0, 26, 26, 1, 4.55%, 0, 0, 2, 73.64
1746612060, 0, 0, 40, 40, 1, 4.56%, 0, 0, 2, 72.79
1746612065, 0, 0, 52, 52, 1, 4.56%, 0, 0, 2, 71.50
1746612070, 0, 0, 61, 61, 1, 4.56%, 0, 0, 2, 73.76
1746612075, 0, 0, 66, 66, 1, 4.56%, 0, 0, 2, 73.36
1746612080, 0, 0, 74, 74, 1, 4.56%, 0, 0, 2, 72.13
1746612086, 0, 0, 81, 81, 1, 4.56%, 0, 0, 2, 72.91
1746612091, 0, 0, 86, 86, 1, 4.56%, 0, 0, 2, 74.89
1746612101, 0, 0, 88, 88, 1, 4.56%, 0, 0, 2, 78.16
1746612106, 0, 0, 91, 91, 1, 4.56%, 0, 0, 2, 76.39
1746612111, 0, 0, 92, 92, 1, 4.56%, 0, 0, 2, 78.20
1746612116, 0, 0, 93, 93, 1, 4.56%, 0, 0, 2, 78.42
1746612122, 0, 0, 94, 94, 1, 4.56%, 0, 0, 2, 77.85
1746612127, 0, 0, 97, 97, 1, 4.56%, 0, 0, 2, 75.10
1746612132, 0, 0, 100, 100, 1, 4.56%, 0, 0, 2, 76.28
1746612137, 0, 0, 102, 102, 1, 4.56%, 0, 0, 2, 74.62
1746612142, 0, 0, 103, 103, 1, 4.56%, 0, 0, 2, 76.78
1746612147, 0, 0, 104, 104, 1, 4.56%, 0, 0, 2, 77.33
1746612153, 0, 0, 108, 108, 1, 4.56%, 0, 0, 2, 73.63
1746612158, 0, 0, 109, 109, 1, 4.56%, 0, 0, 2, 76.14
1746612163, 0, 0, 111, 111, 1, 4.77%, 0, 0, 2, 113.26
1746612168, 0, 0, 113, 113, 1, 4.77%, 0, 0, 2, 133.08
1746612173, 0, 0, 115, 115, 1, 4.77%, 0, 0, 2, 135.38
1746612178, 0, 0, 116, 116, 1, 4.77%, 0, 0, 2, 138.29
1746612194, 0, 0, 118, 118, 1, 4.77%, 0, 0, 2, 137.96
1746612199, 0, 0, 119, 119, 1, 4.77%, 0, 0, 2, 137.87
1746612209, 0, 0, 120, 120, 1, 4.77%, 0, 0, 2, 138.11
1746612225, 0, 0, 123, 123, 1, 4.77%, 0, 0, 2, 136.23
1746612230, 0, 1, 123, 122, 4, 4.77%, 0, 0, 2, 138.39
1746612235, 0, 10, 123, 121, 3, 4.77%, 0, 0, 2, 121.48
1746612271, 0, 10, 125, 123, 3, 4.79%, 0, 0, 3, 122.59
1746612276, 0, 10, 128, 126, 3, 4.79%, 0, 0, 3, 121.91
1746612281, 0, 10, 129, 127, 3, 4.79%, 0, 0, 3, 124.65
1746612286, 0, 10, 130, 128, 3, 4.79%, 0, 0, 3, 124.26
1746612291, 0, 10, 134, 132, 3, 4.79%, 0, 0, 3, 121.47
1746612297, 0, 10, 137, 135, 3, 4.79%, 0, 0, 3, 122.77
1746612302, 0, 10, 138, 136, 3, 4.79%, 0, 0, 3, 122.90
1746612307, 0, 10, 139, 137, 3, 4.79%, 0, 0, 3, 123.64
1746612317, 0, 10, 141, 139, 3, 4.79%, 0, 0, 3, 122.19
1746612323, 0, 10, 144, 142, 3, 4.79%, 0, 0, 3, 120.56
1746612333, 0, 10, 146, 144, 3, 4.79%, 0, 0, 3, 122.17
1746612338, 0, 10, 148, 146, 3, 4.79%, 0, 0, 3, 122.97
1746612343, 0, 10, 149, 147, 3, 4.79%, 0, 0, 3, 123.96
1746612348, 0, 10, 152, 150, 3, 4.79%, 0, 0, 3, 122.36
1746612353, 0, 10, 153, 151, 3, 4.79%, 0, 0, 3, 124.96
1746612358, 0, 10, 154, 152, 3, 4.79%, 0, 0, 3, 124.06
1746612374, 0, 10, 155, 153, 3, 4.79%, 0, 0, 3, 124.79
1746612394, 0, 10, 156, 154, 3, 4.79%, 0, 0, 3, 123.62
1746612405, 0, 56, 156, 153, 3, 4.79%, 0, 0, 3, 137.08
1746612415, 0, 96, 156, 152, 2, 4.79%, 0, 0, 3, 101.68
1746612617, 0, 96, 159, 155, 2, 4.79%, 0, 0, 3, 88.07
1746612622, 0, 96, 164, 160, 2, 4.79%, 0, 0, 3, 87.97
1746612627, 0, 96, 173, 169, 2, 4.79%, 0, 0, 3, 87.38
1746612632, 0, 96, 178, 174, 2, 4.79%, 0, 0, 3, 90.30
1746612637, 0, 96, 183, 179, 2, 4.79%, 0, 0, 3, 89.08
1746612643, 0, 96, 186, 182, 2, 4.79%, 0, 0, 3, 89.91
1746612653, 0, 96, 187, 183, 2, 4.79%, 0, 0, 3, 92.17
1746612658, 0, 96, 188, 184, 2, 4.79%, 0, 0, 3, 91.50
1746612663, 0, 96, 190, 186, 2, 4.79%, 0, 0, 3, 90.67
1746612673, 0, 96, 191, 187, 2, 4.79%, 0, 0, 3, 91.84
1746612684, 0, 96, 192, 188, 2, 4.79%, 0, 0, 3, 91.39
1746612694, 0, 96, 194, 190, 2, 4.79%, 0, 0, 3, 89.91
1746612699, 0, 96, 195, 191, 2, 4.79%, 0, 0, 3, 89.64
1746612704, 0, 96, 196, 192, 2, 4.79%, 0, 0, 3, 89.38
1746612709, 0, 96, 197, 193, 2, 4.79%, 0, 0, 3, 90.94
1746612714, 0, 96, 198, 194, 2, 4.79%, 0, 0, 3, 91.85
1746612725, 0, 96, 199, 195, 2, 4.79%, 0, 0, 3, 92.16
1746612735, 0, 96, 201, 197, 2, 4.79%, 0, 0, 3, 91.84
1746612745, 0, 96, 202, 198, 2, 4.79%, 0, 0, 3, 92.72
1746612756, 0, 96, 203, 199, 2, 4.79%, 0, 0, 3, 92.44
1746612776, 0, 96, 205, 201, 2, 4.79%, 0, 0, 3, 90.51
1746612786, 0, 96, 206, 202, 2, 4.79%, 0, 0, 3, 91.27
1746612802, 0, 144, 206, 201, 2, 4.79%, 0, 0, 3, 67.14
1746612914, 0, 144, 210, 205, 2, 4.79%, 0, 0, 4, 61.12
1746612919, 0, 144, 219, 214, 2, 4.79%, 0, 0, 4, 62.73
1746612924, 0, 144, 229, 224, 2, 4.79%, 0, 0, 4, 60.74
1746612929, 0, 144, 234, 229, 2, 4.79%, 0, 0, 4, 65.75
1746612934, 0, 144, 237, 232, 2, 4.79%, 0, 0, 4, 65.30
1746612939, 0, 144, 241, 236, 2, 4.79%, 0, 0, 4, 64.04
1746612945, 0, 144, 243, 238, 2, 4.79%, 0, 0, 4, 65.36
1746612950, 0, 144, 244, 239, 2, 4.79%, 0, 0, 4, 63.98
1746612955, 0, 144, 245, 240, 2, 4.79%, 0, 0, 4, 65.05
1746612960, 0, 144, 246, 241, 2, 4.79%, 0, 0, 4, 66.03
1746612965, 0, 144, 249, 244, 2, 4.79%, 0, 0, 4, 64.87
1746612975, 0, 144, 251, 246, 2, 4.79%, 0, 0, 4, 64.85
1746612980, 0, 144, 252, 247, 2, 4.79%, 0, 0, 4, 64.54
1746612986, 0, 144, 253, 248, 2, 4.79%, 0, 0, 4, 65.23
1746612991, 0, 144, 255, 250, 2, 4.79%, 0, 0, 4, 65.36
1746613001, 0, 144, 256, 251, 2, 4.79%, 0, 0, 4, 64.80
1746613006, 0, 144, 258, 253, 2, 4.79%, 0, 0, 4, 64.38
1746613011, 0, 144, 259, 254, 2, 4.79%, 0, 0, 4, 65.75
1746613032, 0, 144, 260, 255, 2, 4.79%, 0, 0, 4, 66.98
1746613047, 0, 144, 261, 256, 2, 4.79%, 0, 0, 4, 65.99
1746613058, 0, 144, 262, 257, 2, 5.16%, 0, 0, 4, 65.80
1746613063, 0, 144, 263, 258, 2, 5.16%, 0, 0, 4, 64.88
1746613083, 0, 144, 264, 259, 2, 5.16%, 0, 0, 4, 65.58
1746613089, 0, 144, 265, 260, 2, 5.16%, 0, 0, 4, 65.21
1746613104, 0, 144, 266, 261, 2, 5.16%, 0, 0, 4, 65.29
1746613120, 0, 144, 267, 262, 2, 5.16%, 0, 0, 4, 65.85
1746613125, 0, 144, 268, 263, 2, 5.16%, 0, 0, 4, 64.03
1746613151, 0, 144, 269, 264, 2, 5.16%, 0, 0, 4, 65.59
1746613161, 0, 144, 270, 265, 2, 5.16%, 0, 0, 4, 64.52
1746613171, 0, 229, 270, 264, 2, 5.16%, 0, 0, 4, 61.86
1746613322, 0, 229, 271, 265, 2, 5.16%, 0, 0, 5, 57.54
1746613327, 0, 229, 272, 266, 2, 5.16%, 0, 0, 5, 56.93
1746613337, 0, 229, 274, 268, 2, 5.16%, 0, 0, 5, 56.58
1746613347, 0, 229, 275, 269, 2, 5.16%, 0, 0, 5, 58.22
1746613363, 0, 229, 276, 270, 2, 5.16%, 0, 0, 5, 58.14
1746613368, 0, 229, 277, 271, 2, 5.16%, 0, 0, 5, 56.91
1746613373, 0, 229, 278, 272, 2, 5.16%, 0, 0, 5, 57.51
1746613383, 0, 229, 280, 274, 2, 5.16%, 0, 0, 5, 57.44
1746613388, 0, 229, 281, 275, 2, 5.16%, 0, 0, 5, 56.20
1746613394, 0, 229, 282, 276, 2, 5.16%, 0, 0, 5, 57.40
1746613409, 0, 229, 283, 277, 2, 5.16%, 0, 0, 5, 57.33
1746613419, 0, 229, 284, 278, 2, 5.16%, 0, 0, 5, 58.08
1746613424, 0, 229, 285, 279, 2, 5.16%, 0, 0, 5, 58.36
1746613434, 0, 229, 286, 280, 2, 5.16%, 0, 0, 5, 57.77
1746613444, 0, 229, 287, 281, 2, 5.16%, 0, 0, 5, 56.73
1746613449, 0, 229, 289, 283, 2, 5.16%, 0, 0, 5, 57.68
1746613526, 0, 229, 290, 284, 2, 5.16%, 0, 0, 5, 58.73
1746613567, 0, 229, 291, 285, 2, 5.16%, 0, 0, 5, 57.76
1746613582, 0, 229, 292, 286, 2, 5.16%, 0, 0, 5, 58.07
1746613602, 0, 261, 293, 286, 1, 5.16%, 0, 0, 5, 50.15
1746613705, 0, 261, 297, 290, 1, 5.16%, 0, 0, 5, 34.03
1746613710, 0, 261, 299, 292, 1, 5.16%, 0, 0, 5, 34.02
1746613953, 0, 261, 302, 295, 1, 5.16%, 0, 0, 5, 33.95
1746615802, 0, 261, 311, 304, 1, 5.36%, 0, 0, 5, 34.36
1746615807, 0, 261, 328, 321, 1, 5.37%, 0, 0, 5, 34.74
1746615812, 0, 261, 343, 336, 1, 5.38%, 0, 0, 5, 34.81
1746615817, 0, 261, 357, 350, 1, 5.39%, 0, 0, 5, 34.54
1746615822, 0, 261, 369, 362, 1, 5.39%, 0, 0, 5, 34.94
1746615827, 0, 261, 379, 372, 1, 5.42%, 0, 0, 5, 35.00
1746615832, 0, 261, 388, 381, 1, 5.42%, 0, 0, 5, 35.60
1746615837, 0, 261, 395, 388, 1, 5.44%, 0, 0, 5, 34.96
1746615843, 0, 261, 401, 394, 1, 5.44%, 0, 0, 5, 35.73
1746615848, 0, 261, 409, 402, 1, 5.44%, 0, 0, 5, 35.51
1746615853, 0, 261, 415, 408, 1, 5.44%, 0, 0, 5, 34.92
1746615858, 0, 261, 419, 412, 1, 5.44%, 0, 0, 5, 35.49
1746615863, 0, 261, 424, 417, 1, 5.44%, 0, 0, 5, 35.53
1746615868, 0, 261, 425, 418, 1, 5.44%, 0, 0, 5, 36.20
1746615873, 0, 261, 426, 419, 1, 5.44%, 0, 0, 5, 36.39
1746615878, 0, 261, 427, 420, 1, 5.44%, 0, 0, 5, 36.55
1746615883, 0, 261, 429, 422, 1, 5.44%, 0, 0, 5, 36.13
1746615889, 0, 261, 431, 424, 1, 5.44%, 0, 0, 5, 36.74
1746615894, 0, 261, 432, 425, 1, 5.44%, 0, 0, 5, 36.57
1746615899, 0, 261, 434, 427, 1, 5.44%, 0, 0, 5, 36.21
1746615904, 0, 261, 436, 429, 1, 5.44%, 0, 0, 5, 35.85
1746615914, 0, 261, 439, 432, 1, 5.44%, 0, 0, 5, 35.29
1746615919, 0, 261, 440, 433, 1, 5.44%, 0, 0, 5, 36.08
1746615925, 0, 261, 441, 434, 1, 5.44%, 0, 0, 5, 36.51
1746615940, 0, 261, 442, 435, 1, 5.44%, 0, 0, 5, 36.39
1746615950, 0, 261, 443, 436, 1, 5.44%, 0, 0, 5, 36.39
1746615960, 0, 261, 446, 439, 1, 5.44%, 0, 0, 5, 36.38
1746615966, 0, 261, 447, 440, 1, 5.44%, 0, 0, 5, 36.29
1746615976, 0, 261, 448, 441, 1, 5.44%, 0, 0, 5, 36.79
1746615981, 0, 261, 451, 444, 1, 5.44%, 0, 0, 5, 35.30
1746615986, 0, 261, 452, 445, 1, 5.44%, 0, 0, 5, 36.14
1746615991, 0, 261, 453, 446, 1, 5.44%, 0, 0, 5, 36.44
1746615996, 0, 261, 454, 447, 1, 5.44%, 0, 0, 5, 36.14
1746616002, 0, 261, 456, 449, 1, 5.44%, 0, 0, 5, 35.75
1746616022, 0, 261, 457, 450, 1, 5.45%, 0, 0, 5, 36.30
1746616027, 0, 261, 458, 451, 1, 5.45%, 0, 0, 5, 36.42
1746616042, 0, 261, 459, 452, 1, 5.45%, 0, 0, 5, 36.54
1746616053, 0, 261, 460, 453, 1, 5.45%, 0, 0, 5, 37.37
1746616063, 0, 261, 461, 454, 1, 5.45%, 0, 0, 5, 36.43
1746616078, 0, 261, 462, 455, 1, 5.45%, 0, 0, 5, 36.18
1746616084, 0, 261, 464, 457, 1, 5.49%, 0, 0, 5, 35.81
1746616094, 0, 261, 465, 458, 1, 5.49%, 0, 0, 5, 36.51
1746616114, 0, 261, 466, 459, 1, 5.49%, 0, 0, 5, 35.91
1746616119, 0, 261, 468, 461, 1, 5.50%, 0, 0, 5, 35.42
1746616135, 0, 261, 469, 462, 1, 5.50%, 0, 0, 5, 36.74
1746616155, 0, 261, 470, 463, 1, 5.50%, 0, 0, 5, 36.93
1746616165, 0, 261, 472, 465, 1, 5.50%, 0, 0, 5, 35.41
1746616176, 0, 311, 472, 464, 11, 5.50%, 0, 0, 5, 36.33
1746617473, 0, 311, 475, 467, 11, 5.50%, 0, 0, 6, 34.81
1746617479, 0, 311, 476, 468, 11, 5.50%, 0, 0, 6, 35.81
1746617489, 0, 311, 477, 469, 11, 5.50%, 0, 0, 6, 36.20
1746617499, 0, 311, 479, 471, 11, 5.50%, 0, 0, 6, 36.24
1746617509, 0, 311, 480, 472, 11, 5.50%, 0, 0, 6, 35.92
1746617515, 0, 311, 482, 474, 11, 5.58%, 0, 0, 6, 36.42
1746617525, 0, 311, 483, 475, 11, 5.58%, 0, 0, 6, 35.65
1746617530, 0, 311, 484, 476, 11, 5.58%, 0, 0, 6, 35.60
1746617545, 0, 311, 485, 477, 11, 5.58%, 0, 0, 6, 35.89
1746617550, 0, 311, 486, 478, 11, 5.58%, 0, 0, 6, 35.64
1746617592, 0, 311, 487, 479, 11, 5.58%, 0, 0, 6, 36.35
1746617597, 0, 311, 488, 480, 11, 5.58%, 0, 0, 6, 36.08
1746617602, 0, 311, 489, 481, 11, 5.58%, 0, 0, 6, 36.53
1746617628, 0, 311, 490, 482, 11, 5.58%, 0, 0, 6, 35.75
1746617643, 0, 311, 491, 483, 11, 5.58%, 0, 0, 6, 36.28
1746617648, 0, 311, 492, 484, 11, 5.58%, 0, 0, 6, 36.30
1746617658, 0, 311, 493, 485, 11, 5.58%, 0, 0, 6, 36.46
1746617669, 0, 311, 494, 486, 11, 5.58%, 0, 0, 6, 36.40
1746617694, 0, 311, 495, 487, 11, 5.58%, 0, 0, 6, 36.22
1746617700, 0, 311, 496, 488, 11, 5.58%, 0, 0, 6, 35.31
1746617725, 0, 311, 497, 489, 11, 5.58%, 0, 0, 6, 35.96
1746617771, 0, 311, 498, 490, 11, 5.58%, 0, 0, 6, 36.03
1746617777, 0, 311, 499, 491, 11, 5.58%, 0, 0, 6, 36.10
1746617802, 0, 311, 500, 492, 11, 5.58%, 0, 0, 6, 36.28
1746617813, 0, 311, 501, 493, 11, 5.58%, 0, 0, 6, 35.64
1746617818, 0, 311, 502, 494, 11, 5.58%, 0, 0, 6, 35.87
1746617853, 0, 311, 503, 495, 11, 5.58%, 0, 0, 6, 35.92
1746617879, 0, 311, 504, 496, 11, 5.58%, 0, 0, 6, 36.59
1746617884, 0, 311, 505, 497, 11, 5.58%, 0, 0, 6, 35.71
1746617905, 0, 311, 506, 498, 11, 5.58%, 0, 0, 6, 35.69
1746617910, 0, 311, 507, 499, 11, 5.58%, 0, 0, 6, 35.22
1746617930, 0, 311, 508, 500, 11, 5.58%, 0, 0, 6, 35.23
1746617935, 0, 353, 508, 499, 8, 5.58%, 0, 0, 6, 33.69
1746618411, 0, 353, 509, 500, 8, 5.58%, 0, 0, 6, 33.24
1746618497, 0, 353, 510, 501, 8, 5.58%, 0, 0, 6, 35.78
1746618523, 0, 353, 511, 502, 8, 5.58%, 0, 0, 6, 35.19
1746618533, 0, 353, 512, 503, 8, 5.58%, 0, 0, 6, 35.68
1746618538, 0, 353, 513, 504, 8, 5.58%, 0, 0, 6, 35.66
1746618569, 0, 353, 514, 505, 8, 5.58%, 0, 0, 6, 34.93
1746618605, 0, 353, 515, 506, 8, 5.58%, 0, 0, 6, 35.17
1746618651, 0, 353, 516, 507, 8, 5.58%, 0, 0, 6, 35.27
1746618671, 0, 353, 517, 508, 8, 5.58%, 0, 0, 6, 35.63
1746618743, 0, 353, 518, 509, 8, 5.58%, 0, 0, 6, 35.22
1746618763, 0, 353, 519, 510, 8, 5.58%, 0, 0, 6, 35.67
1746618856, 0, 353, 520, 511, 8, 5.58%, 0, 0, 6, 35.48
1746618881, 0, 353, 521, 512, 8, 5.58%, 0, 0, 6, 35.56
1746618907, 0, 353, 522, 513, 8, 5.58%, 0, 0, 6, 34.98
1746618912, 0, 353, 523, 514, 8, 5.58%, 0, 0, 6, 34.39
1746618938, 0, 386, 524, 514, 8, 5.58%, 0, 0, 6, 35.89
1746619529, 0, 391, 524, 513, 7, 5.58%, 0, 0, 6, 35.17
1746620148, 0, 462, 524, 512, 6, 5.58%, 0, 0, 6, 32.25
1746620275, 0, 462, 525, 513, 6, 5.58%, 0, 0, 6, 27.37
1746620285, 0, 462, 527, 515, 6, 5.58%, 0, 0, 6, 27.33
1746620295, 0, 462, 532, 520, 6, 5.60%, 0, 0, 6, 27.64
1746620300, 0, 462, 534, 522, 6, 5.60%, 0, 0, 6, 27.55
1746620305, 0, 462, 536, 524, 6, 5.60%, 0, 0, 6, 27.54
1746620310, 0, 462, 538, 526, 6, 5.60%, 0, 0, 6, 27.52
1746620470, 0, 462, 539, 527, 6, 5.60%, 0, 0, 6, 27.47
1746620616, 0, 462, 541, 529, 6, 5.60%, 0, 0, 6, 27.67
1746620627, 0, 462, 542, 530, 6, 5.60%, 0, 0, 6, 26.71
1746620632, 0, 462, 543, 531, 6, 5.60%, 0, 0, 6, 27.32
1746620672, 0, 462, 545, 533, 6, 5.60%, 0, 0, 6, 27.17
1746620687, 0, 462, 548, 536, 6, 5.60%, 0, 0, 6, 27.54
1746621219, 0, 462, 549, 537, 6, 5.60%, 0, 0, 6, 27.55
1746621688, 0, 462, 550, 538, 6, 5.60%, 0, 0, 6, 26.92
1746621955, 0, 462, 551, 539, 6, 5.60%, 0, 0, 6, 27.81
1746621990, 0, 462, 553, 541, 6, 5.60%, 0, 0, 6, 27.52
1746622545, 0, 462, 554, 542, 6, 5.60%, 0, 0, 6, 27.46
1746622560, 0, 462, 555, 543, 6, 5.60%, 0, 0, 6, 27.44
1746622621, 0, 462, 560, 548, 6, 5.60%, 0, 0, 6, 28.24
1746622626, 0, 462, 562, 550, 6, 5.60%, 0, 0, 6, 29.50
1746622631, 0, 462, 565, 553, 6, 5.60%, 0, 0, 6, 29.13
1746622636, 0, 462, 569, 557, 6, 5.60%, 0, 0, 6, 28.94
1746622641, 0, 462, 572, 560, 6, 5.60%, 0, 0, 6, 28.58
1746622646, 0, 462, 576, 564, 6, 5.60%, 0, 0, 6, 28.96
1746622651, 0, 462, 578, 566, 6, 5.60%, 0, 0, 6, 29.05
1746622656, 0, 462, 579, 567, 6, 5.60%, 0, 0, 6, 29.25
1746622662, 0, 462, 583, 571, 6, 5.60%, 0, 0, 6, 28.77
1746622667, 0, 462, 585, 573, 6, 5.60%, 0, 0, 6, 28.91
1746622672, 0, 462, 589, 577, 6, 5.60%, 0, 0, 6, 29.17
1746622682, 0, 462, 590, 578, 6, 5.60%, 0, 0, 6, 29.27
1746622687, 0, 462, 593, 581, 6, 5.60%, 0, 0, 6, 29.01
1746622692, 0, 462, 595, 583, 6, 5.60%, 0, 0, 6, 28.79
1746622698, 0, 462, 596, 584, 6, 5.60%, 0, 0, 6, 28.74
1746622703, 0, 462, 597, 585, 6, 5.60%, 0, 0, 6, 28.90
1746622718, 0, 462, 598, 586, 6, 5.60%, 0, 0, 6, 29.18
1746622728, 0, 462, 599, 587, 6, 5.60%, 0, 0, 6, 28.98
1746622759, 0, 462, 602, 590, 6, 5.60%, 0, 0, 6, 29.15
1746622790, 0, 462, 604, 592, 6, 5.60%, 0, 0, 6, 28.18
1746622800, 0, 462, 605, 593, 6, 5.87%, 0, 0, 6, 29.32
1746622821, 0, 462, 606, 594, 6, 5.87%, 0, 0, 6, 29.62
1746622826, 0, 462, 607, 595, 6, 5.87%, 0, 0, 6, 29.42
1746622841, 0, 462, 609, 597, 6, 5.87%, 0, 0, 6, 29.09
1746622847, 0, 462, 610, 598, 6, 5.87%, 0, 0, 6, 28.77
1746622852, 0, 462, 611, 599, 6, 5.87%, 0, 0, 6, 28.63
1746622857, 0, 462, 612, 600, 6, 5.87%, 0, 0, 6, 29.05
1746622862, 0, 462, 613, 601, 6, 5.87%, 0, 0, 6, 29.00
1746622877, 0, 462, 614, 602, 6, 5.87%, 0, 0, 6, 29.71
1746622882, 0, 462, 615, 603, 6, 5.87%, 0, 0, 6, 28.47
1746622903, 0, 462, 616, 604, 6, 5.87%, 0, 0, 6, 29.32
1746622929, 0, 462, 618, 606, 6, 5.87%, 0, 0, 6, 29.30
1746622939, 0, 462, 620, 608, 6, 5.87%, 0, 0, 6, 28.67
1746622954, 0, 462, 621, 609, 6, 5.87%, 0, 0, 6, 28.86
1746623042, 0, 462, 622, 610, 6, 5.87%, 0, 0, 6, 29.36
1746623057, 0, 468, 622, 609, 7, 5.87%, 0, 0, 6, 31.62
1746624606, 0, 481, 622, 608, 6, 5.87%, 0, 0, 6, 34.15
1746627871, 0, 481, 624, 610, 6, 5.87%, 0, 0, 7, 30.52
1746627876, 0, 481, 625, 611, 6, 5.87%, 0, 0, 7, 30.13
1746627917, 0, 481, 626, 612, 6, 5.87%, 0, 0, 7, 30.36
1746627943, 0, 481, 627, 613, 6, 5.87%, 0, 0, 7, 30.40
1746627999, 0, 481, 628, 614, 6, 5.87%, 0, 0, 7, 30.20
1746628111, 0, 481, 629, 615, 6, 5.87%, 0, 0, 7, 30.39
1746628203, 0, 481, 630, 616, 6, 5.87%, 0, 0, 7, 30.22
1746628234, 0, 481, 631, 617, 6, 5.87%, 0, 0, 7, 30.07
1746628255, 0, 508, 631, 616, 5, 5.87%, 0, 0, 7, 32.73
1746628827, 0, 539, 631, 615, 4, 5.87%, 0, 0, 7, 34.53
1746632185, 0, 561, 631, 614, 3, 5.87%, 0, 0, 7, 29.35
1746633393, 0, 561, 632, 615, 3, 5.87%, 0, 0, 7, 30.59
1746633424, 0, 561, 633, 616, 3, 5.87%, 0, 0, 7, 30.51
1746633470, 0, 561, 634, 617, 3, 5.87%, 0, 0, 7, 30.30
1746633491, 0, 561, 635, 618, 3, 5.87%, 0, 0, 7, 30.38
1746633521, 0, 561, 636, 619, 3, 5.87%, 0, 0, 7, 30.60
1746633911, 0, 576, 636, 618, 2, 5.87%, 0, 0, 7, 29.12
1746634053, 0, 576, 637, 619, 2, 5.87%, 0, 0, 7, 25.80
1746634073, 0, 576, 638, 620, 2, 5.87%, 0, 0, 7, 26.30
1746635144, 0, 576, 639, 621, 2, 5.87%, 0, 0, 7, 26.82
1746635383, 0, 576, 640, 622, 2, 5.87%, 0, 0, 7, 26.83
1746635424, 0, 576, 641, 623, 2, 5.87%, 0, 0, 7, 26.49
1746635571, 0, 576, 642, 624, 2, 5.87%, 0, 0, 7, 28.31
1746635607, 0, 604, 642, 623, 2, 5.87%, 0, 0, 7, 27.51
1746635747, 0, 604, 644, 625, 2, 5.87%, 0, 0, 7, 25.46
1746635757, 0, 604, 645, 626, 2, 5.87%, 0, 0, 7, 25.35
1746635804, 0, 604, 647, 628, 2, 5.87%, 0, 0, 7, 25.31
1746636229, 0, 604, 648, 629, 2, 5.87%, 0, 0, 7, 25.29
1746639403, 0, 604, 649, 630, 2, 5.87%, 0, 0, 7, 26.72
1746639408, 0, 604, 651, 632, 2, 5.87%, 0, 0, 7, 27.39
1746639413, 0, 604, 653, 634, 2, 5.87%, 0, 0, 7, 26.95
1746639418, 0, 604, 654, 635, 2, 5.87%, 0, 0, 7, 27.05
1746639438, 0, 604, 656, 637, 2, 5.87%, 0, 0, 7, 27.38
1746639443, 0, 604, 658, 639, 2, 5.88%, 0, 0, 7, 27.50
1746639459, 0, 604, 659, 640, 2, 5.88%, 0, 0, 7, 27.28
1746639464, 0, 604, 660, 641, 2, 5.92%, 0, 0, 7, 27.30
1746639474, 0, 604, 661, 642, 2, 5.92%, 0, 0, 7, 27.28
1746639525, 0, 604, 663, 644, 2, 5.92%, 0, 0, 7, 27.27
1746639545, 0, 604, 664, 645, 2, 5.92%, 0, 0, 7, 27.01
1746639555, 0, 604, 665, 646, 2, 5.92%, 0, 0, 7, 27.30
1746639560, 0, 604, 666, 647, 2, 5.92%, 0, 0, 7, 27.16
1746639565, 0, 604, 667, 648, 2, 5.92%, 0, 0, 7, 27.38
1746639585, 0, 604, 668, 649, 2, 5.92%, 0, 0, 7, 27.59
1746639616, 0, 604, 670, 651, 2, 5.92%, 0, 0, 7, 26.78
1746639626, 0, 604, 671, 652, 2, 5.92%, 0, 0, 7, 27.40
1746639656, 0, 604, 672, 653, 2, 5.92%, 0, 0, 7, 27.21
1746639677, 0, 604, 673, 654, 2, 5.93%, 0, 0, 7, 27.40
1746639697, 0, 604, 674, 655, 2, 5.93%, 0, 0, 7, 27.59
1746639717, 0, 604, 675, 656, 2, 5.93%, 0, 0, 7, 27.02
1746639738, 0, 604, 676, 657, 2, 5.93%, 0, 0, 7, 27.34
1746639803, 0, 604, 677, 658, 2, 5.93%, 0, 0, 7, 27.31
1746639844, 0, 604, 678, 659, 2, 5.93%, 0, 0, 7, 27.55
1746639859, 0, 629, 678, 658, 4, 5.93%, 0, 0, 7, 28.87
1746643045, 0, 657, 678, 657, 3, 5.93%, 0, 0, 7, 27.29
1746645000, 0, 657, 679, 658, 3, 5.93%, 0, 0, 8, 26.75
1746645005, 0, 657, 680, 659, 3, 6.02%, 0, 0, 8, 27.09
1746645066, 0, 657, 681, 660, 3, 6.02%, 0, 0, 8, 26.94
1746645091, 0, 657, 682, 661, 3, 6.02%, 0, 0, 8, 27.07
1746645096, 0, 657, 683, 662, 3, 6.02%, 0, 0, 8, 27.13
1746645132, 0, 657, 685, 664, 3, 6.02%, 0, 0, 8, 26.65
1746645142, 0, 657, 686, 665, 3, 6.04%, 0, 0, 8, 26.82
1746645163, 0, 657, 687, 666, 3, 6.04%, 0, 0, 8, 26.66
1746645173, 0, 657, 688, 667, 3, 6.04%, 0, 0, 8, 26.91
1746645178, 0, 657, 689, 668, 3, 6.04%, 0, 0, 8, 27.02
1746645199, 0, 657, 690, 669, 3, 6.04%, 0, 0, 8, 26.86
1746645239, 0, 657, 691, 670, 3, 6.04%, 0, 0, 8, 26.88
1746645260, 0, 657, 692, 671, 3, 6.04%, 0, 0, 8, 26.63
1746645265, 0, 657, 693, 672, 3, 6.17%, 0, 0, 8, 26.83
1746645285, 0, 657, 694, 673, 3, 6.17%, 0, 0, 8, 26.83
1746645321, 0, 657, 695, 674, 3, 6.17%, 0, 0, 8, 27.02
1746645332, 0, 657, 696, 675, 3, 6.17%, 0, 0, 8, 26.30
1746645337, 0, 657, 697, 676, 3, 6.18%, 0, 0, 8, 26.58
1746645388, 0, 657, 698, 677, 3, 6.18%, 0, 0, 8, 27.06
1746645413, 0, 657, 699, 678, 3, 6.18%, 0, 0, 8, 27.12
1746645449, 0, 662, 699, 677, 4, 6.18%, 0, 0, 8, 27.37
1746647397, 0, 672, 699, 676, 4, 6.18%, 0, 0, 8, 26.90
1746647788, 0, 672, 700, 677, 4, 6.18%, 0, 0, 8, 24.74
1746649281, 0, 672, 701, 678, 4, 6.18%, 0, 0, 8, 24.84
1746649368, 0, 672, 702, 679, 4, 6.18%, 0, 0, 8, 26.70
1746649388, 0, 672, 703, 680, 4, 6.18%, 0, 0, 8, 26.63
1746649398, 0, 672, 704, 681, 4, 6.18%, 0, 0, 8, 26.70
1746649403, 0, 672, 705, 682, 4, 6.18%, 0, 0, 8, 26.96
1746649409, 0, 672, 706, 683, 4, 6.18%, 0, 0, 8, 26.69
1746649470, 0, 672, 707, 684, 4, 6.18%, 0, 0, 8, 27.03
1746649516, 0, 672, 708, 685, 4, 6.18%, 0, 0, 8, 27.36
1746649557, 0, 672, 709, 686, 4, 6.18%, 0, 0, 8, 26.98
1746649638, 0, 672, 710, 687, 4, 6.18%, 0, 0, 8, 27.20
1746649654, 0, 672, 711, 688, 4, 6.18%, 0, 0, 8, 26.52
1746649659, 0, 672, 712, 689, 4, 6.18%, 0, 0, 8, 26.65
1746649684, 0, 672, 713, 690, 4, 6.18%, 0, 0, 8, 27.04
1746649736, 0, 672, 714, 691, 4, 6.18%, 0, 0, 8, 26.35
1746649756, 0, 672, 715, 692, 4, 6.18%, 0, 0, 8, 26.58
1746649777, 0, 672, 716, 693, 4, 6.18%, 0, 0, 8, 27.00
1746649812, 0, 672, 717, 694, 4, 6.18%, 0, 0, 8, 26.70
1746649822, 0, 692, 717, 693, 3, 6.18%, 0, 0, 8, 25.82
1746649980, 0, 692, 719, 695, 3, 6.18%, 0, 0, 9, 23.76
1746650036, 0, 692, 720, 696, 3, 6.18%, 0, 0, 9, 23.51
1746650046, 0, 692, 723, 699, 3, 6.18%, 0, 0, 9, 23.62
1746650534, 0, 692, 726, 702, 3, 6.18%, 0, 0, 9, 23.71
1746654584, 0, 692, 727, 703, 3, 6.18%, 0, 0, 9, 25.97
1746654589, 0, 692, 728, 704, 3, 6.18%, 0, 0, 9, 26.00
1746654599, 0, 692, 729, 705, 3, 6.40%, 0, 0, 9, 26.06
1746654605, 0, 692, 730, 706, 3, 6.40%, 0, 0, 9, 26.43
1746654615, 0, 692, 731, 707, 3, 6.40%, 0, 0, 9, 26.09
1746654635, 0, 692, 733, 709, 3, 6.40%, 0, 0, 9, 25.38
1746654640, 0, 692, 734, 710, 3, 6.40%, 0, 0, 9, 25.74
1746654676, 0, 692, 736, 712, 3, 6.40%, 0, 0, 9, 26.02
1746654697, 0, 692, 737, 713, 3, 6.40%, 0, 0, 9, 25.99
1746654717, 0, 692, 738, 714, 3, 6.40%, 0, 0, 9, 25.96
1746654727, 0, 692, 739, 715, 3, 6.40%, 0, 0, 9, 26.09
1746654753, 0, 692, 740, 716, 3, 6.40%, 0, 0, 9, 25.81
1746654789, 0, 692, 741, 717, 3, 6.40%, 0, 0, 9, 25.54
1746654814, 0, 692, 742, 718, 3, 6.40%, 0, 0, 9, 26.31
1746654845, 0, 692, 743, 719, 3, 6.40%, 0, 0, 9, 26.11
1746654870, 0, 692, 744, 720, 3, 6.40%, 0, 0, 9, 25.67
1746654927, 0, 718, 744, 719, 3, 6.40%, 0, 0, 9, 26.03
