# unix_time, cycles_done, cur_path, paths_total, pending_total, pending_favs, map_size, unique_crashes, unique_hangs, max_depth, execs_per_sec
1746558786, 0, 0, 1, 1, 1, 4.55%, 0, 0, 1, 36.36
1746558792, 0, 0, 24, 24, 1, 4.78%, 0, 0, 2, 39.72
1746558797, 0, 0, 48, 48, 1, 4.78%, 0, 0, 2, 42.12
1746558802, 0, 0, 72, 72, 1, 4.78%, 0, 0, 2, 42.45
1746558807, 0, 0, 91, 91, 1, 6.15%, 0, 0, 2, 33.43
1746558812, 0, 0, 99, 99, 1, 7.23%, 0, 0, 2, 3.52
1746558817, 0, 0, 110, 110, 1, 7.60%, 0, 0, 2, 5.67
1746558822, 0, 0, 123, 123, 1, 7.60%, 0, 0, 2, 36.21
1746558827, 0, 0, 131, 131, 1, 7.60%, 0, 0, 2, 43.76
1746558832, 0, 0, 134, 134, 1, 7.60%, 0, 0, 2, 6.80
1746558838, 0, 0, 143, 143, 1, 7.69%, 0, 0, 2, 16.42
1746558843, 0, 0, 152, 152, 1, 7.69%, 0, 0, 2, 23.10
1746558848, 0, 0, 159, 159, 1, 7.69%, 0, 0, 2, 36.55
1746558853, 0, 0, 172, 172, 1, 7.69%, 0, 0, 2, 29.20
1746558858, 0, 0, 182, 182, 1, 7.69%, 0, 0, 2, 22.92
1746558863, 0, 0, 190, 190, 1, 7.69%, 0, 0, 2, 20.88
1746558868, 0, 0, 197, 197, 1, 7.69%, 0, 0, 2, 52.53
1746558873, 0, 0, 202, 202, 1, 7.69%, 0, 0, 2, 7.74
1746558878, 0, 0, 212, 212, 1, 7.73%, 0, 0, 2, 20.94
1746558884, 0, 0, 217, 217, 1, 7.73%, 0, 0, 2, 23.87
1746558889, 0, 0, 225, 225, 1, 7.73%, 0, 0, 2, 22.88
1746558894, 0, 0, 235, 235, 1, 7.73%, 0, 0, 2, 23.65
1746558899, 0, 0, 243, 243, 1, 7.73%, 0, 0, 2, 24.86
1746558904, 0, 0, 251, 251, 1, 7.73%, 0, 0, 2, 20.79
1746558909, 0, 0, 257, 257, 1, 7.73%, 0, 0, 2, 22.18
1746558914, 0, 0, 261, 261, 1, 7.73%, 0, 0, 2, 6.42
1746558919, 0, 0, 269, 269, 1, 7.73%, 0, 0, 2, 19.45
1746558925, 0, 0, 276, 276, 1, 7.73%, 0, 0, 2, 19.22
1746558930, 0, 0, 284, 284, 1, 7.73%, 0, 0, 2, 28.77
1746558935, 0, 0, 292, 292, 1, 7.73%, 0, 0, 2, 49.40
1746558940, 0, 0, 294, 294, 1, 7.73%, 0, 0, 2, 4.07
1746558945, 0, 0, 298, 298, 1, 7.73%, 0, 0, 2, 28.97
1746558950, 0, 0, 305, 305, 1, 7.73%, 0, 0, 2, 20.18
1746558955, 0, 0, 311, 311, 1, 7.84%, 0, 0, 2, 32.61
1746558960, 0, 0, 317, 317, 1, 7.84%, 0, 0, 2, 26.12
1746558965, 0, 0, 321, 321, 1, 7.84%, 0, 0, 2, 30.63
1746558970, 0, 0, 328, 328, 1, 7.84%, 0, 0, 2, 24.46
1746558976, 0, 0, 330, 330, 1, 7.84%, 0, 0, 2, 25.54
1746558981, 0, 0, 334, 334, 1, 7.84%, 0, 0, 2, 15.94
1746558986, 0, 0, 338, 338, 1, 7.84%, 0, 0, 2, 16.08
1746558991, 0, 0, 342, 342, 1, 7.84%, 0, 0, 2, 12.56
1746558996, 0, 0, 347, 347, 1, 7.84%, 0, 0, 2, 18.20
1746559001, 0, 0, 352, 352, 1, 7.84%, 0, 0, 2, 4.35
1746559006, 0, 0, 355, 355, 1, 7.84%, 0, 0, 2, 8.72
1746559012, 0, 0, 359, 359, 1, 7.84%, 0, 0, 2, 16.91
1746559017, 0, 0, 361, 361, 1, 7.84%, 0, 0, 2, 29.78
1746559022, 0, 0, 367, 367, 1, 7.84%, 0, 0, 2, 27.45
1746559027, 0, 0, 371, 371, 1, 7.84%, 0, 0, 2, 16.98
1746559032, 0, 0, 375, 375, 1, 7.84%, 0, 0, 2, 23.24
1746559037, 0, 0, 378, 378, 1, 7.84%, 0, 0, 2, 19.34
1746559042, 0, 0, 382, 382, 1, 7.84%, 0, 0, 2, 19.39
1746559047, 0, 0, 386, 386, 1, 7.84%, 0, 0, 2, 22.47
1746559052, 0, 0, 391, 391, 1, 7.84%, 0, 0, 2, 17.76
1746559057, 0, 0, 395, 395, 1, 7.84%, 0, 0, 2, 19.96
1746559063, 0, 0, 398, 398, 1, 7.84%, 0, 0, 2, 19.87
1746559068, 0, 0, 400, 400, 1, 7.84%, 0, 0, 2, 17.52
1746559073, 0, 0, 405, 405, 1, 7.84%, 0, 0, 2, 3.46
1746559078, 0, 0, 407, 407, 1, 7.84%, 0, 0, 2, 19.66
1746559083, 0, 0, 410, 410, 1, 7.84%, 0, 0, 2, 24.77
1746559088, 0, 0, 412, 412, 1, 7.84%, 0, 0, 2, 3.08
1746559093, 0, 0, 416, 416, 1, 7.84%, 0, 0, 2, 31.29
1746559099, 0, 0, 420, 420, 1, 7.84%, 0, 0, 2, 21.05
1746559104, 0, 0, 422, 422, 1, 7.84%, 0, 0, 2, 18.55
1746559109, 0, 0, 427, 427, 1, 7.84%, 0, 0, 2, 24.51
1746559114, 0, 0, 429, 429, 1, 7.84%, 0, 0, 2, 3.81
1746559119, 0, 0, 431, 431, 1, 7.84%, 0, 0, 2, 21.21
1746559124, 0, 0, 434, 434, 1, 7.84%, 0, 0, 2, 28.03
1746559129, 0, 0, 436, 436, 1, 7.84%, 0, 0, 2, 26.72
1746559134, 0, 0, 438, 438, 1, 7.84%, 0, 0, 2, 21.36
1746559140, 0, 0, 440, 440, 1, 7.84%, 0, 0, 2, 19.39
1746559145, 0, 0, 443, 443, 1, 7.84%, 0, 0, 2, 19.91
1746559150, 0, 0, 445, 445, 1, 7.84%, 0, 0, 2, 27.39
1746559155, 0, 0, 448, 448, 1, 7.84%, 0, 0, 2, 26.65
1746559160, 0, 0, 450, 450, 1, 7.84%, 0, 0, 2, 27.89
1746559165, 0, 0, 451, 451, 1, 7.84%, 0, 0, 2, 24.88
1746559170, 0, 0, 455, 455, 1, 7.84%, 0, 0, 2, 17.98
1746559175, 0, 0, 457, 457, 1, 7.84%, 0, 0, 2, 16.11
1746559180, 0, 0, 459, 459, 1, 7.88%, 0, 0, 2, 17.71
1746559186, 0, 0, 463, 463, 1, 7.88%, 0, 0, 2, 17.56
1746559191, 0, 0, 465, 465, 1, 7.88%, 0, 0, 2, 18.66
1746559196, 0, 0, 469, 469, 1, 7.88%, 0, 0, 2, 26.44
1746559201, 0, 0, 472, 472, 1, 7.88%, 0, 0, 2, 3.03
1746559206, 0, 0, 473, 473, 1, 7.88%, 0, 0, 2, 24.75
1746559211, 0, 0, 476, 476, 1, 7.88%, 0, 0, 2, 15.36
1746559217, 0, 0, 478, 478, 1, 7.88%, 0, 0, 2, 22.24
1746559222, 0, 0, 480, 480, 1, 7.88%, 0, 0, 2, 25.62
1746559227, 0, 0, 483, 483, 1, 7.88%, 0, 0, 2, 3.08
1746559232, 0, 0, 485, 485, 1, 7.88%, 0, 0, 2, 4.32
1746559237, 0, 0, 488, 488, 1, 7.88%, 0, 0, 2, 25.08
1746559242, 0, 0, 491, 491, 1, 7.88%, 0, 0, 2, 27.39
1746559247, 0, 0, 493, 493, 1, 7.88%, 0, 0, 2, 10.64
1746559252, 0, 0, 494, 494, 1, 7.88%, 0, 0, 2, 26.16
1746559258, 0, 0, 497, 497, 1, 7.88%, 0, 0, 2, 4.24
1746559263, 0, 0, 498, 498, 1, 7.88%, 0, 0, 2, 27.16
1746559273, 0, 0, 500, 500, 1, 7.88%, 0, 0, 2, 29.03
1746559278, 0, 0, 502, 502, 1, 7.88%, 0, 0, 2, 4.85
1746559283, 0, 0, 504, 504, 1, 7.88%, 0, 0, 2, 7.17
1746559288, 0, 0, 506, 506, 1, 7.88%, 0, 0, 2, 20.91
1746559293, 0, 0, 508, 508, 1, 7.88%, 0, 0, 2, 17.49
1746559299, 0, 0, 510, 510, 1, 7.88%, 0, 0, 2, 19.00
1746559304, 0, 0, 512, 512, 1, 7.88%, 0, 0, 2, 17.10
1746559309, 0, 0, 514, 514, 1, 7.88%, 0, 0, 2, 3.75
1746559314, 0, 0, 516, 516, 1, 7.88%, 0, 0, 2, 17.24
1746559319, 0, 0, 517, 517, 1, 7.88%, 0, 0, 2, 19.60
1746559324, 0, 0, 519, 519, 1, 7.88%, 0, 0, 2, 3.31
1746559329, 0, 0, 520, 520, 1, 7.88%, 0, 0, 2, 3.59
1746559334, 0, 0, 522, 522, 1, 7.88%, 0, 0, 2, 12.41
1746559345, 0, 0, 523, 523, 1, 7.88%, 0, 0, 2, 31.53
1746559350, 0, 0, 526, 526, 1, 7.88%, 0, 0, 2, 22.00
1746559360, 0, 0, 529, 529, 1, 7.88%, 0, 0, 2, 21.30
1746559365, 0, 0, 530, 530, 1, 7.88%, 0, 0, 2, 23.87
1746559370, 0, 10, 530, 529, 10, 7.88%, 0, 0, 2, 29.56
1746559375, 0, 10, 531, 530, 10, 7.88%, 0, 0, 3, 26.46
1746559381, 0, 10, 534, 533, 10, 7.88%, 0, 0, 3, 4.64
1746559391, 0, 10, 536, 535, 10, 7.88%, 0, 0, 3, 23.91
1746559396, 0, 10, 539, 538, 10, 7.88%, 0, 0, 3, 5.05
1746559401, 0, 10, 541, 540, 10, 7.88%, 0, 0, 3, 16.43
1746559406, 0, 10, 544, 543, 10, 7.88%, 0, 0, 3, 18.10
1746559411, 0, 10, 546, 545, 10, 7.88%, 0, 0, 3, 15.03
1746559416, 0, 10, 548, 547, 10, 7.88%, 0, 0, 3, 3.19
1746559422, 0, 10, 549, 548, 10, 7.88%, 0, 0, 3, 28.51
1746559427, 0, 10, 550, 549, 10, 7.88%, 0, 0, 3, 26.65
1746559432, 0, 10, 552, 551, 10, 7.88%, 0, 0, 3, 25.20
1746559437, 0, 10, 553, 552, 10, 7.88%, 0, 0, 3, 22.44
1746559442, 0, 10, 554, 553, 10, 7.89%, 0, 0, 3, 27.33
1746559448, 0, 10, 556, 555, 10, 7.89%, 0, 0, 3, 18.38
1746559453, 0, 10, 559, 558, 10, 7.89%, 0, 0, 3, 20.15
1746559458, 0, 10, 560, 559, 10, 7.89%, 0, 0, 3, 25.46
1746559463, 0, 10, 562, 561, 10, 7.89%, 0, 0, 3, 21.68
1746559468, 0, 10, 563, 562, 10, 7.89%, 0, 0, 3, 22.73
1746559473, 0, 10, 565, 564, 10, 7.89%, 0, 0, 3, 4.63
1746559483, 0, 10, 566, 565, 10, 7.89%, 0, 0, 3, 27.95
1746559489, 0, 10, 568, 567, 10, 7.89%, 0, 0, 3, 24.77
1746559494, 0, 10, 570, 569, 10, 7.89%, 0, 0, 3, 23.03
1746559514, 0, 10, 572, 571, 10, 7.89%, 0, 0, 3, 36.09
1746559519, 0, 10, 575, 574, 10, 7.89%, 0, 0, 3, 20.13
1746559525, 0, 10, 577, 576, 10, 7.89%, 0, 0, 3, 20.42
1746559530, 0, 10, 578, 577, 10, 7.89%, 0, 0, 3, 20.11
1746559535, 0, 10, 579, 578, 10, 7.89%, 0, 0, 3, 20.30
1746559540, 0, 10, 581, 580, 10, 7.91%, 0, 0, 3, 16.19
1746559545, 0, 10, 582, 581, 10, 7.91%, 0, 0, 3, 21.35
1746559555, 0, 10, 584, 583, 10, 7.91%, 0, 0, 3, 29.72
1746559561, 0, 10, 586, 585, 10, 7.91%, 0, 0, 3, 22.21
1746559566, 0, 10, 587, 586, 10, 7.91%, 0, 0, 3, 21.94
1746559571, 0, 10, 589, 588, 10, 7.91%, 0, 0, 3, 16.15
1746559576, 0, 10, 591, 590, 10, 7.91%, 0, 0, 3, 22.63
1746559581, 0, 10, 592, 591, 10, 7.91%, 0, 0, 3, 32.91
1746559586, 0, 10, 593, 592, 10, 7.91%, 0, 0, 3, 30.60
1746559591, 0, 10, 594, 593, 10, 7.91%, 0, 0, 3, 4.14
1746559597, 0, 10, 596, 595, 10, 7.92%, 0, 0, 3, 3.95
1746559602, 0, 10, 597, 596, 10, 7.92%, 0, 0, 3, 30.84
1746559607, 0, 10, 599, 598, 10, 7.92%, 0, 0, 3, 24.03
1746559612, 0, 10, 600, 599, 10, 7.92%, 0, 0, 3, 25.95
1746559617, 0, 10, 601, 600, 10, 7.92%, 0, 0, 3, 21.10
1746559622, 0, 10, 603, 602, 10, 7.92%, 0, 0, 3, 3.89
1746559627, 0, 10, 605, 604, 10, 7.92%, 0, 0, 3, 33.46
1746559632, 0, 10, 606, 605, 10, 7.92%, 0, 0, 3, 3.80
1746559642, 0, 40, 607, 605, 11, 7.92%, 0, 0, 3, 36.19
1746559648, 0, 40, 608, 606, 11, 7.92%, 0, 0, 3, 3.65
1746559653, 0, 40, 609, 607, 11, 7.92%, 0, 0, 3, 24.78
1746559658, 0, 40, 610, 608, 11, 7.92%, 0, 0, 3, 26.62
1746559668, 0, 40, 611, 609, 11, 7.92%, 0, 0, 3, 27.00
1746559678, 0, 40, 612, 610, 11, 7.92%, 0, 0, 3, 25.89
1746559683, 0, 40, 613, 611, 11, 7.92%, 0, 0, 3, 24.73
1746559688, 0, 40, 614, 612, 11, 7.92%, 0, 0, 3, 27.01
1746559693, 0, 40, 616, 614, 11, 7.92%, 0, 0, 3, 22.76
1746559704, 0, 40, 618, 616, 11, 7.92%, 0, 0, 3, 21.09
1746559724, 0, 40, 619, 617, 11, 7.92%, 0, 0, 3, 33.97
1746559729, 0, 40, 621, 619, 11, 7.92%, 0, 0, 3, 3.02
1746559740, 0, 40, 622, 620, 11, 7.92%, 0, 0, 3, 26.23
1746559745, 0, 40, 623, 621, 11, 7.92%, 0, 0, 3, 26.77
1746559755, 0, 40, 624, 622, 11, 7.92%, 0, 0, 3, 22.40
1746559765, 0, 40, 625, 623, 11, 7.92%, 0, 0, 3, 23.92
1746559775, 0, 40, 626, 624, 11, 7.92%, 0, 0, 3, 29.74
1746559780, 0, 40, 628, 626, 11, 7.92%, 0, 0, 3, 10.37
1746559786, 0, 40, 629, 627, 11, 7.92%, 0, 0, 3, 20.41
1746559791, 0, 40, 632, 630, 11, 7.92%, 0, 0, 3, 19.92
1746559796, 0, 40, 633, 631, 11, 7.92%, 0, 0, 3, 20.18
1746559816, 0, 40, 634, 632, 11, 7.92%, 0, 0, 3, 22.97
1746559827, 0, 40, 635, 633, 11, 7.92%, 0, 0, 3, 22.47
1746559842, 0, 40, 636, 634, 11, 7.92%, 0, 0, 3, 28.27
1746559847, 0, 40, 637, 635, 11, 7.92%, 0, 0, 3, 25.69
1746559883, 0, 40, 638, 636, 11, 7.92%, 0, 0, 3, 4.37
1746559898, 0, 40, 639, 637, 11, 7.92%, 0, 0, 3, 22.86
1746559903, 0, 40, 640, 638, 11, 7.92%, 0, 0, 3, 25.01
1746559929, 0, 79, 641, 638, 11, 7.92%, 0, 0, 3, 31.45
1746559939, 0, 79, 642, 639, 11, 7.92%, 0, 0, 3, 29.87
1746559950, 0, 79, 643, 640, 11, 7.92%, 0, 0, 3, 26.68
1746559955, 0, 79, 644, 641, 11, 7.92%, 0, 0, 3, 27.32
1746559960, 0, 79, 645, 642, 11, 7.92%, 0, 0, 3, 22.71
1746559985, 0, 79, 647, 644, 11, 7.92%, 0, 0, 3, 21.71
1746559996, 0, 79, 648, 645, 11, 7.92%, 0, 0, 3, 25.55
1746560001, 0, 79, 649, 646, 11, 7.92%, 0, 0, 3, 30.01
1746560006, 0, 79, 650, 647, 11, 7.92%, 0, 0, 3, 26.21
1746560011, 0, 79, 651, 648, 11, 7.92%, 0, 0, 3, 38.18
1746560036, 0, 79, 652, 649, 11, 7.92%, 0, 0, 3, 24.09
1746560041, 0, 79, 653, 650, 11, 7.92%, 0, 0, 3, 31.29
1746560062, 0, 79, 654, 651, 11, 7.92%, 0, 0, 3, 26.66
1746560067, 0, 79, 655, 652, 11, 7.92%, 0, 0, 3, 46.95
1746560072, 0, 79, 656, 653, 11, 7.92%, 0, 0, 3, 17.71
1746560077, 0, 79, 657, 654, 11, 7.92%, 0, 0, 3, 20.74
1746560087, 0, 83, 657, 653, 11, 7.92%, 0, 0, 3, 18.20
1746560128, 0, 83, 659, 655, 11, 7.92%, 0, 0, 3, 19.34
1746560144, 0, 83, 660, 656, 11, 7.92%, 0, 0, 3, 18.60
1746560154, 0, 83, 661, 657, 11, 7.92%, 0, 0, 3, 21.43
1746560164, 0, 83, 662, 658, 11, 7.92%, 0, 0, 3, 17.89
1746560175, 0, 83, 663, 659, 11, 7.92%, 0, 0, 3, 21.57
1746560180, 0, 83, 664, 660, 11, 7.92%, 0, 0, 3, 20.32
1746560185, 0, 83, 665, 661, 11, 7.92%, 0, 0, 3, 17.56
1746560195, 0, 83, 666, 662, 11, 7.92%, 0, 0, 3, 19.79
1746560200, 0, 83, 667, 663, 11, 7.92%, 0, 0, 3, 21.77
1746560220, 0, 83, 668, 664, 11, 7.92%, 0, 0, 3, 19.76
1746560236, 0, 83, 669, 665, 11, 7.92%, 0, 0, 3, 21.08
1746560266, 0, 83, 670, 666, 11, 7.92%, 0, 0, 3, 21.24
1746560282, 0, 83, 671, 667, 11, 7.92%, 0, 0, 3, 16.80
1746560292, 0, 83, 672, 668, 11, 7.92%, 0, 0, 3, 3.59
1746560313, 0, 83, 673, 669, 11, 7.92%, 0, 0, 3, 19.30
1746560318, 0, 83, 674, 670, 11, 7.92%, 0, 0, 3, 22.66
1746560328, 0, 83, 675, 671, 11, 7.92%, 0, 0, 3, 18.34
1746560353, 0, 83, 676, 672, 11, 7.92%, 0, 0, 3, 17.13
1746560379, 0, 83, 677, 673, 11, 7.92%, 0, 0, 3, 18.14
1746560389, 0, 83, 678, 674, 11, 7.92%, 0, 0, 3, 22.41
1746560400, 0, 83, 679, 675, 11, 7.92%, 0, 0, 3, 22.03
1746560410, 0, 83, 680, 676, 11, 7.92%, 0, 0, 3, 21.59
1746560420, 0, 83, 681, 677, 11, 7.92%, 0, 0, 3, 22.09
1746560425, 0, 83, 682, 678, 11, 7.92%, 0, 0, 3, 19.05
1746560430, 0, 83, 683, 679, 11, 7.92%, 0, 0, 3, 21.17
1746560441, 0, 83, 684, 680, 11, 7.92%, 0, 0, 3, 19.48
1746560446, 0, 83, 685, 681, 11, 7.92%, 0, 0, 3, 14.52
1746560461, 0, 83, 687, 683, 11, 7.92%, 0, 0, 3, 20.24
1746560471, 0, 93, 687, 682, 13, 7.92%, 0, 0, 3, 23.32
1746560492, 0, 93, 688, 683, 13, 7.92%, 0, 0, 3, 19.39
1746560497, 0, 93, 689, 684, 13, 7.92%, 0, 0, 3, 21.63
1746560502, 0, 93, 690, 685, 13, 7.92%, 0, 0, 3, 17.41
1746560507, 0, 93, 691, 686, 13, 7.92%, 0, 0, 3, 18.66
1746560522, 0, 93, 692, 687, 13, 7.92%, 0, 0, 3, 20.60
1746560538, 0, 93, 693, 688, 13, 8.11%, 0, 0, 3, 25.14
1746560543, 0, 93, 694, 689, 13, 8.11%, 0, 0, 3, 24.75
1746560548, 0, 93, 695, 690, 13, 8.11%, 0, 0, 3, 23.71
1746560563, 0, 93, 697, 692, 13, 8.11%, 0, 0, 3, 24.58
1746560573, 0, 93, 698, 693, 13, 8.11%, 0, 0, 3, 23.82
1746560584, 0, 93, 699, 694, 13, 8.11%, 0, 0, 3, 20.20
1746560589, 0, 93, 701, 696, 13, 8.11%, 0, 0, 3, 16.44
1746560599, 0, 93, 702, 697, 13, 8.11%, 0, 0, 3, 22.28
1746560615, 0, 93, 703, 698, 13, 8.11%, 0, 0, 3, 25.82
1746560645, 0, 93, 704, 699, 13, 8.11%, 0, 0, 3, 3.13
1746560661, 0, 93, 705, 700, 13, 8.11%, 0, 0, 3, 3.36
1746560671, 0, 93, 706, 701, 13, 8.11%, 0, 0, 3, 24.36
1746560676, 0, 93, 707, 702, 13, 8.11%, 0, 0, 3, 3.80
1746560686, 0, 93, 708, 703, 13, 8.11%, 0, 0, 3, 24.98
1746560707, 0, 93, 710, 705, 13, 8.11%, 0, 0, 3, 16.51
1746560712, 0, 93, 711, 706, 13, 8.11%, 0, 0, 3, 21.85
1746560722, 0, 93, 712, 707, 13, 8.11%, 0, 0, 3, 22.52
1746560727, 0, 114, 712, 706, 12, 8.11%, 0, 0, 3, 17.20
1746560870, 0, 124, 712, 705, 12, 8.11%, 0, 0, 3, 27.11
1746560886, 0, 124, 713, 706, 12, 8.11%, 0, 0, 3, 3.24
1746560906, 0, 124, 714, 707, 12, 8.11%, 0, 0, 3, 20.54
1746560912, 0, 124, 715, 708, 12, 8.11%, 0, 0, 3, 2.46
1746560942, 0, 124, 716, 709, 12, 8.11%, 0, 0, 3, 16.92
1746560953, 0, 124, 717, 710, 12, 8.11%, 0, 0, 3, 17.22
1746560958, 0, 124, 718, 711, 12, 8.11%, 0, 0, 3, 32.58
1746560968, 0, 124, 719, 712, 12, 8.11%, 0, 0, 3, 17.72
1746560994, 0, 124, 720, 713, 12, 8.11%, 0, 0, 3, 3.94
1746561009, 0, 124, 721, 714, 12, 8.11%, 0, 0, 3, 19.65
1746561014, 0, 124, 722, 715, 12, 8.11%, 0, 0, 3, 27.27
1746561081, 0, 179, 722, 714, 11, 8.11%, 0, 0, 3, 19.73
1746561101, 0, 449, 723, 714, 11, 8.11%, 0, 0, 3, 17.55
1746561106, 0, 449, 724, 715, 11, 8.11%, 0, 0, 3, 13.47
1746561111, 0, 449, 726, 717, 11, 8.11%, 0, 0, 3, 12.79
1746561126, 0, 449, 730, 721, 11, 8.11%, 0, 0, 3, 13.77
1746561152, 0, 457, 732, 722, 11, 8.11%, 0, 0, 3, 9.61
1746561157, 0, 457, 735, 725, 11, 8.12%, 0, 0, 3, 7.93
1746561163, 0, 457, 737, 727, 11, 8.12%, 0, 0, 3, 7.20
1746561173, 0, 457, 739, 729, 11, 8.12%, 0, 0, 3, 6.44
1746561183, 0, 457, 743, 733, 11, 8.12%, 0, 0, 3, 6.75
1746561189, 0, 457, 746, 736, 11, 8.12%, 0, 0, 3, 7.28
1746561199, 0, 457, 748, 738, 11, 8.12%, 0, 0, 3, 6.75
1746561209, 0, 457, 751, 741, 11, 8.12%, 0, 0, 3, 7.26
1746561214, 0, 457, 753, 743, 11, 8.12%, 0, 0, 3, 6.90
1746561225, 0, 457, 754, 744, 11, 8.12%, 0, 0, 3, 6.68
1746561230, 0, 457, 756, 746, 11, 8.13%, 0, 0, 3, 6.69
1746561245, 0, 457, 757, 747, 11, 8.13%, 0, 0, 3, 6.86
1746561250, 0, 457, 759, 749, 11, 8.13%, 0, 0, 3, 6.89
1746561255, 0, 457, 761, 751, 11, 8.13%, 0, 0, 3, 6.58
1746561266, 0, 457, 762, 752, 11, 8.13%, 0, 0, 3, 7.24
1746561271, 0, 457, 763, 753, 11, 8.13%, 0, 0, 3, 7.38
1746561276, 0, 457, 765, 755, 11, 8.13%, 0, 0, 3, 6.94
1746561281, 0, 457, 766, 756, 11, 8.13%, 0, 0, 3, 6.71
1746561291, 0, 457, 767, 757, 11, 8.13%, 0, 0, 3, 7.06
1746561297, 0, 457, 768, 758, 11, 8.13%, 0, 0, 3, 8.69
1746561302, 0, 457, 769, 759, 11, 8.13%, 0, 0, 3, 8.87
1746561307, 0, 457, 770, 760, 11, 8.13%, 0, 0, 3, 8.32
1746561312, 0, 457, 771, 761, 11, 8.13%, 0, 0, 3, 7.01
1746561317, 0, 457, 773, 763, 11, 8.13%, 0, 0, 3, 6.32
1746561333, 0, 457, 774, 764, 11, 8.13%, 0, 0, 3, 6.98
1746561348, 0, 457, 775, 765, 11, 8.13%, 0, 0, 3, 6.80
1746561353, 0, 457, 776, 766, 11, 8.13%, 0, 0, 3, 5.46
1746561358, 0, 457, 777, 767, 11, 8.13%, 0, 0, 3, 6.64
1746561363, 0, 457, 778, 768, 11, 8.13%, 0, 0, 3, 6.92
1746561472, 0, 457, 780, 770, 11, 8.13%, 0, 0, 3, 7.62
1746561477, 0, 457, 782, 772, 11, 8.13%, 0, 0, 3, 8.56
1746561482, 0, 457, 784, 774, 11, 8.13%, 0, 0, 3, 8.26
1746561487, 0, 457, 786, 776, 11, 8.13%, 0, 0, 3, 7.10
1746561492, 0, 457, 787, 777, 11, 8.13%, 0, 0, 3, 6.13
1746561498, 0, 457, 788, 778, 11, 8.13%, 0, 0, 3, 6.55
1746561518, 0, 457, 789, 779, 11, 8.13%, 0, 0, 3, 6.62
1746561524, 0, 457, 790, 780, 11, 8.13%, 0, 0, 3, 6.76
1746561539, 0, 457, 791, 781, 11, 8.13%, 0, 0, 3, 6.49
1746561544, 0, 457, 792, 782, 11, 8.13%, 0, 0, 3, 6.67
1746561549, 0, 457, 793, 783, 11, 8.13%, 0, 0, 3, 8.16
1746561575, 0, 457, 794, 784, 11, 8.13%, 0, 0, 3, 7.88
1746561590, 0, 457, 795, 785, 11, 8.13%, 0, 0, 3, 7.58
1746561595, 0, 457, 796, 786, 11, 8.13%, 0, 0, 3, 7.70
1746561605, 0, 457, 797, 787, 11, 8.13%, 0, 0, 3, 7.52
1746561610, 0, 457, 798, 788, 11, 8.14%, 0, 0, 3, 7.00
1746561724, 0, 457, 799, 789, 11, 8.14%, 0, 0, 3, 7.86
1746561791, 0, 457, 800, 790, 11, 8.14%, 0, 0, 3, 7.71
1746561822, 0, 457, 801, 791, 11, 8.14%, 0, 0, 3, 7.44
1746561863, 0, 457, 802, 792, 11, 8.14%, 0, 0, 3, 6.60
1746561878, 0, 457, 803, 793, 11, 8.14%, 0, 0, 3, 6.41
1746561909, 0, 457, 804, 794, 11, 8.14%, 0, 0, 3, 8.06
1746561919, 0, 457, 805, 795, 11, 8.14%, 0, 0, 3, 7.07
1746561940, 0, 457, 806, 796, 11, 8.16%, 0, 0, 3, 6.49
1746561961, 0, 457, 807, 797, 11, 8.16%, 0, 0, 3, 8.26
1746561976, 0, 457, 808, 798, 11, 8.16%, 0, 0, 3, 7.61
1746562023, 0, 457, 809, 799, 11, 8.16%, 0, 0, 3, 10.14
1746562038, 0, 457, 810, 800, 11, 8.17%, 0, 0, 3, 9.28
1746562053, 0, 457, 811, 801, 11, 8.17%, 0, 0, 3, 6.14
1746562069, 0, 457, 812, 802, 11, 8.17%, 0, 0, 3, 6.36
1746562084, 0, 457, 813, 803, 11, 8.17%, 0, 0, 3, 7.14
1746562089, 0, 457, 814, 804, 11, 8.17%, 0, 0, 3, 7.57
1746562105, 0, 457, 815, 805, 11, 8.17%, 0, 0, 3, 8.52
1746562162, 0, 457, 816, 806, 11, 8.17%, 0, 0, 3, 6.59
1746562167, 0, 457, 817, 807, 11, 8.17%, 0, 0, 3, 6.55
1746562182, 0, 457, 818, 808, 11, 8.17%, 0, 0, 3, 7.57
1746562188, 0, 457, 820, 810, 11, 8.17%, 0, 0, 3, 9.87
1746562193, 0, 457, 821, 811, 11, 8.17%, 0, 0, 3, 9.56
1746562198, 0, 457, 822, 812, 11, 8.17%, 0, 0, 3, 9.72
1746562208, 0, 457, 823, 813, 11, 8.17%, 0, 0, 3, 9.21
1746562213, 0, 457, 825, 815, 11, 8.17%, 0, 0, 3, 11.06
1746562218, 0, 457, 826, 816, 11, 8.17%, 0, 0, 3, 9.50
1746562223, 0, 457, 827, 817, 11, 8.17%, 0, 0, 3, 6.82
1746562238, 0, 457, 828, 818, 11, 8.17%, 0, 0, 3, 8.41
1746562249, 0, 457, 829, 819, 11, 8.17%, 0, 0, 3, 10.87
1746562259, 0, 457, 830, 820, 11, 8.17%, 0, 0, 3, 11.53
1746562305, 0, 457, 831, 821, 11, 8.17%, 0, 0, 3, 11.25
1746562315, 0, 457, 832, 822, 11, 8.17%, 0, 0, 3, 11.32
1746562330, 0, 457, 834, 824, 11, 8.17%, 0, 0, 3, 9.49
1746562336, 0, 457, 835, 825, 11, 8.17%, 0, 0, 3, 8.73
1746562351, 0, 457, 836, 826, 11, 8.17%, 0, 0, 3, 10.38
1746562356, 0, 457, 837, 827, 11, 8.17%, 0, 0, 3, 9.39
1746562387, 0, 457, 838, 828, 11, 8.17%, 0, 0, 3, 11.18
1746562443, 0, 457, 839, 829, 11, 8.17%, 0, 0, 3, 11.07
1746562453, 0, 457, 840, 830, 11, 8.17%, 0, 0, 3, 7.98
1746562484, 0, 457, 841, 831, 11, 8.17%, 0, 0, 3, 11.39
1746562515, 0, 457, 842, 832, 11, 8.17%, 0, 0, 3, 10.74
1746562530, 0, 457, 843, 833, 11, 8.17%, 0, 0, 3, 10.44
1746562546, 0, 457, 844, 834, 11, 8.17%, 0, 0, 3, 8.80
1746562655, 0, 550, 844, 833, 17, 8.17%, 0, 0, 3, 11.24
1746562752, 0, 550, 845, 834, 17, 8.17%, 0, 0, 4, 12.36
1746562767, 0, 550, 846, 835, 17, 8.17%, 0, 0, 4, 10.90
1746562793, 0, 550, 847, 836, 17, 8.17%, 0, 0, 4, 10.37
1746562814, 0, 553, 847, 835, 16, 8.17%, 0, 0, 4, 12.18
1746562906, 0, 574, 847, 834, 14, 8.17%, 0, 0, 4, 12.41
1746562947, 0, 574, 848, 835, 14, 8.17%, 0, 0, 4, 7.81
1746563154, 0, 574, 849, 836, 14, 8.17%, 0, 0, 4, 9.67
1746563174, 0, 574, 850, 837, 14, 8.18%, 0, 0, 4, 11.40
1746563221, 0, 594, 850, 836, 15, 8.18%, 0, 0, 4, 10.19
1746563742, 0, 667, 850, 835, 14, 8.18%, 0, 0, 4, 9.20
1746563757, 0, 667, 851, 836, 14, 8.18%, 0, 0, 4, 6.75
1746563824, 0, 667, 852, 837, 14, 8.18%, 0, 0, 4, 8.22
1746563942, 0, 667, 853, 838, 14, 8.18%, 0, 0, 4, 8.35
1746564066, 0, 700, 853, 837, 13, 8.18%, 0, 0, 4, 9.29
1746564081, 0, 700, 854, 838, 13, 8.19%, 0, 0, 4, 7.13
1746564091, 0, 700, 855, 839, 13, 8.19%, 0, 0, 4, 6.42
1746564096, 0, 700, 856, 840, 13, 8.19%, 0, 0, 4, 6.25
1746564122, 0, 700, 857, 841, 13, 8.19%, 0, 0, 4, 6.55
1746564127, 0, 700, 858, 842, 13, 8.19%, 0, 0, 4, 6.15
1746564138, 0, 700, 859, 843, 13, 8.19%, 0, 0, 4, 8.48
1746564159, 0, 700, 860, 844, 13, 8.19%, 0, 0, 4, 6.16
1746564164, 0, 700, 861, 845, 13, 8.19%, 0, 0, 4, 6.12
1746564333, 0, 700, 862, 846, 13, 8.19%, 0, 0, 4, 6.34
1746564354, 0, 700, 863, 847, 13, 8.19%, 0, 0, 4, 5.96
1746564421, 0, 700, 864, 848, 13, 8.19%, 0, 0, 4, 6.81
1746564426, 0, 700, 865, 849, 13, 8.19%, 0, 0, 4, 6.14
1746564509, 0, 700, 866, 850, 13, 8.19%, 0, 0, 4, 6.02
1746564565, 0, 700, 867, 851, 13, 8.19%, 0, 0, 4, 10.67
1746564622, 0, 700, 868, 852, 13, 8.19%, 0, 0, 4, 7.01
1746564637, 0, 700, 869, 853, 13, 8.19%, 0, 0, 4, 7.02
1746564642, 0, 700, 870, 854, 13, 8.19%, 0, 0, 4, 6.93
1746564673, 0, 700, 871, 855, 13, 8.19%, 0, 0, 4, 6.05
1746564699, 0, 725, 872, 855, 14, 8.19%, 0, 0, 4, 14.12
1746564704, 0, 725, 873, 856, 14, 8.19%, 0, 0, 4, 14.69
1746564714, 0, 725, 880, 863, 14, 8.19%, 0, 0, 4, 14.77
1746564734, 0, 725, 881, 864, 14, 8.19%, 0, 0, 4, 2.70
1746564755, 0, 745, 881, 863, 14, 8.19%, 0, 0, 4, 12.33
1746564770, 0, 745, 882, 864, 14, 8.19%, 0, 0, 4, 8.28
1746564869, 0, 745, 883, 865, 14, 8.19%, 0, 0, 4, 6.51
1746565034, 0, 745, 884, 866, 14, 8.19%, 0, 0, 4, 6.46
1746565277, 0, 745, 885, 867, 14, 8.19%, 0, 0, 4, 5.84
1746565318, 0, 745, 886, 868, 14, 8.19%, 0, 0, 4, 6.54
1746565411, 0, 745, 887, 869, 14, 8.19%, 0, 0, 4, 6.47
1746565539, 0, 745, 888, 870, 14, 8.19%, 0, 0, 4, 7.82
1746565709, 0, 745, 889, 871, 14, 8.19%, 0, 0, 4, 6.54
1746565745, 0, 752, 889, 870, 14, 8.19%, 0, 0, 4, 10.77
1746566572, 0, 752, 890, 871, 14, 8.19%, 0, 0, 4, 7.46
1746566674, 0, 752, 891, 872, 14, 8.19%, 0, 0, 4, 7.85
1746566705, 0, 754, 891, 871, 13, 8.19%, 0, 0, 4, 8.53
1746566747, 0, 754, 892, 872, 13, 8.19%, 0, 0, 4, 6.29
1746566813, 0, 754, 893, 873, 13, 8.19%, 0, 0, 4, 9.38
1746566967, 0, 754, 894, 874, 13, 8.19%, 0, 0, 4, 8.77
1746567065, 0, 754, 895, 875, 13, 8.19%, 0, 0, 4, 7.19
1746567075, 0, 754, 897, 877, 13, 8.19%, 0, 0, 4, 6.93
1746567365, 0, 754, 898, 878, 13, 8.19%, 0, 0, 4, 6.51
1746567653, 0, 754, 899, 879, 13, 8.19%, 0, 0, 4, 7.30
1746567668, 0, 754, 900, 880, 13, 8.19%, 0, 0, 4, 11.22
1746567689, 0, 795, 900, 879, 14, 8.19%, 0, 0, 4, 9.10
1746567725, 0, 795, 901, 880, 14, 8.19%, 0, 0, 4, 6.96
1746567926, 0, 795, 902, 881, 14, 8.19%, 0, 0, 4, 7.80
1746568245, 0, 795, 903, 882, 14, 8.19%, 0, 0, 4, 7.04
1746568507, 0, 795, 904, 883, 14, 8.19%, 0, 0, 4, 10.42
1746568513, 0, 795, 905, 884, 14, 8.19%, 0, 0, 4, 7.59
1746568549, 0, 795, 906, 885, 14, 8.19%, 0, 0, 4, 11.19
1746568610, 0, 797, 906, 884, 14, 8.19%, 0, 0, 4, 10.01
1746568677, 0, 797, 907, 885, 14, 8.19%, 0, 0, 4, 7.19
1746568734, 0, 797, 908, 886, 14, 8.19%, 0, 0, 4, 7.40
1746569304, 0, 797, 909, 887, 14, 8.20%, 0, 0, 4, 6.40
1746569556, 0, 805, 910, 887, 14, 8.20%, 0, 0, 4, 8.13
1746569582, 0, 805, 911, 888, 14, 8.20%, 0, 0, 4, 6.71
1746569602, 0, 805, 913, 890, 14, 8.28%, 0, 0, 4, 6.19
1746569607, 0, 805, 916, 893, 14, 8.28%, 0, 0, 4, 5.95
1746569613, 0, 805, 917, 894, 14, 8.28%, 0, 0, 4, 6.47
1746569633, 0, 805, 918, 895, 14, 8.28%, 0, 0, 4, 6.73
1746569658, 0, 805, 920, 897, 14, 8.28%, 0, 0, 4, 6.19
1746569664, 0, 805, 921, 898, 14, 8.28%, 0, 0, 4, 6.04
1746569684, 0, 805, 922, 899, 14, 8.28%, 0, 0, 4, 7.30
1746569710, 0, 805, 923, 900, 14, 8.28%, 0, 0, 4, 6.21
1746570013, 0, 805, 925, 902, 14, 8.28%, 0, 0, 4, 6.13
1746570018, 0, 805, 927, 904, 14, 8.28%, 0, 0, 4, 6.03
1746570024, 0, 805, 928, 905, 14, 8.28%, 0, 0, 4, 5.84
1746570158, 0, 805, 929, 906, 14, 8.28%, 0, 0, 4, 7.03
1746570163, 0, 805, 931, 908, 14, 8.28%, 0, 0, 4, 6.09
1746570306, 0, 805, 932, 909, 14, 8.28%, 0, 0, 4, 6.11
1746570552, 0, 809, 932, 908, 14, 8.28%, 0, 0, 4, 10.36
1746570583, 0, 809, 933, 909, 14, 8.28%, 0, 0, 4, 6.71
1746570599, 0, 809, 935, 911, 14, 8.33%, 0, 0, 4, 6.53
1746570640, 0, 809, 936, 912, 14, 8.33%, 0, 0, 4, 6.78
1746570645, 0, 809, 939, 915, 14, 8.34%, 0, 0, 4, 6.24
1746570691, 0, 809, 941, 917, 14, 8.34%, 0, 0, 4, 6.10
1746570701, 0, 809, 942, 918, 14, 8.34%, 0, 0, 4, 8.03
1746570990, 0, 809, 943, 919, 14, 8.34%, 0, 0, 4, 6.76
1746570995, 0, 809, 945, 921, 14, 8.34%, 0, 0, 4, 6.66
1746571000, 0, 809, 946, 922, 14, 8.34%, 0, 0, 4, 6.46
1746571190, 0, 809, 948, 924, 14, 8.34%, 0, 0, 4, 6.65
1746571325, 0, 809, 949, 925, 14, 8.34%, 0, 0, 4, 6.76
1746571583, 0, 829, 949, 924, 16, 8.34%, 0, 0, 4, 8.99
1746572436, 0, 829, 950, 925, 16, 8.34%, 0, 0, 4, 6.64
1746572524, 0, 829, 951, 926, 16, 8.34%, 0, 0, 4, 7.04
1746572570, 0, 830, 951, 925, 16, 8.34%, 0, 0, 4, 9.10
1746573158, 0, 830, 952, 926, 16, 8.34%, 0, 0, 4, 8.24
1746573220, 0, 844, 952, 925, 15, 8.34%, 0, 0, 4, 12.76
1746573225, 0, 844, 956, 929, 15, 8.34%, 0, 0, 5, 11.14
1746573230, 0, 844, 960, 933, 15, 8.34%, 0, 0, 5, 9.77
1746573235, 0, 844, 962, 935, 15, 8.34%, 0, 0, 5, 11.27
1746573240, 0, 844, 963, 936, 15, 8.34%, 0, 0, 5, 10.86
1746573246, 0, 844, 964, 937, 15, 8.34%, 0, 0, 5, 12.00
1746573251, 0, 844, 968, 941, 15, 8.34%, 0, 0, 5, 11.04
1746573292, 0, 844, 969, 942, 15, 8.34%, 0, 0, 5, 11.48
1746573297, 0, 844, 972, 945, 15, 8.34%, 0, 0, 5, 10.28
1746573328, 0, 844, 973, 946, 15, 8.34%, 0, 0, 5, 13.42
1746573343, 0, 844, 974, 947, 15, 8.34%, 0, 0, 5, 12.27
1746573384, 0, 844, 975, 948, 15, 8.34%, 0, 0, 5, 14.62
1746573421, 0, 844, 976, 949, 15, 8.34%, 0, 0, 5, 12.05
1746573441, 0, 844, 977, 950, 15, 8.34%, 0, 0, 5, 14.06
1746573492, 0, 844, 978, 951, 15, 8.34%, 0, 0, 5, 14.24
1746573513, 0, 844, 979, 952, 15, 8.34%, 0, 0, 5, 12.65
1746573523, 0, 844, 980, 953, 15, 8.34%, 0, 0, 5, 12.71
1746573630, 0, 844, 981, 954, 15, 8.35%, 0, 0, 5, 1.33
1746573646, 0, 844, 982, 955, 15, 8.35%, 0, 0, 5, 15.03
1746573661, 0, 844, 983, 956, 15, 8.35%, 0, 0, 5, 14.15
1746573682, 0, 844, 985, 958, 15, 8.40%, 0, 0, 5, 9.81
1746573708, 0, 844, 986, 959, 15, 8.40%, 0, 0, 5, 11.24
1746573774, 0, 844, 987, 960, 15, 8.40%, 0, 0, 5, 13.73
1746573810, 0, 844, 988, 961, 15, 8.59%, 0, 0, 5, 10.41
1746573852, 0, 850, 988, 960, 14, 8.59%, 0, 0, 5, 12.08
1746573867, 0, 850, 989, 961, 14, 8.59%, 0, 0, 5, 7.11
1746574144, 0, 850, 990, 962, 14, 8.59%, 0, 0, 5, 8.14
1746574180, 0, 853, 990, 961, 14, 8.59%, 0, 0, 5, 10.16
1746574237, 0, 853, 991, 962, 14, 8.59%, 0, 0, 5, 6.78
1746574447, 0, 853, 992, 963, 14, 8.59%, 0, 0, 5, 6.56
1746574596, 0, 853, 993, 964, 14, 8.60%, 0, 0, 5, 6.71
1746574796, 0, 860, 993, 963, 14, 8.60%, 0, 0, 5, 12.20
1746575434, 0, 884, 993, 962, 13, 8.60%, 0, 0, 5, 10.52
1746575501, 0, 884, 994, 963, 13, 8.63%, 0, 0, 5, 6.62
1746576216, 0, 891, 994, 962, 13, 8.63%, 0, 0, 5, 10.57
1746577206, 0, 907, 994, 961, 12, 8.63%, 0, 0, 5, 10.31
1746577242, 0, 907, 995, 962, 12, 8.63%, 0, 0, 5, 7.17
1746577674, 0, 907, 996, 963, 12, 8.63%, 0, 0, 5, 7.59
1746578066, 0, 907, 997, 964, 12, 8.63%, 0, 0, 5, 6.96
1746578149, 0, 907, 998, 965, 12, 8.63%, 0, 0, 5, 8.41
1746578190, 0, 907, 999, 966, 12, 8.63%, 0, 0, 5, 7.76
1746578236, 0, 907, 1000, 967, 12, 8.63%, 0, 0, 5, 10.24
1746578283, 0, 907, 1001, 968, 12, 8.63%, 0, 0, 5, 8.53
1746578298, 0, 907, 1002, 969, 12, 8.63%, 0, 0, 5, 11.15
1746578344, 0, 907, 1003, 970, 12, 8.63%, 0, 0, 5, 8.67
1746578426, 0, 907, 1004, 971, 12, 8.63%, 0, 0, 5, 1.57
1746578431, 0, 907, 1005, 972, 12, 8.63%, 0, 0, 5, 8.49
1746578483, 0, 907, 1006, 973, 12, 8.63%, 0, 0, 5, 9.33
1746578621, 0, 908, 1006, 972, 12, 8.63%, 0, 0, 5, 8.42
1746579598, 0, 912, 1006, 971, 11, 8.63%, 0, 0, 5, 9.06
1746579624, 0, 912, 1007, 972, 11, 8.63%, 0, 0, 5, 6.14
1746579691, 0, 912, 1008, 973, 11, 8.63%, 0, 0, 5, 6.36
1746579737, 0, 912, 1009, 974, 11, 8.63%, 0, 0, 5, 6.29
1746580051, 0, 912, 1010, 975, 11, 8.63%, 0, 0, 5, 5.62
1746580056, 0, 912, 1012, 977, 11, 8.63%, 0, 0, 5, 5.44
1746580061, 0, 912, 1013, 978, 11, 8.63%, 0, 0, 5, 5.37
1746580606, 0, 912, 1014, 979, 11, 8.63%, 0, 0, 5, 11.82
1746580627, 0, 912, 1015, 980, 11, 8.63%, 0, 0, 5, 1.33
1746580699, 0, 939, 1015, 979, 10, 8.63%, 0, 0, 5, 9.41
1746580740, 0, 939, 1017, 981, 10, 8.63%, 0, 0, 5, 5.92
1746581751, 0, 942, 1017, 980, 9, 8.63%, 0, 0, 5, 8.95
1746582371, 0, 942, 1019, 982, 9, 8.63%, 0, 0, 5, 7.14
1746582756, 0, 942, 1021, 984, 9, 8.65%, 0, 0, 5, 9.68
1746582859, 0, 942, 1022, 985, 9, 8.65%, 0, 0, 5, 10.73
1746582894, 0, 942, 1023, 986, 9, 8.65%, 0, 0, 5, 11.63
1746582950, 0, 942, 1024, 987, 9, 8.65%, 0, 0, 5, 12.56
1746582992, 0, 942, 1025, 988, 9, 8.65%, 0, 0, 5, 7.67
1746583341, 0, 946, 1025, 987, 9, 8.65%, 0, 0, 5, 11.66
1746583789, 0, 946, 1028, 990, 9, 8.65%, 0, 0, 5, 6.00
1746583799, 0, 946, 1029, 991, 9, 8.65%, 0, 0, 5, 6.88
1746584396, 0, 973, 1029, 990, 9, 8.65%, 0, 0, 5, 12.08
1746584401, 0, 973, 1033, 994, 9, 8.65%, 0, 0, 6, 11.28
1746584406, 0, 973, 1035, 996, 9, 8.65%, 0, 0, 6, 12.03
1746584417, 0, 973, 1036, 997, 9, 8.65%, 0, 0, 6, 12.03
1746584457, 0, 973, 1039, 1000, 9, 8.65%, 0, 0, 6, 11.94
1746584462, 0, 973, 1041, 1002, 9, 8.65%, 0, 0, 6, 11.17
1746584467, 0, 973, 1042, 1003, 9, 8.65%, 0, 0, 6, 10.90
1746584534, 0, 973, 1043, 1004, 9, 8.65%, 0, 0, 6, 11.00
1746584555, 0, 973, 1044, 1005, 9, 8.65%, 0, 0, 6, 13.38
1746584647, 0, 985, 1044, 1004, 9, 8.65%, 0, 0, 6, 12.27
1746584760, 0, 985, 1045, 1005, 9, 8.65%, 0, 0, 6, 7.25
1746584826, 0, 985, 1046, 1006, 9, 8.65%, 0, 0, 6, 8.47
1746585385, 0, 985, 1048, 1008, 9, 8.65%, 0, 0, 6, 8.78
1746585715, 0, 985, 1049, 1009, 9, 8.65%, 0, 0, 6, 5.08
1746585772, 0, 985, 1050, 1010, 9, 8.65%, 0, 0, 6, 7.91
1746585818, 0, 987, 1050, 1009, 10, 8.65%, 0, 0, 6, 10.25
1746585823, 0, 987, 1051, 1010, 10, 8.65%, 0, 0, 6, 9.40
1746585828, 0, 987, 1053, 1012, 10, 8.65%, 0, 0, 6, 6.37
1746585834, 0, 987, 1055, 1014, 10, 8.65%, 0, 0, 6, 5.48
1746585839, 0, 987, 1057, 1016, 10, 8.65%, 0, 0, 6, 4.89
1746585844, 0, 987, 1059, 1018, 10, 8.65%, 0, 0, 6, 4.88
1746585849, 0, 987, 1062, 1021, 10, 8.66%, 0, 0, 6, 4.88
1746585854, 0, 987, 1065, 1024, 10, 8.66%, 0, 0, 6, 4.89
1746585859, 0, 987, 1067, 1026, 10, 8.66%, 0, 0, 6, 4.80
1746585864, 0, 987, 1069, 1028, 10, 8.66%, 0, 0, 6, 4.76
1746585870, 0, 987, 1071, 1030, 10, 8.66%, 0, 0, 6, 4.68
1746585875, 0, 987, 1072, 1031, 10, 8.66%, 0, 0, 6, 4.67
1746585885, 0, 987, 1074, 1033, 10, 8.66%, 0, 0, 6, 4.78
1746585890, 0, 987, 1076, 1035, 10, 8.68%, 0, 0, 6, 4.72
1746585895, 0, 987, 1077, 1036, 10, 8.68%, 0, 0, 6, 4.67
1746585901, 0, 987, 1078, 1037, 10, 8.68%, 0, 0, 6, 4.68
1746585911, 0, 987, 1079, 1038, 10, 8.68%, 0, 0, 6, 4.66
1746585926, 0, 987, 1080, 1039, 10, 8.68%, 0, 0, 6, 6.09
1746585932, 0, 987, 1082, 1041, 10, 8.68%, 0, 0, 6, 5.01
1746585937, 0, 987, 1083, 1042, 10, 8.68%, 0, 0, 6, 4.84
1746585947, 0, 987, 1084, 1043, 10, 8.68%, 0, 0, 6, 4.79
1746585952, 0, 987, 1086, 1045, 10, 8.68%, 0, 0, 6, 4.76
1746585957, 0, 987, 1087, 1046, 10, 8.68%, 0, 0, 6, 4.70
1746585962, 0, 987, 1088, 1047, 10, 8.68%, 0, 0, 6, 4.45
1746585972, 0, 987, 1089, 1048, 10, 8.68%, 0, 0, 6, 4.57
1746585993, 0, 987, 1090, 1049, 10, 8.68%, 0, 0, 6, 6.35
1746585998, 0, 987, 1092, 1051, 10, 8.68%, 0, 0, 6, 4.87
1746586009, 0, 987, 1093, 1052, 10, 8.68%, 0, 0, 6, 4.65
1746586024, 0, 987, 1094, 1053, 10, 8.68%, 0, 0, 6, 4.24
1746586029, 0, 987, 1095, 1054, 10, 8.71%, 0, 0, 6, 4.39
1746586034, 0, 987, 1096, 1055, 10, 8.71%, 0, 0, 6, 4.49
1746586045, 0, 987, 1097, 1056, 10, 8.71%, 0, 0, 6, 4.58
1746586055, 0, 987, 1098, 1057, 10, 8.71%, 0, 0, 6, 5.48
1746586060, 0, 987, 1099, 1058, 10, 8.71%, 0, 0, 6, 4.51
1746586065, 0, 987, 1100, 1059, 10, 8.71%, 0, 0, 6, 5.19
1746586070, 0, 987, 1101, 1060, 10, 8.71%, 0, 0, 6, 4.28
1746586075, 0, 987, 1102, 1061, 10, 8.71%, 0, 0, 6, 4.12
1746586122, 0, 987, 1103, 1062, 10, 8.71%, 0, 0, 6, 8.03
1746586142, 0, 987, 1104, 1063, 10, 8.71%, 0, 0, 6, 5.08
1746586168, 0, 987, 1105, 1064, 10, 8.71%, 0, 0, 6, 4.91
1746586178, 0, 987, 1106, 1065, 10, 8.71%, 0, 0, 6, 4.63
1746586280, 0, 987, 1107, 1066, 10, 8.71%, 0, 0, 6, 4.68
1746586306, 0, 987, 1108, 1067, 10, 8.71%, 0, 0, 6, 4.65
1746586311, 0, 987, 1110, 1069, 10, 8.71%, 0, 0, 6, 4.55
1746586316, 0, 987, 1111, 1070, 10, 8.71%, 0, 0, 6, 4.28
1746586331, 0, 987, 1112, 1071, 10, 8.71%, 0, 0, 6, 4.55
1746586464, 0, 987, 1113, 1072, 10, 8.71%, 0, 0, 6, 6.00
1746586475, 0, 987, 1114, 1073, 10, 8.71%, 0, 0, 6, 4.32
1746586557, 0, 987, 1115, 1074, 10, 8.71%, 0, 0, 6, 7.41
1746586598, 0, 987, 1116, 1075, 10, 8.71%, 0, 0, 6, 8.71
1746586603, 0, 987, 1117, 1076, 10, 8.71%, 0, 0, 6, 6.69
1746586634, 0, 987, 1118, 1077, 10, 8.71%, 0, 0, 6, 4.34
1746586665, 0, 987, 1119, 1078, 10, 8.71%, 0, 0, 6, 4.60
1746586670, 0, 987, 1120, 1079, 10, 8.71%, 0, 0, 6, 4.65
1746586690, 0, 987, 1121, 1080, 10, 8.71%, 0, 0, 6, 4.58
1746586788, 0, 987, 1123, 1082, 10, 8.71%, 0, 0, 6, 5.70
1746586809, 0, 987, 1124, 1083, 10, 8.71%, 0, 0, 6, 4.16
1746586850, 0, 987, 1125, 1084, 10, 8.71%, 0, 0, 6, 4.15
1746586891, 0, 987, 1126, 1085, 10, 8.71%, 0, 0, 6, 4.85
1746586938, 0, 987, 1127, 1086, 10, 8.73%, 0, 0, 6, 4.69
1746587015, 0, 987, 1128, 1087, 10, 8.73%, 0, 0, 6, 5.29
1746587020, 0, 987, 1129, 1088, 10, 8.73%, 0, 0, 6, 4.89
1746587025, 0, 987, 1130, 1089, 10, 8.73%, 0, 0, 6, 4.73
1746587040, 0, 987, 1131, 1090, 10, 8.73%, 0, 0, 6, 4.48
1746587051, 0, 987, 1132, 1091, 10, 8.73%, 0, 0, 6, 7.22
1746587056, 0, 987, 1133, 1092, 10, 8.73%, 0, 0, 6, 8.20
1746587061, 0, 987, 1134, 1093, 10, 8.73%, 0, 0, 6, 9.22
1746587066, 0, 987, 1135, 1094, 10, 8.73%, 0, 0, 6, 7.43
1746587071, 0, 987, 1136, 1095, 10, 8.91%, 0, 0, 6, 6.33
1746587103, 0, 987, 1137, 1096, 10, 8.91%, 0, 0, 6, 11.26
1746587113, 0, 987, 1138, 1097, 10, 8.91%, 0, 0, 6, 8.80
1746587123, 0, 987, 1139, 1098, 10, 8.91%, 0, 0, 6, 7.78
1746587154, 0, 987, 1140, 1099, 10, 8.91%, 0, 0, 6, 9.58
1746587206, 0, 987, 1141, 1100, 10, 8.95%, 0, 0, 6, 1.08
1746587238, 0, 987, 1142, 1101, 10, 8.95%, 0, 0, 6, 8.19
1746587248, 0, 987, 1143, 1102, 10, 8.95%, 0, 0, 6, 9.63
1746587295, 0, 987, 1144, 1103, 10, 8.95%, 0, 0, 6, 7.91
1746587320, 0, 987, 1145, 1104, 10, 8.95%, 0, 0, 6, 11.12
1746587330, 0, 987, 1146, 1105, 10, 8.97%, 0, 0, 6, 6.98
1746587367, 0, 987, 1147, 1106, 10, 8.97%, 0, 0, 6, 7.26
1746587377, 0, 987, 1148, 1107, 10, 8.97%, 0, 0, 6, 9.25
1746587397, 0, 987, 1149, 1108, 10, 8.97%, 0, 0, 6, 8.95
1746587403, 0, 987, 1150, 1109, 10, 8.97%, 0, 0, 6, 9.42
1746587413, 0, 987, 1151, 1110, 10, 8.97%, 0, 0, 6, 5.87
1746587418, 0, 987, 1152, 1111, 10, 8.97%, 0, 0, 6, 7.28
1746587444, 0, 987, 1153, 1112, 10, 8.97%, 0, 0, 6, 9.84
1746587475, 0, 987, 1154, 1113, 10, 8.97%, 0, 0, 6, 10.36
1746587480, 0, 987, 1155, 1114, 10, 8.97%, 0, 0, 6, 6.15
1746587536, 0, 987, 1156, 1115, 10, 8.97%, 0, 0, 6, 9.41
1746587541, 0, 987, 1157, 1116, 10, 8.97%, 0, 0, 6, 7.26
1746587551, 0, 987, 1158, 1117, 10, 8.97%, 0, 0, 6, 8.39
1746587577, 0, 987, 1159, 1118, 10, 8.97%, 0, 0, 6, 9.07
1746587592, 0, 988, 1159, 1117, 17, 8.97%, 0, 0, 6, 11.31
1746587921, 0, 992, 1159, 1116, 16, 8.97%, 0, 0, 6, 9.86
1746587978, 0, 992, 1160, 1117, 16, 8.97%, 0, 0, 6, 6.29
1746588204, 0, 992, 1161, 1118, 16, 8.97%, 0, 0, 6, 5.69
1746588542, 0, 993, 1161, 1117, 16, 8.97%, 0, 0, 6, 10.41
1746589326, 0, 1003, 1161, 1116, 15, 8.97%, 0, 0, 6, 2.37
1746589336, 0, 1003, 1162, 1117, 15, 8.97%, 0, 0, 6, 6.45
1746589347, 0, 1003, 1163, 1118, 15, 8.97%, 0, 0, 6, 3.30
1746589352, 0, 1003, 1164, 1119, 15, 8.97%, 0, 0, 6, 3.18
1746589367, 0, 1003, 1165, 1120, 15, 8.97%, 0, 0, 6, 3.24
1746589378, 0, 1003, 1166, 1121, 15, 8.97%, 0, 0, 6, 2.58
1746589434, 0, 1003, 1167, 1122, 15, 8.97%, 0, 0, 6, 1.74
1746589890, 0, 1003, 1168, 1123, 15, 8.97%, 0, 0, 6, 2.57
1746589901, 0, 1003, 1169, 1124, 15, 8.97%, 0, 0, 6, 2.71
1746590812, 0, 1003, 1169, 1124, 15, 8.97%, 0, 1, 6, 1.14
1746590950, 0, 1003, 1169, 1124, 15, 8.97%, 0, 2, 6, 1.04
1746591024, 0, 1003, 1169, 1124, 15, 8.97%, 0, 3, 6, 1.05
1746591036, 0, 1003, 1169, 1124, 15, 8.97%, 0, 4, 6, 1.03
1746591042, 0, 1003, 1169, 1124, 15, 8.97%, 0, 5, 6, 1.03
1746591065, 0, 1003, 1169, 1124, 15, 8.97%, 0, 6, 6, 1.02
1746591089, 0, 1003, 1169, 1124, 15, 8.97%, 0, 8, 6, 1.01
1746591124, 0, 1003, 1169, 1124, 15, 8.97%, 0, 9, 6, 1.03
1746591136, 0, 1003, 1169, 1124, 15, 8.97%, 0, 10, 6, 1.03
1746591165, 0, 1003, 1169, 1124, 15, 8.97%, 0, 11, 6, 1.02
1746591194, 0, 1003, 1169, 1124, 15, 8.97%, 0, 12, 6, 1.02
1746591200, 0, 1003, 1169, 1124, 15, 8.97%, 0, 13, 6, 1.02
1746591206, 0, 1003, 1169, 1124, 15, 8.97%, 0, 14, 6, 1.02
1746591235, 0, 1003, 1169, 1124, 15, 8.97%, 0, 15, 6, 1.02
1746591308, 0, 1003, 1169, 1124, 15, 8.97%, 0, 16, 6, 1.78
1746591313, 0, 1003, 1169, 1124, 15, 8.97%, 0, 17, 6, 1.98
1746591318, 0, 1003, 1169, 1124, 15, 8.97%, 0, 18, 6, 1.89
1746591424, 0, 1003, 1169, 1124, 15, 8.97%, 0, 19, 6, 1.56
1746591429, 0, 1003, 1169, 1124, 15, 8.97%, 0, 20, 6, 1.41
1746591469, 0, 1003, 1169, 1124, 15, 8.97%, 0, 24, 6, 1.06
1746591474, 0, 1003, 1169, 1124, 15, 8.97%, 0, 27, 6, 1.04
1746591479, 0, 1003, 1169, 1124, 15, 8.97%, 0, 30, 6, 1.03
1746591484, 0, 1003, 1169, 1124, 15, 8.97%, 0, 34, 6, 1.02
1746591489, 0, 1003, 1169, 1124, 15, 8.97%, 0, 37, 6, 1.01
1746591494, 0, 1003, 1169, 1124, 15, 8.97%, 0, 40, 6, 1.01
1746591499, 0, 1003, 1169, 1124, 15, 8.97%, 0, 44, 6, 1.00
1746591504, 0, 1003, 1169, 1124, 15, 8.97%, 0, 48, 6, 1.00
1746591509, 0, 1003, 1169, 1124, 15, 8.97%, 0, 51, 6, 1.00
1746591514, 0, 1003, 1169, 1124, 15, 8.97%, 0, 54, 6, 1.00
1746591519, 0, 1003, 1169, 1124, 15, 8.97%, 0, 58, 6, 1.00
1746591524, 0, 1003, 1169, 1124, 15, 8.97%, 0, 60, 6, 1.00
1746591529, 0, 1003, 1169, 1124, 15, 8.97%, 0, 62, 6, 0.99
1746591534, 0, 1003, 1169, 1124, 15, 8.97%, 0, 64, 6, 0.99
1746591539, 0, 1003, 1169, 1124, 15, 8.97%, 0, 67, 6, 0.99
1746591544, 0, 1003, 1169, 1124, 15, 8.97%, 0, 71, 6, 0.99
1746591549, 0, 1003, 1169, 1124, 15, 8.97%, 0, 73, 6, 0.99
1746591554, 0, 1003, 1169, 1124, 15, 8.97%, 0, 74, 6, 0.99
1746591559, 0, 1003, 1169, 1124, 15, 8.97%, 0, 76, 6, 1.00
1746591564, 0, 1003, 1169, 1124, 15, 8.97%, 0, 77, 6, 0.99
1746591569, 0, 1003, 1169, 1124, 15, 8.97%, 0, 80, 6, 0.99
1746591574, 0, 1003, 1169, 1124, 15, 8.97%, 0, 84, 6, 0.99
1746591579, 0, 1003, 1169, 1124, 15, 8.97%, 0, 87, 6, 0.99
1746591584, 0, 1003, 1169, 1124, 15, 8.97%, 0, 91, 6, 0.99
1746591589, 0, 1003, 1169, 1124, 15, 8.97%, 0, 92, 6, 0.99
1746591594, 0, 1003, 1169, 1124, 15, 8.97%, 0, 94, 6, 0.99
1746591599, 0, 1003, 1169, 1124, 15, 8.97%, 0, 97, 6, 0.99
1746591604, 0, 1003, 1169, 1124, 15, 8.97%, 0, 101, 6, 0.99
1746591609, 0, 1003, 1169, 1124, 15, 8.97%, 0, 103, 6, 0.99
1746591614, 0, 1003, 1169, 1124, 15, 8.97%, 0, 105, 6, 0.99
1746591619, 0, 1003, 1169, 1124, 15, 8.97%, 0, 109, 6, 0.99
1746591624, 0, 1003, 1169, 1124, 15, 8.97%, 0, 111, 6, 0.99
1746591629, 0, 1003, 1169, 1124, 15, 8.97%, 0, 114, 6, 0.99
1746591635, 0, 1003, 1169, 1124, 15, 8.97%, 0, 115, 6, 0.99
1746591640, 0, 1003, 1169, 1124, 15, 8.97%, 0, 117, 6, 0.99
1746591645, 0, 1003, 1169, 1124, 15, 8.97%, 0, 118, 6, 0.99
1746591650, 0, 1003, 1169, 1124, 15, 8.97%, 0, 120, 6, 0.99
1746591655, 0, 1003, 1169, 1124, 15, 8.97%, 0, 121, 6, 0.99
1746591660, 0, 1003, 1169, 1124, 15, 8.97%, 0, 122, 6, 0.99
1746591705, 0, 1003, 1169, 1124, 15, 8.97%, 0, 123, 6, 1.01
1746591710, 0, 1003, 1169, 1124, 15, 8.97%, 0, 125, 6, 1.01
1746591715, 0, 1003, 1169, 1124, 15, 8.97%, 0, 126, 6, 1.00
1746591725, 0, 1003, 1169, 1124, 15, 8.97%, 0, 128, 6, 1.00
1746591735, 0, 1003, 1169, 1124, 15, 8.97%, 0, 129, 6, 1.00
1746591740, 0, 1003, 1169, 1124, 15, 8.97%, 0, 131, 6, 1.00
1746591745, 0, 1003, 1169, 1124, 15, 8.97%, 0, 133, 6, 1.00
1746591750, 0, 1003, 1169, 1124, 15, 8.97%, 0, 134, 6, 1.00
1746591755, 0, 1003, 1169, 1124, 15, 8.97%, 0, 136, 6, 0.99
1746591760, 0, 1003, 1169, 1124, 15, 8.97%, 0, 137, 6, 0.99
1746591765, 0, 1003, 1169, 1124, 15, 8.97%, 0, 141, 6, 0.99
1746591776, 0, 1003, 1169, 1124, 15, 8.97%, 0, 143, 6, 0.99
1746591781, 0, 1003, 1169, 1124, 15, 8.97%, 0, 144, 6, 0.99
1746591786, 0, 1003, 1169, 1124, 15, 8.97%, 0, 146, 6, 0.99
1746591791, 0, 1003, 1169, 1124, 15, 8.97%, 0, 150, 6, 0.99
1746591796, 0, 1003, 1169, 1124, 15, 8.97%, 0, 153, 6, 0.99
1746591801, 0, 1003, 1169, 1124, 15, 8.97%, 0, 156, 6, 0.99
1746591806, 0, 1003, 1169, 1124, 15, 8.97%, 0, 158, 6, 0.99
1746591811, 0, 1003, 1169, 1124, 15, 8.97%, 0, 159, 6, 0.99
1746591821, 0, 1003, 1169, 1124, 15, 8.97%, 0, 163, 6, 0.99
1746591826, 0, 1003, 1169, 1124, 15, 8.97%, 0, 167, 6, 0.99
1746591831, 0, 1003, 1169, 1124, 15, 8.97%, 0, 168, 6, 0.99
1746591841, 0, 1003, 1169, 1124, 15, 8.97%, 0, 170, 6, 0.99
1746591851, 0, 1003, 1169, 1124, 15, 8.97%, 0, 173, 6, 0.99
1746591856, 0, 1003, 1169, 1124, 15, 8.97%, 0, 174, 6, 0.99
1746591861, 0, 1003, 1169, 1124, 15, 8.97%, 0, 177, 6, 0.99
1746591866, 0, 1003, 1169, 1124, 15, 8.97%, 0, 178, 6, 0.99
1746591876, 0, 1003, 1169, 1124, 15, 8.97%, 0, 179, 6, 0.99
1746592123, 0, 1003, 1169, 1124, 15, 8.97%, 0, 180, 6, 2.64
1746592771, 0, 1003, 1169, 1124, 15, 8.97%, 0, 181, 6, 1.06
1746592851, 0, 1003, 1169, 1124, 15, 8.97%, 0, 182, 6, 2.82
1746592862, 0, 1003, 1169, 1124, 15, 8.97%, 0, 183, 6, 2.88
1746592872, 0, 1003, 1169, 1124, 15, 8.97%, 0, 184, 6, 2.63
1746592882, 0, 1003, 1169, 1124, 15, 8.97%, 0, 185, 6, 2.66
1746592893, 0, 1003, 1169, 1124, 15, 8.97%, 0, 187, 6, 2.44
1746592903, 0, 1003, 1169, 1124, 15, 8.97%, 0, 188, 6, 2.61
1746592908, 0, 1003, 1169, 1124, 15, 8.97%, 0, 189, 6, 2.49
1746592950, 0, 1003, 1169, 1124, 15, 8.97%, 0, 190, 6, 2.69
1746593173, 0, 1003, 1170, 1125, 15, 8.97%, 0, 190, 6, 2.14
1746593210, 0, 1003, 1171, 1126, 15, 8.97%, 0, 190, 6, 1.51
1746593803, 0, 1003, 1171, 1126, 15, 8.97%, 0, 191, 6, 1.07
1746593970, 0, 1003, 1172, 1127, 15, 8.97%, 0, 191, 6, 1.40
1746593998, 0, 1003, 1173, 1128, 15, 8.97%, 0, 191, 6, 1.31
1746594078, 0, 1057, 1173, 1127, 15, 8.97%, 0, 191, 6, 3.75
1746594103, 0, 1057, 1174, 1128, 15, 8.97%, 0, 191, 7, 3.44
1746594170, 0, 1057, 1175, 1129, 15, 8.97%, 0, 191, 7, 3.19
1746594238, 0, 1057, 1176, 1130, 15, 8.97%, 0, 191, 7, 3.33
1746594387, 0, 1057, 1177, 1131, 15, 8.97%, 0, 191, 7, 4.05
1746594418, 0, 1057, 1178, 1132, 15, 8.97%, 0, 191, 7, 3.30
1746594423, 0, 1057, 1179, 1133, 15, 8.97%, 0, 191, 7, 3.25
1746594428, 0, 1057, 1180, 1134, 15, 8.97%, 0, 191, 7, 3.27
1746594434, 0, 1057, 1181, 1135, 15, 8.97%, 0, 191, 7, 3.32
1746594449, 0, 1057, 1182, 1136, 15, 8.97%, 0, 191, 7, 3.26
1746595029, 0, 1057, 1183, 1137, 15, 8.97%, 0, 191, 7, 3.24
1746595591, 0, 1060, 1183, 1136, 14, 8.97%, 0, 191, 7, 6.73
1746595642, 0, 1060, 1184, 1137, 14, 8.97%, 0, 191, 7, 3.11
1746595667, 0, 1060, 1185, 1138, 14, 8.97%, 0, 191, 7, 3.22
1746595714, 0, 1060, 1186, 1139, 14, 8.97%, 0, 191, 7, 3.05
1746595719, 0, 1060, 1187, 1140, 14, 8.97%, 0, 191, 7, 3.00
1746595765, 0, 1060, 1188, 1141, 14, 8.97%, 0, 191, 7, 4.12
1746595802, 0, 1060, 1189, 1142, 14, 8.97%, 0, 191, 7, 3.02
1746595976, 0, 1060, 1190, 1143, 14, 8.97%, 0, 191, 7, 3.24
1746596104, 0, 1060, 1191, 1144, 14, 8.97%, 0, 191, 7, 3.12
1746596350, 0, 1060, 1192, 1145, 14, 8.97%, 0, 191, 7, 3.12
1746596469, 0, 1060, 1193, 1146, 14, 8.97%, 0, 191, 7, 2.97
1746596716, 0, 1060, 1194, 1147, 14, 8.97%, 0, 191, 7, 3.04
1746597046, 0, 1060, 1195, 1148, 14, 8.97%, 0, 191, 7, 3.04
1746597097, 0, 1060, 1196, 1149, 14, 8.97%, 0, 191, 7, 2.68
1746597144, 0, 1060, 1197, 1150, 14, 8.97%, 0, 191, 7, 2.77
1746597185, 0, 1060, 1198, 1151, 14, 8.97%, 0, 191, 7, 2.67
1746597319, 0, 1061, 1198, 1150, 15, 8.97%, 0, 191, 7, 5.55
1746597361, 0, 1061, 1199, 1151, 15, 8.97%, 0, 191, 7, 3.41
1746597792, 0, 1061, 1200, 1152, 15, 8.97%, 0, 191, 7, 3.35
1746598039, 0, 1061, 1201, 1153, 15, 8.97%, 0, 191, 7, 3.45
1746598044, 0, 1061, 1203, 1155, 15, 8.97%, 0, 191, 7, 3.25
1746598142, 0, 1061, 1204, 1156, 15, 8.97%, 0, 191, 7, 3.69
1746598430, 0, 1061, 1205, 1157, 15, 8.97%, 0, 191, 7, 3.61
1746598528, 0, 1061, 1206, 1158, 15, 8.97%, 0, 191, 7, 3.47
1746598579, 0, 1065, 1206, 1157, 14, 8.97%, 0, 191, 7, 6.23
1746599743, 0, 1065, 1207, 1158, 14, 8.97%, 0, 191, 7, 3.16
1746599753, 0, 1065, 1208, 1159, 14, 8.97%, 0, 191, 7, 3.21
1746599836, 0, 1065, 1209, 1160, 14, 8.97%, 0, 191, 7, 4.00
1746599969, 0, 1065, 1210, 1161, 14, 8.97%, 0, 191, 7, 2.92
1746600088, 0, 1065, 1211, 1162, 14, 8.97%, 0, 191, 7, 3.35
1746600258, 0, 1073, 1211, 1161, 13, 8.97%, 0, 191, 7, 7.25
1746601896, 0, 1074, 1211, 1160, 12, 8.97%, 0, 191, 7, 7.27
1746601953, 0, 1074, 1212, 1161, 12, 8.97%, 0, 191, 7, 3.65
