# unix_time, cycles_done, cur_path, paths_total, pending_total, pending_favs, map_size, unique_crashes, unique_hangs, max_depth, execs_per_sec
1746558788, 0, 0, 1, 1, 1, 4.97%, 0, 0, 1, 80.81
1746558794, 0, 0, 48, 48, 1, 5.11%, 0, 0, 2, 81.57
1746558799, 0, 0, 91, 91, 1, 6.15%, 0, 0, 2, 72.90
1746558804, 0, 0, 108, 108, 1, 6.53%, 0, 0, 2, 18.72
1746558809, 0, 0, 128, 128, 1, 6.53%, 0, 0, 2, 32.75
1746558814, 0, 0, 148, 148, 1, 6.76%, 0, 0, 2, 37.87
1746558819, 0, 0, 172, 172, 1, 6.77%, 0, 0, 2, 41.05
1746558824, 0, 0, 189, 189, 1, 6.77%, 0, 0, 2, 35.02
1746558829, 0, 0, 206, 206, 1, 6.78%, 0, 0, 2, 35.93
1746558834, 0, 0, 225, 225, 1, 6.78%, 0, 0, 2, 37.04
1746558839, 0, 0, 241, 241, 1, 6.78%, 0, 0, 2, 32.56
1746558845, 0, 0, 260, 260, 1, 6.78%, 0, 0, 2, 41.34
1746558850, 0, 0, 273, 273, 1, 6.79%, 0, 0, 2, 28.36
1746558855, 0, 0, 287, 287, 1, 6.79%, 0, 0, 2, 30.70
1746558860, 0, 0, 306, 306, 1, 6.79%, 0, 0, 2, 32.09
1746558865, 0, 0, 318, 318, 1, 6.79%, 0, 0, 2, 30.62
1746558870, 0, 0, 330, 330, 1, 6.79%, 0, 0, 2, 28.56
1746558875, 0, 0, 342, 342, 1, 6.79%, 0, 0, 2, 30.05
1746558880, 0, 0, 355, 355, 1, 6.79%, 0, 0, 2, 30.91
1746558885, 0, 0, 367, 367, 1, 6.80%, 0, 0, 2, 32.52
1746558891, 0, 0, 380, 380, 1, 6.80%, 0, 0, 2, 34.76
1746558896, 0, 0, 395, 395, 1, 6.80%, 0, 0, 2, 45.22
1746558901, 0, 0, 405, 405, 1, 6.80%, 0, 0, 2, 35.11
1746558906, 0, 0, 420, 420, 1, 6.80%, 0, 0, 2, 38.64
1746558911, 0, 0, 431, 431, 1, 6.80%, 0, 0, 2, 30.45
1746558916, 0, 0, 442, 442, 1, 6.80%, 0, 0, 2, 35.80
1746558921, 0, 0, 453, 453, 1, 6.80%, 0, 0, 2, 30.81
1746558927, 0, 0, 461, 461, 1, 6.80%, 0, 0, 2, 35.20
1746558932, 0, 0, 470, 470, 1, 6.80%, 0, 0, 2, 35.86
1746558937, 0, 0, 482, 482, 1, 6.80%, 0, 0, 2, 38.57
1746558942, 0, 0, 490, 490, 1, 6.80%, 0, 0, 2, 29.62
1746558947, 0, 0, 499, 499, 1, 6.80%, 0, 0, 2, 35.27
1746558952, 0, 0, 507, 507, 1, 6.80%, 0, 0, 2, 35.81
1746558957, 0, 0, 514, 514, 1, 6.80%, 0, 0, 2, 34.46
1746558962, 0, 0, 523, 523, 1, 6.80%, 0, 0, 2, 34.67
1746558968, 0, 0, 531, 531, 1, 6.81%, 0, 0, 2, 36.38
1746558973, 0, 0, 539, 539, 1, 6.81%, 0, 0, 2, 28.95
1746558978, 0, 0, 545, 545, 1, 6.81%, 0, 0, 2, 31.48
1746558983, 0, 0, 553, 553, 1, 6.81%, 0, 0, 2, 30.96
1746558988, 0, 0, 561, 561, 1, 6.81%, 0, 0, 2, 30.63
1746558993, 0, 0, 569, 569, 1, 6.81%, 0, 0, 2, 32.82
1746558999, 0, 0, 575, 575, 1, 6.81%, 0, 0, 2, 34.20
1746559004, 0, 0, 580, 580, 1, 6.81%, 0, 0, 2, 39.57
1746559009, 0, 0, 587, 587, 1, 6.81%, 0, 0, 2, 34.91
1746559014, 0, 0, 593, 593, 1, 6.81%, 0, 0, 2, 35.62
1746559019, 0, 0, 598, 598, 1, 6.81%, 0, 0, 2, 38.66
1746559024, 0, 0, 605, 605, 1, 6.81%, 0, 0, 2, 33.16
1746559029, 0, 0, 609, 609, 1, 6.81%, 0, 0, 2, 37.14
1746559034, 0, 0, 617, 617, 1, 6.81%, 0, 0, 2, 35.16
1746559039, 0, 0, 619, 619, 1, 6.81%, 0, 0, 2, 41.89
1746559044, 0, 0, 620, 620, 1, 6.81%, 0, 0, 2, 47.90
1746559049, 0, 0, 627, 627, 1, 6.81%, 0, 0, 2, 40.98
1746559055, 0, 0, 632, 632, 1, 6.81%, 0, 0, 2, 39.71
1746559060, 0, 0, 636, 636, 1, 6.81%, 0, 0, 2, 39.49
1746559065, 0, 0, 639, 639, 1, 6.81%, 0, 0, 2, 43.60
1746559070, 0, 0, 641, 641, 1, 6.81%, 0, 0, 2, 43.81
1746559075, 0, 0, 643, 643, 1, 6.81%, 0, 0, 2, 45.80
1746559080, 0, 0, 645, 645, 1, 6.81%, 0, 0, 2, 44.30
1746559085, 0, 0, 649, 649, 1, 6.82%, 0, 0, 2, 32.96
1746559091, 0, 0, 652, 652, 1, 6.82%, 0, 0, 2, 39.34
1746559096, 0, 0, 655, 655, 1, 6.82%, 0, 0, 2, 40.93
1746559101, 0, 0, 658, 658, 1, 6.82%, 0, 0, 2, 38.55
1746559106, 0, 0, 660, 660, 1, 6.82%, 0, 0, 2, 45.86
1746559111, 0, 0, 662, 662, 1, 6.82%, 0, 0, 2, 41.86
1746559116, 0, 0, 664, 664, 1, 6.82%, 0, 0, 2, 40.57
1746559121, 0, 0, 665, 665, 1, 6.82%, 0, 0, 2, 47.46
1746559126, 0, 0, 667, 667, 1, 6.82%, 0, 0, 2, 45.10
1746559131, 0, 0, 669, 669, 1, 6.82%, 0, 0, 2, 48.65
1746559137, 0, 0, 671, 671, 1, 6.82%, 0, 0, 2, 43.50
1746559142, 0, 0, 673, 673, 1, 6.82%, 0, 0, 2, 46.92
1746559147, 0, 0, 676, 676, 1, 6.82%, 0, 0, 2, 44.33
1746559152, 0, 0, 680, 680, 1, 6.82%, 0, 0, 2, 35.70
1746559157, 0, 0, 683, 683, 1, 6.82%, 0, 0, 2, 40.57
1746559162, 0, 0, 684, 684, 1, 6.82%, 0, 0, 2, 48.58
1746559172, 0, 0, 685, 685, 1, 6.82%, 0, 0, 2, 45.04
1746559178, 0, 0, 687, 687, 1, 6.82%, 0, 0, 2, 42.68
1746559188, 0, 0, 690, 690, 1, 6.82%, 0, 0, 2, 44.37
1746559193, 0, 0, 691, 691, 1, 6.82%, 0, 0, 2, 50.43
1746559203, 0, 0, 692, 692, 1, 6.82%, 0, 0, 2, 46.86
1746559209, 0, 0, 694, 694, 1, 6.82%, 0, 0, 2, 43.79
1746559214, 0, 0, 696, 696, 1, 6.82%, 0, 0, 2, 44.65
1746559219, 0, 0, 697, 697, 1, 6.82%, 0, 0, 2, 49.43
1746559224, 0, 0, 698, 698, 1, 6.82%, 0, 0, 2, 49.11
1746559234, 0, 0, 701, 701, 1, 6.82%, 0, 0, 2, 43.92
1746559239, 0, 0, 703, 703, 1, 6.82%, 0, 0, 2, 41.69
1746559249, 0, 0, 704, 704, 1, 6.82%, 0, 0, 2, 45.87
1746559255, 0, 0, 705, 705, 1, 6.82%, 0, 0, 2, 47.41
1746559260, 0, 0, 706, 706, 1, 6.82%, 0, 0, 2, 50.53
1746559265, 0, 0, 711, 711, 1, 6.82%, 0, 0, 2, 36.69
1746559270, 0, 0, 712, 712, 1, 6.82%, 0, 0, 2, 36.91
1746559280, 0, 0, 713, 713, 1, 6.82%, 0, 0, 2, 46.21
1746559301, 0, 0, 714, 714, 1, 6.82%, 0, 0, 2, 54.03
1746559311, 0, 0, 715, 715, 1, 6.82%, 0, 0, 2, 49.78
1746559331, 0, 5, 716, 715, 26, 6.82%, 0, 0, 3, 47.81
1746559342, 0, 5, 717, 716, 26, 6.82%, 0, 0, 3, 46.32
1746559367, 0, 5, 718, 717, 26, 6.82%, 0, 0, 3, 47.74
1746559372, 0, 5, 719, 718, 26, 6.82%, 0, 0, 3, 45.18
1746559383, 0, 5, 722, 721, 26, 6.82%, 0, 0, 3, 46.07
1746559393, 0, 5, 723, 722, 26, 6.82%, 0, 0, 3, 44.12
1746559398, 0, 5, 724, 723, 26, 6.82%, 0, 0, 3, 51.32
1746559418, 0, 5, 725, 724, 26, 6.82%, 0, 0, 3, 47.76
1746559423, 0, 5, 726, 725, 26, 6.82%, 0, 0, 3, 44.98
1746559433, 0, 5, 727, 726, 26, 6.82%, 0, 0, 3, 47.35
1746559454, 0, 5, 728, 727, 26, 6.82%, 0, 0, 3, 43.05
1746559459, 0, 5, 729, 728, 26, 6.82%, 0, 0, 3, 43.86
1746559495, 0, 5, 730, 729, 26, 6.82%, 0, 0, 3, 46.91
1746559505, 0, 5, 731, 730, 26, 6.82%, 0, 0, 3, 46.60
1746559515, 0, 5, 733, 732, 26, 6.82%, 0, 0, 3, 49.15
1746559531, 0, 5, 734, 733, 26, 6.82%, 0, 0, 3, 48.55
1746559541, 0, 5, 735, 734, 26, 6.82%, 0, 0, 3, 46.84
1746559551, 0, 5, 736, 735, 26, 6.82%, 0, 0, 3, 43.45
1746559562, 0, 5, 738, 737, 26, 6.82%, 0, 0, 3, 46.07
1746559592, 0, 17, 738, 736, 27, 6.82%, 0, 0, 3, 55.60
1746559598, 0, 17, 740, 738, 27, 6.82%, 0, 0, 3, 50.84
1746559603, 0, 17, 741, 739, 27, 6.82%, 0, 0, 3, 44.34
1746559613, 0, 17, 742, 740, 27, 6.82%, 0, 0, 3, 50.39
1746559618, 0, 17, 743, 741, 27, 6.82%, 0, 0, 3, 44.92
1746559623, 0, 17, 744, 742, 27, 6.82%, 0, 0, 3, 45.40
1746559654, 0, 17, 745, 743, 27, 6.82%, 0, 0, 3, 53.68
1746559705, 0, 17, 746, 744, 27, 6.82%, 0, 0, 3, 48.09
1746559715, 0, 17, 747, 745, 27, 6.82%, 0, 0, 3, 45.82
1746559731, 0, 17, 748, 746, 27, 6.82%, 0, 0, 3, 48.77
1746559741, 0, 17, 749, 747, 27, 6.82%, 0, 0, 3, 50.65
1746559746, 0, 17, 750, 748, 27, 6.82%, 0, 0, 3, 52.20
1746559782, 0, 17, 751, 749, 27, 6.82%, 0, 0, 3, 43.37
1746559787, 0, 17, 752, 750, 27, 6.82%, 0, 0, 3, 49.95
1746559823, 0, 17, 753, 751, 27, 6.82%, 0, 0, 3, 51.58
1746559843, 0, 67, 753, 750, 25, 6.82%, 0, 0, 3, 58.63
1746559864, 0, 67, 754, 751, 25, 6.82%, 0, 0, 3, 51.92
1746559884, 0, 96, 754, 750, 26, 6.82%, 0, 0, 3, 56.75
1746559889, 0, 96, 755, 751, 26, 6.82%, 0, 0, 3, 50.39
1746559915, 0, 96, 756, 752, 26, 6.82%, 0, 0, 3, 47.68
1746559930, 0, 96, 757, 753, 26, 6.83%, 0, 0, 3, 44.58
1746559946, 0, 96, 758, 754, 26, 6.83%, 0, 0, 3, 44.16
1746559986, 0, 96, 759, 755, 26, 6.83%, 0, 0, 3, 47.88
1746559997, 0, 96, 760, 756, 26, 6.83%, 0, 0, 3, 52.11
1746560002, 0, 96, 761, 757, 26, 6.83%, 0, 0, 3, 44.81
1746560094, 0, 96, 762, 758, 26, 6.83%, 0, 0, 3, 46.42
1746560150, 0, 99, 762, 757, 25, 6.83%, 0, 0, 3, 26.50
1746560171, 0, 99, 763, 758, 25, 6.83%, 0, 0, 3, 18.64
1746560181, 0, 99, 764, 759, 25, 6.83%, 0, 0, 3, 27.07
1746560197, 0, 146, 764, 758, 25, 6.83%, 0, 0, 3, 28.27
1746560232, 0, 146, 765, 759, 25, 6.83%, 0, 0, 3, 30.18
1746560248, 0, 146, 766, 760, 25, 6.83%, 0, 0, 3, 35.47
1746560258, 0, 146, 767, 761, 25, 6.83%, 0, 0, 3, 30.92
1746560273, 0, 146, 768, 762, 25, 6.83%, 0, 0, 3, 33.07
1746560319, 0, 146, 769, 763, 25, 6.83%, 0, 0, 3, 31.85
1746560365, 0, 146, 770, 764, 25, 6.83%, 0, 0, 3, 31.93
1746560559, 0, 146, 771, 765, 25, 6.83%, 0, 0, 3, 33.09
1746560722, 0, 273, 771, 764, 24, 6.83%, 0, 0, 3, 45.67
1746560737, 0, 273, 772, 765, 24, 6.83%, 0, 0, 3, 41.65
1746560748, 0, 273, 773, 766, 24, 6.83%, 0, 0, 3, 44.55
1746560783, 0, 273, 774, 767, 24, 6.83%, 0, 0, 3, 42.62
1746560860, 0, 279, 774, 766, 24, 6.83%, 0, 0, 3, 40.31
1746560881, 0, 308, 774, 765, 23, 6.83%, 0, 0, 3, 39.15
1746560886, 0, 308, 776, 767, 23, 6.83%, 0, 0, 3, 36.19
1746560901, 0, 308, 788, 779, 23, 6.83%, 0, 0, 3, 35.90
1746560906, 0, 308, 789, 780, 23, 6.83%, 0, 0, 3, 34.14
1746560922, 0, 308, 790, 781, 23, 6.83%, 0, 0, 3, 37.75
1746560942, 0, 322, 790, 780, 24, 6.83%, 0, 0, 3, 35.44
1746560977, 0, 325, 790, 779, 23, 6.83%, 0, 0, 3, 55.30
1746561003, 0, 330, 790, 778, 22, 6.83%, 0, 0, 3, 30.75
1746561034, 0, 358, 790, 777, 20, 6.83%, 0, 0, 3, 53.03
1746561064, 0, 404, 790, 776, 19, 6.83%, 0, 0, 3, 34.25
1746561095, 0, 449, 790, 775, 18, 6.83%, 0, 0, 3, 31.57
1746561141, 0, 492, 790, 774, 17, 6.83%, 0, 0, 3, 27.70
1746561182, 0, 514, 790, 773, 16, 6.83%, 0, 0, 3, 54.08
1746561227, 0, 527, 790, 772, 15, 6.83%, 0, 0, 3, 40.91
1746561248, 0, 534, 790, 771, 14, 6.83%, 0, 0, 3, 25.11
1746561330, 0, 536, 790, 770, 14, 6.83%, 0, 0, 3, 34.02
1746561350, 0, 548, 790, 769, 14, 6.83%, 0, 0, 3, 28.05
1746561396, 0, 566, 790, 768, 13, 6.83%, 0, 0, 3, 30.95
1746561483, 0, 569, 790, 767, 13, 6.83%, 0, 0, 3, 47.88
1746561508, 0, 587, 790, 766, 12, 6.83%, 0, 0, 3, 32.06
1746561564, 0, 587, 791, 767, 12, 6.83%, 0, 0, 3, 22.42
1746561590, 0, 587, 792, 768, 12, 6.83%, 0, 0, 3, 24.73
1746561605, 0, 587, 794, 770, 12, 6.83%, 0, 0, 3, 26.13
1746561641, 0, 587, 795, 771, 12, 6.83%, 0, 0, 3, 23.84
1746561646, 0, 587, 796, 772, 12, 6.83%, 0, 0, 3, 26.44
1746561671, 0, 587, 797, 773, 12, 6.83%, 0, 0, 3, 28.04
1746561712, 0, 587, 798, 774, 12, 6.83%, 0, 0, 3, 27.30
1746561727, 0, 587, 799, 775, 12, 6.83%, 0, 0, 3, 26.98
1746561773, 0, 587, 800, 776, 12, 6.83%, 0, 0, 3, 25.76
1746561789, 0, 587, 801, 777, 12, 7.39%, 0, 0, 3, 23.90
1746561881, 0, 587, 802, 778, 12, 7.39%, 0, 0, 3, 26.52
1746561896, 0, 587, 803, 779, 12, 7.39%, 0, 0, 3, 26.13
1746561901, 0, 587, 804, 780, 12, 7.39%, 0, 0, 3, 26.95
1746561927, 0, 587, 805, 781, 12, 7.39%, 0, 0, 3, 26.67
1746561932, 0, 587, 806, 782, 12, 7.39%, 0, 0, 3, 26.45
1746562100, 0, 587, 807, 783, 12, 7.39%, 0, 0, 3, 26.21
1746562202, 0, 629, 807, 782, 10, 7.39%, 0, 0, 3, 26.85
1746562248, 0, 732, 807, 781, 9, 7.39%, 0, 0, 3, 24.44
1746562356, 0, 732, 808, 782, 9, 7.39%, 0, 0, 4, 23.13
1746562381, 0, 736, 808, 781, 8, 7.39%, 0, 0, 4, 29.41
1746562407, 0, 752, 808, 780, 7, 7.39%, 0, 0, 4, 26.31
1746562417, 0, 752, 809, 781, 7, 7.39%, 0, 0, 4, 13.87
1746562427, 0, 752, 811, 783, 7, 7.44%, 0, 0, 4, 13.60
1746562437, 0, 752, 812, 784, 7, 7.45%, 0, 0, 4, 14.42
1746562448, 0, 752, 813, 785, 7, 7.45%, 0, 0, 4, 14.62
1746562458, 0, 752, 814, 786, 7, 7.45%, 0, 0, 4, 16.06
1746562499, 0, 752, 816, 788, 7, 7.46%, 0, 0, 4, 12.89
1746562504, 0, 752, 818, 790, 7, 7.46%, 0, 0, 4, 12.81
1746562565, 0, 752, 819, 791, 7, 7.46%, 0, 0, 4, 13.13
1746562570, 0, 752, 820, 792, 7, 7.46%, 0, 0, 4, 15.85
1746562606, 0, 752, 821, 793, 7, 7.46%, 0, 0, 4, 14.30
1746562612, 0, 752, 822, 794, 7, 7.46%, 0, 0, 4, 15.38
1746562627, 0, 756, 822, 793, 8, 7.46%, 0, 0, 4, 21.14
1746562683, 0, 756, 823, 794, 8, 7.46%, 0, 0, 4, 23.57
1746562704, 0, 756, 824, 795, 8, 7.46%, 0, 0, 4, 27.20
1746562760, 0, 798, 824, 794, 7, 7.46%, 0, 0, 4, 23.54
1746562821, 0, 798, 825, 795, 7, 7.46%, 0, 0, 4, 21.40
1746562857, 0, 805, 825, 794, 6, 7.46%, 0, 0, 4, 26.56
1746562862, 0, 805, 827, 796, 6, 7.46%, 0, 0, 4, 19.76
1746562867, 0, 805, 828, 797, 6, 7.46%, 0, 0, 4, 15.82
1746562877, 0, 805, 829, 798, 6, 7.46%, 0, 0, 4, 16.85
1746562887, 0, 805, 830, 799, 6, 7.46%, 0, 0, 4, 18.66
1746562892, 0, 805, 832, 801, 6, 7.46%, 0, 0, 4, 15.11
1746562908, 0, 805, 833, 802, 6, 7.46%, 0, 0, 4, 19.98
1746562913, 0, 805, 836, 805, 6, 7.48%, 0, 0, 4, 18.05
1746562918, 0, 805, 837, 806, 6, 7.48%, 0, 0, 4, 17.82
1746562944, 0, 805, 838, 807, 6, 7.48%, 0, 0, 4, 17.78
1746562959, 0, 805, 839, 808, 6, 7.48%, 0, 0, 4, 14.19
1746563087, 0, 805, 841, 810, 6, 7.48%, 0, 0, 4, 14.69
1746563108, 0, 809, 842, 810, 7, 7.48%, 0, 0, 5, 21.30
1746563113, 0, 809, 843, 811, 7, 7.48%, 0, 0, 5, 16.80
1746563143, 0, 809, 844, 812, 7, 7.48%, 0, 0, 5, 15.24
1746563153, 0, 809, 845, 813, 7, 7.48%, 0, 0, 5, 17.62
1746563260, 0, 809, 846, 814, 7, 7.48%, 0, 0, 5, 13.82
1746563266, 0, 809, 847, 815, 7, 7.48%, 0, 0, 5, 14.27
1746563312, 0, 809, 848, 816, 7, 7.48%, 0, 0, 5, 20.65
1746563374, 0, 811, 850, 817, 6, 7.48%, 0, 0, 5, 17.80
1746563419, 0, 811, 851, 818, 6, 7.48%, 0, 0, 5, 16.44
1746563501, 0, 811, 853, 820, 6, 7.48%, 0, 0, 5, 16.54
1746563527, 0, 811, 854, 821, 6, 7.48%, 0, 0, 5, 13.55
1746563609, 0, 814, 854, 820, 7, 7.48%, 0, 0, 5, 17.30
1746563645, 0, 814, 855, 821, 7, 7.48%, 0, 0, 5, 14.75
1746563763, 0, 814, 856, 822, 7, 7.48%, 0, 0, 5, 17.64
1746563835, 0, 823, 856, 821, 7, 7.48%, 0, 0, 5, 22.44
1746563958, 0, 827, 856, 820, 6, 7.48%, 0, 0, 5, 21.33
1746563968, 0, 827, 860, 824, 6, 7.53%, 0, 0, 5, 13.35
1746563983, 0, 827, 864, 828, 6, 7.53%, 0, 0, 5, 12.93
1746563994, 0, 827, 865, 829, 6, 7.53%, 0, 0, 5, 15.09
1746563999, 0, 827, 869, 833, 6, 7.53%, 0, 0, 5, 14.23
1746564076, 0, 827, 872, 836, 6, 7.53%, 0, 0, 5, 12.79
1746564081, 0, 827, 875, 839, 6, 7.53%, 0, 0, 5, 12.35
1746564086, 0, 827, 879, 843, 6, 7.53%, 0, 0, 5, 12.42
1746564122, 0, 827, 881, 845, 6, 7.53%, 0, 0, 5, 18.11
1746564128, 0, 827, 882, 846, 6, 7.53%, 0, 0, 5, 18.15
1746564174, 0, 827, 882, 846, 6, 7.53%, 0, 1, 5, 10.99
1746564210, 0, 827, 883, 847, 6, 7.53%, 0, 1, 5, 21.19
1746564256, 0, 827, 884, 848, 6, 7.53%, 0, 1, 5, 22.17
1746564277, 0, 827, 885, 849, 6, 7.53%, 0, 1, 5, 26.53
1746564430, 0, 827, 886, 850, 6, 7.55%, 0, 1, 5, 25.79
1746564578, 0, 827, 887, 851, 6, 7.55%, 0, 1, 5, 23.69
1746564696, 0, 835, 887, 850, 9, 7.55%, 0, 1, 5, 22.85
1746564875, 0, 835, 888, 851, 9, 7.55%, 0, 1, 5, 18.33
1746564906, 0, 835, 889, 852, 9, 7.55%, 0, 1, 5, 18.55
1746564957, 0, 835, 890, 853, 9, 7.55%, 0, 1, 5, 24.11
1746564967, 0, 835, 891, 854, 9, 7.55%, 0, 1, 5, 23.25
1746565049, 0, 845, 891, 853, 8, 7.55%, 0, 1, 5, 20.43
1746565059, 0, 845, 894, 856, 8, 7.55%, 0, 1, 6, 14.48
1746565070, 0, 845, 896, 858, 8, 7.55%, 0, 1, 6, 14.31
1746565141, 0, 845, 900, 862, 8, 7.55%, 0, 1, 6, 14.02
1746565147, 0, 845, 903, 865, 8, 7.55%, 0, 1, 6, 13.82
1746565198, 0, 845, 904, 866, 8, 7.55%, 0, 1, 6, 17.01
1746565249, 0, 845, 905, 867, 8, 7.55%, 0, 1, 6, 14.82
1746565290, 0, 851, 906, 867, 8, 7.55%, 0, 1, 6, 19.43
1746565510, 0, 853, 906, 866, 7, 7.55%, 0, 1, 6, 23.90
1746565746, 0, 854, 906, 865, 7, 7.55%, 0, 1, 6, 20.33
1746565771, 0, 854, 907, 866, 7, 7.55%, 0, 1, 6, 14.60
1746565935, 0, 854, 908, 867, 7, 7.55%, 0, 1, 6, 15.32
1746565966, 0, 871, 908, 866, 7, 7.55%, 0, 1, 6, 24.74
1746565971, 0, 871, 910, 868, 7, 7.55%, 0, 1, 6, 19.40
1746565981, 0, 871, 911, 869, 7, 7.55%, 0, 1, 6, 16.00
1746565991, 0, 871, 912, 870, 7, 7.55%, 0, 1, 6, 13.89
1746565997, 0, 871, 913, 871, 7, 7.55%, 0, 1, 6, 17.77
1746566007, 0, 871, 914, 872, 7, 7.55%, 0, 1, 6, 15.53
1746566017, 0, 871, 916, 874, 7, 7.55%, 0, 1, 6, 20.19
1746566022, 0, 871, 918, 876, 7, 7.55%, 0, 1, 6, 16.94
1746566089, 0, 871, 920, 878, 7, 7.55%, 0, 1, 6, 12.26
1746566125, 0, 871, 922, 880, 7, 7.55%, 0, 1, 6, 15.31
1746566243, 0, 880, 924, 881, 6, 7.55%, 0, 1, 6, 19.80
1746566248, 0, 880, 925, 882, 6, 7.55%, 0, 1, 6, 17.70
1746566268, 0, 880, 926, 883, 6, 7.55%, 0, 1, 6, 16.93
1746566355, 0, 880, 928, 885, 6, 7.55%, 0, 1, 6, 12.21
1746566360, 0, 880, 929, 886, 6, 7.55%, 0, 1, 6, 11.63
1746566370, 0, 880, 930, 887, 6, 7.55%, 0, 1, 6, 14.97
1746566396, 0, 880, 931, 888, 6, 7.55%, 0, 1, 6, 17.02
1746566504, 0, 900, 932, 888, 6, 7.55%, 0, 1, 7, 18.54
1746566514, 0, 900, 933, 889, 6, 7.55%, 0, 1, 7, 16.33
1746566524, 0, 900, 934, 890, 6, 7.55%, 0, 1, 7, 16.97
1746566734, 0, 905, 934, 889, 6, 7.55%, 0, 1, 7, 23.30
1746566811, 0, 905, 935, 890, 6, 7.55%, 0, 1, 7, 14.60
1746566954, 0, 907, 936, 890, 6, 7.55%, 0, 1, 7, 19.92
1746567046, 0, 907, 937, 891, 6, 7.55%, 0, 1, 7, 12.66
1746567179, 0, 908, 937, 890, 5, 7.55%, 0, 1, 7, 23.76
1746567189, 0, 908, 938, 891, 5, 7.55%, 0, 1, 7, 14.54
1746567194, 0, 908, 939, 892, 5, 7.55%, 0, 1, 7, 15.47
1746567220, 0, 908, 940, 893, 5, 7.55%, 0, 1, 7, 14.76
1746567302, 0, 908, 942, 895, 5, 7.55%, 0, 1, 7, 12.34
1746567440, 0, 908, 943, 896, 5, 7.55%, 0, 1, 7, 25.83
1746567486, 0, 909, 943, 895, 4, 7.55%, 0, 1, 7, 25.11
1746567496, 0, 909, 944, 896, 4, 7.55%, 0, 1, 7, 14.49
1746567501, 0, 909, 947, 899, 4, 7.56%, 0, 1, 7, 13.11
1746567727, 0, 909, 948, 900, 4, 7.56%, 0, 1, 7, 14.40
1746567768, 0, 930, 948, 899, 4, 7.56%, 0, 1, 7, 20.43
1746567870, 0, 930, 949, 900, 4, 7.56%, 0, 1, 7, 13.15
1746568024, 0, 933, 949, 899, 3, 7.56%, 0, 1, 7, 21.55
1746568229, 0, 934, 949, 898, 2, 7.56%, 0, 1, 7, 25.93
1746568449, 0, 943, 949, 897, 1, 7.56%, 0, 1, 7, 19.51
1746568720, 0, 944, 949, 896, 1, 7.56%, 0, 1, 7, 22.62
1746568771, 0, 944, 950, 897, 1, 7.56%, 0, 1, 8, 17.43
1746568843, 0, 944, 951, 898, 1, 7.56%, 0, 1, 8, 10.85
1746568992, 0, 949, 951, 897, 1, 7.56%, 0, 1, 8, 22.54
1746569263, 1, 1, 951, 896, 0, 7.56%, 0, 1, 8, 37.36
1746569273, 1, 1, 952, 897, 0, 7.56%, 0, 1, 8, 36.51
1746569293, 1, 1, 953, 898, 0, 7.56%, 0, 1, 8, 36.12
1746569349, 1, 6, 953, 897, 0, 7.56%, 0, 1, 8, 46.31
1746569375, 1, 9, 953, 896, 0, 7.56%, 0, 1, 8, 44.04
1746569400, 1, 15, 953, 895, 0, 7.56%, 0, 1, 8, 42.70
1746569426, 1, 20, 953, 894, 0, 7.56%, 0, 1, 8, 45.28
1746569452, 1, 21, 953, 893, 0, 7.56%, 0, 1, 8, 46.83
1746569473, 1, 24, 953, 892, 0, 7.56%, 0, 1, 8, 41.32
1746569503, 1, 27, 953, 891, 0, 7.56%, 0, 1, 8, 46.31
1746569529, 1, 38, 953, 890, 0, 7.56%, 0, 1, 8, 45.43
1746569554, 1, 40, 953, 889, 0, 7.56%, 0, 1, 8, 49.87
1746569579, 1, 40, 954, 890, 0, 7.56%, 0, 1, 8, 34.37
1746569610, 1, 49, 954, 889, 0, 7.56%, 0, 1, 8, 44.92
1746569635, 1, 56, 954, 888, 0, 7.56%, 0, 1, 8, 52.05
1746569676, 1, 57, 954, 887, 0, 7.56%, 0, 1, 8, 47.24
1746569697, 1, 57, 955, 888, 0, 7.56%, 0, 1, 8, 41.37
1746569753, 1, 59, 955, 887, 0, 7.56%, 0, 1, 8, 52.63
1746569794, 1, 60, 955, 886, 0, 7.56%, 0, 1, 8, 47.64
1746569824, 1, 61, 955, 885, 0, 7.56%, 0, 1, 8, 41.16
1746569860, 1, 63, 955, 884, 0, 7.56%, 0, 1, 8, 42.84
1746569901, 1, 64, 955, 883, 0, 7.56%, 0, 1, 8, 50.35
1746569926, 1, 71, 955, 882, 0, 7.56%, 0, 1, 8, 43.43
1746569957, 1, 75, 955, 881, 0, 7.56%, 0, 1, 8, 46.28
1746569993, 1, 76, 955, 880, 0, 7.56%, 0, 1, 8, 42.12
1746570024, 1, 79, 955, 879, 0, 7.56%, 0, 1, 8, 45.87
1746570054, 1, 84, 955, 878, 0, 7.56%, 0, 1, 8, 43.39
1746570064, 1, 84, 956, 879, 0, 7.56%, 0, 1, 8, 36.22
1746570075, 1, 84, 957, 880, 0, 7.56%, 0, 1, 8, 34.23
1746570136, 1, 86, 957, 879, 0, 7.56%, 0, 1, 8, 45.96
1746570157, 1, 86, 958, 880, 0, 7.56%, 0, 1, 8, 36.64
1746570182, 1, 87, 958, 879, 0, 7.56%, 0, 1, 8, 28.71
1746570213, 1, 87, 959, 880, 0, 7.56%, 0, 1, 8, 27.43
1746570238, 1, 89, 959, 879, 0, 7.56%, 0, 1, 8, 39.91
1746570259, 1, 91, 959, 878, 0, 7.56%, 0, 1, 8, 38.32
1746570315, 1, 95, 959, 877, 0, 7.56%, 0, 1, 8, 35.63
1746570340, 1, 98, 959, 876, 0, 7.56%, 0, 1, 8, 55.81
1746570366, 1, 98, 960, 877, 0, 7.56%, 0, 1, 8, 37.80
1746570412, 1, 98, 961, 878, 0, 7.56%, 0, 1, 8, 39.50
1746570417, 1, 98, 962, 879, 0, 7.56%, 0, 1, 8, 38.05
1746570661, 1, 104, 962, 878, 0, 7.56%, 0, 1, 8, 31.95
1746570692, 1, 109, 962, 877, 0, 7.56%, 0, 1, 8, 23.40
1746570769, 1, 117, 962, 876, 0, 7.56%, 0, 1, 8, 39.70
1746570804, 1, 120, 962, 875, 0, 7.56%, 0, 1, 8, 43.01
1746570830, 1, 126, 962, 874, 0, 7.56%, 0, 1, 8, 30.95
1746570866, 1, 130, 962, 873, 0, 7.56%, 0, 1, 8, 22.91
1746570973, 1, 133, 962, 872, 0, 7.56%, 0, 1, 8, 37.53
1746570999, 1, 134, 962, 871, 0, 7.56%, 0, 1, 8, 39.78
1746571019, 1, 143, 962, 870, 0, 7.56%, 0, 1, 8, 43.67
1746571040, 1, 144, 962, 869, 0, 7.56%, 0, 1, 8, 49.03
1746571080, 1, 154, 962, 868, 0, 7.56%, 0, 1, 8, 50.26
1746571121, 1, 160, 962, 867, 0, 7.56%, 0, 1, 8, 50.29
1746571147, 1, 162, 962, 866, 0, 7.56%, 0, 1, 8, 45.42
1746571182, 1, 164, 962, 865, 0, 7.56%, 0, 1, 8, 49.09
1746571223, 1, 166, 962, 864, 0, 7.56%, 0, 1, 8, 41.95
1746571244, 1, 170, 962, 863, 0, 7.56%, 0, 1, 8, 36.18
1746571275, 1, 173, 962, 862, 0, 7.56%, 0, 1, 8, 36.26
1746571325, 1, 177, 962, 861, 0, 7.56%, 0, 1, 8, 23.84
1746571387, 1, 181, 962, 860, 0, 7.56%, 0, 1, 8, 29.20
1746571418, 1, 186, 962, 859, 0, 7.56%, 0, 1, 8, 28.92
1746571459, 1, 189, 962, 858, 0, 7.56%, 0, 1, 8, 27.64
1746571530, 1, 191, 962, 857, 0, 7.56%, 0, 1, 8, 24.34
1746571561, 1, 191, 963, 858, 0, 7.56%, 0, 1, 8, 30.03
1746571571, 1, 191, 964, 859, 0, 7.56%, 0, 1, 8, 29.03
1746571632, 1, 195, 964, 858, 0, 7.56%, 0, 1, 8, 21.73
1746571668, 1, 198, 964, 857, 0, 7.56%, 0, 1, 8, 36.73
1746571709, 1, 200, 964, 856, 0, 7.56%, 0, 1, 8, 43.97
1746571730, 1, 202, 964, 855, 0, 7.56%, 0, 1, 8, 35.11
1746571755, 1, 204, 964, 854, 0, 7.56%, 0, 1, 8, 47.44
1746571786, 1, 204, 965, 855, 0, 7.56%, 0, 1, 8, 36.37
1746571807, 1, 204, 966, 856, 0, 7.56%, 0, 1, 8, 34.61
1746571827, 1, 204, 967, 857, 0, 7.56%, 0, 1, 8, 38.48
1746572062, 1, 206, 967, 856, 0, 7.56%, 0, 1, 8, 52.40
1746572103, 1, 207, 967, 855, 0, 7.56%, 0, 1, 8, 40.06
1746572123, 1, 210, 967, 854, 0, 7.56%, 0, 1, 8, 29.84
1746572159, 1, 211, 967, 853, 0, 7.56%, 0, 1, 8, 33.39
1746572184, 1, 212, 967, 852, 0, 7.56%, 0, 1, 8, 47.16
1746572215, 1, 214, 967, 851, 0, 7.56%, 0, 1, 8, 39.43
1746572235, 1, 215, 967, 850, 0, 7.56%, 0, 1, 8, 32.17
1746572266, 1, 217, 967, 849, 0, 7.56%, 0, 1, 8, 30.47
1746572338, 1, 226, 967, 848, 0, 7.56%, 0, 1, 8, 34.13
1746572364, 1, 229, 967, 847, 0, 7.56%, 0, 1, 8, 37.45
1746572394, 1, 230, 967, 846, 0, 7.56%, 0, 1, 8, 34.91
1746572435, 1, 234, 967, 845, 0, 7.56%, 0, 1, 8, 40.04
1746572456, 1, 242, 967, 844, 0, 7.56%, 0, 1, 8, 42.96
1746572471, 1, 242, 968, 845, 0, 7.56%, 0, 1, 8, 33.85
1746572502, 1, 243, 968, 844, 0, 7.56%, 0, 1, 8, 27.77
1746572594, 1, 247, 968, 843, 0, 7.56%, 0, 1, 8, 29.59
1746572660, 1, 247, 969, 844, 0, 7.56%, 0, 1, 8, 26.47
1746572691, 1, 247, 970, 845, 0, 7.56%, 0, 1, 8, 27.55
1746572727, 1, 250, 970, 844, 0, 7.56%, 0, 1, 8, 34.70
1746572757, 1, 252, 970, 843, 0, 7.56%, 0, 1, 8, 55.95
1746572798, 1, 253, 970, 842, 0, 7.56%, 0, 1, 8, 49.09
1746572834, 1, 256, 970, 841, 0, 7.56%, 0, 1, 8, 44.41
1746572854, 1, 256, 971, 842, 0, 7.56%, 0, 1, 8, 39.89
1746572910, 1, 258, 971, 841, 0, 7.56%, 0, 1, 8, 31.80
1746572915, 1, 258, 972, 842, 0, 7.56%, 0, 1, 8, 27.17
1746572987, 1, 385, 972, 841, 3, 7.56%, 0, 1, 8, 28.34
1746573028, 1, 578, 972, 840, 2, 7.56%, 0, 1, 8, 28.31
1746573125, 1, 578, 973, 841, 2, 7.56%, 0, 1, 8, 15.89
1746573263, 1, 665, 973, 840, 2, 7.56%, 0, 1, 8, 37.58
1746573283, 1, 701, 973, 839, 1, 7.56%, 0, 1, 8, 22.59
1746573391, 1, 971, 973, 838, 1, 7.56%, 0, 1, 8, 24.14
1746573488, 1, 972, 973, 837, 0, 7.56%, 0, 1, 8, 21.88
1746573493, 1, 972, 974, 838, 0, 7.56%, 0, 1, 8, 17.75
1746573498, 1, 972, 975, 839, 0, 7.56%, 0, 1, 8, 16.77
1746573509, 1, 972, 977, 841, 0, 7.56%, 0, 1, 8, 16.60
1746573698, 1, 975, 977, 840, 0, 7.56%, 0, 1, 8, 23.16
1746573703, 1, 975, 978, 841, 0, 7.56%, 0, 1, 8, 18.49
1746573754, 1, 975, 979, 842, 0, 7.56%, 0, 1, 8, 17.63
1746573959, 1, 978, 979, 841, 0, 7.56%, 0, 1, 8, 23.89
1746573964, 1, 978, 980, 842, 0, 7.56%, 0, 1, 8, 19.50
1746573975, 1, 978, 981, 843, 0, 7.56%, 0, 1, 8, 17.42
1746574036, 1, 978, 982, 844, 0, 7.56%, 0, 1, 8, 17.57
1746574220, 1, 981, 982, 843, 0, 7.56%, 0, 1, 8, 22.22
1746574461, 1, 981, 983, 844, 0, 7.56%, 0, 1, 8, 23.06
1746574552, 2, 2, 984, 844, 0, 7.56%, 0, 1, 8, 37.59
1746574588, 2, 2, 985, 845, 0, 7.56%, 0, 1, 8, 35.45
1746574618, 2, 2, 986, 846, 0, 7.56%, 0, 1, 8, 34.75
1746574629, 2, 2, 987, 847, 0, 7.56%, 0, 1, 8, 38.67
1746574639, 2, 2, 988, 848, 0, 7.56%, 0, 1, 8, 41.26
1746574649, 2, 2, 989, 849, 0, 7.64%, 0, 1, 8, 35.69
1746574659, 2, 2, 990, 850, 0, 7.64%, 0, 1, 8, 37.19
1746574669, 2, 2, 991, 851, 0, 7.64%, 0, 1, 8, 41.60
1746574782, 2, 2, 992, 852, 0, 7.64%, 0, 1, 8, 34.99
1746574812, 2, 2, 993, 853, 0, 7.64%, 0, 1, 8, 4.18
1746574822, 2, 2, 994, 854, 0, 7.64%, 0, 1, 8, 37.06
1746574879, 2, 4, 995, 854, 1, 7.64%, 0, 1, 8, 56.70
1746574889, 2, 4, 996, 855, 1, 7.64%, 0, 1, 8, 36.07
1746574909, 2, 4, 997, 856, 1, 7.64%, 0, 1, 8, 39.52
1746574930, 2, 4, 998, 857, 1, 7.64%, 0, 1, 8, 24.93
1746574940, 2, 4, 999, 858, 1, 7.64%, 0, 1, 8, 36.34
1746574950, 2, 4, 1000, 859, 1, 7.64%, 0, 1, 8, 30.65
1746574981, 2, 4, 1001, 860, 1, 7.64%, 0, 1, 8, 35.88
1746575103, 2, 4, 1002, 861, 1, 7.64%, 0, 1, 8, 39.01
1746575124, 2, 4, 1004, 863, 1, 7.64%, 0, 1, 8, 32.01
1746575149, 2, 4, 1005, 864, 1, 7.64%, 0, 1, 8, 43.31
1746575195, 2, 4, 1006, 865, 1, 7.64%, 0, 1, 8, 39.02
1746575215, 2, 4, 1007, 866, 1, 7.64%, 0, 1, 8, 36.83
1746575272, 2, 4, 1008, 867, 1, 7.64%, 0, 1, 8, 34.13
1746575323, 2, 65, 1008, 866, 2, 7.64%, 0, 1, 8, 47.75
1746575349, 2, 65, 1009, 867, 2, 7.64%, 0, 1, 8, 37.14
1746575390, 2, 65, 1010, 868, 2, 7.64%, 0, 1, 8, 41.04
1746575405, 2, 65, 1011, 869, 2, 7.64%, 0, 1, 8, 35.81
1746575415, 2, 65, 1012, 870, 2, 7.64%, 0, 1, 8, 37.01
1746575471, 2, 65, 1013, 871, 2, 7.64%, 0, 1, 8, 37.72
1746575604, 2, 65, 1014, 872, 2, 7.64%, 0, 1, 8, 5.18
1746575625, 2, 65, 1015, 873, 2, 7.64%, 0, 1, 8, 40.36
1746575640, 2, 69, 1015, 872, 2, 7.64%, 0, 1, 8, 47.61
1746575671, 2, 78, 1015, 871, 2, 7.64%, 0, 1, 8, 40.34
1746575691, 2, 81, 1015, 870, 2, 7.64%, 0, 1, 8, 47.83
1746575727, 2, 107, 1015, 869, 2, 7.64%, 0, 1, 8, 37.57
1746575763, 2, 211, 1015, 868, 2, 7.64%, 0, 1, 8, 31.18
1746575768, 2, 211, 1016, 869, 2, 7.64%, 0, 1, 8, 31.19
1746575773, 2, 348, 1016, 869, 2, 7.64%, 0, 1, 8, 41.69
1746575814, 2, 363, 1016, 868, 2, 7.64%, 0, 1, 8, 25.65
1746575850, 2, 467, 1016, 867, 2, 7.64%, 0, 1, 8, 27.75
1746575926, 2, 549, 1016, 866, 2, 7.64%, 0, 1, 8, 27.55
1746576008, 2, 549, 1018, 868, 2, 7.64%, 0, 1, 8, 12.42
1746576013, 2, 549, 1019, 869, 2, 7.64%, 0, 1, 8, 13.15
1746576074, 2, 549, 1020, 870, 2, 7.64%, 0, 1, 8, 15.60
1746576116, 2, 670, 1020, 869, 2, 7.64%, 0, 1, 8, 16.86
1746576340, 2, 700, 1020, 868, 2, 7.64%, 0, 1, 8, 24.79
1746576370, 2, 923, 1020, 867, 2, 7.64%, 0, 1, 8, 21.28
1746576483, 2, 923, 1021, 868, 2, 7.64%, 0, 1, 8, 12.51
1746576647, 2, 933, 1022, 868, 2, 7.64%, 0, 1, 8, 25.84
1746576668, 2, 1005, 1022, 868, 2, 7.64%, 0, 1, 8, 2.49
1746577235, 2, 1005, 1024, 870, 2, 7.64%, 0, 1, 8, 2.60
1746577241, 2, 1005, 1025, 871, 2, 7.64%, 0, 1, 8, 2.80
1746577246, 2, 1005, 1026, 872, 2, 7.64%, 0, 1, 8, 2.89
1746577251, 2, 1005, 1027, 873, 2, 7.64%, 0, 1, 8, 2.81
1746577256, 2, 1005, 1028, 874, 2, 7.64%, 0, 1, 8, 3.15
1746577266, 2, 1005, 1029, 875, 2, 7.64%, 0, 1, 8, 2.78
1746577271, 2, 1005, 1030, 876, 2, 7.64%, 0, 1, 8, 2.75
1746577282, 2, 1005, 1031, 877, 2, 7.64%, 0, 1, 8, 2.62
1746577287, 2, 1005, 1032, 878, 2, 7.64%, 0, 1, 8, 2.67
1746577292, 2, 1005, 1033, 879, 2, 7.64%, 0, 1, 8, 3.32
1746577308, 2, 1005, 1034, 880, 2, 7.64%, 0, 1, 8, 3.05
1746577313, 2, 1005, 1035, 881, 2, 7.64%, 0, 1, 8, 3.62
1746577318, 2, 1005, 1036, 882, 2, 7.64%, 0, 1, 8, 3.66
1746577334, 2, 1005, 1037, 883, 2, 7.64%, 0, 1, 8, 3.56
1746577339, 2, 1005, 1038, 884, 2, 7.64%, 0, 1, 8, 3.67
1746577344, 2, 1005, 1039, 885, 2, 7.64%, 0, 1, 8, 3.33
1746577349, 2, 1005, 1040, 886, 2, 7.64%, 0, 1, 8, 4.10
1746577385, 2, 1005, 1041, 887, 2, 7.64%, 0, 1, 8, 3.13
1746577458, 2, 1005, 1042, 888, 2, 7.64%, 0, 1, 8, 2.71
1746577468, 2, 1005, 1043, 889, 2, 7.64%, 0, 1, 8, 2.92
1746577540, 2, 1005, 1044, 890, 2, 7.64%, 0, 1, 8, 3.62
1746577633, 2, 1005, 1045, 891, 2, 7.64%, 0, 1, 8, 4.65
1746577653, 2, 1005, 1046, 892, 2, 7.64%, 0, 1, 8, 3.87
1746577684, 2, 1005, 1047, 893, 2, 7.64%, 0, 1, 8, 3.33
1746577741, 2, 1005, 1048, 894, 2, 7.64%, 0, 1, 8, 2.69
1746577752, 2, 1005, 1049, 895, 2, 7.64%, 0, 1, 8, 3.08
1746577762, 2, 1005, 1050, 896, 2, 7.64%, 0, 1, 8, 3.57
1746577767, 2, 1005, 1051, 897, 2, 7.64%, 0, 1, 8, 3.31
1746577778, 2, 1005, 1052, 898, 2, 7.64%, 0, 1, 8, 3.98
1746577783, 2, 1005, 1053, 899, 2, 7.64%, 0, 1, 8, 4.35
1746577788, 2, 1005, 1054, 900, 2, 7.64%, 0, 1, 8, 4.05
1746577793, 2, 1005, 1055, 901, 2, 7.64%, 0, 1, 8, 3.17
1746577798, 2, 1005, 1056, 902, 2, 7.64%, 0, 1, 8, 2.92
1746577803, 2, 1005, 1057, 903, 2, 7.64%, 0, 1, 8, 2.83
1746577809, 2, 1005, 1058, 904, 2, 7.64%, 0, 1, 8, 2.79
1746577876, 2, 1005, 1059, 905, 2, 7.64%, 0, 1, 8, 3.38
1746577901, 2, 1005, 1060, 906, 2, 7.64%, 0, 1, 8, 3.08
1746578051, 2, 1005, 1061, 907, 2, 7.64%, 0, 1, 8, 4.04
1746578155, 2, 1005, 1062, 908, 2, 7.64%, 0, 1, 8, 3.71
1746578336, 2, 1005, 1063, 909, 2, 7.64%, 0, 1, 8, 3.65
1746578451, 2, 1005, 1064, 910, 2, 7.64%, 0, 1, 8, 4.44
1746578538, 2, 1005, 1065, 911, 2, 7.64%, 0, 1, 8, 2.99
1746578835, 2, 1005, 1066, 912, 2, 7.64%, 0, 1, 8, 3.35
1746578866, 2, 1005, 1067, 913, 2, 7.64%, 0, 1, 8, 3.67
1746579002, 2, 1005, 1068, 914, 2, 7.64%, 0, 1, 8, 3.33
1746579012, 2, 1005, 1069, 915, 2, 7.64%, 0, 1, 8, 3.58
1746579054, 2, 1005, 1070, 916, 2, 7.64%, 0, 1, 8, 3.39
1746579127, 2, 1005, 1071, 917, 2, 7.64%, 0, 1, 8, 3.11
1746579169, 2, 1005, 1072, 918, 2, 7.64%, 0, 1, 8, 3.97
1746579268, 2, 1005, 1073, 919, 2, 7.64%, 0, 1, 8, 3.56
1746579315, 2, 1005, 1074, 920, 2, 7.64%, 0, 1, 8, 3.73
1746579341, 2, 1005, 1075, 921, 2, 7.64%, 0, 1, 8, 3.34
1746579456, 2, 1005, 1076, 922, 2, 7.64%, 0, 1, 8, 3.47
1746579779, 2, 1005, 1077, 923, 2, 7.64%, 0, 1, 8, 3.55
1746579890, 2, 1005, 1078, 924, 2, 7.64%, 0, 1, 8, 3.68
1746579942, 2, 1005, 1079, 925, 2, 7.64%, 0, 1, 8, 3.54
1746580036, 2, 1005, 1080, 926, 2, 7.64%, 0, 1, 8, 3.79
1746580093, 2, 1005, 1081, 927, 2, 7.64%, 0, 1, 8, 3.04
1746580104, 2, 1005, 1082, 928, 2, 7.64%, 0, 1, 8, 3.99
1746580187, 2, 1005, 1083, 929, 2, 7.64%, 0, 1, 8, 3.73
1746580316, 2, 1005, 1084, 930, 2, 7.64%, 0, 1, 8, 3.65
1746580395, 2, 1005, 1085, 931, 2, 7.64%, 0, 1, 8, 4.01
1746580492, 2, 1005, 1086, 932, 2, 7.64%, 0, 1, 8, 3.67
1746580528, 2, 1005, 1087, 933, 2, 7.64%, 0, 1, 8, 3.73
1746580755, 2, 1005, 1088, 934, 2, 7.64%, 0, 1, 8, 4.15
1746580832, 2, 1005, 1089, 935, 2, 7.64%, 0, 1, 8, 3.81
1746580972, 2, 1005, 1090, 936, 2, 7.64%, 0, 1, 8, 3.72
1746581054, 2, 1005, 1091, 937, 2, 7.64%, 0, 1, 8, 3.49
1746581131, 2, 1005, 1092, 938, 2, 7.64%, 0, 1, 8, 3.74
1746583625, 2, 1005, 1093, 939, 2, 7.64%, 0, 1, 8, 2.98
1746583683, 2, 1005, 1094, 940, 2, 7.64%, 0, 1, 8, 3.42
1746585335, 2, 1005, 1095, 941, 2, 7.64%, 0, 1, 8, 3.05
1746585365, 2, 1005, 1096, 942, 2, 7.64%, 0, 1, 8, 3.05
1746585853, 2, 1005, 1097, 943, 2, 7.64%, 0, 1, 8, 3.04
1746585873, 2, 1005, 1098, 944, 2, 7.64%, 0, 1, 8, 3.15
1746586255, 2, 1005, 1099, 945, 2, 7.64%, 0, 1, 8, 2.96
1746586637, 2, 1005, 1100, 946, 2, 7.64%, 0, 1, 8, 3.23
1746586992, 2, 1005, 1101, 947, 2, 7.64%, 0, 1, 8, 2.96
1746587117, 2, 1005, 1102, 948, 2, 7.64%, 0, 1, 8, 3.01
1746587525, 2, 1005, 1103, 949, 2, 7.64%, 0, 1, 8, 3.20
1746587841, 2, 1005, 1104, 950, 2, 7.64%, 0, 1, 8, 3.06
1746587930, 2, 1005, 1105, 951, 2, 7.64%, 0, 1, 8, 3.00
1746588043, 2, 1005, 1106, 952, 2, 7.64%, 0, 1, 8, 3.04
1746588439, 2, 1005, 1107, 953, 2, 7.64%, 0, 1, 8, 3.21
1746588496, 2, 1005, 1108, 954, 2, 7.64%, 0, 1, 8, 3.02
1746588559, 2, 1005, 1109, 955, 2, 7.64%, 0, 1, 8, 2.91
1746588605, 2, 1005, 1110, 956, 2, 7.64%, 0, 1, 8, 2.70
1746589082, 2, 1005, 1111, 957, 2, 7.64%, 0, 1, 8, 2.87
1746589160, 2, 1005, 1112, 958, 2, 7.64%, 0, 1, 8, 2.76
1746589423, 2, 1005, 1113, 959, 2, 7.64%, 0, 1, 8, 2.49
1746589434, 2, 1005, 1114, 960, 2, 7.64%, 0, 1, 8, 2.71
