# unix_time, cycles_done, cur_path, paths_total, pending_total, pending_favs, map_size, unique_crashes, unique_hangs, max_depth, execs_per_sec
1746558732, 0, 0, 1, 1, 1, 5.46%, 0, 0, 1, 83.33
1746558737, 0, 0, 51, 51, 1, 5.73%, 0, 0, 2, 87.53
1746558742, 0, 0, 97, 97, 1, 6.13%, 0, 0, 2, 85.02
1746558747, 0, 0, 130, 130, 1, 6.14%, 0, 0, 2, 81.95
1746558753, 0, 0, 155, 155, 1, 6.17%, 0, 0, 2, 71.13
1746558758, 0, 0, 177, 177, 1, 6.18%, 0, 0, 2, 71.27
1746558763, 0, 0, 199, 199, 1, 6.19%, 0, 0, 2, 69.32
1746558768, 0, 0, 217, 217, 1, 6.19%, 0, 0, 2, 72.27
1746558773, 0, 0, 233, 233, 1, 6.19%, 0, 0, 2, 70.00
1746558778, 0, 0, 251, 251, 1, 6.20%, 0, 0, 2, 70.09
1746558783, 0, 0, 266, 266, 1, 6.20%, 0, 0, 2, 70.57
1746558788, 0, 0, 272, 272, 1, 6.20%, 0, 0, 2, 66.86
1746558793, 0, 0, 282, 282, 1, 6.20%, 0, 0, 2, 59.66
1746558799, 0, 0, 292, 292, 1, 6.20%, 0, 0, 2, 65.09
1746558804, 0, 0, 294, 294, 1, 6.20%, 0, 0, 2, 64.09
1746558809, 0, 0, 301, 301, 1, 6.20%, 0, 0, 2, 59.10
1746558814, 0, 0, 309, 309, 1, 6.27%, 0, 0, 2, 61.29
1746558819, 0, 0, 315, 315, 1, 6.27%, 0, 0, 2, 61.11
1746558824, 0, 0, 318, 318, 1, 6.27%, 0, 0, 2, 61.22
1746558829, 0, 0, 322, 322, 1, 6.29%, 0, 0, 2, 59.99
1746558834, 0, 0, 328, 328, 1, 6.29%, 0, 0, 2, 60.22
1746558839, 0, 0, 330, 330, 1, 6.29%, 0, 0, 2, 62.86
1746558844, 0, 0, 335, 335, 1, 6.29%, 0, 0, 2, 62.56
1746558850, 0, 0, 336, 336, 1, 6.29%, 0, 0, 2, 62.01
1746558855, 0, 0, 338, 338, 1, 6.29%, 0, 0, 2, 62.36
1746558860, 0, 0, 342, 342, 1, 6.29%, 0, 0, 2, 63.74
1746558865, 0, 0, 344, 344, 1, 6.34%, 0, 0, 2, 60.38
1746558870, 0, 0, 348, 348, 1, 6.34%, 0, 0, 2, 62.26
1746558875, 0, 0, 352, 352, 1, 6.58%, 0, 0, 2, 56.51
1746558880, 0, 0, 354, 354, 1, 6.58%, 0, 0, 2, 61.88
1746558885, 0, 0, 356, 356, 1, 6.58%, 0, 0, 2, 61.92
1746558890, 0, 0, 357, 357, 1, 6.58%, 0, 0, 2, 63.33
1746558896, 0, 0, 363, 363, 1, 6.58%, 0, 0, 2, 62.74
1746558901, 0, 0, 365, 365, 1, 6.58%, 0, 0, 2, 63.24
1746558906, 0, 0, 367, 367, 1, 6.58%, 0, 0, 2, 61.91
1746558916, 0, 0, 371, 371, 1, 6.58%, 0, 0, 2, 64.42
1746558921, 0, 0, 375, 375, 1, 6.58%, 0, 0, 2, 63.32
1746558926, 0, 0, 379, 379, 1, 6.58%, 0, 0, 2, 62.74
1746558937, 0, 0, 380, 380, 1, 6.58%, 0, 0, 2, 63.60
1746558942, 0, 0, 384, 384, 1, 6.58%, 0, 0, 2, 63.17
1746558947, 0, 0, 387, 387, 1, 6.58%, 0, 0, 2, 57.07
1746558957, 0, 0, 389, 389, 1, 6.58%, 0, 0, 2, 56.99
1746558962, 0, 0, 390, 390, 1, 6.58%, 0, 0, 2, 62.66
1746558967, 0, 0, 393, 393, 1, 6.58%, 0, 0, 2, 64.12
1746558972, 0, 0, 394, 394, 1, 6.58%, 0, 0, 2, 62.48
1746558983, 0, 0, 396, 396, 1, 6.58%, 0, 0, 2, 61.47
1746558988, 0, 0, 397, 397, 1, 6.58%, 0, 0, 2, 64.58
1746558993, 0, 0, 398, 398, 1, 6.58%, 0, 0, 2, 65.97
1746558998, 0, 0, 399, 399, 1, 6.58%, 0, 0, 2, 64.47
1746559003, 0, 0, 400, 400, 1, 6.58%, 0, 0, 2, 66.75
1746559013, 0, 0, 402, 402, 1, 6.58%, 0, 0, 2, 65.47
1746559024, 0, 0, 404, 404, 1, 6.58%, 0, 0, 2, 65.24
1746559029, 0, 0, 406, 406, 1, 6.58%, 0, 0, 2, 63.07
1746559034, 0, 0, 407, 407, 1, 6.58%, 0, 0, 2, 64.08
1746559039, 0, 42, 407, 406, 10, 6.58%, 0, 0, 2, 67.31
1746559049, 0, 78, 407, 405, 9, 6.58%, 0, 0, 2, 66.81
1746559059, 0, 78, 408, 406, 9, 6.58%, 0, 0, 3, 68.72
1746559064, 0, 78, 409, 407, 9, 6.58%, 0, 0, 3, 67.15
1746559070, 0, 78, 410, 408, 9, 6.58%, 0, 0, 3, 65.45
1746559075, 0, 78, 411, 409, 9, 6.58%, 0, 0, 3, 63.10
1746559085, 0, 78, 413, 411, 9, 6.58%, 0, 0, 3, 64.41
1746559100, 0, 78, 416, 414, 9, 6.58%, 0, 0, 3, 67.38
1746559105, 0, 78, 418, 416, 9, 6.58%, 0, 0, 3, 67.71
1746559110, 0, 78, 419, 417, 9, 6.58%, 0, 0, 3, 61.13
1746559116, 0, 78, 421, 419, 9, 6.58%, 0, 0, 3, 67.30
1746559126, 0, 78, 422, 420, 9, 6.58%, 0, 0, 3, 68.92
1746559131, 0, 78, 426, 424, 9, 6.58%, 0, 0, 3, 66.21
1746559141, 0, 78, 427, 425, 9, 6.58%, 0, 0, 3, 66.35
1746559146, 0, 78, 429, 427, 9, 6.58%, 0, 0, 3, 66.68
1746559151, 0, 78, 431, 429, 9, 6.58%, 0, 0, 3, 66.16
1746559162, 0, 78, 433, 431, 9, 6.58%, 0, 0, 3, 68.62
1746559167, 0, 78, 435, 433, 9, 6.58%, 0, 0, 3, 66.71
1746559172, 0, 78, 436, 434, 9, 6.58%, 0, 0, 3, 66.37
1746559177, 0, 78, 439, 437, 9, 6.58%, 0, 0, 3, 66.58
1746559182, 0, 78, 441, 439, 9, 6.58%, 0, 0, 3, 69.07
1746559192, 0, 78, 442, 440, 9, 6.58%, 0, 0, 3, 67.10
1746559197, 0, 78, 443, 441, 9, 6.58%, 0, 0, 3, 69.63
1746559217, 0, 78, 444, 442, 9, 6.58%, 0, 0, 3, 65.89
1746559223, 0, 78, 445, 443, 9, 6.58%, 0, 0, 3, 69.67
1746559228, 0, 78, 446, 444, 9, 6.58%, 0, 0, 3, 70.22
1746559238, 0, 87, 446, 443, 9, 6.58%, 0, 0, 3, 58.50
1746559248, 0, 90, 446, 442, 9, 6.58%, 0, 0, 3, 67.65
1746559254, 0, 90, 447, 443, 9, 6.58%, 0, 0, 3, 65.69
1746559259, 0, 90, 449, 445, 9, 6.58%, 0, 0, 3, 67.02
1746559264, 0, 90, 450, 446, 9, 6.59%, 0, 0, 3, 65.87
1746559274, 0, 90, 452, 448, 9, 6.59%, 0, 0, 3, 65.15
1746559289, 0, 90, 455, 451, 9, 6.59%, 0, 0, 3, 62.02
1746559294, 0, 90, 456, 452, 9, 6.59%, 0, 0, 3, 65.86
1746559304, 0, 90, 457, 453, 9, 6.59%, 0, 0, 3, 67.55
1746559315, 0, 90, 458, 454, 9, 6.59%, 0, 0, 3, 67.31
1746559320, 0, 90, 459, 455, 9, 6.59%, 0, 0, 3, 63.86
1746559340, 0, 90, 460, 456, 9, 6.59%, 0, 0, 3, 66.37
1746559351, 0, 90, 461, 457, 9, 6.59%, 0, 0, 3, 67.91
1746559356, 0, 90, 462, 458, 9, 6.59%, 0, 0, 3, 69.25
1746559361, 0, 90, 463, 459, 9, 6.59%, 0, 0, 3, 67.51
1746559366, 0, 90, 464, 460, 9, 6.59%, 0, 0, 3, 68.15
1746559387, 0, 90, 466, 462, 9, 6.59%, 0, 0, 3, 65.16
1746559392, 0, 90, 467, 463, 9, 6.59%, 0, 0, 3, 67.74
1746559402, 0, 90, 469, 465, 9, 6.60%, 0, 0, 3, 62.13
1746559407, 0, 90, 470, 466, 9, 6.60%, 0, 0, 3, 64.10
1746559433, 0, 90, 471, 467, 9, 6.60%, 0, 0, 3, 67.20
1746559438, 0, 267, 475, 470, 10, 6.60%, 0, 0, 3, 55.53
1746559453, 0, 355, 476, 470, 9, 6.60%, 0, 0, 3, 55.12
1746559458, 0, 355, 479, 473, 9, 6.60%, 0, 0, 3, 51.20
1746559463, 0, 355, 481, 475, 9, 6.60%, 0, 0, 3, 51.56
1746559473, 0, 355, 484, 478, 9, 6.60%, 0, 0, 3, 49.26
1746559479, 0, 355, 488, 482, 9, 6.60%, 0, 0, 3, 53.04
1746559484, 0, 355, 490, 484, 9, 6.60%, 0, 0, 3, 56.22
1746559494, 0, 359, 490, 483, 8, 6.60%, 0, 0, 3, 58.55
1746559504, 0, 359, 491, 484, 8, 6.60%, 0, 0, 3, 61.98
1746559514, 0, 399, 492, 484, 8, 6.60%, 0, 0, 3, 56.29
1746559519, 0, 399, 493, 485, 8, 6.60%, 0, 0, 3, 56.45
1746559524, 0, 399, 495, 487, 8, 6.60%, 0, 0, 3, 58.31
1746559529, 0, 399, 496, 488, 8, 6.60%, 0, 0, 3, 58.11
1746559535, 0, 399, 497, 489, 8, 6.60%, 0, 0, 3, 57.77
1746559545, 0, 399, 498, 490, 8, 6.60%, 0, 0, 3, 58.22
1746559550, 0, 399, 499, 491, 8, 6.60%, 0, 0, 3, 60.33
1746559555, 0, 399, 500, 492, 8, 6.60%, 0, 0, 3, 59.23
1746559566, 0, 399, 501, 493, 8, 6.60%, 0, 0, 3, 61.41
1746559576, 0, 399, 502, 494, 8, 6.60%, 0, 0, 3, 57.88
1746559581, 0, 399, 506, 498, 8, 6.60%, 0, 0, 3, 53.50
1746559586, 0, 399, 507, 499, 8, 6.60%, 0, 0, 3, 62.88
1746559596, 0, 399, 508, 500, 8, 6.60%, 0, 0, 3, 52.55
1746559626, 0, 399, 509, 501, 8, 7.09%, 0, 0, 3, 62.54
1746559632, 0, 399, 510, 502, 8, 7.09%, 0, 0, 3, 61.76
1746559637, 0, 399, 511, 503, 8, 7.09%, 0, 0, 3, 59.03
1746559688, 0, 399, 512, 504, 8, 7.09%, 0, 0, 3, 61.01
1746559713, 0, 399, 513, 505, 8, 7.09%, 0, 0, 3, 60.73
1746559728, 0, 399, 514, 506, 8, 7.09%, 0, 0, 3, 58.66
1746559744, 0, 399, 515, 507, 8, 7.09%, 0, 0, 3, 62.76
1746559774, 0, 399, 516, 508, 8, 7.09%, 0, 0, 3, 59.79
1746559795, 0, 399, 517, 509, 8, 7.09%, 0, 0, 3, 57.63
1746559800, 0, 420, 517, 508, 6, 7.09%, 0, 0, 3, 61.23
1746559815, 0, 433, 517, 507, 6, 7.09%, 0, 0, 3, 60.46
1746559820, 0, 433, 518, 508, 6, 7.09%, 0, 0, 4, 52.52
1746559841, 0, 433, 519, 509, 6, 7.09%, 0, 0, 4, 53.40
1746559851, 0, 433, 520, 510, 6, 7.09%, 0, 0, 4, 54.21
1746559862, 0, 449, 524, 513, 5, 7.09%, 0, 0, 4, 38.24
1746559867, 0, 449, 532, 521, 5, 7.11%, 0, 0, 4, 22.25
1746559872, 0, 449, 541, 530, 5, 7.11%, 0, 0, 4, 17.91
1746559877, 0, 449, 546, 535, 5, 7.11%, 0, 0, 4, 16.98
1746559882, 0, 449, 553, 542, 5, 7.11%, 0, 0, 4, 17.13
1746559887, 0, 449, 561, 550, 5, 7.11%, 0, 0, 4, 17.30
1746559892, 0, 449, 567, 556, 5, 7.12%, 0, 0, 4, 16.86
1746559897, 0, 449, 573, 562, 5, 7.12%, 0, 0, 4, 19.01
1746559903, 0, 449, 581, 570, 5, 7.12%, 0, 0, 4, 16.20
1746559908, 0, 449, 587, 576, 5, 7.12%, 0, 0, 4, 15.87
1746559913, 0, 449, 594, 583, 5, 7.12%, 0, 0, 4, 16.26
1746559918, 0, 449, 598, 587, 5, 7.12%, 0, 0, 4, 16.65
1746559923, 0, 449, 604, 593, 5, 7.12%, 0, 0, 4, 19.27
1746559928, 0, 449, 611, 600, 5, 7.12%, 0, 0, 4, 17.14
1746559933, 0, 449, 614, 603, 5, 7.12%, 0, 0, 4, 15.63
1746559939, 0, 449, 619, 608, 5, 7.12%, 0, 0, 4, 16.78
1746559944, 0, 449, 624, 613, 5, 7.12%, 0, 0, 4, 16.41
1746559949, 0, 449, 630, 619, 5, 7.12%, 0, 0, 4, 15.34
1746559954, 0, 449, 631, 620, 5, 7.12%, 0, 0, 4, 34.80
1746559959, 0, 449, 634, 623, 5, 7.12%, 0, 0, 4, 36.70
1746559964, 0, 449, 641, 630, 5, 7.12%, 0, 0, 4, 21.67
1746559969, 0, 449, 648, 637, 5, 7.12%, 0, 0, 4, 17.87
1746559975, 0, 449, 652, 641, 5, 7.12%, 0, 0, 4, 17.24
1746559980, 0, 449, 656, 645, 5, 7.12%, 0, 0, 4, 17.06
1746559985, 0, 449, 659, 648, 5, 7.12%, 0, 0, 4, 15.45
1746559990, 0, 449, 660, 649, 5, 7.12%, 0, 0, 4, 16.38
1746560006, 0, 449, 661, 650, 5, 7.12%, 0, 0, 4, 16.68
1746560011, 0, 449, 662, 651, 5, 7.12%, 0, 0, 4, 15.27
1746560016, 0, 449, 663, 652, 5, 7.12%, 0, 0, 4, 16.71
1746560021, 0, 449, 668, 657, 5, 7.12%, 0, 0, 4, 16.76
1746560026, 0, 449, 669, 658, 5, 7.12%, 0, 0, 4, 17.24
1746560036, 0, 449, 676, 665, 5, 7.12%, 0, 0, 4, 16.66
1746560041, 0, 449, 678, 667, 5, 7.12%, 0, 0, 4, 16.52
1746560046, 0, 449, 680, 669, 5, 7.12%, 0, 0, 4, 16.73
1746560051, 0, 449, 681, 670, 5, 7.12%, 0, 0, 4, 28.50
1746560062, 0, 449, 682, 671, 5, 7.12%, 0, 0, 4, 18.16
1746560072, 0, 449, 683, 672, 5, 7.12%, 0, 0, 4, 14.74
1746560077, 0, 449, 685, 674, 5, 7.12%, 0, 0, 4, 14.58
1746560097, 0, 449, 688, 677, 5, 7.12%, 0, 0, 4, 18.85
1746560103, 0, 449, 690, 679, 5, 7.12%, 0, 0, 4, 31.05
1746560108, 0, 449, 696, 685, 5, 7.12%, 0, 0, 4, 20.41
1746560113, 0, 449, 698, 687, 5, 7.12%, 0, 0, 4, 17.66
1746560118, 0, 449, 700, 689, 5, 7.12%, 0, 0, 4, 16.82
1746560123, 0, 449, 705, 694, 5, 7.12%, 0, 0, 4, 15.54
1746560128, 0, 449, 707, 696, 5, 7.12%, 0, 0, 4, 16.60
1746560133, 0, 449, 710, 699, 5, 7.12%, 0, 0, 4, 16.85
1746560138, 0, 449, 712, 701, 5, 7.12%, 0, 0, 4, 16.62
1746560144, 0, 449, 713, 702, 5, 7.12%, 0, 0, 4, 34.52
1746560149, 0, 449, 716, 705, 5, 7.12%, 0, 0, 4, 24.27
1746560154, 0, 449, 718, 707, 5, 7.12%, 0, 0, 4, 18.08
1746560159, 0, 449, 720, 709, 5, 7.12%, 0, 0, 4, 17.04
1746560164, 0, 449, 722, 711, 5, 7.12%, 0, 0, 4, 16.76
1746560169, 0, 449, 723, 712, 5, 7.12%, 0, 0, 4, 16.48
1746560174, 0, 449, 728, 717, 5, 7.12%, 0, 0, 4, 16.94
1746560179, 0, 449, 729, 718, 5, 7.12%, 0, 0, 4, 16.51
1746560184, 0, 449, 730, 719, 5, 7.12%, 0, 0, 4, 16.86
1746560189, 0, 449, 733, 722, 5, 7.12%, 0, 0, 4, 17.37
1746560195, 0, 449, 735, 724, 5, 7.12%, 0, 0, 4, 17.25
1746560205, 0, 449, 737, 726, 5, 7.12%, 0, 0, 4, 30.47
1746560210, 0, 449, 739, 728, 5, 7.12%, 0, 0, 4, 35.87
1746560215, 0, 449, 742, 731, 5, 7.15%, 0, 0, 4, 31.30
1746560220, 0, 449, 745, 734, 5, 7.15%, 0, 0, 4, 28.20
1746560225, 0, 449, 747, 736, 5, 7.15%, 0, 0, 4, 34.44
1746560230, 0, 449, 749, 738, 5, 7.15%, 0, 0, 4, 36.82
1746560235, 0, 449, 750, 739, 5, 7.15%, 0, 0, 4, 32.88
1746560240, 0, 449, 751, 740, 5, 7.15%, 0, 0, 4, 35.33
1746560245, 0, 449, 753, 742, 5, 7.15%, 0, 0, 4, 38.17
1746560251, 0, 449, 757, 746, 5, 7.15%, 0, 0, 4, 39.56
1746560256, 0, 449, 760, 749, 5, 7.15%, 0, 0, 4, 34.07
1746560271, 0, 449, 761, 750, 5, 7.15%, 0, 0, 4, 38.84
1746560281, 0, 449, 762, 751, 5, 7.15%, 0, 0, 4, 38.37
1746560287, 0, 449, 763, 752, 5, 7.15%, 0, 0, 4, 35.85
1746560292, 0, 449, 765, 754, 5, 7.15%, 0, 0, 4, 38.16
1746560297, 0, 449, 766, 755, 5, 7.15%, 0, 0, 4, 38.99
1746560302, 0, 449, 767, 756, 5, 7.15%, 0, 0, 4, 35.85
1746560307, 0, 449, 769, 758, 5, 7.15%, 0, 0, 4, 34.17
1746560317, 0, 449, 771, 760, 5, 7.15%, 0, 0, 4, 33.89
1746560322, 0, 449, 772, 761, 5, 7.82%, 0, 0, 4, 49.46
1746560327, 0, 449, 774, 763, 5, 7.82%, 0, 0, 4, 36.85
1746560333, 0, 449, 775, 764, 5, 7.82%, 0, 0, 4, 39.03
1746560343, 0, 449, 776, 765, 5, 7.82%, 0, 0, 4, 35.55
1746560353, 0, 449, 777, 766, 5, 7.82%, 0, 0, 4, 6.85
1746560379, 0, 449, 780, 769, 5, 7.82%, 0, 0, 4, 9.22
1746560384, 0, 449, 781, 770, 5, 7.82%, 0, 0, 4, 28.78
1746560394, 0, 449, 783, 772, 5, 7.82%, 0, 0, 4, 4.99
1746560399, 0, 449, 785, 774, 5, 7.82%, 0, 0, 4, 31.51
1746560404, 0, 449, 786, 775, 5, 7.82%, 0, 0, 4, 32.46
1746560409, 0, 449, 787, 776, 5, 7.82%, 0, 0, 4, 33.64
1746560414, 0, 449, 788, 777, 5, 7.82%, 0, 0, 4, 30.10
1746560420, 0, 449, 789, 778, 5, 7.82%, 0, 0, 4, 33.01
1746560425, 0, 449, 792, 781, 5, 7.82%, 0, 0, 4, 30.72
1746560430, 0, 449, 794, 783, 5, 7.82%, 0, 0, 4, 38.94
1746560440, 0, 449, 795, 784, 5, 7.82%, 0, 0, 4, 35.76
1746560450, 0, 449, 796, 785, 5, 8.77%, 0, 0, 4, 51.58
1746560455, 0, 449, 798, 787, 5, 8.77%, 0, 0, 4, 41.29
1746560460, 0, 449, 799, 788, 5, 8.77%, 0, 0, 4, 40.77
1746560466, 0, 449, 800, 789, 5, 8.77%, 0, 0, 4, 40.19
1746560471, 0, 449, 801, 790, 5, 8.77%, 0, 0, 4, 6.20
1746560476, 0, 449, 802, 791, 5, 8.77%, 0, 0, 4, 42.49
1746560481, 0, 449, 803, 792, 5, 8.77%, 0, 0, 4, 5.73
1746560491, 0, 449, 804, 793, 5, 8.77%, 0, 0, 4, 20.25
1746560496, 0, 449, 806, 795, 5, 8.77%, 0, 0, 4, 31.32
1746560512, 0, 449, 807, 796, 5, 8.77%, 0, 0, 4, 41.53
1746560522, 0, 449, 808, 797, 5, 8.77%, 0, 0, 4, 38.90
1746560527, 0, 449, 809, 798, 5, 8.77%, 0, 0, 4, 44.90
1746560532, 0, 449, 810, 799, 5, 8.77%, 0, 0, 4, 37.83
1746560537, 0, 449, 811, 800, 5, 8.77%, 0, 0, 4, 40.51
1746560548, 0, 449, 812, 801, 5, 8.77%, 0, 0, 4, 36.21
1746560553, 0, 449, 814, 803, 5, 8.77%, 0, 0, 4, 27.91
1746560563, 0, 449, 815, 804, 5, 8.77%, 0, 0, 4, 35.37
1746560568, 0, 449, 817, 806, 5, 8.77%, 0, 0, 4, 32.84
1746560578, 0, 449, 818, 807, 5, 8.77%, 0, 0, 4, 38.58
1746560594, 0, 449, 819, 808, 5, 8.77%, 0, 0, 4, 36.20
1746560599, 0, 449, 820, 809, 5, 8.77%, 0, 0, 4, 45.13
1746560609, 0, 449, 821, 810, 5, 8.77%, 0, 0, 4, 37.11
1746560619, 0, 449, 822, 811, 5, 8.77%, 0, 0, 4, 34.31
1746560630, 0, 449, 824, 813, 5, 8.77%, 0, 0, 4, 35.91
1746560635, 0, 449, 825, 814, 5, 8.77%, 0, 0, 4, 41.44
1746560640, 0, 449, 826, 815, 5, 8.77%, 0, 0, 4, 31.94
1746560645, 0, 449, 827, 816, 5, 8.77%, 0, 0, 4, 34.09
1746560650, 0, 449, 828, 817, 5, 8.77%, 0, 0, 4, 36.93
1746560660, 0, 449, 829, 818, 5, 8.77%, 0, 0, 4, 6.49
1746560671, 0, 449, 830, 819, 5, 8.77%, 0, 0, 4, 24.21
1746560686, 0, 490, 830, 818, 10, 8.77%, 0, 0, 4, 41.59
1746560814, 0, 528, 830, 817, 10, 8.77%, 0, 0, 4, 28.05
1746560855, 0, 528, 831, 818, 10, 8.77%, 0, 0, 5, 23.47
1746560901, 0, 528, 832, 819, 10, 8.77%, 0, 0, 5, 16.65
1746560978, 0, 528, 833, 820, 10, 8.77%, 0, 0, 5, 23.65
1746560989, 0, 528, 834, 821, 10, 8.77%, 0, 0, 5, 20.26
1746560994, 0, 528, 835, 822, 10, 8.77%, 0, 0, 5, 17.08
1746560999, 0, 528, 836, 823, 10, 8.77%, 0, 0, 5, 16.28
1746561009, 0, 528, 837, 824, 10, 8.77%, 0, 0, 5, 16.70
1746561045, 0, 528, 838, 825, 10, 8.77%, 0, 0, 5, 49.79
1746561065, 0, 578, 838, 824, 9, 8.77%, 0, 0, 5, 37.50
1746561096, 0, 578, 839, 825, 9, 8.77%, 0, 0, 5, 18.53
1746561203, 0, 578, 840, 826, 9, 8.77%, 0, 0, 5, 28.82
1746561224, 0, 578, 841, 827, 9, 8.77%, 0, 0, 5, 17.82
1746561290, 0, 578, 842, 828, 9, 8.77%, 0, 0, 5, 16.04
1746561295, 0, 578, 843, 829, 9, 8.77%, 0, 0, 5, 30.66
1746561306, 0, 578, 844, 830, 9, 8.77%, 0, 0, 5, 31.11
1746561311, 0, 578, 846, 832, 9, 8.77%, 0, 0, 5, 28.10
1746561336, 0, 578, 847, 833, 9, 8.77%, 0, 0, 5, 40.64
1746561342, 0, 578, 848, 834, 9, 8.77%, 0, 0, 5, 36.75
1746561429, 0, 578, 849, 835, 9, 8.77%, 0, 0, 5, 39.74
1746561434, 0, 578, 850, 836, 9, 8.77%, 0, 0, 5, 40.63
1746561444, 0, 578, 851, 837, 9, 8.77%, 0, 0, 5, 41.35
1746561460, 0, 578, 852, 838, 9, 8.77%, 0, 0, 5, 39.81
1746561470, 0, 578, 853, 839, 9, 8.77%, 0, 0, 5, 6.77
1746561490, 0, 578, 854, 840, 9, 8.77%, 0, 0, 5, 38.34
1746561505, 0, 578, 855, 841, 9, 8.77%, 0, 0, 5, 39.15
1746561511, 0, 578, 856, 842, 9, 8.77%, 0, 0, 5, 37.00
1746561531, 0, 578, 857, 843, 9, 8.77%, 0, 0, 5, 38.89
1746561588, 0, 606, 858, 843, 9, 8.78%, 0, 0, 5, 34.73
1746561649, 0, 606, 859, 844, 9, 8.78%, 0, 0, 5, 17.80
1746561654, 0, 606, 860, 845, 9, 8.78%, 0, 0, 5, 17.36
1746561771, 0, 606, 862, 847, 9, 8.78%, 0, 0, 5, 35.63
1746561828, 0, 664, 862, 846, 9, 8.78%, 0, 0, 5, 38.07
1746561920, 0, 664, 863, 847, 9, 8.79%, 0, 0, 5, 17.01
1746562022, 0, 664, 864, 848, 9, 8.79%, 0, 0, 5, 17.55
1746562058, 0, 760, 864, 847, 10, 8.79%, 0, 0, 5, 30.32
1746562187, 0, 760, 865, 848, 10, 8.79%, 0, 0, 5, 19.68
1746562202, 0, 760, 866, 849, 10, 8.79%, 0, 0, 5, 44.72
1746562238, 0, 771, 866, 848, 9, 8.79%, 0, 0, 5, 6.92
1746562243, 0, 771, 868, 850, 9, 8.79%, 0, 0, 5, 9.17
1746562249, 0, 771, 872, 854, 9, 8.79%, 0, 0, 5, 9.42
1746562254, 0, 771, 875, 857, 9, 8.79%, 0, 0, 5, 9.44
1746562259, 0, 771, 877, 859, 9, 8.79%, 0, 0, 5, 9.48
1746562264, 0, 771, 878, 860, 9, 8.79%, 0, 0, 5, 10.85
1746562269, 0, 771, 881, 863, 9, 8.79%, 0, 0, 5, 8.87
1746562275, 0, 771, 885, 867, 9, 8.79%, 0, 0, 5, 8.26
1746562280, 0, 771, 888, 870, 9, 8.79%, 0, 0, 5, 7.97
1746562285, 0, 771, 891, 873, 9, 8.79%, 0, 0, 5, 8.84
1746562290, 0, 771, 896, 878, 9, 8.79%, 0, 0, 5, 8.27
1746562295, 0, 771, 899, 881, 9, 8.79%, 0, 0, 5, 7.68
1746562300, 0, 771, 901, 883, 9, 8.79%, 0, 0, 5, 7.70
1746562306, 0, 771, 904, 886, 9, 8.79%, 0, 0, 5, 7.53
1746562311, 0, 771, 906, 888, 9, 8.79%, 0, 0, 5, 7.21
1746562316, 0, 771, 909, 891, 9, 8.79%, 0, 0, 5, 7.27
1746562326, 0, 771, 912, 894, 9, 8.79%, 0, 0, 5, 8.08
1746562331, 0, 771, 915, 897, 9, 8.79%, 0, 0, 5, 7.54
1746562336, 0, 771, 918, 900, 9, 8.79%, 0, 0, 5, 7.18
1746562341, 0, 771, 920, 902, 9, 8.79%, 0, 0, 5, 7.23
1746562347, 0, 771, 923, 905, 9, 8.79%, 0, 0, 5, 7.18
1746562357, 0, 771, 926, 908, 9, 9.23%, 0, 0, 5, 6.80
1746562362, 0, 771, 929, 911, 9, 9.23%, 0, 0, 5, 6.67
1746562367, 0, 771, 931, 913, 9, 9.23%, 0, 0, 5, 6.74
1746562372, 0, 771, 932, 914, 9, 9.23%, 0, 0, 5, 6.77
1746562383, 0, 771, 933, 915, 9, 9.23%, 0, 0, 5, 6.68
1746562388, 0, 771, 936, 918, 9, 9.23%, 0, 0, 5, 6.62
1746562393, 0, 771, 938, 920, 9, 9.23%, 0, 0, 5, 6.60
1746562403, 0, 771, 939, 921, 9, 9.23%, 0, 0, 5, 12.60
1746562408, 0, 771, 942, 924, 9, 9.23%, 0, 0, 5, 10.09
1746562413, 0, 771, 944, 926, 9, 9.24%, 0, 0, 5, 8.19
1746562418, 0, 771, 945, 927, 9, 9.24%, 0, 0, 5, 8.24
1746562423, 0, 771, 946, 928, 9, 9.24%, 0, 0, 5, 8.38
1746562429, 0, 771, 947, 929, 9, 9.24%, 0, 0, 5, 7.91
1746562434, 0, 771, 948, 930, 9, 9.25%, 0, 0, 5, 7.80
1746562444, 0, 771, 949, 931, 9, 9.25%, 0, 0, 5, 8.05
1746562449, 0, 771, 950, 932, 9, 9.25%, 0, 0, 5, 7.63
1746562454, 0, 771, 952, 934, 9, 9.25%, 0, 0, 5, 7.63
1746562459, 0, 771, 955, 937, 9, 9.25%, 0, 0, 5, 6.92
1746562465, 0, 771, 958, 940, 9, 9.26%, 0, 0, 5, 6.58
1746562470, 0, 771, 960, 942, 9, 9.27%, 0, 0, 5, 6.62
1746562475, 0, 771, 961, 943, 9, 9.27%, 0, 0, 5, 6.74
1746562485, 0, 771, 962, 944, 9, 9.27%, 0, 0, 5, 6.59
1746562490, 0, 771, 964, 946, 9, 9.27%, 0, 0, 5, 6.49
1746562496, 0, 771, 967, 949, 9, 9.27%, 0, 0, 5, 6.48
1746562501, 0, 771, 968, 950, 9, 9.27%, 0, 0, 5, 6.82
1746562506, 0, 771, 969, 951, 9, 9.27%, 0, 0, 5, 10.45
1746562511, 0, 771, 970, 952, 9, 9.27%, 0, 0, 5, 12.57
1746562516, 0, 771, 972, 954, 9, 9.27%, 0, 0, 5, 9.02
1746562522, 0, 771, 973, 955, 9, 9.27%, 0, 0, 5, 8.16
1746562527, 0, 771, 974, 956, 9, 9.27%, 0, 0, 5, 7.94
1746562532, 0, 771, 975, 957, 9, 9.27%, 0, 0, 5, 7.87
1746562537, 0, 771, 978, 960, 9, 9.27%, 0, 0, 5, 7.09
1746562542, 0, 771, 979, 961, 9, 9.27%, 0, 0, 5, 7.61
1746562548, 0, 771, 980, 962, 9, 9.27%, 0, 0, 5, 8.39
1746562553, 0, 771, 982, 964, 9, 9.27%, 0, 0, 5, 7.49
1746562558, 0, 771, 985, 967, 9, 9.27%, 0, 0, 5, 7.25
1746562563, 0, 771, 986, 968, 9, 9.27%, 0, 0, 5, 7.67
1746562568, 0, 771, 988, 970, 9, 9.27%, 0, 0, 5, 7.88
1746562573, 0, 771, 991, 973, 9, 9.27%, 0, 0, 5, 6.95
1746562578, 0, 771, 994, 976, 9, 9.27%, 0, 0, 5, 6.55
1746562584, 0, 771, 998, 980, 9, 9.27%, 0, 0, 5, 6.59
1746562589, 0, 771, 1000, 982, 9, 9.27%, 0, 0, 5, 6.60
1746562594, 0, 771, 1003, 985, 9, 9.27%, 0, 0, 5, 6.99
1746562599, 0, 771, 1004, 986, 9, 9.27%, 0, 0, 5, 6.75
1746562609, 0, 771, 1006, 988, 9, 9.27%, 0, 0, 5, 6.48
1746562614, 0, 771, 1009, 991, 9, 9.27%, 0, 0, 5, 6.58
1746562620, 0, 771, 1011, 993, 9, 9.28%, 0, 0, 5, 6.46
1746562630, 0, 771, 1013, 995, 9, 9.28%, 0, 0, 5, 7.78
1746562635, 0, 771, 1016, 998, 9, 9.28%, 0, 0, 5, 6.71
1746562640, 0, 771, 1017, 999, 9, 9.28%, 0, 0, 5, 8.18
1746562645, 0, 771, 1019, 1001, 9, 9.28%, 0, 0, 5, 7.39
1746562651, 0, 771, 1022, 1004, 9, 9.28%, 0, 0, 5, 6.96
1746562656, 0, 771, 1025, 1007, 9, 9.28%, 0, 0, 5, 6.31
1746562661, 0, 771, 1028, 1010, 9, 9.29%, 0, 0, 5, 6.05
1746562666, 0, 771, 1030, 1012, 9, 9.29%, 0, 0, 5, 8.30
1746562671, 0, 771, 1033, 1015, 9, 9.29%, 0, 0, 5, 6.95
1746562676, 0, 771, 1036, 1018, 9, 9.29%, 0, 0, 5, 6.58
1746562682, 0, 771, 1039, 1021, 9, 9.29%, 0, 0, 5, 6.35
1746562687, 0, 771, 1041, 1023, 9, 9.29%, 0, 0, 5, 6.28
1746562692, 0, 771, 1044, 1026, 9, 9.29%, 0, 0, 5, 5.81
1746562697, 0, 771, 1045, 1027, 9, 9.29%, 0, 0, 5, 48.54
1746562723, 0, 771, 1046, 1028, 9, 9.29%, 0, 0, 5, 10.91
1746562728, 0, 771, 1047, 1029, 9, 9.29%, 0, 0, 5, 11.39
1746562764, 0, 771, 1048, 1030, 9, 9.29%, 0, 0, 5, 9.84
1746562779, 0, 771, 1050, 1032, 9, 9.29%, 0, 0, 5, 8.04
1746562790, 0, 771, 1051, 1033, 9, 9.29%, 0, 0, 5, 8.22
1746562800, 0, 771, 1052, 1034, 9, 9.29%, 0, 0, 5, 8.57
1746562810, 0, 771, 1053, 1035, 9, 9.29%, 0, 0, 5, 7.85
1746562816, 0, 771, 1056, 1038, 9, 9.29%, 0, 0, 5, 7.88
1746562836, 0, 771, 1057, 1039, 9, 9.29%, 0, 0, 5, 8.00
1746562846, 0, 771, 1058, 1040, 9, 9.29%, 0, 0, 5, 7.39
1746562872, 0, 771, 1059, 1041, 9, 9.29%, 0, 0, 5, 7.64
1746562877, 0, 771, 1060, 1042, 9, 9.29%, 0, 0, 5, 7.33
1746562892, 0, 771, 1061, 1043, 9, 9.29%, 0, 0, 5, 7.17
1746562897, 0, 771, 1062, 1044, 9, 9.29%, 0, 0, 5, 7.23
1746562902, 0, 771, 1063, 1045, 9, 9.29%, 0, 0, 5, 7.31
1746562907, 0, 771, 1065, 1047, 9, 9.29%, 0, 0, 5, 7.08
1746562917, 0, 771, 1066, 1048, 9, 9.29%, 0, 0, 5, 8.08
1746562933, 0, 771, 1068, 1050, 9, 9.29%, 0, 0, 5, 7.46
1746562979, 0, 771, 1069, 1051, 9, 9.29%, 0, 0, 5, 7.25
1746562989, 0, 771, 1070, 1052, 9, 9.29%, 0, 0, 5, 7.62
1746562999, 0, 771, 1074, 1056, 9, 9.29%, 0, 0, 5, 8.06
1746563010, 0, 771, 1075, 1057, 9, 9.29%, 0, 0, 5, 7.90
1746563015, 0, 771, 1076, 1058, 9, 9.29%, 0, 0, 5, 7.28
1746563066, 0, 771, 1078, 1060, 9, 9.29%, 0, 0, 5, 6.87
1746563071, 0, 771, 1080, 1062, 9, 9.29%, 0, 0, 5, 6.43
1746563076, 0, 771, 1081, 1063, 9, 9.29%, 0, 0, 5, 6.29
1746563082, 0, 771, 1083, 1065, 9, 9.29%, 0, 0, 5, 6.19
1746563087, 0, 771, 1086, 1068, 9, 9.29%, 0, 0, 5, 6.26
1746563118, 0, 771, 1087, 1069, 9, 9.29%, 0, 0, 5, 6.89
1746563123, 0, 771, 1089, 1071, 9, 9.29%, 0, 0, 5, 7.03
1746563128, 0, 771, 1090, 1072, 9, 9.29%, 0, 0, 5, 6.91
1746563220, 0, 771, 1091, 1073, 9, 9.29%, 0, 0, 5, 6.50
1746563231, 0, 771, 1093, 1075, 9, 9.29%, 0, 0, 5, 6.51
1746563236, 0, 771, 1094, 1076, 9, 9.29%, 0, 0, 5, 6.63
1746563282, 0, 771, 1095, 1077, 9, 9.29%, 0, 0, 5, 9.01
1746563375, 0, 771, 1096, 1078, 9, 9.29%, 0, 0, 5, 7.29
1746563395, 0, 771, 1097, 1079, 9, 9.29%, 0, 0, 5, 6.87
1746563406, 0, 771, 1099, 1081, 9, 9.29%, 0, 0, 5, 7.06
1746563411, 0, 771, 1100, 1082, 9, 9.29%, 0, 0, 5, 7.47
1746563530, 0, 771, 1101, 1083, 9, 9.29%, 0, 0, 5, 6.76
1746563545, 0, 771, 1102, 1084, 9, 9.29%, 0, 0, 5, 8.50
1746563550, 0, 771, 1103, 1085, 9, 9.29%, 0, 0, 5, 9.07
1746563555, 0, 771, 1104, 1086, 9, 9.29%, 0, 0, 5, 8.51
1746563560, 0, 771, 1105, 1087, 9, 9.29%, 0, 0, 5, 8.31
1746563570, 0, 771, 1106, 1088, 9, 9.29%, 0, 0, 5, 7.18
1746563576, 0, 771, 1107, 1089, 9, 9.29%, 0, 0, 5, 6.84
1746563581, 0, 771, 1108, 1090, 9, 9.29%, 0, 0, 5, 6.71
1746563591, 0, 771, 1111, 1093, 9, 9.29%, 0, 0, 5, 8.36
1746563606, 0, 771, 1112, 1094, 9, 9.29%, 0, 0, 5, 13.19
1746563611, 0, 771, 1113, 1095, 9, 9.29%, 0, 0, 5, 14.30
1746563632, 0, 771, 1114, 1096, 9, 9.29%, 0, 0, 5, 8.24
1746563673, 0, 771, 1115, 1097, 9, 9.29%, 0, 0, 5, 8.16
1746563693, 0, 771, 1116, 1098, 9, 9.29%, 0, 0, 5, 7.46
1746563698, 0, 771, 1119, 1101, 9, 9.29%, 0, 0, 5, 7.43
1746563709, 0, 771, 1120, 1102, 9, 9.29%, 0, 0, 5, 7.55
1746563714, 0, 771, 1121, 1103, 9, 9.29%, 0, 0, 5, 7.50
1746563719, 0, 771, 1122, 1104, 9, 9.29%, 0, 0, 5, 7.75
1746563729, 0, 771, 1124, 1106, 9, 9.29%, 0, 0, 5, 7.45
1746563735, 0, 771, 1125, 1107, 9, 9.29%, 0, 0, 5, 7.39
1746563740, 0, 771, 1127, 1109, 9, 9.29%, 0, 0, 5, 6.74
1746563745, 0, 771, 1129, 1111, 9, 9.30%, 0, 0, 5, 6.38
1746563750, 0, 771, 1131, 1113, 9, 9.30%, 0, 0, 5, 6.45
1746563756, 0, 771, 1132, 1114, 9, 9.30%, 0, 0, 5, 6.52
1746563761, 0, 771, 1133, 1115, 9, 9.30%, 0, 0, 5, 6.83
1746563766, 0, 771, 1134, 1116, 9, 9.30%, 0, 0, 5, 6.97
1746563771, 0, 771, 1136, 1118, 9, 9.30%, 0, 0, 5, 6.64
1746563797, 0, 771, 1138, 1120, 9, 9.30%, 0, 0, 5, 6.45
1746563807, 0, 771, 1139, 1121, 9, 9.53%, 0, 0, 5, 6.51
1746563813, 0, 771, 1141, 1123, 9, 9.56%, 0, 0, 5, 6.60
1746563818, 0, 771, 1143, 1125, 9, 9.56%, 0, 0, 5, 6.51
1746563828, 0, 771, 1144, 1126, 9, 9.56%, 0, 0, 5, 48.53
1746563838, 0, 771, 1145, 1127, 9, 9.56%, 0, 0, 5, 9.76
1746563859, 0, 771, 1146, 1128, 9, 9.56%, 0, 0, 5, 11.67
1746563875, 0, 771, 1148, 1130, 9, 9.56%, 0, 0, 5, 11.05
1746563885, 0, 771, 1149, 1131, 9, 9.56%, 0, 0, 5, 8.57
1746563895, 0, 771, 1151, 1133, 9, 9.56%, 0, 0, 5, 6.86
1746563916, 0, 771, 1152, 1134, 9, 9.56%, 0, 0, 5, 8.20
1746563988, 0, 771, 1153, 1135, 9, 9.56%, 0, 0, 5, 7.70
1746563998, 0, 771, 1154, 1136, 9, 9.56%, 0, 0, 5, 7.92
1746564003, 0, 771, 1155, 1137, 9, 9.56%, 0, 0, 5, 7.85
1746564014, 0, 771, 1156, 1138, 9, 9.56%, 0, 0, 5, 7.06
1746564029, 0, 771, 1157, 1139, 9, 9.56%, 0, 0, 5, 7.22
1746564039, 0, 771, 1158, 1140, 9, 9.56%, 0, 0, 5, 6.95
1746564045, 0, 771, 1159, 1141, 9, 9.56%, 0, 0, 5, 6.92
1746564060, 0, 771, 1160, 1142, 9, 9.56%, 0, 0, 5, 6.91
1746564065, 0, 771, 1162, 1144, 9, 9.56%, 0, 0, 5, 6.95
1746564070, 0, 771, 1165, 1147, 9, 9.56%, 0, 0, 5, 7.62
1746564075, 0, 771, 1166, 1148, 9, 9.56%, 0, 0, 5, 6.95
1746564081, 0, 771, 1167, 1149, 9, 9.56%, 0, 0, 5, 7.20
1746564086, 0, 771, 1168, 1150, 9, 9.56%, 0, 0, 5, 7.25
1746564091, 0, 771, 1169, 1151, 9, 9.56%, 0, 0, 5, 7.06
1746564121, 0, 771, 1171, 1153, 9, 9.56%, 0, 0, 5, 7.51
1746564127, 0, 771, 1172, 1154, 9, 9.56%, 0, 0, 5, 7.28
1746564132, 0, 771, 1174, 1156, 9, 9.56%, 0, 0, 5, 6.65
1746564137, 0, 771, 1176, 1158, 9, 9.56%, 0, 0, 5, 6.23
1746564142, 0, 771, 1178, 1160, 9, 9.56%, 0, 0, 5, 5.99
1746564147, 0, 771, 1180, 1162, 9, 9.56%, 0, 0, 5, 6.84
1746564152, 0, 771, 1181, 1163, 9, 9.56%, 0, 0, 5, 6.99
1746564158, 0, 771, 1182, 1164, 9, 9.56%, 0, 0, 5, 6.92
1746564168, 0, 771, 1184, 1166, 9, 9.56%, 0, 0, 5, 5.74
1746564178, 0, 771, 1186, 1168, 9, 9.56%, 0, 0, 5, 5.80
1746564184, 0, 771, 1187, 1169, 9, 9.57%, 0, 0, 5, 6.09
1746564194, 0, 771, 1188, 1170, 9, 9.57%, 0, 0, 5, 6.24
1746564199, 0, 771, 1190, 1172, 9, 9.57%, 0, 0, 5, 5.86
1746564204, 0, 771, 1191, 1173, 9, 9.57%, 0, 0, 5, 6.13
1746564215, 0, 771, 1192, 1174, 9, 9.57%, 0, 0, 5, 6.17
1746564225, 0, 771, 1193, 1175, 9, 9.57%, 0, 0, 5, 6.42
1746564235, 0, 771, 1194, 1176, 9, 9.57%, 0, 0, 5, 6.50
1746564251, 0, 771, 1196, 1178, 9, 9.57%, 0, 0, 5, 6.42
1746564256, 0, 771, 1198, 1180, 9, 9.57%, 0, 0, 5, 5.72
1746564261, 0, 771, 1199, 1181, 9, 9.57%, 0, 0, 5, 6.28
1746564266, 0, 771, 1200, 1182, 9, 9.57%, 0, 0, 5, 6.34
1746564271, 0, 771, 1202, 1184, 9, 9.57%, 0, 0, 5, 6.29
1746564276, 0, 771, 1203, 1185, 9, 9.57%, 0, 0, 5, 6.85
1746564297, 0, 771, 1204, 1186, 9, 9.57%, 0, 0, 5, 7.37
1746564302, 0, 771, 1205, 1187, 9, 9.57%, 0, 0, 5, 11.54
1746564307, 0, 771, 1206, 1188, 9, 9.57%, 0, 0, 5, 20.21
1746564317, 0, 771, 1207, 1189, 9, 9.57%, 0, 0, 5, 19.28
1746564322, 0, 771, 1208, 1190, 9, 9.57%, 0, 0, 5, 14.93
1746564327, 0, 771, 1209, 1191, 9, 9.57%, 0, 0, 5, 15.94
1746564338, 0, 771, 1210, 1192, 9, 9.60%, 0, 0, 5, 17.82
1746564343, 0, 771, 1211, 1193, 9, 9.60%, 0, 0, 5, 21.88
1746564348, 0, 771, 1213, 1195, 9, 9.61%, 0, 0, 5, 3.76
1746564353, 0, 771, 1214, 1196, 9, 9.61%, 0, 0, 5, 18.16
1746564363, 0, 771, 1216, 1198, 9, 9.61%, 0, 0, 5, 14.90
1746564373, 0, 771, 1217, 1199, 9, 9.61%, 0, 0, 5, 18.54
1746564378, 0, 771, 1219, 1201, 9, 9.61%, 0, 0, 5, 17.70
1746564389, 0, 771, 1220, 1202, 9, 9.61%, 0, 0, 5, 19.86
1746564394, 0, 771, 1221, 1203, 9, 9.61%, 0, 0, 5, 21.23
1746564399, 0, 771, 1222, 1204, 9, 9.61%, 0, 0, 5, 17.64
1746564409, 0, 771, 1224, 1206, 9, 9.61%, 0, 0, 5, 19.53
1746564420, 0, 771, 1225, 1207, 9, 9.61%, 0, 0, 5, 18.89
1746564425, 0, 771, 1226, 1208, 9, 9.61%, 0, 0, 5, 17.59
1746564430, 0, 771, 1227, 1209, 9, 9.61%, 0, 0, 5, 18.76
1746564435, 0, 771, 1228, 1210, 9, 9.61%, 0, 0, 5, 19.62
1746564445, 0, 771, 1229, 1211, 9, 9.61%, 0, 0, 5, 18.17
1746564451, 0, 771, 1230, 1212, 9, 9.61%, 0, 0, 5, 15.61
1746564456, 0, 771, 1231, 1213, 9, 9.61%, 0, 0, 5, 17.41
1746564461, 0, 771, 1232, 1214, 9, 9.61%, 0, 0, 5, 19.63
1746564466, 0, 771, 1233, 1215, 9, 9.61%, 0, 0, 5, 20.52
1746564471, 0, 771, 1234, 1216, 9, 9.61%, 0, 0, 5, 21.40
1746564481, 0, 771, 1236, 1218, 9, 9.61%, 0, 0, 5, 13.16
1746564491, 0, 771, 1237, 1219, 9, 9.61%, 0, 0, 5, 20.56
1746564512, 0, 771, 1238, 1220, 9, 9.61%, 0, 0, 5, 17.15
1746564532, 0, 771, 1239, 1221, 9, 9.61%, 0, 0, 5, 17.92
1746564558, 0, 771, 1240, 1222, 9, 9.61%, 0, 0, 5, 17.09
1746564563, 0, 771, 1242, 1224, 9, 9.61%, 0, 0, 5, 11.20
1746564568, 0, 771, 1244, 1226, 9, 9.61%, 0, 0, 5, 12.09
1746564579, 0, 771, 1245, 1227, 9, 9.61%, 0, 0, 5, 18.11
1746564584, 0, 771, 1246, 1228, 9, 9.61%, 0, 0, 5, 18.40
1746564589, 0, 771, 1247, 1229, 9, 9.61%, 0, 0, 5, 14.62
1746564599, 0, 771, 1249, 1231, 9, 9.61%, 0, 0, 5, 7.34
1746564605, 0, 771, 1250, 1232, 9, 9.61%, 0, 0, 5, 17.91
1746564615, 0, 771, 1251, 1233, 9, 9.61%, 0, 0, 5, 17.32
1746564620, 0, 771, 1252, 1234, 9, 9.61%, 0, 0, 5, 14.26
1746564630, 0, 771, 1253, 1235, 9, 9.61%, 0, 0, 5, 19.04
1746564641, 0, 771, 1255, 1237, 9, 9.61%, 0, 0, 5, 19.24
1746564656, 0, 771, 1256, 1238, 9, 9.61%, 0, 0, 5, 21.22
1746564661, 0, 771, 1258, 1240, 9, 9.61%, 0, 0, 5, 15.25
1746564666, 0, 771, 1259, 1241, 9, 9.61%, 0, 0, 5, 14.96
1746564682, 0, 771, 1261, 1243, 9, 9.61%, 0, 0, 5, 17.65
1746564687, 0, 771, 1262, 1244, 9, 9.61%, 0, 0, 5, 17.60
1746564692, 0, 771, 1264, 1246, 9, 9.61%, 0, 0, 5, 20.30
1746564702, 0, 771, 1265, 1247, 9, 9.61%, 0, 0, 5, 16.36
1746564708, 0, 771, 1266, 1248, 9, 9.61%, 0, 0, 5, 19.42
1746564728, 0, 771, 1267, 1249, 9, 9.61%, 0, 0, 5, 18.31
1746564733, 0, 771, 1269, 1251, 9, 9.61%, 0, 0, 5, 13.91
1746564738, 0, 771, 1270, 1252, 9, 9.61%, 0, 0, 5, 16.91
1746564744, 0, 771, 1271, 1253, 9, 9.61%, 0, 0, 5, 18.92
1746564759, 0, 771, 1272, 1254, 9, 9.61%, 0, 0, 5, 18.13
1746564774, 0, 771, 1273, 1255, 9, 9.61%, 0, 0, 5, 4.61
1746564789, 0, 771, 1274, 1256, 9, 9.61%, 0, 0, 5, 24.45
1746564805, 0, 771, 1275, 1257, 9, 9.61%, 0, 0, 5, 19.15
1746564835, 0, 771, 1276, 1258, 9, 9.61%, 0, 0, 5, 20.43
1746564841, 0, 771, 1278, 1260, 9, 9.61%, 0, 0, 5, 17.41
1746564891, 0, 771, 1279, 1261, 9, 9.64%, 0, 0, 5, 30.60
1746564896, 0, 771, 1280, 1262, 9, 9.64%, 0, 0, 5, 11.92
1746564927, 0, 771, 1281, 1263, 9, 9.64%, 0, 0, 5, 13.60
1746564933, 0, 771, 1282, 1264, 9, 9.64%, 0, 0, 5, 17.82
1746564948, 0, 771, 1284, 1266, 9, 9.64%, 0, 0, 5, 13.83
1746564958, 0, 771, 1285, 1267, 9, 9.64%, 0, 0, 5, 19.22
1746564974, 0, 771, 1286, 1268, 9, 9.64%, 0, 0, 5, 21.31
1746564979, 0, 771, 1287, 1269, 9, 9.64%, 0, 0, 5, 17.59
1746564999, 0, 771, 1288, 1270, 9, 9.64%, 0, 0, 5, 4.28
1746565010, 0, 771, 1289, 1271, 9, 9.64%, 0, 0, 5, 18.71
1746565015, 0, 771, 1290, 1272, 9, 9.64%, 0, 0, 5, 20.52
1746565040, 0, 771, 1291, 1273, 9, 9.64%, 0, 0, 5, 18.29
1746565050, 0, 771, 1292, 1274, 9, 9.64%, 0, 0, 5, 18.85
1746565060, 0, 771, 1293, 1275, 9, 9.64%, 0, 0, 5, 16.86
1746565065, 0, 771, 1294, 1276, 9, 9.64%, 0, 0, 5, 13.48
1746565071, 0, 771, 1295, 1277, 9, 9.64%, 0, 0, 5, 14.32
1746565076, 0, 771, 1296, 1278, 9, 9.64%, 0, 0, 5, 20.21
1746565086, 0, 771, 1297, 1279, 9, 9.64%, 0, 0, 5, 23.33
1746565091, 0, 771, 1298, 1280, 9, 9.64%, 0, 0, 5, 27.52
1746565102, 0, 771, 1299, 1281, 9, 9.64%, 0, 0, 5, 28.07
1746565122, 0, 771, 1300, 1282, 9, 9.64%, 0, 0, 5, 18.19
1746565132, 0, 771, 1301, 1283, 9, 9.64%, 0, 0, 5, 19.07
1746565137, 0, 771, 1302, 1284, 9, 9.64%, 0, 0, 5, 22.84
1746565158, 0, 771, 1303, 1285, 9, 9.64%, 0, 0, 5, 19.61
1746565168, 0, 771, 1304, 1286, 9, 9.64%, 0, 0, 5, 17.74
1746565173, 0, 771, 1305, 1287, 9, 9.64%, 0, 0, 5, 18.49
1746565188, 0, 771, 1306, 1288, 9, 9.64%, 0, 0, 5, 19.87
1746565199, 0, 771, 1307, 1289, 9, 9.64%, 0, 0, 5, 23.69
1746565209, 0, 771, 1308, 1290, 9, 9.64%, 0, 0, 5, 17.15
1746565219, 0, 771, 1309, 1291, 9, 9.64%, 0, 0, 5, 17.24
1746565224, 0, 857, 1309, 1290, 24, 9.64%, 0, 0, 5, 16.06
1746565229, 0, 857, 1310, 1291, 24, 9.64%, 0, 0, 6, 12.33
1746565234, 0, 857, 1311, 1292, 24, 9.64%, 0, 0, 6, 8.83
1746565239, 0, 857, 1312, 1293, 24, 9.64%, 0, 0, 6, 8.33
1746565244, 0, 857, 1313, 1294, 24, 9.64%, 0, 0, 6, 7.73
1746565322, 0, 857, 1314, 1295, 24, 9.64%, 0, 0, 6, 8.61
1746565332, 0, 857, 1315, 1296, 24, 9.64%, 0, 0, 6, 6.79
1746565358, 0, 857, 1316, 1297, 24, 9.64%, 0, 0, 6, 8.62
1746565364, 0, 857, 1317, 1298, 24, 9.64%, 0, 0, 6, 7.74
1746565450, 0, 857, 1318, 1299, 24, 9.64%, 0, 0, 6, 8.35
1746565471, 0, 857, 1319, 1300, 24, 9.64%, 0, 0, 6, 6.79
1746565476, 0, 857, 1320, 1301, 24, 9.64%, 0, 0, 6, 6.74
1746565497, 0, 857, 1321, 1302, 24, 9.64%, 0, 0, 6, 6.50
1746565538, 0, 857, 1322, 1303, 24, 9.64%, 0, 0, 6, 6.60
1746565610, 0, 857, 1323, 1304, 24, 9.64%, 0, 0, 6, 6.17
1746565764, 0, 857, 1324, 1305, 24, 9.64%, 0, 0, 6, 6.23
1746565805, 0, 857, 1325, 1306, 24, 9.64%, 0, 0, 6, 8.12
1746565862, 0, 857, 1326, 1307, 24, 9.64%, 0, 0, 6, 6.52
1746566012, 0, 857, 1327, 1308, 24, 9.64%, 0, 0, 6, 6.17
1746566022, 0, 857, 1328, 1309, 24, 9.64%, 0, 0, 6, 6.58
1746566048, 0, 857, 1329, 1310, 24, 9.64%, 0, 0, 6, 6.49
1746566053, 0, 857, 1330, 1311, 24, 9.64%, 0, 0, 6, 6.28
1746566058, 0, 857, 1332, 1313, 24, 9.64%, 0, 0, 6, 5.47
1746566069, 0, 857, 1333, 1314, 24, 9.64%, 0, 0, 6, 6.21
1746566151, 0, 859, 1334, 1314, 23, 9.64%, 0, 0, 6, 22.11
1746566156, 0, 859, 1335, 1315, 23, 9.64%, 0, 0, 6, 21.42
1746566161, 0, 859, 1336, 1316, 23, 9.64%, 0, 0, 6, 18.98
1746566212, 0, 859, 1337, 1317, 23, 9.64%, 0, 0, 6, 17.31
1746566345, 0, 862, 1337, 1316, 23, 9.64%, 0, 0, 6, 26.08
1746566350, 0, 862, 1338, 1317, 23, 9.64%, 0, 0, 6, 19.25
1746566570, 0, 862, 1339, 1318, 23, 9.64%, 0, 0, 6, 40.40
1746566606, 0, 894, 1339, 1317, 23, 9.64%, 0, 0, 6, 7.11
1746566703, 0, 894, 1340, 1318, 23, 9.64%, 0, 0, 6, 16.41
1746566708, 0, 894, 1341, 1319, 23, 9.64%, 0, 0, 6, 10.66
1746566749, 0, 894, 1342, 1320, 23, 9.64%, 0, 0, 6, 8.63
1746566924, 0, 894, 1343, 1321, 23, 9.64%, 0, 0, 6, 8.73
1746567082, 0, 894, 1344, 1322, 23, 9.64%, 0, 0, 6, 10.55
1746567092, 0, 894, 1345, 1323, 23, 9.64%, 0, 0, 6, 8.37
1746567230, 0, 894, 1346, 1324, 23, 9.64%, 0, 0, 6, 8.00
1746567584, 0, 894, 1347, 1325, 23, 9.64%, 0, 0, 6, 8.60
1746567645, 0, 925, 1347, 1324, 23, 9.64%, 0, 0, 6, 17.64
1746567656, 0, 925, 1348, 1325, 23, 9.64%, 0, 0, 6, 11.43
1746567722, 0, 925, 1351, 1328, 23, 9.64%, 0, 0, 6, 6.35
1746567733, 0, 925, 1352, 1329, 23, 9.64%, 0, 0, 6, 9.28
1746567758, 0, 925, 1353, 1330, 23, 9.64%, 0, 0, 6, 7.61
1746567799, 0, 925, 1354, 1331, 23, 9.64%, 0, 0, 6, 6.28
1746567804, 0, 925, 1355, 1332, 23, 9.64%, 0, 0, 6, 6.31
1746567809, 0, 925, 1356, 1333, 23, 9.64%, 0, 0, 6, 9.52
1746567871, 0, 925, 1357, 1334, 23, 9.64%, 0, 0, 6, 6.28
1746567876, 0, 925, 1358, 1335, 23, 9.64%, 0, 0, 6, 6.25
1746567881, 0, 925, 1360, 1337, 23, 9.64%, 0, 0, 6, 6.21
1746567886, 0, 925, 1361, 1338, 23, 9.64%, 0, 0, 6, 6.54
1746567907, 0, 925, 1363, 1340, 23, 9.64%, 0, 0, 6, 6.56
1746567994, 0, 925, 1364, 1341, 23, 9.64%, 0, 0, 6, 7.80
1746568344, 0, 925, 1365, 1342, 23, 9.64%, 0, 0, 6, 6.21
1746568364, 0, 925, 1366, 1343, 23, 9.64%, 0, 0, 6, 6.29
1746568400, 0, 925, 1368, 1345, 23, 9.64%, 0, 0, 6, 6.38
1746568405, 0, 925, 1371, 1348, 23, 9.64%, 0, 0, 6, 6.41
1746568410, 0, 925, 1372, 1349, 23, 9.64%, 0, 0, 6, 6.42
1746568416, 0, 925, 1374, 1351, 23, 9.64%, 0, 0, 6, 6.29
1746568426, 0, 925, 1375, 1352, 23, 9.64%, 0, 0, 6, 6.05
1746568431, 0, 925, 1377, 1354, 23, 9.64%, 0, 0, 6, 6.19
1746568620, 0, 925, 1378, 1355, 23, 9.64%, 0, 0, 6, 7.29
1746568722, 0, 925, 1380, 1357, 23, 9.64%, 0, 0, 6, 5.73
1746568784, 0, 925, 1381, 1358, 23, 9.64%, 0, 0, 6, 14.95
1746568963, 0, 925, 1382, 1359, 23, 9.64%, 0, 0, 6, 6.17
1746568968, 0, 925, 1383, 1360, 23, 9.64%, 0, 0, 6, 6.24
1746569025, 0, 925, 1384, 1361, 23, 9.64%, 0, 0, 6, 8.34
1746569245, 0, 925, 1385, 1362, 23, 9.64%, 0, 0, 6, 6.85
1746569271, 0, 925, 1386, 1363, 23, 9.64%, 0, 0, 6, 6.67
1746569286, 0, 925, 1387, 1364, 23, 9.64%, 0, 0, 6, 5.91
1746569343, 0, 925, 1389, 1366, 23, 9.64%, 0, 0, 6, 6.39
1746569349, 0, 925, 1390, 1367, 23, 9.64%, 0, 0, 6, 6.34
1746569390, 0, 925, 1391, 1368, 23, 9.64%, 0, 0, 6, 4.06
1746569395, 0, 925, 1392, 1369, 23, 9.64%, 0, 0, 6, 20.57
1746569400, 0, 925, 1393, 1370, 23, 9.64%, 0, 0, 6, 17.80
1746569487, 0, 925, 1394, 1371, 23, 9.64%, 0, 0, 6, 19.25
1746569564, 0, 925, 1395, 1372, 23, 9.64%, 0, 0, 6, 16.18
1746569625, 0, 925, 1396, 1373, 23, 9.68%, 0, 0, 6, 27.49
1746569646, 0, 925, 1397, 1374, 23, 9.68%, 0, 0, 6, 21.27
1746569687, 0, 925, 1399, 1376, 23, 9.68%, 0, 0, 6, 14.94
1746569744, 0, 925, 1400, 1377, 23, 9.68%, 0, 0, 6, 18.25
1746569826, 0, 925, 1401, 1378, 23, 9.68%, 0, 0, 6, 21.37
1746569842, 0, 925, 1402, 1379, 23, 9.68%, 0, 0, 6, 19.10
1746569903, 0, 925, 1403, 1380, 23, 9.68%, 0, 0, 6, 19.38
1746569944, 0, 925, 1404, 1381, 23, 9.68%, 0, 0, 6, 20.80
1746569964, 0, 925, 1405, 1382, 23, 9.69%, 0, 0, 6, 20.63
1746569985, 0, 991, 1405, 1381, 27, 9.69%, 0, 0, 6, 16.87
1746570061, 0, 991, 1406, 1382, 27, 9.69%, 0, 0, 6, 6.23
1746570139, 0, 991, 1407, 1383, 27, 9.69%, 0, 0, 6, 6.19
1746570210, 0, 991, 1408, 1384, 27, 9.69%, 0, 0, 6, 6.25
1746570216, 0, 991, 1409, 1385, 27, 9.69%, 0, 0, 6, 6.11
1746570236, 0, 991, 1410, 1386, 27, 9.69%, 0, 0, 6, 6.88
1746570492, 0, 991, 1411, 1387, 27, 9.69%, 0, 0, 6, 7.84
1746571071, 0, 991, 1412, 1388, 27, 9.69%, 0, 0, 6, 6.51
1746571076, 0, 991, 1413, 1389, 27, 9.69%, 0, 0, 6, 45.27
1746571230, 0, 991, 1414, 1390, 27, 9.69%, 0, 0, 6, 6.57
1746571236, 0, 991, 1415, 1391, 27, 9.69%, 0, 0, 6, 6.36
1746571559, 0, 991, 1416, 1392, 27, 9.69%, 0, 0, 6, 6.82
1746571580, 0, 991, 1417, 1393, 27, 9.69%, 0, 0, 6, 5.82
1746571595, 0, 991, 1418, 1394, 27, 9.74%, 0, 0, 6, 6.18
1746571600, 0, 991, 1419, 1395, 27, 9.74%, 0, 0, 6, 5.84
1746571605, 0, 991, 1420, 1396, 27, 9.74%, 0, 0, 6, 5.35
1746571662, 0, 991, 1421, 1397, 27, 9.74%, 0, 0, 6, 6.23
1746571667, 0, 991, 1423, 1399, 27, 9.74%, 0, 0, 6, 6.17
1746571693, 0, 991, 1424, 1400, 27, 9.74%, 0, 0, 6, 7.00
1746571734, 0, 995, 1424, 1399, 27, 9.74%, 0, 0, 6, 17.35
1746571811, 0, 995, 1425, 1400, 27, 9.74%, 0, 0, 6, 6.51
1746571986, 0, 995, 1426, 1401, 27, 9.74%, 0, 0, 6, 6.46
1746572464, 0, 995, 1427, 1402, 27, 9.74%, 0, 0, 6, 6.53
1746572973, 0, 995, 1428, 1403, 27, 9.74%, 0, 0, 6, 6.28
1746573245, 0, 995, 1429, 1404, 27, 9.74%, 0, 0, 6, 7.56
1746573251, 0, 995, 1430, 1405, 27, 9.74%, 0, 0, 6, 7.82
1746573286, 0, 995, 1431, 1406, 27, 9.74%, 0, 0, 6, 6.82
1746573297, 0, 995, 1432, 1407, 27, 9.74%, 0, 0, 6, 6.38
1746573375, 0, 995, 1433, 1408, 27, 9.74%, 0, 0, 6, 6.30
1746573441, 0, 998, 1433, 1407, 27, 9.74%, 0, 0, 6, 18.26
1746573523, 0, 998, 1435, 1409, 27, 9.74%, 0, 0, 6, 6.21
1746573600, 0, 998, 1436, 1410, 27, 9.74%, 0, 0, 6, 6.26
1746573667, 0, 998, 1437, 1411, 27, 9.74%, 0, 0, 6, 6.08
1746573703, 0, 998, 1438, 1412, 27, 9.74%, 0, 0, 6, 6.90
1746574068, 0, 998, 1440, 1414, 27, 9.74%, 0, 0, 6, 6.02
1746574104, 0, 998, 1441, 1415, 27, 9.74%, 0, 0, 6, 6.68
1746574758, 0, 998, 1442, 1416, 27, 9.74%, 0, 0, 6, 6.29
1746574814, 0, 998, 1443, 1417, 27, 9.74%, 0, 0, 6, 9.06
1746574969, 0, 998, 1444, 1418, 27, 9.74%, 0, 0, 6, 6.49
1746575051, 0, 998, 1445, 1419, 27, 9.74%, 0, 0, 6, 6.57
1746575061, 0, 998, 1446, 1420, 27, 9.74%, 0, 0, 6, 6.33
1746575180, 0, 998, 1448, 1422, 27, 9.74%, 0, 0, 6, 6.33
1746575225, 0, 1040, 1448, 1421, 28, 9.74%, 0, 0, 6, 14.49
1746575241, 0, 1040, 1449, 1422, 28, 9.74%, 0, 0, 6, 8.92
1746575251, 0, 1040, 1450, 1423, 28, 9.74%, 0, 0, 6, 7.60
1746575293, 0, 1040, 1451, 1424, 28, 9.74%, 0, 0, 6, 6.11
1746575365, 0, 1040, 1452, 1425, 28, 9.74%, 0, 0, 6, 6.11
1746575829, 0, 1040, 1454, 1427, 28, 9.74%, 0, 0, 6, 6.08
1746576091, 0, 1040, 1455, 1428, 28, 9.75%, 0, 0, 6, 6.65
1746576173, 0, 1040, 1456, 1429, 28, 9.75%, 0, 0, 6, 5.69
1746576441, 0, 1040, 1457, 1430, 28, 9.75%, 0, 0, 6, 5.92
1746576909, 0, 1125, 1457, 1429, 27, 9.75%, 0, 0, 6, 16.73
1746577033, 0, 1125, 1458, 1430, 27, 9.75%, 0, 0, 6, 6.68
1746577141, 0, 1125, 1459, 1431, 27, 9.75%, 0, 0, 6, 6.79
1746577275, 0, 1125, 1460, 1432, 27, 9.75%, 0, 0, 6, 8.19
1746577625, 0, 1125, 1461, 1433, 27, 9.75%, 0, 0, 6, 5.84
1746578113, 0, 1125, 1462, 1434, 27, 9.75%, 0, 0, 6, 6.06
1746578134, 0, 1125, 1463, 1435, 27, 9.75%, 0, 0, 6, 6.04
1746578139, 0, 1125, 1465, 1437, 27, 9.75%, 0, 0, 6, 6.04
1746578359, 0, 1125, 1466, 1438, 27, 9.75%, 0, 0, 6, 6.81
1746578461, 0, 1125, 1467, 1439, 27, 9.75%, 0, 0, 6, 5.62
1746578585, 0, 1172, 1467, 1438, 26, 9.75%, 0, 0, 6, 19.42
1746578662, 0, 1172, 1468, 1439, 26, 9.75%, 0, 0, 6, 5.57
1746578667, 0, 1172, 1469, 1440, 26, 9.75%, 0, 0, 6, 5.48
1746578775, 0, 1172, 1470, 1441, 26, 9.75%, 0, 0, 6, 6.88
1746578806, 0, 1172, 1471, 1442, 26, 9.75%, 0, 0, 6, 6.11
1746578811, 0, 1172, 1472, 1443, 26, 9.75%, 0, 0, 6, 5.74
1746578816, 0, 1172, 1474, 1445, 26, 9.75%, 0, 0, 6, 5.09
1746578821, 0, 1172, 1475, 1446, 26, 9.75%, 0, 0, 6, 5.09
1746578831, 0, 1172, 1476, 1447, 26, 9.75%, 0, 0, 6, 8.32
1746579283, 0, 1172, 1477, 1448, 26, 9.75%, 0, 0, 6, 5.81
1746579294, 0, 1172, 1479, 1450, 26, 9.89%, 0, 0, 6, 5.63
1746579299, 0, 1172, 1480, 1451, 26, 9.89%, 0, 0, 6, 5.72
1746579330, 0, 1172, 1481, 1452, 26, 9.89%, 0, 0, 6, 5.40
1746579613, 0, 1172, 1482, 1453, 26, 10.07%, 0, 0, 6, 5.44
1746579726, 0, 1172, 1484, 1455, 26, 10.07%, 0, 0, 6, 5.79
1746579890, 0, 1172, 1485, 1456, 26, 10.07%, 0, 0, 6, 5.88
1746580178, 0, 1172, 1486, 1457, 26, 10.07%, 0, 0, 6, 5.81
1746580261, 0, 1172, 1487, 1458, 26, 10.07%, 0, 0, 6, 5.50
1746580266, 0, 1172, 1489, 1460, 26, 10.07%, 0, 0, 6, 5.14
1746580276, 0, 1172, 1490, 1461, 26, 10.07%, 0, 0, 6, 5.40
1746580302, 0, 1172, 1491, 1462, 26, 10.07%, 0, 0, 6, 5.18
1746580369, 0, 1172, 1492, 1463, 26, 10.07%, 0, 0, 6, 5.82
1746580395, 0, 1172, 1493, 1464, 26, 10.07%, 0, 0, 6, 20.38
1746580425, 0, 1209, 1493, 1463, 26, 10.07%, 0, 0, 6, 15.20
1746580492, 0, 1209, 1494, 1464, 26, 10.07%, 0, 0, 6, 4.12
1746580497, 0, 1209, 1495, 1465, 26, 10.07%, 0, 0, 6, 3.86
1746580502, 0, 1209, 1496, 1466, 26, 10.07%, 0, 0, 6, 3.88
1746580507, 0, 1209, 1497, 1467, 26, 10.09%, 0, 0, 6, 3.83
1746580512, 0, 1209, 1498, 1468, 26, 10.09%, 0, 0, 6, 3.69
1746580518, 0, 1209, 1500, 1470, 26, 10.09%, 0, 0, 6, 3.78
1746580523, 0, 1209, 1501, 1471, 26, 10.09%, 0, 0, 6, 3.81
1746580528, 0, 1209, 1502, 1472, 26, 10.09%, 0, 0, 6, 3.80
1746580625, 0, 1209, 1503, 1473, 26, 10.09%, 0, 0, 6, 3.69
1746580692, 0, 1209, 1504, 1474, 26, 10.09%, 0, 0, 6, 4.03
1746580738, 0, 1209, 1505, 1475, 26, 10.09%, 0, 0, 6, 3.92
1746580748, 0, 1209, 1507, 1477, 26, 10.09%, 0, 0, 6, 6.42
1746580753, 0, 1209, 1508, 1478, 26, 10.09%, 0, 0, 6, 4.50
1746581030, 0, 1209, 1509, 1479, 26, 10.09%, 0, 0, 6, 4.37
1746581204, 0, 1209, 1510, 1480, 26, 10.09%, 0, 0, 6, 3.93
1746581220, 0, 1209, 1511, 1481, 26, 10.09%, 0, 0, 6, 3.79
1746581250, 0, 1209, 1513, 1483, 26, 10.09%, 0, 0, 6, 3.79
1746581255, 0, 1209, 1515, 1485, 26, 10.10%, 0, 0, 6, 3.77
1746581270, 0, 1209, 1516, 1486, 26, 10.10%, 0, 0, 6, 3.82
1746581855, 0, 1209, 1517, 1487, 26, 10.10%, 0, 0, 6, 6.05
1746581922, 0, 1209, 1518, 1488, 26, 10.10%, 0, 0, 6, 5.39
1746582071, 0, 1209, 1519, 1489, 26, 10.10%, 0, 0, 6, 4.26
1746582107, 0, 1209, 1521, 1491, 26, 10.10%, 0, 0, 6, 3.91
1746582127, 0, 1209, 1522, 1492, 26, 10.10%, 0, 0, 6, 3.86
1746582179, 0, 1209, 1523, 1493, 26, 10.10%, 0, 0, 6, 3.85
1746582287, 0, 1253, 1523, 1492, 28, 10.10%, 0, 0, 6, 21.17
1746582307, 0, 1253, 1524, 1493, 28, 10.10%, 0, 0, 6, 8.62
1746582363, 0, 1253, 1525, 1494, 28, 10.10%, 0, 0, 6, 38.75
1746582394, 0, 1253, 1526, 1495, 28, 10.10%, 0, 0, 6, 8.05
1746582446, 0, 1253, 1527, 1496, 28, 10.10%, 0, 0, 6, 14.10
1746582934, 0, 1253, 1528, 1497, 28, 10.10%, 0, 0, 6, 6.03
1746583037, 0, 1253, 1530, 1499, 28, 10.10%, 0, 0, 6, 6.25
1746583042, 0, 1253, 1534, 1503, 28, 10.10%, 0, 0, 6, 6.28
1746583853, 0, 1253, 1535, 1504, 28, 10.10%, 0, 0, 6, 6.65
1746583879, 0, 1253, 1536, 1505, 28, 10.10%, 0, 0, 6, 6.35
1746583889, 0, 1253, 1537, 1506, 28, 10.10%, 0, 0, 6, 5.55
1746583987, 0, 1253, 1538, 1507, 28, 10.10%, 0, 0, 6, 6.92
1746584054, 0, 1269, 1538, 1506, 28, 10.10%, 0, 0, 6, 17.98
1746584065, 0, 1269, 1539, 1507, 28, 10.10%, 0, 0, 6, 10.16
1746584075, 0, 1269, 1540, 1508, 28, 10.10%, 0, 0, 6, 8.73
1746584141, 0, 1269, 1541, 1509, 28, 10.10%, 0, 0, 6, 9.39
1746584187, 0, 1269, 1542, 1510, 28, 10.10%, 0, 0, 6, 23.97
1746584300, 0, 1269, 1543, 1511, 28, 10.10%, 0, 0, 6, 8.37
1746584669, 0, 1269, 1544, 1512, 28, 10.10%, 0, 0, 6, 8.50
1746584823, 0, 1269, 1545, 1513, 28, 10.10%, 0, 0, 6, 7.86
1746584849, 0, 1269, 1546, 1514, 28, 10.10%, 0, 0, 6, 8.77
1746584911, 0, 1269, 1547, 1515, 28, 10.10%, 0, 0, 6, 23.84
1746584977, 0, 1297, 1547, 1514, 28, 10.10%, 0, 0, 6, 22.98
1746585034, 0, 1297, 1548, 1515, 28, 10.10%, 0, 0, 6, 4.10
1746585039, 0, 1297, 1549, 1516, 28, 10.10%, 0, 0, 6, 3.92
1746585106, 0, 1297, 1550, 1517, 28, 10.10%, 0, 0, 6, 4.02
1746585116, 0, 1297, 1551, 1518, 28, 10.10%, 0, 0, 6, 19.66
1746585599, 0, 1297, 1552, 1519, 28, 10.10%, 0, 0, 6, 3.78
1746585758, 0, 1297, 1553, 1520, 28, 10.10%, 0, 0, 6, 4.26
1746586246, 0, 1297, 1554, 1521, 28, 10.10%, 0, 0, 6, 4.38
1746586348, 0, 1307, 1554, 1520, 28, 10.10%, 0, 0, 6, 18.68
1746586390, 0, 1307, 1555, 1521, 28, 10.10%, 0, 0, 6, 7.41
1746586395, 0, 1307, 1556, 1522, 28, 10.10%, 0, 0, 6, 7.26
1746586482, 0, 1307, 1557, 1523, 28, 10.10%, 0, 0, 6, 7.29
1746586735, 0, 1307, 1558, 1524, 28, 10.10%, 0, 0, 6, 7.17
1746586766, 0, 1307, 1559, 1525, 28, 10.10%, 0, 0, 6, 7.48
1746587119, 0, 1307, 1560, 1526, 28, 10.10%, 0, 0, 6, 7.28
1746587335, 0, 1307, 1561, 1527, 28, 10.10%, 0, 0, 6, 7.50
1746587345, 0, 1307, 1562, 1528, 28, 10.10%, 0, 0, 6, 6.97
1746587391, 0, 1307, 1563, 1529, 28, 10.10%, 0, 0, 6, 7.22
1746587442, 0, 1334, 1563, 1528, 28, 10.10%, 0, 0, 6, 26.03
1746587642, 0, 1336, 1563, 1527, 27, 10.10%, 0, 0, 6, 25.40
1746587847, 0, 1337, 1563, 1526, 26, 10.10%, 0, 0, 6, 33.92
1746587914, 0, 1337, 1564, 1527, 26, 10.10%, 0, 0, 7, 15.06
1746587944, 0, 1337, 1566, 1529, 26, 10.10%, 0, 0, 7, 16.75
1746587990, 0, 1337, 1567, 1530, 26, 10.10%, 0, 0, 7, 20.08
1746588103, 0, 1344, 1567, 1529, 25, 10.10%, 0, 0, 7, 36.57
1746588149, 0, 1344, 1568, 1530, 25, 10.10%, 0, 0, 7, 7.54
1746588252, 0, 1344, 1569, 1531, 25, 10.10%, 0, 0, 7, 7.90
1746588524, 0, 1344, 1570, 1532, 25, 10.10%, 0, 0, 7, 7.59
1746589288, 0, 1353, 1570, 1531, 25, 10.10%, 0, 0, 7, 8.24
1746589304, 0, 1353, 1571, 1532, 25, 10.10%, 0, 0, 7, 10.37
1746589371, 0, 1353, 1572, 1533, 25, 10.10%, 0, 0, 7, 5.98
1746589525, 0, 1353, 1573, 1534, 25, 10.10%, 0, 0, 7, 5.87
1746590050, 0, 1353, 1574, 1535, 25, 10.10%, 0, 0, 7, 6.09
1746590255, 0, 1353, 1575, 1536, 25, 10.10%, 0, 0, 7, 7.05
1746591097, 0, 1353, 1576, 1537, 25, 10.10%, 0, 0, 7, 16.46
1746591159, 0, 1354, 1576, 1536, 26, 10.10%, 0, 0, 7, 14.44
1746591236, 0, 1354, 1577, 1537, 26, 10.10%, 0, 0, 7, 6.11
1746591313, 0, 1354, 1578, 1538, 26, 10.10%, 0, 0, 7, 6.09
1746591318, 0, 1354, 1579, 1539, 26, 10.10%, 0, 0, 7, 47.11
1746591390, 0, 1354, 1580, 1540, 26, 10.10%, 0, 0, 7, 6.14
1746591910, 0, 1354, 1583, 1543, 26, 10.10%, 0, 0, 7, 6.15
1746591915, 0, 1354, 1585, 1545, 26, 10.10%, 0, 0, 7, 6.10
1746592455, 0, 1354, 1586, 1546, 26, 10.10%, 0, 0, 7, 6.08
1746592979, 0, 1387, 1586, 1545, 25, 10.10%, 0, 0, 7, 15.87
1746593051, 0, 1387, 1587, 1546, 25, 10.10%, 0, 0, 7, 6.62
1746593123, 0, 1387, 1588, 1547, 25, 10.10%, 0, 0, 7, 6.51
1746593128, 0, 1387, 1589, 1548, 25, 10.10%, 0, 0, 7, 6.52
1746593200, 0, 1387, 1590, 1549, 25, 10.10%, 0, 0, 7, 6.34
1746593476, 0, 1387, 1591, 1550, 25, 10.10%, 0, 0, 7, 7.99
1746593703, 0, 1387, 1592, 1551, 25, 10.10%, 0, 0, 7, 6.63
1746593708, 0, 1387, 1595, 1554, 25, 10.10%, 0, 0, 7, 6.65
1746593713, 0, 1387, 1598, 1557, 25, 10.10%, 0, 0, 7, 6.68
1746594090, 0, 1387, 1599, 1558, 25, 10.10%, 0, 0, 7, 45.92
1746594790, 0, 1403, 1599, 1557, 25, 10.10%, 0, 0, 7, 21.33
1746595446, 0, 1403, 1600, 1558, 25, 10.10%, 0, 0, 7, 5.10
1746595887, 0, 1403, 1601, 1559, 25, 10.10%, 0, 0, 7, 5.01
1746595892, 0, 1403, 1602, 1560, 25, 10.10%, 0, 0, 7, 5.03
1746596350, 0, 1434, 1602, 1559, 25, 10.10%, 0, 0, 7, 17.77
1746596432, 0, 1434, 1603, 1560, 25, 10.10%, 0, 0, 7, 6.18
1746596612, 0, 1434, 1604, 1561, 25, 10.10%, 0, 0, 7, 6.50
1746597934, 0, 1434, 1605, 1562, 25, 10.10%, 0, 0, 7, 7.73
1746598208, 0, 1463, 1605, 1561, 25, 10.10%, 0, 0, 7, 14.78
1746598213, 0, 1463, 1606, 1562, 25, 10.10%, 0, 0, 7, 12.17
1746598228, 0, 1463, 1607, 1563, 25, 10.10%, 0, 0, 7, 7.96
1746598285, 0, 1463, 1609, 1565, 25, 10.10%, 0, 0, 7, 6.00
1746598290, 0, 1463, 1610, 1566, 25, 10.10%, 0, 0, 7, 8.60
1746598358, 0, 1463, 1611, 1567, 25, 10.10%, 0, 0, 7, 5.99
1746598363, 0, 1463, 1613, 1569, 25, 10.10%, 0, 0, 7, 47.62
1746598430, 0, 1463, 1614, 1570, 25, 10.10%, 0, 0, 7, 5.98
1746598435, 0, 1463, 1616, 1572, 25, 10.10%, 0, 0, 7, 5.83
1746598955, 0, 1463, 1617, 1573, 25, 10.10%, 0, 0, 7, 50.26
1746599269, 0, 1463, 1618, 1574, 25, 10.10%, 0, 0, 7, 6.27
1746599767, 0, 1463, 1619, 1575, 25, 10.10%, 0, 0, 7, 6.18
1746599941, 0, 1463, 1620, 1576, 25, 10.10%, 0, 0, 7, 23.48
1746599998, 0, 1471, 1620, 1575, 27, 10.10%, 0, 0, 7, 17.56
1746600122, 0, 1471, 1621, 1576, 27, 10.10%, 0, 0, 7, 6.80
1746601641, 0, 1473, 1621, 1575, 26, 10.10%, 0, 0, 7, 16.65
1746601729, 0, 1473, 1622, 1576, 26, 10.10%, 0, 0, 7, 7.82
1746601806, 0, 1473, 1623, 1577, 26, 10.10%, 0, 0, 7, 48.23
1746601836, 0, 1473, 1624, 1578, 26, 10.10%, 0, 0, 7, 6.41
1746601872, 0, 1473, 1625, 1579, 26, 10.10%, 0, 0, 7, 5.28
