# unix_time, cycles_done, cur_path, paths_total, pending_total, pending_favs, map_size, unique_crashes, unique_hangs, max_depth, execs_per_sec
1746785259, 0, 0, 1, 1, 1, 3.78%, 0, 0, 1, 65.57
1746785264, 0, 0, 25, 25, 1, 5.35%, 0, 0, 2, 72.00
1746785269, 0, 0, 46, 46, 1, 5.45%, 0, 0, 2, 70.02
1746785274, 0, 0, 60, 60, 1, 5.47%, 0, 0, 2, 71.38
1746785279, 0, 0, 71, 71, 1, 5.67%, 0, 0, 2, 71.30
1746785284, 0, 0, 84, 84, 1, 5.68%, 0, 0, 2, 70.72
1746785289, 0, 0, 95, 95, 1, 5.68%, 0, 0, 2, 69.05
1746785295, 0, 0, 107, 107, 1, 5.68%, 0, 0, 2, 72.77
1746785300, 0, 0, 120, 120, 1, 5.68%, 0, 0, 2, 72.16
1746785305, 0, 0, 133, 133, 1, 5.70%, 0, 0, 2, 70.60
1746785310, 0, 0, 139, 139, 1, 5.70%, 0, 0, 2, 75.36
1746785315, 0, 0, 146, 146, 1, 5.71%, 0, 0, 2, 74.35
1746785320, 0, 0, 151, 151, 1, 5.77%, 0, 0, 2, 76.98
1746785325, 0, 0, 157, 157, 1, 5.77%, 0, 0, 2, 76.20
1746785331, 0, 0, 165, 165, 1, 5.78%, 0, 0, 2, 73.11
1746785336, 0, 0, 169, 169, 1, 5.78%, 0, 0, 2, 77.73
1746785341, 0, 0, 175, 175, 1, 5.78%, 0, 0, 2, 73.60
1746785346, 0, 0, 179, 179, 1, 5.78%, 0, 0, 2, 67.67
1746785351, 0, 0, 184, 184, 1, 5.78%, 0, 0, 2, 65.12
1746785356, 0, 0, 187, 187, 1, 5.78%, 0, 0, 2, 67.54
1746785361, 0, 0, 188, 188, 1, 5.78%, 0, 0, 2, 69.16
1746785367, 0, 0, 192, 192, 1, 5.78%, 0, 0, 2, 66.90
1746785372, 0, 0, 196, 196, 1, 5.78%, 0, 0, 2, 67.22
1746785377, 0, 0, 199, 199, 1, 5.78%, 0, 0, 2, 68.08
1746785382, 0, 0, 202, 202, 1, 5.78%, 0, 0, 2, 67.16
1746785387, 0, 0, 209, 209, 1, 5.78%, 0, 0, 2, 60.12
1746785392, 0, 0, 213, 213, 1, 5.78%, 0, 0, 2, 65.05
1746785397, 0, 0, 215, 215, 1, 5.78%, 0, 0, 2, 67.76
1746785403, 0, 0, 219, 219, 1, 5.78%, 0, 0, 2, 65.46
1746785408, 0, 0, 221, 221, 1, 5.78%, 0, 0, 2, 67.32
1746785413, 0, 0, 222, 222, 1, 5.78%, 0, 0, 2, 67.58
1746785418, 0, 0, 224, 224, 1, 5.78%, 0, 0, 2, 68.03
1746785433, 0, 0, 229, 229, 1, 5.78%, 0, 0, 2, 66.50
1746785439, 0, 0, 232, 232, 1, 5.79%, 0, 0, 2, 67.36
1746785444, 0, 0, 234, 234, 1, 5.79%, 0, 0, 2, 66.98
1746785449, 0, 0, 237, 237, 1, 5.79%, 0, 0, 2, 66.36
1746785454, 0, 0, 240, 240, 1, 5.79%, 0, 0, 2, 64.58
1746785459, 0, 0, 243, 243, 1, 5.79%, 0, 0, 2, 64.70
1746785464, 0, 0, 245, 245, 1, 5.79%, 0, 0, 2, 66.67
1746785470, 0, 0, 247, 247, 1, 5.79%, 0, 0, 2, 66.06
1746785475, 0, 0, 251, 251, 1, 5.79%, 0, 0, 2, 63.26
1746785480, 0, 0, 254, 254, 1, 5.79%, 0, 0, 2, 66.87
1746785485, 0, 0, 255, 255, 1, 5.79%, 0, 0, 2, 68.88
1746785490, 0, 0, 257, 257, 1, 5.79%, 0, 0, 2, 67.76
1746785495, 0, 0, 260, 260, 1, 5.79%, 0, 0, 2, 67.30
1746785506, 0, 0, 262, 262, 1, 5.79%, 0, 0, 2, 68.18
1746785511, 0, 0, 264, 264, 1, 5.79%, 0, 0, 2, 66.32
1746785526, 0, 0, 265, 265, 1, 5.80%, 0, 0, 2, 68.38
1746785531, 0, 1, 266, 265, 16, 5.80%, 0, 0, 3, 68.16
1746785547, 0, 34, 266, 264, 15, 5.80%, 0, 0, 3, 43.39
1746785557, 0, 34, 268, 266, 15, 5.80%, 0, 0, 3, 28.74
1746785562, 0, 34, 270, 268, 15, 5.80%, 0, 0, 3, 28.22
1746785578, 0, 34, 273, 271, 15, 5.80%, 0, 0, 3, 28.10
1746785583, 0, 34, 274, 272, 15, 5.80%, 0, 0, 3, 28.06
1746785588, 0, 34, 276, 274, 15, 5.80%, 0, 0, 3, 28.05
1746785655, 0, 34, 277, 275, 15, 5.80%, 0, 0, 3, 28.12
1746785660, 0, 34, 279, 277, 15, 5.80%, 0, 0, 3, 28.12
1746785665, 0, 34, 280, 278, 15, 5.80%, 0, 0, 3, 28.12
1746785696, 0, 34, 281, 279, 15, 5.81%, 0, 0, 3, 28.03
1746785701, 0, 34, 287, 285, 15, 5.81%, 0, 0, 3, 28.03
1746785706, 0, 34, 290, 288, 15, 5.81%, 0, 0, 3, 28.03
1746785711, 0, 34, 297, 295, 15, 5.82%, 0, 0, 3, 28.05
1746785850, 0, 34, 298, 296, 15, 5.82%, 0, 0, 3, 28.07
1746786229, 0, 34, 299, 297, 15, 5.82%, 0, 0, 3, 28.15
1746786234, 0, 34, 300, 298, 15, 5.82%, 0, 0, 3, 28.09
1746786506, 0, 34, 301, 299, 15, 5.82%, 0, 0, 3, 28.15
1746786562, 0, 34, 302, 300, 15, 5.82%, 0, 0, 3, 28.11
1746786675, 0, 34, 305, 303, 15, 5.82%, 0, 0, 3, 28.51
1746786680, 0, 34, 321, 319, 15, 5.82%, 0, 0, 3, 29.52
1746786686, 0, 34, 336, 334, 15, 5.82%, 0, 0, 3, 31.41
1746786691, 0, 34, 349, 347, 15, 5.82%, 0, 0, 3, 30.12
1746786696, 0, 34, 363, 361, 15, 5.82%, 0, 0, 3, 31.24
1746786701, 0, 34, 374, 372, 15, 5.82%, 0, 0, 3, 28.83
1746786706, 0, 34, 385, 383, 15, 5.82%, 0, 0, 3, 30.45
1746786711, 0, 34, 394, 392, 15, 5.82%, 0, 0, 3, 28.84
1746786716, 0, 34, 405, 403, 15, 5.82%, 0, 0, 3, 29.63
1746786721, 0, 34, 413, 411, 15, 5.82%, 0, 0, 3, 30.13
1746786727, 0, 34, 421, 419, 15, 5.86%, 0, 0, 3, 30.92
1746786732, 0, 34, 427, 425, 15, 5.86%, 0, 0, 3, 31.19
1746786737, 0, 34, 434, 432, 15, 5.86%, 0, 0, 3, 32.02
1746786742, 0, 34, 441, 439, 15, 5.86%, 0, 0, 3, 30.95
1746786747, 0, 34, 448, 446, 15, 5.86%, 0, 0, 3, 29.32
1746786752, 0, 34, 456, 454, 15, 5.86%, 0, 0, 3, 29.34
1746786757, 0, 34, 461, 459, 15, 5.86%, 0, 0, 3, 29.29
1746786763, 0, 34, 468, 466, 15, 5.86%, 0, 0, 3, 28.32
1746786768, 0, 34, 471, 469, 15, 5.86%, 0, 0, 3, 29.68
1746786773, 0, 34, 477, 475, 15, 5.86%, 0, 0, 3, 30.78
1746786778, 0, 34, 482, 480, 15, 5.86%, 0, 0, 3, 31.10
1746786783, 0, 34, 486, 484, 15, 5.86%, 0, 0, 3, 30.04
1746786788, 0, 34, 490, 488, 15, 5.86%, 0, 0, 3, 30.50
1746786793, 0, 34, 499, 497, 15, 5.86%, 0, 0, 3, 28.60
1746786798, 0, 34, 503, 501, 15, 5.86%, 0, 0, 3, 30.23
1746786803, 0, 34, 507, 505, 15, 5.86%, 0, 0, 3, 29.85
1746786808, 0, 34, 512, 510, 15, 5.86%, 0, 0, 3, 29.75
1746786813, 0, 34, 516, 514, 15, 5.86%, 0, 0, 3, 31.60
1746786818, 0, 34, 517, 515, 15, 5.86%, 0, 0, 3, 32.05
1746786824, 0, 34, 519, 517, 15, 5.88%, 0, 0, 3, 32.50
1746786829, 0, 34, 522, 520, 15, 5.88%, 0, 0, 3, 30.76
1746786834, 0, 34, 524, 522, 15, 5.88%, 0, 0, 3, 32.08
1746786839, 0, 34, 529, 527, 15, 5.88%, 0, 0, 3, 30.34
1746786844, 0, 34, 531, 529, 15, 5.88%, 0, 0, 3, 31.19
1746786849, 0, 34, 534, 532, 15, 5.88%, 0, 0, 3, 31.49
1746786854, 0, 34, 536, 534, 15, 5.88%, 0, 0, 3, 30.05
1746786859, 0, 34, 538, 536, 15, 5.88%, 0, 0, 3, 31.75
1746786870, 0, 34, 540, 538, 15, 5.88%, 0, 0, 3, 31.00
1746786875, 0, 34, 542, 540, 15, 5.88%, 0, 0, 3, 31.48
1746786880, 0, 34, 544, 542, 15, 5.88%, 0, 0, 3, 31.24
1746786885, 0, 34, 547, 545, 15, 5.88%, 0, 0, 3, 29.99
1746786890, 0, 34, 550, 548, 15, 5.88%, 0, 0, 3, 30.94
1746786900, 0, 34, 552, 550, 15, 5.88%, 0, 0, 3, 31.37
1746786905, 0, 34, 553, 551, 15, 5.88%, 0, 0, 3, 32.05
1746786910, 0, 34, 554, 552, 15, 5.88%, 0, 0, 3, 32.20
1746786916, 0, 34, 556, 554, 15, 5.88%, 0, 0, 3, 31.94
1746786921, 0, 34, 558, 556, 15, 5.88%, 0, 0, 3, 31.91
1746786941, 0, 34, 559, 557, 15, 5.94%, 0, 0, 3, 30.16
1746786952, 0, 34, 561, 559, 15, 5.94%, 0, 0, 3, 31.89
1746786962, 0, 34, 563, 561, 15, 5.94%, 0, 0, 3, 31.49
1746786967, 0, 34, 564, 562, 15, 5.94%, 0, 0, 3, 31.33
1746786972, 0, 34, 566, 564, 15, 5.94%, 0, 0, 3, 30.74
1746786982, 0, 34, 567, 565, 15, 5.94%, 0, 0, 3, 33.22
1746786987, 0, 34, 568, 566, 15, 5.94%, 0, 0, 3, 31.85
1746786992, 0, 34, 569, 567, 15, 5.96%, 0, 0, 3, 31.35
1746786998, 0, 34, 570, 568, 15, 5.96%, 0, 0, 3, 32.05
1746787003, 0, 34, 572, 570, 15, 5.96%, 0, 0, 3, 30.57
1746787008, 0, 34, 574, 572, 15, 5.96%, 0, 0, 3, 32.30
1746787013, 0, 34, 575, 573, 15, 5.96%, 0, 0, 3, 30.98
1746787023, 0, 34, 577, 575, 15, 5.96%, 0, 0, 3, 31.68
1746787029, 0, 34, 579, 577, 15, 5.96%, 0, 0, 3, 30.42
1746787044, 0, 34, 580, 578, 15, 5.96%, 0, 0, 3, 31.57
1746787049, 0, 34, 581, 579, 15, 5.96%, 0, 0, 3, 31.43
1746787060, 0, 34, 583, 581, 15, 5.96%, 0, 0, 3, 30.71
1746787075, 0, 34, 585, 583, 15, 5.96%, 0, 0, 3, 32.36
1746787090, 0, 34, 588, 586, 15, 5.96%, 0, 0, 3, 30.16
1746787106, 0, 34, 589, 587, 15, 5.96%, 0, 0, 3, 31.85
1746787116, 0, 34, 590, 588, 15, 5.96%, 0, 0, 3, 32.74
1746787121, 0, 34, 592, 590, 15, 5.96%, 0, 0, 3, 30.90
1746787147, 0, 45, 593, 590, 17, 5.96%, 0, 0, 3, 49.20
1746787238, 0, 49, 593, 589, 16, 5.96%, 0, 0, 3, 60.43
1746787321, 0, 49, 594, 590, 16, 5.96%, 0, 0, 3, 62.07
1746787336, 0, 60, 594, 589, 15, 5.96%, 0, 0, 3, 46.48
1746787347, 0, 60, 595, 590, 15, 5.96%, 0, 0, 3, 41.86
1746787554, 0, 60, 596, 591, 15, 5.96%, 0, 0, 3, 41.70
1746787642, 0, 60, 598, 593, 15, 5.96%, 0, 0, 3, 44.08
1746787657, 0, 60, 599, 594, 15, 5.96%, 0, 0, 3, 47.90
1746787672, 0, 60, 600, 595, 15, 5.96%, 0, 0, 3, 48.69
1746787677, 0, 60, 601, 596, 15, 5.96%, 0, 0, 3, 48.47
1746787713, 0, 60, 602, 597, 15, 5.96%, 0, 0, 3, 47.42
1746787754, 0, 60, 603, 598, 15, 5.96%, 0, 0, 3, 48.26
1746787799, 0, 60, 604, 599, 15, 5.96%, 0, 0, 3, 46.06
1746787814, 0, 60, 605, 600, 15, 5.96%, 0, 0, 3, 48.11
1746787835, 0, 60, 606, 601, 15, 5.96%, 0, 0, 3, 46.35
1746787946, 0, 60, 607, 602, 15, 5.96%, 0, 0, 3, 47.13
1746787987, 0, 63, 607, 601, 13, 5.96%, 0, 0, 3, 50.06
1746788147, 0, 117, 607, 600, 13, 5.96%, 0, 0, 3, 53.43
1746788278, 0, 125, 607, 599, 13, 5.96%, 0, 0, 3, 52.04
1746788463, 0, 149, 607, 598, 13, 5.96%, 0, 0, 3, 42.77
1746788833, 0, 152, 607, 597, 12, 5.96%, 0, 0, 3, 46.45
1746789041, 0, 174, 607, 596, 12, 5.96%, 0, 0, 3, 51.38
1746789190, 0, 189, 607, 595, 11, 5.96%, 0, 0, 3, 54.87
1746789307, 0, 206, 607, 594, 11, 5.96%, 0, 0, 3, 55.02
1746789612, 0, 206, 608, 595, 11, 5.96%, 0, 0, 3, 47.47
1746789633, 0, 230, 608, 594, 10, 5.96%, 0, 0, 3, 47.38
1746789825, 0, 254, 608, 593, 10, 5.96%, 0, 0, 3, 53.02
1746789970, 0, 264, 608, 592, 10, 5.96%, 0, 0, 3, 56.80
1746790353, 0, 311, 608, 591, 9, 5.96%, 0, 0, 3, 42.52
1746791913, 0, 311, 609, 592, 9, 5.96%, 0, 0, 4, 26.53
1746791919, 0, 311, 611, 594, 9, 5.96%, 0, 0, 4, 27.39
1746791924, 0, 311, 612, 595, 9, 5.96%, 0, 0, 4, 27.84
1746791929, 0, 311, 615, 598, 9, 5.96%, 0, 0, 4, 24.40
1746791939, 0, 311, 617, 600, 9, 5.96%, 0, 0, 4, 26.89
1746791944, 0, 311, 618, 601, 9, 5.96%, 0, 0, 4, 27.58
1746791959, 0, 311, 620, 603, 9, 6.03%, 0, 0, 4, 26.92
1746791970, 0, 311, 621, 604, 9, 6.03%, 0, 0, 4, 28.07
1746791980, 0, 311, 623, 606, 9, 6.03%, 0, 0, 4, 27.19
1746791990, 0, 311, 624, 607, 9, 6.03%, 0, 0, 4, 27.37
1746791995, 0, 311, 625, 608, 9, 6.03%, 0, 0, 4, 28.31
1746792000, 0, 311, 626, 609, 9, 6.03%, 0, 0, 4, 27.76
1746792011, 0, 311, 627, 610, 9, 6.03%, 0, 0, 4, 28.26
1746792021, 0, 311, 628, 611, 9, 6.03%, 0, 0, 4, 27.85
1746792026, 0, 311, 630, 613, 9, 6.03%, 0, 0, 4, 26.64
1746792041, 0, 311, 632, 615, 9, 6.03%, 0, 0, 4, 27.34
1746792077, 0, 311, 634, 617, 9, 6.03%, 0, 0, 4, 27.02
1746792092, 0, 311, 635, 618, 9, 6.03%, 0, 0, 4, 27.80
1746792102, 0, 311, 636, 619, 9, 6.03%, 0, 0, 4, 27.98
1746792112, 0, 311, 637, 620, 9, 6.04%, 0, 0, 4, 27.98
1746792122, 0, 311, 639, 622, 9, 6.05%, 0, 0, 4, 28.10
1746792143, 0, 311, 640, 623, 9, 6.05%, 0, 0, 4, 27.99
1746792194, 0, 311, 641, 624, 9, 6.08%, 0, 0, 4, 27.80
1746792219, 0, 311, 642, 625, 9, 6.08%, 0, 0, 4, 26.49
1746792224, 0, 311, 643, 626, 9, 6.08%, 0, 0, 4, 27.08
1746792234, 0, 311, 644, 627, 9, 6.08%, 0, 0, 4, 27.61
1746792239, 0, 311, 645, 628, 9, 6.08%, 0, 0, 4, 27.32
1746792316, 0, 311, 646, 629, 9, 6.08%, 0, 0, 4, 28.28
1746792321, 0, 311, 647, 630, 9, 6.08%, 0, 0, 4, 26.89
1746792346, 0, 311, 648, 631, 9, 6.08%, 0, 0, 4, 27.25
1746792367, 0, 407, 648, 630, 12, 6.08%, 0, 0, 4, 26.25
1746793944, 0, 407, 649, 631, 12, 6.08%, 0, 0, 4, 27.33
1746793964, 0, 407, 650, 632, 12, 6.08%, 0, 0, 4, 27.64
1746793969, 0, 407, 652, 634, 12, 6.08%, 0, 0, 4, 27.31
1746793990, 0, 407, 653, 635, 12, 6.08%, 0, 0, 4, 27.23
1746794010, 0, 407, 654, 636, 12, 6.08%, 0, 0, 4, 26.40
1746794015, 0, 407, 655, 637, 12, 6.08%, 0, 0, 4, 27.78
1746794077, 0, 407, 658, 640, 12, 6.08%, 0, 0, 4, 25.68
1746794163, 0, 407, 659, 641, 12, 6.08%, 0, 0, 4, 28.38
1746794179, 0, 407, 660, 642, 12, 6.08%, 0, 0, 4, 28.12
1746794204, 0, 407, 661, 643, 12, 6.08%, 0, 0, 4, 26.83
1746794240, 0, 407, 663, 645, 12, 6.08%, 0, 0, 4, 26.04
1746794280, 0, 407, 664, 646, 12, 6.08%, 0, 0, 4, 27.24
1746794291, 0, 407, 665, 647, 12, 6.09%, 0, 0, 4, 26.82
1746794337, 0, 407, 666, 648, 12, 6.09%, 0, 0, 4, 27.01
1746794347, 0, 407, 667, 649, 12, 6.09%, 0, 0, 4, 27.31
1746794377, 0, 407, 668, 650, 12, 6.09%, 0, 0, 4, 27.60
1746794387, 0, 488, 668, 649, 14, 6.09%, 0, 0, 4, 34.74
1746794811, 0, 537, 668, 648, 13, 6.09%, 0, 0, 4, 28.44
1746796579, 0, 537, 669, 649, 13, 6.09%, 0, 0, 4, 24.90
1746796584, 0, 537, 670, 650, 13, 6.09%, 0, 0, 4, 24.92
1746796594, 0, 537, 671, 651, 13, 6.09%, 0, 0, 4, 25.92
1746796650, 0, 537, 672, 652, 13, 6.10%, 0, 0, 4, 25.57
1746796670, 0, 537, 673, 653, 13, 6.10%, 0, 0, 4, 26.00
1746796706, 0, 537, 674, 654, 13, 6.10%, 0, 0, 4, 25.46
1746796737, 0, 537, 675, 655, 13, 6.10%, 0, 0, 4, 25.79
1746796742, 0, 537, 676, 656, 13, 6.10%, 0, 0, 4, 25.65
1746796758, 0, 537, 677, 657, 13, 6.10%, 0, 0, 4, 25.20
1746796773, 0, 537, 678, 658, 13, 6.10%, 0, 0, 4, 25.28
1746796778, 0, 537, 679, 659, 13, 6.10%, 0, 0, 4, 26.07
1746796788, 0, 537, 680, 660, 13, 6.10%, 0, 0, 4, 25.23
1746796864, 0, 537, 681, 661, 13, 6.10%, 0, 0, 4, 25.87
1746796869, 0, 537, 682, 662, 13, 6.10%, 0, 0, 4, 26.07
1746796910, 0, 537, 683, 663, 13, 6.10%, 0, 0, 4, 25.18
1746796931, 0, 537, 684, 664, 13, 6.10%, 0, 0, 4, 25.54
1746796956, 0, 537, 685, 665, 13, 6.10%, 0, 0, 4, 25.80
1746796967, 0, 537, 686, 666, 13, 6.10%, 0, 0, 4, 25.31
1746796997, 0, 537, 687, 667, 13, 6.10%, 0, 0, 4, 25.94
1746797048, 0, 575, 687, 666, 13, 6.10%, 0, 0, 4, 24.37
1746797079, 0, 575, 688, 667, 13, 6.10%, 0, 0, 4, 23.51
1746798706, 0, 575, 690, 669, 13, 6.10%, 0, 0, 4, 26.32
1746798721, 0, 575, 691, 670, 13, 6.10%, 0, 0, 4, 27.84
1746798731, 0, 575, 692, 671, 13, 6.10%, 0, 0, 4, 26.00
1746798737, 0, 575, 693, 672, 13, 6.10%, 0, 0, 4, 25.07
1746798772, 0, 575, 694, 673, 13, 6.10%, 0, 0, 4, 27.42
1746798783, 0, 575, 695, 674, 13, 6.10%, 0, 0, 4, 26.60
1746798793, 0, 575, 696, 675, 13, 6.10%, 0, 0, 4, 26.61
1746798808, 0, 575, 697, 676, 13, 6.10%, 0, 0, 4, 26.66
1746798813, 0, 575, 698, 677, 13, 6.10%, 0, 0, 4, 26.57
1746798823, 0, 575, 700, 679, 13, 6.10%, 0, 0, 4, 26.41
1746798838, 0, 575, 701, 680, 13, 6.10%, 0, 0, 4, 26.33
1746798889, 0, 575, 702, 681, 13, 6.10%, 0, 0, 4, 26.69
1746798894, 0, 575, 703, 682, 13, 6.10%, 0, 0, 4, 26.86
1746799016, 0, 575, 704, 683, 13, 6.10%, 0, 0, 4, 26.36
1746799021, 0, 575, 705, 684, 13, 6.10%, 0, 0, 4, 27.02
1746799031, 0, 575, 706, 685, 13, 6.10%, 0, 0, 4, 26.35
1746799108, 0, 575, 707, 686, 13, 6.10%, 0, 0, 4, 25.92
1746799119, 0, 575, 708, 687, 13, 6.10%, 0, 0, 4, 27.75
1746799139, 0, 575, 709, 688, 13, 6.10%, 0, 0, 4, 26.27
1746799154, 0, 575, 710, 689, 13, 6.10%, 0, 0, 4, 26.09
1746799282, 0, 575, 711, 690, 13, 6.10%, 0, 0, 4, 26.85
1746799297, 0, 575, 712, 691, 13, 6.10%, 0, 0, 4, 25.77
1746799302, 0, 584, 712, 690, 13, 6.10%, 0, 0, 4, 31.72
1746799961, 0, 594, 712, 689, 12, 6.10%, 0, 0, 4, 41.03
1746800276, 0, 599, 712, 688, 12, 6.10%, 0, 0, 4, 47.31
1746800603, 0, 602, 712, 687, 11, 6.10%, 0, 0, 4, 31.71
1746801069, 0, 637, 712, 686, 10, 6.10%, 0, 0, 4, 23.65
1746802674, 0, 637, 713, 687, 10, 6.10%, 0, 0, 5, 30.44
1746802715, 0, 651, 713, 686, 9, 6.10%, 0, 0, 5, 30.06
1746802750, 0, 651, 714, 687, 9, 6.10%, 0, 0, 5, 24.71
1746802755, 0, 651, 715, 688, 9, 6.10%, 0, 0, 5, 24.70
1746802796, 0, 651, 716, 689, 9, 6.10%, 0, 0, 5, 24.70
1746802852, 0, 651, 717, 690, 9, 6.10%, 0, 0, 5, 24.70
1746804204, 0, 651, 719, 692, 9, 6.10%, 0, 0, 5, 25.43
1746804209, 0, 651, 720, 693, 9, 6.10%, 0, 0, 5, 27.63
1746804240, 0, 651, 721, 694, 9, 6.10%, 0, 0, 5, 29.10
1746804245, 0, 651, 722, 695, 9, 6.10%, 0, 0, 5, 28.92
1746804250, 0, 651, 724, 697, 9, 6.10%, 0, 0, 5, 27.41
1746804275, 0, 651, 725, 698, 9, 6.10%, 0, 0, 5, 28.23
1746804286, 0, 651, 726, 699, 9, 6.10%, 0, 0, 5, 28.79
1746804291, 0, 651, 727, 700, 9, 6.11%, 0, 0, 5, 29.15
1746804311, 0, 651, 728, 701, 9, 6.11%, 0, 0, 5, 28.40
1746804316, 0, 651, 729, 702, 9, 6.11%, 0, 0, 5, 27.87
1746804337, 0, 651, 730, 703, 9, 6.11%, 0, 0, 5, 28.68
1746804373, 0, 651, 731, 704, 9, 6.11%, 0, 0, 5, 28.91
1746804388, 0, 651, 732, 705, 9, 6.11%, 0, 0, 5, 27.80
1746804393, 0, 651, 733, 706, 9, 6.43%, 0, 0, 5, 27.69
1746804413, 0, 651, 735, 708, 9, 6.43%, 0, 0, 5, 28.41
1746804418, 0, 651, 736, 709, 9, 6.43%, 0, 0, 5, 27.51
1746804509, 0, 651, 737, 710, 9, 6.43%, 0, 0, 5, 27.73
1746804520, 0, 651, 738, 711, 9, 6.43%, 0, 0, 5, 28.77
1746804525, 0, 651, 739, 712, 9, 6.43%, 0, 0, 5, 28.28
1746804535, 0, 651, 741, 714, 9, 6.43%, 0, 0, 5, 27.69
1746804570, 0, 651, 742, 715, 9, 6.43%, 0, 0, 5, 28.31
1746804601, 0, 651, 743, 716, 9, 6.43%, 0, 0, 5, 27.97
1746804647, 0, 651, 744, 717, 9, 6.43%, 0, 0, 5, 28.96
1746804662, 0, 651, 745, 718, 9, 6.43%, 0, 0, 5, 28.71
1746804688, 0, 651, 747, 720, 9, 6.44%, 0, 0, 5, 27.74
1746804785, 0, 687, 747, 719, 8, 6.44%, 0, 0, 5, 26.76
1746806346, 0, 687, 748, 720, 8, 6.44%, 0, 0, 5, 27.06
1746806396, 0, 708, 748, 719, 7, 6.44%, 0, 0, 5, 25.56
1746806427, 0, 708, 749, 720, 7, 6.44%, 0, 0, 5, 23.52
1746806437, 0, 708, 750, 721, 7, 6.44%, 0, 0, 5, 23.53
1746808002, 0, 708, 751, 722, 7, 6.44%, 0, 0, 5, 26.79
1746808044, 0, 708, 752, 723, 7, 6.45%, 0, 0, 5, 26.35
1746808069, 0, 708, 753, 724, 7, 6.45%, 0, 0, 5, 27.34
1746808074, 0, 708, 754, 725, 7, 6.45%, 0, 0, 5, 28.39
1746808079, 0, 708, 755, 726, 7, 6.45%, 0, 0, 5, 26.58
1746808115, 0, 708, 756, 727, 7, 6.45%, 0, 0, 5, 28.25
1746808135, 0, 708, 757, 728, 7, 6.45%, 0, 0, 5, 27.19
1746808181, 0, 708, 758, 729, 7, 6.45%, 0, 0, 5, 26.29
1746808191, 0, 708, 759, 730, 7, 6.45%, 0, 0, 5, 26.40
1746808206, 0, 708, 760, 731, 7, 6.45%, 0, 0, 5, 27.27
1746808313, 0, 708, 761, 732, 7, 6.45%, 0, 0, 5, 27.91
1746808323, 0, 708, 762, 733, 7, 6.45%, 0, 0, 5, 27.24
1746808435, 0, 708, 763, 734, 7, 6.45%, 0, 0, 5, 26.74
1746808578, 0, 716, 763, 733, 7, 6.45%, 0, 0, 5, 25.67
1746810094, 0, 732, 763, 732, 6, 6.45%, 0, 0, 5, 27.27
1746810130, 0, 732, 765, 734, 6, 6.45%, 0, 0, 6, 20.70
1746810171, 0, 732, 767, 736, 6, 6.45%, 0, 0, 6, 20.65
1746810181, 0, 732, 768, 737, 6, 6.45%, 0, 0, 6, 20.63
1746810186, 0, 732, 771, 740, 6, 6.45%, 0, 0, 6, 20.63
1746810191, 0, 732, 773, 742, 6, 6.45%, 0, 0, 6, 20.63
1746810395, 0, 732, 774, 743, 6, 6.45%, 0, 0, 6, 21.18
1746810415, 0, 732, 777, 746, 6, 6.49%, 0, 0, 6, 20.74
1746811531, 0, 732, 778, 747, 6, 6.49%, 0, 0, 6, 20.18
1746811782, 0, 732, 779, 748, 6, 6.49%, 0, 0, 6, 20.31
1746812156, 0, 732, 780, 749, 6, 6.49%, 0, 0, 6, 20.48
1746812248, 0, 732, 781, 750, 6, 6.49%, 0, 0, 6, 20.23
1746812284, 0, 732, 782, 751, 6, 6.49%, 0, 0, 6, 22.73
1746812309, 0, 732, 783, 752, 6, 6.49%, 0, 0, 6, 23.82
1746812314, 0, 732, 784, 753, 6, 6.56%, 0, 0, 6, 23.76
1746812325, 0, 732, 786, 755, 6, 6.56%, 0, 0, 6, 23.47
1746812330, 0, 732, 788, 757, 6, 6.56%, 0, 0, 6, 23.12
1746812340, 0, 732, 789, 758, 6, 6.56%, 0, 0, 6, 24.21
1746812360, 0, 732, 790, 759, 6, 6.56%, 0, 0, 6, 23.42
1746812365, 0, 732, 792, 761, 6, 6.56%, 0, 0, 6, 24.09
1746812376, 0, 732, 793, 762, 6, 6.56%, 0, 0, 6, 23.63
1746812396, 0, 732, 794, 763, 6, 6.56%, 0, 0, 6, 24.42
1746812431, 0, 732, 795, 764, 6, 6.56%, 0, 0, 6, 24.46
1746812457, 0, 732, 796, 765, 6, 6.56%, 0, 0, 6, 23.89
1746812462, 0, 732, 797, 766, 6, 6.56%, 0, 0, 6, 23.48
1746812467, 0, 732, 799, 768, 6, 6.56%, 0, 0, 6, 22.31
1746812477, 0, 732, 800, 769, 6, 6.56%, 0, 0, 6, 24.91
1746812493, 0, 732, 801, 770, 6, 6.56%, 0, 0, 6, 24.43
1746812498, 0, 732, 803, 772, 6, 6.56%, 0, 0, 6, 23.86
1746812518, 0, 732, 804, 773, 6, 6.56%, 0, 0, 6, 22.95
1746812523, 0, 732, 805, 774, 6, 6.56%, 0, 0, 6, 23.67
1746812539, 0, 732, 806, 775, 6, 6.56%, 0, 0, 6, 24.10
1746812549, 0, 732, 807, 776, 6, 6.56%, 0, 0, 6, 23.56
1746812554, 0, 732, 808, 777, 6, 6.69%, 0, 0, 6, 22.88
1746812559, 0, 732, 809, 778, 6, 6.69%, 0, 0, 6, 23.57
1746812564, 0, 732, 810, 779, 6, 6.69%, 0, 0, 6, 25.04
1746812600, 0, 732, 811, 780, 6, 6.69%, 0, 0, 6, 24.18
1746812671, 0, 732, 812, 781, 6, 6.69%, 0, 0, 6, 24.27
1746812676, 0, 732, 813, 782, 6, 6.69%, 0, 0, 6, 23.89
1746812692, 0, 732, 814, 783, 6, 6.69%, 0, 0, 6, 24.23
1746812697, 0, 732, 815, 784, 6, 6.69%, 0, 0, 6, 23.30
1746812788, 0, 732, 816, 785, 6, 6.69%, 0, 0, 6, 24.38
1746812799, 0, 748, 817, 785, 8, 6.69%, 0, 0, 6, 24.17
1746814344, 0, 748, 818, 786, 8, 6.69%, 0, 0, 6, 27.80
1746814395, 0, 793, 818, 785, 7, 6.69%, 0, 0, 6, 22.17
1746817038, 0, 793, 820, 787, 7, 6.73%, 0, 0, 7, 21.86
1746817049, 0, 793, 821, 788, 7, 6.73%, 0, 0, 7, 22.96
1746817054, 0, 793, 822, 789, 7, 6.73%, 0, 0, 7, 22.69
1746817094, 0, 793, 823, 790, 7, 6.73%, 0, 0, 7, 22.26
1746817115, 0, 793, 824, 791, 7, 6.73%, 0, 0, 7, 22.21
1746817125, 0, 793, 825, 792, 7, 6.73%, 0, 0, 7, 22.38
1746817141, 0, 793, 826, 793, 7, 6.73%, 0, 0, 7, 23.18
1746817146, 0, 793, 827, 794, 7, 6.79%, 0, 0, 7, 22.87
1746817161, 0, 793, 828, 795, 7, 6.79%, 0, 0, 7, 22.51
1746817166, 0, 793, 829, 796, 7, 6.79%, 0, 0, 7, 21.99
1746817202, 0, 793, 830, 797, 7, 6.79%, 0, 0, 7, 22.85
1746817233, 0, 793, 831, 798, 7, 6.79%, 0, 0, 7, 22.89
1746817238, 0, 793, 832, 799, 7, 6.79%, 0, 0, 7, 21.91
1746817289, 0, 793, 833, 800, 7, 6.79%, 0, 0, 7, 22.35
1746817294, 0, 793, 834, 801, 7, 6.79%, 0, 0, 7, 22.28
1746817299, 0, 793, 835, 802, 7, 6.79%, 0, 0, 7, 22.62
1746817315, 0, 793, 836, 803, 7, 6.79%, 0, 0, 7, 22.45
1746817371, 0, 793, 837, 804, 7, 6.79%, 0, 0, 7, 22.27
1746817376, 0, 793, 838, 805, 7, 6.79%, 0, 0, 7, 22.81
1746817381, 0, 793, 839, 806, 7, 6.79%, 0, 0, 7, 22.33
1746817422, 0, 793, 840, 807, 7, 6.79%, 0, 0, 7, 22.26
1746817443, 0, 793, 841, 808, 7, 6.79%, 0, 0, 7, 22.86
1746817571, 0, 793, 842, 809, 7, 6.79%, 0, 0, 7, 22.81
1746817576, 0, 801, 842, 808, 8, 6.79%, 0, 0, 7, 22.62
1746820265, 0, 801, 843, 809, 8, 6.79%, 0, 0, 7, 16.13
1746820337, 0, 804, 843, 808, 7, 6.79%, 0, 0, 7, 15.22
1746820474, 0, 804, 845, 810, 7, 6.79%, 0, 0, 7, 13.56
1746820807, 0, 804, 846, 811, 7, 6.79%, 0, 0, 7, 13.53
1746823580, 0, 804, 847, 812, 7, 6.79%, 0, 0, 7, 13.28
1746823585, 0, 804, 848, 813, 7, 6.79%, 0, 0, 7, 13.38
1746823672, 0, 804, 849, 814, 7, 6.79%, 0, 0, 7, 15.51
1746823748, 0, 808, 849, 813, 6, 6.79%, 0, 0, 7, 14.61
1746827802, 0, 815, 849, 812, 5, 6.79%, 0, 0, 7, 14.87
1746827942, 0, 815, 850, 813, 5, 6.79%, 0, 0, 7, 13.27
1746828302, 0, 815, 851, 814, 5, 6.80%, 0, 0, 7, 13.34
