# unix_time, cycles_done, cur_path, paths_total, pending_total, pending_favs, map_size, unique_crashes, unique_hangs, max_depth, execs_per_sec
1746712459, 0, 0, 1, 1, 1, 3.78%, 0, 0, 1, 135.59
1746712464, 0, 0, 43, 43, 1, 4.91%, 0, 0, 2, 142.79
1746712469, 0, 0, 68, 68, 1, 4.91%, 0, 0, 2, 143.63
1746712474, 0, 0, 87, 87, 1, 4.97%, 0, 0, 2, 141.24
1746712479, 0, 0, 101, 101, 1, 5.02%, 0, 0, 2, 142.23
1746712485, 0, 0, 118, 118, 1, 5.02%, 0, 0, 2, 141.66
1746712490, 0, 0, 132, 132, 1, 5.03%, 0, 0, 2, 143.89
1746712495, 0, 0, 148, 148, 1, 5.03%, 0, 0, 2, 137.49
1746712500, 0, 0, 157, 157, 1, 5.03%, 0, 0, 2, 140.35
1746712505, 0, 0, 168, 168, 1, 5.11%, 0, 0, 2, 137.24
1746712510, 0, 0, 177, 177, 1, 5.14%, 0, 0, 2, 142.10
1746712516, 0, 0, 187, 187, 1, 5.15%, 0, 0, 2, 140.62
1746712521, 0, 0, 193, 193, 1, 5.15%, 0, 0, 2, 145.80
1746712526, 0, 0, 202, 202, 1, 5.15%, 0, 0, 2, 145.21
1746712531, 0, 0, 208, 208, 1, 5.15%, 0, 0, 2, 145.91
1746712536, 0, 0, 215, 215, 1, 5.15%, 0, 0, 2, 145.63
1746712541, 0, 0, 223, 223, 1, 5.15%, 0, 0, 2, 141.94
1746712547, 0, 0, 226, 226, 1, 5.15%, 0, 0, 2, 144.73
1746712552, 0, 0, 228, 228, 1, 5.15%, 0, 0, 2, 148.24
1746712557, 0, 0, 232, 232, 1, 5.15%, 0, 0, 2, 149.05
1746712562, 0, 0, 236, 236, 1, 5.15%, 0, 0, 2, 144.58
1746712567, 0, 0, 239, 239, 1, 5.15%, 0, 0, 2, 144.24
1746712572, 0, 0, 244, 244, 1, 5.15%, 0, 0, 2, 142.04
1746712577, 0, 0, 249, 249, 1, 5.17%, 0, 0, 2, 142.78
1746712583, 0, 0, 253, 253, 1, 5.17%, 0, 0, 2, 142.56
1746712588, 0, 0, 254, 254, 1, 5.17%, 0, 0, 2, 145.14
1746712593, 0, 0, 257, 257, 1, 5.17%, 0, 0, 2, 144.45
1746712598, 0, 0, 261, 261, 1, 5.18%, 0, 0, 2, 143.12
1746712603, 0, 0, 264, 264, 1, 5.18%, 0, 0, 2, 145.43
1746712608, 0, 0, 268, 268, 1, 5.18%, 0, 0, 2, 145.35
1746712613, 0, 0, 270, 270, 1, 5.18%, 0, 0, 2, 149.19
1746712618, 0, 0, 273, 273, 1, 5.18%, 0, 0, 2, 149.25
1746712624, 0, 0, 276, 276, 1, 5.18%, 0, 0, 2, 145.44
1746712629, 0, 0, 278, 278, 1, 5.18%, 0, 0, 2, 144.25
1746712634, 0, 0, 279, 279, 1, 5.19%, 0, 0, 2, 145.61
1746712639, 0, 0, 281, 281, 1, 5.19%, 0, 0, 2, 145.96
1746712644, 0, 0, 283, 283, 1, 5.19%, 0, 0, 2, 148.30
1746712649, 0, 0, 286, 286, 1, 5.19%, 0, 0, 2, 146.81
1746712660, 0, 0, 288, 288, 1, 5.19%, 0, 0, 2, 145.83
1746712665, 0, 0, 290, 290, 1, 5.19%, 0, 0, 2, 150.38
1746712675, 0, 0, 291, 291, 1, 5.19%, 0, 0, 2, 149.00
1746712680, 0, 0, 294, 294, 1, 5.19%, 0, 0, 2, 147.25
1746712685, 0, 0, 295, 295, 1, 5.19%, 0, 0, 2, 150.31
1746712691, 0, 0, 297, 297, 1, 5.19%, 0, 0, 2, 148.64
1746712696, 0, 0, 299, 299, 1, 5.19%, 0, 0, 2, 149.65
1746712706, 0, 1, 300, 299, 11, 5.19%, 0, 0, 3, 149.06
1746712716, 0, 1, 301, 300, 11, 5.19%, 0, 0, 3, 144.84
1746712727, 0, 1, 302, 301, 11, 5.19%, 0, 0, 3, 152.03
1746712732, 0, 1, 304, 303, 11, 5.19%, 0, 0, 3, 150.73
1746712747, 0, 1, 306, 305, 11, 5.19%, 0, 0, 3, 148.69
1746712762, 0, 1, 307, 306, 11, 5.19%, 0, 0, 3, 147.32
1746712767, 0, 1, 308, 307, 11, 5.19%, 0, 0, 3, 146.19
1746712783, 0, 1, 309, 308, 11, 5.19%, 0, 0, 3, 150.03
1746712788, 0, 1, 312, 311, 11, 5.19%, 0, 0, 3, 148.02
1746712808, 0, 1, 313, 312, 11, 5.19%, 0, 0, 3, 148.71
1746712813, 0, 1, 314, 313, 11, 5.19%, 0, 0, 3, 147.56
1746712824, 0, 1, 315, 314, 11, 5.19%, 0, 0, 3, 145.98
1746712829, 0, 1, 317, 316, 11, 5.19%, 0, 0, 3, 144.25
1746712839, 0, 1, 318, 317, 11, 5.19%, 0, 0, 3, 145.59
1746712844, 0, 1, 319, 318, 11, 5.19%, 0, 0, 3, 145.99
1746712870, 0, 1, 320, 319, 11, 5.19%, 0, 0, 3, 149.96
1746712875, 0, 1, 321, 320, 11, 5.19%, 0, 0, 3, 151.41
1746712880, 0, 1, 322, 321, 11, 5.19%, 0, 0, 3, 151.29
1746712885, 0, 1, 323, 322, 11, 5.19%, 0, 0, 3, 150.27
1746712890, 0, 1, 324, 323, 11, 5.19%, 0, 0, 3, 151.60
1746712895, 0, 1, 325, 324, 11, 5.19%, 0, 0, 3, 152.75
1746712900, 0, 1, 326, 325, 11, 5.19%, 0, 0, 3, 148.88
1746712910, 0, 1, 328, 327, 11, 5.19%, 0, 0, 3, 149.42
1746712915, 0, 1, 329, 328, 11, 5.19%, 0, 0, 3, 150.50
1746712920, 0, 1, 330, 329, 11, 5.19%, 0, 0, 3, 148.56
1746712925, 0, 204, 330, 328, 10, 5.19%, 0, 0, 3, 116.83
1746713038, 0, 204, 337, 335, 10, 5.19%, 0, 0, 3, 96.10
1746713043, 0, 204, 341, 339, 10, 5.28%, 0, 0, 3, 100.93
1746713049, 0, 204, 346, 344, 10, 5.28%, 0, 0, 3, 104.42
1746713054, 0, 204, 354, 352, 10, 5.29%, 0, 0, 3, 102.65
1746713059, 0, 204, 359, 357, 10, 5.29%, 0, 0, 3, 102.99
1746713064, 0, 204, 360, 358, 10, 5.29%, 0, 0, 3, 104.95
1746713069, 0, 204, 361, 359, 10, 5.29%, 0, 0, 3, 105.91
1746713074, 0, 204, 363, 361, 10, 5.29%, 0, 0, 3, 105.08
1746713079, 0, 204, 366, 364, 10, 5.29%, 0, 0, 3, 104.16
1746713084, 0, 204, 369, 367, 10, 5.29%, 0, 0, 3, 104.29
1746713089, 0, 204, 370, 368, 10, 5.29%, 0, 0, 3, 108.44
1746713094, 0, 204, 372, 370, 10, 5.29%, 0, 0, 3, 110.18
1746713099, 0, 204, 376, 374, 10, 5.30%, 0, 0, 3, 104.60
1746713104, 0, 204, 377, 375, 10, 5.30%, 0, 0, 3, 108.73
1746713109, 0, 204, 383, 381, 10, 5.30%, 0, 0, 3, 105.48
1746713115, 0, 204, 386, 384, 10, 5.30%, 0, 0, 3, 105.65
1746713125, 0, 204, 387, 385, 10, 5.30%, 0, 0, 3, 107.68
1746713130, 0, 204, 389, 387, 10, 5.30%, 0, 0, 3, 108.33
1746713135, 0, 204, 390, 388, 10, 5.30%, 0, 0, 3, 107.50
1746713140, 0, 204, 391, 389, 10, 5.30%, 0, 0, 3, 107.49
1746713145, 0, 204, 393, 391, 10, 5.30%, 0, 0, 3, 105.89
1746713150, 0, 204, 394, 392, 10, 5.30%, 0, 0, 3, 108.88
1746713155, 0, 204, 398, 396, 10, 5.30%, 0, 0, 3, 105.31
1746713160, 0, 204, 400, 398, 10, 5.30%, 0, 0, 3, 109.22
1746713165, 0, 204, 404, 402, 10, 5.30%, 0, 0, 3, 104.57
1746713170, 0, 204, 407, 405, 10, 5.30%, 0, 0, 3, 106.16
1746713180, 0, 204, 408, 406, 10, 5.30%, 0, 0, 3, 108.85
1746713185, 0, 204, 409, 407, 10, 5.30%, 0, 0, 3, 107.05
1746713195, 0, 204, 411, 409, 10, 5.30%, 0, 0, 3, 107.27
1746713201, 0, 204, 413, 411, 10, 5.30%, 0, 0, 3, 107.13
1746713206, 0, 204, 416, 414, 10, 5.30%, 0, 0, 3, 108.01
1746713211, 0, 204, 417, 415, 10, 5.30%, 0, 0, 3, 108.91
1746713216, 0, 204, 418, 416, 10, 5.30%, 0, 0, 3, 109.56
1746713221, 0, 204, 420, 418, 10, 5.30%, 0, 0, 3, 107.52
1746713231, 0, 204, 421, 419, 10, 5.30%, 0, 0, 3, 112.04
1746713236, 0, 204, 425, 423, 10, 5.30%, 0, 0, 3, 108.47
1746713267, 0, 204, 426, 424, 10, 5.30%, 0, 0, 3, 108.11
1746713272, 0, 204, 428, 426, 10, 5.30%, 0, 0, 3, 107.53
1746713277, 0, 204, 429, 427, 10, 5.30%, 0, 0, 3, 106.53
1746713287, 0, 204, 430, 428, 10, 5.30%, 0, 0, 3, 107.67
1746713292, 0, 204, 432, 430, 10, 5.30%, 0, 0, 3, 106.67
1746713307, 0, 204, 434, 432, 10, 5.30%, 0, 0, 3, 107.79
1746713333, 0, 204, 435, 433, 10, 5.30%, 0, 0, 3, 108.21
1746713338, 0, 204, 436, 434, 10, 5.30%, 0, 0, 3, 105.26
1746713348, 0, 204, 437, 435, 10, 5.30%, 0, 0, 3, 105.66
1746713353, 0, 278, 438, 435, 9, 5.30%, 0, 0, 3, 74.36
1746713358, 0, 278, 448, 445, 9, 5.30%, 0, 0, 3, 59.89
1746713363, 0, 278, 455, 452, 9, 5.60%, 0, 0, 3, 56.68
1746713389, 0, 278, 456, 453, 9, 5.60%, 0, 0, 3, 56.99
1746713414, 0, 278, 460, 457, 9, 5.60%, 0, 0, 3, 56.82
1746713440, 0, 278, 464, 461, 9, 5.60%, 0, 0, 3, 56.37
1746713445, 0, 278, 466, 463, 9, 5.60%, 0, 0, 3, 56.83
1746713685, 0, 278, 467, 464, 9, 5.60%, 0, 0, 3, 55.89
1746713819, 0, 278, 468, 465, 9, 5.60%, 0, 0, 3, 55.94
1746713829, 0, 278, 469, 466, 9, 5.60%, 0, 0, 3, 56.56
1746713834, 0, 278, 470, 467, 9, 5.60%, 0, 0, 3, 56.58
1746713839, 0, 278, 471, 468, 9, 5.60%, 0, 0, 3, 56.37
1746713844, 0, 278, 472, 469, 9, 5.60%, 0, 0, 3, 56.31
1746713942, 0, 278, 490, 487, 9, 5.60%, 0, 0, 3, 56.81
1746713947, 0, 278, 508, 505, 9, 5.62%, 0, 0, 3, 58.02
1746713952, 0, 278, 524, 521, 9, 5.62%, 0, 0, 3, 58.96
1746713957, 0, 278, 534, 531, 9, 5.62%, 0, 0, 3, 59.42
1746713962, 0, 278, 539, 536, 9, 5.62%, 0, 0, 3, 61.95
1746713967, 0, 278, 549, 546, 9, 5.62%, 0, 0, 3, 62.29
1746713972, 0, 278, 556, 553, 9, 5.62%, 0, 0, 3, 61.25
1746713978, 0, 278, 560, 557, 9, 5.62%, 0, 0, 3, 62.99
1746713983, 0, 278, 569, 566, 9, 5.62%, 0, 0, 3, 61.55
1746713988, 0, 278, 577, 574, 9, 5.62%, 0, 0, 3, 61.32
1746713993, 0, 278, 580, 577, 9, 5.62%, 0, 0, 3, 61.15
1746713998, 0, 278, 583, 580, 9, 5.62%, 0, 0, 3, 61.92
1746714003, 0, 278, 588, 585, 9, 5.62%, 0, 0, 3, 60.04
1746714008, 0, 278, 591, 588, 9, 5.62%, 0, 0, 3, 61.87
1746714013, 0, 278, 597, 594, 9, 5.62%, 0, 0, 3, 61.35
1746714018, 0, 278, 600, 597, 9, 5.62%, 0, 0, 3, 62.11
1746714023, 0, 278, 601, 598, 9, 5.62%, 0, 0, 3, 63.62
1746714029, 0, 278, 603, 600, 9, 5.62%, 0, 0, 3, 63.21
1746714039, 0, 278, 606, 603, 9, 5.62%, 0, 0, 3, 62.34
1746714044, 0, 278, 608, 605, 9, 5.68%, 0, 0, 3, 61.68
1746714049, 0, 278, 609, 606, 9, 5.68%, 0, 0, 3, 63.14
1746714054, 0, 278, 612, 609, 9, 5.68%, 0, 0, 3, 63.20
1746714059, 0, 278, 615, 612, 9, 5.68%, 0, 0, 3, 62.66
1746714065, 0, 278, 618, 615, 9, 5.68%, 0, 0, 3, 63.69
1746714070, 0, 278, 619, 616, 9, 5.68%, 0, 0, 3, 64.75
1746714075, 0, 278, 622, 619, 9, 5.68%, 0, 0, 3, 63.47
1746714085, 0, 278, 623, 620, 9, 5.68%, 0, 0, 3, 64.99
1746714090, 0, 278, 625, 622, 9, 5.68%, 0, 0, 3, 63.85
1746714095, 0, 278, 627, 624, 9, 5.68%, 0, 0, 3, 63.57
1746714101, 0, 278, 629, 626, 9, 5.68%, 0, 0, 3, 63.00
1746714106, 0, 278, 630, 627, 9, 5.68%, 0, 0, 3, 64.09
1746714111, 0, 278, 631, 628, 9, 5.68%, 0, 0, 3, 63.96
1746714116, 0, 278, 632, 629, 9, 5.68%, 0, 0, 3, 64.00
1746714121, 0, 278, 634, 631, 9, 5.68%, 0, 0, 3, 63.85
1746714127, 0, 278, 636, 633, 9, 5.68%, 0, 0, 3, 62.73
1746714132, 0, 278, 637, 634, 9, 5.68%, 0, 0, 3, 62.08
1746714137, 0, 278, 639, 636, 9, 5.68%, 0, 0, 3, 63.21
1746714142, 0, 278, 641, 638, 9, 5.68%, 0, 0, 3, 63.19
1746714147, 0, 278, 642, 639, 9, 5.68%, 0, 0, 3, 62.95
1746714163, 0, 278, 643, 640, 9, 5.68%, 0, 0, 3, 62.81
1746714168, 0, 278, 644, 641, 9, 5.68%, 0, 0, 3, 61.77
1746714173, 0, 278, 645, 642, 9, 5.68%, 0, 0, 3, 63.03
1746714183, 0, 278, 646, 643, 9, 5.68%, 0, 0, 3, 63.76
1746714194, 0, 278, 647, 644, 9, 5.68%, 0, 0, 3, 64.36
1746714204, 0, 278, 648, 645, 9, 5.68%, 0, 0, 3, 63.07
1746714209, 0, 278, 651, 648, 9, 5.68%, 0, 0, 3, 62.62
1746714214, 0, 278, 653, 650, 9, 5.68%, 0, 0, 3, 62.45
1746714240, 0, 278, 654, 651, 9, 5.68%, 0, 0, 3, 65.75
1746714245, 0, 278, 656, 653, 9, 5.68%, 0, 0, 3, 63.24
1746714286, 0, 278, 657, 654, 9, 5.68%, 0, 0, 3, 64.65
1746714291, 0, 278, 658, 655, 9, 5.68%, 0, 0, 3, 62.95
1746714296, 0, 278, 659, 656, 9, 5.68%, 0, 0, 3, 63.77
1746714317, 0, 278, 662, 659, 9, 5.69%, 0, 0, 3, 62.95
1746714338, 0, 278, 663, 660, 9, 5.69%, 0, 0, 3, 63.25
1746714353, 0, 285, 663, 659, 13, 5.69%, 0, 0, 3, 82.18
1746714464, 0, 285, 664, 660, 13, 5.69%, 0, 0, 3, 102.94
1746714469, 0, 285, 665, 661, 13, 5.69%, 0, 0, 3, 105.34
1746714495, 0, 285, 666, 662, 13, 5.69%, 0, 0, 3, 106.70
1746714505, 0, 285, 667, 663, 13, 5.69%, 0, 0, 3, 105.32
1746714546, 0, 285, 668, 664, 13, 5.69%, 0, 0, 3, 105.82
1746714596, 0, 285, 669, 665, 13, 5.69%, 0, 0, 3, 105.20
1746714724, 0, 285, 670, 666, 13, 5.69%, 0, 0, 3, 106.16
1746714734, 0, 285, 671, 667, 13, 5.69%, 0, 0, 3, 104.08
1746714739, 0, 285, 672, 668, 13, 5.69%, 0, 0, 3, 103.96
1746714770, 0, 308, 672, 667, 12, 5.69%, 0, 0, 3, 98.85
1746714897, 0, 350, 672, 666, 11, 5.69%, 0, 0, 3, 96.25
1746715219, 0, 369, 672, 665, 10, 5.69%, 0, 0, 3, 84.51
1746715366, 0, 382, 672, 664, 9, 5.69%, 0, 0, 3, 98.28
1746715504, 0, 417, 672, 663, 8, 5.69%, 0, 0, 3, 96.90
1746715725, 0, 417, 673, 664, 8, 5.69%, 0, 0, 4, 93.00
1746715740, 0, 422, 673, 663, 8, 5.69%, 0, 0, 4, 77.71
1746716100, 0, 422, 674, 664, 8, 5.69%, 0, 0, 4, 73.89
1746716105, 0, 422, 676, 666, 8, 5.69%, 0, 0, 4, 73.02
1746716141, 0, 422, 677, 667, 8, 5.69%, 0, 0, 4, 75.90
1746716219, 0, 422, 678, 668, 8, 5.69%, 0, 0, 4, 74.45
1746716291, 0, 422, 679, 669, 8, 5.69%, 0, 0, 4, 75.16
1746716296, 0, 422, 680, 670, 8, 5.69%, 0, 0, 4, 76.27
1746716301, 0, 422, 681, 671, 8, 5.69%, 0, 0, 4, 75.60
1746716311, 0, 422, 682, 672, 8, 5.69%, 0, 0, 4, 76.15
1746716420, 0, 422, 683, 673, 8, 5.69%, 0, 0, 4, 74.47
1746716451, 0, 422, 684, 674, 8, 5.69%, 0, 0, 4, 75.08
1746716497, 0, 422, 685, 675, 8, 5.69%, 0, 0, 4, 74.18
1746716533, 0, 488, 685, 674, 8, 5.69%, 0, 0, 4, 69.38
1746716920, 0, 503, 685, 673, 7, 5.69%, 0, 0, 4, 71.11
1746717269, 0, 503, 686, 674, 7, 5.69%, 0, 0, 4, 69.78
1746717274, 0, 503, 687, 675, 7, 5.69%, 0, 0, 4, 72.35
1746717321, 0, 527, 687, 674, 6, 5.69%, 0, 0, 4, 73.12
1746718142, 0, 527, 689, 676, 6, 5.69%, 0, 0, 4, 56.05
1746718147, 0, 527, 691, 678, 6, 5.69%, 0, 0, 4, 56.64
1746718167, 0, 527, 692, 679, 6, 5.69%, 0, 0, 4, 56.69
1746718172, 0, 527, 693, 680, 6, 5.69%, 0, 0, 4, 55.84
1746718208, 0, 527, 694, 681, 6, 5.69%, 0, 0, 4, 57.59
1746718218, 0, 527, 695, 682, 6, 5.69%, 0, 0, 4, 58.15
1746718228, 0, 527, 696, 683, 6, 5.69%, 0, 0, 4, 56.72
1746718264, 0, 527, 697, 684, 6, 5.69%, 0, 0, 4, 56.10
1746718279, 0, 527, 698, 685, 6, 5.69%, 0, 0, 4, 56.31
1746718294, 0, 527, 699, 686, 6, 5.69%, 0, 0, 4, 55.91
1746718355, 0, 527, 700, 687, 6, 5.69%, 0, 0, 4, 56.75
1746718371, 0, 527, 701, 688, 6, 5.69%, 0, 0, 4, 56.58
1746718376, 0, 527, 702, 689, 6, 5.69%, 0, 0, 4, 56.32
1746718391, 0, 527, 703, 690, 6, 5.69%, 0, 0, 4, 55.94
1746718422, 0, 527, 704, 691, 6, 5.69%, 0, 0, 4, 58.26
1746718447, 0, 527, 705, 692, 6, 5.69%, 0, 0, 4, 57.40
1746718483, 0, 527, 706, 693, 6, 5.69%, 0, 0, 4, 57.27
1746718498, 0, 527, 707, 694, 6, 5.69%, 0, 0, 4, 56.23
1746718514, 0, 527, 708, 695, 6, 5.69%, 0, 0, 4, 55.87
1746718554, 0, 527, 710, 697, 6, 5.69%, 0, 0, 4, 57.92
1746718570, 0, 541, 710, 696, 6, 5.69%, 0, 0, 4, 54.99
1746718590, 0, 541, 711, 697, 6, 5.69%, 0, 0, 4, 49.67
1746719339, 0, 541, 714, 700, 6, 5.69%, 0, 0, 4, 56.48
1746719344, 0, 541, 716, 702, 6, 5.69%, 0, 0, 4, 57.03
1746719349, 0, 541, 717, 703, 6, 5.69%, 0, 0, 4, 58.36
1746719354, 0, 541, 718, 704, 6, 5.69%, 0, 0, 4, 58.22
1746719364, 0, 541, 719, 705, 6, 5.69%, 0, 0, 4, 58.24
1746719380, 0, 541, 720, 706, 6, 5.69%, 0, 0, 4, 58.22
1746719385, 0, 541, 721, 707, 6, 5.69%, 0, 0, 4, 58.51
1746719390, 0, 541, 722, 708, 6, 5.69%, 0, 0, 4, 58.54
1746719405, 0, 541, 723, 709, 6, 5.69%, 0, 0, 4, 57.60
1746719421, 0, 541, 725, 711, 6, 5.69%, 0, 0, 4, 56.73
1746719431, 0, 541, 726, 712, 6, 5.69%, 0, 0, 4, 59.45
1746719446, 0, 541, 727, 713, 6, 5.69%, 0, 0, 4, 58.51
1746719472, 0, 541, 728, 714, 6, 5.69%, 0, 0, 4, 58.71
1746719487, 0, 541, 729, 715, 6, 5.69%, 0, 0, 4, 57.98
1746719508, 0, 541, 730, 716, 6, 5.69%, 0, 0, 4, 58.22
1746719518, 0, 541, 731, 717, 6, 5.69%, 0, 0, 4, 58.21
1746719569, 0, 541, 732, 718, 6, 5.69%, 0, 0, 4, 59.57
1746719650, 0, 541, 733, 719, 6, 5.69%, 0, 0, 4, 58.51
1746719676, 0, 541, 735, 721, 6, 5.69%, 0, 0, 4, 57.96
1746719696, 0, 541, 736, 722, 6, 5.69%, 0, 0, 4, 58.74
1746719757, 0, 574, 736, 721, 8, 5.69%, 0, 0, 4, 55.86
1746719880, 0, 574, 736, 721, 8, 5.69%, 0, 1, 4, 54.03
1746720363, 0, 579, 736, 720, 7, 5.69%, 0, 1, 4, 52.54
1746721216, 0, 596, 736, 719, 7, 5.69%, 0, 1, 4, 53.68
1746722313, 0, 596, 737, 720, 7, 5.69%, 0, 1, 4, 42.64
1746722318, 0, 596, 738, 721, 7, 5.69%, 0, 1, 4, 49.92
1746722328, 0, 596, 741, 724, 7, 5.69%, 0, 1, 4, 49.54
1746722333, 0, 596, 743, 726, 7, 5.69%, 0, 1, 4, 49.94
1746722363, 0, 596, 744, 727, 7, 5.69%, 0, 1, 4, 51.61
1746722393, 0, 596, 746, 729, 7, 5.69%, 0, 1, 4, 49.94
1746722398, 0, 596, 747, 730, 7, 5.69%, 0, 1, 4, 50.61
1746722419, 0, 596, 748, 731, 7, 5.69%, 0, 1, 4, 50.92
1746722434, 0, 596, 749, 732, 7, 5.69%, 0, 1, 4, 52.58
1746722459, 0, 596, 750, 733, 7, 5.69%, 0, 1, 4, 51.26
1746722479, 0, 596, 751, 734, 7, 5.69%, 0, 1, 4, 50.18
1746722505, 0, 596, 752, 735, 7, 5.69%, 0, 1, 4, 50.61
1746722550, 0, 596, 753, 736, 7, 5.69%, 0, 1, 4, 50.95
1746722555, 0, 596, 755, 738, 7, 5.69%, 0, 1, 4, 50.61
1746722576, 0, 596, 756, 739, 7, 5.69%, 0, 1, 4, 50.73
1746722616, 0, 596, 757, 740, 7, 5.69%, 0, 1, 4, 51.26
1746722621, 0, 596, 758, 741, 7, 5.69%, 0, 1, 4, 50.51
1746722636, 0, 596, 759, 742, 7, 5.69%, 0, 1, 4, 50.20
1746722641, 0, 596, 760, 743, 7, 5.69%, 0, 1, 4, 50.39
1746722651, 0, 596, 761, 744, 7, 5.69%, 0, 1, 4, 52.18
1746722717, 0, 596, 762, 745, 7, 5.69%, 0, 1, 4, 51.24
1746722747, 0, 596, 763, 746, 7, 5.69%, 0, 1, 4, 49.92
1746722793, 0, 596, 764, 747, 7, 5.69%, 0, 1, 4, 51.29
1746722798, 0, 616, 764, 746, 7, 5.69%, 0, 1, 4, 58.00
1746723269, 0, 620, 764, 745, 6, 5.69%, 0, 1, 4, 55.86
1746724263, 0, 620, 765, 746, 6, 5.69%, 0, 1, 4, 51.67
1746724278, 0, 644, 765, 745, 5, 5.69%, 0, 1, 4, 52.90
1746725020, 0, 654, 765, 744, 5, 5.69%, 0, 1, 4, 55.52
1746726092, 0, 654, 766, 745, 5, 5.69%, 0, 1, 4, 50.39
1746726112, 0, 665, 766, 744, 5, 5.69%, 0, 1, 4, 54.35
1746726266, 0, 718, 766, 743, 5, 5.69%, 0, 1, 4, 66.18
1746727245, 0, 718, 767, 744, 5, 5.69%, 0, 1, 5, 52.19
1746727290, 0, 729, 767, 743, 4, 5.69%, 0, 1, 5, 54.09
1746728286, 0, 747, 767, 742, 3, 5.69%, 0, 1, 5, 53.40
1746728342, 0, 747, 768, 743, 3, 6.27%, 0, 1, 5, 37.24
1746729584, 0, 747, 769, 744, 3, 6.27%, 0, 1, 5, 39.77
1746729609, 0, 747, 771, 746, 3, 6.27%, 0, 1, 5, 37.63
1746729681, 0, 747, 773, 748, 3, 6.27%, 0, 1, 5, 47.55
1746729701, 0, 747, 774, 749, 3, 6.27%, 0, 1, 5, 48.00
1746729711, 0, 747, 775, 750, 3, 6.27%, 0, 1, 5, 47.48
1746729731, 0, 747, 776, 751, 3, 6.27%, 0, 1, 5, 47.88
1746729741, 0, 747, 777, 752, 3, 6.27%, 0, 1, 5, 46.91
1746729756, 0, 747, 779, 754, 3, 6.27%, 0, 1, 5, 47.87
1746729762, 0, 747, 780, 755, 3, 6.27%, 0, 1, 5, 47.29
1746729797, 0, 747, 781, 756, 3, 6.27%, 0, 1, 5, 47.98
1746729812, 0, 747, 782, 757, 3, 6.27%, 0, 1, 5, 47.40
1746729817, 0, 747, 783, 758, 3, 6.27%, 0, 1, 5, 47.06
1746729827, 0, 747, 784, 759, 3, 6.27%, 0, 1, 5, 47.66
1746729832, 0, 747, 785, 760, 3, 6.27%, 0, 1, 5, 47.28
1746729853, 0, 747, 786, 761, 3, 6.27%, 0, 1, 5, 48.71
1746729873, 0, 747, 787, 762, 3, 6.27%, 0, 1, 5, 48.87
1746729974, 0, 747, 788, 763, 3, 6.27%, 0, 1, 5, 48.50
1746730010, 0, 747, 789, 764, 3, 6.27%, 0, 1, 5, 46.86
1746730040, 0, 747, 790, 765, 3, 6.27%, 0, 1, 5, 47.05
1746730045, 0, 747, 791, 766, 3, 6.27%, 0, 1, 5, 46.95
1746730136, 0, 747, 792, 767, 3, 6.27%, 0, 1, 5, 46.95
1746730187, 0, 754, 792, 766, 6, 6.27%, 0, 1, 5, 42.86
1746731510, 0, 754, 793, 767, 6, 6.27%, 0, 1, 5, 46.97
1746731515, 0, 754, 794, 768, 6, 6.27%, 0, 1, 5, 47.47
1746731591, 0, 754, 796, 770, 6, 6.28%, 0, 1, 5, 47.75
1746731641, 0, 754, 797, 771, 6, 6.28%, 0, 1, 5, 47.54
1746731717, 0, 754, 798, 772, 6, 6.29%, 0, 1, 5, 47.79
1746731738, 0, 754, 799, 773, 6, 6.29%, 0, 1, 5, 48.90
1746731798, 0, 754, 800, 774, 6, 6.29%, 0, 1, 5, 47.62
1746731869, 0, 754, 801, 775, 6, 6.29%, 0, 1, 5, 47.07
1746731905, 0, 754, 802, 776, 6, 6.29%, 0, 1, 5, 48.33
1746731915, 0, 754, 803, 777, 6, 6.29%, 0, 1, 5, 48.70
1746731976, 0, 754, 804, 778, 6, 6.29%, 0, 1, 5, 48.91
1746732011, 0, 770, 804, 777, 7, 6.29%, 0, 1, 5, 45.75
1746733401, 0, 770, 805, 778, 7, 6.29%, 0, 1, 6, 46.39
1746733426, 0, 770, 806, 779, 7, 6.29%, 0, 1, 6, 48.73
1746733452, 0, 770, 807, 780, 7, 6.29%, 0, 1, 6, 48.07
1746733512, 0, 770, 808, 781, 7, 6.33%, 0, 1, 6, 47.76
1746733533, 0, 770, 809, 782, 7, 6.33%, 0, 1, 6, 47.87
1746733558, 0, 770, 810, 783, 7, 6.33%, 0, 1, 6, 47.16
1746733654, 0, 770, 811, 784, 7, 6.33%, 0, 1, 6, 47.79
1746733796, 0, 770, 812, 785, 7, 6.33%, 0, 1, 6, 47.57
1746733857, 0, 770, 813, 786, 7, 6.33%, 0, 1, 6, 47.70
1746733913, 0, 781, 813, 785, 8, 6.33%, 0, 1, 6, 41.49
1746735259, 0, 781, 814, 786, 8, 6.33%, 0, 1, 6, 47.23
1746735275, 0, 781, 815, 787, 8, 6.33%, 0, 1, 6, 48.93
1746735280, 0, 781, 816, 788, 8, 6.33%, 0, 1, 6, 48.47
1746735335, 0, 781, 817, 789, 8, 6.33%, 0, 1, 6, 49.00
1746735365, 0, 781, 818, 790, 8, 6.48%, 0, 1, 6, 46.74
1746735381, 0, 781, 819, 791, 8, 6.49%, 0, 1, 6, 48.44
1746735563, 0, 781, 820, 792, 8, 6.52%, 0, 1, 6, 47.91
1746735634, 0, 781, 821, 793, 8, 6.52%, 0, 1, 6, 48.50
1746735736, 0, 781, 822, 794, 8, 6.52%, 0, 1, 6, 48.48
1746735751, 0, 781, 823, 795, 8, 6.52%, 0, 1, 6, 48.52
1746735761, 0, 794, 823, 794, 7, 6.52%, 0, 1, 6, 48.14
1746736760, 0, 794, 824, 795, 7, 6.52%, 0, 1, 6, 37.87
1746737134, 0, 797, 824, 794, 7, 6.52%, 0, 1, 6, 44.66
1746737210, 0, 797, 827, 797, 7, 6.52%, 0, 1, 6, 33.54
1746737286, 0, 797, 828, 798, 7, 6.52%, 0, 1, 6, 33.60
1746737382, 0, 797, 829, 799, 7, 6.59%, 0, 1, 6, 34.47
1746737392, 0, 797, 830, 800, 7, 6.59%, 0, 1, 6, 37.88
1746737402, 0, 797, 831, 801, 7, 6.59%, 0, 1, 6, 34.53
1746738382, 0, 797, 832, 802, 7, 6.59%, 0, 1, 6, 33.54
1746738803, 0, 797, 833, 803, 7, 6.59%, 0, 1, 6, 43.18
1746738808, 0, 797, 835, 805, 7, 6.59%, 0, 1, 6, 44.57
1746738823, 0, 797, 836, 806, 7, 6.59%, 0, 1, 6, 44.52
1746738833, 0, 797, 837, 807, 7, 6.59%, 0, 1, 6, 45.14
1746738849, 0, 797, 838, 808, 7, 6.59%, 0, 1, 6, 45.48
1746738854, 0, 797, 839, 809, 7, 6.59%, 0, 1, 6, 44.22
1746738859, 0, 797, 841, 811, 7, 6.59%, 0, 1, 6, 44.03
1746738899, 0, 797, 842, 812, 7, 6.59%, 0, 1, 6, 45.57
1746738935, 0, 797, 843, 813, 7, 6.59%, 0, 1, 6, 46.23
1746738986, 0, 797, 844, 814, 7, 6.59%, 0, 1, 6, 45.12
1746739001, 0, 797, 845, 815, 7, 6.59%, 0, 1, 6, 45.15
1746739011, 0, 797, 847, 817, 7, 6.59%, 0, 1, 6, 45.23
1746739021, 0, 797, 848, 818, 7, 6.59%, 0, 1, 6, 44.11
1746739031, 0, 797, 849, 819, 7, 6.60%, 0, 1, 6, 44.51
1746739077, 0, 797, 850, 820, 7, 6.60%, 0, 1, 6, 45.56
1746739092, 0, 797, 851, 821, 7, 6.60%, 0, 1, 6, 46.12
1746739103, 0, 797, 852, 822, 7, 6.60%, 0, 1, 6, 45.95
1746739153, 0, 797, 853, 823, 7, 6.60%, 0, 1, 6, 44.46
1746739174, 0, 797, 854, 824, 7, 6.60%, 0, 1, 6, 44.80
1746739270, 0, 797, 855, 825, 7, 6.60%, 0, 1, 6, 45.29
1746739346, 0, 807, 855, 824, 9, 6.60%, 0, 1, 6, 39.49
1746739361, 0, 807, 856, 825, 9, 6.60%, 0, 1, 7, 35.66
1746739418, 0, 807, 859, 828, 9, 6.60%, 0, 1, 7, 34.03
1746739566, 0, 807, 860, 829, 9, 6.60%, 0, 1, 7, 34.07
1746740559, 0, 807, 861, 830, 9, 6.60%, 0, 1, 7, 34.10
1746740906, 0, 807, 862, 831, 9, 6.60%, 0, 1, 7, 34.11
1746740911, 0, 807, 864, 833, 9, 6.60%, 0, 1, 7, 34.12
1746740916, 0, 807, 866, 835, 9, 6.60%, 0, 1, 7, 34.17
1746740967, 0, 807, 867, 836, 9, 6.60%, 0, 1, 7, 46.18
1746741003, 0, 807, 868, 837, 9, 6.60%, 0, 1, 7, 46.01
1746741018, 0, 807, 869, 838, 9, 6.60%, 0, 1, 7, 46.10
1746741023, 0, 807, 870, 839, 9, 6.60%, 0, 1, 7, 45.68
1746741059, 0, 807, 871, 840, 9, 6.60%, 0, 1, 7, 46.50
1746741160, 0, 807, 872, 841, 9, 6.61%, 0, 1, 7, 46.38
1746741170, 0, 807, 873, 842, 9, 6.61%, 0, 1, 7, 45.96
1746741175, 0, 807, 874, 843, 9, 6.61%, 0, 1, 7, 46.06
1746741226, 0, 807, 875, 844, 9, 6.61%, 0, 1, 7, 45.40
1746741236, 0, 807, 876, 845, 9, 6.61%, 0, 1, 7, 45.66
1746741271, 0, 807, 877, 846, 9, 6.61%, 0, 1, 7, 45.68
1746741469, 0, 817, 877, 845, 9, 6.61%, 0, 1, 7, 44.24
1746743104, 0, 823, 877, 844, 8, 6.61%, 0, 1, 7, 47.25
1746744454, 0, 823, 878, 845, 8, 6.61%, 0, 1, 7, 47.48
1746744505, 0, 835, 878, 844, 7, 6.61%, 0, 1, 7, 40.43
1746746138, 0, 847, 878, 843, 6, 6.61%, 0, 1, 7, 39.25
1746746153, 0, 847, 880, 845, 6, 6.61%, 0, 1, 7, 32.57
1746746163, 0, 847, 881, 846, 6, 6.61%, 0, 1, 7, 31.70
1746746188, 0, 847, 882, 847, 6, 6.61%, 0, 1, 7, 31.94
1746746214, 0, 847, 884, 849, 6, 6.61%, 0, 1, 7, 31.55
1746746381, 0, 847, 885, 850, 6, 6.61%, 0, 1, 7, 31.83
1746746407, 0, 847, 887, 852, 6, 6.61%, 0, 1, 7, 31.57
1746746458, 0, 847, 888, 853, 6, 6.61%, 0, 1, 7, 32.33
1746747970, 0, 847, 889, 854, 6, 6.61%, 0, 1, 7, 32.57
1746748240, 0, 847, 893, 858, 6, 6.61%, 0, 1, 7, 37.26
1746748245, 0, 847, 894, 859, 6, 6.61%, 0, 1, 7, 38.64
1746748255, 0, 847, 895, 860, 6, 6.61%, 0, 1, 7, 39.32
1746748291, 0, 847, 896, 861, 6, 6.61%, 0, 1, 7, 39.06
1746748301, 0, 847, 897, 862, 6, 6.61%, 0, 1, 7, 40.40
1746748306, 0, 847, 899, 864, 6, 6.61%, 0, 1, 7, 39.62
1746748317, 0, 847, 900, 865, 6, 6.61%, 0, 1, 7, 40.54
1746748464, 0, 847, 901, 866, 6, 6.61%, 0, 1, 7, 40.05
1746748536, 0, 847, 902, 867, 6, 6.61%, 0, 1, 7, 40.33
1746748582, 0, 847, 904, 869, 6, 6.61%, 0, 1, 7, 40.25
1746748587, 0, 847, 905, 870, 6, 6.61%, 0, 1, 7, 40.58
1746748592, 0, 847, 906, 871, 6, 6.61%, 0, 1, 7, 40.42
1746748607, 0, 847, 907, 872, 6, 6.61%, 0, 1, 7, 39.77
1746748679, 0, 847, 908, 873, 6, 6.61%, 0, 1, 7, 40.84
1746748776, 0, 847, 909, 874, 6, 6.61%, 0, 1, 7, 39.76
1746748791, 0, 847, 910, 875, 6, 6.61%, 0, 1, 7, 39.92
1746748832, 0, 847, 911, 876, 6, 6.61%, 0, 1, 7, 39.75
1746748847, 0, 848, 911, 875, 7, 6.61%, 0, 1, 7, 40.77
1746749162, 0, 848, 912, 876, 7, 6.61%, 0, 1, 7, 33.60
1746750347, 0, 848, 913, 877, 7, 6.61%, 0, 1, 7, 29.86
1746750774, 0, 848, 914, 878, 7, 6.61%, 0, 1, 7, 30.24
1746750892, 0, 848, 915, 879, 7, 6.61%, 0, 1, 7, 39.43
1746750897, 0, 848, 916, 880, 7, 6.61%, 0, 1, 7, 42.98
1746750902, 0, 848, 919, 883, 7, 6.65%, 0, 1, 7, 40.80
1746750907, 0, 848, 921, 885, 7, 6.65%, 0, 1, 7, 42.73
1746750912, 0, 848, 922, 886, 7, 6.65%, 0, 1, 7, 42.38
1746750933, 0, 848, 923, 887, 7, 6.65%, 0, 1, 7, 43.57
1746750943, 0, 848, 924, 888, 7, 6.65%, 0, 1, 7, 43.86
1746750948, 0, 848, 926, 890, 7, 6.65%, 0, 1, 7, 42.94
1746750953, 0, 848, 927, 891, 7, 6.65%, 0, 1, 7, 42.90
1746750968, 0, 848, 928, 892, 7, 6.65%, 0, 1, 7, 44.48
1746750978, 0, 848, 929, 893, 7, 6.65%, 0, 1, 7, 43.40
1746750988, 0, 848, 930, 894, 7, 6.65%, 0, 1, 7, 42.71
1746750993, 0, 848, 933, 897, 7, 6.65%, 0, 1, 7, 42.07
1746751009, 0, 848, 934, 898, 7, 6.65%, 0, 1, 7, 43.08
1746751019, 0, 848, 935, 899, 7, 6.65%, 0, 1, 7, 43.90
1746751034, 0, 848, 936, 900, 7, 6.65%, 0, 1, 7, 42.25
1746751060, 0, 848, 937, 901, 7, 6.65%, 0, 1, 7, 42.05
1746751080, 0, 848, 938, 902, 7, 6.65%, 0, 1, 7, 43.57
1746751176, 0, 848, 939, 903, 7, 6.65%, 0, 1, 7, 42.70
1746751237, 0, 848, 940, 904, 7, 6.65%, 0, 1, 7, 42.35
1746751258, 0, 848, 941, 905, 7, 6.65%, 0, 1, 7, 43.69
1746751273, 0, 848, 942, 906, 7, 6.65%, 0, 1, 7, 43.15
1746751349, 0, 848, 943, 907, 7, 6.65%, 0, 1, 7, 42.55
1746751446, 0, 848, 944, 908, 7, 6.65%, 0, 1, 7, 42.61
1746751461, 0, 866, 944, 907, 9, 6.65%, 0, 1, 7, 42.52
1746753071, 0, 871, 944, 906, 8, 6.65%, 0, 1, 7, 45.78
1746753086, 0, 871, 946, 908, 8, 6.66%, 0, 1, 8, 33.73
1746753096, 0, 871, 947, 909, 8, 6.66%, 0, 1, 8, 33.28
1746753137, 0, 871, 948, 910, 8, 6.66%, 0, 1, 8, 32.17
1746753142, 0, 871, 949, 911, 8, 6.66%, 0, 1, 8, 32.14
1746753147, 0, 871, 952, 914, 8, 6.66%, 0, 1, 8, 32.11
1746753157, 0, 871, 953, 915, 8, 6.66%, 0, 1, 8, 32.08
1746753356, 0, 871, 954, 916, 8, 6.66%, 0, 1, 8, 35.71
1746753367, 0, 871, 955, 917, 8, 6.66%, 0, 1, 8, 33.13
1746754913, 0, 871, 957, 919, 8, 6.67%, 0, 1, 8, 41.15
1746754943, 0, 871, 959, 921, 8, 6.67%, 0, 1, 8, 43.38
1746754984, 0, 871, 960, 922, 8, 6.67%, 0, 1, 8, 43.13
1746755009, 0, 871, 961, 923, 8, 6.67%, 0, 1, 8, 43.94
1746755039, 0, 871, 963, 925, 8, 6.87%, 0, 1, 8, 43.65
1746755070, 0, 871, 964, 926, 8, 6.87%, 0, 1, 8, 43.85
1746755110, 0, 871, 965, 927, 8, 6.87%, 0, 1, 8, 43.59
1746755131, 0, 871, 966, 928, 8, 6.87%, 0, 1, 8, 43.30
1746755166, 0, 871, 967, 929, 8, 6.87%, 0, 1, 8, 44.02
1746755268, 0, 871, 968, 930, 8, 6.88%, 0, 1, 8, 43.96
1746755319, 0, 871, 969, 931, 8, 6.88%, 0, 1, 8, 45.36
1746755466, 0, 898, 969, 930, 11, 6.88%, 0, 1, 8, 37.20
