# unix_time, cycles_done, cur_path, paths_total, pending_total, pending_favs, map_size, unique_crashes, unique_hangs, max_depth, execs_per_sec
1746712924, 0, 0, 1, 1, 1, 3.78%, 0, 0, 1, 63.49
1746712929, 0, 0, 21, 21, 1, 5.68%, 0, 0, 2, 60.78
1746712934, 0, 0, 42, 42, 1, 5.69%, 0, 0, 2, 60.26
1746712939, 0, 0, 54, 54, 1, 5.70%, 0, 0, 2, 61.42
1746712944, 0, 0, 66, 66, 1, 5.71%, 0, 0, 2, 64.25
1746712949, 0, 0, 78, 78, 1, 5.72%, 0, 0, 2, 63.00
1746712955, 0, 0, 88, 88, 1, 5.72%, 0, 0, 2, 59.74
1746712960, 0, 0, 98, 98, 1, 5.72%, 0, 0, 2, 62.17
1746712965, 0, 0, 108, 108, 1, 5.72%, 0, 0, 2, 62.17
1746712970, 0, 0, 118, 118, 1, 5.72%, 0, 0, 2, 59.96
1746712975, 0, 0, 127, 127, 1, 5.74%, 0, 0, 2, 61.42
1746712980, 0, 0, 133, 133, 1, 5.74%, 0, 0, 2, 65.59
1746712985, 0, 0, 138, 138, 1, 5.74%, 0, 0, 2, 65.75
1746712991, 0, 0, 146, 146, 1, 5.74%, 0, 0, 2, 64.14
1746712996, 0, 0, 149, 149, 1, 5.74%, 0, 0, 2, 67.16
1746713001, 0, 0, 156, 156, 1, 5.74%, 0, 0, 2, 65.25
1746713006, 0, 0, 162, 162, 1, 5.75%, 0, 0, 2, 63.58
1746713011, 0, 0, 165, 165, 1, 5.75%, 0, 0, 2, 67.85
1746713016, 0, 0, 173, 173, 1, 5.75%, 0, 0, 2, 65.50
1746713021, 0, 0, 178, 178, 1, 5.75%, 0, 0, 2, 66.28
1746713027, 0, 0, 183, 183, 1, 5.75%, 0, 0, 2, 67.98
1746713032, 0, 0, 187, 187, 1, 5.75%, 0, 0, 2, 66.76
1746713037, 0, 0, 190, 190, 1, 5.75%, 0, 0, 2, 65.42
1746713042, 0, 0, 192, 192, 1, 5.75%, 0, 0, 2, 66.23
1746713047, 0, 0, 197, 197, 1, 5.75%, 0, 0, 2, 63.67
1746713052, 0, 0, 201, 201, 1, 5.75%, 0, 0, 2, 64.39
1746713057, 0, 0, 202, 202, 1, 5.75%, 0, 0, 2, 67.85
1746713063, 0, 0, 209, 209, 1, 5.95%, 0, 0, 2, 62.72
1746713068, 0, 0, 212, 212, 1, 5.95%, 0, 0, 2, 64.08
1746713073, 0, 0, 214, 214, 1, 6.01%, 0, 0, 2, 65.38
1746713078, 0, 0, 219, 219, 1, 6.01%, 0, 0, 2, 62.46
1746713083, 0, 0, 222, 222, 1, 6.03%, 0, 0, 2, 62.47
1746713088, 0, 0, 223, 223, 1, 6.03%, 0, 0, 2, 65.78
1746713093, 0, 0, 225, 225, 1, 6.03%, 0, 0, 2, 66.91
1746713098, 0, 0, 227, 227, 1, 6.03%, 0, 0, 2, 68.18
1746713103, 0, 0, 231, 231, 1, 6.03%, 0, 0, 2, 67.49
1746713108, 0, 0, 235, 235, 1, 6.03%, 0, 0, 2, 65.39
1746713119, 0, 0, 237, 237, 1, 6.03%, 0, 0, 2, 68.47
1746713124, 0, 0, 241, 241, 1, 6.03%, 0, 0, 2, 65.96
1746713134, 0, 0, 247, 247, 1, 6.03%, 0, 0, 2, 64.91
1746713139, 0, 0, 248, 248, 1, 6.03%, 0, 0, 2, 68.37
1746713149, 0, 0, 249, 249, 1, 6.03%, 0, 0, 2, 68.12
1746713155, 0, 0, 252, 252, 1, 6.03%, 0, 0, 2, 65.94
1746713160, 0, 0, 254, 254, 1, 6.03%, 0, 0, 2, 67.25
1746713165, 0, 0, 256, 256, 1, 6.03%, 0, 0, 2, 66.51
1746713170, 0, 0, 257, 257, 1, 6.03%, 0, 0, 2, 68.52
1746713175, 0, 0, 258, 258, 1, 6.03%, 0, 0, 2, 69.10
1746713180, 0, 0, 261, 261, 1, 6.03%, 0, 0, 2, 65.40
1746713185, 0, 0, 265, 265, 1, 6.04%, 0, 0, 2, 62.64
1746713190, 0, 0, 266, 266, 1, 6.04%, 0, 0, 2, 67.92
1746713195, 0, 0, 268, 268, 1, 6.04%, 0, 0, 2, 65.71
1746713201, 0, 0, 270, 270, 1, 6.04%, 0, 0, 2, 66.04
1746713211, 0, 2, 275, 274, 16, 6.04%, 0, 0, 3, 66.18
1746713216, 0, 2, 278, 277, 16, 6.04%, 0, 0, 3, 65.99
1746713221, 0, 2, 280, 279, 16, 6.05%, 0, 0, 3, 66.84
1746713226, 0, 2, 282, 281, 16, 6.05%, 0, 0, 3, 67.55
1746713231, 0, 2, 285, 284, 16, 6.05%, 0, 0, 3, 65.14
1746713241, 0, 2, 286, 285, 16, 6.05%, 0, 0, 3, 69.15
1746713246, 0, 2, 287, 286, 16, 6.05%, 0, 0, 3, 67.51
1746713267, 0, 2, 288, 287, 16, 6.05%, 0, 0, 3, 69.74
1746713277, 0, 2, 289, 288, 16, 6.05%, 0, 0, 3, 68.57
1746713282, 0, 2, 293, 292, 16, 6.05%, 0, 0, 3, 65.81
1746713288, 0, 2, 295, 294, 16, 6.05%, 0, 0, 3, 67.59
1746713293, 0, 2, 298, 297, 16, 6.05%, 0, 0, 3, 66.47
1746713303, 0, 2, 299, 298, 16, 6.05%, 0, 0, 3, 68.30
1746713313, 0, 2, 300, 299, 16, 6.05%, 0, 0, 3, 68.61
1746713318, 0, 2, 301, 300, 16, 6.05%, 0, 0, 3, 66.91
1746713323, 0, 2, 304, 303, 16, 6.05%, 0, 0, 3, 65.68
1746713334, 0, 2, 306, 305, 16, 6.05%, 0, 0, 3, 66.84
1746713339, 0, 2, 307, 306, 16, 6.07%, 0, 0, 3, 67.97
1746713349, 0, 2, 308, 307, 16, 6.07%, 0, 0, 3, 68.57
1746713359, 0, 2, 309, 308, 16, 6.10%, 0, 0, 3, 65.48
1746713364, 0, 2, 310, 309, 16, 6.10%, 0, 0, 3, 68.27
1746713370, 0, 2, 311, 310, 16, 6.10%, 0, 0, 3, 69.43
1746713385, 0, 2, 313, 312, 16, 6.10%, 0, 0, 3, 67.53
1746713411, 0, 2, 314, 313, 16, 6.10%, 0, 0, 3, 69.95
1746713416, 0, 2, 317, 316, 16, 6.10%, 0, 0, 3, 67.29
1746713421, 0, 2, 319, 318, 16, 6.10%, 0, 0, 3, 65.67
1746713432, 0, 2, 320, 319, 16, 6.10%, 0, 0, 3, 68.11
1746713437, 0, 2, 322, 321, 16, 6.10%, 0, 0, 3, 67.59
1746713442, 0, 2, 323, 322, 16, 6.10%, 0, 0, 3, 68.48
1746713452, 0, 2, 324, 323, 16, 6.10%, 0, 0, 3, 67.57
1746713457, 0, 7, 325, 323, 16, 6.10%, 0, 0, 3, 58.72
1746713467, 0, 7, 328, 326, 16, 6.10%, 0, 0, 3, 41.98
1746713762, 0, 7, 329, 327, 16, 6.10%, 0, 0, 3, 41.12
1746713782, 0, 7, 331, 329, 16, 6.10%, 0, 0, 3, 40.97
1746713787, 0, 7, 341, 339, 16, 6.10%, 0, 0, 3, 41.78
1746713792, 0, 7, 347, 345, 16, 6.10%, 0, 0, 3, 44.64
1746713797, 0, 7, 355, 353, 16, 6.10%, 0, 0, 3, 41.64
1746713802, 0, 7, 360, 358, 16, 6.10%, 0, 0, 3, 43.94
1746713807, 0, 7, 366, 364, 16, 6.10%, 0, 0, 3, 43.03
1746713812, 0, 7, 370, 368, 16, 6.10%, 0, 0, 3, 44.17
1746713818, 0, 7, 376, 374, 16, 6.10%, 0, 0, 3, 43.93
1746713823, 0, 7, 382, 380, 16, 6.10%, 0, 0, 3, 43.88
1746713828, 0, 7, 384, 382, 16, 6.10%, 0, 0, 3, 44.58
1746713833, 0, 7, 390, 388, 16, 6.12%, 0, 0, 3, 43.66
1746713838, 0, 7, 395, 393, 16, 6.12%, 0, 0, 3, 44.14
1746713843, 0, 7, 400, 398, 16, 6.12%, 0, 0, 3, 42.93
1746713848, 0, 7, 404, 402, 16, 6.12%, 0, 0, 3, 46.10
1746713853, 0, 7, 408, 406, 16, 6.12%, 0, 0, 3, 45.00
1746713858, 0, 7, 411, 409, 16, 6.12%, 0, 0, 3, 45.75
1746713863, 0, 7, 414, 412, 16, 6.12%, 0, 0, 3, 45.99
1746713868, 0, 7, 420, 418, 16, 6.12%, 0, 0, 3, 41.10
1746713873, 0, 7, 423, 421, 16, 6.12%, 0, 0, 3, 42.06
1746713878, 0, 7, 428, 426, 16, 6.12%, 0, 0, 3, 42.57
1746713883, 0, 7, 430, 428, 16, 6.12%, 0, 0, 3, 43.54
1746713889, 0, 7, 433, 431, 16, 6.18%, 0, 0, 3, 42.20
1746713894, 0, 7, 435, 433, 16, 6.18%, 0, 0, 3, 43.74
1746713899, 0, 7, 438, 436, 16, 6.18%, 0, 0, 3, 43.95
1746713904, 0, 7, 442, 440, 16, 6.18%, 0, 0, 3, 44.41
1746713914, 0, 7, 445, 443, 16, 6.18%, 0, 0, 3, 44.13
1746713919, 0, 7, 447, 445, 16, 6.18%, 0, 0, 3, 45.65
1746713924, 0, 7, 450, 448, 16, 6.18%, 0, 0, 3, 44.10
1746713929, 0, 7, 451, 449, 16, 6.18%, 0, 0, 3, 47.64
1746713934, 0, 7, 452, 450, 16, 6.18%, 0, 0, 3, 46.98
1746713944, 0, 7, 453, 451, 16, 6.18%, 0, 0, 3, 46.22
1746713949, 0, 7, 455, 453, 16, 6.25%, 0, 0, 3, 43.14
1746713975, 0, 7, 456, 454, 16, 6.25%, 0, 0, 3, 45.82
1746713980, 0, 7, 458, 456, 16, 6.25%, 0, 0, 3, 45.47
1746713985, 0, 7, 459, 457, 16, 6.25%, 0, 0, 3, 46.40
1746713990, 0, 7, 461, 459, 16, 6.25%, 0, 0, 3, 47.81
1746713995, 0, 7, 463, 461, 16, 6.25%, 0, 0, 3, 46.68
1746714005, 0, 7, 464, 462, 16, 6.25%, 0, 0, 3, 47.48
1746714010, 0, 7, 465, 463, 16, 6.25%, 0, 0, 3, 45.53
1746714020, 0, 7, 466, 464, 16, 6.25%, 0, 0, 3, 47.26
1746714025, 0, 7, 468, 466, 16, 6.25%, 0, 0, 3, 45.42
1746714030, 0, 7, 469, 467, 16, 6.25%, 0, 0, 3, 46.12
1746714036, 0, 7, 470, 468, 16, 6.25%, 0, 0, 3, 45.74
1746714041, 0, 7, 471, 469, 16, 6.25%, 0, 0, 3, 45.11
1746714051, 0, 7, 474, 472, 16, 6.25%, 0, 0, 3, 45.99
1746714056, 0, 7, 476, 474, 16, 6.25%, 0, 0, 3, 46.14
1746714061, 0, 7, 477, 475, 16, 6.25%, 0, 0, 3, 47.61
1746714071, 0, 7, 479, 477, 16, 6.25%, 0, 0, 3, 44.48
1746714076, 0, 7, 481, 479, 16, 6.25%, 0, 0, 3, 44.43
1746714101, 0, 7, 482, 480, 16, 6.25%, 0, 0, 3, 45.44
1746714106, 0, 7, 483, 481, 16, 6.25%, 0, 0, 3, 45.85
1746714111, 0, 7, 484, 482, 16, 6.25%, 0, 0, 3, 45.85
1746714142, 0, 7, 486, 484, 16, 6.25%, 0, 0, 3, 44.93
1746714147, 0, 7, 487, 485, 16, 6.25%, 0, 0, 3, 44.68
1746714152, 0, 7, 489, 487, 16, 6.25%, 0, 0, 3, 45.25
1746714157, 0, 7, 490, 488, 16, 6.25%, 0, 0, 3, 46.84
1746714162, 0, 7, 492, 490, 16, 6.25%, 0, 0, 3, 46.43
1746714172, 0, 49, 492, 489, 17, 6.25%, 0, 0, 3, 48.15
1746714374, 0, 49, 493, 490, 17, 6.25%, 0, 0, 3, 52.36
1746714379, 0, 49, 494, 491, 17, 6.25%, 0, 0, 3, 53.84
1746714390, 0, 49, 495, 492, 17, 6.25%, 0, 0, 3, 53.81
1746714415, 0, 49, 496, 493, 17, 6.25%, 0, 0, 3, 54.41
1746714420, 0, 49, 498, 495, 17, 6.25%, 0, 0, 3, 54.05
1746714430, 0, 49, 499, 496, 17, 6.25%, 0, 0, 3, 52.76
1746714450, 0, 49, 500, 497, 17, 6.25%, 0, 0, 3, 53.73
1746714471, 0, 49, 502, 499, 17, 6.25%, 0, 0, 3, 52.63
1746714511, 0, 49, 503, 500, 17, 6.25%, 0, 0, 3, 53.40
1746714516, 0, 49, 506, 503, 17, 6.25%, 0, 0, 3, 52.46
1746714521, 0, 49, 507, 504, 17, 6.25%, 0, 0, 3, 52.75
1746714526, 0, 49, 508, 505, 17, 6.25%, 0, 0, 3, 53.83
1746714551, 0, 49, 510, 507, 17, 6.25%, 0, 0, 3, 52.89
1746714557, 0, 49, 512, 509, 17, 6.25%, 0, 0, 3, 52.32
1746714572, 0, 49, 513, 510, 17, 6.25%, 0, 0, 3, 55.05
1746714602, 0, 49, 514, 511, 17, 6.25%, 0, 0, 3, 54.99
1746714627, 0, 49, 515, 512, 17, 6.25%, 0, 0, 3, 54.24
1746714678, 0, 68, 515, 511, 17, 6.25%, 0, 0, 3, 56.07
1746714785, 0, 73, 515, 510, 16, 6.25%, 0, 0, 3, 58.51
1746714878, 0, 73, 516, 511, 16, 6.25%, 0, 0, 3, 58.06
1746714893, 0, 82, 516, 510, 15, 6.25%, 0, 0, 3, 59.43
1746715072, 0, 82, 517, 511, 15, 6.25%, 0, 0, 3, 56.42
1746715082, 0, 97, 517, 510, 14, 6.25%, 0, 0, 3, 57.00
1746715174, 0, 120, 517, 509, 13, 6.25%, 0, 0, 3, 50.06
1746715266, 0, 120, 518, 510, 13, 6.25%, 0, 0, 3, 45.12
1746715388, 0, 120, 519, 511, 13, 6.25%, 0, 0, 3, 46.23
1746715398, 0, 120, 520, 512, 13, 6.25%, 0, 0, 3, 50.08
1746715404, 0, 120, 521, 513, 13, 6.25%, 0, 0, 3, 51.05
1746715419, 0, 120, 522, 514, 13, 6.25%, 0, 0, 3, 50.40
1746715434, 0, 120, 524, 516, 13, 6.25%, 0, 0, 3, 48.87
1746715455, 0, 120, 525, 517, 13, 6.25%, 0, 0, 3, 50.91
1746715490, 0, 120, 526, 518, 13, 6.25%, 0, 0, 3, 48.17
1746715510, 0, 120, 527, 519, 13, 6.25%, 0, 0, 3, 50.04
1746715521, 0, 120, 528, 520, 13, 6.25%, 0, 0, 3, 51.72
1746715576, 0, 120, 529, 521, 13, 6.25%, 0, 0, 3, 50.61
1746715581, 0, 120, 530, 522, 13, 6.25%, 0, 0, 3, 50.12
1746715627, 0, 120, 532, 524, 13, 6.25%, 0, 0, 3, 50.02
1746715652, 0, 120, 533, 525, 13, 6.25%, 0, 0, 3, 50.44
1746715677, 0, 120, 534, 526, 13, 6.25%, 0, 0, 3, 50.57
1746715713, 0, 141, 534, 525, 12, 6.25%, 0, 0, 3, 48.97
1746715920, 0, 202, 534, 524, 12, 6.25%, 0, 0, 3, 34.65
1746715930, 0, 202, 536, 526, 12, 6.25%, 0, 0, 3, 29.45
1746716053, 0, 202, 537, 527, 12, 6.25%, 0, 0, 3, 29.25
1746716684, 0, 202, 538, 528, 12, 6.25%, 0, 0, 3, 29.23
1746716853, 0, 202, 539, 529, 12, 6.25%, 0, 0, 3, 30.22
1746716858, 0, 202, 544, 534, 12, 6.25%, 0, 0, 3, 30.47
1746716863, 0, 202, 549, 539, 12, 6.25%, 0, 0, 3, 30.23
1746716868, 0, 202, 553, 543, 12, 6.25%, 0, 0, 3, 31.55
1746716873, 0, 202, 555, 545, 12, 6.25%, 0, 0, 3, 32.11
1746716878, 0, 202, 558, 548, 12, 6.25%, 0, 0, 3, 32.12
1746716884, 0, 202, 560, 550, 12, 6.25%, 0, 0, 3, 33.26
1746716889, 0, 202, 565, 555, 12, 6.25%, 0, 0, 3, 32.13
1746716894, 0, 202, 568, 558, 12, 6.25%, 0, 0, 3, 31.92
1746716899, 0, 202, 570, 560, 12, 6.25%, 0, 0, 3, 31.93
1746716904, 0, 202, 573, 563, 12, 6.25%, 0, 0, 3, 31.68
1746716909, 0, 202, 574, 564, 12, 6.25%, 0, 0, 3, 34.17
1746716914, 0, 202, 577, 567, 12, 6.25%, 0, 0, 3, 32.32
1746716919, 0, 202, 579, 569, 12, 6.25%, 0, 0, 3, 34.68
1746716924, 0, 202, 580, 570, 12, 6.25%, 0, 0, 3, 33.91
1746716929, 0, 202, 582, 572, 12, 6.25%, 0, 0, 3, 32.47
1746716935, 0, 202, 586, 576, 12, 6.25%, 0, 0, 3, 31.04
1746716940, 0, 202, 588, 578, 12, 6.27%, 0, 0, 3, 32.37
1746716945, 0, 202, 590, 580, 12, 6.27%, 0, 0, 3, 33.87
1746716950, 0, 202, 591, 581, 12, 6.27%, 0, 0, 3, 34.47
1746716955, 0, 202, 592, 582, 12, 6.27%, 0, 0, 3, 33.00
1746716960, 0, 202, 594, 584, 12, 6.27%, 0, 0, 3, 32.33
1746716965, 0, 202, 595, 585, 12, 6.27%, 0, 0, 3, 32.73
1746716970, 0, 202, 596, 586, 12, 6.27%, 0, 0, 3, 33.71
1746716975, 0, 202, 599, 589, 12, 6.27%, 0, 0, 3, 31.92
1746716986, 0, 202, 601, 591, 12, 6.27%, 0, 0, 3, 33.84
1746717001, 0, 202, 602, 592, 12, 6.27%, 0, 0, 3, 32.03
1746717006, 0, 202, 603, 593, 12, 6.27%, 0, 0, 3, 32.39
1746717011, 0, 202, 606, 596, 12, 6.27%, 0, 0, 3, 29.63
1746717017, 0, 202, 608, 598, 12, 6.27%, 0, 0, 3, 31.56
1746717022, 0, 202, 609, 599, 12, 6.27%, 0, 0, 3, 33.87
1746717032, 0, 202, 613, 603, 12, 6.27%, 0, 0, 3, 32.33
1746717042, 0, 202, 614, 604, 12, 6.28%, 0, 0, 3, 33.82
1746717047, 0, 202, 615, 605, 12, 6.28%, 0, 0, 3, 32.40
1746717052, 0, 202, 616, 606, 12, 6.28%, 0, 0, 3, 32.58
1746717058, 0, 202, 618, 608, 12, 6.28%, 0, 0, 3, 32.31
1746717063, 0, 202, 620, 610, 12, 6.29%, 0, 0, 3, 31.05
1746717073, 0, 202, 621, 611, 12, 6.29%, 0, 0, 3, 32.87
1746717078, 0, 202, 622, 612, 12, 6.29%, 0, 0, 3, 32.40
1746717083, 0, 202, 623, 613, 12, 6.29%, 0, 0, 3, 32.93
1746717094, 0, 202, 626, 616, 12, 6.29%, 0, 0, 3, 33.50
1746717099, 0, 202, 627, 617, 12, 6.29%, 0, 0, 3, 34.19
1746717109, 0, 202, 628, 618, 12, 6.29%, 0, 0, 3, 33.35
1746717114, 0, 202, 629, 619, 12, 6.29%, 0, 0, 3, 34.23
1746717119, 0, 202, 630, 620, 12, 6.29%, 0, 0, 3, 33.48
1746717129, 0, 202, 632, 622, 12, 6.29%, 0, 0, 3, 33.71
1746717140, 0, 202, 633, 623, 12, 6.29%, 0, 0, 3, 33.42
1746717160, 0, 202, 634, 624, 12, 6.29%, 0, 0, 3, 32.36
1746717191, 0, 202, 635, 625, 12, 6.29%, 0, 0, 3, 34.02
1746717206, 0, 202, 636, 626, 12, 6.29%, 0, 0, 3, 33.27
1746717211, 0, 202, 638, 628, 12, 6.29%, 0, 0, 3, 33.93
1746717217, 0, 202, 639, 629, 12, 6.29%, 0, 0, 3, 33.72
1746717222, 0, 202, 640, 630, 12, 6.29%, 0, 0, 3, 33.94
1746717232, 0, 202, 642, 632, 12, 6.29%, 0, 0, 3, 33.23
1746717247, 0, 202, 643, 633, 12, 6.29%, 0, 0, 3, 34.52
1746717258, 0, 202, 644, 634, 12, 6.29%, 0, 0, 3, 34.35
1746717263, 0, 202, 645, 635, 12, 6.29%, 0, 0, 3, 34.88
1746717278, 0, 202, 646, 636, 12, 6.29%, 0, 0, 3, 32.14
1746717288, 0, 202, 647, 637, 12, 6.29%, 0, 0, 3, 33.37
1746717304, 0, 202, 648, 638, 12, 6.29%, 0, 0, 3, 33.96
1746717309, 0, 202, 649, 639, 12, 6.29%, 0, 0, 3, 34.78
1746717350, 0, 202, 650, 640, 12, 6.29%, 0, 0, 3, 32.98
1746717360, 0, 202, 652, 642, 12, 6.29%, 0, 0, 3, 32.84
1746717365, 0, 202, 653, 643, 12, 6.29%, 0, 0, 3, 31.64
1746717375, 0, 308, 653, 642, 12, 6.29%, 0, 0, 3, 27.44
1746717386, 0, 308, 654, 643, 12, 6.30%, 0, 0, 4, 25.28
1746717457, 0, 308, 655, 644, 12, 6.30%, 0, 0, 4, 25.18
1746717503, 0, 308, 656, 645, 12, 6.30%, 0, 0, 4, 25.24
1746717554, 0, 308, 657, 646, 12, 6.30%, 0, 0, 4, 25.42
1746718472, 0, 308, 661, 650, 12, 6.30%, 0, 0, 4, 26.75
1746718477, 0, 308, 663, 652, 12, 6.38%, 0, 0, 4, 27.26
1746718482, 0, 308, 667, 656, 12, 6.38%, 0, 0, 4, 26.81
1746718487, 0, 308, 670, 659, 12, 6.38%, 0, 0, 4, 27.23
1746718493, 0, 308, 673, 662, 12, 6.38%, 0, 0, 4, 28.63
1746718498, 0, 308, 675, 664, 12, 6.38%, 0, 0, 4, 28.73
1746718503, 0, 308, 676, 665, 12, 6.38%, 0, 0, 4, 30.11
1746718508, 0, 308, 679, 668, 12, 6.39%, 0, 0, 4, 30.55
1746718513, 0, 308, 682, 671, 12, 6.39%, 0, 0, 4, 26.95
1746718518, 0, 308, 683, 672, 12, 6.39%, 0, 0, 4, 28.86
1746718533, 0, 308, 686, 675, 12, 6.39%, 0, 0, 4, 29.42
1746718539, 0, 308, 687, 676, 12, 6.39%, 0, 0, 4, 29.90
1746718544, 0, 308, 689, 678, 12, 6.39%, 0, 0, 4, 29.32
1746718549, 0, 308, 690, 679, 12, 6.39%, 0, 0, 4, 29.50
1746718554, 0, 308, 693, 682, 12, 6.39%, 0, 0, 4, 28.72
1746718564, 0, 308, 694, 683, 12, 6.39%, 0, 0, 4, 30.06
1746718574, 0, 308, 695, 684, 12, 6.39%, 0, 0, 4, 30.19
1746718579, 0, 308, 696, 685, 12, 6.39%, 0, 0, 4, 30.46
1746718584, 0, 308, 697, 686, 12, 6.39%, 0, 0, 4, 29.39
1746718590, 0, 308, 698, 687, 12, 6.39%, 0, 0, 4, 30.57
1746718595, 0, 308, 701, 690, 12, 6.39%, 0, 0, 4, 28.47
1746718605, 0, 308, 702, 691, 12, 6.39%, 0, 0, 4, 29.19
1746718615, 0, 308, 704, 693, 12, 6.39%, 0, 0, 4, 30.91
1746718625, 0, 308, 706, 695, 12, 6.39%, 0, 0, 4, 28.90
1746718630, 0, 308, 708, 697, 12, 6.39%, 0, 0, 4, 27.90
1746718641, 0, 308, 710, 699, 12, 6.39%, 0, 0, 4, 29.15
1746718646, 0, 308, 711, 700, 12, 6.39%, 0, 0, 4, 30.10
1746718651, 0, 308, 712, 701, 12, 6.39%, 0, 0, 4, 30.02
1746718656, 0, 308, 713, 702, 12, 6.39%, 0, 0, 4, 29.90
1746718681, 0, 308, 714, 703, 12, 6.39%, 0, 0, 4, 29.87
1746718687, 0, 308, 716, 705, 12, 6.39%, 0, 0, 4, 29.21
1746718697, 0, 308, 718, 707, 12, 6.39%, 0, 0, 4, 28.56
1746718712, 0, 308, 720, 709, 12, 6.39%, 0, 0, 4, 29.16
1746718743, 0, 308, 721, 710, 12, 6.39%, 0, 0, 4, 30.07
1746718773, 0, 308, 722, 711, 12, 6.39%, 0, 0, 4, 29.87
1746718778, 0, 308, 723, 712, 12, 6.39%, 0, 0, 4, 30.16
1746718793, 0, 308, 724, 713, 12, 6.39%, 0, 0, 4, 29.61
1746718824, 0, 308, 726, 715, 12, 6.39%, 0, 0, 4, 28.25
1746718829, 0, 308, 728, 717, 12, 6.41%, 0, 0, 4, 28.26
1746718839, 0, 308, 731, 720, 12, 6.41%, 0, 0, 4, 28.70
1746718844, 0, 308, 733, 722, 12, 6.41%, 0, 0, 4, 28.06
1746718860, 0, 308, 734, 723, 12, 6.41%, 0, 0, 4, 28.83
1746718870, 0, 308, 735, 724, 12, 6.41%, 0, 0, 4, 30.72
1746718875, 0, 308, 737, 726, 12, 6.42%, 0, 0, 4, 27.93
1746718885, 0, 308, 738, 727, 12, 6.42%, 0, 0, 4, 28.53
1746718895, 0, 308, 739, 728, 12, 6.42%, 0, 0, 4, 29.20
1746718905, 0, 313, 739, 727, 18, 6.42%, 0, 0, 4, 32.31
1746719085, 0, 333, 739, 726, 18, 6.42%, 0, 0, 4, 41.07
1746719641, 0, 363, 739, 725, 18, 6.42%, 0, 0, 4, 41.94
1746719919, 0, 387, 739, 724, 17, 6.42%, 0, 0, 4, 41.60
1746720440, 0, 394, 739, 723, 16, 6.42%, 0, 0, 4, 34.86
1746721123, 0, 396, 739, 722, 16, 6.42%, 0, 0, 4, 38.11
1746721561, 0, 402, 739, 721, 15, 6.42%, 0, 0, 4, 44.61
1746721821, 0, 402, 740, 722, 15, 6.42%, 0, 0, 4, 45.05
1746721837, 0, 424, 740, 721, 15, 6.42%, 0, 0, 4, 47.06
1746722110, 0, 557, 740, 720, 14, 6.42%, 0, 0, 4, 33.45
1746723390, 0, 582, 740, 719, 14, 6.42%, 0, 0, 4, 29.44
1746725083, 0, 582, 741, 720, 14, 6.42%, 0, 0, 4, 26.30
1746725094, 0, 582, 743, 722, 14, 6.42%, 0, 0, 4, 25.61
1746725109, 0, 582, 744, 723, 14, 6.42%, 0, 0, 4, 25.55
1746725159, 0, 582, 745, 724, 14, 6.42%, 0, 0, 4, 26.88
1746725164, 0, 582, 746, 725, 14, 6.42%, 0, 0, 4, 26.55
1746725169, 0, 582, 747, 726, 14, 6.42%, 0, 0, 4, 25.03
1746725175, 0, 582, 748, 727, 14, 6.42%, 0, 0, 4, 26.45
1746725190, 0, 582, 749, 728, 14, 6.42%, 0, 0, 4, 25.62
1746725221, 0, 582, 750, 729, 14, 6.42%, 0, 0, 4, 26.51
1746725226, 0, 582, 751, 730, 14, 6.42%, 0, 0, 4, 27.25
1746725246, 0, 582, 752, 731, 14, 6.42%, 0, 0, 4, 25.72
1746725257, 0, 582, 753, 732, 14, 6.42%, 0, 0, 4, 26.06
1746725262, 0, 582, 754, 733, 14, 6.42%, 0, 0, 4, 25.03
1746725307, 0, 582, 755, 734, 14, 6.42%, 0, 0, 4, 26.06
1746725333, 0, 582, 756, 735, 14, 6.42%, 0, 0, 4, 26.33
1746725348, 0, 582, 757, 736, 14, 6.42%, 0, 0, 4, 26.02
1746725353, 0, 582, 758, 737, 14, 6.42%, 0, 0, 4, 26.45
1746725368, 0, 582, 759, 738, 14, 6.42%, 0, 0, 4, 25.43
1746725379, 0, 582, 761, 740, 14, 6.42%, 0, 0, 4, 24.36
1746725404, 0, 582, 762, 741, 14, 6.42%, 0, 0, 4, 25.76
1746725409, 0, 582, 763, 742, 14, 6.42%, 0, 0, 4, 26.98
1746725425, 0, 582, 764, 743, 14, 6.42%, 0, 0, 4, 25.56
1746725475, 0, 582, 765, 744, 14, 6.42%, 0, 0, 4, 26.46
1746725496, 0, 582, 767, 746, 14, 6.42%, 0, 0, 4, 25.87
1746725506, 0, 582, 768, 747, 14, 6.42%, 0, 0, 4, 24.84
1746725511, 0, 582, 769, 748, 14, 6.42%, 0, 0, 4, 25.61
1746725526, 0, 582, 770, 749, 14, 6.42%, 0, 0, 4, 26.39
1746725546, 0, 587, 770, 748, 12, 6.42%, 0, 0, 4, 26.38
1746726585, 0, 650, 770, 747, 11, 6.42%, 0, 0, 4, 28.40
1746727838, 0, 654, 770, 746, 10, 6.42%, 0, 0, 4, 27.27
1746728929, 0, 654, 771, 747, 10, 6.42%, 0, 0, 5, 28.44
1746728944, 0, 654, 773, 749, 10, 6.42%, 0, 0, 5, 28.94
1746728980, 0, 654, 774, 750, 10, 6.42%, 0, 0, 5, 29.91
1746729113, 0, 654, 775, 751, 10, 6.42%, 0, 0, 5, 30.86
1746729129, 0, 654, 776, 752, 10, 6.42%, 0, 0, 5, 30.59
1746729149, 0, 654, 777, 753, 10, 6.42%, 0, 0, 5, 30.32
1746729180, 0, 654, 778, 754, 10, 6.42%, 0, 0, 5, 30.01
1746729216, 0, 654, 779, 755, 10, 6.42%, 0, 0, 5, 30.29
1746729221, 0, 654, 780, 756, 10, 6.42%, 0, 0, 5, 30.25
1746729251, 0, 654, 781, 757, 10, 6.42%, 0, 0, 5, 29.62
1746729272, 0, 654, 782, 758, 10, 6.42%, 0, 0, 5, 28.94
1746729334, 0, 654, 783, 759, 10, 6.42%, 0, 0, 5, 30.37
1746729380, 0, 654, 784, 760, 10, 6.42%, 0, 0, 5, 30.27
1746729425, 0, 654, 785, 761, 10, 6.42%, 0, 0, 5, 28.90
1746729472, 0, 674, 785, 760, 10, 6.42%, 0, 0, 5, 29.98
1746730546, 0, 678, 785, 759, 6, 6.42%, 0, 0, 5, 30.35
1746730576, 0, 678, 786, 760, 6, 6.42%, 0, 0, 5, 27.21
1746731560, 0, 726, 786, 759, 6, 6.42%, 0, 0, 5, 22.57
1746731575, 0, 726, 788, 761, 6, 6.42%, 0, 0, 5, 17.12
1746731580, 0, 726, 789, 762, 6, 6.42%, 0, 0, 5, 17.04
1746731606, 0, 726, 791, 764, 6, 6.42%, 0, 0, 5, 16.97
1746731652, 0, 726, 793, 766, 6, 6.42%, 0, 0, 5, 17.40
1746731668, 0, 726, 794, 767, 6, 6.42%, 0, 0, 5, 17.11
1746731673, 0, 726, 795, 768, 6, 6.42%, 0, 0, 5, 17.02
1746731699, 0, 726, 796, 769, 6, 6.42%, 0, 0, 5, 17.29
1746731704, 0, 726, 797, 770, 6, 6.42%, 0, 0, 5, 17.33
1746731921, 0, 726, 798, 771, 6, 6.42%, 0, 0, 5, 17.41
1746731936, 0, 726, 799, 772, 6, 6.42%, 0, 0, 5, 17.52
1746731941, 0, 726, 800, 773, 6, 6.42%, 0, 0, 5, 18.05
1746731946, 0, 726, 801, 774, 6, 6.42%, 0, 0, 5, 17.43
1746731957, 0, 726, 803, 776, 6, 6.42%, 0, 0, 5, 18.20
1746732199, 0, 726, 804, 777, 6, 6.42%, 0, 0, 5, 16.87
1746732982, 0, 726, 805, 778, 6, 6.42%, 0, 0, 5, 19.29
1746733213, 0, 726, 806, 779, 6, 6.42%, 0, 0, 5, 18.29
1746733332, 0, 726, 807, 780, 6, 6.42%, 0, 0, 5, 20.49
1746733625, 0, 726, 808, 781, 6, 6.42%, 0, 0, 5, 19.13
1746733702, 0, 726, 809, 782, 6, 6.42%, 0, 0, 5, 17.17
1746733861, 0, 726, 811, 784, 6, 6.42%, 0, 0, 5, 19.69
1746733866, 0, 726, 812, 785, 6, 6.42%, 0, 0, 5, 21.54
1746733877, 0, 726, 813, 786, 6, 6.42%, 0, 0, 5, 21.21
1746733892, 0, 726, 815, 788, 6, 6.42%, 0, 0, 5, 21.78
1746733897, 0, 726, 816, 789, 6, 6.42%, 0, 0, 5, 21.39
1746733902, 0, 726, 818, 791, 6, 6.42%, 0, 0, 5, 20.41
1746733908, 0, 726, 820, 793, 6, 6.42%, 0, 0, 5, 21.32
1746733913, 0, 726, 821, 794, 6, 6.42%, 0, 0, 5, 21.01
1746733918, 0, 726, 823, 796, 6, 6.42%, 0, 0, 5, 20.51
1746733928, 0, 726, 824, 797, 6, 6.42%, 0, 0, 5, 21.57
1746733933, 0, 726, 825, 798, 6, 6.42%, 0, 0, 5, 22.12
1746733938, 0, 726, 827, 800, 6, 6.42%, 0, 0, 5, 22.66
1746733943, 0, 726, 828, 801, 6, 6.42%, 0, 0, 5, 21.52
1746733948, 0, 726, 829, 802, 6, 6.42%, 0, 0, 5, 21.83
1746733953, 0, 726, 830, 803, 6, 6.42%, 0, 0, 5, 21.68
1746733969, 0, 726, 831, 804, 6, 6.42%, 0, 0, 5, 22.32
1746734010, 0, 726, 832, 805, 6, 6.42%, 0, 0, 5, 21.06
1746734015, 0, 726, 833, 806, 6, 6.42%, 0, 0, 5, 20.76
1746734040, 0, 726, 834, 807, 6, 6.42%, 0, 0, 5, 21.12
1746734046, 0, 726, 836, 809, 6, 6.42%, 0, 0, 5, 21.06
1746734051, 0, 726, 837, 810, 6, 6.42%, 0, 0, 5, 21.38
1746734056, 0, 726, 838, 811, 6, 6.42%, 0, 0, 5, 21.78
1746734076, 0, 726, 839, 812, 6, 6.42%, 0, 0, 5, 21.33
1746734087, 0, 726, 840, 813, 6, 6.42%, 0, 0, 5, 20.41
1746734097, 0, 726, 841, 814, 6, 6.42%, 0, 0, 5, 21.09
1746734102, 0, 726, 842, 815, 6, 6.42%, 0, 0, 5, 22.03
1746734143, 0, 726, 844, 817, 6, 6.42%, 0, 0, 5, 20.56
1746734204, 0, 726, 845, 818, 6, 6.42%, 0, 0, 5, 22.17
1746734245, 0, 726, 846, 819, 6, 6.42%, 0, 0, 5, 21.46
1746734255, 0, 726, 847, 820, 6, 6.42%, 0, 0, 5, 21.76
1746734260, 0, 726, 848, 821, 6, 6.42%, 0, 0, 5, 20.77
1746734301, 0, 726, 849, 822, 6, 6.42%, 0, 0, 5, 21.20
1746734307, 0, 726, 850, 823, 6, 6.42%, 0, 0, 5, 20.95
1746734343, 0, 726, 851, 824, 6, 6.42%, 0, 0, 5, 21.74
1746734353, 0, 726, 852, 825, 6, 6.42%, 0, 0, 5, 21.67
1746734358, 0, 726, 853, 826, 6, 6.42%, 0, 0, 5, 20.90
1746734368, 0, 726, 854, 827, 6, 6.42%, 0, 0, 5, 22.08
1746734383, 0, 726, 855, 828, 6, 6.42%, 0, 0, 5, 21.71
1746734440, 0, 735, 855, 827, 7, 6.42%, 0, 0, 5, 19.93
1746734465, 0, 735, 856, 828, 7, 6.42%, 0, 0, 5, 17.41
1746734470, 0, 735, 858, 830, 7, 6.42%, 0, 0, 5, 17.45
1746734475, 0, 735, 860, 832, 7, 6.42%, 0, 0, 5, 17.47
1746734865, 0, 735, 861, 833, 7, 6.42%, 0, 0, 5, 17.47
1746736124, 0, 735, 862, 834, 7, 6.42%, 0, 0, 5, 17.39
1746736681, 0, 735, 863, 835, 7, 6.42%, 0, 0, 5, 17.92
1746736950, 0, 735, 864, 836, 7, 6.42%, 0, 0, 5, 17.56
1746737274, 0, 735, 866, 838, 7, 6.42%, 0, 0, 5, 18.71
1746737284, 0, 735, 867, 839, 7, 6.42%, 0, 0, 5, 19.50
1746737289, 0, 735, 868, 840, 7, 6.42%, 0, 0, 5, 19.51
1746737294, 0, 735, 870, 842, 7, 6.42%, 0, 0, 5, 19.34
1746737299, 0, 735, 871, 843, 7, 6.42%, 0, 0, 5, 19.87
1746737309, 0, 735, 873, 845, 7, 6.42%, 0, 0, 5, 18.74
1746737335, 0, 735, 874, 846, 7, 6.42%, 0, 0, 5, 19.77
1746737350, 0, 735, 875, 847, 7, 6.42%, 0, 0, 5, 19.76
1746737386, 0, 735, 876, 848, 7, 6.42%, 0, 0, 5, 19.62
1746737397, 0, 735, 877, 849, 7, 6.42%, 0, 0, 5, 19.37
1746737402, 0, 735, 878, 850, 7, 6.42%, 0, 0, 5, 20.17
1746737432, 0, 735, 879, 851, 7, 6.42%, 0, 0, 5, 19.96
1746737442, 0, 735, 880, 852, 7, 6.42%, 0, 0, 5, 20.14
1746737458, 0, 735, 882, 854, 7, 6.42%, 0, 0, 5, 19.17
1746737514, 0, 735, 883, 855, 7, 6.42%, 0, 0, 5, 19.41
1746737540, 0, 735, 884, 856, 7, 6.42%, 0, 0, 5, 19.92
1746737550, 0, 735, 885, 857, 7, 6.42%, 0, 0, 5, 19.65
1746737586, 0, 735, 886, 858, 7, 6.42%, 0, 0, 5, 19.91
1746737602, 0, 735, 887, 859, 7, 6.42%, 0, 0, 5, 20.18
1746737663, 0, 735, 888, 860, 7, 6.42%, 0, 0, 5, 19.51
1746737699, 0, 735, 889, 861, 7, 6.42%, 0, 0, 5, 19.80
1746737704, 0, 735, 890, 862, 7, 6.42%, 0, 0, 5, 19.49
1746737750, 0, 735, 891, 863, 7, 6.42%, 0, 0, 5, 20.20
1746737796, 0, 735, 892, 864, 7, 6.42%, 0, 0, 5, 20.08
1746737836, 0, 735, 893, 865, 7, 6.42%, 0, 0, 5, 19.31
1746737847, 0, 735, 894, 866, 7, 6.42%, 0, 0, 5, 19.89
1746737857, 0, 735, 896, 868, 7, 6.42%, 0, 0, 5, 19.68
1746737898, 0, 764, 896, 867, 7, 6.42%, 0, 0, 5, 21.19
1746737944, 0, 764, 897, 868, 7, 6.42%, 0, 0, 5, 19.45
1746740079, 0, 768, 897, 867, 6, 6.42%, 0, 0, 5, 23.15
1746742286, 0, 768, 899, 869, 6, 6.42%, 0, 0, 5, 21.99
1746742393, 0, 783, 899, 868, 5, 6.42%, 0, 0, 5, 24.02
1746743594, 0, 785, 899, 867, 4, 6.42%, 0, 0, 5, 37.73
1746744345, 0, 785, 900, 868, 4, 6.42%, 0, 0, 6, 41.63
1746744375, 0, 814, 900, 867, 3, 6.42%, 0, 0, 6, 40.30
1746747292, 0, 858, 900, 866, 2, 6.42%, 0, 0, 6, 16.66
1746750356, 0, 858, 901, 867, 2, 6.42%, 0, 0, 6, 19.61
1746750376, 0, 858, 902, 868, 2, 6.42%, 0, 0, 6, 18.65
1746750397, 0, 858, 903, 869, 2, 6.42%, 0, 0, 6, 18.87
1746750515, 0, 858, 904, 870, 2, 6.42%, 0, 0, 6, 20.51
1746750637, 0, 858, 905, 871, 2, 6.42%, 0, 0, 6, 26.97
1746750668, 0, 858, 906, 872, 2, 6.42%, 0, 0, 6, 25.60
1746750709, 0, 858, 907, 873, 2, 6.42%, 0, 0, 6, 26.08
1746750745, 0, 858, 908, 874, 2, 6.42%, 0, 0, 6, 25.90
1746750852, 1, 72, 908, 873, 1, 6.42%, 0, 0, 6, 36.11
1746751000, 1, 72, 911, 876, 1, 6.42%, 0, 0, 6, 63.60
1746751005, 1, 72, 913, 878, 1, 6.42%, 0, 0, 6, 65.21
1746751015, 1, 72, 915, 880, 1, 6.42%, 0, 0, 6, 63.69
1746751020, 1, 72, 916, 881, 1, 6.42%, 0, 0, 6, 66.91
1746751046, 1, 72, 917, 882, 1, 6.42%, 0, 0, 6, 67.51
1746751067, 1, 72, 918, 883, 1, 6.42%, 0, 0, 6, 69.89
1746751077, 1, 72, 919, 884, 1, 6.42%, 0, 0, 6, 71.54
1746751082, 1, 72, 920, 885, 1, 6.42%, 0, 0, 6, 67.29
1746751087, 1, 72, 924, 889, 1, 6.42%, 0, 0, 6, 57.82
1746751092, 1, 72, 925, 890, 1, 6.42%, 0, 0, 6, 64.87
1746751108, 1, 72, 926, 891, 1, 6.42%, 0, 0, 6, 64.33
1746751113, 1, 72, 927, 892, 1, 6.42%, 0, 0, 6, 67.60
1746751123, 1, 72, 928, 893, 1, 6.42%, 0, 0, 6, 68.11
1746751128, 1, 72, 929, 894, 1, 6.42%, 0, 0, 6, 67.41
1746751169, 1, 72, 930, 895, 1, 6.42%, 0, 0, 6, 66.89
1746751179, 1, 72, 932, 897, 1, 6.42%, 0, 0, 6, 64.67
1746751189, 1, 72, 933, 898, 1, 6.42%, 0, 0, 6, 68.61
1746751210, 1, 72, 934, 899, 1, 6.42%, 0, 0, 6, 67.95
1746751220, 1, 72, 935, 900, 1, 6.42%, 0, 0, 6, 67.64
1746751235, 1, 261, 935, 899, 2, 6.42%, 0, 0, 6, 53.79
1746751895, 1, 295, 935, 898, 2, 6.42%, 0, 0, 6, 51.52
1746752168, 1, 295, 936, 899, 2, 6.42%, 0, 0, 6, 58.59
1746752178, 1, 406, 936, 898, 1, 6.42%, 0, 0, 6, 62.49
1746752610, 1, 456, 936, 897, 1, 6.42%, 0, 0, 6, 54.09
1746753123, 1, 456, 937, 898, 1, 6.42%, 0, 0, 6, 49.48
1746753133, 1, 518, 937, 897, 1, 6.42%, 0, 0, 6, 55.62
1746753308, 1, 518, 938, 898, 1, 6.42%, 0, 0, 6, 67.41
1746753318, 1, 624, 938, 897, 2, 6.42%, 0, 0, 6, 38.71
1746754921, 1, 624, 940, 899, 2, 6.42%, 0, 0, 6, 35.79
1746754947, 1, 624, 941, 900, 2, 6.42%, 0, 0, 6, 35.52
1746754952, 1, 624, 942, 901, 2, 6.42%, 0, 0, 6, 33.73
1746754957, 1, 624, 945, 904, 2, 6.42%, 0, 0, 6, 33.20
1746754962, 1, 624, 946, 905, 2, 6.42%, 0, 0, 6, 35.18
1746754978, 1, 624, 947, 906, 2, 6.42%, 0, 0, 6, 39.73
1746754993, 1, 624, 948, 907, 2, 6.42%, 0, 0, 6, 35.21
1746754998, 1, 624, 949, 908, 2, 6.42%, 0, 0, 6, 37.22
1746755003, 1, 624, 950, 909, 2, 6.42%, 0, 0, 6, 36.97
1746755024, 1, 624, 951, 910, 2, 6.42%, 0, 0, 6, 34.66
1746755029, 1, 624, 952, 911, 2, 6.42%, 0, 0, 6, 35.05
1746755044, 1, 624, 953, 912, 2, 6.42%, 0, 0, 6, 37.29
1746755059, 1, 624, 954, 913, 2, 6.42%, 0, 0, 6, 34.47
1746755075, 1, 624, 955, 914, 2, 6.42%, 0, 0, 6, 38.55
1746755080, 1, 624, 956, 915, 2, 6.42%, 0, 0, 6, 36.00
1746755116, 1, 624, 957, 916, 2, 6.42%, 0, 0, 6, 36.83
1746755121, 1, 624, 959, 918, 2, 6.42%, 0, 0, 6, 32.99
1746755126, 1, 624, 960, 919, 2, 6.42%, 0, 0, 6, 35.63
1746755131, 1, 624, 962, 921, 2, 6.42%, 0, 0, 6, 32.76
1746755173, 1, 624, 964, 923, 2, 6.42%, 0, 0, 6, 30.55
1746755214, 1, 624, 965, 924, 2, 6.42%, 0, 0, 6, 35.75
1746755224, 1, 624, 966, 925, 2, 6.42%, 0, 0, 6, 37.33
1746755245, 1, 624, 967, 926, 2, 6.42%, 0, 0, 6, 37.27
1746755260, 1, 624, 968, 927, 2, 6.42%, 0, 0, 6, 34.51
1746755291, 1, 624, 969, 928, 2, 6.42%, 0, 0, 6, 32.13
1746755296, 1, 624, 970, 929, 2, 6.42%, 0, 0, 6, 35.44
1746755358, 1, 966, 970, 928, 1, 6.42%, 0, 0, 6, 35.72
1746755445, 1, 966, 971, 929, 1, 6.42%, 0, 0, 6, 13.47
1746755486, 1, 966, 972, 930, 1, 6.42%, 0, 0, 6, 13.51
1746755584, 1, 966, 973, 931, 1, 6.42%, 0, 0, 6, 13.70
1746755640, 1, 966, 974, 932, 1, 6.42%, 0, 0, 6, 13.73
1746755645, 1, 966, 975, 933, 1, 6.42%, 0, 0, 6, 13.73
1746755660, 1, 966, 976, 934, 1, 6.42%, 0, 0, 6, 13.84
1746755665, 1, 966, 977, 935, 1, 6.42%, 0, 0, 6, 14.94
