# unix_time, cycles_done, cur_path, paths_total, pending_total, pending_favs, map_size, unique_crashes, unique_hangs, max_depth, execs_per_sec
1746712924, 0, 0, 1, 1, 1, 3.78%, 0, 0, 1, 47.06
1746712929, 0, 0, 21, 21, 1, 5.64%, 0, 0, 2, 56.06
1746712934, 0, 0, 40, 40, 1, 5.64%, 0, 0, 2, 59.16
1746712939, 0, 0, 53, 53, 1, 5.65%, 0, 0, 2, 61.45
1746712944, 0, 0, 59, 59, 1, 5.75%, 0, 0, 2, 62.99
1746712949, 0, 0, 66, 66, 1, 5.75%, 0, 0, 2, 64.38
1746712955, 0, 0, 74, 74, 1, 5.75%, 0, 0, 2, 61.63
1746712960, 0, 0, 79, 79, 1, 5.76%, 0, 0, 2, 60.08
1746712965, 0, 0, 84, 84, 1, 5.76%, 0, 0, 2, 64.83
1746712970, 0, 0, 89, 89, 1, 5.76%, 0, 0, 2, 64.44
1746712975, 0, 0, 92, 92, 1, 5.76%, 0, 0, 2, 61.62
1746712980, 0, 0, 99, 99, 1, 5.77%, 0, 0, 2, 62.09
1746712985, 0, 0, 104, 104, 1, 5.77%, 0, 0, 2, 62.03
1746712991, 0, 0, 107, 107, 1, 5.77%, 0, 0, 2, 64.08
1746712996, 0, 0, 112, 112, 1, 5.77%, 0, 0, 2, 64.33
1746713001, 0, 0, 113, 113, 1, 5.77%, 0, 0, 2, 67.01
1746713006, 0, 0, 114, 114, 1, 5.77%, 0, 0, 2, 68.65
1746713011, 0, 0, 118, 118, 1, 5.77%, 0, 0, 2, 66.60
1746713016, 0, 0, 123, 123, 1, 5.77%, 0, 0, 2, 63.44
1746713021, 0, 0, 126, 126, 1, 5.77%, 0, 0, 2, 66.18
1746713026, 0, 0, 130, 130, 1, 5.77%, 0, 0, 2, 65.14
1746713032, 0, 0, 132, 132, 1, 5.77%, 0, 0, 2, 65.52
1746713037, 0, 0, 137, 137, 1, 5.77%, 0, 0, 2, 61.88
1746713042, 0, 0, 141, 141, 1, 5.77%, 0, 0, 2, 63.43
1746713047, 0, 0, 143, 143, 1, 5.77%, 0, 0, 2, 66.07
1746713052, 0, 0, 148, 148, 1, 5.77%, 0, 0, 2, 60.80
1746713057, 0, 0, 151, 151, 1, 5.77%, 0, 0, 2, 64.60
1746713062, 0, 0, 152, 152, 1, 5.77%, 0, 0, 2, 66.27
1746713068, 0, 0, 154, 154, 1, 5.77%, 0, 0, 2, 64.98
1746713078, 0, 0, 157, 157, 1, 5.77%, 0, 0, 2, 67.44
1746713083, 0, 0, 158, 158, 1, 5.77%, 0, 0, 2, 67.02
1746713088, 0, 0, 159, 159, 1, 5.77%, 0, 0, 2, 67.49
1746713093, 0, 0, 160, 160, 1, 5.77%, 0, 0, 2, 68.35
1746713098, 0, 0, 163, 163, 1, 5.77%, 0, 0, 2, 66.56
1746713104, 0, 0, 164, 164, 1, 5.77%, 0, 0, 2, 66.84
1746713109, 0, 0, 166, 166, 1, 5.79%, 0, 0, 2, 67.73
1746713114, 0, 0, 168, 168, 1, 5.79%, 0, 0, 2, 64.36
1746713124, 0, 0, 169, 169, 1, 5.79%, 0, 0, 2, 68.11
1746713130, 0, 0, 174, 174, 1, 5.79%, 0, 0, 2, 64.19
1746713135, 0, 0, 175, 175, 1, 5.79%, 0, 0, 2, 66.07
1746713140, 0, 0, 177, 177, 1, 5.79%, 0, 0, 2, 64.42
1746713145, 0, 0, 180, 180, 1, 5.79%, 0, 0, 2, 63.57
1746713150, 0, 0, 181, 181, 1, 5.79%, 0, 0, 2, 65.13
1746713155, 0, 0, 183, 183, 1, 5.79%, 0, 0, 2, 64.77
1746713160, 0, 0, 185, 185, 1, 5.79%, 0, 0, 2, 67.57
1746713165, 0, 0, 186, 186, 1, 5.79%, 0, 0, 2, 65.71
1746713176, 0, 0, 188, 188, 1, 5.79%, 0, 0, 2, 67.21
1746713181, 0, 0, 191, 191, 1, 5.79%, 0, 0, 2, 66.88
1746713186, 0, 0, 194, 194, 1, 5.80%, 0, 0, 2, 66.76
1746713196, 0, 0, 195, 195, 1, 5.80%, 0, 0, 2, 67.73
1746713201, 0, 1, 195, 194, 15, 5.80%, 0, 0, 2, 70.00
1746713207, 0, 1, 197, 196, 15, 5.80%, 0, 0, 3, 66.69
1746713212, 0, 1, 198, 197, 15, 5.80%, 0, 0, 3, 66.73
1746713217, 0, 1, 199, 198, 15, 5.80%, 0, 0, 3, 67.62
1746713227, 0, 1, 201, 200, 15, 6.13%, 0, 0, 3, 66.68
1746713233, 0, 1, 204, 203, 15, 6.13%, 0, 0, 3, 64.11
1746713238, 0, 1, 206, 205, 15, 6.13%, 0, 0, 3, 67.63
1746713243, 0, 1, 207, 206, 15, 6.13%, 0, 0, 3, 67.18
1746713248, 0, 1, 208, 207, 15, 6.13%, 0, 0, 3, 67.17
1746713253, 0, 1, 210, 209, 15, 6.13%, 0, 0, 3, 66.53
1746713269, 0, 1, 212, 211, 15, 6.13%, 0, 0, 3, 65.43
1746713274, 0, 1, 213, 212, 15, 6.13%, 0, 0, 3, 65.29
1746713284, 0, 1, 215, 214, 15, 6.13%, 0, 0, 3, 66.83
1746713289, 0, 1, 216, 215, 15, 6.13%, 0, 0, 3, 67.07
1746713294, 0, 1, 217, 216, 15, 6.13%, 0, 0, 3, 66.09
1746713299, 0, 1, 218, 217, 15, 6.13%, 0, 0, 3, 65.67
1746713305, 0, 1, 219, 218, 15, 6.13%, 0, 0, 3, 67.22
1746713310, 0, 1, 220, 219, 15, 6.13%, 0, 0, 3, 66.68
1746713315, 0, 1, 221, 220, 15, 6.13%, 0, 0, 3, 67.69
1746713320, 0, 1, 222, 221, 15, 6.13%, 0, 0, 3, 66.90
1746713325, 0, 1, 223, 222, 15, 6.13%, 0, 0, 3, 67.12
1746713330, 0, 1, 224, 223, 15, 6.13%, 0, 0, 3, 66.92
1746713340, 0, 1, 226, 225, 15, 6.13%, 0, 0, 3, 66.70
1746713346, 0, 1, 227, 226, 15, 6.13%, 0, 0, 3, 68.01
1746713356, 0, 1, 228, 227, 15, 6.13%, 0, 0, 3, 65.87
1746713366, 0, 1, 230, 229, 15, 6.13%, 0, 0, 3, 65.96
1746713371, 0, 1, 231, 230, 15, 6.13%, 0, 0, 3, 66.71
1746713382, 0, 1, 232, 231, 15, 6.13%, 0, 0, 3, 67.73
1746713402, 0, 1, 233, 232, 15, 6.13%, 0, 0, 3, 67.91
1746713418, 0, 1, 234, 233, 15, 6.13%, 0, 0, 3, 68.03
1746713428, 0, 1, 235, 234, 15, 6.13%, 0, 0, 3, 67.04
1746713433, 0, 1, 236, 235, 15, 6.13%, 0, 0, 3, 68.01
1746713444, 0, 1, 237, 236, 15, 6.13%, 0, 0, 3, 67.88
1746713454, 0, 7, 237, 235, 14, 6.13%, 0, 0, 3, 51.18
1746713649, 0, 7, 239, 237, 14, 6.13%, 0, 0, 3, 48.15
1746713654, 0, 7, 246, 244, 14, 6.13%, 0, 0, 3, 46.75
1746713659, 0, 7, 249, 247, 14, 6.13%, 0, 0, 3, 49.20
1746713664, 0, 7, 256, 254, 14, 6.13%, 0, 0, 3, 46.75
1746713669, 0, 7, 260, 258, 14, 6.13%, 0, 0, 3, 46.48
1746713674, 0, 7, 263, 261, 14, 6.13%, 0, 0, 3, 48.14
1746713679, 0, 7, 264, 262, 14, 6.14%, 0, 0, 3, 49.36
1746713684, 0, 7, 267, 265, 14, 6.14%, 0, 0, 3, 49.77
1746713689, 0, 7, 269, 267, 14, 6.14%, 0, 0, 3, 49.05
1746713694, 0, 7, 271, 269, 14, 6.14%, 0, 0, 3, 49.24
1746713699, 0, 7, 274, 272, 14, 6.14%, 0, 0, 3, 49.33
1746713704, 0, 7, 277, 275, 14, 6.16%, 0, 0, 3, 48.97
1746713709, 0, 7, 280, 278, 14, 6.16%, 0, 0, 3, 49.46
1746713714, 0, 7, 282, 280, 14, 6.44%, 0, 0, 3, 50.05
1746713719, 0, 7, 283, 281, 14, 6.44%, 0, 0, 3, 49.43
1746713725, 0, 7, 286, 284, 14, 6.44%, 0, 0, 3, 46.90
1746713730, 0, 7, 288, 286, 14, 6.44%, 0, 0, 3, 48.54
1746713735, 0, 7, 292, 290, 14, 6.44%, 0, 0, 3, 47.31
1746713740, 0, 7, 295, 293, 14, 6.44%, 0, 0, 3, 48.23
1746713745, 0, 7, 299, 297, 14, 6.44%, 0, 0, 3, 46.88
1746713750, 0, 7, 301, 299, 14, 6.44%, 0, 0, 3, 50.40
1746713755, 0, 7, 304, 302, 14, 6.44%, 0, 0, 3, 46.32
1746713760, 0, 7, 306, 304, 14, 6.44%, 0, 0, 3, 49.83
1746713765, 0, 7, 308, 306, 14, 6.44%, 0, 0, 3, 50.37
1746713770, 0, 7, 310, 308, 14, 6.44%, 0, 0, 3, 48.88
1746713775, 0, 7, 313, 311, 14, 6.50%, 0, 0, 3, 46.40
1746713781, 0, 7, 314, 312, 14, 6.50%, 0, 0, 3, 50.35
1746713791, 0, 7, 315, 313, 14, 6.50%, 0, 0, 3, 51.41
1746713796, 0, 7, 316, 314, 14, 6.50%, 0, 0, 3, 51.15
1746713801, 0, 7, 318, 316, 14, 6.50%, 0, 0, 3, 51.36
1746713806, 0, 7, 320, 318, 14, 6.50%, 0, 0, 3, 50.07
1746713811, 0, 7, 321, 319, 14, 6.50%, 0, 0, 3, 51.16
1746713821, 0, 7, 322, 320, 14, 6.51%, 0, 0, 3, 48.52
1746713831, 0, 7, 324, 322, 14, 6.51%, 0, 0, 3, 47.95
1746713841, 0, 7, 327, 325, 14, 6.51%, 0, 0, 3, 47.50
1746713851, 0, 7, 328, 326, 14, 6.76%, 0, 0, 3, 51.76
1746713862, 0, 7, 329, 327, 14, 6.85%, 0, 0, 3, 50.57
1746713877, 0, 7, 331, 329, 14, 6.85%, 0, 0, 3, 48.19
1746713882, 0, 7, 332, 330, 14, 6.88%, 0, 0, 3, 49.22
1746713887, 0, 7, 334, 332, 14, 6.95%, 0, 0, 3, 48.20
1746713892, 0, 7, 335, 333, 14, 6.95%, 0, 0, 3, 50.47
1746713897, 0, 7, 338, 336, 14, 6.95%, 0, 0, 3, 49.80
1746713902, 0, 7, 339, 337, 14, 6.95%, 0, 0, 3, 51.00
1746713912, 0, 7, 341, 339, 14, 6.95%, 0, 0, 3, 49.40
1746713917, 0, 7, 342, 340, 14, 6.95%, 0, 0, 3, 49.87
1746713928, 0, 7, 344, 342, 14, 6.95%, 0, 0, 3, 49.37
1746713933, 0, 7, 346, 344, 14, 6.95%, 0, 0, 3, 47.16
1746713938, 0, 7, 347, 345, 14, 6.96%, 0, 0, 3, 50.27
1746713943, 0, 7, 348, 346, 14, 6.96%, 0, 0, 3, 51.80
1746713948, 0, 7, 349, 347, 14, 6.96%, 0, 0, 3, 50.54
1746713973, 0, 7, 351, 349, 14, 6.96%, 0, 0, 3, 48.69
1746713978, 0, 7, 352, 350, 14, 6.96%, 0, 0, 3, 49.17
1746713983, 0, 7, 353, 351, 14, 6.96%, 0, 0, 3, 49.46
1746713993, 0, 7, 355, 353, 14, 6.96%, 0, 0, 3, 49.40
1746713999, 0, 76, 356, 353, 16, 6.96%, 0, 0, 3, 44.43
1746714321, 0, 76, 359, 356, 16, 6.96%, 0, 0, 3, 39.98
1746714326, 0, 76, 360, 357, 16, 6.96%, 0, 0, 3, 43.93
1746714336, 0, 76, 361, 358, 16, 6.96%, 0, 0, 3, 44.96
1746714346, 0, 76, 363, 360, 16, 6.96%, 0, 0, 3, 44.45
1746714351, 0, 76, 367, 364, 16, 6.96%, 0, 0, 3, 42.11
1746714356, 0, 76, 368, 365, 16, 6.96%, 0, 0, 3, 45.64
1746714361, 0, 76, 369, 366, 16, 6.96%, 0, 0, 3, 44.80
1746714366, 0, 76, 371, 368, 16, 6.96%, 0, 0, 3, 45.21
1746714371, 0, 76, 374, 371, 16, 6.96%, 0, 0, 3, 43.65
1746714382, 0, 76, 376, 373, 16, 6.96%, 0, 0, 3, 45.31
1746714387, 0, 76, 377, 374, 16, 6.96%, 0, 0, 3, 45.60
1746714392, 0, 76, 378, 375, 16, 6.96%, 0, 0, 3, 44.92
1746714397, 0, 76, 379, 376, 16, 6.96%, 0, 0, 3, 45.69
1746714402, 0, 76, 380, 377, 16, 6.97%, 0, 0, 3, 45.36
1746714407, 0, 76, 382, 379, 16, 6.97%, 0, 0, 3, 43.84
1746714412, 0, 76, 383, 380, 16, 6.97%, 0, 0, 3, 45.13
1746714417, 0, 76, 385, 382, 16, 6.97%, 0, 0, 3, 43.35
1746714422, 0, 76, 386, 383, 16, 6.97%, 0, 0, 3, 44.58
1746714427, 0, 76, 387, 384, 16, 6.97%, 0, 0, 3, 46.35
1746714433, 0, 76, 389, 386, 16, 6.97%, 0, 0, 3, 45.33
1746714438, 0, 76, 391, 388, 16, 6.97%, 0, 0, 3, 44.09
1746714443, 0, 76, 392, 389, 16, 6.97%, 0, 0, 3, 44.57
1746714448, 0, 76, 393, 390, 16, 6.97%, 0, 0, 3, 45.67
1746714453, 0, 76, 395, 392, 16, 6.97%, 0, 0, 3, 44.10
1746714463, 0, 76, 398, 395, 16, 6.97%, 0, 0, 3, 42.17
1746714478, 0, 76, 401, 398, 16, 6.97%, 0, 0, 3, 44.64
1746714488, 0, 76, 402, 399, 16, 6.97%, 0, 0, 3, 46.57
1746714494, 0, 76, 404, 401, 16, 6.97%, 0, 0, 3, 45.47
1746714499, 0, 76, 405, 402, 16, 6.97%, 0, 0, 3, 45.91
1746714514, 0, 76, 406, 403, 16, 6.97%, 0, 0, 3, 45.88
1746714524, 0, 76, 408, 405, 16, 6.97%, 0, 0, 3, 47.11
1746714534, 0, 76, 409, 406, 16, 6.97%, 0, 0, 3, 45.67
1746714539, 0, 76, 410, 407, 16, 6.97%, 0, 0, 3, 45.48
1746714554, 0, 76, 411, 408, 16, 6.97%, 0, 0, 3, 45.31
1746714575, 0, 76, 413, 410, 16, 6.97%, 0, 0, 3, 43.78
1746714590, 0, 76, 414, 411, 16, 6.98%, 0, 0, 3, 47.06
1746714595, 0, 76, 415, 412, 16, 6.98%, 0, 0, 3, 45.89
1746714600, 0, 76, 416, 413, 16, 6.98%, 0, 0, 3, 45.50
1746714615, 0, 76, 417, 414, 16, 6.98%, 0, 0, 3, 46.67
1746714620, 0, 76, 419, 416, 16, 6.98%, 0, 0, 3, 46.69
1746714625, 0, 76, 420, 417, 16, 6.98%, 0, 0, 3, 46.80
1746714631, 0, 76, 421, 418, 16, 6.98%, 0, 0, 3, 46.17
1746714646, 0, 76, 422, 419, 16, 6.98%, 0, 0, 3, 47.53
1746714651, 0, 76, 423, 420, 16, 6.98%, 0, 0, 3, 45.49
1746714681, 0, 76, 425, 422, 16, 6.98%, 0, 0, 3, 43.19
1746714686, 0, 76, 427, 424, 16, 6.98%, 0, 0, 3, 41.41
1746714691, 0, 176, 427, 423, 17, 6.98%, 0, 0, 3, 37.13
1746714758, 0, 176, 428, 424, 17, 6.98%, 0, 0, 3, 34.14
1746715218, 0, 176, 429, 425, 17, 6.98%, 0, 0, 3, 36.08
1746715228, 0, 176, 430, 426, 17, 6.98%, 0, 0, 3, 39.20
1746715233, 0, 176, 432, 428, 17, 6.98%, 0, 0, 3, 37.15
1746715239, 0, 176, 433, 429, 17, 6.98%, 0, 0, 3, 38.21
1746715254, 0, 176, 434, 430, 17, 6.98%, 0, 0, 3, 39.19
1746715259, 0, 176, 436, 432, 17, 6.98%, 0, 0, 3, 40.76
1746715264, 0, 176, 437, 433, 17, 6.98%, 0, 0, 3, 40.23
1746715269, 0, 176, 438, 434, 17, 6.98%, 0, 0, 3, 37.49
1746715274, 0, 176, 441, 437, 17, 6.98%, 0, 0, 3, 38.26
1746715279, 0, 176, 443, 439, 17, 6.98%, 0, 0, 3, 39.46
1746715285, 0, 176, 445, 441, 17, 6.98%, 0, 0, 3, 39.42
1746715290, 0, 176, 446, 442, 17, 6.98%, 0, 0, 3, 38.96
1746715295, 0, 176, 447, 443, 17, 6.98%, 0, 0, 3, 40.01
1746715300, 0, 176, 448, 444, 17, 6.98%, 0, 0, 3, 41.37
1746715310, 0, 176, 449, 445, 17, 6.98%, 0, 0, 3, 40.16
1746715315, 0, 176, 450, 446, 17, 6.98%, 0, 0, 3, 39.27
1746715331, 0, 176, 453, 449, 17, 6.98%, 0, 0, 3, 38.80
1746715336, 0, 176, 455, 451, 17, 6.98%, 0, 0, 3, 38.89
1746715361, 0, 176, 456, 452, 17, 6.98%, 0, 0, 3, 41.40
1746715367, 0, 176, 458, 454, 17, 6.98%, 0, 0, 3, 39.10
1746715372, 0, 176, 459, 455, 17, 6.98%, 0, 0, 3, 38.62
1746715377, 0, 176, 461, 457, 17, 6.98%, 0, 0, 3, 38.92
1746715382, 0, 176, 462, 458, 17, 6.98%, 0, 0, 3, 38.67
1746715392, 0, 176, 463, 459, 17, 7.01%, 0, 0, 3, 39.52
1746715397, 0, 176, 464, 460, 17, 7.01%, 0, 0, 3, 40.54
1746715402, 0, 176, 465, 461, 17, 7.01%, 0, 0, 3, 37.33
1746715413, 0, 176, 467, 463, 17, 7.01%, 0, 0, 3, 38.97
1746715458, 0, 176, 468, 464, 17, 7.01%, 0, 0, 3, 39.95
1746715469, 0, 176, 469, 465, 17, 7.01%, 0, 0, 3, 39.95
1746715474, 0, 176, 470, 466, 17, 7.01%, 0, 0, 3, 40.66
1746715479, 0, 176, 471, 467, 17, 7.01%, 0, 0, 3, 39.33
1746715489, 0, 176, 473, 469, 17, 7.01%, 0, 0, 3, 37.64
1746715494, 0, 176, 476, 472, 17, 7.01%, 0, 0, 3, 38.61
1746715535, 0, 176, 477, 473, 17, 7.01%, 0, 0, 3, 39.64
1746715540, 0, 176, 480, 476, 17, 7.01%, 0, 0, 3, 37.28
1746715550, 0, 176, 481, 477, 17, 7.01%, 0, 0, 3, 40.09
1746715581, 0, 176, 482, 478, 17, 7.01%, 0, 0, 3, 41.10
1746715601, 0, 176, 483, 479, 17, 7.01%, 0, 0, 3, 40.42
1746715617, 0, 176, 484, 480, 17, 7.01%, 0, 0, 3, 41.03
1746715642, 0, 187, 484, 479, 20, 7.01%, 0, 0, 3, 40.52
1746715995, 0, 187, 485, 480, 20, 7.01%, 0, 0, 3, 44.40
1746716000, 0, 187, 487, 482, 20, 7.01%, 0, 0, 3, 44.86
1746716010, 0, 187, 488, 483, 20, 7.01%, 0, 0, 3, 45.07
1746716015, 0, 187, 489, 484, 20, 7.01%, 0, 0, 3, 46.26
1746716020, 0, 187, 492, 487, 20, 7.01%, 0, 0, 3, 45.50
1746716030, 0, 187, 493, 488, 20, 7.01%, 0, 0, 3, 46.14
1746716046, 0, 187, 494, 489, 20, 7.01%, 0, 0, 3, 46.78
1746716051, 0, 187, 495, 490, 20, 7.01%, 0, 0, 3, 44.54
1746716076, 0, 187, 496, 491, 20, 7.01%, 0, 0, 3, 43.94
1746716091, 0, 187, 497, 492, 20, 7.01%, 0, 0, 3, 47.96
1746716112, 0, 187, 499, 494, 20, 7.06%, 0, 0, 3, 44.43
1746716147, 0, 187, 500, 495, 20, 7.06%, 0, 0, 3, 45.37
1746716162, 0, 187, 501, 496, 20, 7.06%, 0, 0, 3, 45.21
1746716294, 0, 187, 502, 497, 20, 7.06%, 0, 0, 3, 46.11
1746716299, 0, 187, 503, 498, 20, 7.06%, 0, 0, 3, 46.59
1746716350, 0, 220, 503, 497, 15, 7.06%, 0, 0, 3, 44.39
1746716659, 0, 344, 503, 496, 15, 7.06%, 0, 0, 3, 36.19
1746717242, 0, 344, 504, 497, 15, 7.06%, 0, 0, 4, 33.07
1746717248, 0, 344, 507, 500, 15, 7.06%, 0, 0, 4, 35.17
1746717253, 0, 344, 510, 503, 15, 7.06%, 0, 0, 4, 35.47
1746717258, 0, 344, 512, 505, 15, 7.09%, 0, 0, 4, 36.53
1746717263, 0, 344, 515, 508, 15, 7.09%, 0, 0, 4, 34.80
1746717268, 0, 344, 516, 509, 15, 7.09%, 0, 0, 4, 34.70
1746717273, 0, 344, 517, 510, 15, 7.09%, 0, 0, 4, 35.05
1746717278, 0, 344, 518, 511, 15, 7.09%, 0, 0, 4, 35.91
1746717299, 0, 344, 519, 512, 15, 7.09%, 0, 0, 4, 35.70
1746717304, 0, 344, 521, 514, 15, 7.09%, 0, 0, 4, 34.66
1746717309, 0, 344, 523, 516, 15, 7.09%, 0, 0, 4, 35.22
1746717315, 0, 344, 524, 517, 15, 7.09%, 0, 0, 4, 37.07
1746717320, 0, 344, 525, 518, 15, 7.09%, 0, 0, 4, 36.69
1746717325, 0, 344, 527, 520, 15, 7.09%, 0, 0, 4, 35.14
1746717330, 0, 344, 529, 522, 15, 7.09%, 0, 0, 4, 34.02
1746717335, 0, 344, 530, 523, 15, 7.09%, 0, 0, 4, 36.59
1746717345, 0, 344, 531, 524, 15, 7.09%, 0, 0, 4, 36.52
1746717350, 0, 344, 532, 525, 15, 7.09%, 0, 0, 4, 34.78
1746717361, 0, 344, 534, 527, 15, 7.09%, 0, 0, 4, 35.22
1746717376, 0, 344, 536, 529, 15, 7.09%, 0, 0, 4, 34.63
1746717381, 0, 344, 539, 532, 15, 7.11%, 0, 0, 4, 33.27
1746717386, 0, 344, 542, 535, 15, 7.12%, 0, 0, 4, 32.78
1746717396, 0, 344, 543, 536, 15, 7.12%, 0, 0, 4, 37.48
1746717402, 0, 344, 545, 538, 15, 7.12%, 0, 0, 4, 35.20
1746717417, 0, 344, 546, 539, 15, 7.12%, 0, 0, 4, 36.16
1746717422, 0, 344, 547, 540, 15, 7.12%, 0, 0, 4, 36.71
1746717448, 0, 344, 548, 541, 15, 7.12%, 0, 0, 4, 35.41
1746717468, 0, 344, 551, 544, 15, 7.12%, 0, 0, 4, 35.94
1746717494, 0, 344, 552, 545, 15, 7.12%, 0, 0, 4, 35.80
1746717499, 0, 344, 553, 546, 15, 7.12%, 0, 0, 4, 37.47
1746717504, 0, 344, 554, 547, 15, 7.12%, 0, 0, 4, 37.06
1746717509, 0, 344, 556, 549, 15, 7.12%, 0, 0, 4, 35.50
1746717514, 0, 344, 557, 550, 15, 7.12%, 0, 0, 4, 35.98
1746717530, 0, 344, 558, 551, 15, 7.12%, 0, 0, 4, 35.95
1746717550, 0, 344, 559, 552, 15, 7.12%, 0, 0, 4, 37.02
1746717566, 0, 344, 560, 553, 15, 7.12%, 0, 0, 4, 36.97
1746717601, 0, 344, 561, 554, 15, 7.12%, 0, 0, 4, 37.07
1746717607, 0, 344, 562, 555, 15, 7.12%, 0, 0, 4, 35.65
1746717617, 0, 344, 565, 558, 15, 7.12%, 0, 0, 4, 32.98
1746717658, 0, 344, 567, 560, 15, 7.12%, 0, 0, 4, 34.46
1746717668, 0, 344, 568, 561, 15, 7.12%, 0, 0, 4, 34.25
1746717673, 0, 344, 569, 562, 15, 7.12%, 0, 0, 4, 36.61
1746717683, 0, 344, 570, 563, 15, 7.12%, 0, 0, 4, 35.06
1746717709, 0, 440, 570, 562, 14, 7.12%, 0, 0, 4, 37.71
1746718253, 0, 464, 570, 561, 13, 7.12%, 0, 0, 4, 32.35
1746718284, 0, 464, 571, 562, 13, 7.12%, 0, 0, 4, 15.86
1746718289, 0, 464, 573, 564, 13, 7.12%, 0, 0, 4, 15.88
1746718299, 0, 464, 574, 565, 13, 7.12%, 0, 0, 4, 15.85
1746718304, 0, 464, 575, 566, 13, 7.12%, 0, 0, 4, 15.68
1746718309, 0, 464, 577, 568, 13, 7.12%, 0, 0, 4, 16.06
1746718314, 0, 464, 579, 570, 13, 7.12%, 0, 0, 4, 15.83
1746718330, 0, 464, 582, 573, 13, 7.12%, 0, 0, 4, 16.35
1746718335, 0, 464, 583, 574, 13, 7.12%, 0, 0, 4, 16.10
1746718340, 0, 464, 584, 575, 13, 7.12%, 0, 0, 4, 15.91
1746718345, 0, 464, 585, 576, 13, 7.12%, 0, 0, 4, 16.11
1746718350, 0, 464, 587, 578, 13, 7.12%, 0, 0, 4, 15.92
1746718361, 0, 464, 588, 579, 13, 7.12%, 0, 0, 4, 16.14
1746718366, 0, 464, 592, 583, 13, 7.12%, 0, 0, 4, 15.66
1746718371, 0, 464, 596, 587, 13, 7.12%, 0, 0, 4, 16.08
1746718651, 0, 464, 597, 588, 13, 7.12%, 0, 0, 4, 16.20
1746718656, 0, 464, 598, 589, 13, 7.12%, 0, 0, 4, 16.79
1746718687, 0, 464, 600, 591, 13, 7.12%, 0, 0, 4, 16.17
1746718759, 0, 464, 601, 592, 13, 7.13%, 0, 0, 4, 16.88
1746718769, 0, 464, 602, 593, 13, 7.13%, 0, 0, 4, 16.71
1746718774, 0, 464, 605, 596, 13, 7.13%, 0, 0, 4, 16.19
1746718779, 0, 464, 606, 597, 13, 7.13%, 0, 0, 4, 16.25
1746718789, 0, 464, 608, 599, 13, 7.13%, 0, 0, 4, 16.26
1746718800, 0, 464, 610, 601, 13, 7.13%, 0, 0, 4, 15.98
1746719009, 0, 464, 611, 602, 13, 7.13%, 0, 0, 4, 16.76
1746719137, 0, 464, 612, 603, 13, 7.13%, 0, 0, 4, 16.31
1746719321, 0, 464, 613, 604, 13, 7.13%, 0, 0, 4, 15.99
1746719326, 0, 464, 614, 605, 13, 7.13%, 0, 0, 4, 15.86
1746719331, 0, 464, 615, 606, 13, 7.13%, 0, 0, 4, 15.73
1746719336, 0, 464, 616, 607, 13, 7.13%, 0, 0, 4, 15.82
1746719341, 0, 464, 617, 608, 13, 7.13%, 0, 0, 4, 16.09
1746719346, 0, 464, 618, 609, 13, 7.13%, 0, 0, 4, 16.13
1746719357, 0, 464, 619, 610, 13, 7.13%, 0, 0, 4, 16.55
1746719621, 0, 464, 620, 611, 13, 7.13%, 0, 0, 4, 15.78
1746719916, 0, 464, 621, 612, 13, 7.13%, 0, 0, 4, 15.65
1746720196, 0, 464, 622, 613, 13, 7.13%, 0, 0, 4, 16.79
1746720304, 0, 464, 623, 614, 13, 7.13%, 0, 0, 4, 16.16
1746720309, 0, 464, 624, 615, 13, 7.13%, 0, 0, 4, 15.88
1746720534, 0, 464, 625, 616, 13, 7.13%, 0, 0, 4, 17.19
1746720591, 0, 464, 626, 617, 13, 7.13%, 0, 0, 4, 16.41
1746720606, 0, 464, 627, 618, 13, 7.13%, 0, 0, 4, 16.66
1746720933, 0, 464, 628, 619, 13, 7.13%, 0, 0, 4, 18.53
1746721015, 0, 464, 629, 620, 13, 7.13%, 0, 0, 4, 15.77
1746721020, 0, 464, 630, 621, 13, 7.13%, 0, 0, 4, 15.70
1746721025, 0, 464, 632, 623, 13, 7.13%, 0, 0, 4, 16.39
1746721030, 0, 464, 633, 624, 13, 7.13%, 0, 0, 4, 17.01
1746721035, 0, 464, 634, 625, 13, 7.13%, 0, 0, 4, 16.99
1746721102, 0, 464, 635, 626, 13, 7.13%, 0, 0, 4, 16.62
1746721107, 0, 464, 637, 628, 13, 7.13%, 0, 0, 4, 16.94
1746721112, 0, 464, 638, 629, 13, 7.13%, 0, 0, 4, 16.56
1746721174, 0, 464, 639, 630, 13, 7.13%, 0, 0, 4, 15.54
1746721179, 0, 464, 641, 632, 13, 7.13%, 0, 0, 4, 15.44
1746721199, 0, 464, 643, 634, 13, 7.13%, 0, 0, 4, 16.61
1746721204, 0, 464, 644, 635, 13, 7.13%, 0, 0, 4, 16.05
1746721235, 0, 464, 645, 636, 13, 7.13%, 0, 0, 4, 16.04
1746721522, 0, 464, 647, 638, 13, 7.13%, 0, 0, 4, 15.80
1746721527, 0, 464, 655, 646, 13, 7.13%, 0, 0, 4, 17.00
1746721532, 0, 464, 661, 652, 13, 7.14%, 0, 0, 4, 16.78
1746721537, 0, 464, 666, 657, 13, 7.14%, 0, 0, 4, 16.29
1746721542, 0, 464, 672, 663, 13, 7.14%, 0, 0, 4, 16.44
1746721548, 0, 464, 677, 668, 13, 7.14%, 0, 0, 4, 16.89
1746721553, 0, 464, 681, 672, 13, 7.14%, 0, 0, 4, 17.86
1746721558, 0, 464, 686, 677, 13, 7.14%, 0, 0, 4, 17.71
1746721563, 0, 464, 692, 683, 13, 7.14%, 0, 0, 4, 17.04
1746721568, 0, 464, 695, 686, 13, 7.14%, 0, 0, 4, 17.78
1746721573, 0, 464, 701, 692, 13, 7.14%, 0, 0, 4, 17.29
1746721578, 0, 464, 705, 696, 13, 7.14%, 0, 0, 4, 16.13
1746721584, 0, 464, 709, 700, 13, 7.14%, 0, 0, 4, 16.66
1746721589, 0, 464, 712, 703, 13, 7.14%, 0, 0, 4, 17.29
1746721594, 0, 464, 717, 708, 13, 7.15%, 0, 0, 4, 15.99
1746721599, 0, 464, 721, 712, 13, 7.15%, 0, 0, 4, 16.72
1746721604, 0, 464, 724, 715, 13, 7.15%, 0, 0, 4, 17.75
1746721609, 0, 464, 728, 719, 13, 7.15%, 0, 0, 4, 16.91
1746721614, 0, 464, 732, 723, 13, 7.15%, 0, 0, 4, 17.19
1746721619, 0, 464, 733, 724, 13, 7.15%, 0, 0, 4, 17.67
1746721625, 0, 464, 734, 725, 13, 7.15%, 0, 0, 4, 18.81
1746721630, 0, 464, 736, 727, 13, 7.15%, 0, 0, 4, 17.86
1746721640, 0, 464, 737, 728, 13, 7.15%, 0, 0, 4, 17.42
1746721645, 0, 464, 741, 732, 13, 7.15%, 0, 0, 4, 17.45
1746721650, 0, 464, 743, 734, 13, 7.15%, 0, 0, 4, 16.75
1746721655, 0, 464, 745, 736, 13, 7.15%, 0, 0, 4, 17.42
1746721660, 0, 464, 747, 738, 13, 7.15%, 0, 0, 4, 17.44
1746721666, 0, 464, 748, 739, 13, 7.15%, 0, 0, 4, 16.91
1746721671, 0, 464, 753, 744, 13, 7.15%, 0, 0, 4, 15.77
1746721676, 0, 464, 754, 745, 13, 7.15%, 0, 0, 4, 16.60
1746721686, 0, 464, 757, 748, 13, 7.15%, 0, 0, 4, 17.04
1746721691, 0, 464, 759, 750, 13, 7.15%, 0, 0, 4, 17.57
1746721716, 0, 464, 760, 751, 13, 7.15%, 0, 0, 4, 17.93
1746721727, 0, 464, 761, 752, 13, 7.15%, 0, 0, 4, 16.72
1746721732, 0, 464, 762, 753, 13, 7.15%, 0, 0, 4, 17.40
1746721737, 0, 464, 765, 756, 13, 7.15%, 0, 0, 4, 16.83
1746721752, 0, 464, 766, 757, 13, 7.15%, 0, 0, 4, 18.13
1746721763, 0, 464, 768, 759, 13, 7.15%, 0, 0, 4, 17.39
1746721768, 0, 464, 769, 760, 13, 7.15%, 0, 0, 4, 16.99
1746721773, 0, 464, 770, 761, 13, 7.15%, 0, 0, 4, 17.79
1746721778, 0, 464, 772, 763, 13, 7.15%, 0, 0, 4, 17.26
1746721798, 0, 464, 773, 764, 13, 7.15%, 0, 0, 4, 17.42
1746721804, 0, 464, 774, 765, 13, 7.15%, 0, 0, 4, 17.16
1746721809, 0, 464, 775, 766, 13, 7.15%, 0, 0, 4, 17.51
1746721814, 0, 464, 776, 767, 13, 7.15%, 0, 0, 4, 17.75
1746721839, 0, 464, 777, 768, 13, 7.15%, 0, 0, 4, 17.68
1746721854, 0, 464, 779, 770, 13, 7.16%, 0, 0, 4, 17.22
1746721870, 0, 464, 782, 773, 13, 7.16%, 0, 0, 4, 17.34
1746721891, 0, 464, 784, 775, 13, 7.17%, 0, 0, 4, 17.27
1746721901, 0, 464, 785, 776, 13, 7.17%, 0, 0, 4, 18.03
1746721911, 0, 464, 786, 777, 13, 7.17%, 0, 0, 4, 17.42
1746721937, 0, 464, 787, 778, 13, 7.17%, 0, 0, 4, 17.60
1746721957, 0, 464, 788, 779, 13, 7.17%, 0, 0, 4, 17.54
1746721998, 0, 464, 789, 780, 13, 7.17%, 0, 0, 4, 17.41
1746722003, 0, 464, 790, 781, 13, 7.17%, 0, 0, 4, 17.72
1746722008, 0, 464, 792, 783, 13, 7.17%, 0, 0, 4, 17.28
1746722034, 0, 464, 793, 784, 13, 7.17%, 0, 0, 4, 18.04
1746722069, 0, 464, 794, 785, 13, 7.17%, 0, 0, 4, 16.95
1746722075, 0, 464, 795, 786, 13, 7.17%, 0, 0, 4, 17.82
1746722090, 0, 464, 796, 787, 13, 7.17%, 0, 0, 4, 17.68
1746722095, 0, 464, 797, 788, 13, 7.18%, 0, 0, 4, 17.40
1746722111, 0, 464, 798, 789, 13, 7.18%, 0, 0, 4, 17.43
1746722121, 0, 464, 799, 790, 13, 7.18%, 0, 0, 4, 17.19
1746722142, 0, 464, 800, 791, 13, 7.18%, 0, 0, 4, 17.84
1746722162, 0, 464, 802, 793, 13, 7.18%, 0, 0, 4, 17.77
1746722167, 0, 464, 803, 794, 13, 7.18%, 0, 0, 4, 16.63
1746722172, 0, 464, 805, 796, 13, 7.18%, 0, 0, 4, 17.06
1746722203, 0, 464, 806, 797, 13, 7.18%, 0, 0, 4, 17.62
1746722219, 0, 464, 807, 798, 13, 7.18%, 0, 0, 4, 17.42
1746722244, 0, 464, 808, 799, 13, 7.18%, 0, 0, 4, 17.24
1746722275, 0, 464, 809, 800, 13, 7.18%, 0, 0, 4, 17.80
1746722296, 0, 464, 810, 801, 13, 7.18%, 0, 0, 4, 17.46
1746722301, 0, 480, 811, 801, 20, 7.18%, 0, 0, 4, 18.82
1746723247, 0, 496, 811, 800, 19, 7.18%, 0, 0, 4, 35.27
1746723659, 0, 510, 811, 799, 18, 7.18%, 0, 0, 4, 36.70
1746723916, 0, 510, 812, 800, 18, 7.18%, 0, 0, 5, 20.93
1746724910, 0, 510, 813, 801, 18, 7.18%, 0, 0, 5, 21.09
1746725006, 0, 510, 815, 803, 18, 7.18%, 0, 0, 5, 23.49
1746725011, 0, 510, 816, 804, 18, 7.18%, 0, 0, 5, 25.17
1746725016, 0, 510, 817, 805, 18, 7.18%, 0, 0, 5, 25.13
1746725032, 0, 510, 819, 807, 18, 7.19%, 0, 0, 5, 24.01
1746725047, 0, 510, 820, 808, 18, 7.19%, 0, 0, 5, 24.11
1746725052, 0, 510, 821, 809, 18, 7.19%, 0, 0, 5, 25.18
1746725078, 0, 510, 822, 810, 18, 7.19%, 0, 0, 5, 24.63
1746725083, 0, 510, 823, 811, 18, 7.19%, 0, 0, 5, 24.55
1746725093, 0, 510, 824, 812, 18, 7.19%, 0, 0, 5, 24.56
1746725118, 0, 510, 825, 813, 18, 7.19%, 0, 0, 5, 24.31
1746725180, 0, 510, 826, 814, 18, 7.19%, 0, 0, 5, 25.20
1746725221, 0, 510, 827, 815, 18, 7.19%, 0, 0, 5, 25.04
1746725251, 0, 510, 828, 816, 18, 7.19%, 0, 0, 5, 23.22
1746725267, 0, 510, 829, 817, 18, 7.19%, 0, 0, 5, 24.78
1746725272, 0, 510, 830, 818, 18, 7.19%, 0, 0, 5, 23.62
1746725353, 0, 510, 831, 819, 18, 7.19%, 0, 0, 5, 23.86
1746725496, 0, 510, 832, 820, 18, 7.19%, 0, 0, 5, 22.99
1746725507, 0, 510, 833, 821, 18, 7.19%, 0, 0, 5, 25.10
1746725537, 0, 510, 834, 822, 18, 7.19%, 0, 0, 5, 25.51
1746725670, 0, 522, 836, 823, 20, 7.19%, 0, 0, 5, 23.53
1746726445, 0, 533, 836, 822, 19, 7.19%, 0, 0, 5, 28.08
1746727212, 0, 533, 837, 823, 19, 7.19%, 0, 0, 5, 31.25
1746727253, 0, 539, 837, 822, 18, 7.19%, 0, 0, 5, 28.86
1746727557, 0, 539, 838, 823, 18, 7.19%, 0, 0, 5, 18.67
1746729829, 0, 539, 839, 824, 18, 7.19%, 0, 0, 5, 19.61
1746729844, 0, 539, 840, 825, 18, 7.19%, 0, 0, 5, 19.02
1746729854, 0, 539, 841, 826, 18, 7.19%, 0, 0, 5, 19.71
1746729875, 0, 539, 843, 828, 18, 7.19%, 0, 0, 5, 18.41
1746729905, 0, 539, 844, 829, 18, 7.19%, 0, 0, 5, 19.69
1746729926, 0, 539, 845, 830, 18, 7.19%, 0, 0, 5, 19.97
1746730003, 0, 539, 846, 831, 18, 7.19%, 0, 0, 5, 20.38
1746730038, 0, 539, 847, 832, 18, 7.19%, 0, 0, 5, 19.24
1746730069, 0, 539, 848, 833, 18, 7.19%, 0, 0, 5, 19.28
1746730085, 0, 539, 849, 834, 18, 7.19%, 0, 0, 5, 19.74
1746730090, 0, 539, 851, 836, 18, 7.19%, 0, 0, 5, 18.74
1746730110, 0, 539, 852, 837, 18, 7.23%, 0, 0, 5, 19.48
1746730126, 0, 539, 853, 838, 18, 7.23%, 0, 0, 5, 19.65
1746730172, 0, 539, 854, 839, 18, 7.23%, 0, 0, 5, 19.95
1746730182, 0, 539, 855, 840, 18, 7.23%, 0, 0, 5, 19.82
1746730192, 0, 539, 857, 842, 18, 7.23%, 0, 0, 5, 18.81
1746730269, 0, 539, 858, 843, 18, 7.23%, 0, 0, 5, 19.98
1746730284, 0, 539, 859, 844, 18, 7.23%, 0, 0, 5, 19.37
1746730335, 0, 539, 860, 845, 18, 7.23%, 0, 0, 5, 19.39
1746730346, 0, 539, 861, 846, 18, 7.23%, 0, 0, 5, 19.40
1746730356, 0, 539, 862, 847, 18, 7.23%, 0, 0, 5, 19.04
1746730361, 0, 539, 863, 848, 18, 7.24%, 0, 0, 5, 18.72
1746730366, 0, 539, 864, 849, 18, 7.24%, 0, 0, 5, 19.61
1746730433, 0, 539, 865, 850, 18, 7.24%, 0, 0, 5, 19.77
1746730454, 0, 549, 865, 849, 17, 7.24%, 0, 0, 5, 22.27
1746731459, 0, 566, 865, 848, 16, 7.24%, 0, 0, 5, 27.20
1746732556, 0, 567, 865, 847, 15, 7.24%, 0, 0, 5, 25.70
1746733867, 0, 600, 865, 846, 14, 7.24%, 0, 0, 5, 22.69
1746736217, 0, 782, 865, 845, 12, 7.24%, 0, 0, 5, 18.60
1746736268, 0, 782, 866, 846, 12, 7.24%, 0, 0, 5, 15.28
1746736273, 0, 782, 868, 848, 12, 7.24%, 0, 0, 5, 15.30
1746736279, 0, 782, 870, 850, 12, 7.24%, 0, 0, 5, 15.29
1746736284, 0, 782, 872, 852, 12, 7.24%, 0, 0, 5, 14.91
1746736294, 0, 782, 873, 853, 12, 7.24%, 0, 0, 5, 14.80
1746736314, 0, 782, 874, 854, 12, 7.24%, 0, 0, 5, 14.90
1746736696, 0, 782, 875, 855, 12, 7.24%, 0, 0, 5, 14.95
1746736834, 0, 782, 876, 856, 12, 7.24%, 0, 0, 5, 14.86
1746740221, 0, 782, 877, 857, 12, 7.24%, 0, 0, 5, 15.42
1746740232, 0, 782, 878, 858, 12, 7.24%, 0, 0, 5, 16.59
1746740247, 0, 782, 879, 859, 12, 7.24%, 0, 0, 5, 16.72
1746740277, 0, 782, 880, 860, 12, 7.38%, 0, 0, 5, 17.03
1746740293, 0, 782, 881, 861, 12, 7.38%, 0, 0, 5, 17.02
1746740318, 0, 782, 882, 862, 12, 7.38%, 0, 0, 5, 16.44
1746740344, 0, 782, 883, 863, 12, 7.38%, 0, 0, 5, 17.02
1746740415, 0, 782, 884, 864, 12, 7.45%, 0, 0, 5, 16.36
1746740421, 0, 782, 885, 865, 12, 7.45%, 0, 0, 5, 16.78
1746740472, 0, 782, 886, 866, 12, 7.45%, 0, 0, 5, 16.61
1746740635, 0, 782, 887, 867, 12, 7.45%, 0, 0, 5, 16.05
1746740650, 0, 782, 888, 868, 12, 7.45%, 0, 0, 5, 16.21
1746740666, 0, 782, 889, 869, 12, 7.45%, 0, 0, 5, 16.64
1746740671, 0, 782, 890, 870, 12, 7.45%, 0, 0, 5, 15.85
1746740681, 0, 782, 891, 871, 12, 7.45%, 0, 0, 5, 16.55
1746740686, 0, 782, 892, 872, 12, 7.45%, 0, 0, 5, 16.49
1746740783, 0, 782, 893, 873, 12, 7.45%, 0, 0, 5, 16.87
1746740793, 0, 782, 894, 874, 12, 7.45%, 0, 0, 5, 17.58
1746740809, 0, 782, 895, 875, 12, 7.45%, 0, 0, 5, 15.34
1746740906, 0, 782, 896, 876, 12, 7.45%, 0, 0, 5, 17.08
1746740962, 0, 818, 896, 875, 10, 7.45%, 0, 0, 5, 17.92
1746742496, 0, 833, 896, 874, 9, 7.45%, 0, 0, 5, 23.25
1746744223, 0, 844, 896, 873, 8, 7.45%, 0, 0, 5, 22.95
1746746150, 0, 849, 896, 872, 7, 7.45%, 0, 0, 5, 22.62
1746748606, 0, 849, 897, 873, 7, 7.45%, 0, 0, 6, 20.42
1746748652, 0, 849, 898, 874, 7, 7.45%, 0, 0, 6, 21.77
1746748677, 0, 849, 899, 875, 7, 7.45%, 0, 0, 6, 20.57
1746748815, 0, 849, 900, 876, 7, 7.45%, 0, 0, 6, 20.42
1746748882, 0, 849, 901, 877, 7, 7.45%, 0, 0, 6, 20.26
1746749137, 0, 849, 902, 878, 7, 7.45%, 0, 0, 6, 19.88
1746749194, 0, 851, 902, 877, 7, 7.45%, 0, 0, 6, 19.40
1746749235, 0, 851, 903, 878, 7, 7.46%, 0, 0, 6, 15.38
1746752255, 0, 851, 904, 879, 7, 7.46%, 0, 0, 6, 18.79
1746752280, 0, 851, 905, 880, 7, 7.46%, 0, 0, 6, 17.68
1746752306, 0, 851, 906, 881, 7, 7.46%, 0, 0, 6, 17.90
1746752327, 0, 851, 907, 882, 7, 7.46%, 0, 0, 6, 18.80
1746752337, 0, 851, 908, 883, 7, 7.46%, 0, 0, 6, 18.44
1746752342, 0, 851, 909, 884, 7, 7.46%, 0, 0, 6, 17.76
1746752358, 0, 851, 910, 885, 7, 7.46%, 0, 0, 6, 18.32
1746752383, 0, 851, 911, 886, 7, 7.46%, 0, 0, 6, 17.98
1746752394, 0, 851, 912, 887, 7, 7.46%, 0, 0, 6, 18.02
1746752419, 0, 851, 914, 889, 7, 7.46%, 0, 0, 6, 18.29
1746752460, 0, 851, 916, 891, 7, 7.46%, 0, 0, 6, 17.35
1746752522, 0, 851, 917, 892, 7, 7.46%, 0, 0, 6, 18.58
1746752583, 0, 851, 918, 893, 7, 7.46%, 0, 0, 6, 17.71
1746752593, 0, 851, 919, 894, 7, 7.46%, 0, 0, 6, 17.96
1746752603, 0, 851, 920, 895, 7, 7.46%, 0, 0, 6, 17.78
1746752619, 0, 851, 921, 896, 7, 7.46%, 0, 0, 6, 18.98
1746752726, 0, 851, 922, 897, 7, 7.46%, 0, 0, 6, 18.26
1746752761, 0, 851, 923, 898, 7, 7.46%, 0, 0, 6, 18.59
1746752858, 0, 851, 924, 899, 7, 7.46%, 0, 0, 6, 18.80
1746752874, 0, 851, 925, 900, 7, 7.46%, 0, 0, 6, 17.19
1746752910, 0, 862, 925, 899, 10, 7.46%, 0, 0, 6, 15.80
1746753016, 0, 862, 926, 900, 10, 7.46%, 0, 0, 6, 13.77
1746753026, 0, 862, 927, 901, 10, 7.46%, 0, 0, 6, 13.70
1746753066, 0, 862, 928, 902, 10, 7.46%, 0, 0, 6, 13.71
1746756058, 0, 862, 929, 903, 10, 7.46%, 0, 0, 6, 22.84
