# unix_time, cycles_done, cur_path, paths_total, pending_total, pending_favs, map_size, unique_crashes, unique_hangs, max_depth, execs_per_sec
1746558726, 0, 0, 1, 1, 1, 4.55%, 0, 0, 1, 26.85
1746558731, 0, 0, 19, 19, 1, 4.78%, 0, 0, 2, 30.64
1746558736, 0, 0, 37, 37, 1, 4.78%, 0, 0, 2, 31.37
1746558742, 0, 0, 55, 55, 1, 4.78%, 0, 0, 2, 31.69
1746558747, 0, 0, 73, 73, 1, 4.78%, 0, 0, 2, 31.46
1746558752, 0, 0, 88, 88, 1, 6.16%, 0, 0, 2, 26.88
1746558757, 0, 0, 96, 96, 1, 7.27%, 0, 0, 2, 19.10
1746558762, 0, 0, 102, 102, 1, 7.28%, 0, 0, 2, 15.05
1746558768, 0, 0, 108, 108, 1, 7.39%, 0, 0, 2, 13.69
1746558773, 0, 0, 113, 113, 1, 7.44%, 0, 0, 2, 11.55
1746558778, 0, 0, 119, 119, 1, 7.44%, 0, 0, 2, 14.52
1746558783, 0, 0, 131, 131, 1, 7.44%, 0, 0, 2, 22.30
1746558788, 0, 0, 135, 135, 1, 7.44%, 0, 0, 2, 3.59
1746558793, 0, 0, 139, 139, 1, 7.44%, 0, 0, 2, 18.81
1746558798, 0, 0, 142, 142, 1, 7.44%, 0, 0, 2, 2.99
1746558803, 0, 0, 149, 149, 1, 7.44%, 0, 0, 2, 18.30
1746558808, 0, 0, 157, 157, 1, 7.44%, 0, 0, 2, 17.37
1746558813, 0, 0, 166, 166, 1, 7.44%, 0, 0, 2, 18.14
1746558818, 0, 0, 175, 175, 1, 7.44%, 0, 0, 2, 17.60
1746558824, 0, 0, 183, 183, 1, 7.44%, 0, 0, 2, 18.44
1746558829, 0, 0, 189, 189, 1, 7.44%, 0, 0, 2, 17.01
1746558834, 0, 0, 195, 195, 1, 7.44%, 0, 0, 2, 1.61
1746558840, 0, 0, 200, 200, 1, 7.44%, 0, 0, 2, 28.55
1746558845, 0, 0, 207, 207, 1, 7.44%, 0, 0, 2, 22.42
1746558850, 0, 0, 210, 210, 1, 7.44%, 0, 0, 2, 2.67
1746558855, 0, 0, 216, 216, 1, 7.44%, 0, 0, 2, 19.18
1746558860, 0, 0, 223, 223, 1, 7.44%, 0, 0, 2, 20.97
1746558865, 0, 0, 229, 229, 1, 7.44%, 0, 0, 2, 18.71
1746558870, 0, 0, 238, 238, 1, 7.44%, 0, 0, 2, 21.55
1746558875, 0, 0, 247, 247, 1, 7.52%, 0, 0, 2, 19.68
1746558881, 0, 0, 253, 253, 1, 7.52%, 0, 0, 2, 17.65
1746558886, 0, 0, 255, 255, 1, 7.52%, 0, 0, 2, 2.93
1746558891, 0, 0, 259, 259, 1, 7.52%, 0, 0, 2, 17.18
1746558896, 0, 0, 264, 264, 1, 7.52%, 0, 0, 2, 16.67
1746558901, 0, 0, 267, 267, 1, 7.52%, 0, 0, 2, 12.81
1746558906, 0, 0, 272, 272, 1, 7.52%, 0, 0, 2, 14.56
1746558911, 0, 0, 275, 275, 1, 7.52%, 0, 0, 2, 14.29
1746558917, 0, 0, 280, 280, 1, 7.52%, 0, 0, 2, 2.05
1746558922, 0, 0, 284, 284, 1, 7.52%, 0, 0, 2, 19.49
1746558927, 0, 0, 285, 285, 1, 7.52%, 0, 0, 2, 2.48
1746558932, 0, 0, 291, 291, 1, 7.52%, 0, 0, 2, 12.51
1746558937, 0, 0, 293, 293, 1, 7.52%, 0, 0, 2, 11.71
1746558942, 0, 0, 300, 300, 1, 7.52%, 0, 0, 2, 13.25
1746558947, 0, 0, 302, 302, 1, 7.52%, 0, 0, 2, 13.39
1746558953, 0, 0, 304, 304, 1, 7.52%, 0, 0, 2, 14.74
1746558958, 0, 0, 309, 309, 1, 7.52%, 0, 0, 2, 13.53
1746558963, 0, 0, 312, 312, 1, 7.52%, 0, 0, 2, 16.65
1746558968, 0, 0, 316, 316, 1, 7.63%, 0, 0, 2, 17.11
1746558973, 0, 0, 320, 320, 1, 7.63%, 0, 0, 2, 2.80
1746558979, 0, 0, 323, 323, 1, 7.63%, 0, 0, 2, 7.63
1746558984, 0, 0, 326, 326, 1, 7.63%, 0, 0, 2, 11.29
1746558989, 0, 0, 331, 331, 1, 7.64%, 0, 0, 2, 10.44
1746558994, 0, 0, 332, 332, 1, 7.64%, 0, 0, 2, 2.48
1746558999, 0, 0, 334, 334, 1, 7.64%, 0, 0, 2, 11.91
1746559005, 0, 0, 336, 336, 1, 7.64%, 0, 0, 2, 2.04
1746559010, 0, 0, 338, 338, 1, 7.64%, 0, 0, 2, 18.26
1746559015, 0, 0, 342, 342, 1, 7.64%, 0, 0, 2, 14.44
1746559020, 0, 0, 345, 345, 1, 7.64%, 0, 0, 2, 15.77
1746559025, 0, 0, 348, 348, 1, 7.64%, 0, 0, 2, 17.50
1746559030, 0, 0, 350, 350, 1, 7.64%, 0, 0, 2, 3.09
1746559035, 0, 0, 353, 353, 1, 7.64%, 0, 0, 2, 22.66
1746559040, 0, 0, 356, 356, 1, 7.64%, 0, 0, 2, 13.65
1746559045, 0, 0, 358, 358, 1, 7.64%, 0, 0, 2, 13.66
1746559050, 0, 0, 363, 363, 1, 7.64%, 0, 0, 2, 14.82
1746559055, 0, 0, 365, 365, 1, 7.64%, 0, 0, 2, 13.81
1746559061, 0, 0, 367, 367, 1, 7.64%, 0, 0, 2, 9.36
1746559066, 0, 0, 370, 370, 1, 7.64%, 0, 0, 2, 12.17
1746559071, 0, 0, 372, 372, 1, 7.64%, 0, 0, 2, 9.63
1746559076, 0, 0, 375, 375, 1, 7.64%, 0, 0, 2, 12.64
1746559086, 0, 0, 378, 378, 1, 7.64%, 0, 0, 2, 3.73
1746559096, 0, 0, 380, 380, 1, 7.64%, 0, 0, 2, 10.76
1746559101, 0, 0, 383, 383, 1, 7.68%, 0, 0, 2, 9.57
1746559107, 0, 0, 385, 385, 1, 7.68%, 0, 0, 2, 11.03
1746559117, 0, 0, 388, 388, 1, 7.68%, 0, 0, 2, 3.88
1746559122, 0, 0, 389, 389, 1, 7.68%, 0, 0, 2, 3.58
1746559127, 0, 0, 390, 390, 1, 7.68%, 0, 0, 2, 2.04
1746559132, 0, 0, 392, 392, 1, 7.68%, 0, 0, 2, 16.11
1746559137, 0, 0, 394, 394, 1, 7.68%, 0, 0, 2, 3.43
1746559142, 0, 0, 397, 397, 1, 7.68%, 0, 0, 2, 13.74
1746559148, 0, 0, 398, 398, 1, 7.68%, 0, 0, 2, 11.65
1746559153, 0, 0, 400, 400, 1, 7.68%, 0, 0, 2, 16.78
1746559158, 0, 0, 402, 402, 1, 7.68%, 0, 0, 2, 14.26
1746559163, 0, 0, 404, 404, 1, 7.68%, 0, 0, 2, 12.28
1746559168, 0, 0, 407, 407, 1, 7.68%, 0, 0, 2, 16.89
1746559173, 0, 0, 411, 411, 1, 7.68%, 0, 0, 2, 18.53
1746559178, 0, 0, 414, 414, 1, 7.68%, 0, 0, 2, 17.69
1746559183, 0, 0, 417, 417, 1, 7.68%, 0, 0, 2, 12.87
1746559189, 0, 0, 420, 420, 1, 7.68%, 0, 0, 2, 11.23
1746559194, 0, 0, 421, 421, 1, 7.68%, 0, 0, 2, 12.22
1746559199, 0, 0, 423, 423, 1, 7.68%, 0, 0, 2, 13.30
1746559204, 0, 0, 424, 424, 1, 7.68%, 0, 0, 2, 17.47
1746559209, 0, 0, 425, 425, 1, 7.68%, 0, 0, 2, 14.58
1746559214, 0, 0, 427, 427, 1, 7.68%, 0, 0, 2, 15.65
1746559219, 0, 0, 429, 429, 1, 7.68%, 0, 0, 2, 12.32
1746559224, 0, 0, 431, 431, 1, 7.68%, 0, 0, 2, 7.49
1746559229, 0, 0, 433, 433, 1, 7.68%, 0, 0, 2, 13.17
1746559235, 0, 0, 436, 436, 1, 7.68%, 0, 0, 2, 13.09
1746559240, 0, 0, 437, 437, 1, 7.68%, 0, 0, 2, 14.44
1746559245, 0, 0, 441, 441, 1, 7.68%, 0, 0, 2, 12.22
1746559250, 0, 0, 443, 443, 1, 7.68%, 0, 0, 2, 11.10
1746559260, 0, 0, 445, 445, 1, 7.68%, 0, 0, 2, 9.49
1746559265, 0, 0, 447, 447, 1, 7.68%, 0, 0, 2, 12.75
1746559281, 0, 0, 448, 448, 1, 7.68%, 0, 0, 2, 3.28
1746559286, 0, 0, 449, 449, 1, 7.68%, 0, 0, 2, 25.05
1746559291, 0, 0, 451, 451, 1, 7.68%, 0, 0, 2, 16.73
1746559296, 0, 0, 453, 453, 1, 7.68%, 0, 0, 2, 11.47
1746559301, 0, 0, 454, 454, 1, 7.68%, 0, 0, 2, 11.61
1746559307, 0, 0, 455, 455, 1, 7.68%, 0, 0, 2, 2.02
1746559312, 0, 0, 456, 456, 1, 7.68%, 0, 0, 2, 17.71
1746559317, 0, 0, 457, 457, 1, 7.68%, 0, 0, 2, 18.20
1746559322, 0, 0, 458, 458, 1, 7.68%, 0, 0, 2, 5.04
1746559327, 0, 0, 459, 459, 1, 7.68%, 0, 0, 2, 4.84
1746559337, 0, 0, 460, 460, 1, 7.68%, 0, 0, 2, 25.45
1746559343, 0, 0, 461, 461, 1, 7.68%, 0, 0, 2, 19.71
1746559348, 0, 0, 464, 464, 1, 7.68%, 0, 0, 2, 17.56
1746559353, 0, 0, 466, 466, 1, 7.68%, 0, 0, 2, 9.75
1746559358, 0, 0, 467, 467, 1, 7.68%, 0, 0, 2, 2.38
1746559368, 0, 0, 468, 468, 1, 7.68%, 0, 0, 2, 18.80
1746559374, 0, 0, 471, 471, 1, 7.68%, 0, 0, 2, 9.84
1746559379, 0, 0, 472, 472, 1, 7.68%, 0, 0, 2, 12.75
1746559384, 0, 0, 474, 474, 1, 7.68%, 0, 0, 2, 15.58
1746559389, 0, 0, 477, 477, 1, 7.68%, 0, 0, 2, 16.70
1746559394, 0, 0, 478, 478, 1, 7.68%, 0, 0, 2, 15.98
1746559399, 0, 0, 479, 479, 1, 7.68%, 0, 0, 2, 15.69
1746559404, 0, 0, 480, 480, 1, 7.68%, 0, 0, 2, 17.52
1746559409, 0, 0, 482, 482, 1, 7.68%, 0, 0, 2, 2.35
1746559415, 0, 0, 483, 483, 1, 7.68%, 0, 0, 2, 2.69
1746559420, 0, 0, 484, 484, 1, 7.68%, 0, 0, 2, 17.40
1746559425, 0, 0, 486, 486, 1, 7.68%, 0, 0, 2, 3.10
1746559430, 0, 0, 487, 487, 1, 7.68%, 0, 0, 2, 20.24
1746559435, 0, 0, 488, 488, 1, 7.68%, 0, 0, 2, 4.34
1746559441, 0, 0, 490, 490, 1, 7.68%, 0, 0, 2, 10.17
1746559446, 0, 0, 492, 492, 1, 7.68%, 0, 0, 2, 12.00
1746559456, 0, 0, 495, 495, 1, 7.68%, 0, 0, 2, 11.13
1746559461, 0, 0, 498, 498, 1, 7.68%, 0, 0, 2, 10.84
1746559467, 0, 0, 499, 499, 1, 7.68%, 0, 0, 2, 12.80
1746559472, 0, 0, 500, 500, 1, 7.68%, 0, 0, 2, 19.39
1746559477, 0, 0, 501, 501, 1, 7.68%, 0, 0, 2, 24.74
1746559482, 0, 0, 502, 502, 1, 7.68%, 0, 0, 2, 14.71
1746559487, 0, 0, 504, 504, 1, 7.68%, 0, 0, 2, 12.37
1746559492, 0, 0, 506, 506, 1, 7.68%, 0, 0, 2, 13.32
1746559497, 0, 0, 508, 508, 1, 7.68%, 0, 0, 2, 9.89
1746559503, 0, 0, 509, 509, 1, 7.68%, 0, 0, 2, 2.01
1746559508, 0, 0, 510, 510, 1, 7.68%, 0, 0, 2, 3.44
1746559518, 0, 0, 511, 511, 1, 7.68%, 0, 0, 2, 16.50
1746559523, 0, 0, 513, 513, 1, 7.68%, 0, 0, 2, 17.12
1746559528, 0, 0, 515, 515, 1, 7.68%, 0, 0, 2, 2.38
1746559534, 0, 0, 517, 517, 1, 7.68%, 0, 0, 2, 11.80
1746559544, 0, 0, 519, 519, 1, 7.87%, 0, 0, 2, 19.74
1746559549, 0, 0, 520, 520, 1, 7.87%, 0, 0, 2, 19.38
1746559554, 0, 0, 522, 522, 1, 7.87%, 0, 0, 2, 14.11
1746559564, 0, 79, 522, 521, 10, 7.87%, 0, 0, 2, 21.48
1746559575, 0, 79, 523, 522, 10, 7.87%, 0, 0, 3, 3.62
1746559580, 0, 79, 524, 523, 10, 7.87%, 0, 0, 3, 1.73
1746559585, 0, 79, 526, 525, 10, 7.87%, 0, 0, 3, 11.85
1746559596, 0, 79, 527, 526, 10, 7.87%, 0, 0, 3, 16.72
1746559601, 0, 79, 528, 527, 10, 7.87%, 0, 0, 3, 22.03
1746559606, 0, 79, 529, 528, 10, 7.87%, 0, 0, 3, 16.83
1746559611, 0, 79, 530, 529, 10, 7.87%, 0, 0, 3, 20.55
1746559616, 0, 79, 532, 531, 10, 7.87%, 0, 0, 3, 23.35
1746559621, 0, 79, 533, 532, 10, 7.87%, 0, 0, 3, 18.92
1746559626, 0, 79, 535, 534, 10, 7.87%, 0, 0, 3, 17.02
1746559631, 0, 79, 538, 537, 10, 7.87%, 0, 0, 3, 17.22
1746559642, 0, 79, 540, 539, 10, 7.87%, 0, 0, 3, 2.67
1746559652, 0, 79, 543, 542, 10, 7.87%, 0, 0, 3, 9.91
1746559667, 0, 79, 544, 543, 10, 7.87%, 0, 0, 3, 19.57
1746559672, 0, 79, 547, 546, 10, 7.87%, 0, 0, 3, 11.10
1746559683, 0, 79, 548, 547, 10, 7.87%, 0, 0, 3, 16.89
1746559688, 0, 79, 549, 548, 10, 7.87%, 0, 0, 3, 2.90
1746559693, 0, 79, 550, 549, 10, 7.87%, 0, 0, 3, 24.96
1746559698, 0, 79, 551, 550, 10, 7.87%, 0, 0, 3, 20.26
1746559703, 0, 79, 552, 551, 10, 7.87%, 0, 0, 3, 3.29
1746559709, 0, 79, 553, 552, 10, 7.87%, 0, 0, 3, 2.93
1746559714, 0, 79, 555, 554, 10, 7.87%, 0, 0, 3, 8.10
1746559719, 0, 79, 557, 556, 10, 7.87%, 0, 0, 3, 12.51
1746559724, 0, 79, 559, 558, 10, 7.87%, 0, 0, 3, 13.86
1746559729, 0, 79, 561, 560, 10, 7.87%, 0, 0, 3, 2.17
1746559734, 0, 79, 562, 561, 10, 7.87%, 0, 0, 3, 23.70
1746559739, 0, 79, 563, 562, 10, 7.87%, 0, 0, 3, 19.27
1746559750, 0, 79, 564, 563, 10, 7.87%, 0, 0, 3, 16.94
1746559755, 0, 79, 566, 565, 10, 7.87%, 0, 0, 3, 16.54
1746559760, 0, 79, 567, 566, 10, 7.87%, 0, 0, 3, 12.20
1746559765, 0, 79, 568, 567, 10, 7.87%, 0, 0, 3, 3.44
1746559770, 0, 79, 569, 568, 10, 7.87%, 0, 0, 3, 18.42
1746559775, 0, 79, 570, 569, 10, 7.87%, 0, 0, 3, 2.88
1746559790, 0, 79, 571, 570, 10, 7.87%, 0, 0, 3, 17.78
1746559806, 0, 79, 572, 571, 10, 7.87%, 0, 0, 3, 1.77
1746559827, 0, 79, 573, 572, 10, 7.87%, 0, 0, 3, 17.57
1746559832, 0, 79, 574, 573, 10, 7.87%, 0, 0, 3, 10.90
1746559837, 0, 79, 576, 575, 10, 7.87%, 0, 0, 3, 13.80
1746559842, 0, 79, 577, 576, 10, 7.87%, 0, 0, 3, 11.39
1746559847, 0, 79, 578, 577, 10, 7.87%, 0, 0, 3, 10.64
1746559852, 0, 79, 579, 578, 10, 7.87%, 0, 0, 3, 14.50
1746559857, 0, 79, 580, 579, 10, 7.87%, 0, 0, 3, 2.06
1746559863, 0, 79, 581, 580, 10, 7.87%, 0, 0, 3, 18.26
1746559868, 0, 79, 582, 581, 10, 7.87%, 0, 0, 3, 9.41
1746559878, 0, 79, 583, 582, 10, 7.87%, 0, 0, 3, 16.71
1746559883, 0, 79, 584, 583, 10, 7.87%, 0, 0, 3, 12.36
1746559898, 0, 79, 586, 585, 10, 7.87%, 0, 0, 3, 13.77
1746559904, 0, 79, 587, 586, 10, 7.88%, 0, 0, 3, 17.60
1746559909, 0, 79, 588, 587, 10, 7.88%, 0, 0, 3, 9.37
1746559919, 0, 79, 590, 589, 10, 7.88%, 0, 0, 3, 2.34
1746559924, 0, 79, 591, 590, 10, 7.88%, 0, 0, 3, 15.31
1746559929, 0, 79, 592, 591, 10, 7.88%, 0, 0, 3, 17.07
1746559955, 0, 79, 593, 592, 10, 7.88%, 0, 0, 3, 2.70
1746559960, 0, 79, 594, 593, 10, 7.88%, 0, 0, 3, 15.32
1746559965, 0, 108, 596, 594, 10, 7.88%, 0, 0, 3, 7.31
1746559970, 0, 108, 598, 596, 10, 7.88%, 0, 0, 3, 6.10
1746559975, 0, 108, 600, 598, 10, 7.88%, 0, 0, 3, 5.23
1746559981, 0, 108, 602, 600, 10, 7.88%, 0, 0, 3, 4.66
1746559986, 0, 108, 604, 602, 10, 7.88%, 0, 0, 3, 4.41
1746559991, 0, 108, 606, 604, 10, 7.88%, 0, 0, 3, 4.25
1746559996, 0, 108, 607, 605, 10, 7.88%, 0, 0, 3, 4.14
1746560001, 0, 108, 609, 607, 10, 7.88%, 0, 0, 3, 4.30
1746560006, 0, 108, 611, 609, 10, 7.88%, 0, 0, 3, 4.06
1746560011, 0, 108, 613, 611, 10, 7.88%, 0, 0, 3, 4.29
1746560016, 0, 108, 614, 612, 10, 7.88%, 0, 0, 3, 4.23
1746560021, 0, 108, 615, 613, 10, 7.88%, 0, 0, 3, 4.31
1746560027, 0, 108, 616, 614, 10, 7.88%, 0, 0, 3, 4.23
1746560032, 0, 108, 618, 616, 10, 7.88%, 0, 0, 3, 4.05
1746560037, 0, 108, 619, 617, 10, 7.88%, 0, 0, 3, 3.90
1746560042, 0, 108, 621, 619, 10, 7.88%, 0, 0, 3, 3.92
1746560052, 0, 108, 622, 620, 10, 7.88%, 0, 0, 3, 5.39
1746560057, 0, 108, 624, 622, 10, 7.88%, 0, 0, 3, 4.10
1746560063, 0, 108, 625, 623, 10, 7.88%, 0, 0, 3, 3.76
1746560068, 0, 108, 626, 624, 10, 7.88%, 0, 0, 3, 4.10
1746560073, 0, 108, 629, 627, 10, 7.88%, 0, 0, 3, 4.25
1746560083, 0, 108, 630, 628, 10, 7.88%, 0, 0, 3, 4.32
1746560088, 0, 108, 631, 629, 10, 7.88%, 0, 0, 3, 4.18
1746560093, 0, 108, 632, 630, 10, 7.88%, 0, 0, 3, 4.10
1746560098, 0, 108, 634, 632, 10, 7.88%, 0, 0, 3, 3.92
1746560103, 0, 108, 635, 633, 10, 7.88%, 0, 0, 3, 3.83
1746560109, 0, 108, 636, 634, 10, 7.88%, 0, 0, 3, 5.14
1746560114, 0, 108, 638, 636, 10, 7.88%, 0, 0, 3, 5.82
1746560119, 0, 108, 640, 638, 10, 7.88%, 0, 0, 3, 4.74
1746560124, 0, 108, 642, 640, 10, 7.88%, 0, 0, 3, 4.47
1746560129, 0, 108, 643, 641, 10, 7.88%, 0, 0, 3, 4.25
1746560134, 0, 108, 644, 642, 10, 7.88%, 0, 0, 3, 3.90
1746560139, 0, 108, 645, 643, 10, 7.88%, 0, 0, 3, 4.14
1746560149, 0, 108, 646, 644, 10, 7.89%, 0, 0, 3, 4.34
1746560154, 0, 108, 647, 645, 10, 7.89%, 0, 0, 3, 4.03
1746560165, 0, 108, 648, 646, 10, 7.89%, 0, 0, 3, 4.07
1746560170, 0, 108, 650, 648, 10, 7.89%, 0, 0, 3, 3.84
1746560180, 0, 108, 651, 649, 10, 7.89%, 0, 0, 3, 3.93
1746560185, 0, 108, 652, 650, 10, 7.89%, 0, 0, 3, 5.38
1746560191, 0, 108, 653, 651, 10, 7.89%, 0, 0, 3, 4.98
1746560196, 0, 108, 654, 652, 10, 7.89%, 0, 0, 3, 4.66
1746560206, 0, 108, 655, 653, 10, 7.89%, 0, 0, 3, 5.36
1746560211, 0, 108, 658, 656, 10, 7.89%, 0, 0, 3, 5.21
1746560216, 0, 108, 659, 657, 10, 7.89%, 0, 0, 3, 5.13
1746560227, 0, 108, 661, 659, 10, 7.89%, 0, 0, 3, 4.70
1746560237, 0, 108, 663, 661, 10, 7.89%, 0, 0, 3, 5.05
1746560242, 0, 108, 664, 662, 10, 7.89%, 0, 0, 3, 4.48
1746560247, 0, 108, 665, 663, 10, 7.89%, 0, 0, 3, 4.28
1746560253, 0, 108, 666, 664, 10, 7.89%, 0, 0, 3, 4.21
1746560258, 0, 108, 667, 665, 10, 7.89%, 0, 0, 3, 4.39
1746560268, 0, 108, 668, 666, 10, 7.89%, 0, 0, 3, 4.30
1746560273, 0, 108, 669, 667, 10, 7.89%, 0, 0, 3, 4.06
1746560278, 0, 108, 670, 668, 10, 7.89%, 0, 0, 3, 4.16
1746560288, 0, 108, 671, 669, 10, 7.89%, 0, 0, 3, 4.32
1746560293, 0, 108, 672, 670, 10, 7.89%, 0, 0, 3, 4.18
1746560298, 0, 108, 673, 671, 10, 7.89%, 0, 0, 3, 4.12
1746560319, 0, 108, 674, 672, 10, 7.89%, 0, 0, 3, 4.30
1746560329, 0, 108, 675, 673, 10, 7.89%, 0, 0, 3, 4.28
1746560334, 0, 108, 676, 674, 10, 7.89%, 0, 0, 3, 4.16
1746560350, 0, 108, 678, 676, 10, 7.91%, 0, 0, 3, 4.05
1746560355, 0, 108, 679, 677, 10, 7.91%, 0, 0, 3, 3.92
1746560360, 0, 108, 681, 679, 10, 7.91%, 0, 0, 3, 3.81
1746560365, 0, 108, 682, 680, 10, 7.91%, 0, 0, 3, 3.82
1746560370, 0, 108, 683, 681, 10, 7.91%, 0, 0, 3, 4.03
1746560375, 0, 108, 684, 682, 10, 7.91%, 0, 0, 3, 4.32
1746560380, 0, 108, 685, 683, 10, 7.91%, 0, 0, 3, 4.20
1746560386, 0, 108, 686, 684, 10, 7.91%, 0, 0, 3, 4.04
1746560442, 0, 108, 687, 685, 10, 7.91%, 0, 0, 3, 4.15
1746560447, 0, 108, 688, 686, 10, 7.91%, 0, 0, 3, 3.94
1746560453, 0, 108, 689, 687, 10, 7.91%, 0, 0, 3, 3.90
1746560458, 0, 108, 691, 689, 10, 7.91%, 0, 0, 3, 3.87
1746560468, 0, 108, 693, 691, 10, 7.91%, 0, 0, 3, 3.90
1746560504, 0, 108, 695, 693, 10, 7.91%, 0, 0, 3, 4.15
1746560514, 0, 108, 696, 694, 10, 7.91%, 0, 0, 3, 4.92
1746560519, 0, 108, 698, 696, 10, 7.91%, 0, 0, 3, 4.45
1746560524, 0, 108, 699, 697, 10, 7.91%, 0, 0, 3, 4.27
1746560529, 0, 108, 700, 698, 10, 7.91%, 0, 0, 3, 4.07
1746560540, 0, 108, 701, 699, 10, 7.91%, 0, 0, 3, 4.99
1746560545, 0, 108, 703, 701, 10, 7.91%, 0, 0, 3, 6.23
1746560555, 0, 108, 704, 702, 10, 7.91%, 0, 0, 3, 6.35
1746560560, 0, 108, 705, 703, 10, 7.91%, 0, 0, 3, 5.26
1746560565, 0, 108, 706, 704, 10, 7.91%, 0, 0, 3, 4.55
1746560570, 0, 108, 707, 705, 10, 7.91%, 0, 0, 3, 4.38
1746560581, 0, 108, 708, 706, 10, 7.91%, 0, 0, 3, 4.16
1746560586, 0, 108, 709, 707, 10, 7.91%, 0, 0, 3, 4.11
1746560612, 0, 108, 710, 708, 10, 7.91%, 0, 0, 3, 4.05
1746560632, 0, 108, 712, 710, 10, 7.91%, 0, 0, 3, 4.38
1746560637, 0, 108, 713, 711, 10, 7.91%, 0, 0, 3, 4.46
1746560642, 0, 108, 714, 712, 10, 7.91%, 0, 0, 3, 4.45
1746560657, 0, 108, 715, 713, 10, 7.91%, 0, 0, 3, 4.16
1746560667, 0, 108, 716, 714, 10, 7.91%, 0, 0, 3, 5.58
1746560673, 0, 108, 717, 715, 10, 7.91%, 0, 0, 3, 7.21
1746560678, 0, 108, 718, 716, 10, 7.91%, 0, 0, 3, 6.65
1746560698, 0, 108, 719, 717, 10, 7.91%, 0, 0, 3, 5.01
1746560709, 0, 108, 720, 718, 10, 7.91%, 0, 0, 3, 4.30
1746560714, 0, 108, 721, 719, 10, 7.91%, 0, 0, 3, 4.03
1746560745, 0, 108, 722, 720, 10, 7.91%, 0, 0, 3, 3.62
1746560755, 0, 108, 723, 721, 10, 7.91%, 0, 0, 3, 3.90
1746560796, 0, 108, 725, 723, 10, 7.91%, 0, 0, 3, 4.45
1746560806, 0, 108, 726, 724, 10, 7.91%, 0, 0, 3, 4.59
1746560811, 0, 108, 727, 725, 10, 7.91%, 0, 0, 3, 4.63
1746560817, 0, 108, 728, 726, 10, 7.91%, 0, 0, 3, 4.40
1746560847, 0, 131, 728, 725, 14, 7.91%, 0, 0, 3, 18.44
1746560863, 0, 131, 729, 726, 14, 7.91%, 0, 0, 3, 2.36
1746560878, 0, 131, 730, 727, 14, 7.91%, 0, 0, 3, 15.94
1746560950, 0, 131, 731, 728, 14, 7.91%, 0, 0, 3, 17.66
1746561002, 0, 131, 732, 729, 14, 7.91%, 0, 0, 3, 15.73
1746561017, 0, 131, 733, 730, 14, 7.91%, 0, 0, 3, 16.69
1746561038, 0, 131, 734, 731, 14, 7.91%, 0, 0, 3, 2.14
1746561048, 0, 131, 735, 732, 14, 7.91%, 0, 0, 3, 13.33
1746561058, 0, 131, 736, 733, 14, 7.91%, 0, 0, 3, 16.27
1746561079, 0, 131, 737, 734, 14, 7.91%, 0, 0, 3, 15.47
1746561084, 0, 194, 737, 733, 13, 7.91%, 0, 0, 3, 1.68
1746561100, 0, 194, 738, 734, 13, 7.91%, 0, 0, 3, 1.63
1746561111, 0, 194, 739, 735, 13, 7.91%, 0, 0, 3, 1.69
1746561168, 0, 194, 740, 736, 13, 7.94%, 0, 0, 3, 1.72
1746561199, 0, 194, 741, 737, 13, 7.94%, 0, 0, 3, 1.74
1746561210, 0, 194, 742, 738, 13, 7.94%, 0, 0, 3, 1.67
1746561232, 0, 194, 743, 739, 13, 7.94%, 0, 0, 3, 1.63
1746561242, 0, 194, 744, 740, 13, 7.94%, 0, 0, 3, 1.69
1746561356, 0, 194, 745, 741, 13, 7.94%, 0, 0, 3, 2.02
1746561398, 0, 194, 746, 742, 13, 7.94%, 0, 0, 3, 1.76
1746561429, 0, 194, 747, 743, 13, 7.94%, 0, 0, 3, 1.78
1746561434, 0, 194, 748, 744, 13, 7.94%, 0, 0, 3, 1.78
1746561444, 0, 194, 749, 745, 13, 7.94%, 0, 0, 3, 1.66
1746561449, 0, 194, 750, 746, 13, 7.94%, 0, 0, 3, 1.64
1746561455, 0, 194, 751, 747, 13, 7.94%, 0, 0, 3, 1.63
1746561629, 0, 194, 752, 748, 13, 7.94%, 0, 0, 3, 1.80
1746561661, 0, 194, 753, 749, 13, 7.94%, 0, 0, 3, 1.73
1746561811, 0, 194, 754, 750, 13, 7.94%, 0, 0, 3, 2.01
1746562261, 0, 194, 755, 751, 13, 7.94%, 0, 0, 3, 1.79
1746562454, 0, 194, 756, 752, 13, 7.94%, 0, 0, 3, 1.74
1746564881, 0, 194, 757, 753, 13, 7.94%, 0, 0, 3, 1.79
1746565125, 0, 194, 758, 754, 13, 7.94%, 0, 0, 3, 1.74
1746565482, 0, 194, 759, 755, 13, 7.94%, 0, 0, 3, 2.28
1746565508, 0, 194, 760, 756, 13, 7.94%, 0, 0, 3, 1.98
1746565560, 0, 194, 761, 757, 13, 7.94%, 0, 0, 3, 2.02
1746565580, 0, 194, 762, 758, 13, 7.94%, 0, 0, 3, 1.98
1746565650, 0, 194, 763, 759, 13, 7.94%, 0, 0, 3, 1.60
1746566349, 0, 212, 763, 758, 10, 7.94%, 0, 0, 3, 8.08
1746566405, 0, 296, 763, 757, 9, 7.94%, 0, 0, 3, 13.21
1746566410, 0, 296, 765, 759, 9, 7.94%, 0, 0, 3, 9.92
1746566415, 0, 296, 766, 760, 9, 7.94%, 0, 0, 3, 9.21
1746566420, 0, 296, 767, 761, 9, 7.94%, 0, 0, 3, 8.96
1746566426, 0, 296, 768, 762, 9, 7.94%, 0, 0, 3, 8.69
1746566451, 0, 296, 769, 763, 9, 7.94%, 0, 0, 3, 8.74
1746566456, 0, 296, 771, 765, 9, 7.94%, 0, 0, 3, 8.51
1746566487, 0, 296, 772, 766, 9, 7.94%, 0, 0, 3, 10.09
1746566517, 0, 312, 772, 765, 11, 7.94%, 0, 0, 3, 9.56
1746566624, 0, 312, 773, 766, 11, 7.94%, 0, 0, 3, 8.43
1746566650, 0, 312, 776, 769, 11, 7.94%, 0, 0, 3, 9.42
1746566671, 0, 312, 777, 770, 11, 7.94%, 0, 0, 3, 10.16
1746566691, 0, 345, 777, 769, 10, 7.94%, 0, 0, 3, 11.85
1746566696, 0, 345, 778, 770, 10, 7.94%, 0, 0, 3, 9.50
1746566701, 0, 345, 779, 771, 10, 7.94%, 0, 0, 3, 9.01
1746566706, 0, 345, 780, 772, 10, 7.94%, 0, 0, 3, 8.92
1746566773, 0, 345, 781, 773, 10, 7.94%, 0, 0, 3, 21.69
1746566778, 0, 345, 782, 774, 10, 7.94%, 0, 0, 3, 14.65
1746566829, 0, 422, 782, 773, 9, 7.94%, 0, 0, 3, 10.08
1746566952, 0, 422, 783, 774, 9, 7.94%, 0, 0, 3, 9.12
1746566978, 0, 422, 784, 775, 9, 7.94%, 0, 0, 3, 11.85
1746566983, 0, 422, 785, 776, 9, 7.94%, 0, 0, 3, 8.74
1746567004, 0, 422, 786, 777, 9, 7.97%, 0, 0, 3, 10.88
1746567040, 0, 422, 787, 778, 9, 7.97%, 0, 0, 3, 10.46
1746567065, 0, 422, 788, 779, 9, 7.97%, 0, 0, 3, 6.04
1746567288, 0, 422, 789, 780, 9, 7.97%, 0, 0, 3, 12.03
1746567344, 0, 422, 790, 781, 9, 7.97%, 0, 0, 3, 1.33
1746567375, 0, 422, 791, 782, 9, 7.97%, 0, 0, 3, 10.59
1746567406, 0, 422, 792, 783, 9, 7.97%, 0, 0, 3, 10.61
1746567426, 0, 422, 793, 784, 9, 7.97%, 0, 0, 3, 11.42
1746567513, 0, 617, 793, 783, 10, 7.97%, 0, 0, 3, 5.24
1746567544, 0, 617, 794, 784, 10, 7.97%, 0, 0, 4, 3.99
1746567580, 0, 617, 796, 786, 10, 7.97%, 0, 0, 4, 3.95
1746567601, 0, 617, 797, 787, 10, 7.97%, 0, 0, 4, 4.17
1746567616, 0, 617, 798, 788, 10, 7.97%, 0, 0, 4, 3.94
1746567621, 0, 617, 799, 789, 10, 7.97%, 0, 0, 4, 4.03
1746567657, 0, 617, 800, 790, 10, 7.97%, 0, 0, 4, 5.52
1746567683, 0, 617, 801, 791, 10, 7.97%, 0, 0, 4, 4.12
1746567759, 0, 617, 802, 792, 10, 8.01%, 0, 0, 4, 3.98
1746567769, 0, 617, 803, 793, 10, 8.01%, 0, 0, 4, 3.88
1746567841, 0, 617, 804, 794, 10, 8.01%, 0, 0, 4, 3.89
1746567851, 0, 617, 805, 795, 10, 8.01%, 0, 0, 4, 3.78
1746567887, 0, 617, 806, 796, 10, 8.01%, 0, 0, 4, 4.51
1746567913, 0, 617, 807, 797, 10, 8.01%, 0, 0, 4, 4.03
1746567928, 0, 617, 808, 798, 10, 8.01%, 0, 0, 4, 6.51
1746568016, 0, 617, 809, 799, 10, 8.01%, 0, 0, 4, 3.96
1746568021, 0, 617, 810, 800, 10, 8.01%, 0, 0, 4, 4.00
1746568062, 0, 617, 811, 801, 10, 8.01%, 0, 0, 4, 3.93
1746568170, 0, 617, 812, 802, 10, 8.01%, 0, 0, 4, 7.57
1746568185, 0, 617, 813, 803, 10, 8.01%, 0, 0, 4, 7.92
1746568190, 0, 617, 814, 804, 10, 8.01%, 0, 0, 4, 9.10
1746568304, 0, 617, 815, 805, 10, 8.01%, 0, 0, 4, 7.49
1746568319, 0, 617, 817, 807, 10, 8.01%, 0, 0, 4, 6.71
1746568371, 0, 617, 818, 808, 10, 8.01%, 0, 0, 4, 7.14
1746568386, 0, 617, 819, 809, 10, 8.01%, 0, 0, 4, 7.03
1746568396, 0, 617, 820, 810, 10, 8.01%, 0, 0, 4, 7.74
1746568412, 0, 617, 821, 811, 10, 8.01%, 0, 0, 4, 7.40
1746568417, 0, 617, 822, 812, 10, 8.01%, 0, 0, 4, 6.79
1746568432, 0, 617, 823, 813, 10, 8.01%, 0, 0, 4, 6.83
1746568438, 0, 617, 824, 814, 10, 8.01%, 0, 0, 4, 6.33
1746568469, 0, 617, 825, 815, 10, 8.07%, 0, 0, 4, 7.79
1746568489, 0, 617, 826, 816, 10, 8.08%, 0, 0, 4, 7.45
1746568520, 0, 617, 827, 817, 10, 8.08%, 0, 0, 4, 7.70
1746568546, 0, 617, 828, 818, 10, 8.08%, 0, 0, 4, 6.68
1746568567, 0, 617, 829, 819, 10, 8.08%, 0, 0, 4, 8.10
1746568582, 0, 617, 830, 820, 10, 8.08%, 0, 0, 4, 1.30
1746568588, 0, 617, 831, 821, 10, 8.08%, 0, 0, 4, 9.02
1746568665, 0, 617, 832, 822, 10, 8.08%, 0, 0, 4, 5.98
1746568690, 0, 617, 833, 823, 10, 8.08%, 0, 0, 4, 7.65
1746568743, 0, 617, 834, 824, 10, 8.08%, 0, 0, 4, 8.16
1746568768, 0, 617, 835, 825, 10, 8.08%, 0, 0, 4, 8.33
1746568784, 0, 645, 835, 824, 12, 8.08%, 0, 0, 4, 7.82
1746568835, 0, 645, 836, 825, 12, 8.08%, 0, 0, 4, 4.46
1746568861, 0, 645, 837, 826, 12, 8.08%, 0, 0, 4, 4.55
1746569021, 0, 645, 838, 827, 12, 8.08%, 0, 0, 4, 4.49
1746569318, 0, 655, 838, 826, 11, 8.08%, 0, 0, 4, 8.34
1746569390, 0, 655, 839, 827, 11, 8.08%, 0, 0, 4, 6.46
1746569730, 0, 681, 839, 826, 10, 8.08%, 0, 0, 4, 7.56
1746569791, 0, 681, 840, 827, 10, 8.08%, 0, 0, 4, 3.85
1746569822, 0, 681, 841, 828, 10, 8.08%, 0, 0, 4, 4.11
1746569827, 0, 681, 842, 829, 10, 8.08%, 0, 0, 4, 3.62
1746569837, 0, 681, 843, 830, 10, 8.08%, 0, 0, 4, 4.61
1746569929, 0, 681, 844, 831, 10, 8.08%, 0, 0, 4, 4.11
1746569935, 0, 681, 845, 832, 10, 8.08%, 0, 0, 4, 4.07
1746569950, 0, 681, 846, 833, 10, 8.08%, 0, 0, 4, 4.06
1746570213, 0, 681, 847, 834, 10, 8.08%, 0, 0, 4, 3.96
1746570243, 0, 681, 848, 835, 10, 8.08%, 0, 0, 4, 6.97
1746570351, 0, 681, 849, 836, 10, 8.08%, 0, 0, 4, 4.59
1746570377, 0, 701, 849, 835, 10, 8.08%, 0, 0, 4, 9.49
1746570397, 0, 701, 850, 836, 10, 8.08%, 0, 0, 4, 6.07
1746570418, 0, 701, 851, 837, 10, 8.08%, 0, 0, 4, 5.54
1746570444, 0, 701, 852, 838, 10, 8.08%, 0, 0, 4, 5.52
1746570701, 0, 701, 853, 839, 10, 8.08%, 0, 0, 4, 6.60
1746570850, 0, 711, 853, 838, 9, 8.08%, 0, 0, 4, 8.30
1746571040, 0, 711, 854, 839, 9, 8.08%, 0, 0, 4, 4.62
1746571163, 0, 711, 855, 840, 9, 8.08%, 0, 0, 4, 5.16
1746571209, 0, 711, 856, 841, 9, 8.08%, 0, 0, 4, 4.59
1746571389, 0, 751, 856, 840, 8, 8.08%, 0, 0, 4, 5.76
1746571400, 0, 751, 857, 841, 8, 8.14%, 0, 0, 4, 3.51
1746571405, 0, 751, 858, 842, 8, 8.14%, 0, 0, 4, 2.69
1746571416, 0, 751, 859, 843, 8, 8.15%, 0, 0, 4, 2.01
1746571426, 0, 751, 860, 844, 8, 8.15%, 0, 0, 4, 1.98
1746571437, 0, 751, 861, 845, 8, 8.15%, 0, 0, 4, 1.78
1746571458, 0, 751, 862, 846, 8, 8.15%, 0, 0, 4, 1.73
1746571489, 0, 751, 863, 847, 8, 8.16%, 0, 0, 4, 1.74
1746571653, 0, 751, 864, 848, 8, 8.16%, 0, 0, 4, 1.76
1746571679, 0, 751, 865, 849, 8, 8.16%, 0, 0, 4, 1.71
1746571684, 0, 751, 866, 850, 8, 8.16%, 0, 0, 4, 1.70
1746571695, 0, 751, 867, 851, 8, 8.16%, 0, 0, 4, 1.72
1746571869, 0, 751, 868, 852, 8, 8.16%, 0, 0, 4, 1.73
1746571948, 0, 751, 869, 853, 8, 8.16%, 0, 0, 4, 1.72
1746572084, 0, 751, 870, 854, 8, 8.16%, 0, 0, 4, 3.39
1746572241, 0, 751, 871, 855, 8, 8.16%, 0, 0, 4, 1.79
1746572452, 0, 751, 872, 856, 8, 8.16%, 0, 0, 4, 1.76
1746572526, 0, 751, 873, 857, 8, 8.16%, 0, 0, 4, 1.74
1746572536, 0, 751, 874, 858, 8, 8.16%, 0, 0, 4, 1.73
1746572541, 0, 751, 875, 859, 8, 8.16%, 0, 0, 4, 1.73
1746572578, 0, 751, 876, 860, 8, 8.16%, 0, 0, 4, 2.05
1746572630, 0, 751, 877, 861, 8, 8.16%, 0, 0, 4, 2.11
1746572824, 0, 751, 878, 862, 8, 8.16%, 0, 0, 4, 2.04
1746572830, 0, 751, 879, 863, 8, 8.16%, 0, 0, 4, 2.04
1746572862, 0, 751, 880, 864, 8, 8.16%, 0, 0, 4, 2.05
1746574516, 0, 751, 881, 865, 8, 8.16%, 0, 0, 4, 2.11
1746574611, 0, 751, 882, 866, 8, 8.16%, 0, 0, 4, 2.02
1746574744, 0, 751, 883, 867, 8, 8.16%, 0, 0, 4, 2.68
1746575264, 0, 751, 884, 868, 8, 8.16%, 0, 0, 4, 2.04
1746575392, 0, 751, 885, 869, 8, 8.16%, 0, 0, 4, 2.41
1746575408, 0, 751, 886, 870, 8, 8.16%, 0, 0, 4, 2.16
1746575413, 0, 751, 887, 871, 8, 8.16%, 0, 0, 4, 8.52
1746575429, 0, 751, 888, 872, 8, 8.36%, 0, 0, 4, 4.75
1746575492, 0, 751, 889, 873, 8, 8.36%, 0, 0, 4, 4.60
1746575502, 0, 751, 890, 874, 8, 8.36%, 0, 0, 4, 5.78
1746575518, 0, 751, 891, 875, 8, 8.36%, 0, 0, 4, 3.68
1746575581, 0, 751, 892, 876, 8, 8.36%, 0, 0, 4, 3.66
1746575624, 0, 751, 893, 877, 8, 8.36%, 0, 0, 4, 5.61
1746575629, 0, 751, 894, 878, 8, 8.36%, 0, 0, 4, 4.45
1746575708, 0, 751, 895, 879, 8, 8.36%, 0, 0, 4, 3.77
1746575745, 0, 751, 896, 880, 8, 8.38%, 0, 0, 4, 3.72
1746575838, 0, 751, 897, 881, 8, 8.38%, 0, 0, 4, 5.54
1746575859, 0, 751, 898, 882, 8, 8.57%, 0, 0, 4, 4.69
1746575943, 0, 751, 899, 883, 8, 8.57%, 0, 0, 4, 4.69
1746575958, 0, 751, 900, 884, 8, 8.57%, 0, 0, 4, 4.77
1746576000, 0, 751, 901, 885, 8, 8.57%, 0, 0, 4, 5.52
1746576031, 0, 751, 902, 886, 8, 8.57%, 0, 0, 4, 5.68
1746576041, 0, 751, 903, 887, 8, 8.57%, 0, 0, 4, 3.78
1746576088, 0, 751, 904, 888, 8, 8.57%, 0, 0, 4, 4.07
1746576182, 0, 751, 905, 889, 8, 8.58%, 0, 0, 4, 4.29
1746576198, 0, 751, 906, 890, 8, 8.58%, 0, 0, 4, 5.40
1746576231, 0, 751, 907, 891, 8, 8.58%, 0, 0, 4, 4.47
1746576297, 0, 751, 908, 892, 8, 8.58%, 0, 0, 4, 4.38
1746576402, 0, 751, 909, 893, 8, 8.58%, 0, 0, 4, 4.33
1746576454, 0, 751, 910, 894, 8, 8.58%, 0, 0, 4, 5.58
1746576601, 0, 751, 911, 895, 8, 8.58%, 0, 0, 4, 4.27
1746576659, 0, 751, 912, 896, 8, 8.58%, 0, 0, 4, 5.80
1746576846, 0, 758, 912, 895, 15, 8.58%, 0, 0, 4, 4.30
1746577491, 0, 766, 912, 894, 15, 8.58%, 0, 0, 4, 9.49
1746577527, 0, 766, 914, 896, 15, 8.58%, 0, 0, 4, 10.10
1746577532, 0, 766, 917, 899, 15, 8.58%, 0, 0, 4, 10.12
1746577537, 0, 766, 918, 900, 15, 8.58%, 0, 0, 4, 11.94
1746577563, 0, 785, 918, 899, 15, 8.58%, 0, 0, 4, 13.80
1746577599, 0, 785, 919, 900, 15, 8.58%, 0, 0, 4, 4.70
1746577604, 0, 785, 921, 902, 15, 8.58%, 0, 0, 4, 4.48
1746577702, 0, 785, 922, 903, 15, 8.58%, 0, 0, 4, 4.53
1746577728, 0, 785, 923, 904, 15, 8.58%, 0, 0, 4, 4.55
1746577846, 0, 785, 924, 905, 15, 8.58%, 0, 0, 4, 5.08
1746577866, 0, 785, 925, 906, 15, 8.58%, 0, 0, 4, 4.49
1746577908, 0, 785, 926, 907, 15, 8.58%, 0, 0, 4, 4.30
1746578134, 0, 785, 927, 908, 15, 8.58%, 0, 0, 4, 4.25
1746578440, 0, 785, 928, 909, 15, 8.58%, 0, 0, 4, 4.52
1746578784, 0, 825, 928, 908, 15, 8.58%, 0, 0, 4, 9.86
1746579352, 0, 839, 928, 907, 14, 8.58%, 0, 0, 4, 7.75
1746579579, 0, 839, 929, 908, 14, 8.58%, 0, 0, 5, 5.12
1746579682, 0, 839, 930, 909, 14, 8.58%, 0, 0, 5, 8.33
1746579914, 0, 840, 930, 908, 13, 8.58%, 0, 0, 5, 10.28
1746579970, 0, 840, 931, 909, 13, 8.58%, 0, 0, 5, 4.34
1746580006, 0, 840, 932, 910, 13, 8.58%, 0, 0, 5, 4.66
1746580243, 0, 840, 934, 912, 13, 8.58%, 0, 0, 5, 4.72
1746580331, 0, 840, 936, 914, 13, 8.58%, 0, 0, 5, 4.69
1746580336, 0, 840, 937, 915, 13, 8.58%, 0, 0, 5, 4.56
1746580465, 0, 840, 938, 916, 13, 8.59%, 0, 0, 5, 1.09
1746580507, 0, 840, 939, 917, 13, 8.59%, 0, 0, 5, 7.57
1746580636, 0, 865, 939, 916, 13, 8.59%, 0, 0, 5, 4.43
1746580748, 0, 865, 940, 917, 13, 8.59%, 0, 0, 5, 1.28
1746580759, 0, 865, 941, 918, 13, 8.59%, 0, 0, 5, 1.27
1746581176, 0, 865, 942, 919, 13, 8.59%, 0, 0, 5, 1.32
1746581825, 0, 865, 943, 920, 13, 8.59%, 0, 0, 5, 1.29
1746581925, 0, 865, 944, 921, 13, 8.59%, 0, 0, 5, 1.30
1746584886, 0, 865, 945, 922, 13, 8.59%, 0, 0, 5, 6.01
1746585521, 0, 865, 946, 923, 13, 8.59%, 0, 0, 5, 1.29
1746585918, 0, 887, 946, 922, 12, 8.59%, 0, 0, 5, 5.36
1746585928, 0, 887, 948, 924, 12, 8.59%, 0, 0, 5, 4.14
1746585933, 0, 887, 949, 925, 12, 8.59%, 0, 0, 5, 3.89
1746585943, 0, 887, 951, 927, 12, 8.59%, 0, 0, 5, 3.72
1746585949, 0, 887, 952, 928, 12, 8.65%, 0, 0, 5, 3.36
1746585954, 0, 887, 953, 929, 12, 8.65%, 0, 0, 5, 3.04
1746585959, 0, 887, 954, 930, 12, 8.65%, 0, 0, 5, 2.92
1746585964, 0, 887, 955, 931, 12, 8.65%, 0, 0, 5, 2.99
1746585970, 0, 887, 956, 932, 12, 8.65%, 0, 0, 5, 2.98
1746585980, 0, 887, 957, 933, 12, 8.65%, 0, 0, 5, 3.01
1746585985, 0, 887, 958, 934, 12, 8.65%, 0, 0, 5, 2.91
1746586031, 0, 887, 959, 935, 12, 8.65%, 0, 0, 5, 3.05
1746586036, 0, 887, 960, 936, 12, 8.65%, 0, 0, 5, 3.08
1746586041, 0, 887, 961, 937, 12, 8.65%, 0, 0, 5, 2.94
1746586046, 0, 887, 963, 939, 12, 8.65%, 0, 0, 5, 2.92
1746586051, 0, 887, 964, 940, 12, 8.65%, 0, 0, 5, 2.97
1746586078, 0, 887, 965, 941, 12, 8.83%, 0, 0, 5, 4.62
1746586088, 0, 887, 966, 942, 12, 8.83%, 0, 0, 5, 3.08
1746586093, 0, 887, 967, 943, 12, 8.83%, 0, 0, 5, 2.84
1746586109, 0, 887, 968, 944, 12, 8.83%, 0, 0, 5, 2.90
1746586119, 0, 887, 970, 946, 12, 8.83%, 0, 0, 5, 2.85
1746586130, 0, 887, 971, 947, 12, 8.83%, 0, 0, 5, 2.87
1746586145, 0, 887, 972, 948, 12, 8.83%, 0, 0, 5, 2.83
1746586161, 0, 887, 973, 949, 12, 8.83%, 0, 0, 5, 2.80
1746586176, 0, 887, 974, 950, 12, 8.83%, 0, 0, 5, 2.90
1746586202, 0, 887, 975, 951, 12, 8.83%, 0, 0, 5, 5.50
1746586208, 0, 887, 976, 952, 12, 8.83%, 0, 0, 5, 3.82
1746586213, 0, 887, 977, 953, 12, 8.83%, 0, 0, 5, 3.26
1746586223, 0, 887, 978, 954, 12, 8.83%, 0, 0, 5, 2.81
1746586239, 0, 887, 979, 955, 12, 8.83%, 0, 0, 5, 2.83
1746586316, 0, 887, 980, 956, 12, 8.83%, 0, 0, 5, 3.61
1746586326, 0, 887, 981, 957, 12, 8.83%, 0, 0, 5, 2.55
1746586338, 0, 887, 982, 958, 12, 8.83%, 0, 0, 5, 3.37
1746586348, 0, 887, 983, 959, 12, 8.83%, 0, 0, 5, 2.25
1746586483, 0, 887, 984, 960, 12, 8.83%, 0, 0, 5, 3.30
1746586509, 0, 887, 985, 961, 12, 8.83%, 0, 0, 5, 3.26
1746586520, 0, 887, 986, 962, 12, 8.83%, 0, 0, 5, 2.81
1746586525, 0, 887, 987, 963, 12, 8.83%, 0, 0, 5, 2.79
1746586541, 0, 887, 988, 964, 12, 8.83%, 0, 0, 5, 2.68
1746586551, 0, 887, 989, 965, 12, 8.83%, 0, 0, 5, 2.68
1746587460, 0, 887, 990, 966, 12, 8.83%, 0, 0, 5, 1.95
1746588058, 0, 887, 991, 967, 12, 8.83%, 0, 0, 5, 2.02
1746588301, 0, 887, 992, 968, 12, 8.83%, 0, 0, 5, 1.38
1746588545, 0, 887, 993, 969, 12, 8.83%, 0, 0, 5, 1.79
1746588702, 0, 887, 994, 970, 12, 8.83%, 0, 0, 5, 2.48
1746588744, 0, 887, 995, 971, 12, 8.83%, 0, 0, 5, 2.43
1746588797, 0, 887, 996, 972, 12, 8.83%, 0, 0, 5, 2.35
1746588807, 0, 887, 997, 973, 12, 8.83%, 0, 0, 5, 2.21
1746588918, 0, 887, 998, 974, 12, 8.83%, 0, 0, 5, 2.57
1746589075, 0, 887, 999, 975, 12, 8.83%, 0, 0, 5, 2.05
1746589144, 0, 887, 1000, 976, 12, 8.83%, 0, 0, 5, 2.32
1746589165, 0, 887, 1001, 977, 12, 8.83%, 0, 0, 5, 2.46
1746589176, 0, 887, 1002, 978, 12, 8.83%, 0, 0, 5, 2.03
1746589497, 0, 887, 1003, 979, 12, 8.83%, 0, 0, 5, 2.11
1746589518, 0, 887, 1004, 980, 12, 8.83%, 0, 0, 5, 2.16
1746589554, 0, 887, 1005, 981, 12, 8.83%, 0, 0, 5, 2.64
1746589559, 0, 887, 1006, 982, 12, 8.83%, 0, 0, 5, 2.62
1746589600, 0, 887, 1007, 983, 12, 8.83%, 0, 0, 5, 2.30
1746589631, 0, 887, 1008, 984, 12, 8.83%, 0, 0, 5, 4.20
1746589647, 0, 887, 1009, 985, 12, 8.83%, 0, 0, 5, 3.63
1746589652, 0, 887, 1010, 986, 12, 8.83%, 0, 0, 5, 3.53
1746589683, 0, 887, 1011, 987, 12, 8.83%, 0, 0, 5, 4.09
1746589715, 0, 887, 1012, 988, 12, 8.83%, 0, 0, 5, 3.78
1746589741, 0, 887, 1013, 989, 12, 8.83%, 0, 0, 5, 4.26
1746589756, 0, 887, 1014, 990, 12, 8.83%, 0, 0, 5, 3.60
1746589793, 0, 887, 1015, 991, 12, 8.83%, 0, 0, 5, 3.53
1746589804, 0, 887, 1016, 992, 12, 8.83%, 0, 0, 5, 4.23
1746589831, 0, 887, 1017, 993, 12, 8.83%, 0, 0, 5, 4.05
1746589857, 0, 887, 1018, 994, 12, 8.83%, 0, 0, 5, 4.50
1746589920, 0, 887, 1018, 994, 12, 8.83%, 0, 1, 5, 4.96
1746589931, 0, 887, 1019, 995, 12, 8.83%, 0, 1, 5, 4.65
1746589947, 0, 887, 1020, 996, 12, 8.83%, 0, 1, 5, 4.44
1746589963, 0, 887, 1021, 997, 12, 8.83%, 0, 1, 5, 3.18
1746589979, 0, 887, 1022, 998, 12, 8.83%, 0, 1, 5, 3.43
1746590016, 0, 887, 1023, 999, 12, 8.86%, 0, 1, 5, 4.11
1746590049, 0, 887, 1024, 1000, 12, 8.86%, 0, 1, 5, 3.72
1746590117, 0, 887, 1025, 1001, 12, 8.87%, 0, 1, 5, 3.73
1746590153, 0, 887, 1026, 1002, 12, 8.87%, 0, 1, 5, 3.68
1746590317, 0, 887, 1027, 1003, 12, 8.87%, 0, 1, 5, 3.62
1746590328, 0, 887, 1028, 1004, 12, 8.87%, 0, 1, 5, 4.90
1746590412, 0, 887, 1029, 1005, 12, 8.87%, 0, 1, 5, 3.71
1746590479, 0, 887, 1030, 1006, 12, 8.87%, 0, 1, 5, 3.91
1746590727, 0, 887, 1031, 1007, 12, 8.87%, 0, 1, 5, 3.35
1746590806, 0, 887, 1032, 1008, 12, 8.87%, 0, 1, 5, 3.65
1746590989, 0, 887, 1033, 1009, 12, 8.87%, 0, 1, 5, 3.89
1746591000, 0, 887, 1034, 1010, 12, 8.87%, 0, 1, 5, 3.69
1746591115, 0, 887, 1035, 1011, 12, 8.87%, 0, 1, 5, 2.97
1746591142, 0, 887, 1036, 1012, 12, 8.87%, 0, 1, 5, 4.93
1746591173, 0, 887, 1036, 1012, 12, 8.87%, 0, 2, 5, 4.36
1746591210, 0, 887, 1037, 1013, 12, 8.87%, 0, 2, 5, 3.86
1746591246, 0, 887, 1038, 1014, 12, 8.87%, 0, 2, 5, 3.86
1746591293, 0, 887, 1039, 1015, 12, 8.87%, 0, 2, 5, 3.74
1746591325, 0, 887, 1040, 1016, 12, 8.87%, 0, 2, 5, 3.67
1746591372, 0, 887, 1041, 1017, 12, 8.87%, 0, 2, 5, 4.22
1746591399, 0, 897, 1041, 1016, 16, 8.87%, 0, 2, 5, 4.14
1746591415, 0, 897, 1041, 1016, 16, 8.87%, 0, 3, 5, 2.56
1746591421, 0, 897, 1041, 1016, 16, 8.87%, 0, 4, 5, 2.09
1746591520, 0, 897, 1041, 1016, 16, 8.87%, 0, 5, 5, 1.08
1746591526, 0, 897, 1041, 1016, 16, 8.87%, 0, 6, 5, 1.08
1746591531, 0, 897, 1041, 1016, 16, 8.87%, 0, 7, 5, 1.07
1746591537, 0, 897, 1041, 1016, 16, 8.87%, 0, 8, 5, 1.06
1746591548, 0, 897, 1041, 1016, 16, 8.87%, 0, 9, 5, 1.08
1746591554, 0, 897, 1041, 1016, 16, 8.87%, 0, 10, 5, 1.07
1746591559, 0, 897, 1041, 1016, 16, 8.87%, 0, 11, 5, 1.07
1746591571, 0, 897, 1041, 1016, 16, 8.87%, 0, 12, 5, 1.06
1746591577, 0, 897, 1041, 1016, 16, 8.87%, 0, 14, 5, 1.05
1746591588, 0, 897, 1041, 1016, 16, 8.87%, 0, 15, 5, 1.05
1746591594, 0, 897, 1041, 1016, 16, 8.87%, 0, 17, 5, 1.04
1746591599, 0, 897, 1041, 1016, 16, 8.87%, 0, 21, 5, 1.03
1746591604, 0, 897, 1041, 1016, 16, 8.87%, 0, 23, 5, 1.02
1746591609, 0, 897, 1041, 1016, 16, 8.87%, 0, 25, 5, 1.01
1746591614, 0, 897, 1041, 1016, 16, 8.87%, 0, 29, 5, 1.00
1746591619, 0, 897, 1041, 1016, 16, 8.87%, 0, 31, 5, 1.00
1746591624, 0, 897, 1041, 1016, 16, 8.87%, 0, 34, 5, 1.00
1746591629, 0, 897, 1041, 1016, 16, 8.87%, 0, 37, 5, 1.00
1746591634, 0, 897, 1041, 1016, 16, 8.87%, 0, 41, 5, 0.99
1746591639, 0, 897, 1041, 1016, 16, 8.87%, 0, 45, 5, 0.99
1746591644, 0, 897, 1041, 1016, 16, 8.87%, 0, 48, 5, 0.99
1746591650, 0, 897, 1041, 1016, 16, 8.87%, 0, 53, 5, 0.99
1746591655, 0, 897, 1041, 1016, 16, 8.87%, 0, 55, 5, 0.99
1746591660, 0, 897, 1041, 1016, 16, 8.87%, 0, 59, 5, 0.99
1746591665, 0, 897, 1041, 1016, 16, 8.87%, 0, 60, 5, 0.99
1746591670, 0, 897, 1041, 1016, 16, 8.87%, 0, 63, 5, 0.99
1746591675, 0, 897, 1041, 1016, 16, 8.87%, 0, 65, 5, 0.99
1746591680, 0, 897, 1041, 1016, 16, 8.87%, 0, 66, 5, 0.99
1746591685, 0, 897, 1041, 1016, 16, 8.87%, 0, 68, 5, 0.99
1746591690, 0, 897, 1041, 1016, 16, 8.87%, 0, 69, 5, 0.99
1746591695, 0, 897, 1041, 1016, 16, 8.87%, 0, 71, 5, 0.99
1746591705, 0, 897, 1041, 1016, 16, 8.87%, 0, 74, 5, 0.99
1746591710, 0, 897, 1041, 1016, 16, 8.87%, 0, 76, 5, 0.99
1746591715, 0, 897, 1041, 1016, 16, 8.87%, 0, 77, 5, 0.99
1746591720, 0, 897, 1041, 1016, 16, 8.87%, 0, 78, 5, 0.99
1746591725, 0, 897, 1041, 1016, 16, 8.87%, 0, 79, 5, 0.99
1746591730, 0, 897, 1041, 1016, 16, 8.87%, 0, 80, 5, 0.99
1746591735, 0, 897, 1041, 1016, 16, 8.87%, 0, 81, 5, 0.99
1746591822, 0, 897, 1041, 1016, 16, 8.87%, 0, 82, 5, 1.10
1746591850, 0, 897, 1041, 1016, 16, 8.87%, 0, 83, 5, 1.07
1746591861, 0, 897, 1041, 1016, 16, 8.87%, 0, 84, 5, 1.08
1746591867, 0, 897, 1041, 1016, 16, 8.87%, 0, 85, 5, 1.07
1746591884, 0, 897, 1041, 1016, 16, 8.87%, 0, 86, 5, 1.07
1746591890, 0, 897, 1041, 1016, 16, 8.87%, 0, 87, 5, 1.06
1746591907, 0, 897, 1041, 1016, 16, 8.87%, 0, 88, 5, 1.05
1746591918, 0, 897, 1041, 1016, 16, 8.87%, 0, 89, 5, 1.04
1746591923, 0, 897, 1041, 1016, 16, 8.87%, 0, 91, 5, 1.03
1746591928, 0, 897, 1041, 1016, 16, 8.87%, 0, 92, 5, 1.02
1746591934, 0, 897, 1041, 1016, 16, 8.87%, 0, 93, 5, 1.02
1746591939, 0, 897, 1041, 1016, 16, 8.87%, 0, 97, 5, 1.01
1746591944, 0, 897, 1041, 1016, 16, 8.87%, 0, 98, 5, 1.00
1746591949, 0, 897, 1041, 1016, 16, 8.87%, 0, 102, 5, 1.00
1746591955, 0, 897, 1041, 1016, 16, 8.87%, 0, 103, 5, 1.00
1746591960, 0, 897, 1041, 1016, 16, 8.87%, 0, 106, 5, 1.00
1746591965, 0, 897, 1041, 1016, 16, 8.87%, 0, 108, 5, 0.99
1746591975, 0, 897, 1041, 1016, 16, 8.87%, 0, 109, 5, 0.99
1746591980, 0, 897, 1041, 1016, 16, 8.87%, 0, 113, 5, 0.99
1746591985, 0, 897, 1041, 1016, 16, 8.87%, 0, 114, 5, 0.99
1746591990, 0, 897, 1041, 1016, 16, 8.87%, 0, 116, 5, 0.99
1746591995, 0, 897, 1041, 1016, 16, 8.87%, 0, 117, 5, 0.99
1746592000, 0, 897, 1041, 1016, 16, 8.87%, 0, 118, 5, 0.99
1746592005, 0, 897, 1041, 1016, 16, 8.87%, 0, 120, 5, 0.99
1746592015, 0, 897, 1041, 1016, 16, 8.87%, 0, 121, 5, 0.99
1746592020, 0, 897, 1041, 1016, 16, 8.87%, 0, 123, 5, 0.99
1746592025, 0, 897, 1041, 1016, 16, 8.87%, 0, 125, 5, 0.99
1746592030, 0, 897, 1041, 1016, 16, 8.87%, 0, 126, 5, 0.99
1746592035, 0, 897, 1041, 1016, 16, 8.87%, 0, 127, 5, 0.99
1746592056, 0, 897, 1041, 1016, 16, 8.87%, 0, 129, 5, 0.99
1746592061, 0, 897, 1041, 1016, 16, 8.87%, 0, 132, 5, 0.99
1746592066, 0, 897, 1041, 1016, 16, 8.87%, 0, 134, 5, 1.05
1746592173, 0, 897, 1041, 1016, 16, 8.87%, 0, 135, 5, 1.08
1746592235, 0, 897, 1041, 1016, 16, 8.87%, 0, 136, 5, 1.06
1746592246, 0, 897, 1041, 1016, 16, 8.87%, 0, 138, 5, 1.04
1746592251, 0, 897, 1041, 1016, 16, 8.87%, 0, 140, 5, 1.03
1746592256, 0, 897, 1041, 1016, 16, 8.87%, 0, 143, 5, 1.02
1746592261, 0, 897, 1041, 1016, 16, 8.87%, 0, 145, 5, 1.01
1746592267, 0, 897, 1041, 1016, 16, 8.87%, 0, 146, 5, 1.00
1746592287, 0, 897, 1041, 1016, 16, 8.87%, 0, 149, 5, 0.99
1746592292, 0, 897, 1041, 1016, 16, 8.87%, 0, 151, 5, 0.99
1746592297, 0, 897, 1041, 1016, 16, 8.87%, 0, 154, 5, 0.99
1746592302, 0, 897, 1041, 1016, 16, 8.87%, 0, 156, 5, 0.99
1746592307, 0, 897, 1041, 1016, 16, 8.87%, 0, 158, 5, 0.99
1746592312, 0, 897, 1041, 1016, 16, 8.87%, 0, 161, 5, 0.99
1746592352, 0, 897, 1041, 1016, 16, 8.87%, 0, 164, 5, 0.99
1746592357, 0, 897, 1041, 1016, 16, 8.87%, 0, 165, 5, 0.99
1746592368, 0, 897, 1041, 1016, 16, 8.87%, 0, 167, 5, 0.99
1746592388, 0, 897, 1041, 1016, 16, 8.87%, 0, 168, 5, 5.71
1746592410, 0, 897, 1041, 1016, 16, 8.87%, 0, 169, 5, 2.03
1746592415, 0, 897, 1041, 1016, 16, 8.87%, 0, 170, 5, 1.74
1746592425, 0, 897, 1041, 1016, 16, 8.87%, 0, 171, 5, 1.38
1746592457, 0, 897, 1041, 1016, 16, 8.87%, 0, 172, 5, 1.13
1746592489, 0, 897, 1041, 1016, 16, 8.87%, 0, 173, 5, 1.79
1746592494, 0, 897, 1041, 1016, 16, 8.87%, 0, 174, 5, 1.57
1746592846, 0, 897, 1041, 1016, 16, 8.87%, 0, 175, 5, 1.07
1746592891, 0, 897, 1041, 1016, 16, 8.87%, 0, 176, 5, 1.08
1746593327, 0, 897, 1041, 1016, 16, 8.87%, 0, 177, 5, 1.07
1746593377, 0, 897, 1041, 1016, 16, 8.87%, 0, 178, 5, 1.06
1746593432, 0, 897, 1041, 1016, 16, 8.87%, 0, 179, 5, 1.08
1746593444, 0, 897, 1041, 1016, 16, 8.87%, 0, 180, 5, 1.07
1746593559, 0, 897, 1041, 1016, 16, 8.87%, 0, 181, 5, 1.09
1746593616, 0, 897, 1041, 1016, 16, 8.87%, 0, 182, 5, 1.06
1746593668, 0, 897, 1041, 1016, 16, 8.87%, 0, 184, 5, 1.04
1746593775, 0, 897, 1041, 1016, 16, 8.87%, 0, 185, 5, 1.03
1746593780, 0, 897, 1041, 1016, 16, 8.87%, 0, 186, 5, 1.02
1746593786, 0, 897, 1041, 1016, 16, 8.87%, 0, 187, 5, 1.01
1746593796, 0, 897, 1041, 1016, 16, 8.87%, 0, 190, 5, 1.00
1746593801, 0, 897, 1041, 1016, 16, 8.87%, 0, 191, 5, 1.00
1746593811, 0, 897, 1041, 1016, 16, 8.87%, 0, 192, 5, 1.00
1746593817, 0, 897, 1041, 1016, 16, 8.87%, 0, 194, 5, 0.99
1746593827, 0, 897, 1041, 1016, 16, 8.87%, 0, 195, 5, 0.99
1746593832, 0, 897, 1041, 1016, 16, 8.87%, 0, 196, 5, 0.99
1746593837, 0, 897, 1041, 1016, 16, 8.87%, 0, 197, 5, 0.99
1746593852, 0, 897, 1041, 1016, 16, 8.87%, 0, 198, 5, 0.99
1746593862, 0, 897, 1041, 1016, 16, 8.87%, 0, 200, 5, 0.99
1746593867, 0, 897, 1041, 1016, 16, 8.87%, 0, 201, 5, 0.99
1746593872, 0, 897, 1041, 1016, 16, 8.87%, 0, 203, 5, 0.99
1746593923, 0, 897, 1041, 1016, 16, 8.87%, 0, 205, 5, 0.99
1746593933, 0, 897, 1041, 1016, 16, 8.87%, 0, 208, 5, 0.99
1746593943, 0, 897, 1041, 1016, 16, 8.87%, 0, 209, 5, 0.99
1746593953, 0, 897, 1041, 1016, 16, 8.87%, 0, 210, 5, 0.99
1746593958, 0, 897, 1041, 1016, 16, 8.87%, 0, 211, 5, 0.99
1746593963, 0, 897, 1041, 1016, 16, 8.87%, 0, 212, 5, 0.99
1746593968, 0, 897, 1041, 1016, 16, 8.87%, 0, 213, 5, 0.99
1746593978, 0, 897, 1041, 1016, 16, 8.87%, 0, 214, 5, 0.99
1746593983, 0, 897, 1041, 1016, 16, 8.87%, 0, 215, 5, 0.99
1746593988, 0, 897, 1041, 1016, 16, 8.87%, 0, 216, 5, 0.99
1746594013, 0, 897, 1041, 1016, 16, 8.87%, 0, 217, 5, 0.99
1746594054, 0, 897, 1041, 1016, 16, 8.87%, 0, 218, 5, 0.99
1746594069, 0, 897, 1041, 1016, 16, 8.87%, 0, 219, 5, 0.99
1746594089, 0, 897, 1041, 1016, 16, 8.87%, 0, 220, 5, 0.99
1746594124, 0, 897, 1041, 1016, 16, 8.87%, 0, 221, 5, 0.99
1746594145, 0, 897, 1041, 1016, 16, 8.87%, 0, 222, 5, 0.99
1746594160, 0, 897, 1041, 1016, 16, 8.87%, 0, 223, 5, 0.99
1746594185, 0, 897, 1041, 1016, 16, 8.87%, 0, 224, 5, 0.99
1746594190, 0, 897, 1041, 1016, 16, 8.87%, 0, 226, 5, 0.99
1746594236, 0, 897, 1041, 1016, 16, 8.87%, 0, 228, 5, 0.99
1746594241, 0, 897, 1041, 1016, 16, 8.87%, 0, 229, 5, 0.99
1746594291, 0, 897, 1041, 1016, 16, 8.87%, 0, 230, 5, 0.99
1746594316, 0, 897, 1041, 1016, 16, 8.87%, 0, 231, 5, 0.99
1746594326, 0, 897, 1041, 1016, 16, 8.87%, 0, 232, 5, 0.99
1746594357, 0, 902, 1041, 1015, 15, 8.87%, 0, 232, 5, 1.03
1746594379, 0, 902, 1042, 1016, 15, 8.87%, 0, 232, 5, 1.09
1746594486, 0, 902, 1042, 1016, 15, 8.87%, 0, 233, 5, 1.06
1746594560, 0, 902, 1042, 1016, 15, 8.87%, 0, 235, 5, 1.03
1746594565, 0, 902, 1043, 1017, 15, 8.87%, 0, 235, 5, 1.25
1746594744, 0, 902, 1044, 1018, 15, 8.87%, 0, 235, 5, 1.70
1746594755, 0, 902, 1045, 1019, 15, 8.87%, 0, 235, 5, 1.62
1746595038, 0, 902, 1046, 1020, 15, 8.87%, 0, 235, 5, 2.84
1746595074, 0, 902, 1047, 1021, 15, 8.87%, 0, 235, 5, 2.28
1746595904, 0, 902, 1048, 1022, 15, 8.87%, 0, 235, 5, 1.61
1746598067, 0, 902, 1049, 1023, 15, 8.87%, 0, 235, 5, 1.68
1746598917, 0, 902, 1050, 1024, 15, 8.87%, 0, 235, 5, 1.68
1746598976, 0, 904, 1050, 1023, 14, 8.87%, 0, 235, 5, 4.46
1746599022, 0, 904, 1051, 1024, 14, 8.87%, 0, 235, 5, 1.82
1746599264, 0, 904, 1052, 1025, 14, 8.87%, 0, 235, 5, 1.68
1746601567, 0, 904, 1053, 1026, 14, 8.87%, 0, 235, 5, 1.56
1746601572, 0, 904, 1054, 1027, 14, 8.87%, 0, 235, 5, 1.53
