# unix_time, cycles_done, cur_path, paths_total, pending_total, pending_favs, map_size, unique_crashes, unique_hangs, max_depth, execs_per_sec
1746712463, 0, 0, 1, 1, 1, 3.79%, 0, 0, 1, 140.35
1746712468, 0, 0, 44, 44, 1, 5.09%, 0, 0, 2, 131.05
1746712473, 0, 0, 70, 70, 1, 5.16%, 0, 0, 2, 133.12
1746712478, 0, 0, 90, 90, 1, 5.17%, 0, 0, 2, 133.55
1746712483, 0, 0, 105, 105, 1, 5.69%, 0, 0, 2, 136.24
1746712488, 0, 0, 118, 118, 1, 5.81%, 0, 0, 2, 137.90
1746712493, 0, 0, 133, 133, 1, 5.82%, 0, 0, 2, 135.32
1746712499, 0, 0, 141, 141, 1, 5.82%, 0, 0, 2, 138.39
1746712504, 0, 0, 155, 155, 1, 5.82%, 0, 0, 2, 139.38
1746712509, 0, 0, 162, 162, 1, 5.82%, 0, 0, 2, 144.97
1746712514, 0, 0, 170, 170, 1, 5.82%, 0, 0, 2, 145.56
1746712519, 0, 0, 180, 180, 1, 5.82%, 0, 0, 2, 142.28
1746712524, 0, 0, 187, 187, 1, 5.82%, 0, 0, 2, 142.06
1746712529, 0, 0, 193, 193, 1, 5.82%, 0, 0, 2, 143.41
1746712535, 0, 0, 197, 197, 1, 5.82%, 0, 0, 2, 143.07
1746712540, 0, 0, 203, 203, 1, 5.82%, 0, 0, 2, 143.62
1746712545, 0, 0, 209, 209, 1, 5.82%, 0, 0, 2, 142.14
1746712550, 0, 0, 215, 215, 1, 5.83%, 0, 0, 2, 142.24
1746712555, 0, 0, 219, 219, 1, 5.83%, 0, 0, 2, 138.67
1746712560, 0, 0, 222, 222, 1, 5.83%, 0, 0, 2, 146.03
1746712566, 0, 0, 227, 227, 1, 5.83%, 0, 0, 2, 147.73
1746712571, 0, 0, 231, 231, 1, 5.83%, 0, 0, 2, 143.52
1746712576, 0, 0, 238, 238, 1, 5.83%, 0, 0, 2, 142.39
1746712581, 0, 0, 242, 242, 1, 5.83%, 0, 0, 2, 144.13
1746712591, 0, 0, 249, 249, 1, 5.84%, 0, 0, 2, 143.60
1746712597, 0, 0, 250, 250, 1, 5.84%, 0, 0, 2, 148.05
1746712602, 0, 0, 253, 253, 1, 5.84%, 0, 0, 2, 143.88
1746712607, 0, 0, 258, 258, 1, 5.84%, 0, 0, 2, 140.27
1746712612, 0, 0, 259, 259, 1, 5.85%, 0, 0, 2, 142.63
1746712617, 0, 0, 261, 261, 1, 5.85%, 0, 0, 2, 142.52
1746712628, 0, 0, 264, 264, 1, 5.85%, 0, 0, 2, 147.52
1746712633, 0, 0, 269, 269, 1, 5.85%, 0, 0, 2, 144.75
1746712638, 0, 0, 273, 273, 1, 5.85%, 0, 0, 2, 143.57
1746712643, 0, 0, 275, 275, 1, 5.85%, 0, 0, 2, 142.11
1746712648, 0, 0, 278, 278, 1, 5.85%, 0, 0, 2, 142.23
1746712653, 0, 0, 280, 280, 1, 5.85%, 0, 0, 2, 143.89
1746712659, 0, 0, 282, 282, 1, 5.85%, 0, 0, 2, 144.50
1746712664, 0, 0, 283, 283, 1, 5.85%, 0, 0, 2, 147.01
1746712669, 0, 0, 286, 286, 1, 5.85%, 0, 0, 2, 144.24
1746712674, 0, 0, 287, 287, 1, 5.85%, 0, 0, 2, 146.04
1746712679, 0, 0, 289, 289, 1, 5.85%, 0, 0, 2, 144.61
1746712684, 0, 0, 292, 292, 1, 5.85%, 0, 0, 2, 141.78
1746712689, 0, 0, 293, 293, 1, 5.85%, 0, 0, 2, 143.08
1746712695, 0, 0, 295, 295, 1, 5.85%, 0, 0, 2, 139.89
1746712705, 0, 0, 297, 297, 1, 5.85%, 0, 0, 2, 145.79
1746712710, 0, 2, 297, 296, 17, 5.85%, 0, 0, 2, 148.47
1746712715, 0, 2, 299, 298, 17, 5.85%, 0, 0, 3, 147.49
1746712741, 0, 32, 299, 297, 16, 5.85%, 0, 0, 3, 145.51
1746712756, 0, 39, 299, 296, 15, 5.85%, 0, 0, 3, 128.34
1746712792, 0, 39, 301, 298, 15, 6.19%, 0, 0, 3, 129.84
1746712798, 0, 39, 302, 299, 15, 6.19%, 0, 0, 3, 132.79
1746712813, 0, 39, 305, 302, 15, 6.19%, 0, 0, 3, 132.76
1746712818, 0, 39, 306, 303, 15, 6.19%, 0, 0, 3, 134.54
1746712823, 0, 39, 308, 305, 15, 6.19%, 0, 0, 3, 134.10
1746712829, 0, 39, 310, 307, 15, 6.32%, 0, 0, 3, 133.18
1746712834, 0, 39, 312, 309, 15, 6.32%, 0, 0, 3, 134.01
1746712839, 0, 39, 314, 311, 15, 6.36%, 0, 0, 3, 132.72
1746712844, 0, 39, 316, 313, 15, 6.37%, 0, 0, 3, 130.30
1746712855, 0, 39, 322, 319, 15, 6.37%, 0, 0, 3, 128.37
1746712860, 0, 39, 323, 320, 15, 6.37%, 0, 0, 3, 130.71
1746712865, 0, 39, 324, 321, 15, 6.37%, 0, 0, 3, 129.15
1746712870, 0, 39, 325, 322, 15, 6.37%, 0, 0, 3, 129.91
1746712875, 0, 39, 326, 323, 15, 6.37%, 0, 0, 3, 129.93
1746712880, 0, 39, 328, 325, 15, 6.37%, 0, 0, 3, 127.72
1746712885, 0, 39, 329, 326, 15, 6.37%, 0, 0, 3, 127.49
1746712890, 0, 39, 330, 327, 15, 6.37%, 0, 0, 3, 126.97
1746712901, 0, 39, 331, 328, 15, 6.37%, 0, 0, 3, 129.49
1746712906, 0, 39, 332, 329, 15, 6.38%, 0, 0, 3, 128.85
1746712911, 0, 39, 333, 330, 15, 6.38%, 0, 0, 3, 130.75
1746712926, 0, 39, 335, 332, 15, 6.38%, 0, 0, 3, 118.93
1746712936, 0, 39, 337, 334, 15, 6.38%, 0, 0, 3, 118.41
1746712941, 0, 39, 338, 335, 15, 6.38%, 0, 0, 3, 120.79
1746712947, 0, 39, 339, 336, 15, 6.38%, 0, 0, 3, 121.24
1746712957, 0, 39, 341, 338, 15, 6.38%, 0, 0, 3, 119.15
1746712962, 0, 39, 342, 339, 15, 6.38%, 0, 0, 3, 121.35
1746712967, 0, 39, 343, 340, 15, 6.38%, 0, 0, 3, 121.56
1746712987, 0, 39, 345, 342, 15, 6.38%, 0, 0, 3, 122.18
1746712998, 0, 39, 346, 343, 15, 6.38%, 0, 0, 3, 123.08
1746713008, 0, 39, 347, 344, 15, 6.38%, 0, 0, 3, 120.36
1746713013, 0, 39, 348, 345, 15, 6.38%, 0, 0, 3, 123.60
1746713018, 0, 39, 349, 346, 15, 6.38%, 0, 0, 3, 124.52
1746713023, 0, 39, 350, 347, 15, 6.38%, 0, 0, 3, 124.17
1746713028, 0, 39, 351, 348, 15, 6.38%, 0, 0, 3, 126.71
1746713034, 0, 39, 353, 350, 15, 6.38%, 0, 0, 3, 120.99
1746713049, 0, 142, 353, 349, 8, 6.38%, 0, 0, 3, 125.35
1746713162, 0, 142, 354, 350, 8, 6.38%, 0, 0, 3, 99.94
1746713167, 0, 142, 356, 352, 8, 6.38%, 0, 0, 3, 104.76
1746713172, 0, 142, 359, 355, 8, 6.39%, 0, 0, 3, 105.40
1746713178, 0, 142, 364, 360, 8, 6.39%, 0, 0, 3, 101.81
1746713183, 0, 142, 367, 363, 8, 6.39%, 0, 0, 3, 105.42
1746713188, 0, 142, 368, 364, 8, 6.39%, 0, 0, 3, 108.00
1746713193, 0, 142, 369, 365, 8, 6.39%, 0, 0, 3, 105.93
1746713198, 0, 142, 371, 367, 8, 6.39%, 0, 0, 3, 106.69
1746713203, 0, 142, 376, 372, 8, 6.39%, 0, 0, 3, 103.44
1746713208, 0, 142, 379, 375, 8, 6.39%, 0, 0, 3, 103.68
1746713213, 0, 142, 381, 377, 8, 6.39%, 0, 0, 3, 106.23
1746713218, 0, 142, 383, 379, 8, 6.39%, 0, 0, 3, 107.05
1746713223, 0, 142, 385, 381, 8, 6.39%, 0, 0, 3, 104.73
1746713238, 0, 142, 387, 383, 8, 6.39%, 0, 0, 3, 107.91
1746713248, 0, 142, 390, 386, 8, 6.39%, 0, 0, 3, 101.86
1746713254, 0, 142, 393, 389, 8, 6.39%, 0, 0, 3, 104.66
1746713259, 0, 142, 394, 390, 8, 6.39%, 0, 0, 3, 106.98
1746713269, 0, 142, 396, 392, 8, 6.39%, 0, 0, 3, 104.72
1746713274, 0, 142, 397, 393, 8, 6.40%, 0, 0, 3, 106.19
1746713284, 0, 142, 398, 394, 8, 6.40%, 0, 0, 3, 105.94
1746713289, 0, 142, 400, 396, 8, 6.40%, 0, 0, 3, 106.33
1746713305, 0, 142, 405, 401, 8, 6.40%, 0, 0, 3, 103.39
1746713310, 0, 142, 409, 405, 8, 6.40%, 0, 0, 3, 102.38
1746713315, 0, 142, 410, 406, 8, 6.40%, 0, 0, 3, 104.39
1746713320, 0, 142, 411, 407, 8, 6.40%, 0, 0, 3, 107.53
1746713325, 0, 142, 413, 409, 8, 6.40%, 0, 0, 3, 105.07
1746713340, 0, 142, 415, 411, 8, 6.40%, 0, 0, 3, 105.08
1746713355, 0, 142, 417, 413, 8, 6.41%, 0, 0, 3, 102.67
1746713360, 0, 142, 418, 414, 8, 6.41%, 0, 0, 3, 103.56
1746713371, 0, 142, 422, 418, 8, 6.41%, 0, 0, 3, 103.82
1746713381, 0, 142, 424, 420, 8, 6.41%, 0, 0, 3, 108.05
1746713386, 0, 142, 426, 422, 8, 6.41%, 0, 0, 3, 105.59
1746713391, 0, 142, 427, 423, 8, 6.41%, 0, 0, 3, 106.26
1746713396, 0, 142, 430, 426, 8, 6.41%, 0, 0, 3, 108.62
1746713402, 0, 142, 431, 427, 8, 6.41%, 0, 0, 3, 107.36
1746713407, 0, 142, 433, 429, 8, 6.41%, 0, 0, 3, 105.36
1746713417, 0, 142, 434, 430, 8, 6.41%, 0, 0, 3, 108.79
1746713422, 0, 142, 435, 431, 8, 6.41%, 0, 0, 3, 106.56
1746713427, 0, 142, 436, 432, 8, 6.41%, 0, 0, 3, 103.58
1746713432, 0, 142, 438, 434, 8, 6.41%, 0, 0, 3, 104.86
1746713437, 0, 142, 440, 436, 8, 6.41%, 0, 0, 3, 103.64
1746713452, 0, 142, 441, 437, 8, 6.41%, 0, 0, 3, 108.39
1746713457, 0, 142, 444, 440, 8, 6.41%, 0, 0, 3, 103.48
1746713462, 0, 142, 445, 441, 8, 6.41%, 0, 0, 3, 104.45
1746713467, 0, 142, 447, 443, 8, 6.41%, 0, 0, 3, 105.24
1746713478, 0, 207, 447, 442, 12, 6.41%, 0, 0, 3, 105.68
1746713585, 0, 207, 449, 444, 12, 6.41%, 0, 0, 3, 106.59
1746713590, 0, 207, 452, 447, 12, 6.41%, 0, 0, 3, 103.14
1746713596, 0, 207, 456, 451, 12, 6.42%, 0, 0, 3, 104.70
1746713606, 0, 207, 459, 454, 12, 6.42%, 0, 0, 3, 104.79
1746713611, 0, 207, 460, 455, 12, 6.42%, 0, 0, 3, 107.05
1746713621, 0, 207, 462, 457, 12, 6.42%, 0, 0, 3, 104.36
1746713626, 0, 207, 463, 458, 12, 6.42%, 0, 0, 3, 105.14
1746713631, 0, 207, 465, 460, 12, 6.42%, 0, 0, 3, 108.39
1746713636, 0, 207, 467, 462, 12, 6.42%, 0, 0, 3, 106.59
1746713642, 0, 207, 468, 463, 12, 6.42%, 0, 0, 3, 106.98
1746713652, 0, 207, 469, 464, 12, 6.42%, 0, 0, 3, 106.29
1746713662, 0, 207, 470, 465, 12, 6.42%, 0, 0, 3, 106.83
1746713667, 0, 207, 471, 466, 12, 6.42%, 0, 0, 3, 107.16
1746713672, 0, 207, 472, 467, 12, 6.42%, 0, 0, 3, 107.40
1746713708, 0, 207, 474, 469, 12, 6.42%, 0, 0, 3, 105.12
1746713718, 0, 207, 475, 470, 12, 6.42%, 0, 0, 3, 107.38
1746713723, 0, 207, 479, 474, 12, 6.44%, 0, 0, 3, 100.87
1746713728, 0, 207, 480, 475, 12, 6.44%, 0, 0, 3, 106.68
1746713733, 0, 207, 483, 478, 12, 6.44%, 0, 0, 3, 103.13
1746713738, 0, 207, 484, 479, 12, 6.44%, 0, 0, 3, 105.75
1746713753, 0, 207, 485, 480, 12, 6.44%, 0, 0, 3, 107.06
1746713774, 0, 207, 486, 481, 12, 6.44%, 0, 0, 3, 107.57
1746713789, 0, 207, 487, 482, 12, 6.44%, 0, 0, 3, 107.27
1746713794, 0, 207, 488, 483, 12, 6.44%, 0, 0, 3, 106.85
1746713799, 0, 207, 489, 484, 12, 6.44%, 0, 0, 3, 104.94
1746713804, 0, 207, 490, 485, 12, 6.44%, 0, 0, 3, 106.17
1746713819, 0, 207, 492, 487, 12, 6.44%, 0, 0, 3, 104.19
1746713824, 0, 207, 494, 489, 12, 6.44%, 0, 0, 3, 103.12
1746713829, 0, 207, 495, 490, 12, 6.44%, 0, 0, 3, 105.96
1746713834, 0, 207, 496, 491, 12, 6.44%, 0, 0, 3, 105.50
1746713854, 0, 207, 498, 493, 12, 6.44%, 0, 0, 3, 106.53
1746713875, 0, 207, 499, 494, 12, 6.44%, 0, 0, 3, 107.73
1746713890, 0, 286, 499, 493, 11, 6.44%, 0, 0, 3, 91.45
1746714108, 0, 313, 499, 492, 11, 6.44%, 0, 0, 3, 89.14
1746714134, 0, 313, 500, 493, 11, 6.44%, 0, 0, 4, 55.09
1746714144, 0, 313, 501, 494, 11, 6.44%, 0, 0, 4, 54.94
1746714175, 0, 313, 502, 495, 11, 6.44%, 0, 0, 4, 55.15
1746714190, 0, 313, 503, 496, 11, 6.44%, 0, 0, 4, 55.07
1746714348, 0, 313, 504, 497, 11, 6.44%, 0, 0, 4, 55.29
1746714359, 0, 313, 505, 498, 11, 6.44%, 0, 0, 4, 55.11
1746714547, 0, 313, 506, 499, 11, 6.44%, 0, 0, 4, 56.18
1746714716, 0, 313, 507, 500, 11, 6.44%, 0, 0, 4, 55.02
1746714808, 0, 313, 521, 514, 11, 6.44%, 0, 0, 4, 57.39
1746714814, 0, 313, 536, 529, 11, 6.44%, 0, 0, 4, 57.24
1746714819, 0, 313, 550, 543, 11, 6.54%, 0, 0, 4, 59.80
1746714824, 0, 313, 561, 554, 11, 6.54%, 0, 0, 4, 61.28
1746714829, 0, 313, 571, 564, 11, 6.54%, 0, 0, 4, 58.83
1746714834, 0, 313, 581, 574, 11, 6.55%, 0, 0, 4, 58.89
1746714839, 0, 313, 589, 582, 11, 6.55%, 0, 0, 4, 58.84
1746714844, 0, 313, 594, 587, 11, 6.56%, 0, 0, 4, 60.51
1746714849, 0, 313, 600, 593, 11, 6.56%, 0, 0, 4, 61.36
1746714854, 0, 313, 607, 600, 11, 6.56%, 0, 0, 4, 58.20
1746714860, 0, 313, 610, 603, 11, 6.56%, 0, 0, 4, 60.23
1746714865, 0, 313, 614, 607, 11, 6.58%, 0, 0, 4, 61.88
1746714870, 0, 313, 617, 610, 11, 6.58%, 0, 0, 4, 63.03
1746714875, 0, 313, 622, 615, 11, 6.78%, 0, 0, 4, 58.97
1746714880, 0, 313, 626, 619, 11, 6.78%, 0, 0, 4, 60.61
1746714890, 0, 313, 628, 621, 11, 6.83%, 0, 0, 4, 61.74
1746714895, 0, 313, 630, 623, 11, 6.83%, 0, 0, 4, 63.33
1746714900, 0, 313, 634, 627, 11, 6.83%, 0, 0, 4, 59.96
1746714905, 0, 313, 636, 629, 11, 6.83%, 0, 0, 4, 62.07
1746714911, 0, 313, 638, 631, 11, 6.83%, 0, 0, 4, 61.53
1746714916, 0, 313, 643, 636, 11, 6.94%, 0, 0, 4, 60.65
1746714921, 0, 313, 644, 637, 11, 6.94%, 0, 0, 4, 64.14
1746714926, 0, 313, 650, 643, 11, 6.94%, 0, 0, 4, 60.88
1746714931, 0, 313, 651, 644, 11, 6.94%, 0, 0, 4, 63.12
1746714936, 0, 313, 655, 648, 11, 6.94%, 0, 0, 4, 62.84
1746714942, 0, 313, 660, 653, 11, 6.94%, 0, 0, 4, 59.85
1746714947, 0, 313, 664, 657, 11, 6.94%, 0, 0, 4, 60.11
1746714952, 0, 313, 665, 658, 11, 6.94%, 0, 0, 4, 62.49
1746714957, 0, 313, 666, 659, 11, 6.94%, 0, 0, 4, 64.61
1746714967, 0, 313, 667, 660, 11, 6.94%, 0, 0, 4, 63.05
1746714973, 0, 313, 669, 662, 11, 6.94%, 0, 0, 4, 63.00
1746714978, 0, 313, 670, 663, 11, 6.94%, 0, 0, 4, 63.57
1746714983, 0, 313, 671, 664, 11, 6.94%, 0, 0, 4, 62.65
1746714988, 0, 313, 674, 667, 11, 6.94%, 0, 0, 4, 61.92
1746714993, 0, 313, 675, 668, 11, 6.94%, 0, 0, 4, 63.98
1746714998, 0, 313, 676, 669, 11, 6.94%, 0, 0, 4, 66.02
1746715019, 0, 313, 678, 671, 11, 6.94%, 0, 0, 4, 64.18
1746715024, 0, 313, 679, 672, 11, 6.94%, 0, 0, 4, 63.51
1746715044, 0, 313, 683, 676, 11, 6.94%, 0, 0, 4, 61.64
1746715054, 0, 313, 686, 679, 11, 7.04%, 0, 0, 4, 61.39
1746715059, 0, 313, 690, 683, 11, 7.04%, 0, 0, 4, 59.39
1746715064, 0, 313, 692, 685, 11, 7.04%, 0, 0, 4, 61.41
1746715075, 0, 313, 694, 687, 11, 7.04%, 0, 0, 4, 63.20
1746715080, 0, 313, 696, 689, 11, 7.04%, 0, 0, 4, 63.40
1746715085, 0, 313, 697, 690, 11, 7.04%, 0, 0, 4, 63.46
1746715090, 0, 313, 698, 691, 11, 7.04%, 0, 0, 4, 61.63
1746715095, 0, 313, 699, 692, 11, 7.04%, 0, 0, 4, 62.36
1746715131, 0, 313, 700, 693, 11, 7.04%, 0, 0, 4, 64.20
1746715147, 0, 313, 702, 695, 11, 7.04%, 0, 0, 4, 61.81
1746715157, 0, 313, 704, 697, 11, 7.04%, 0, 0, 4, 61.75
1746715162, 0, 313, 705, 698, 11, 7.04%, 0, 0, 4, 63.65
1746715178, 0, 313, 706, 699, 11, 7.04%, 0, 0, 4, 62.87
1746715188, 0, 313, 710, 703, 11, 7.04%, 0, 0, 4, 61.00
1746715203, 0, 313, 712, 705, 11, 7.04%, 0, 0, 4, 63.67
1746715218, 0, 313, 713, 706, 11, 7.04%, 0, 0, 4, 64.00
1746715223, 0, 342, 713, 705, 14, 7.04%, 0, 0, 4, 69.96
1746715356, 0, 452, 713, 704, 13, 7.04%, 0, 0, 4, 72.59
1746715821, 0, 452, 714, 705, 13, 7.04%, 0, 0, 4, 68.14
1746715827, 0, 452, 715, 706, 13, 7.04%, 0, 0, 4, 67.70
1746715832, 0, 452, 716, 707, 13, 7.04%, 0, 0, 4, 68.16
1746715837, 0, 452, 717, 708, 13, 7.04%, 0, 0, 4, 68.51
1746715842, 0, 452, 719, 710, 13, 7.04%, 0, 0, 4, 65.96
1746715857, 0, 452, 720, 711, 13, 7.04%, 0, 0, 4, 68.27
1746715862, 0, 452, 722, 713, 13, 7.04%, 0, 0, 4, 68.22
1746715893, 0, 452, 723, 714, 13, 7.04%, 0, 0, 4, 67.31
1746715924, 0, 452, 724, 715, 13, 7.04%, 0, 0, 4, 68.49
1746716110, 0, 452, 725, 716, 13, 7.04%, 0, 0, 4, 65.73
1746716203, 0, 452, 727, 718, 13, 7.04%, 0, 0, 4, 66.40
1746716296, 0, 546, 727, 717, 10, 7.04%, 0, 0, 4, 68.24
1746716321, 0, 546, 728, 718, 10, 7.04%, 0, 0, 5, 56.83
1746716372, 0, 546, 729, 719, 10, 7.04%, 0, 0, 5, 58.06
1746716846, 0, 546, 730, 720, 10, 7.04%, 0, 0, 5, 64.89
1746716887, 0, 546, 731, 721, 10, 7.04%, 0, 0, 5, 66.80
1746716964, 0, 547, 731, 720, 13, 7.04%, 0, 0, 5, 57.07
1746717989, 0, 547, 732, 721, 13, 7.04%, 0, 0, 5, 46.79
1746717994, 0, 547, 734, 723, 13, 7.05%, 0, 0, 5, 51.13
1746718014, 0, 547, 736, 725, 13, 7.05%, 0, 0, 5, 52.06
1746718025, 0, 547, 737, 726, 13, 7.05%, 0, 0, 5, 51.21
1746718040, 0, 547, 738, 727, 13, 7.05%, 0, 0, 5, 50.92
1746718045, 0, 547, 739, 728, 13, 7.05%, 0, 0, 5, 50.84
1746718050, 0, 547, 740, 729, 13, 7.05%, 0, 0, 5, 51.86
1746718055, 0, 547, 742, 731, 13, 7.13%, 0, 0, 5, 50.43
1746718080, 0, 547, 743, 732, 13, 7.13%, 0, 0, 5, 52.17
1746718090, 0, 547, 744, 733, 13, 7.13%, 0, 0, 5, 51.95
1746718096, 0, 547, 745, 734, 13, 7.13%, 0, 0, 5, 51.21
1746718106, 0, 547, 746, 735, 13, 7.13%, 0, 0, 5, 51.47
1746718121, 0, 547, 747, 736, 13, 7.15%, 0, 0, 5, 51.28
1746718136, 0, 547, 748, 737, 13, 7.15%, 0, 0, 5, 50.44
1746718151, 0, 547, 749, 738, 13, 7.15%, 0, 0, 5, 51.76
1746718161, 0, 547, 750, 739, 13, 7.15%, 0, 0, 5, 52.20
1746718176, 0, 547, 751, 740, 13, 7.15%, 0, 0, 5, 50.33
1746718182, 0, 547, 754, 743, 13, 7.15%, 0, 0, 5, 49.78
1746718187, 0, 547, 757, 746, 13, 7.16%, 0, 0, 5, 49.81
1746718202, 0, 547, 758, 747, 13, 7.19%, 0, 0, 5, 51.59
1746718217, 0, 547, 759, 748, 13, 7.19%, 0, 0, 5, 51.94
1746718222, 0, 547, 760, 749, 13, 7.19%, 0, 0, 5, 52.61
1746718247, 0, 547, 761, 750, 13, 7.19%, 0, 0, 5, 52.56
1746718252, 0, 547, 762, 751, 13, 7.19%, 0, 0, 5, 51.20
1746718293, 0, 547, 763, 752, 13, 7.19%, 0, 0, 5, 51.24
1746718298, 0, 547, 764, 753, 13, 7.76%, 0, 0, 5, 52.31
1746718328, 0, 547, 765, 754, 13, 7.76%, 0, 0, 5, 51.78
1746718349, 0, 547, 766, 755, 13, 7.76%, 0, 0, 5, 51.89
1746718379, 0, 547, 768, 757, 13, 7.76%, 0, 0, 5, 52.14
1746718394, 0, 547, 769, 758, 13, 7.76%, 0, 0, 5, 51.17
1746718410, 0, 547, 770, 759, 13, 7.76%, 0, 0, 5, 50.63
1746718460, 0, 547, 771, 760, 13, 7.76%, 0, 0, 5, 51.56
1746718466, 0, 547, 772, 761, 13, 7.76%, 0, 0, 5, 52.24
1746718471, 0, 614, 772, 760, 16, 7.76%, 0, 0, 5, 51.52
1746718941, 0, 614, 773, 761, 16, 7.76%, 0, 0, 5, 50.08
1746719305, 0, 638, 773, 760, 15, 7.76%, 0, 0, 5, 39.91
1746719315, 0, 638, 778, 765, 15, 7.82%, 0, 0, 5, 32.90
1746719326, 0, 638, 781, 768, 15, 7.82%, 0, 0, 5, 32.31
1746719331, 0, 638, 782, 769, 15, 7.82%, 0, 0, 5, 32.41
1746719346, 0, 638, 783, 770, 15, 7.82%, 0, 0, 5, 32.29
1746719362, 0, 638, 790, 777, 15, 8.02%, 0, 0, 5, 31.66
1746719372, 0, 638, 797, 784, 15, 8.02%, 0, 0, 5, 32.77
1746719377, 0, 638, 799, 786, 15, 8.02%, 0, 0, 5, 32.52
1746719382, 0, 638, 804, 791, 15, 8.02%, 0, 0, 5, 32.40
1746719449, 0, 638, 805, 792, 15, 8.02%, 0, 0, 5, 32.34
1746719459, 0, 638, 806, 793, 15, 8.02%, 0, 0, 5, 32.57
1746719536, 0, 638, 808, 795, 15, 8.02%, 0, 0, 5, 32.49
1746719546, 0, 638, 810, 797, 15, 8.02%, 0, 0, 5, 32.92
1746719551, 0, 638, 811, 798, 15, 8.02%, 0, 0, 5, 32.24
1746719556, 0, 638, 812, 799, 15, 8.02%, 0, 0, 5, 32.31
1746719582, 0, 638, 814, 801, 15, 8.02%, 0, 0, 5, 31.74
1746719587, 0, 638, 815, 802, 15, 8.02%, 0, 0, 5, 32.02
1746719597, 0, 638, 816, 803, 15, 8.02%, 0, 0, 5, 31.98
1746719602, 0, 638, 817, 804, 15, 8.02%, 0, 0, 5, 32.40
1746719883, 0, 638, 817, 804, 15, 8.02%, 0, 1, 5, 31.70
1746719923, 0, 638, 818, 805, 15, 8.02%, 0, 1, 5, 32.00
1746719963, 0, 638, 819, 806, 15, 8.03%, 0, 1, 5, 31.75
1746720025, 0, 638, 820, 807, 15, 8.03%, 0, 1, 5, 33.06
1746720824, 0, 638, 821, 808, 15, 8.03%, 0, 1, 5, 32.25
1746720967, 0, 638, 822, 809, 15, 8.03%, 0, 1, 5, 31.97
1746720998, 0, 638, 823, 810, 15, 8.03%, 0, 1, 5, 32.13
1746721282, 0, 638, 824, 811, 15, 8.03%, 0, 1, 5, 31.92
1746721292, 0, 638, 825, 812, 15, 8.03%, 0, 1, 5, 31.91
1746721297, 0, 638, 826, 813, 15, 8.03%, 0, 1, 5, 31.92
1746721308, 0, 638, 827, 814, 15, 8.03%, 0, 1, 5, 31.33
1746721313, 0, 638, 828, 815, 15, 8.03%, 0, 1, 5, 31.76
1746721343, 0, 638, 831, 818, 15, 8.03%, 0, 1, 5, 32.48
1746721348, 0, 638, 833, 820, 15, 8.03%, 0, 1, 5, 31.97
1746721359, 0, 638, 836, 823, 15, 8.03%, 0, 1, 5, 31.88
1746721469, 0, 638, 837, 824, 15, 8.03%, 0, 1, 5, 31.98
1746721475, 0, 638, 844, 831, 15, 8.04%, 0, 1, 5, 34.41
1746721480, 0, 638, 848, 835, 15, 8.04%, 0, 1, 5, 35.38
1746721485, 0, 638, 855, 842, 15, 8.15%, 0, 1, 5, 33.79
1746721490, 0, 638, 858, 845, 15, 8.15%, 0, 1, 5, 35.52
1746721495, 0, 638, 860, 847, 15, 8.18%, 0, 1, 5, 35.60
1746721500, 0, 638, 864, 851, 15, 8.18%, 0, 1, 5, 34.90
1746721505, 0, 638, 871, 858, 15, 8.18%, 0, 1, 5, 34.38
1746721511, 0, 638, 877, 864, 15, 8.18%, 0, 1, 5, 35.23
1746721516, 0, 638, 883, 870, 15, 8.35%, 0, 1, 5, 34.54
1746721521, 0, 638, 886, 873, 15, 8.35%, 0, 1, 5, 35.12
1746721526, 0, 638, 890, 877, 15, 8.35%, 0, 1, 5, 36.66
1746721531, 0, 638, 892, 879, 15, 8.35%, 0, 1, 5, 36.16
1746721536, 0, 638, 894, 881, 15, 8.41%, 0, 1, 5, 36.32
1746721542, 0, 638, 901, 888, 15, 8.41%, 0, 1, 5, 34.72
1746721547, 0, 638, 905, 892, 15, 8.41%, 0, 1, 5, 35.26
1746721552, 0, 638, 909, 896, 15, 8.41%, 0, 1, 5, 36.21
1746721557, 0, 638, 912, 899, 15, 8.41%, 0, 1, 5, 36.36
1746721562, 0, 638, 917, 904, 15, 8.41%, 0, 1, 5, 35.61
1746721567, 0, 638, 921, 908, 15, 8.42%, 0, 1, 5, 35.44
1746721577, 0, 638, 924, 911, 15, 8.43%, 0, 1, 5, 35.74
1746721593, 0, 638, 926, 913, 15, 8.43%, 0, 1, 5, 35.75
1746721598, 0, 638, 927, 914, 15, 8.43%, 0, 1, 5, 36.19
1746721603, 0, 638, 932, 919, 15, 8.46%, 0, 1, 5, 34.96
1746721608, 0, 638, 936, 923, 15, 8.46%, 0, 1, 5, 34.90
1746721613, 0, 638, 938, 925, 15, 8.46%, 0, 1, 5, 35.40
1746721618, 0, 638, 939, 926, 15, 8.46%, 0, 1, 5, 36.20
1746721623, 0, 638, 942, 929, 15, 8.46%, 0, 1, 5, 35.51
1746721628, 0, 638, 943, 930, 15, 8.46%, 0, 1, 5, 36.14
1746721634, 0, 638, 945, 932, 15, 8.46%, 0, 1, 5, 36.03
1746721639, 0, 638, 946, 933, 15, 8.46%, 0, 1, 5, 36.71
1746721644, 0, 638, 948, 935, 15, 8.46%, 0, 1, 5, 35.93
1746721654, 0, 638, 949, 936, 15, 8.46%, 0, 1, 5, 36.06
1746721659, 0, 638, 950, 937, 15, 8.46%, 0, 1, 5, 35.66
1746721664, 0, 638, 951, 938, 15, 8.47%, 0, 1, 5, 35.58
1746721669, 0, 638, 953, 940, 15, 8.47%, 0, 1, 5, 35.31
1746721680, 0, 638, 954, 941, 15, 8.47%, 0, 1, 5, 36.72
1746721685, 0, 638, 955, 942, 15, 8.47%, 0, 1, 5, 35.86
1746721690, 0, 638, 957, 944, 15, 8.47%, 0, 1, 5, 35.87
1746721695, 0, 638, 962, 949, 15, 8.47%, 0, 1, 5, 35.30
1746721705, 0, 638, 963, 950, 15, 8.48%, 0, 1, 5, 35.78
1746721710, 0, 638, 965, 952, 15, 8.48%, 0, 1, 5, 35.47
1746721716, 0, 638, 966, 953, 15, 8.48%, 0, 1, 5, 36.39
1746721731, 0, 638, 968, 955, 15, 8.48%, 0, 1, 5, 35.69
1746721736, 0, 638, 969, 956, 15, 8.48%, 0, 1, 5, 36.10
1746721746, 0, 638, 972, 959, 15, 8.48%, 0, 1, 5, 35.08
1746721751, 0, 638, 973, 960, 15, 8.48%, 0, 1, 5, 35.78
1746721762, 0, 638, 976, 963, 15, 8.48%, 0, 1, 5, 36.47
1746721772, 0, 638, 977, 964, 15, 8.48%, 0, 1, 5, 36.20
1746721782, 0, 638, 978, 965, 15, 8.48%, 0, 1, 5, 36.24
1746721792, 0, 638, 979, 966, 15, 8.48%, 0, 1, 5, 36.02
1746721797, 0, 638, 981, 968, 15, 8.48%, 0, 1, 5, 36.33
1746721808, 0, 638, 982, 969, 15, 8.48%, 0, 1, 5, 35.19
1746721813, 0, 638, 984, 971, 15, 8.48%, 0, 1, 5, 35.51
1746721823, 0, 638, 986, 973, 15, 8.48%, 0, 1, 5, 35.46
1746721838, 0, 638, 988, 975, 15, 8.48%, 0, 1, 5, 37.32
1746721869, 0, 638, 989, 976, 15, 8.48%, 0, 1, 5, 35.77
1746721874, 0, 638, 990, 977, 15, 8.48%, 0, 1, 5, 35.77
1746721905, 0, 638, 991, 978, 15, 8.48%, 0, 1, 5, 36.96
1746721910, 0, 638, 992, 979, 15, 8.49%, 0, 1, 5, 36.41
1746721915, 0, 638, 994, 981, 15, 8.49%, 0, 1, 5, 37.40
1746721931, 0, 638, 995, 982, 15, 8.49%, 0, 1, 5, 36.39
1746721941, 0, 638, 996, 983, 15, 8.49%, 0, 1, 5, 36.45
1746721946, 0, 638, 997, 984, 15, 8.49%, 0, 1, 5, 35.73
1746721977, 0, 638, 998, 985, 15, 8.49%, 0, 1, 5, 36.45
1746721987, 0, 638, 999, 986, 15, 8.49%, 0, 1, 5, 35.75
1746721992, 0, 638, 1000, 987, 15, 8.49%, 0, 1, 5, 36.36
1746722002, 0, 638, 1001, 988, 15, 8.50%, 0, 1, 5, 36.40
1746722007, 0, 638, 1002, 989, 15, 8.50%, 0, 1, 5, 36.95
1746722017, 0, 638, 1003, 990, 15, 8.50%, 0, 1, 5, 35.70
1746722028, 0, 638, 1004, 991, 15, 8.50%, 0, 1, 5, 35.93
1746722058, 0, 638, 1005, 992, 15, 8.50%, 0, 1, 5, 36.20
1746722063, 0, 638, 1006, 993, 15, 8.50%, 0, 1, 5, 36.17
1746722068, 0, 638, 1007, 994, 15, 8.50%, 0, 1, 5, 36.59
1746722079, 0, 638, 1008, 995, 15, 8.50%, 0, 1, 5, 37.52
1746722089, 0, 638, 1009, 996, 15, 8.50%, 0, 1, 5, 36.70
1746722099, 0, 638, 1010, 997, 15, 8.50%, 0, 1, 5, 37.02
1746722104, 0, 638, 1011, 998, 15, 8.50%, 0, 1, 5, 36.18
1746722120, 0, 638, 1012, 999, 15, 8.50%, 0, 1, 5, 36.57
1746722125, 0, 638, 1013, 1000, 15, 8.50%, 0, 1, 5, 36.32
1746722130, 0, 638, 1014, 1001, 15, 8.50%, 0, 1, 5, 36.43
1746722140, 0, 638, 1015, 1002, 15, 8.50%, 0, 1, 5, 36.62
1746722145, 0, 638, 1017, 1004, 15, 8.50%, 0, 1, 5, 35.98
1746722150, 0, 638, 1018, 1005, 15, 8.50%, 0, 1, 5, 36.01
1746722171, 0, 638, 1019, 1006, 15, 8.50%, 0, 1, 5, 35.88
1746722176, 0, 638, 1020, 1007, 15, 8.50%, 0, 1, 5, 36.81
1746722186, 0, 638, 1021, 1008, 15, 8.50%, 0, 1, 5, 35.11
1746722191, 0, 676, 1021, 1007, 30, 8.50%, 0, 1, 5, 38.45
1746723088, 0, 683, 1021, 1006, 29, 8.50%, 0, 1, 5, 41.34
1746723239, 0, 683, 1022, 1007, 29, 8.50%, 0, 1, 5, 35.26
1746724274, 0, 683, 1023, 1008, 29, 8.50%, 0, 1, 5, 35.33
1746724502, 0, 683, 1024, 1009, 29, 8.50%, 0, 1, 5, 39.65
1746724558, 0, 723, 1024, 1008, 29, 8.50%, 0, 1, 5, 55.32
1746724900, 0, 732, 1024, 1007, 28, 8.50%, 0, 1, 5, 55.66
1746726317, 0, 750, 1024, 1006, 27, 8.50%, 0, 1, 5, 37.27
1746726489, 0, 750, 1025, 1007, 27, 8.50%, 0, 1, 6, 27.60
1746728684, 0, 750, 1027, 1009, 27, 8.50%, 0, 1, 6, 27.90
1746728694, 0, 750, 1028, 1010, 27, 8.50%, 0, 1, 6, 27.54
1746729078, 0, 750, 1030, 1012, 27, 8.50%, 0, 1, 6, 29.19
1746729094, 0, 750, 1031, 1013, 27, 8.50%, 0, 1, 6, 30.36
1746729099, 0, 750, 1032, 1014, 27, 8.50%, 0, 1, 6, 29.48
1746729109, 0, 750, 1033, 1015, 27, 8.51%, 0, 1, 6, 29.51
1746729114, 0, 750, 1034, 1016, 27, 8.51%, 0, 1, 6, 30.03
1746729124, 0, 750, 1035, 1017, 27, 8.51%, 0, 1, 6, 29.44
1746729129, 0, 750, 1036, 1018, 27, 8.51%, 0, 1, 6, 30.09
1746729134, 0, 750, 1037, 1019, 27, 8.51%, 0, 1, 6, 29.84
1746729139, 0, 750, 1038, 1020, 27, 8.51%, 0, 1, 6, 30.24
1746729150, 0, 750, 1039, 1021, 27, 8.51%, 0, 1, 6, 29.63
1746729196, 0, 750, 1041, 1023, 27, 8.51%, 0, 1, 6, 29.62
1746729201, 0, 750, 1042, 1024, 27, 8.51%, 0, 1, 6, 29.72
1746729243, 0, 750, 1043, 1025, 27, 8.51%, 0, 1, 6, 30.07
1746729335, 0, 750, 1044, 1026, 27, 8.51%, 0, 1, 6, 30.39
1746729340, 0, 750, 1045, 1027, 27, 8.51%, 0, 1, 6, 29.78
1746729345, 0, 750, 1046, 1028, 27, 8.51%, 0, 1, 6, 31.02
1746729386, 0, 750, 1047, 1029, 27, 8.51%, 0, 1, 6, 29.90
1746729402, 0, 750, 1048, 1030, 27, 8.51%, 0, 1, 6, 31.03
1746729448, 0, 750, 1049, 1031, 27, 8.51%, 0, 1, 6, 30.27
1746729484, 0, 750, 1050, 1032, 27, 8.51%, 0, 1, 6, 29.76
1746729515, 0, 750, 1051, 1033, 27, 8.51%, 0, 1, 6, 29.34
1746729582, 0, 750, 1052, 1034, 27, 8.51%, 0, 1, 6, 29.99
1746729592, 0, 750, 1053, 1035, 27, 8.51%, 0, 1, 6, 30.22
1746729613, 0, 750, 1054, 1036, 27, 8.51%, 0, 1, 6, 30.00
1746729695, 0, 750, 1055, 1037, 27, 8.51%, 0, 1, 6, 29.99
1746729736, 0, 750, 1056, 1038, 27, 8.51%, 0, 1, 6, 29.92
1746729776, 0, 750, 1057, 1039, 27, 8.51%, 0, 1, 6, 29.48
1746729781, 0, 750, 1058, 1040, 27, 8.51%, 0, 1, 6, 29.68
1746729786, 0, 750, 1060, 1042, 27, 8.51%, 0, 1, 6, 28.99
1746729791, 0, 750, 1061, 1043, 27, 8.51%, 0, 1, 6, 29.90
1746729822, 0, 750, 1062, 1044, 27, 8.51%, 0, 1, 6, 30.15
1746729894, 0, 755, 1062, 1043, 29, 8.51%, 0, 1, 6, 37.88
1746730970, 0, 765, 1062, 1042, 28, 8.51%, 0, 1, 6, 50.27
1746732025, 0, 838, 1062, 1041, 27, 8.51%, 0, 1, 6, 40.47
1746732040, 0, 838, 1063, 1042, 27, 8.51%, 0, 1, 6, 29.86
1746732086, 0, 838, 1064, 1043, 27, 8.51%, 0, 1, 6, 29.62
1746732326, 0, 838, 1065, 1044, 27, 8.51%, 0, 1, 6, 30.48
1746732351, 0, 838, 1066, 1045, 27, 8.51%, 0, 1, 6, 30.46
1746733889, 0, 838, 1067, 1046, 27, 8.51%, 0, 1, 6, 30.02
1746734439, 0, 838, 1068, 1047, 27, 8.51%, 0, 1, 6, 33.84
1746734455, 0, 838, 1069, 1048, 27, 8.51%, 0, 1, 6, 34.69
1746734465, 0, 838, 1070, 1049, 27, 8.51%, 0, 1, 6, 33.96
1746734470, 0, 838, 1071, 1050, 27, 8.51%, 0, 1, 6, 35.34
1746734475, 0, 838, 1072, 1051, 27, 8.51%, 0, 1, 6, 35.10
1746734485, 0, 838, 1073, 1052, 27, 8.52%, 0, 1, 6, 34.64
1746734491, 0, 838, 1074, 1053, 27, 8.52%, 0, 1, 6, 34.44
1746734506, 0, 838, 1076, 1055, 27, 8.52%, 0, 1, 6, 35.24
1746734511, 0, 838, 1077, 1056, 27, 8.52%, 0, 1, 6, 34.61
1746734552, 0, 838, 1078, 1057, 27, 8.52%, 0, 1, 6, 34.91
1746734557, 0, 838, 1080, 1059, 27, 8.52%, 0, 1, 6, 34.20
1746734578, 0, 838, 1081, 1060, 27, 8.52%, 0, 1, 6, 35.05
1746734588, 0, 838, 1082, 1061, 27, 8.52%, 0, 1, 6, 34.63
1746734609, 0, 838, 1083, 1062, 27, 8.52%, 0, 1, 6, 34.76
1746734650, 0, 838, 1084, 1063, 27, 8.52%, 0, 1, 6, 35.48
1746734655, 0, 838, 1085, 1064, 27, 8.52%, 0, 1, 6, 34.19
1746734686, 0, 838, 1086, 1065, 27, 8.52%, 0, 1, 6, 34.71
1746734701, 0, 838, 1087, 1066, 27, 8.52%, 0, 1, 6, 34.48
1746734737, 0, 838, 1088, 1067, 27, 8.53%, 0, 1, 6, 34.40
1746734757, 0, 838, 1089, 1068, 27, 8.59%, 0, 1, 6, 34.17
1746734783, 0, 838, 1090, 1069, 27, 8.59%, 0, 1, 6, 34.42
1746734809, 0, 838, 1091, 1070, 27, 8.59%, 0, 1, 6, 33.89
1746734855, 0, 838, 1092, 1071, 27, 8.59%, 0, 1, 6, 33.88
1746734876, 0, 838, 1093, 1072, 27, 8.59%, 0, 1, 6, 34.76
1746734881, 0, 838, 1094, 1073, 27, 8.59%, 0, 1, 6, 33.87
1746734901, 0, 838, 1095, 1074, 27, 8.59%, 0, 1, 6, 34.77
1746734912, 0, 838, 1096, 1075, 27, 8.59%, 0, 1, 6, 34.06
1746734958, 0, 838, 1097, 1076, 27, 8.59%, 0, 1, 6, 34.56
1746734988, 0, 838, 1098, 1077, 27, 8.59%, 0, 1, 6, 34.80
1746734998, 0, 838, 1099, 1078, 27, 8.59%, 0, 1, 6, 34.68
1746735029, 0, 838, 1100, 1079, 27, 8.59%, 0, 1, 6, 34.47
1746735060, 0, 838, 1101, 1080, 27, 8.59%, 0, 1, 6, 34.92
1746735142, 0, 847, 1101, 1079, 30, 8.59%, 0, 1, 6, 34.42
1746737311, 0, 847, 1102, 1080, 30, 8.59%, 0, 1, 6, 36.66
1746737326, 0, 847, 1103, 1081, 30, 8.59%, 0, 1, 6, 37.23
1746737347, 0, 847, 1104, 1082, 30, 8.59%, 0, 1, 6, 36.50
1746737372, 0, 847, 1105, 1083, 30, 8.59%, 0, 1, 6, 34.97
1746737378, 0, 847, 1106, 1084, 30, 8.59%, 0, 1, 6, 36.14
1746737383, 0, 847, 1107, 1085, 30, 8.59%, 0, 1, 6, 35.93
1746737393, 0, 847, 1108, 1086, 30, 8.60%, 0, 1, 6, 36.05
1746737413, 0, 847, 1109, 1087, 30, 8.60%, 0, 1, 6, 36.77
1746737460, 0, 847, 1110, 1088, 30, 8.60%, 0, 1, 6, 36.26
1746737480, 0, 847, 1111, 1089, 30, 8.60%, 0, 1, 6, 36.02
1746737506, 0, 847, 1112, 1090, 30, 8.60%, 0, 1, 6, 36.77
1746737557, 0, 847, 1114, 1092, 30, 8.60%, 0, 1, 6, 36.34
1746737577, 0, 847, 1115, 1093, 30, 8.60%, 0, 1, 6, 36.40
1746737644, 0, 847, 1116, 1094, 30, 8.60%, 0, 1, 6, 37.05
1746737664, 0, 847, 1117, 1095, 30, 8.60%, 0, 1, 6, 36.30
1746737725, 0, 847, 1118, 1096, 30, 8.60%, 0, 1, 6, 36.47
1746737797, 0, 847, 1119, 1097, 30, 8.60%, 0, 1, 6, 35.99
1746737905, 0, 847, 1121, 1099, 30, 8.60%, 0, 1, 6, 36.52
1746737930, 0, 847, 1122, 1100, 30, 8.60%, 0, 1, 6, 36.25
1746737976, 0, 874, 1122, 1099, 27, 8.60%, 0, 1, 6, 36.55
1746739555, 0, 880, 1122, 1098, 26, 8.60%, 0, 1, 6, 34.93
1746741608, 0, 880, 1123, 1099, 26, 8.60%, 0, 1, 6, 31.48
1746741772, 0, 882, 1123, 1098, 26, 8.60%, 0, 1, 6, 35.38
1746741833, 0, 882, 1124, 1099, 26, 8.60%, 0, 1, 6, 29.40
1746742080, 0, 882, 1125, 1100, 26, 8.60%, 0, 1, 6, 29.57
1746744078, 0, 882, 1126, 1101, 26, 8.60%, 0, 1, 6, 29.33
1746744176, 0, 882, 1127, 1102, 26, 8.60%, 0, 1, 6, 34.46
1746744222, 0, 882, 1128, 1103, 26, 8.60%, 0, 1, 6, 35.29
1746744237, 0, 882, 1129, 1104, 26, 8.60%, 0, 1, 6, 34.45
1746744248, 0, 882, 1130, 1105, 26, 8.60%, 0, 1, 6, 34.87
1746744253, 0, 882, 1131, 1106, 26, 8.60%, 0, 1, 6, 34.89
1746744273, 0, 882, 1132, 1107, 26, 8.60%, 0, 1, 6, 34.78
1746744294, 0, 882, 1133, 1108, 26, 8.60%, 0, 1, 6, 36.43
1746744320, 0, 882, 1134, 1109, 26, 8.60%, 0, 1, 6, 34.79
1746744335, 0, 882, 1135, 1110, 26, 8.60%, 0, 1, 6, 35.44
1746744376, 0, 882, 1136, 1111, 26, 8.60%, 0, 1, 6, 34.35
1746744428, 0, 882, 1137, 1112, 26, 8.64%, 0, 1, 6, 35.50
1746744463, 0, 882, 1138, 1113, 26, 8.70%, 0, 1, 6, 35.38
1746744474, 0, 882, 1139, 1114, 26, 8.70%, 0, 1, 6, 36.00
1746744484, 0, 882, 1142, 1117, 26, 8.70%, 0, 1, 6, 34.71
1746744535, 0, 882, 1143, 1118, 26, 8.70%, 0, 1, 6, 34.54
1746744704, 0, 882, 1144, 1119, 26, 8.70%, 0, 1, 6, 34.92
1746744837, 0, 882, 1145, 1120, 26, 8.70%, 0, 1, 6, 35.69
1746744858, 0, 892, 1145, 1119, 28, 8.70%, 0, 1, 6, 36.32
1746746603, 0, 896, 1145, 1118, 27, 8.70%, 0, 1, 6, 38.25
1746748680, 0, 896, 1146, 1119, 27, 8.70%, 0, 1, 6, 37.36
1746748726, 0, 919, 1146, 1118, 26, 8.70%, 0, 1, 6, 35.15
1746751090, 0, 919, 1147, 1119, 26, 8.70%, 0, 1, 6, 34.39
1746751172, 0, 943, 1147, 1118, 25, 8.70%, 0, 1, 6, 33.22
1746751435, 0, 943, 1148, 1119, 25, 8.70%, 0, 1, 6, 33.90
1746753197, 0, 950, 1148, 1118, 24, 8.70%, 0, 1, 6, 34.02
1746755582, 0, 950, 1149, 1119, 24, 8.70%, 0, 1, 6, 34.67
1746755613, 0, 950, 1150, 1120, 24, 8.70%, 0, 1, 6, 35.72
