# unix_time, cycles_done, cur_path, paths_total, pending_total, pending_favs, map_size, unique_crashes, unique_hangs, max_depth, execs_per_sec
1746558786, 0, 0, 1, 1, 1, 4.92%, 0, 0, 1, 83.33
1746558791, 0, 0, 46, 46, 1, 6.02%, 0, 0, 2, 80.06
1746558797, 0, 0, 91, 91, 1, 6.04%, 0, 0, 2, 79.68
1746558802, 0, 0, 121, 121, 1, 7.10%, 0, 0, 2, 68.85
1746558807, 0, 0, 148, 148, 1, 7.37%, 0, 0, 2, 9.90
1746558812, 0, 0, 173, 173, 1, 7.38%, 0, 0, 2, 61.03
1746558817, 0, 0, 198, 198, 1, 7.38%, 0, 0, 2, 64.27
1746558822, 0, 0, 220, 220, 1, 7.38%, 0, 0, 2, 61.36
1746558827, 0, 0, 239, 239, 1, 7.40%, 0, 0, 2, 61.24
1746558832, 0, 0, 257, 257, 1, 7.59%, 0, 0, 2, 60.61
1746558837, 0, 0, 272, 272, 1, 7.59%, 0, 0, 2, 58.81
1746558842, 0, 0, 283, 283, 1, 7.59%, 0, 0, 2, 52.22
1746558847, 0, 0, 298, 298, 1, 7.59%, 0, 0, 2, 63.43
1746558852, 0, 0, 312, 312, 1, 7.59%, 0, 0, 2, 64.15
1746558857, 0, 0, 322, 322, 1, 7.61%, 0, 0, 2, 61.86
1746558862, 0, 0, 334, 334, 1, 7.61%, 0, 0, 2, 52.06
1746558868, 0, 0, 345, 345, 1, 7.61%, 0, 0, 2, 53.32
1746558873, 0, 0, 356, 356, 1, 7.61%, 0, 0, 2, 64.90
1746558878, 0, 0, 368, 368, 1, 7.61%, 0, 0, 2, 64.38
1746558883, 0, 0, 375, 375, 1, 7.61%, 0, 0, 2, 55.47
1746558888, 0, 0, 384, 384, 1, 7.61%, 0, 0, 2, 10.03
1746558893, 0, 0, 391, 391, 1, 7.61%, 0, 0, 2, 54.47
1746558898, 0, 0, 399, 399, 1, 7.63%, 0, 0, 2, 58.92
1746558903, 0, 0, 405, 405, 1, 7.63%, 0, 0, 2, 58.59
1746558908, 0, 0, 410, 410, 1, 7.63%, 0, 0, 2, 62.14
1746558914, 0, 0, 415, 415, 1, 7.63%, 0, 0, 2, 56.93
1746558919, 0, 0, 421, 421, 1, 7.63%, 0, 0, 2, 61.46
1746558924, 0, 0, 428, 428, 1, 7.63%, 0, 0, 2, 63.12
1746558929, 0, 0, 430, 430, 1, 7.63%, 0, 0, 2, 68.62
1746558934, 0, 0, 437, 437, 1, 7.63%, 0, 0, 2, 63.50
1746558939, 0, 0, 442, 442, 1, 7.63%, 0, 0, 2, 61.83
1746558944, 0, 0, 445, 445, 1, 7.63%, 0, 0, 2, 66.38
1746558949, 0, 0, 451, 451, 1, 7.64%, 0, 0, 2, 62.54
1746558954, 0, 0, 456, 456, 1, 7.64%, 0, 0, 2, 58.66
1746558959, 0, 0, 460, 460, 1, 7.64%, 0, 0, 2, 59.84
1746558964, 0, 0, 464, 464, 1, 7.64%, 0, 0, 2, 59.99
1746558969, 0, 0, 471, 471, 1, 7.64%, 0, 0, 2, 62.42
1746558974, 0, 0, 473, 473, 1, 7.64%, 0, 0, 2, 64.69
1746558979, 0, 0, 476, 476, 1, 7.67%, 0, 0, 2, 65.03
1746558984, 0, 0, 479, 479, 1, 7.67%, 0, 0, 2, 64.80
1746558990, 0, 0, 482, 482, 1, 7.67%, 0, 0, 2, 31.64
1746558995, 0, 0, 486, 486, 1, 7.67%, 0, 0, 2, 47.24
1746559000, 0, 0, 490, 490, 1, 7.67%, 0, 0, 2, 55.29
1746559005, 0, 0, 494, 494, 1, 7.67%, 0, 0, 2, 55.97
1746559010, 0, 0, 496, 496, 1, 7.67%, 0, 0, 2, 60.62
1746559015, 0, 0, 504, 504, 1, 7.67%, 0, 0, 2, 55.45
1746559020, 0, 0, 506, 506, 1, 7.67%, 0, 0, 2, 56.00
1746559025, 0, 0, 507, 507, 1, 7.67%, 0, 0, 2, 65.72
1746559030, 0, 0, 510, 510, 1, 7.68%, 0, 0, 2, 64.80
1746559035, 0, 0, 514, 514, 1, 7.68%, 0, 0, 2, 62.92
1746559046, 0, 0, 519, 519, 1, 7.68%, 0, 0, 2, 62.66
1746559051, 0, 0, 522, 522, 1, 7.68%, 0, 0, 2, 59.42
1746559056, 0, 0, 526, 526, 1, 7.68%, 0, 0, 2, 60.35
1746559061, 0, 0, 531, 531, 1, 7.68%, 0, 0, 2, 58.52
1746559066, 0, 0, 533, 533, 1, 7.68%, 0, 0, 2, 59.77
1746559071, 0, 0, 536, 536, 1, 7.68%, 0, 0, 2, 62.68
1746559076, 0, 0, 537, 537, 1, 7.68%, 0, 0, 2, 62.97
1746559081, 0, 0, 540, 540, 1, 7.69%, 0, 0, 2, 61.32
1746559086, 0, 0, 542, 542, 1, 7.69%, 0, 0, 2, 60.93
1746559091, 0, 0, 546, 546, 1, 7.69%, 0, 0, 2, 60.76
1746559096, 0, 0, 548, 548, 1, 7.69%, 0, 0, 2, 65.43
1746559101, 0, 0, 549, 549, 1, 7.69%, 0, 0, 2, 63.63
1746559112, 0, 0, 553, 553, 1, 7.79%, 0, 0, 2, 60.04
1746559117, 0, 0, 558, 558, 1, 7.94%, 0, 0, 2, 57.52
1746559122, 0, 0, 559, 559, 1, 7.94%, 0, 0, 2, 63.63
1746559127, 0, 0, 564, 564, 1, 7.94%, 0, 0, 2, 60.76
1746559132, 0, 0, 566, 566, 1, 7.94%, 0, 0, 2, 63.62
1746559137, 0, 50, 567, 566, 19, 7.94%, 0, 0, 2, 68.99
1746559142, 0, 50, 570, 569, 19, 7.94%, 0, 0, 3, 61.65
1746559147, 0, 50, 572, 571, 19, 7.94%, 0, 0, 3, 70.70
1746559152, 0, 50, 575, 574, 19, 7.94%, 0, 0, 3, 62.67
1746559157, 0, 50, 577, 576, 19, 7.94%, 0, 0, 3, 71.76
1746559162, 0, 50, 578, 577, 19, 7.94%, 0, 0, 3, 66.92
1746559167, 0, 50, 579, 578, 19, 7.94%, 0, 0, 3, 65.16
1746559172, 0, 50, 584, 583, 19, 7.94%, 0, 0, 3, 63.10
1746559177, 0, 50, 586, 585, 19, 7.94%, 0, 0, 3, 64.52
1746559182, 0, 50, 587, 586, 19, 7.94%, 0, 0, 3, 65.42
1746559187, 0, 50, 590, 589, 19, 7.94%, 0, 0, 3, 62.84
1746559193, 0, 50, 591, 590, 19, 7.94%, 0, 0, 3, 64.34
1746559198, 0, 50, 593, 592, 19, 7.94%, 0, 0, 3, 60.46
1746559203, 0, 50, 596, 595, 19, 7.94%, 0, 0, 3, 61.18
1746559208, 0, 50, 597, 596, 19, 7.94%, 0, 0, 3, 64.03
1746559213, 0, 50, 601, 600, 19, 7.94%, 0, 0, 3, 62.98
1746559223, 0, 50, 605, 604, 19, 7.94%, 0, 0, 3, 56.76
1746559228, 0, 50, 606, 605, 19, 7.94%, 0, 0, 3, 64.21
1746559234, 0, 50, 609, 608, 19, 7.94%, 0, 0, 3, 41.95
1746559239, 0, 50, 610, 609, 19, 7.94%, 0, 0, 3, 58.96
1746559244, 0, 50, 611, 610, 19, 7.94%, 0, 0, 3, 63.30
1746559249, 0, 50, 613, 612, 19, 7.98%, 0, 0, 3, 73.44
1746559259, 0, 50, 616, 615, 19, 7.98%, 0, 0, 3, 63.54
1746559275, 0, 50, 617, 616, 19, 7.98%, 0, 0, 3, 65.19
1746559280, 0, 50, 620, 619, 19, 7.98%, 0, 0, 3, 60.32
1746559285, 0, 50, 621, 620, 19, 7.98%, 0, 0, 3, 64.97
1746559290, 0, 50, 622, 621, 19, 7.98%, 0, 0, 3, 69.50
1746559295, 0, 50, 626, 625, 19, 7.98%, 0, 0, 3, 65.11
1746559300, 0, 50, 627, 626, 19, 7.98%, 0, 0, 3, 64.41
1746559310, 0, 50, 630, 629, 19, 7.98%, 0, 0, 3, 64.53
1746559315, 0, 50, 633, 632, 19, 7.98%, 0, 0, 3, 63.01
1746559320, 0, 50, 634, 633, 19, 7.98%, 0, 0, 3, 65.05
1746559325, 0, 50, 635, 634, 19, 7.98%, 0, 0, 3, 71.20
1746559330, 0, 50, 639, 638, 19, 7.98%, 0, 0, 3, 53.53
1746559335, 0, 50, 640, 639, 19, 7.98%, 0, 0, 3, 62.06
1746559341, 0, 50, 641, 640, 19, 7.98%, 0, 0, 3, 71.02
1746559346, 0, 75, 641, 639, 15, 7.98%, 0, 0, 3, 76.75
1746559351, 0, 75, 646, 644, 15, 7.98%, 0, 0, 3, 65.99
1746559356, 0, 75, 647, 645, 15, 7.98%, 0, 0, 3, 65.07
1746559361, 0, 75, 649, 647, 15, 7.98%, 0, 0, 3, 62.34
1746559366, 0, 75, 650, 648, 15, 7.98%, 0, 0, 3, 66.90
1746559371, 0, 75, 651, 649, 15, 7.98%, 0, 0, 3, 68.90
1746559376, 0, 75, 654, 652, 15, 7.98%, 0, 0, 3, 65.37
1746559382, 0, 75, 655, 653, 15, 7.98%, 0, 0, 3, 68.21
1746559392, 0, 75, 656, 654, 15, 7.98%, 0, 0, 3, 66.52
1746559397, 0, 75, 658, 656, 15, 7.98%, 0, 0, 3, 63.95
1746559407, 0, 75, 662, 660, 15, 7.98%, 0, 0, 3, 65.96
1746559412, 0, 75, 664, 662, 15, 7.98%, 0, 0, 3, 64.32
1746559417, 0, 75, 666, 664, 15, 7.98%, 0, 0, 3, 64.90
1746559428, 0, 75, 668, 666, 15, 7.98%, 0, 0, 3, 68.10
1746559438, 0, 75, 670, 668, 15, 7.98%, 0, 0, 3, 66.56
1746559443, 0, 75, 671, 669, 15, 7.98%, 0, 0, 3, 68.29
1746559463, 0, 75, 672, 670, 15, 7.98%, 0, 0, 3, 65.29
1746559468, 0, 75, 673, 671, 15, 7.98%, 0, 0, 3, 65.80
1746559478, 0, 75, 674, 672, 15, 7.98%, 0, 0, 3, 68.28
1746559483, 0, 75, 675, 673, 15, 7.98%, 0, 0, 3, 66.59
1746559488, 0, 75, 676, 674, 15, 7.98%, 0, 0, 3, 66.04
1746559514, 0, 75, 677, 675, 15, 7.98%, 0, 0, 3, 69.45
1746559524, 0, 75, 679, 677, 15, 7.98%, 0, 0, 3, 63.79
1746559540, 0, 127, 679, 676, 16, 7.98%, 0, 0, 3, 72.85
1746559545, 0, 127, 681, 678, 16, 7.98%, 0, 0, 3, 63.39
1746559576, 0, 127, 682, 679, 16, 7.98%, 0, 0, 3, 69.49
1746559586, 0, 127, 684, 681, 16, 7.98%, 0, 0, 3, 68.12
1746559591, 0, 127, 686, 683, 16, 7.98%, 0, 0, 3, 66.32
1746559597, 0, 127, 687, 684, 16, 7.98%, 0, 0, 3, 68.05
1746559612, 0, 127, 689, 686, 16, 7.98%, 0, 0, 3, 60.13
1746559622, 0, 127, 690, 687, 16, 7.98%, 0, 0, 3, 66.53
1746559627, 0, 127, 691, 688, 16, 7.98%, 0, 0, 3, 67.12
1746559632, 0, 127, 692, 689, 16, 7.98%, 0, 0, 3, 67.12
1746559637, 0, 127, 693, 690, 16, 7.98%, 0, 0, 3, 71.73
1746559648, 0, 127, 695, 692, 16, 7.98%, 0, 0, 3, 68.41
1746559653, 0, 127, 697, 694, 16, 7.98%, 0, 0, 3, 62.51
1746559663, 0, 127, 698, 695, 16, 7.98%, 0, 0, 3, 14.02
1746559668, 0, 127, 699, 696, 16, 7.98%, 0, 0, 3, 68.06
1746559688, 0, 127, 701, 698, 16, 7.98%, 0, 0, 3, 64.37
1746559698, 0, 127, 702, 699, 16, 7.98%, 0, 0, 3, 66.62
1746559724, 0, 127, 703, 700, 16, 7.98%, 0, 0, 3, 65.51
1746559729, 0, 202, 703, 699, 18, 7.98%, 0, 0, 3, 72.33
1746559734, 0, 202, 706, 702, 18, 7.98%, 0, 0, 3, 64.14
1746559739, 0, 202, 707, 703, 18, 7.98%, 0, 0, 3, 69.09
1746559749, 0, 202, 708, 704, 18, 7.98%, 0, 0, 3, 70.75
1746559754, 0, 202, 709, 705, 18, 7.98%, 0, 0, 3, 70.57
1746559765, 0, 202, 710, 706, 18, 7.98%, 0, 0, 3, 69.15
1746559775, 0, 202, 711, 707, 18, 7.98%, 0, 0, 3, 68.72
1746559780, 0, 202, 712, 708, 18, 7.98%, 0, 0, 3, 66.79
1746559785, 0, 202, 713, 709, 18, 7.98%, 0, 0, 3, 80.43
1746559790, 0, 202, 714, 710, 18, 7.98%, 0, 0, 3, 70.21
1746559800, 0, 202, 715, 711, 18, 7.98%, 0, 0, 3, 75.73
1746559811, 0, 202, 717, 713, 18, 7.98%, 0, 0, 3, 63.40
1746559826, 0, 202, 718, 714, 18, 7.98%, 0, 0, 3, 66.39
1746559847, 0, 202, 720, 716, 18, 7.98%, 0, 0, 3, 64.07
1746559852, 0, 202, 721, 717, 18, 7.98%, 0, 0, 3, 70.71
1746559857, 0, 202, 722, 718, 18, 8.21%, 0, 0, 3, 77.29
1746559867, 0, 202, 723, 719, 18, 8.21%, 0, 0, 3, 68.22
1746559877, 0, 202, 724, 720, 18, 8.21%, 0, 0, 3, 67.00
1746559913, 0, 220, 729, 724, 17, 8.21%, 0, 0, 3, 60.95
1746559918, 0, 220, 730, 725, 17, 8.21%, 0, 0, 3, 63.19
1746559923, 0, 220, 731, 726, 17, 8.21%, 0, 0, 3, 60.73
1746559933, 0, 220, 734, 729, 17, 8.21%, 0, 0, 3, 52.74
1746559964, 0, 220, 735, 730, 17, 8.21%, 0, 0, 3, 59.66
1746559969, 0, 220, 736, 731, 17, 8.21%, 0, 0, 3, 65.15
1746559990, 0, 220, 737, 732, 17, 8.21%, 0, 0, 3, 63.43
1746559995, 0, 220, 738, 733, 17, 8.21%, 0, 0, 3, 63.86
1746560010, 0, 220, 739, 734, 17, 8.21%, 0, 0, 3, 63.15
1746560020, 0, 220, 741, 736, 17, 8.22%, 0, 0, 3, 53.74
1746560025, 0, 220, 742, 737, 17, 8.22%, 0, 0, 3, 62.55
1746560036, 0, 220, 743, 738, 17, 8.22%, 0, 0, 3, 62.06
1746560041, 0, 220, 744, 739, 17, 8.22%, 0, 0, 3, 62.88
1746560082, 0, 220, 745, 740, 17, 8.22%, 0, 0, 3, 60.27
1746560087, 0, 220, 746, 741, 17, 8.22%, 0, 0, 3, 63.64
1746560092, 0, 220, 747, 742, 17, 8.22%, 0, 0, 3, 61.98
1746560097, 0, 220, 749, 744, 17, 8.22%, 0, 0, 3, 56.79
1746560118, 0, 220, 750, 745, 17, 8.22%, 0, 0, 3, 60.26
1746560123, 0, 220, 751, 746, 17, 8.22%, 0, 0, 3, 57.50
1746560133, 0, 220, 752, 747, 17, 8.22%, 0, 0, 3, 60.08
1746560143, 0, 220, 753, 748, 17, 8.22%, 0, 0, 3, 56.73
1746560148, 0, 220, 755, 750, 17, 8.22%, 0, 0, 3, 62.33
1746560174, 0, 220, 756, 751, 17, 8.22%, 0, 0, 3, 61.91
1746560184, 0, 289, 756, 750, 18, 8.22%, 0, 0, 3, 65.53
1746560189, 0, 289, 757, 751, 18, 8.22%, 0, 0, 3, 60.68
1746560205, 0, 343, 759, 752, 18, 8.22%, 0, 0, 3, 38.84
1746560220, 0, 343, 760, 753, 18, 8.22%, 0, 0, 3, 29.78
1746560246, 0, 343, 761, 754, 18, 8.22%, 0, 0, 3, 31.96
1746560251, 0, 343, 762, 755, 18, 8.22%, 0, 0, 3, 30.61
1746560266, 0, 343, 764, 757, 18, 8.22%, 0, 0, 3, 41.38
1746560271, 0, 343, 767, 760, 18, 8.22%, 0, 0, 3, 39.79
1746560277, 0, 343, 768, 761, 18, 8.22%, 0, 0, 3, 43.15
1746560287, 0, 343, 769, 762, 18, 8.22%, 0, 0, 3, 47.99
1746560297, 0, 343, 771, 764, 18, 8.22%, 0, 0, 3, 48.64
1746560307, 0, 343, 772, 765, 18, 8.22%, 0, 0, 3, 47.23
1746560317, 0, 343, 773, 766, 18, 8.22%, 0, 0, 3, 44.84
1746560322, 0, 343, 774, 767, 18, 8.22%, 0, 0, 3, 47.78
1746560327, 0, 343, 776, 769, 18, 8.22%, 0, 0, 3, 45.19
1746560353, 0, 343, 777, 770, 18, 8.22%, 0, 0, 3, 47.61
1746560358, 0, 343, 778, 771, 18, 8.22%, 0, 0, 3, 50.27
1746560368, 0, 343, 780, 773, 18, 8.22%, 0, 0, 3, 44.65
1746560373, 0, 343, 781, 774, 18, 8.22%, 0, 0, 3, 47.74
1746560383, 0, 343, 783, 776, 18, 8.22%, 0, 0, 3, 45.04
1746560393, 0, 343, 785, 778, 18, 8.22%, 0, 0, 3, 46.35
1746560399, 0, 343, 786, 779, 18, 8.22%, 0, 0, 3, 44.78
1746560404, 0, 343, 787, 780, 18, 8.22%, 0, 0, 3, 45.04
1746560419, 0, 343, 789, 782, 18, 8.22%, 0, 0, 3, 46.38
1746560424, 0, 343, 790, 783, 18, 8.22%, 0, 0, 3, 43.61
1746560434, 0, 343, 791, 784, 18, 8.22%, 0, 0, 3, 48.44
1746560440, 0, 343, 792, 785, 18, 8.22%, 0, 0, 3, 46.66
1746560445, 0, 343, 793, 786, 18, 8.22%, 0, 0, 3, 46.72
1746560450, 0, 343, 794, 787, 18, 8.22%, 0, 0, 3, 48.77
1746560455, 0, 343, 795, 788, 18, 8.22%, 0, 0, 3, 48.62
1746560471, 0, 343, 796, 789, 18, 8.22%, 0, 0, 3, 46.74
1746560476, 0, 343, 797, 790, 18, 8.22%, 0, 0, 3, 48.82
1746560496, 0, 343, 799, 792, 18, 8.22%, 0, 0, 3, 50.99
1746560506, 0, 343, 800, 793, 18, 8.22%, 0, 0, 3, 8.19
1746560511, 0, 343, 801, 794, 18, 8.22%, 0, 0, 3, 35.52
1746560527, 0, 343, 802, 795, 18, 8.22%, 0, 0, 3, 46.12
1746560537, 0, 343, 803, 796, 18, 8.22%, 0, 0, 3, 49.12
1746560542, 0, 343, 804, 797, 18, 8.22%, 0, 0, 3, 48.60
1746560562, 0, 343, 805, 798, 18, 8.23%, 0, 0, 3, 45.87
1746560572, 0, 343, 806, 799, 18, 8.23%, 0, 0, 3, 45.49
1746560588, 0, 343, 807, 800, 18, 8.23%, 0, 0, 3, 48.31
1746560598, 0, 343, 808, 801, 18, 8.23%, 0, 0, 3, 49.10
1746560613, 0, 343, 809, 802, 18, 8.23%, 0, 0, 3, 46.04
1746560618, 0, 366, 809, 801, 19, 8.23%, 0, 0, 3, 51.91
1746560634, 0, 473, 809, 800, 19, 8.23%, 0, 0, 3, 14.18
1746560639, 0, 473, 811, 802, 19, 8.23%, 0, 0, 3, 13.59
1746560644, 0, 473, 813, 804, 19, 8.26%, 0, 0, 3, 12.93
1746560649, 0, 473, 816, 807, 19, 8.26%, 0, 0, 3, 12.10
1746560659, 0, 473, 818, 809, 19, 8.26%, 0, 0, 3, 16.32
1746560665, 0, 473, 819, 810, 19, 8.26%, 0, 0, 3, 13.45
1746560670, 0, 473, 820, 811, 19, 8.26%, 0, 0, 3, 12.55
1746560675, 0, 473, 822, 813, 19, 8.26%, 0, 0, 3, 11.66
1746560680, 0, 473, 824, 815, 19, 8.26%, 0, 0, 3, 16.65
1746560685, 0, 473, 825, 816, 19, 8.26%, 0, 0, 3, 15.00
1746560695, 0, 473, 827, 818, 19, 8.26%, 0, 0, 3, 14.16
1746560711, 0, 473, 829, 820, 19, 8.26%, 0, 0, 3, 18.83
1746560716, 0, 473, 830, 821, 19, 8.26%, 0, 0, 3, 16.00
1746560721, 0, 473, 832, 823, 19, 8.26%, 0, 0, 3, 14.85
1746560726, 0, 473, 833, 824, 19, 8.26%, 0, 0, 3, 17.00
1746560731, 0, 473, 834, 825, 19, 8.26%, 0, 0, 3, 15.37
1746560736, 0, 473, 836, 827, 19, 8.26%, 0, 0, 3, 13.59
1746560747, 0, 473, 838, 829, 19, 8.26%, 0, 0, 3, 13.56
1746560757, 0, 473, 839, 830, 19, 8.26%, 0, 0, 3, 15.61
1746560778, 0, 473, 840, 831, 19, 8.26%, 0, 0, 3, 13.16
1746560818, 0, 473, 841, 832, 19, 8.26%, 0, 0, 3, 14.99
1746560849, 0, 473, 842, 833, 19, 8.26%, 0, 0, 3, 15.17
1746560854, 0, 473, 844, 835, 19, 8.26%, 0, 0, 3, 29.30
1746560859, 0, 473, 845, 836, 19, 8.26%, 0, 0, 3, 24.27
1746560864, 0, 473, 846, 837, 19, 8.26%, 0, 0, 3, 18.79
1746560905, 0, 473, 847, 838, 19, 8.26%, 0, 0, 3, 27.25
1746560910, 0, 473, 849, 840, 19, 8.27%, 0, 0, 3, 22.74
1746560920, 0, 473, 850, 841, 19, 8.27%, 0, 0, 3, 16.15
1746560946, 0, 473, 851, 842, 19, 8.27%, 0, 0, 3, 11.27
1746560956, 0, 473, 852, 843, 19, 8.27%, 0, 0, 3, 10.38
1746560967, 0, 473, 853, 844, 19, 8.27%, 0, 0, 3, 31.46
1746560977, 0, 478, 853, 843, 20, 8.27%, 0, 0, 3, 40.88
1746560997, 0, 537, 853, 842, 20, 8.27%, 0, 0, 3, 35.61
1746561002, 0, 537, 854, 843, 20, 8.27%, 0, 0, 3, 28.06
1746561012, 0, 537, 856, 845, 20, 8.27%, 0, 0, 3, 24.64
1746561027, 0, 537, 858, 847, 20, 8.27%, 0, 0, 3, 25.47
1746561043, 0, 537, 861, 850, 20, 8.27%, 0, 0, 3, 21.71
1746561058, 0, 537, 864, 853, 20, 8.27%, 0, 0, 3, 27.34
1746561093, 0, 537, 866, 855, 20, 8.27%, 0, 0, 3, 23.26
1746561099, 0, 537, 867, 856, 20, 8.27%, 0, 0, 3, 21.03
1746561109, 0, 537, 868, 857, 20, 8.27%, 0, 0, 3, 39.40
1746561124, 0, 537, 869, 858, 20, 8.27%, 0, 0, 3, 20.92
1746561129, 0, 537, 870, 859, 20, 8.27%, 0, 0, 3, 20.36
1746561145, 0, 554, 870, 858, 22, 8.27%, 0, 0, 3, 36.91
1746561150, 0, 554, 871, 859, 22, 8.27%, 0, 0, 3, 32.77
1746561155, 0, 554, 873, 861, 22, 8.27%, 0, 0, 3, 32.29
1746561170, 0, 554, 875, 863, 22, 8.27%, 0, 0, 3, 29.52
1746561175, 0, 554, 876, 864, 22, 8.27%, 0, 0, 3, 27.52
1746561191, 0, 554, 877, 865, 22, 8.27%, 0, 0, 3, 39.81
1746561196, 0, 554, 878, 866, 22, 8.27%, 0, 0, 3, 31.04
1746561201, 0, 554, 880, 868, 22, 8.27%, 0, 0, 3, 40.50
1746561211, 0, 554, 882, 870, 22, 8.27%, 0, 0, 3, 32.12
1746561216, 0, 554, 885, 873, 22, 8.27%, 0, 0, 3, 44.93
1746561226, 0, 557, 885, 872, 22, 8.27%, 0, 0, 3, 40.46
1746561247, 0, 586, 887, 873, 21, 8.27%, 0, 0, 4, 44.21
1746561252, 0, 586, 891, 877, 21, 8.27%, 0, 0, 4, 30.31
1746561257, 0, 586, 893, 879, 21, 8.27%, 0, 0, 4, 27.48
1746561262, 0, 586, 895, 881, 21, 8.27%, 0, 0, 4, 25.20
1746561267, 0, 586, 896, 882, 21, 8.27%, 0, 0, 4, 31.27
1746561272, 0, 586, 897, 883, 21, 8.27%, 0, 0, 4, 32.18
1746561287, 0, 586, 900, 886, 21, 8.27%, 0, 0, 4, 23.27
1746561308, 0, 586, 901, 887, 21, 8.27%, 0, 0, 4, 22.15
1746561313, 0, 586, 902, 888, 21, 8.27%, 0, 0, 4, 26.89
1746561323, 0, 586, 903, 889, 21, 8.27%, 0, 0, 4, 25.51
1746561328, 0, 586, 904, 890, 21, 8.27%, 0, 0, 4, 25.55
1746561364, 0, 601, 904, 889, 21, 8.27%, 0, 0, 4, 34.99
1746561415, 0, 607, 904, 888, 21, 8.27%, 0, 0, 4, 29.79
1746561420, 0, 607, 905, 889, 21, 8.27%, 0, 0, 4, 20.17
1746561451, 0, 607, 906, 890, 21, 8.27%, 0, 0, 4, 16.40
1746561486, 0, 607, 907, 891, 21, 8.27%, 0, 0, 4, 19.19
1746561502, 0, 607, 908, 892, 21, 8.27%, 0, 0, 4, 14.98
1746561527, 0, 612, 908, 891, 21, 8.27%, 0, 0, 4, 30.94
1746561532, 0, 612, 911, 894, 21, 8.27%, 0, 0, 4, 18.86
1746561537, 0, 612, 913, 896, 21, 8.27%, 0, 0, 4, 14.58
1746561543, 0, 612, 914, 897, 21, 8.28%, 0, 0, 4, 13.11
1746561548, 0, 612, 917, 900, 21, 8.28%, 0, 0, 4, 11.74
1746561553, 0, 612, 918, 901, 21, 8.28%, 0, 0, 4, 11.28
1746561563, 0, 612, 919, 902, 21, 8.28%, 0, 0, 4, 15.76
1746561568, 0, 612, 922, 905, 21, 8.28%, 0, 0, 4, 13.26
1746561573, 0, 612, 924, 907, 21, 8.28%, 0, 0, 4, 13.29
1746561578, 0, 612, 928, 911, 21, 8.28%, 0, 0, 4, 11.79
1746561583, 0, 612, 929, 912, 21, 8.28%, 0, 0, 4, 11.22
1746561599, 0, 612, 931, 914, 21, 8.28%, 0, 0, 4, 15.44
1746561604, 0, 612, 934, 917, 21, 8.28%, 0, 0, 4, 13.32
1746561609, 0, 612, 935, 918, 21, 8.28%, 0, 0, 4, 11.90
1746561629, 0, 612, 936, 919, 21, 8.28%, 0, 0, 4, 32.81
1746561640, 0, 612, 937, 920, 21, 8.28%, 0, 0, 4, 23.18
1746561645, 0, 612, 938, 921, 21, 8.28%, 0, 0, 4, 17.42
1746561650, 0, 612, 939, 922, 21, 8.28%, 0, 0, 4, 15.18
1746561660, 0, 612, 941, 924, 21, 8.28%, 0, 0, 4, 14.20
1746561665, 0, 612, 942, 925, 21, 8.28%, 0, 0, 4, 13.63
1746561676, 0, 612, 943, 926, 21, 8.28%, 0, 0, 4, 14.66
1746561681, 0, 612, 944, 927, 21, 8.28%, 0, 0, 4, 14.15
1746561686, 0, 612, 945, 928, 21, 8.28%, 0, 0, 4, 14.12
1746561691, 0, 612, 946, 929, 21, 8.28%, 0, 0, 4, 14.53
1746561696, 0, 612, 947, 930, 21, 8.28%, 0, 0, 4, 14.22
1746561701, 0, 612, 948, 931, 21, 8.28%, 0, 0, 4, 14.05
1746561712, 0, 612, 951, 934, 21, 8.28%, 0, 0, 4, 12.68
1746561717, 0, 612, 952, 935, 21, 8.28%, 0, 0, 4, 12.48
1746561722, 0, 612, 953, 936, 21, 8.28%, 0, 0, 4, 11.78
1746561799, 0, 612, 954, 937, 21, 8.28%, 0, 0, 4, 16.70
1746561860, 0, 612, 955, 938, 21, 8.28%, 0, 0, 4, 17.75
1746561870, 0, 612, 956, 939, 21, 8.28%, 0, 0, 4, 16.01
1746561886, 0, 612, 957, 940, 21, 8.28%, 0, 0, 4, 12.54
1746561906, 0, 612, 959, 942, 21, 8.28%, 0, 0, 4, 11.41
1746561937, 0, 612, 960, 943, 21, 8.28%, 0, 0, 4, 21.31
1746561947, 0, 612, 961, 944, 21, 8.28%, 0, 0, 4, 16.29
1746561973, 0, 612, 962, 945, 21, 8.28%, 0, 0, 4, 13.60
1746561978, 0, 612, 963, 946, 21, 8.28%, 0, 0, 4, 12.94
1746561983, 0, 612, 964, 947, 21, 8.28%, 0, 0, 4, 12.23
1746562040, 0, 635, 964, 946, 23, 8.28%, 0, 0, 4, 25.68
1746562086, 0, 661, 964, 945, 22, 8.28%, 0, 0, 4, 34.45
1746562116, 0, 676, 964, 944, 22, 8.28%, 0, 0, 4, 46.46
1746562137, 0, 676, 965, 945, 22, 8.28%, 0, 0, 4, 43.09
1746562142, 0, 676, 966, 946, 22, 8.28%, 0, 0, 4, 42.95
1746562152, 0, 676, 968, 948, 22, 8.28%, 0, 0, 4, 34.02
1746562178, 0, 676, 968, 948, 22, 8.28%, 0, 1, 4, 51.76
1746562224, 0, 706, 968, 947, 21, 8.28%, 0, 1, 4, 55.06
1746562321, 0, 721, 968, 946, 20, 8.28%, 0, 1, 4, 8.08
1746562326, 0, 721, 970, 948, 20, 8.28%, 0, 1, 4, 14.28
1746562331, 0, 721, 974, 952, 20, 8.28%, 0, 1, 4, 11.20
1746562336, 0, 721, 978, 956, 20, 8.28%, 0, 1, 4, 9.59
1746562341, 0, 721, 981, 959, 20, 8.28%, 0, 1, 4, 10.55
1746562346, 0, 721, 984, 962, 20, 8.28%, 0, 1, 4, 10.84
1746562351, 0, 721, 988, 966, 20, 8.28%, 0, 1, 4, 11.13
1746562357, 0, 721, 991, 969, 20, 8.28%, 0, 1, 4, 11.12
1746562362, 0, 721, 992, 970, 20, 8.28%, 0, 1, 4, 10.78
1746562367, 0, 721, 997, 975, 20, 8.28%, 0, 1, 4, 9.34
1746562372, 0, 721, 1000, 978, 20, 8.28%, 0, 1, 4, 8.91
1746562377, 0, 721, 1002, 980, 20, 8.28%, 0, 1, 4, 8.19
1746562382, 0, 721, 1005, 983, 20, 8.29%, 0, 1, 4, 8.39
1746562387, 0, 721, 1006, 984, 20, 8.29%, 0, 1, 4, 7.88
1746562392, 0, 721, 1008, 986, 20, 8.31%, 0, 1, 4, 7.77
1746562397, 0, 721, 1010, 988, 20, 8.31%, 0, 1, 4, 7.80
1746562413, 0, 721, 1013, 991, 20, 8.31%, 0, 1, 4, 15.38
1746562423, 0, 721, 1014, 992, 20, 8.31%, 0, 1, 4, 13.61
1746562428, 0, 721, 1016, 994, 20, 8.31%, 0, 1, 4, 10.14
1746562434, 0, 721, 1017, 995, 20, 8.31%, 0, 1, 4, 10.22
1746562439, 0, 721, 1020, 998, 20, 8.31%, 0, 1, 4, 9.25
1746562444, 0, 721, 1021, 999, 20, 8.31%, 0, 1, 4, 8.19
1746562480, 0, 721, 1022, 1000, 20, 8.31%, 0, 1, 4, 11.68
1746562485, 0, 721, 1024, 1002, 20, 8.32%, 0, 1, 4, 9.55
1746562490, 0, 721, 1026, 1004, 20, 8.32%, 0, 1, 4, 9.43
1746562495, 0, 721, 1028, 1006, 20, 8.32%, 0, 1, 4, 8.25
1746562500, 0, 721, 1030, 1008, 20, 8.32%, 0, 1, 4, 8.10
1746562505, 0, 721, 1031, 1009, 20, 8.32%, 0, 1, 4, 7.98
1746562511, 0, 721, 1032, 1010, 20, 8.32%, 0, 1, 4, 8.06
1746562526, 0, 721, 1034, 1012, 20, 8.32%, 0, 1, 4, 9.11
1746562542, 0, 721, 1035, 1013, 20, 8.32%, 0, 1, 4, 9.38
1746562547, 0, 721, 1036, 1014, 20, 8.32%, 0, 1, 4, 15.12
1746562557, 0, 721, 1037, 1015, 20, 8.32%, 0, 1, 4, 34.03
1746562567, 0, 721, 1038, 1016, 20, 8.32%, 0, 1, 4, 14.38
1746562582, 0, 721, 1039, 1017, 20, 8.32%, 0, 1, 4, 12.78
1746562588, 0, 721, 1040, 1018, 20, 8.32%, 0, 1, 4, 11.62
1746562598, 0, 721, 1041, 1019, 20, 8.32%, 0, 1, 4, 11.85
1746562603, 0, 721, 1042, 1020, 20, 8.32%, 0, 1, 4, 15.89
1746562613, 0, 721, 1043, 1021, 20, 8.32%, 0, 1, 4, 11.89
1746562629, 0, 721, 1045, 1023, 20, 8.32%, 0, 1, 4, 11.36
1746562644, 0, 721, 1046, 1024, 20, 8.32%, 0, 1, 4, 11.76
1746562680, 0, 721, 1047, 1025, 20, 8.32%, 0, 1, 4, 9.40
1746562695, 0, 721, 1048, 1026, 20, 8.32%, 0, 1, 4, 9.46
1746562700, 0, 721, 1049, 1027, 20, 8.32%, 0, 1, 4, 8.18
1746562721, 0, 721, 1050, 1028, 20, 8.32%, 0, 1, 4, 7.98
1746562726, 0, 721, 1053, 1031, 20, 8.32%, 0, 1, 4, 8.55
1746562783, 0, 721, 1054, 1032, 20, 8.32%, 0, 1, 4, 7.61
1746562804, 0, 721, 1055, 1033, 20, 8.32%, 0, 1, 4, 7.80
1746562891, 0, 721, 1056, 1034, 20, 8.32%, 0, 1, 4, 19.12
1746562896, 0, 721, 1057, 1035, 20, 8.32%, 0, 1, 4, 15.72
1746562927, 0, 721, 1058, 1036, 20, 8.32%, 0, 1, 4, 8.21
1746563009, 0, 721, 1060, 1038, 20, 8.32%, 0, 1, 4, 10.43
1746563029, 0, 721, 1061, 1039, 20, 8.32%, 0, 1, 4, 25.92
1746563039, 0, 721, 1062, 1040, 20, 8.32%, 0, 1, 4, 17.64
1746563086, 0, 721, 1064, 1042, 20, 8.32%, 0, 1, 4, 9.91
1746563096, 0, 721, 1065, 1043, 20, 8.32%, 0, 1, 4, 8.25
1746563106, 0, 721, 1066, 1044, 20, 8.32%, 0, 1, 4, 8.17
1746563126, 0, 721, 1067, 1045, 20, 8.32%, 0, 1, 4, 8.34
1746563187, 0, 721, 1068, 1046, 20, 8.32%, 0, 1, 4, 21.84
1746563234, 0, 721, 1069, 1047, 20, 8.32%, 0, 1, 4, 11.21
1746563260, 0, 721, 1070, 1048, 20, 8.32%, 0, 1, 4, 9.43
1746563265, 0, 721, 1072, 1050, 20, 8.32%, 0, 1, 4, 8.41
1746563270, 0, 721, 1073, 1051, 20, 8.32%, 0, 1, 4, 7.85
1746563281, 0, 721, 1074, 1052, 20, 8.32%, 0, 1, 4, 9.70
1746563286, 0, 721, 1075, 1053, 20, 8.32%, 0, 1, 4, 8.77
1746563291, 0, 721, 1076, 1054, 20, 8.32%, 0, 1, 4, 7.81
1746563301, 0, 721, 1077, 1055, 20, 8.32%, 0, 1, 4, 7.60
1746563311, 0, 721, 1078, 1056, 20, 8.32%, 0, 1, 4, 7.61
1746563317, 0, 721, 1080, 1058, 20, 8.32%, 0, 1, 4, 7.27
1746563327, 0, 721, 1081, 1059, 20, 8.32%, 0, 1, 4, 7.70
1746563332, 0, 721, 1082, 1060, 20, 8.32%, 0, 1, 4, 7.79
1746563429, 0, 721, 1083, 1061, 20, 8.32%, 0, 1, 4, 20.92
1746563435, 0, 721, 1085, 1063, 20, 8.32%, 0, 1, 4, 21.69
1746563445, 0, 721, 1086, 1064, 20, 8.42%, 0, 1, 4, 19.94
1746563471, 0, 721, 1088, 1066, 20, 8.42%, 0, 1, 4, 21.08
1746563501, 0, 721, 1089, 1067, 20, 8.42%, 0, 1, 4, 26.72
1746563512, 0, 721, 1090, 1068, 20, 8.42%, 0, 1, 4, 25.74
1746563547, 0, 721, 1091, 1069, 20, 8.42%, 0, 1, 4, 26.96
1746563568, 0, 721, 1092, 1070, 20, 8.42%, 0, 1, 4, 27.89
1746563573, 0, 721, 1094, 1072, 20, 8.42%, 0, 1, 4, 22.13
1746563589, 0, 721, 1096, 1074, 20, 8.46%, 0, 1, 4, 22.98
1746563614, 0, 721, 1097, 1075, 20, 8.46%, 0, 1, 4, 25.34
1746563634, 0, 721, 1098, 1076, 20, 8.46%, 0, 1, 4, 24.92
1746563644, 0, 721, 1099, 1077, 20, 8.46%, 0, 1, 4, 24.65
1746563686, 0, 721, 1100, 1078, 20, 8.46%, 0, 1, 4, 26.74
1746563691, 0, 721, 1101, 1079, 20, 8.46%, 0, 1, 4, 24.62
1746563696, 0, 721, 1102, 1080, 20, 8.46%, 0, 1, 4, 23.44
1746563706, 0, 721, 1103, 1081, 20, 8.46%, 0, 1, 4, 23.73
1746563736, 0, 721, 1104, 1082, 20, 8.46%, 0, 1, 4, 26.64
1746563788, 0, 721, 1106, 1084, 20, 8.46%, 0, 1, 4, 21.93
1746563870, 0, 721, 1107, 1085, 20, 8.46%, 0, 1, 4, 25.09
1746563875, 0, 721, 1108, 1086, 20, 8.46%, 0, 1, 4, 26.25
1746563926, 0, 721, 1109, 1087, 20, 8.46%, 0, 1, 4, 22.01
1746563931, 0, 721, 1110, 1088, 20, 8.46%, 0, 1, 4, 22.67
1746563982, 0, 721, 1111, 1089, 20, 8.46%, 0, 1, 4, 26.30
1746564018, 0, 721, 1112, 1090, 20, 8.46%, 0, 1, 4, 29.20
1746564038, 0, 721, 1113, 1091, 20, 8.46%, 0, 1, 4, 20.66
1746564069, 0, 745, 1113, 1090, 24, 8.46%, 0, 1, 4, 27.47
1746564161, 0, 753, 1113, 1089, 23, 8.46%, 0, 1, 4, 52.07
1746564187, 0, 787, 1113, 1088, 22, 8.46%, 0, 1, 4, 44.38
1746564233, 0, 812, 1113, 1087, 21, 8.46%, 0, 1, 4, 37.91
1746564321, 0, 812, 1114, 1088, 21, 8.46%, 0, 1, 4, 15.16
1746564336, 0, 812, 1116, 1090, 21, 8.46%, 0, 1, 4, 14.14
1746564515, 0, 829, 1116, 1089, 22, 8.46%, 0, 1, 4, 34.28
1746564761, 0, 864, 1116, 1088, 21, 8.46%, 0, 1, 4, 34.59
1746564777, 0, 864, 1117, 1089, 21, 8.46%, 0, 1, 4, 23.26
1746564828, 0, 864, 1119, 1091, 21, 8.46%, 0, 1, 4, 36.37
1746564849, 0, 864, 1120, 1092, 21, 8.46%, 0, 1, 4, 21.47
1746564854, 0, 864, 1121, 1093, 21, 8.46%, 0, 1, 4, 28.32
1746564915, 0, 866, 1122, 1093, 21, 8.46%, 0, 1, 4, 27.90
1746564920, 0, 866, 1124, 1095, 21, 8.46%, 0, 1, 4, 25.54
1746564977, 0, 866, 1126, 1097, 21, 8.46%, 0, 1, 4, 21.75
1746564982, 0, 866, 1127, 1098, 21, 8.46%, 0, 1, 4, 30.63
1746565012, 0, 866, 1128, 1099, 21, 8.46%, 0, 1, 4, 25.59
1746565063, 0, 870, 1128, 1098, 21, 8.46%, 0, 1, 4, 42.92
1746565145, 0, 872, 1128, 1097, 20, 8.46%, 0, 1, 4, 39.21
1746565226, 0, 881, 1129, 1097, 19, 8.46%, 0, 1, 4, 46.35
1746565231, 0, 881, 1130, 1098, 19, 8.46%, 0, 1, 4, 38.47
1746565308, 0, 893, 1130, 1097, 20, 8.46%, 0, 1, 4, 49.94
1746565452, 0, 893, 1131, 1098, 20, 8.46%, 0, 1, 5, 24.79
1746565477, 0, 893, 1132, 1099, 20, 8.46%, 0, 1, 5, 38.91
1746565544, 0, 893, 1133, 1100, 20, 8.46%, 0, 1, 5, 39.71
1746565646, 0, 893, 1134, 1101, 20, 8.46%, 0, 1, 5, 40.08
1746565779, 0, 893, 1135, 1102, 20, 8.46%, 0, 1, 5, 38.90
1746565856, 0, 911, 1135, 1101, 20, 8.46%, 0, 1, 5, 32.42
1746566127, 0, 936, 1135, 1100, 19, 8.46%, 0, 1, 5, 25.15
1746566158, 0, 936, 1137, 1102, 19, 8.46%, 0, 1, 5, 12.96
1746566178, 0, 936, 1140, 1105, 19, 8.46%, 0, 1, 5, 13.29
1746566475, 0, 936, 1142, 1107, 19, 8.46%, 0, 1, 5, 12.09
1746566480, 0, 936, 1143, 1108, 19, 8.46%, 0, 1, 5, 11.82
1746566486, 0, 936, 1144, 1109, 19, 8.47%, 0, 1, 5, 11.23
1746566496, 0, 936, 1145, 1110, 19, 8.47%, 0, 1, 5, 12.62
1746566527, 0, 960, 1145, 1109, 18, 8.47%, 0, 1, 5, 31.07
1746566532, 0, 960, 1146, 1110, 18, 8.47%, 0, 1, 5, 20.15
1746566848, 0, 960, 1147, 1111, 18, 8.47%, 0, 1, 5, 13.11
1746567007, 0, 971, 1147, 1110, 17, 8.47%, 0, 1, 5, 27.61
1746567043, 0, 971, 1148, 1111, 17, 8.47%, 0, 1, 5, 9.67
1746567166, 0, 971, 1149, 1112, 17, 8.47%, 0, 1, 5, 12.39
1746567264, 0, 971, 1150, 1113, 17, 8.47%, 0, 1, 5, 10.21
1746567299, 0, 971, 1151, 1114, 17, 8.47%, 0, 1, 5, 8.70
1746567305, 0, 971, 1152, 1115, 17, 8.48%, 0, 1, 5, 8.72
1746567796, 0, 971, 1153, 1116, 17, 8.48%, 0, 1, 5, 29.99
1746567817, 0, 1004, 1153, 1115, 17, 8.48%, 0, 1, 5, 25.41
1746568495, 0, 1004, 1154, 1116, 17, 8.48%, 0, 1, 5, 9.05
1746568536, 0, 1004, 1155, 1117, 17, 8.48%, 0, 1, 5, 7.55
1746568612, 0, 1007, 1155, 1116, 16, 8.48%, 0, 1, 5, 22.42
1746569462, 0, 1007, 1156, 1117, 16, 8.48%, 0, 1, 5, 8.62
1746569585, 0, 1007, 1157, 1118, 16, 8.48%, 0, 1, 5, 7.08
1746569621, 0, 1007, 1158, 1119, 16, 8.48%, 0, 1, 5, 23.46
1746569656, 0, 1022, 1158, 1118, 17, 8.48%, 0, 1, 5, 19.92
1746569662, 0, 1022, 1159, 1119, 17, 8.48%, 0, 1, 5, 13.22
1746569687, 0, 1022, 1160, 1120, 17, 8.48%, 0, 1, 5, 7.34
1746569785, 0, 1022, 1161, 1121, 17, 8.48%, 0, 1, 5, 9.89
1746569790, 0, 1022, 1162, 1122, 17, 8.48%, 0, 1, 5, 10.68
1746570308, 0, 1022, 1163, 1123, 17, 8.48%, 0, 1, 5, 7.10
1746570431, 0, 1022, 1164, 1124, 17, 8.48%, 0, 1, 5, 6.93
1746570436, 0, 1022, 1165, 1125, 17, 8.48%, 0, 1, 5, 6.70
1746570498, 0, 1022, 1166, 1126, 17, 8.48%, 0, 1, 5, 7.09
1746570549, 0, 1041, 1166, 1125, 17, 8.48%, 0, 1, 5, 27.78
1746570703, 0, 1094, 1166, 1124, 16, 8.48%, 0, 1, 5, 33.85
1746570708, 0, 1094, 1167, 1125, 16, 8.48%, 0, 1, 5, 20.10
1746570723, 0, 1094, 1169, 1127, 16, 8.48%, 0, 1, 5, 9.16
1746570729, 0, 1094, 1170, 1128, 16, 8.48%, 0, 1, 5, 8.92
1746570764, 0, 1094, 1171, 1129, 16, 8.48%, 0, 1, 5, 10.59
1746570810, 0, 1094, 1172, 1130, 16, 8.48%, 0, 1, 5, 10.18
1746570861, 0, 1094, 1173, 1131, 16, 8.48%, 0, 1, 5, 10.86
1746570938, 0, 1094, 1174, 1132, 16, 8.48%, 0, 1, 5, 9.46
1746570948, 0, 1094, 1175, 1133, 16, 8.48%, 0, 1, 5, 9.50
1746571480, 0, 1094, 1176, 1134, 16, 8.48%, 0, 1, 5, 17.39
1746571511, 0, 1094, 1177, 1135, 16, 8.48%, 0, 1, 5, 10.27
1746571707, 0, 1094, 1178, 1136, 16, 8.48%, 0, 1, 5, 22.25
1746571712, 0, 1094, 1179, 1137, 16, 8.48%, 0, 1, 5, 25.61
1746571743, 0, 1094, 1180, 1138, 16, 8.48%, 0, 1, 5, 20.59
1746571748, 0, 1094, 1181, 1139, 16, 8.48%, 0, 1, 5, 20.46
1746571753, 0, 1094, 1182, 1140, 16, 8.48%, 0, 1, 5, 20.63
1746571810, 0, 1094, 1183, 1141, 16, 8.48%, 0, 1, 5, 24.56
1746571887, 0, 1094, 1184, 1142, 16, 8.48%, 0, 1, 5, 25.50
1746571933, 0, 1094, 1185, 1143, 16, 8.48%, 0, 1, 5, 21.61
1746571979, 0, 1094, 1187, 1145, 16, 8.48%, 0, 1, 5, 25.31
1746571999, 0, 1094, 1188, 1146, 16, 8.48%, 0, 1, 5, 25.72
1746572255, 0, 1094, 1189, 1147, 16, 8.48%, 0, 1, 5, 25.35
1746572265, 0, 1094, 1190, 1148, 16, 8.48%, 0, 1, 5, 22.68
1746572271, 0, 1094, 1191, 1149, 16, 8.48%, 0, 1, 5, 23.59
1746572296, 0, 1094, 1192, 1150, 16, 8.48%, 0, 1, 5, 19.60
1746572343, 0, 1099, 1192, 1149, 14, 8.48%, 0, 1, 5, 29.64
1746572512, 0, 1115, 1192, 1148, 13, 8.48%, 0, 1, 5, 30.07
1746572598, 0, 1115, 1193, 1149, 13, 8.48%, 0, 1, 5, 16.23
1746572742, 0, 1117, 1194, 1149, 12, 8.48%, 0, 1, 5, 31.04
1746572773, 0, 1117, 1196, 1151, 12, 8.48%, 0, 1, 5, 25.34
1746572891, 0, 1126, 1196, 1150, 11, 8.48%, 0, 1, 5, 27.83
1746572901, 0, 1126, 1198, 1152, 11, 8.48%, 0, 1, 5, 18.52
1746573034, 0, 1126, 1199, 1153, 11, 8.48%, 0, 1, 5, 19.44
1746573080, 0, 1127, 1199, 1152, 12, 8.48%, 0, 1, 5, 38.80
1746573254, 0, 1129, 1199, 1151, 11, 8.48%, 0, 1, 5, 42.03
1746573346, 0, 1141, 1199, 1150, 10, 8.48%, 0, 1, 5, 44.41
1746573771, 0, 1143, 1199, 1149, 9, 8.48%, 0, 1, 5, 23.26
1746573843, 0, 1143, 1200, 1150, 9, 8.48%, 0, 1, 6, 21.89
1746574023, 0, 1143, 1201, 1151, 9, 8.48%, 0, 1, 6, 11.88
1746574192, 0, 1143, 1202, 1152, 9, 8.48%, 0, 1, 6, 13.07
1746574248, 0, 1151, 1202, 1151, 8, 8.48%, 0, 1, 6, 28.79
1746574350, 0, 1151, 1203, 1152, 8, 8.48%, 0, 1, 6, 8.56
1746574366, 0, 1151, 1204, 1153, 8, 8.48%, 0, 1, 6, 11.27
1746574801, 0, 1151, 1205, 1154, 8, 8.48%, 0, 1, 6, 8.72
1746574836, 0, 1151, 1206, 1155, 8, 8.48%, 0, 1, 6, 8.29
1746574979, 0, 1151, 1207, 1156, 8, 8.48%, 0, 1, 6, 8.16
1746575046, 0, 1157, 1207, 1155, 9, 8.48%, 0, 1, 6, 23.23
1746575071, 0, 1157, 1208, 1156, 9, 8.48%, 0, 1, 6, 8.25
1746575112, 0, 1157, 1209, 1157, 9, 8.48%, 0, 1, 6, 8.28
1746575158, 0, 1157, 1210, 1158, 9, 8.48%, 0, 1, 6, 7.51
1746575173, 0, 1157, 1211, 1159, 9, 8.48%, 0, 1, 6, 9.65
1746575887, 0, 1158, 1211, 1158, 8, 8.48%, 0, 1, 6, 26.40
1746576364, 0, 1185, 1211, 1157, 7, 8.48%, 0, 1, 6, 24.61
1746576380, 0, 1185, 1212, 1158, 7, 8.48%, 0, 1, 6, 9.11
1746576390, 0, 1185, 1213, 1159, 7, 8.48%, 0, 1, 6, 8.89
1746576410, 0, 1185, 1215, 1161, 7, 8.48%, 0, 1, 6, 8.41
1746576415, 0, 1185, 1216, 1162, 7, 8.48%, 0, 1, 6, 18.60
1746576446, 0, 1185, 1218, 1164, 7, 8.48%, 0, 1, 6, 8.26
1746576461, 0, 1185, 1220, 1166, 7, 8.48%, 0, 1, 6, 8.16
1746576487, 0, 1185, 1221, 1167, 7, 8.48%, 0, 1, 6, 8.82
1746576528, 0, 1185, 1222, 1168, 7, 8.48%, 0, 1, 6, 13.37
1746576836, 0, 1185, 1223, 1169, 7, 8.48%, 0, 1, 6, 8.21
1746577127, 0, 1185, 1224, 1170, 7, 8.48%, 0, 1, 6, 8.31
1746577133, 0, 1185, 1225, 1171, 7, 8.48%, 0, 1, 6, 11.46
1746577209, 0, 1185, 1226, 1172, 7, 8.48%, 0, 1, 6, 8.26
1746577260, 0, 1185, 1227, 1173, 7, 8.48%, 0, 1, 6, 8.16
1746577327, 0, 1185, 1228, 1174, 7, 8.48%, 0, 1, 6, 8.23
1746577357, 0, 1185, 1229, 1175, 7, 8.48%, 0, 1, 6, 9.07
1746577409, 0, 1198, 1229, 1174, 7, 8.48%, 0, 1, 6, 20.73
1746577619, 0, 1202, 1229, 1173, 6, 8.48%, 0, 1, 6, 38.53
1746577655, 0, 1202, 1230, 1174, 6, 8.48%, 0, 1, 7, 8.95
1746577686, 0, 1202, 1231, 1175, 6, 8.48%, 0, 1, 7, 9.10
1746578423, 0, 1202, 1232, 1176, 6, 8.48%, 0, 1, 7, 27.39
1746578438, 0, 1202, 1233, 1177, 6, 8.48%, 0, 1, 7, 28.62
1746578479, 0, 1205, 1233, 1176, 6, 8.48%, 0, 1, 7, 22.94
1746578515, 0, 1205, 1235, 1178, 6, 8.48%, 0, 1, 7, 7.22
1746578596, 0, 1205, 1236, 1179, 6, 8.48%, 0, 1, 7, 10.53
1746578853, 0, 1205, 1237, 1180, 6, 8.48%, 0, 1, 7, 7.48
1746579315, 0, 1205, 1238, 1181, 6, 8.48%, 0, 1, 7, 20.92
1746579351, 0, 1220, 1238, 1180, 6, 8.48%, 0, 1, 7, 24.43
1746580047, 0, 1220, 1239, 1181, 6, 8.48%, 0, 1, 7, 9.31
1746580241, 0, 1220, 1240, 1182, 6, 8.48%, 0, 1, 7, 8.38
1746580292, 0, 1220, 1241, 1183, 6, 8.48%, 0, 1, 7, 9.28
1746580339, 0, 1220, 1242, 1184, 6, 8.48%, 0, 1, 7, 21.97
1746580364, 0, 1220, 1243, 1185, 6, 8.48%, 0, 1, 7, 25.67
1746580405, 0, 1220, 1244, 1186, 6, 8.48%, 1, 1, 7, 21.50
1746580451, 0, 1220, 1245, 1187, 6, 8.48%, 1, 1, 7, 5.17
1746580564, 0, 1220, 1245, 1187, 6, 8.48%, 2, 1, 7, 26.81
1746580620, 0, 1220, 1246, 1188, 6, 8.48%, 2, 1, 7, 23.86
1746580764, 0, 1220, 1247, 1189, 6, 8.48%, 2, 1, 7, 22.25
1746580836, 0, 1220, 1248, 1190, 6, 8.48%, 2, 1, 7, 20.44
1746580953, 0, 1230, 1248, 1189, 5, 8.48%, 2, 1, 7, 22.33
1746581752, 0, 1236, 1248, 1188, 4, 8.48%, 2, 1, 7, 21.35
1746582592, 1, 5, 1248, 1187, 3, 8.48%, 2, 1, 7, 53.17
1746582618, 1, 75, 1248, 1186, 3, 8.48%, 2, 1, 7, 62.17
1746582623, 1, 235, 1249, 1187, 3, 8.48%, 2, 1, 7, 58.91
1746582658, 1, 289, 1249, 1186, 2, 8.48%, 2, 1, 7, 58.83
1746582664, 1, 289, 1250, 1187, 2, 8.48%, 2, 1, 7, 60.41
1746582669, 1, 327, 1250, 1187, 2, 8.48%, 2, 1, 7, 42.26
1746582715, 1, 580, 1250, 1186, 1, 8.48%, 2, 1, 7, 39.99
1746582751, 1, 580, 1251, 1187, 1, 8.48%, 2, 1, 7, 48.61
1746582766, 1, 663, 1251, 1186, 1, 8.48%, 2, 1, 7, 38.48
1746582802, 1, 689, 1251, 1185, 1, 8.48%, 2, 1, 7, 37.40
1746582934, 1, 739, 1251, 1184, 1, 8.48%, 2, 1, 7, 31.07
1746582995, 1, 744, 1251, 1183, 0, 8.48%, 2, 1, 7, 44.27
1746583262, 1, 745, 1251, 1182, 0, 8.48%, 2, 1, 7, 48.32
1746583267, 1, 746, 1251, 1182, 0, 8.48%, 2, 1, 7, 30.10
1746583492, 1, 746, 1252, 1183, 0, 8.48%, 2, 1, 7, 13.70
1746583569, 1, 749, 1252, 1182, 0, 8.48%, 2, 1, 7, 38.80
1746583599, 1, 752, 1252, 1181, 0, 8.48%, 2, 1, 7, 26.26
1746583686, 1, 753, 1252, 1180, 0, 8.48%, 2, 1, 7, 51.02
1746583691, 1, 756, 1252, 1180, 0, 8.48%, 2, 1, 7, 38.56
1746583834, 1, 766, 1252, 1179, 0, 8.48%, 2, 1, 7, 28.05
1746584095, 1, 767, 1252, 1178, 0, 8.48%, 2, 1, 7, 23.50
1746584228, 1, 768, 1252, 1177, 0, 8.48%, 2, 1, 7, 31.65
1746584300, 1, 771, 1252, 1176, 0, 8.48%, 2, 1, 7, 37.84
1746584448, 1, 773, 1252, 1175, 0, 8.48%, 2, 1, 7, 38.77
1746584586, 1, 778, 1252, 1174, 0, 8.48%, 2, 1, 7, 30.49
1746584759, 1, 781, 1252, 1173, 0, 8.48%, 2, 1, 7, 39.07
1746584876, 1, 790, 1252, 1172, 0, 8.48%, 2, 1, 7, 35.32
1746584953, 1, 797, 1252, 1171, 0, 8.48%, 2, 1, 7, 46.14
1746585030, 1, 809, 1252, 1170, 0, 8.48%, 2, 1, 7, 41.44
1746585357, 1, 810, 1252, 1169, 0, 8.48%, 2, 1, 7, 30.69
1746585725, 1, 818, 1252, 1168, 0, 8.48%, 2, 1, 7, 29.39
1746586063, 1, 821, 1252, 1167, 0, 8.48%, 2, 1, 7, 23.59
1746586391, 1, 828, 1252, 1166, 0, 8.48%, 2, 1, 7, 24.06
1746586728, 1, 833, 1252, 1165, 0, 8.48%, 2, 1, 7, 27.39
1746586836, 1, 838, 1252, 1164, 0, 8.48%, 2, 1, 7, 27.33
1746587055, 1, 845, 1252, 1163, 0, 8.48%, 2, 1, 7, 26.38
1746587331, 1, 854, 1252, 1162, 0, 8.48%, 2, 1, 7, 32.44
1746587336, 1, 854, 1253, 1163, 0, 8.48%, 2, 1, 7, 29.01
1746587474, 1, 859, 1253, 1162, 0, 8.48%, 2, 1, 7, 43.77
1746587627, 1, 867, 1253, 1161, 0, 8.48%, 2, 1, 7, 28.53
1746587775, 1, 868, 1253, 1160, 0, 8.48%, 2, 1, 7, 35.66
1746587939, 1, 872, 1253, 1159, 0, 8.48%, 2, 1, 7, 47.70
1746587944, 1, 875, 1253, 1159, 0, 8.48%, 2, 1, 7, 37.62
1746588026, 1, 879, 1253, 1158, 0, 8.48%, 2, 1, 7, 41.90
1746588103, 1, 880, 1253, 1157, 0, 8.48%, 2, 1, 7, 40.31
1746588184, 1, 882, 1253, 1156, 0, 8.48%, 2, 1, 7, 40.68
1746588266, 1, 884, 1253, 1155, 0, 8.48%, 2, 1, 7, 43.57
1746588353, 1, 886, 1253, 1154, 0, 8.48%, 2, 1, 7, 28.32
1746588496, 1, 889, 1253, 1153, 0, 8.48%, 2, 1, 7, 33.20
1746588624, 1, 892, 1253, 1152, 0, 8.48%, 2, 1, 7, 44.20
1746588757, 1, 893, 1253, 1151, 0, 8.48%, 2, 1, 7, 43.73
1746588767, 1, 894, 1253, 1151, 0, 8.48%, 2, 1, 7, 25.55
1746588905, 1, 895, 1253, 1150, 0, 8.48%, 2, 1, 7, 42.22
1746589043, 1, 910, 1253, 1149, 0, 8.48%, 2, 1, 7, 29.90
1746589572, 1, 910, 1254, 1150, 0, 8.48%, 2, 1, 7, 5.82
1746589608, 1, 911, 1254, 1149, 0, 8.48%, 2, 1, 7, 35.42
1746589618, 1, 914, 1254, 1149, 0, 8.48%, 2, 1, 7, 23.69
1746590150, 1, 915, 1254, 1148, 0, 8.48%, 2, 1, 7, 30.36
1746590666, 1, 922, 1254, 1147, 0, 8.48%, 2, 1, 7, 23.32
1746591173, 1, 923, 1254, 1146, 0, 8.48%, 2, 1, 7, 30.95
1746591614, 1, 931, 1254, 1145, 0, 8.48%, 2, 1, 7, 32.64
1746592111, 1, 932, 1254, 1144, 0, 8.48%, 2, 1, 7, 29.83
1746592557, 1, 933, 1254, 1143, 0, 8.48%, 2, 1, 7, 33.50
1746592931, 1, 936, 1254, 1142, 0, 8.48%, 2, 1, 7, 36.36
1746592936, 1, 939, 1254, 1142, 0, 8.48%, 2, 1, 7, 29.71
1746593423, 1, 941, 1254, 1141, 0, 8.48%, 2, 1, 7, 33.63
1746593826, 1, 942, 1254, 1140, 0, 8.48%, 2, 1, 7, 28.50
1746594052, 1, 942, 1255, 1141, 0, 8.48%, 2, 1, 7, 12.69
1746594180, 1, 950, 1255, 1140, 3, 8.48%, 2, 1, 7, 23.45
1746594693, 1, 950, 1256, 1141, 3, 8.48%, 2, 1, 7, 5.39
1746594724, 1, 950, 1257, 1142, 3, 8.48%, 2, 1, 7, 31.62
1746594775, 1, 1021, 1257, 1141, 3, 8.48%, 2, 1, 7, 25.84
1746594780, 1, 1021, 1258, 1142, 3, 8.48%, 2, 1, 7, 16.80
1746594857, 1, 1021, 1259, 1143, 3, 8.48%, 2, 1, 7, 7.83
1746594867, 1, 1021, 1260, 1144, 3, 8.48%, 2, 1, 7, 6.83
1746595534, 1, 1021, 1262, 1146, 3, 8.48%, 2, 1, 7, 8.21
1746595816, 1, 1021, 1263, 1147, 3, 8.48%, 2, 1, 7, 6.39
1746595981, 1, 1093, 1263, 1146, 3, 8.48%, 2, 1, 7, 22.52
1746595987, 1, 1093, 1264, 1147, 3, 8.48%, 2, 1, 7, 13.99
1746596032, 1, 1093, 1265, 1148, 3, 8.48%, 2, 1, 7, 15.11
1746596186, 1, 1093, 1266, 1149, 3, 8.48%, 2, 1, 7, 11.99
1746597066, 1, 1097, 1266, 1148, 3, 8.48%, 2, 1, 7, 23.60
1746598143, 1, 1133, 1266, 1147, 3, 8.48%, 2, 1, 7, 29.38
1746598301, 1, 1133, 1267, 1148, 3, 8.48%, 2, 1, 7, 35.89
1746598337, 1, 1144, 1267, 1147, 3, 8.48%, 2, 1, 7, 29.81
1746598797, 1, 1158, 1267, 1146, 2, 8.48%, 2, 1, 7, 38.76
1746598802, 1, 1254, 1267, 1146, 2, 8.48%, 2, 1, 7, 28.19
1746599253, 2, 191, 1267, 1145, 1, 8.48%, 2, 1, 7, 48.30
1746599273, 2, 303, 1267, 1144, 1, 8.48%, 2, 1, 7, 53.92
1746599298, 2, 556, 1267, 1143, 1, 8.48%, 2, 1, 7, 46.89
1746599365, 2, 725, 1267, 1142, 1, 8.48%, 2, 1, 7, 54.13
1746599390, 2, 824, 1267, 1141, 1, 8.48%, 2, 1, 7, 14.85
1746599697, 2, 826, 1267, 1140, 0, 8.48%, 2, 1, 7, 31.20
1746600031, 2, 831, 1267, 1139, 0, 8.48%, 2, 1, 7, 27.67
1746600261, 2, 831, 1268, 1140, 0, 8.48%, 2, 1, 7, 31.09
1746600287, 2, 832, 1268, 1139, 0, 8.48%, 2, 1, 7, 32.03
1746600389, 2, 832, 1269, 1140, 0, 8.48%, 2, 1, 7, 41.23
1746600394, 2, 832, 1270, 1141, 0, 8.48%, 2, 1, 7, 40.51
1746600415, 2, 832, 1271, 1142, 0, 8.48%, 2, 1, 7, 45.50
1746600446, 2, 832, 1272, 1143, 0, 8.48%, 2, 1, 7, 45.61
1746600481, 2, 832, 1273, 1144, 0, 8.48%, 2, 1, 7, 43.23
1746600487, 2, 832, 1274, 1145, 0, 8.48%, 2, 1, 7, 42.00
1746600563, 2, 832, 1275, 1146, 0, 8.48%, 2, 1, 7, 45.97
1746600655, 2, 832, 1277, 1148, 0, 8.48%, 2, 1, 7, 43.27
1746600757, 2, 835, 1277, 1147, 0, 8.48%, 2, 1, 7, 28.25
1746601023, 2, 835, 1278, 1148, 0, 8.48%, 2, 1, 7, 15.12
1746601044, 2, 837, 1278, 1147, 0, 8.48%, 2, 1, 7, 22.75
1746601366, 2, 843, 1278, 1146, 0, 8.48%, 2, 1, 7, 28.42
1746601520, 2, 843, 1279, 1147, 0, 8.48%, 2, 1, 7, 36.27
1746601540, 2, 852, 1279, 1146, 0, 8.48%, 2, 1, 7, 41.69
1746601689, 2, 860, 1279, 1145, 0, 8.48%, 2, 1, 7, 28.55
1746601853, 2, 870, 1279, 1144, 0, 8.48%, 2, 1, 7, 44.93
1746601858, 2, 884, 1279, 1144, 0, 8.48%, 2, 1, 7, 47.73
1746601863, 2, 885, 1279, 1144, 0, 8.48%, 2, 1, 7, 31.55
1746601986, 2, 885, 1280, 1145, 0, 8.48%, 2, 1, 7, 45.04
