# unix_time, cycles_done, cur_path, paths_total, pending_total, pending_favs, map_size, unique_crashes, unique_hangs, max_depth, execs_per_sec
1746558786, 0, 0, 1, 1, 1, 4.90%, 0, 0, 1, 74.77
1746558792, 0, 0, 48, 48, 1, 5.76%, 0, 0, 2, 80.42
1746558797, 0, 0, 91, 91, 1, 5.78%, 0, 0, 2, 78.55
1746558802, 0, 0, 122, 122, 1, 5.99%, 0, 0, 2, 73.12
1746558807, 0, 0, 152, 152, 1, 6.50%, 0, 0, 2, 72.77
1746558812, 0, 0, 175, 175, 1, 6.50%, 0, 0, 2, 71.04
1746558817, 0, 0, 198, 198, 1, 6.50%, 0, 0, 2, 71.03
1746558822, 0, 0, 221, 221, 1, 6.51%, 0, 0, 2, 70.89
1746558828, 0, 0, 240, 240, 1, 6.51%, 0, 0, 2, 72.12
1746558833, 0, 0, 252, 252, 1, 6.52%, 0, 0, 2, 72.96
1746558838, 0, 0, 262, 262, 1, 6.54%, 0, 0, 2, 67.92
1746558843, 0, 0, 272, 272, 1, 6.54%, 0, 0, 2, 65.12
1746558848, 0, 0, 284, 284, 1, 6.54%, 0, 0, 2, 66.91
1746558853, 0, 0, 290, 290, 1, 6.54%, 0, 0, 2, 71.22
1746558858, 0, 0, 298, 298, 1, 6.54%, 0, 0, 2, 69.87
1746558864, 0, 0, 303, 303, 1, 6.66%, 0, 0, 2, 70.98
1746558869, 0, 0, 309, 309, 1, 6.66%, 0, 0, 2, 72.42
1746558874, 0, 0, 315, 315, 1, 6.66%, 0, 0, 2, 68.70
1746558879, 0, 0, 319, 319, 1, 6.66%, 0, 0, 2, 69.99
1746558884, 0, 0, 322, 322, 1, 6.66%, 0, 0, 2, 70.27
1746558889, 0, 0, 325, 325, 1, 6.66%, 0, 0, 2, 72.05
1746558895, 0, 0, 330, 330, 1, 6.66%, 0, 0, 2, 70.48
1746558900, 0, 0, 334, 334, 1, 6.66%, 0, 0, 2, 70.88
1746558905, 0, 0, 338, 338, 1, 6.66%, 0, 0, 2, 70.81
1746558910, 0, 0, 344, 344, 1, 6.66%, 0, 0, 2, 70.95
1746558915, 0, 0, 352, 352, 1, 6.66%, 0, 0, 2, 70.70
1746558920, 0, 0, 356, 356, 1, 6.66%, 0, 0, 2, 70.33
1746558926, 0, 0, 358, 358, 1, 6.66%, 0, 0, 2, 71.17
1746558931, 0, 0, 360, 360, 1, 6.66%, 0, 0, 2, 72.33
1746558936, 0, 0, 361, 361, 1, 6.66%, 0, 0, 2, 71.78
1746558941, 0, 0, 367, 367, 1, 6.66%, 0, 0, 2, 68.61
1746558951, 0, 0, 369, 369, 1, 6.66%, 0, 0, 2, 72.79
1746558956, 0, 0, 373, 373, 1, 6.66%, 0, 0, 2, 71.57
1746558962, 0, 0, 375, 375, 1, 6.66%, 0, 0, 2, 72.24
1746558967, 0, 0, 378, 378, 1, 6.66%, 0, 0, 2, 71.19
1746558972, 0, 0, 380, 380, 1, 6.66%, 0, 0, 2, 72.46
1746558977, 0, 0, 381, 381, 1, 6.66%, 0, 0, 2, 72.97
1746558982, 0, 0, 385, 385, 1, 6.66%, 0, 0, 2, 71.51
1746558993, 0, 0, 387, 387, 1, 6.66%, 0, 0, 2, 70.62
1746558998, 0, 0, 388, 388, 1, 6.66%, 0, 0, 2, 72.23
1746559003, 0, 0, 391, 391, 1, 6.66%, 0, 0, 2, 70.97
1746559008, 0, 0, 392, 392, 1, 6.66%, 0, 0, 2, 71.12
1746559018, 0, 0, 393, 393, 1, 6.66%, 0, 0, 2, 73.26
1746559024, 0, 0, 394, 394, 1, 6.66%, 0, 0, 2, 70.73
1746559029, 0, 0, 397, 397, 1, 6.66%, 0, 0, 2, 70.50
1746559034, 0, 0, 398, 398, 1, 6.66%, 0, 0, 2, 71.66
1746559039, 0, 0, 399, 399, 1, 6.66%, 0, 0, 2, 72.61
1746559044, 0, 0, 402, 402, 1, 6.66%, 0, 0, 2, 73.40
1746559049, 0, 0, 405, 405, 1, 6.66%, 0, 0, 2, 72.83
1746559054, 0, 0, 407, 407, 1, 6.67%, 0, 0, 2, 70.15
1746559059, 0, 0, 409, 409, 1, 6.67%, 0, 0, 2, 67.37
1746559065, 0, 34, 410, 409, 15, 6.67%, 0, 0, 2, 73.29
1746559070, 0, 34, 411, 410, 15, 6.67%, 0, 0, 3, 72.76
1746559075, 0, 34, 413, 412, 15, 6.67%, 0, 0, 3, 71.05
1746559101, 0, 34, 414, 413, 15, 6.67%, 0, 0, 3, 70.97
1746559106, 0, 34, 415, 414, 15, 6.67%, 0, 0, 3, 69.28
1746559116, 0, 34, 417, 416, 15, 6.67%, 0, 0, 3, 73.05
1746559127, 0, 34, 419, 418, 15, 6.67%, 0, 0, 3, 72.42
1746559132, 0, 34, 420, 419, 15, 6.67%, 0, 0, 3, 72.70
1746559137, 0, 34, 421, 420, 15, 6.67%, 0, 0, 3, 74.03
1746559142, 0, 34, 423, 422, 15, 6.67%, 0, 0, 3, 70.42
1746559152, 0, 34, 424, 423, 15, 6.67%, 0, 0, 3, 74.69
1746559158, 0, 34, 426, 425, 15, 6.67%, 0, 0, 3, 71.96
1746559168, 0, 34, 428, 427, 15, 6.67%, 0, 0, 3, 73.44
1746559173, 0, 34, 429, 428, 15, 6.67%, 0, 0, 3, 69.84
1746559178, 0, 34, 430, 429, 15, 6.67%, 0, 0, 3, 73.27
1746559183, 0, 34, 432, 431, 15, 6.67%, 0, 0, 3, 70.80
1746559199, 0, 34, 433, 432, 15, 6.67%, 0, 0, 3, 71.26
1746559204, 0, 34, 434, 433, 15, 6.67%, 0, 0, 3, 70.70
1746559209, 0, 34, 435, 434, 15, 6.67%, 0, 0, 3, 71.40
1746559225, 0, 34, 438, 437, 15, 6.67%, 0, 0, 3, 72.94
1746559245, 0, 34, 440, 439, 15, 6.67%, 0, 0, 3, 73.37
1746559250, 0, 34, 441, 440, 15, 6.67%, 0, 0, 3, 74.63
1746559261, 0, 34, 443, 442, 15, 6.79%, 0, 0, 3, 70.32
1746559266, 0, 34, 444, 443, 15, 6.79%, 0, 0, 3, 70.98
1746559271, 0, 34, 446, 445, 15, 6.79%, 0, 0, 3, 70.35
1746559276, 0, 34, 447, 446, 15, 6.79%, 0, 0, 3, 73.55
1746559281, 0, 34, 449, 448, 15, 6.79%, 0, 0, 3, 73.39
1746559287, 0, 34, 451, 450, 15, 6.79%, 0, 0, 3, 71.40
1746559292, 0, 34, 452, 451, 15, 6.79%, 0, 0, 3, 71.80
1746559297, 0, 78, 453, 451, 14, 6.79%, 0, 0, 3, 72.22
1746559302, 0, 78, 456, 454, 14, 6.79%, 0, 0, 3, 72.70
1746559307, 0, 78, 457, 455, 14, 6.79%, 0, 0, 3, 75.57
1746559312, 0, 78, 458, 456, 14, 6.79%, 0, 0, 3, 76.25
1746559318, 0, 78, 459, 457, 14, 6.79%, 0, 0, 3, 76.23
1746559323, 0, 78, 460, 458, 14, 6.79%, 0, 0, 3, 78.71
1746559328, 0, 78, 461, 459, 14, 6.79%, 0, 0, 3, 78.29
1746559338, 0, 78, 463, 461, 14, 6.79%, 0, 0, 3, 75.78
1746559354, 0, 78, 464, 462, 14, 6.79%, 0, 0, 3, 78.44
1746559374, 0, 78, 465, 463, 14, 6.79%, 0, 0, 3, 78.09
1746559385, 0, 78, 466, 464, 14, 6.79%, 0, 0, 3, 76.76
1746559390, 0, 78, 467, 465, 14, 6.79%, 0, 0, 3, 76.39
1746559395, 0, 78, 468, 466, 14, 6.79%, 0, 0, 3, 75.59
1746559405, 0, 78, 469, 467, 14, 6.79%, 0, 0, 3, 77.45
1746559416, 0, 78, 470, 468, 14, 6.79%, 0, 0, 3, 74.26
1746559441, 0, 78, 472, 470, 14, 6.79%, 0, 0, 3, 79.11
1746559452, 0, 78, 473, 471, 14, 6.79%, 0, 0, 3, 76.30
1746559457, 0, 78, 474, 472, 14, 6.79%, 0, 0, 3, 75.51
1746559462, 0, 127, 474, 471, 13, 6.79%, 0, 0, 3, 72.18
1746559472, 0, 127, 475, 472, 13, 6.79%, 0, 0, 3, 70.58
1746559477, 0, 172, 475, 471, 13, 6.79%, 0, 0, 3, 68.35
1746559493, 0, 172, 476, 472, 13, 6.79%, 0, 0, 3, 65.97
1746559503, 0, 172, 477, 473, 13, 6.79%, 0, 0, 3, 65.76
1746559508, 0, 172, 478, 474, 13, 6.79%, 0, 0, 3, 65.62
1746559513, 0, 172, 479, 475, 13, 6.79%, 0, 0, 3, 65.23
1746559518, 0, 172, 480, 476, 13, 6.79%, 0, 0, 3, 66.13
1746559524, 0, 172, 481, 477, 13, 6.79%, 0, 0, 3, 66.85
1746559544, 0, 172, 483, 479, 13, 6.79%, 0, 0, 3, 66.26
1746559549, 0, 172, 484, 480, 13, 6.79%, 0, 0, 3, 65.80
1746559554, 0, 172, 485, 481, 13, 6.79%, 0, 0, 3, 68.19
1746559560, 0, 172, 486, 482, 13, 6.79%, 0, 0, 3, 68.18
1746559570, 0, 172, 487, 483, 13, 6.79%, 0, 0, 3, 68.35
1746559575, 0, 172, 491, 487, 13, 6.79%, 0, 0, 3, 67.63
1746559590, 0, 172, 492, 488, 13, 6.79%, 0, 0, 3, 67.56
1746559600, 0, 172, 493, 489, 13, 6.79%, 0, 0, 3, 68.54
1746559616, 0, 172, 494, 490, 13, 6.79%, 0, 0, 3, 67.80
1746559621, 0, 172, 495, 491, 13, 6.79%, 0, 0, 3, 68.14
1746559642, 0, 172, 496, 492, 13, 6.79%, 0, 0, 3, 67.20
1746559662, 0, 172, 498, 494, 13, 6.79%, 0, 0, 3, 65.06
1746559688, 0, 172, 499, 495, 13, 6.79%, 0, 0, 3, 66.49
1746559698, 0, 172, 500, 496, 13, 6.79%, 0, 0, 3, 67.86
1746559708, 0, 172, 501, 497, 13, 6.79%, 0, 0, 3, 67.01
1746559734, 0, 203, 501, 496, 13, 6.79%, 0, 0, 3, 68.15
1746559745, 0, 217, 501, 495, 12, 6.79%, 0, 0, 3, 71.73
1746559755, 0, 248, 502, 495, 11, 6.79%, 0, 0, 3, 68.35
1746559770, 0, 248, 505, 498, 11, 6.79%, 0, 0, 3, 66.73
1746559775, 0, 248, 506, 499, 11, 6.79%, 0, 0, 3, 67.05
1746559791, 0, 248, 508, 501, 11, 6.79%, 0, 0, 3, 67.09
1746559796, 0, 248, 509, 502, 11, 6.79%, 0, 0, 3, 67.94
1746559801, 0, 248, 510, 503, 11, 6.79%, 0, 0, 3, 68.99
1746559811, 0, 248, 511, 504, 11, 6.79%, 0, 0, 3, 68.99
1746559827, 0, 248, 512, 505, 11, 6.79%, 0, 0, 3, 67.60
1746559837, 0, 248, 513, 506, 11, 6.79%, 0, 0, 3, 69.46
1746559843, 0, 248, 514, 507, 11, 6.79%, 0, 0, 3, 66.58
1746559853, 0, 248, 515, 508, 11, 6.79%, 0, 0, 3, 66.61
1746559868, 0, 248, 516, 509, 11, 6.80%, 0, 0, 3, 65.42
1746559879, 0, 248, 517, 510, 11, 6.80%, 0, 0, 3, 69.19
1746559884, 0, 248, 518, 511, 11, 6.80%, 0, 0, 3, 67.21
1746559894, 0, 248, 519, 512, 11, 6.80%, 0, 0, 3, 67.60
1746559899, 0, 248, 520, 513, 11, 6.80%, 0, 0, 3, 67.33
1746559910, 0, 248, 521, 514, 11, 6.80%, 0, 0, 3, 67.56
1746559915, 0, 248, 522, 515, 11, 6.80%, 0, 0, 3, 68.20
1746559930, 0, 248, 526, 519, 11, 6.80%, 0, 0, 3, 64.02
1746559951, 0, 248, 527, 520, 11, 6.80%, 0, 0, 3, 66.08
1746559987, 0, 248, 528, 521, 11, 6.80%, 0, 0, 3, 66.48
1746560008, 0, 248, 529, 522, 11, 6.80%, 0, 0, 3, 69.34
1746560013, 0, 271, 529, 521, 12, 6.80%, 0, 0, 3, 62.02
1746560075, 0, 314, 540, 531, 11, 6.83%, 0, 0, 3, 48.49
1746560080, 0, 314, 545, 536, 11, 6.84%, 0, 0, 3, 47.19
1746560085, 0, 314, 549, 540, 11, 6.84%, 0, 0, 3, 47.80
1746560090, 0, 314, 550, 541, 11, 6.84%, 0, 0, 3, 50.44
1746560095, 0, 314, 556, 547, 11, 6.84%, 0, 0, 3, 48.42
1746560100, 0, 314, 558, 549, 11, 6.84%, 0, 0, 3, 50.40
1746560110, 0, 314, 560, 551, 11, 6.84%, 0, 0, 3, 45.35
1746560140, 0, 314, 562, 553, 11, 6.84%, 0, 0, 3, 47.31
1746560145, 0, 314, 570, 561, 11, 6.84%, 0, 0, 3, 46.45
1746560150, 0, 314, 573, 564, 11, 6.84%, 0, 0, 3, 50.67
1746560156, 0, 314, 574, 565, 11, 6.84%, 0, 0, 3, 48.40
1746560161, 0, 314, 576, 567, 11, 6.84%, 0, 0, 3, 51.78
1746560166, 0, 314, 577, 568, 11, 6.84%, 0, 0, 3, 55.60
1746560171, 0, 314, 578, 569, 11, 6.84%, 0, 0, 3, 49.20
1746560176, 0, 314, 579, 570, 11, 6.84%, 0, 0, 3, 52.33
1746560181, 0, 314, 581, 572, 11, 6.84%, 0, 0, 3, 60.16
1746560186, 0, 314, 582, 573, 11, 6.84%, 0, 0, 3, 62.40
1746560196, 0, 314, 583, 574, 11, 6.84%, 0, 0, 3, 61.52
1746560202, 0, 314, 584, 575, 11, 6.85%, 0, 0, 3, 63.19
1746560207, 0, 314, 585, 576, 11, 6.85%, 0, 0, 3, 61.91
1746560217, 0, 314, 587, 578, 11, 6.85%, 0, 0, 3, 60.42
1746560227, 0, 314, 589, 580, 11, 6.85%, 0, 0, 3, 59.21
1746560232, 0, 314, 590, 581, 11, 6.85%, 0, 0, 3, 60.69
1746560237, 0, 314, 591, 582, 11, 6.85%, 0, 0, 3, 61.54
1746560242, 0, 314, 592, 583, 11, 6.85%, 0, 0, 3, 62.23
1746560248, 0, 314, 593, 584, 11, 6.85%, 0, 0, 3, 61.32
1746560253, 0, 314, 595, 586, 11, 6.85%, 0, 0, 3, 62.57
1746560258, 0, 314, 596, 587, 11, 6.85%, 0, 0, 3, 60.85
1746560268, 0, 314, 597, 588, 11, 6.85%, 0, 0, 3, 61.57
1746560278, 0, 314, 600, 591, 11, 7.08%, 0, 0, 3, 57.15
1746560293, 0, 314, 601, 592, 11, 7.08%, 0, 0, 3, 62.17
1746560298, 0, 314, 602, 593, 11, 7.08%, 0, 0, 3, 62.70
1746560309, 0, 314, 604, 595, 11, 7.21%, 0, 0, 3, 61.22
1746560329, 0, 314, 605, 596, 11, 7.21%, 0, 0, 3, 62.05
1746560339, 0, 314, 606, 597, 11, 7.21%, 0, 0, 3, 63.90
1746560344, 0, 314, 608, 599, 11, 7.22%, 0, 0, 3, 61.03
1746560360, 0, 314, 609, 600, 11, 7.22%, 0, 0, 3, 62.20
1746560375, 0, 314, 610, 601, 11, 7.22%, 0, 0, 3, 62.02
1746560380, 0, 314, 611, 602, 11, 7.22%, 0, 0, 3, 61.84
1746560385, 0, 314, 613, 604, 11, 7.22%, 0, 0, 3, 61.65
1746560390, 0, 314, 614, 605, 11, 7.22%, 0, 0, 3, 62.16
1746560395, 0, 314, 615, 606, 11, 7.22%, 0, 0, 3, 63.53
1746560405, 0, 314, 617, 608, 11, 7.22%, 0, 0, 3, 59.29
1746560410, 0, 314, 618, 609, 11, 7.22%, 0, 0, 3, 61.26
1746560426, 0, 314, 619, 610, 11, 7.22%, 0, 0, 3, 64.75
1746560436, 0, 314, 620, 611, 11, 7.22%, 0, 0, 3, 61.90
1746560441, 0, 314, 621, 612, 11, 7.23%, 0, 0, 3, 62.89
1746560446, 0, 336, 621, 611, 13, 7.23%, 0, 0, 3, 61.13
1746560461, 0, 422, 621, 610, 12, 7.23%, 0, 0, 3, 65.32
1746560477, 0, 470, 623, 611, 11, 7.23%, 0, 0, 4, 60.06
1746560482, 0, 470, 624, 612, 11, 7.23%, 0, 0, 4, 53.73
1746560487, 0, 470, 626, 614, 11, 7.23%, 0, 0, 4, 56.14
1746560497, 0, 481, 627, 614, 11, 7.23%, 0, 0, 4, 56.96
1746560502, 0, 481, 629, 616, 11, 7.23%, 0, 0, 4, 44.09
1746560507, 0, 481, 631, 618, 11, 7.23%, 0, 0, 4, 46.98
1746560512, 0, 481, 633, 620, 11, 7.23%, 0, 0, 4, 44.90
1746560517, 0, 481, 636, 623, 11, 7.23%, 0, 0, 4, 36.61
1746560522, 0, 481, 640, 627, 11, 7.23%, 0, 0, 4, 34.21
1746560538, 0, 481, 642, 629, 11, 7.23%, 0, 0, 4, 43.24
1746560548, 0, 481, 643, 630, 11, 7.23%, 0, 0, 4, 51.67
1746560558, 0, 497, 643, 629, 10, 7.23%, 0, 0, 4, 58.85
1746560573, 0, 497, 644, 630, 10, 7.23%, 0, 0, 4, 41.42
1746560578, 0, 497, 650, 636, 10, 7.23%, 0, 0, 4, 35.08
1746560589, 0, 497, 651, 637, 10, 7.23%, 0, 0, 4, 34.33
1746560604, 0, 497, 652, 638, 10, 7.23%, 0, 0, 4, 40.07
1746560619, 0, 499, 652, 637, 10, 7.23%, 0, 0, 4, 52.09
1746560644, 0, 499, 654, 639, 10, 7.23%, 0, 0, 4, 49.14
1746560654, 0, 515, 654, 638, 9, 7.23%, 0, 0, 4, 53.22
1746560660, 0, 515, 655, 639, 9, 7.24%, 0, 0, 4, 40.69
1746560675, 0, 515, 656, 640, 9, 7.24%, 0, 0, 4, 38.22
1746560680, 0, 515, 657, 641, 9, 7.24%, 0, 0, 4, 37.37
1746560721, 0, 515, 658, 642, 9, 7.24%, 0, 0, 4, 46.47
1746560726, 0, 515, 659, 643, 9, 7.24%, 0, 0, 4, 43.17
1746560731, 0, 515, 660, 644, 9, 7.24%, 0, 0, 4, 39.97
1746560736, 0, 515, 661, 645, 9, 7.24%, 0, 0, 4, 52.34
1746560741, 0, 515, 662, 646, 9, 7.24%, 0, 0, 4, 57.79
1746560756, 0, 515, 663, 647, 9, 7.24%, 0, 0, 4, 57.21
1746560786, 0, 519, 663, 646, 10, 7.24%, 0, 0, 4, 58.92
1746560807, 0, 542, 663, 645, 10, 7.24%, 0, 0, 4, 59.72
1746560817, 0, 542, 664, 646, 10, 7.24%, 0, 0, 4, 48.39
1746560828, 0, 542, 665, 647, 10, 7.24%, 0, 0, 4, 47.27
1746560853, 0, 542, 667, 649, 10, 7.24%, 0, 0, 4, 44.75
1746560889, 0, 542, 668, 650, 10, 7.24%, 0, 0, 4, 43.03
1746560909, 0, 542, 669, 651, 10, 7.24%, 0, 0, 4, 42.80
1746560914, 0, 542, 670, 652, 10, 7.24%, 0, 0, 4, 53.32
1746560919, 0, 542, 671, 653, 10, 7.24%, 0, 0, 4, 57.59
1746560924, 0, 542, 672, 654, 10, 7.24%, 0, 0, 4, 57.08
1746560934, 0, 542, 673, 655, 10, 7.24%, 0, 0, 4, 59.16
1746560939, 0, 542, 674, 656, 10, 7.24%, 0, 0, 4, 58.52
1746560965, 0, 542, 675, 657, 10, 7.24%, 0, 0, 4, 57.58
1746560970, 0, 542, 676, 658, 10, 7.24%, 0, 0, 4, 60.12
1746560980, 0, 542, 677, 659, 10, 7.24%, 0, 0, 4, 58.29
1746560985, 0, 542, 678, 660, 10, 7.24%, 0, 0, 4, 57.73
1746560990, 0, 542, 679, 661, 10, 7.24%, 0, 0, 4, 58.40
1746560995, 0, 542, 681, 663, 10, 7.24%, 0, 0, 4, 59.04
1746561005, 0, 542, 682, 664, 10, 7.24%, 0, 0, 4, 61.50
1746561010, 0, 542, 683, 665, 10, 7.24%, 0, 0, 4, 58.76
1746561016, 0, 542, 684, 666, 10, 7.24%, 0, 0, 4, 57.67
1746561021, 0, 542, 686, 668, 10, 7.24%, 0, 0, 4, 56.26
1746561103, 0, 542, 687, 669, 10, 7.24%, 0, 0, 4, 57.58
1746561113, 0, 542, 688, 670, 10, 7.26%, 0, 0, 4, 57.59
1746561123, 0, 583, 688, 669, 11, 7.26%, 0, 0, 4, 52.60
1746561128, 0, 583, 689, 670, 11, 7.26%, 0, 0, 4, 47.76
1746561154, 0, 583, 690, 671, 11, 7.26%, 0, 0, 4, 42.52
1746561159, 0, 583, 692, 673, 11, 7.26%, 0, 0, 4, 44.29
1746561184, 0, 583, 693, 674, 11, 7.26%, 0, 0, 4, 46.05
1746561225, 0, 583, 694, 675, 11, 7.26%, 0, 0, 4, 58.48
1746561230, 0, 583, 695, 676, 11, 7.26%, 0, 0, 4, 58.58
1746561245, 0, 583, 696, 677, 11, 7.26%, 0, 0, 4, 58.56
1746561271, 0, 583, 697, 678, 11, 7.26%, 0, 0, 4, 58.46
1746561337, 0, 583, 698, 679, 11, 7.26%, 0, 0, 4, 60.27
1746561358, 0, 583, 699, 680, 11, 7.26%, 0, 0, 4, 58.20
1746561363, 0, 583, 700, 681, 11, 7.26%, 0, 0, 4, 56.52
1746561368, 0, 583, 701, 682, 11, 7.26%, 0, 0, 4, 57.10
1746561384, 0, 583, 702, 683, 11, 7.26%, 0, 0, 4, 59.39
1746561394, 0, 583, 703, 684, 11, 7.26%, 0, 0, 4, 57.88
1746561409, 0, 583, 704, 685, 11, 7.26%, 0, 0, 4, 60.66
1746561414, 0, 583, 705, 686, 11, 7.26%, 0, 0, 4, 58.03
1746561434, 0, 583, 706, 687, 11, 7.32%, 0, 0, 4, 60.11
1746561439, 0, 583, 707, 688, 11, 7.32%, 0, 0, 4, 59.78
1746561480, 0, 583, 708, 689, 11, 7.32%, 0, 0, 4, 57.53
1746561485, 0, 583, 709, 690, 11, 7.32%, 0, 0, 4, 58.48
1746561496, 0, 587, 711, 691, 9, 7.32%, 0, 0, 4, 47.69
1746561608, 0, 618, 711, 690, 9, 7.32%, 0, 0, 4, 52.16
1746561613, 0, 618, 712, 691, 9, 7.32%, 0, 0, 4, 47.19
1746561664, 0, 624, 712, 690, 10, 7.32%, 0, 0, 4, 56.04
1746561694, 0, 627, 715, 692, 9, 7.32%, 0, 0, 5, 45.25
1746561699, 0, 627, 721, 698, 9, 7.32%, 0, 0, 5, 38.85
1746561710, 0, 627, 722, 699, 9, 7.32%, 0, 0, 5, 41.41
1746561715, 0, 627, 724, 701, 9, 7.33%, 0, 0, 5, 34.74
1746561720, 0, 627, 732, 709, 9, 7.33%, 0, 0, 5, 43.69
1746561735, 0, 627, 734, 711, 9, 7.33%, 0, 0, 5, 48.56
1746561755, 0, 645, 734, 710, 10, 7.33%, 0, 0, 5, 51.43
1746561781, 0, 645, 735, 711, 10, 7.33%, 0, 0, 5, 38.68
1746561821, 0, 654, 738, 713, 9, 7.33%, 0, 0, 5, 43.56
1746561826, 0, 654, 739, 714, 9, 7.33%, 0, 0, 5, 40.11
1746561831, 0, 654, 741, 716, 9, 7.33%, 0, 0, 5, 48.37
1746561842, 0, 654, 743, 718, 9, 7.43%, 0, 0, 5, 40.72
1746561847, 0, 654, 745, 720, 9, 7.43%, 0, 0, 5, 33.94
1746561852, 0, 654, 750, 725, 9, 7.43%, 0, 0, 5, 35.08
1746561878, 0, 654, 751, 726, 9, 7.43%, 0, 0, 5, 40.07
1746561888, 0, 654, 752, 727, 9, 7.43%, 0, 0, 5, 46.40
1746561898, 0, 654, 754, 729, 9, 7.43%, 0, 0, 5, 39.83
1746561913, 0, 656, 754, 728, 9, 7.43%, 0, 0, 5, 55.88
1746561923, 0, 656, 755, 729, 9, 7.43%, 0, 0, 5, 39.47
1746561928, 0, 656, 756, 730, 9, 7.43%, 0, 0, 5, 45.54
1746562005, 0, 674, 757, 730, 9, 7.43%, 0, 0, 5, 50.96
1746562010, 0, 674, 761, 734, 9, 7.43%, 0, 0, 5, 37.68
1746562015, 0, 674, 768, 741, 9, 7.44%, 0, 0, 5, 28.23
1746562020, 0, 674, 776, 749, 9, 7.44%, 0, 0, 5, 25.31
1746562025, 0, 674, 781, 754, 9, 7.44%, 0, 0, 5, 28.27
1746562030, 0, 674, 783, 756, 9, 7.44%, 0, 0, 5, 32.30
1746562036, 0, 674, 789, 762, 9, 7.44%, 0, 0, 5, 26.05
1746562041, 0, 674, 794, 767, 9, 7.44%, 0, 0, 5, 28.17
1746562046, 0, 674, 795, 768, 9, 7.44%, 0, 0, 5, 33.53
1746562051, 0, 674, 800, 773, 9, 7.44%, 0, 0, 5, 24.96
1746562056, 0, 674, 802, 775, 9, 7.44%, 0, 0, 5, 29.35
1746562061, 0, 674, 804, 777, 9, 7.44%, 0, 0, 5, 34.78
1746562087, 0, 674, 805, 778, 9, 7.44%, 0, 0, 5, 34.50
1746562092, 0, 674, 809, 782, 9, 7.87%, 0, 0, 5, 30.24
1746562097, 0, 674, 810, 783, 9, 7.87%, 0, 0, 5, 30.23
1746562107, 0, 674, 812, 785, 9, 7.87%, 0, 0, 5, 25.21
1746562118, 0, 674, 813, 786, 9, 7.87%, 0, 0, 5, 24.66
1746562123, 0, 674, 814, 787, 9, 7.87%, 0, 0, 5, 23.44
1746562138, 0, 674, 815, 788, 9, 7.87%, 0, 0, 5, 23.01
1746562204, 0, 674, 816, 789, 9, 7.87%, 0, 0, 5, 29.81
1746562209, 0, 674, 818, 791, 9, 7.87%, 0, 0, 5, 34.52
1746562219, 0, 674, 819, 792, 9, 7.87%, 0, 0, 5, 39.05
1746562230, 0, 674, 821, 794, 9, 7.87%, 0, 0, 5, 28.12
1746562240, 0, 674, 824, 797, 9, 7.87%, 0, 0, 5, 23.16
1746562245, 0, 674, 825, 798, 9, 7.87%, 0, 0, 5, 22.86
1746562290, 0, 674, 826, 799, 9, 7.87%, 0, 0, 5, 24.31
1746562306, 0, 674, 827, 800, 9, 7.87%, 0, 0, 5, 47.47
1746562321, 0, 674, 828, 801, 9, 7.87%, 0, 0, 5, 52.26
1746562336, 0, 674, 830, 803, 9, 7.89%, 0, 0, 5, 48.54
1746562356, 0, 674, 831, 804, 9, 7.89%, 0, 0, 5, 52.65
1746562372, 0, 674, 832, 805, 9, 7.90%, 0, 0, 5, 50.33
1746562377, 0, 674, 833, 806, 9, 7.90%, 0, 0, 5, 51.22
1746562387, 0, 674, 834, 807, 9, 7.90%, 0, 0, 5, 52.32
1746562392, 0, 674, 835, 808, 9, 7.90%, 0, 0, 5, 51.24
1746562397, 0, 674, 836, 809, 9, 7.90%, 0, 0, 5, 51.14
1746562428, 0, 674, 837, 810, 9, 7.90%, 0, 0, 5, 51.02
1746562433, 0, 674, 838, 811, 9, 7.90%, 0, 0, 5, 52.48
1746562468, 0, 674, 839, 812, 9, 7.90%, 0, 0, 5, 51.25
1746562479, 0, 674, 840, 813, 9, 7.90%, 0, 0, 5, 52.37
1746562484, 0, 674, 842, 815, 9, 7.90%, 0, 0, 5, 49.95
1746562499, 0, 674, 843, 816, 9, 7.90%, 0, 0, 5, 51.10
1746562539, 0, 678, 843, 815, 11, 7.90%, 0, 0, 5, 48.68
1746562595, 0, 678, 845, 817, 11, 7.90%, 0, 0, 5, 48.68
1746562626, 0, 678, 846, 818, 11, 7.90%, 0, 0, 5, 43.00
1746562666, 0, 678, 847, 819, 11, 7.90%, 0, 0, 5, 45.79
1746562686, 0, 687, 848, 819, 11, 7.90%, 0, 0, 5, 43.05
1746562697, 0, 687, 850, 821, 11, 7.90%, 0, 0, 5, 35.63
1746562737, 0, 687, 851, 822, 11, 7.90%, 0, 0, 5, 37.76
1746562773, 0, 687, 852, 823, 11, 7.90%, 0, 0, 5, 26.61
1746562901, 0, 687, 853, 824, 11, 7.90%, 0, 0, 5, 29.55
1746562916, 0, 721, 853, 823, 10, 7.90%, 0, 0, 5, 54.82
1746562983, 0, 738, 853, 822, 9, 7.90%, 0, 0, 5, 49.04
1746562988, 0, 738, 854, 823, 9, 7.90%, 0, 0, 6, 40.02
1746563013, 0, 738, 855, 824, 9, 7.90%, 0, 0, 6, 32.78
1746563059, 0, 738, 856, 825, 9, 7.90%, 0, 0, 6, 43.80
1746563085, 0, 738, 857, 826, 9, 7.90%, 0, 0, 6, 58.11
1746563095, 0, 738, 858, 827, 9, 7.90%, 0, 0, 6, 56.71
1746563141, 0, 738, 859, 828, 9, 7.90%, 0, 0, 6, 55.62
1746563252, 0, 738, 860, 829, 9, 7.90%, 0, 0, 6, 57.65
1746563273, 0, 741, 860, 828, 8, 7.90%, 0, 0, 6, 55.08
1746563283, 0, 741, 863, 831, 8, 7.90%, 0, 0, 6, 41.47
1746563288, 0, 741, 864, 832, 8, 7.90%, 0, 0, 6, 48.48
1746563303, 0, 741, 869, 837, 8, 7.90%, 0, 0, 6, 37.59
1746563339, 0, 741, 870, 838, 8, 7.90%, 0, 0, 6, 48.23
1746563349, 0, 741, 872, 840, 8, 7.90%, 0, 0, 6, 42.58
1746563370, 0, 741, 873, 841, 8, 7.90%, 0, 0, 6, 57.01
1746563385, 0, 782, 873, 840, 10, 7.90%, 0, 0, 6, 55.75
1746563482, 0, 782, 874, 841, 10, 7.90%, 0, 0, 6, 26.68
1746563575, 0, 782, 876, 843, 10, 7.90%, 0, 0, 6, 32.08
1746563651, 0, 782, 877, 844, 10, 7.90%, 0, 0, 6, 47.56
1746563676, 0, 789, 879, 845, 9, 7.90%, 0, 0, 6, 38.69
1746563681, 0, 789, 880, 846, 9, 7.90%, 0, 0, 6, 29.99
1746563697, 0, 789, 881, 847, 9, 7.90%, 0, 0, 6, 25.87
1746563712, 0, 789, 882, 848, 9, 7.90%, 0, 0, 6, 29.48
1746563717, 0, 789, 883, 849, 9, 7.90%, 0, 0, 6, 33.55
1746563743, 0, 789, 888, 854, 9, 7.90%, 0, 0, 6, 29.09
1746563758, 0, 789, 889, 855, 9, 7.90%, 0, 0, 6, 29.13
1746563794, 0, 789, 890, 856, 9, 7.90%, 0, 0, 6, 20.48
1746563881, 0, 789, 892, 858, 9, 7.90%, 0, 0, 6, 29.70
1746563952, 0, 789, 893, 859, 9, 7.90%, 0, 0, 6, 24.83
1746563968, 0, 807, 893, 858, 8, 7.90%, 0, 0, 6, 41.92
1746563978, 0, 807, 901, 866, 8, 7.90%, 0, 0, 6, 23.74
1746563983, 0, 807, 903, 868, 8, 7.91%, 0, 0, 6, 33.21
1746563993, 0, 807, 907, 872, 8, 7.91%, 0, 0, 6, 26.47
1746564003, 0, 807, 908, 873, 8, 7.91%, 0, 0, 6, 25.03
1746564008, 0, 807, 909, 874, 8, 7.91%, 0, 0, 6, 32.64
1746564065, 0, 807, 910, 875, 8, 7.91%, 0, 0, 6, 23.60
1746564070, 0, 807, 911, 876, 8, 7.91%, 0, 0, 6, 22.31
1746564075, 0, 807, 914, 879, 8, 7.91%, 0, 0, 6, 21.88
1746564085, 0, 807, 916, 881, 8, 7.91%, 0, 0, 6, 22.32
1746564151, 0, 807, 917, 882, 8, 7.91%, 0, 0, 6, 32.85
1746564187, 0, 807, 919, 884, 8, 7.91%, 0, 0, 6, 22.43
1746564238, 0, 807, 922, 887, 8, 7.91%, 0, 0, 6, 23.12
1746564243, 0, 807, 924, 889, 8, 7.91%, 0, 0, 6, 26.94
1746564264, 0, 829, 924, 888, 10, 7.91%, 0, 0, 6, 40.25
1746564269, 0, 829, 926, 890, 10, 7.95%, 0, 0, 6, 28.10
1746564274, 0, 829, 928, 892, 10, 7.95%, 0, 0, 6, 22.24
1746564279, 0, 829, 929, 893, 10, 7.96%, 0, 0, 6, 24.06
1746564295, 0, 829, 931, 895, 10, 7.96%, 0, 0, 6, 21.07
1746564300, 0, 829, 932, 896, 10, 7.98%, 0, 0, 6, 33.34
1746564310, 0, 829, 933, 897, 10, 7.98%, 0, 0, 6, 22.64
1746564325, 0, 829, 934, 898, 10, 7.98%, 0, 0, 6, 45.08
1746564351, 0, 829, 936, 900, 10, 7.98%, 0, 0, 6, 29.01
1746564381, 0, 829, 938, 902, 10, 7.99%, 0, 0, 6, 21.79
1746564397, 0, 829, 940, 904, 10, 7.99%, 0, 0, 6, 20.34
1746564407, 0, 829, 941, 905, 10, 7.99%, 0, 0, 6, 20.25
1746564509, 0, 829, 942, 906, 10, 7.99%, 0, 0, 6, 29.73
1746564556, 0, 829, 944, 908, 10, 7.99%, 0, 0, 6, 20.80
1746564606, 0, 829, 945, 909, 10, 7.99%, 0, 0, 6, 22.30
1746564617, 0, 829, 946, 910, 10, 7.99%, 0, 0, 6, 21.59
1746564632, 0, 829, 947, 911, 10, 7.99%, 0, 0, 6, 24.89
1746564642, 0, 829, 949, 913, 10, 8.00%, 0, 0, 6, 35.38
1746564662, 0, 831, 949, 912, 15, 8.00%, 0, 0, 6, 42.01
1746564683, 0, 831, 950, 913, 15, 8.00%, 0, 0, 6, 27.94
1746564719, 0, 831, 951, 914, 15, 8.00%, 0, 0, 6, 43.83
1746564990, 0, 831, 952, 915, 15, 8.00%, 0, 0, 6, 46.38
1746565016, 0, 852, 952, 914, 13, 8.00%, 0, 0, 6, 45.25
1746565036, 0, 852, 953, 915, 13, 8.00%, 0, 0, 6, 38.98
1746565082, 0, 852, 954, 916, 13, 8.00%, 0, 0, 6, 31.56
1746565189, 0, 852, 955, 917, 13, 8.00%, 0, 0, 6, 31.17
1746565250, 0, 862, 955, 916, 13, 8.00%, 0, 0, 6, 53.88
1746565256, 0, 862, 956, 917, 13, 8.00%, 0, 0, 7, 44.75
1746565261, 0, 862, 957, 918, 13, 8.00%, 0, 0, 7, 46.66
1746565276, 0, 862, 958, 919, 13, 8.00%, 0, 0, 7, 42.09
1746565281, 0, 862, 960, 921, 13, 8.00%, 0, 0, 7, 41.54
1746565337, 0, 862, 961, 922, 13, 8.00%, 0, 0, 7, 58.15
1746565363, 0, 865, 961, 921, 12, 8.00%, 0, 0, 7, 48.95
1746565434, 0, 865, 962, 922, 12, 8.00%, 0, 0, 7, 52.98
1746565470, 0, 905, 962, 921, 11, 8.00%, 0, 0, 7, 42.86
1746565490, 0, 905, 963, 922, 11, 8.00%, 0, 0, 7, 28.18
1746565679, 0, 905, 964, 923, 11, 8.00%, 0, 0, 7, 22.38
1746565730, 0, 905, 966, 925, 11, 8.00%, 0, 0, 7, 23.01
1746565735, 0, 905, 967, 926, 11, 8.00%, 0, 0, 7, 27.05
1746565751, 0, 905, 968, 927, 11, 8.00%, 0, 0, 7, 49.01
1746565771, 0, 907, 968, 926, 10, 8.00%, 0, 0, 7, 47.87
1746565781, 0, 907, 969, 927, 10, 8.00%, 0, 0, 7, 25.28
1746565797, 0, 907, 970, 928, 10, 8.00%, 0, 0, 7, 35.66
1746565863, 0, 907, 971, 929, 10, 8.00%, 0, 0, 7, 25.48
1746565986, 0, 907, 972, 930, 10, 8.00%, 0, 0, 7, 21.03
1746566067, 0, 908, 972, 929, 9, 8.00%, 0, 0, 7, 39.43
1746566353, 0, 919, 972, 928, 8, 8.00%, 0, 0, 7, 39.53
1746566450, 0, 919, 973, 929, 8, 8.00%, 0, 0, 7, 22.98
1746566568, 0, 919, 974, 930, 8, 8.00%, 0, 0, 7, 24.32
1746566614, 0, 919, 975, 931, 8, 8.00%, 0, 0, 7, 24.16
1746566639, 0, 919, 977, 933, 8, 8.00%, 0, 0, 7, 49.13
1746566685, 0, 937, 978, 933, 7, 8.00%, 0, 0, 7, 43.19
1746566700, 0, 937, 982, 937, 7, 8.00%, 0, 0, 7, 19.86
1746566705, 0, 937, 986, 941, 7, 8.00%, 0, 0, 7, 25.94
1746566720, 0, 937, 990, 945, 7, 8.00%, 0, 0, 7, 19.49
1746566736, 0, 937, 993, 948, 7, 8.00%, 0, 0, 7, 20.51
1746566833, 0, 937, 996, 951, 7, 8.00%, 0, 0, 7, 18.89
1746566935, 0, 937, 997, 952, 7, 8.00%, 0, 0, 7, 22.48
1746566981, 0, 937, 1000, 955, 7, 8.00%, 0, 0, 7, 19.53
1746567073, 0, 937, 1001, 956, 7, 8.00%, 0, 0, 7, 37.66
1746567093, 0, 946, 1003, 957, 6, 8.01%, 0, 0, 7, 37.16
1746567098, 0, 946, 1004, 958, 6, 8.01%, 0, 0, 7, 30.24
1746567124, 0, 946, 1005, 959, 6, 8.01%, 0, 0, 7, 20.75
1746567149, 0, 946, 1006, 960, 6, 8.01%, 0, 0, 7, 35.46
1746567190, 0, 946, 1007, 961, 6, 8.01%, 0, 0, 7, 25.22
1746567328, 0, 946, 1011, 965, 6, 8.01%, 0, 0, 7, 20.07
1746567333, 0, 946, 1012, 966, 6, 8.01%, 0, 0, 7, 19.14
1746567486, 0, 951, 1012, 965, 6, 8.01%, 0, 0, 7, 40.52
1746567502, 0, 951, 1013, 966, 6, 8.01%, 0, 0, 7, 30.11
1746567527, 0, 951, 1014, 967, 6, 8.01%, 0, 0, 7, 25.60
1746567620, 0, 951, 1016, 969, 6, 8.01%, 0, 0, 7, 19.09
1746567834, 0, 956, 1016, 968, 5, 8.01%, 0, 0, 7, 46.43
1746567921, 0, 970, 1016, 967, 4, 8.01%, 0, 0, 7, 54.84
1746568212, 0, 971, 1016, 966, 3, 8.01%, 0, 0, 7, 42.13
1746568314, 0, 971, 1017, 967, 3, 8.01%, 0, 0, 8, 20.60
1746568320, 0, 971, 1018, 968, 3, 8.01%, 0, 0, 8, 19.92
1746568498, 0, 991, 1018, 967, 2, 8.01%, 0, 0, 8, 52.51
1746568897, 0, 1002, 1018, 966, 2, 8.01%, 0, 0, 8, 37.77
1746568918, 0, 1002, 1019, 967, 2, 8.01%, 0, 0, 8, 27.32
1746569291, 0, 1013, 1019, 966, 1, 8.01%, 0, 0, 8, 36.92
1746569342, 0, 1013, 1020, 967, 1, 8.01%, 0, 0, 8, 40.12
1746569383, 0, 1013, 1021, 968, 1, 8.01%, 0, 0, 8, 24.64
1746569429, 0, 1013, 1023, 970, 1, 8.01%, 0, 0, 8, 17.20
1746569434, 0, 1013, 1024, 971, 1, 8.01%, 0, 0, 8, 45.99
1746569521, 0, 1013, 1025, 972, 1, 8.01%, 0, 0, 8, 30.54
1746569634, 0, 1022, 1025, 971, 1, 8.01%, 0, 0, 8, 40.46
1746569977, 1, 3, 1025, 970, 0, 8.01%, 0, 0, 8, 51.50
1746569992, 1, 7, 1025, 969, 0, 8.01%, 0, 0, 8, 71.01
1746570002, 1, 12, 1025, 968, 0, 8.01%, 0, 0, 8, 70.15
1746570018, 1, 13, 1026, 968, 0, 8.01%, 0, 0, 8, 68.13
1746570038, 1, 18, 1026, 967, 0, 8.01%, 0, 0, 8, 71.32
1746570053, 1, 24, 1026, 966, 0, 8.01%, 0, 0, 8, 71.30
1746570064, 1, 27, 1027, 966, 0, 8.01%, 0, 0, 8, 70.90
1746570089, 1, 30, 1028, 966, 0, 8.01%, 0, 0, 8, 70.23
1746570110, 1, 35, 1028, 965, 0, 8.01%, 0, 0, 8, 71.62
1746570120, 1, 44, 1028, 964, 0, 8.01%, 0, 0, 8, 72.24
1746570136, 1, 52, 1028, 963, 0, 8.01%, 0, 0, 8, 71.80
1746570146, 1, 56, 1028, 962, 0, 8.01%, 0, 0, 8, 71.88
1746570156, 1, 57, 1028, 961, 0, 8.01%, 0, 0, 8, 73.88
1746570172, 1, 59, 1028, 960, 0, 8.01%, 0, 0, 8, 71.10
1746570182, 1, 61, 1028, 959, 0, 8.01%, 0, 0, 8, 74.95
1746570192, 1, 67, 1028, 958, 0, 8.01%, 0, 0, 8, 74.44
1746570208, 1, 68, 1028, 957, 0, 8.01%, 0, 0, 8, 71.93
1746570218, 1, 70, 1028, 956, 0, 8.01%, 0, 0, 8, 72.07
1746570229, 1, 72, 1028, 955, 0, 8.01%, 0, 0, 8, 69.60
1746570239, 1, 73, 1028, 954, 0, 8.01%, 0, 0, 8, 71.47
1746570249, 1, 75, 1028, 953, 0, 8.01%, 0, 0, 8, 75.12
1746570259, 1, 78, 1028, 952, 0, 8.01%, 0, 0, 8, 70.58
1746570265, 1, 79, 1028, 952, 0, 8.01%, 0, 0, 8, 75.35
1746570270, 1, 79, 1029, 953, 0, 8.01%, 0, 0, 8, 72.69
1746570290, 1, 82, 1029, 952, 0, 8.01%, 0, 0, 8, 74.78
1746570301, 1, 87, 1029, 951, 0, 8.01%, 0, 0, 8, 70.57
1746570347, 1, 88, 1029, 950, 0, 8.01%, 0, 0, 8, 62.18
1746570357, 1, 89, 1029, 949, 0, 8.01%, 0, 0, 8, 68.00
1746570367, 1, 102, 1029, 948, 0, 8.01%, 0, 0, 8, 72.02
1746570377, 1, 104, 1029, 947, 0, 8.01%, 0, 0, 8, 68.18
1746570393, 1, 106, 1029, 946, 0, 8.01%, 0, 0, 8, 63.76
1746570408, 1, 107, 1029, 945, 0, 8.01%, 0, 0, 8, 70.72
1746570419, 1, 116, 1029, 944, 0, 8.01%, 0, 0, 8, 73.90
1746570434, 1, 129, 1029, 943, 0, 8.01%, 0, 0, 8, 74.14
1746570449, 1, 131, 1029, 942, 0, 8.01%, 0, 0, 8, 64.46
1746570465, 1, 134, 1029, 941, 0, 8.01%, 0, 0, 8, 75.12
1746570480, 1, 137, 1029, 940, 0, 8.01%, 0, 0, 8, 72.82
1746570490, 1, 138, 1029, 939, 0, 8.01%, 0, 0, 8, 62.80
1746570506, 1, 145, 1029, 938, 0, 8.01%, 0, 0, 8, 64.24
1746570541, 1, 147, 1029, 937, 0, 8.01%, 0, 0, 8, 72.52
1746570552, 1, 148, 1029, 936, 0, 8.01%, 0, 0, 8, 65.86
1746570567, 1, 157, 1029, 935, 0, 8.01%, 0, 0, 8, 74.85
1746570578, 1, 160, 1029, 934, 0, 8.01%, 0, 0, 8, 74.45
1746570603, 1, 167, 1029, 933, 0, 8.01%, 0, 0, 8, 60.62
1746570654, 1, 169, 1029, 932, 0, 8.01%, 0, 0, 8, 64.89
1746570664, 1, 174, 1029, 931, 0, 8.01%, 0, 0, 8, 66.53
1746570675, 1, 176, 1029, 930, 0, 8.01%, 0, 0, 8, 68.19
1746570685, 1, 180, 1029, 929, 0, 8.01%, 0, 0, 8, 57.93
1746570710, 1, 183, 1029, 928, 0, 8.01%, 0, 0, 8, 62.87
1746570726, 1, 185, 1029, 927, 0, 8.01%, 0, 0, 8, 67.87
1746570731, 1, 186, 1029, 926, 0, 8.01%, 0, 0, 8, 66.41
1746570752, 1, 191, 1029, 925, 0, 8.01%, 0, 0, 8, 58.06
1746570782, 1, 194, 1029, 924, 0, 8.01%, 0, 0, 8, 69.70
1746570798, 1, 196, 1029, 923, 0, 8.01%, 0, 0, 8, 56.99
1746570813, 1, 198, 1029, 922, 0, 8.01%, 0, 0, 8, 49.53
1746570849, 1, 201, 1029, 921, 0, 8.01%, 0, 0, 8, 69.84
1746570859, 1, 207, 1029, 920, 0, 8.01%, 0, 0, 8, 63.60
1746570874, 1, 208, 1029, 919, 0, 8.01%, 0, 0, 8, 72.69
1746570885, 1, 211, 1029, 918, 0, 8.01%, 0, 0, 8, 71.13
1746570895, 1, 220, 1029, 917, 0, 8.01%, 0, 0, 8, 56.94
1746570910, 1, 221, 1029, 916, 0, 8.01%, 0, 0, 8, 64.89
1746570921, 1, 225, 1029, 915, 0, 8.01%, 0, 0, 8, 74.53
1746570936, 1, 233, 1029, 914, 0, 8.01%, 0, 0, 8, 64.33
1746570967, 1, 235, 1029, 913, 0, 8.01%, 0, 0, 8, 67.43
1746570977, 1, 243, 1029, 912, 0, 8.01%, 0, 0, 8, 72.24
1746570987, 1, 243, 1030, 913, 0, 8.01%, 0, 0, 8, 73.58
1746570998, 1, 245, 1030, 912, 0, 8.01%, 0, 0, 8, 70.70
1746571008, 1, 256, 1030, 911, 0, 8.01%, 0, 0, 8, 57.39
1746571049, 1, 257, 1030, 910, 0, 8.01%, 0, 0, 8, 71.32
1746571064, 1, 258, 1030, 909, 0, 8.01%, 0, 0, 8, 61.06
1746571080, 1, 270, 1030, 908, 0, 8.01%, 0, 0, 8, 56.00
1746571095, 1, 282, 1030, 907, 0, 8.01%, 0, 0, 8, 72.25
1746571121, 1, 284, 1030, 906, 0, 8.01%, 0, 0, 8, 66.22
1746571142, 1, 290, 1030, 905, 0, 8.01%, 0, 0, 8, 60.37
1746571168, 1, 297, 1030, 904, 0, 8.01%, 0, 0, 8, 57.79
1746571183, 1, 297, 1031, 905, 0, 8.01%, 0, 0, 8, 64.55
1746571193, 1, 298, 1031, 904, 0, 8.01%, 0, 0, 8, 62.58
1746571209, 1, 303, 1031, 903, 0, 8.01%, 0, 0, 8, 60.81
1746571224, 1, 304, 1031, 902, 0, 8.01%, 0, 0, 8, 64.31
1746571240, 1, 308, 1031, 901, 0, 8.01%, 0, 0, 8, 68.83
1746571255, 1, 309, 1031, 900, 0, 8.01%, 0, 0, 8, 58.65
1746571286, 1, 310, 1031, 899, 0, 8.01%, 0, 0, 8, 72.61
1746571301, 1, 313, 1031, 898, 0, 8.01%, 0, 0, 8, 54.94
1746571337, 1, 322, 1031, 897, 0, 8.01%, 0, 0, 8, 61.98
1746571347, 1, 325, 1031, 896, 0, 8.01%, 0, 0, 8, 61.31
1746571388, 1, 327, 1031, 895, 0, 8.01%, 0, 0, 8, 58.90
1746571470, 1, 328, 1031, 894, 0, 8.01%, 0, 0, 8, 62.32
1746571480, 1, 333, 1031, 893, 0, 8.01%, 0, 0, 8, 63.74
1746571496, 1, 336, 1031, 892, 0, 8.01%, 0, 0, 8, 65.97
1746571501, 1, 337, 1031, 892, 0, 8.01%, 0, 0, 8, 54.42
1746571556, 1, 339, 1031, 891, 0, 8.01%, 0, 0, 8, 68.57
1746571572, 1, 341, 1031, 890, 0, 8.01%, 0, 0, 8, 63.89
1746571582, 1, 342, 1031, 889, 0, 8.01%, 0, 0, 8, 64.53
1746571603, 1, 350, 1031, 888, 0, 8.01%, 0, 0, 8, 71.59
1746571613, 1, 354, 1031, 887, 0, 8.01%, 0, 0, 8, 64.58
1746571628, 1, 360, 1031, 886, 0, 8.01%, 0, 0, 8, 60.74
1746571659, 1, 366, 1031, 885, 0, 8.01%, 0, 0, 8, 59.24
1746571669, 1, 366, 1032, 886, 0, 8.01%, 0, 0, 8, 65.65
1746571679, 1, 371, 1032, 885, 0, 8.01%, 0, 0, 8, 51.20
1746571730, 1, 374, 1032, 884, 0, 8.01%, 0, 0, 8, 66.95
1746571741, 1, 381, 1032, 883, 0, 8.01%, 0, 0, 8, 58.72
1746571771, 1, 385, 1032, 882, 0, 8.01%, 0, 0, 8, 58.73
1746571787, 1, 388, 1032, 881, 0, 8.01%, 0, 0, 8, 62.02
1746571802, 1, 391, 1032, 880, 0, 8.01%, 0, 0, 8, 69.52
1746571812, 1, 397, 1032, 879, 0, 8.01%, 0, 0, 8, 68.69
1746571823, 1, 400, 1032, 878, 0, 8.01%, 0, 0, 8, 68.43
1746571833, 1, 403, 1032, 877, 0, 8.01%, 0, 0, 8, 59.98
1746571854, 1, 403, 1033, 878, 0, 8.01%, 0, 0, 8, 60.41
1746571869, 1, 408, 1033, 877, 0, 8.01%, 0, 0, 8, 63.07
1746571915, 1, 412, 1033, 876, 0, 8.01%, 0, 0, 8, 59.09
1746571951, 1, 413, 1033, 875, 0, 8.01%, 0, 0, 8, 57.22
1746571961, 1, 416, 1033, 874, 0, 8.01%, 0, 0, 8, 64.39
1746571976, 1, 416, 1034, 875, 0, 8.01%, 0, 0, 8, 65.76
1746571992, 1, 423, 1034, 874, 0, 8.01%, 0, 0, 8, 59.84
1746572012, 1, 427, 1034, 873, 0, 8.01%, 0, 0, 8, 58.40
1746572022, 1, 435, 1034, 872, 0, 8.01%, 0, 0, 8, 62.58
1746572038, 1, 438, 1034, 871, 0, 8.01%, 0, 0, 8, 61.07
1746572078, 1, 439, 1034, 870, 0, 8.01%, 0, 0, 8, 58.33
1746572094, 1, 440, 1034, 869, 0, 8.01%, 0, 0, 8, 67.51
1746572196, 1, 442, 1034, 868, 0, 8.01%, 0, 0, 8, 45.78
1746572247, 1, 444, 1034, 867, 0, 8.01%, 0, 0, 8, 57.76
1746572354, 1, 446, 1034, 866, 0, 8.01%, 0, 0, 8, 61.24
1746572369, 1, 447, 1034, 865, 0, 8.01%, 0, 0, 8, 63.94
1746572405, 1, 448, 1034, 864, 0, 8.01%, 0, 0, 8, 61.92
1746572415, 1, 455, 1034, 863, 0, 8.01%, 0, 0, 8, 63.47
1746572446, 1, 456, 1034, 862, 0, 8.01%, 0, 0, 8, 68.74
1746572461, 1, 461, 1034, 861, 0, 8.01%, 0, 0, 8, 66.70
1746572477, 1, 472, 1034, 860, 0, 8.01%, 0, 0, 8, 50.59
1746572513, 1, 473, 1034, 859, 0, 8.01%, 0, 0, 8, 47.41
1746572635, 1, 473, 1035, 860, 0, 8.01%, 0, 0, 8, 41.60
1746572681, 1, 479, 1035, 859, 0, 8.01%, 0, 0, 8, 55.07
1746572717, 1, 484, 1035, 858, 0, 8.01%, 0, 0, 8, 57.18
1746572732, 1, 493, 1035, 857, 0, 8.01%, 0, 0, 8, 52.21
1746572788, 1, 494, 1035, 856, 0, 8.01%, 0, 0, 8, 56.59
1746572819, 1, 501, 1035, 855, 0, 8.01%, 0, 0, 8, 65.14
1746572840, 1, 504, 1035, 854, 0, 8.01%, 0, 0, 8, 63.92
1746572994, 1, 504, 1036, 855, 0, 8.01%, 0, 0, 8, 62.58
1746572999, 1, 510, 1036, 854, 0, 8.01%, 0, 0, 8, 62.10
1746573035, 1, 512, 1036, 853, 0, 8.01%, 0, 0, 8, 60.18
1746573076, 1, 516, 1036, 852, 0, 8.01%, 0, 0, 8, 48.95
1746573107, 1, 525, 1036, 851, 0, 8.01%, 0, 0, 8, 50.60
1746573142, 1, 526, 1036, 850, 0, 8.01%, 0, 0, 8, 50.75
1746573326, 1, 528, 1036, 849, 0, 8.01%, 0, 0, 8, 55.51
1746573372, 1, 530, 1036, 848, 0, 8.01%, 0, 0, 8, 62.66
1746573484, 1, 534, 1036, 847, 0, 8.01%, 0, 0, 8, 45.67
1746573601, 1, 539, 1036, 846, 0, 8.01%, 0, 0, 8, 52.49
1746573718, 1, 543, 1036, 845, 0, 8.01%, 0, 0, 8, 46.23
1746573846, 1, 552, 1036, 844, 0, 8.01%, 0, 0, 8, 47.82
1746573963, 1, 554, 1036, 843, 0, 8.01%, 0, 0, 8, 49.42
1746574075, 1, 560, 1036, 842, 0, 8.01%, 0, 0, 8, 47.33
1746574228, 1, 564, 1036, 841, 0, 8.01%, 0, 0, 8, 48.63
1746574351, 1, 566, 1036, 840, 0, 8.01%, 0, 0, 8, 51.49
1746574493, 1, 572, 1036, 839, 0, 8.01%, 0, 0, 8, 48.99
1746574600, 1, 576, 1036, 838, 0, 8.01%, 0, 0, 8, 58.12
1746574707, 1, 577, 1036, 837, 0, 8.01%, 0, 0, 8, 56.53
1746574819, 1, 578, 1036, 836, 0, 8.01%, 0, 0, 8, 44.20
1746575002, 1, 579, 1036, 835, 0, 8.01%, 0, 0, 8, 52.50
1746575058, 1, 580, 1036, 834, 0, 8.01%, 0, 0, 8, 49.02
1746575129, 1, 580, 1037, 835, 0, 8.01%, 0, 0, 8, 31.04
1746575292, 1, 717, 1037, 834, 1, 8.01%, 0, 0, 8, 45.85
1746575358, 1, 725, 1037, 833, 1, 8.01%, 0, 0, 8, 48.13
1746575425, 1, 800, 1037, 832, 1, 8.01%, 0, 0, 8, 43.58
1746575732, 1, 893, 1037, 831, 1, 8.01%, 0, 0, 8, 39.57
1746576028, 1, 893, 1038, 832, 1, 8.01%, 0, 0, 8, 56.58
1746576044, 1, 1010, 1038, 831, 1, 8.01%, 0, 0, 8, 41.30
1746576448, 1, 1036, 1038, 830, 1, 8.01%, 0, 0, 8, 42.41
1746576636, 1, 1036, 1039, 831, 1, 8.01%, 0, 0, 8, 56.72
1746576703, 2, 2, 1039, 830, 0, 8.01%, 0, 0, 8, 70.84
1746576708, 2, 2, 1040, 831, 0, 8.01%, 0, 0, 8, 70.16
1746576719, 2, 2, 1041, 832, 0, 8.01%, 0, 0, 8, 69.26
1746576734, 2, 2, 1043, 834, 0, 8.01%, 0, 0, 8, 59.61
1746576749, 2, 2, 1044, 835, 0, 8.01%, 0, 0, 8, 70.23
1746576754, 2, 2, 1045, 836, 0, 8.01%, 0, 0, 8, 68.51
1746576791, 2, 2, 1046, 837, 0, 8.01%, 0, 0, 8, 68.27
1746576852, 2, 2, 1047, 838, 0, 8.01%, 0, 0, 8, 71.11
1746576899, 2, 2, 1048, 839, 0, 8.01%, 0, 0, 8, 69.93
1746576914, 2, 2, 1049, 840, 0, 8.01%, 0, 0, 8, 70.38
1746576925, 2, 2, 1050, 841, 0, 8.01%, 0, 0, 8, 70.81
1746576935, 2, 16, 1050, 840, 0, 8.01%, 0, 0, 8, 69.60
1746576945, 2, 17, 1050, 839, 0, 8.01%, 0, 0, 8, 70.61
1746576960, 2, 19, 1050, 838, 0, 8.01%, 0, 0, 8, 68.45
1746576966, 2, 22, 1050, 837, 0, 8.01%, 0, 0, 8, 70.91
1746576981, 2, 28, 1051, 837, 0, 8.01%, 0, 0, 8, 66.89
1746577002, 2, 32, 1051, 836, 0, 8.01%, 0, 0, 8, 72.28
1746577017, 2, 42, 1051, 835, 0, 8.01%, 0, 0, 8, 69.93
1746577027, 2, 46, 1051, 834, 0, 8.01%, 0, 0, 8, 71.32
1746577033, 2, 46, 1052, 835, 0, 8.09%, 0, 0, 8, 5.49
1746577043, 2, 46, 1053, 836, 0, 8.09%, 0, 0, 8, 66.49
1746577053, 2, 46, 1054, 837, 0, 8.09%, 0, 0, 8, 70.22
1746577058, 2, 46, 1055, 838, 0, 8.09%, 0, 0, 8, 68.84
1746577079, 2, 46, 1056, 839, 0, 8.09%, 0, 0, 8, 67.20
1746577084, 2, 46, 1057, 840, 0, 8.09%, 0, 0, 8, 62.00
1746577140, 2, 46, 1058, 841, 0, 8.09%, 0, 0, 8, 67.04
1746577156, 2, 46, 1059, 842, 0, 8.09%, 0, 0, 8, 68.17
1746577182, 2, 46, 1060, 843, 0, 8.09%, 0, 0, 8, 68.01
1746577207, 2, 46, 1061, 844, 0, 8.09%, 0, 0, 8, 68.21
1746577212, 2, 85, 1061, 843, 1, 8.09%, 0, 0, 8, 66.93
1746577218, 2, 85, 1062, 844, 1, 8.09%, 0, 0, 8, 63.45
1746577233, 2, 94, 1062, 843, 1, 8.09%, 0, 0, 8, 66.14
1746577243, 2, 156, 1062, 842, 1, 8.09%, 0, 0, 8, 65.77
1746577253, 2, 475, 1062, 841, 1, 8.09%, 0, 0, 8, 60.25
1746577268, 2, 509, 1062, 840, 1, 8.09%, 0, 0, 8, 56.18
1746577349, 2, 614, 1062, 839, 1, 8.09%, 0, 0, 8, 58.58
1746577467, 2, 620, 1062, 838, 1, 8.09%, 0, 0, 8, 43.56
1746577696, 2, 679, 1062, 837, 1, 8.09%, 0, 0, 8, 50.73
1746577849, 2, 906, 1062, 836, 1, 8.09%, 0, 0, 8, 50.20
1746577952, 2, 906, 1063, 837, 1, 8.09%, 0, 0, 8, 21.15
1746578136, 2, 906, 1064, 838, 1, 8.09%, 0, 0, 8, 22.99
1746578151, 2, 940, 1064, 837, 3, 8.09%, 0, 0, 8, 50.43
1746578171, 2, 940, 1065, 838, 3, 8.09%, 0, 0, 8, 31.56
1746578299, 2, 940, 1066, 839, 3, 8.09%, 0, 0, 8, 18.90
1746578561, 2, 1009, 1066, 838, 3, 8.09%, 0, 0, 8, 43.53
1746578960, 2, 1009, 1067, 839, 3, 8.09%, 0, 0, 8, 4.15
1746578966, 2, 1009, 1068, 840, 3, 8.09%, 0, 0, 8, 48.01
1746578991, 2, 1009, 1069, 841, 3, 8.09%, 0, 0, 8, 49.06
1746579006, 2, 1009, 1070, 842, 3, 8.09%, 0, 0, 8, 52.04
1746579032, 2, 1009, 1071, 843, 3, 8.09%, 0, 0, 8, 50.26
1746579128, 2, 1009, 1072, 844, 3, 8.09%, 0, 0, 8, 51.18
1746579189, 2, 1009, 1073, 845, 3, 8.09%, 0, 0, 8, 50.40
1746579194, 2, 1027, 1073, 844, 3, 8.09%, 0, 0, 8, 50.29
1746579735, 2, 1027, 1074, 845, 3, 8.09%, 0, 0, 8, 50.01
1746579745, 2, 1027, 1075, 846, 3, 8.09%, 0, 0, 8, 58.45
1746579756, 2, 1027, 1076, 847, 3, 8.09%, 0, 0, 8, 63.66
1746579843, 2, 1027, 1077, 848, 3, 8.09%, 0, 0, 8, 55.23
1746579848, 2, 1027, 1078, 849, 3, 8.09%, 0, 0, 8, 54.57
1746579853, 2, 1027, 1079, 850, 3, 8.09%, 0, 0, 8, 54.89
1746579868, 2, 1027, 1080, 851, 3, 8.09%, 0, 0, 8, 43.12
1746579889, 2, 1027, 1081, 852, 3, 8.09%, 0, 0, 8, 55.97
1746579899, 2, 1027, 1084, 855, 3, 8.09%, 0, 0, 8, 57.41
1746579904, 2, 1027, 1085, 856, 3, 8.09%, 0, 0, 8, 58.62
1746579914, 2, 1027, 1086, 857, 3, 8.09%, 0, 0, 8, 63.59
1746579940, 2, 1027, 1087, 858, 3, 8.09%, 0, 0, 8, 59.63
1746579955, 2, 1027, 1088, 859, 3, 8.09%, 0, 0, 8, 59.76
1746580017, 2, 1051, 1088, 858, 3, 8.09%, 0, 0, 8, 4.26
1746580758, 2, 1051, 1089, 859, 3, 8.09%, 0, 0, 8, 2.94
1746580928, 2, 1051, 1090, 860, 3, 8.09%, 0, 0, 8, 2.97
1746580943, 2, 1051, 1091, 861, 3, 8.09%, 0, 0, 8, 6.42
1746581005, 2, 1051, 1093, 863, 3, 8.09%, 0, 0, 8, 37.56
1746581010, 2, 1051, 1094, 864, 3, 8.09%, 0, 0, 8, 6.47
1746581021, 2, 1051, 1095, 865, 3, 8.09%, 0, 0, 8, 2.86
1746581031, 2, 1051, 1098, 868, 3, 8.09%, 0, 0, 8, 2.49
1746581067, 2, 1051, 1099, 869, 3, 8.09%, 0, 0, 8, 2.94
1746581072, 2, 1051, 1102, 872, 3, 8.09%, 0, 0, 8, 5.42
1746581077, 2, 1051, 1105, 875, 3, 8.09%, 0, 0, 8, 4.52
1746581083, 2, 1051, 1106, 876, 3, 8.09%, 0, 0, 8, 2.94
1746581093, 2, 1051, 1107, 877, 3, 8.09%, 0, 0, 8, 4.50
1746581099, 2, 1051, 1109, 879, 3, 8.09%, 0, 0, 8, 28.57
1746581104, 2, 1051, 1111, 881, 3, 8.09%, 0, 0, 8, 2.51
1746581109, 2, 1051, 1112, 882, 3, 8.09%, 0, 0, 8, 3.27
1746581129, 2, 1051, 1114, 884, 3, 8.09%, 0, 0, 8, 36.70
1746581135, 2, 1051, 1116, 886, 3, 8.09%, 0, 0, 8, 2.50
1746581871, 2, 1051, 1117, 887, 3, 8.09%, 0, 0, 8, 18.43
1746582040, 2, 1051, 1118, 888, 3, 8.09%, 0, 0, 8, 2.54
1746582056, 2, 1051, 1119, 889, 3, 8.09%, 0, 0, 8, 2.50
1746582357, 2, 1051, 1120, 890, 3, 8.09%, 0, 0, 8, 2.51
1746582441, 2, 1051, 1121, 891, 3, 8.09%, 0, 0, 8, 2.54
1746582446, 2, 1051, 1122, 892, 3, 8.09%, 0, 0, 8, 2.53
1746582540, 2, 1051, 1123, 893, 3, 8.09%, 0, 0, 8, 14.02
1746582786, 2, 1051, 1124, 894, 3, 8.09%, 0, 0, 8, 5.53
1746582859, 2, 1051, 1125, 895, 3, 8.09%, 0, 0, 8, 5.83
1746583482, 2, 1051, 1126, 896, 3, 8.09%, 0, 0, 8, 5.24
1746583534, 2, 1051, 1127, 897, 3, 8.09%, 0, 0, 8, 5.11
1746583705, 2, 1051, 1128, 898, 3, 8.09%, 0, 0, 8, 5.67
1746583725, 2, 1051, 1129, 899, 3, 8.09%, 0, 0, 8, 5.20
1746583741, 2, 1051, 1130, 900, 3, 8.09%, 0, 0, 8, 5.37
1746583756, 2, 1051, 1131, 901, 3, 8.09%, 0, 0, 8, 5.85
1746584345, 2, 1051, 1132, 902, 3, 8.09%, 0, 0, 8, 5.07
1746584370, 2, 1051, 1133, 903, 3, 8.09%, 0, 0, 8, 4.46
1746584385, 2, 1051, 1134, 904, 3, 8.09%, 0, 0, 8, 4.76
1746584539, 2, 1051, 1135, 905, 3, 8.09%, 0, 0, 8, 4.55
1746584554, 2, 1051, 1136, 906, 3, 8.09%, 0, 0, 8, 4.92
1746584591, 2, 1051, 1137, 907, 3, 8.09%, 0, 0, 8, 4.57
1746584606, 2, 1051, 1138, 908, 3, 8.09%, 0, 0, 8, 4.88
1746584684, 2, 1051, 1139, 909, 3, 8.09%, 0, 0, 8, 4.35
1746584735, 2, 1051, 1140, 910, 3, 8.09%, 0, 0, 8, 4.50
1746584755, 2, 1051, 1141, 911, 3, 8.09%, 0, 0, 8, 4.56
1746584786, 2, 1051, 1142, 912, 3, 8.09%, 0, 0, 8, 4.49
1746584838, 2, 1051, 1143, 913, 3, 8.09%, 0, 0, 8, 4.83
1746585043, 2, 1051, 1144, 914, 3, 8.09%, 0, 0, 8, 4.42
1746585464, 2, 1051, 1145, 915, 3, 8.09%, 0, 0, 8, 4.29
1746585572, 2, 1051, 1146, 916, 3, 8.09%, 0, 0, 8, 4.19
1746585623, 2, 1051, 1147, 917, 3, 8.09%, 0, 0, 8, 4.15
1746585680, 2, 1051, 1148, 918, 3, 8.09%, 0, 0, 8, 4.13
1746585890, 2, 1051, 1149, 919, 3, 8.09%, 0, 0, 8, 3.99
1746586027, 2, 1051, 1150, 920, 3, 8.09%, 0, 0, 8, 3.83
1746586170, 2, 1051, 1151, 921, 3, 8.09%, 0, 0, 8, 3.80
1746588036, 2, 1051, 1152, 922, 3, 8.09%, 0, 0, 8, 3.94
1746589163, 2, 1051, 1153, 923, 3, 8.09%, 0, 0, 8, 3.65
1746589958, 2, 1051, 1154, 924, 3, 8.09%, 0, 0, 8, 3.38
1746590151, 2, 1051, 1155, 925, 3, 8.09%, 0, 0, 8, 3.33
1746590343, 2, 1051, 1156, 926, 3, 8.09%, 0, 0, 8, 3.42
1746590354, 2, 1051, 1157, 927, 3, 8.09%, 0, 0, 8, 3.39
1746590359, 2, 1051, 1158, 928, 3, 8.09%, 0, 0, 8, 3.55
1746590364, 2, 1051, 1159, 929, 3, 8.09%, 0, 0, 8, 3.40
1746590374, 2, 1051, 1160, 930, 3, 8.09%, 0, 0, 8, 3.42
1746590385, 2, 1051, 1161, 931, 3, 8.09%, 0, 0, 8, 3.38
1746590401, 2, 1051, 1162, 932, 3, 8.09%, 0, 0, 8, 3.22
1746590406, 2, 1051, 1163, 933, 3, 8.09%, 0, 0, 8, 3.41
1746590426, 2, 1051, 1164, 934, 3, 8.09%, 0, 0, 8, 3.29
1746590447, 2, 1051, 1165, 935, 3, 8.09%, 0, 0, 8, 3.44
1746590478, 2, 1051, 1166, 936, 3, 8.09%, 0, 0, 8, 3.39
1746590509, 2, 1051, 1167, 937, 3, 8.09%, 0, 0, 8, 3.44
1746590556, 2, 1051, 1168, 938, 3, 8.09%, 0, 0, 8, 3.26
1746590694, 2, 1051, 1169, 939, 3, 8.09%, 0, 0, 8, 3.30
1746590704, 2, 1051, 1170, 940, 3, 8.09%, 0, 0, 8, 3.26
1746590714, 2, 1051, 1171, 941, 3, 8.09%, 0, 0, 8, 3.33
1746590740, 2, 1051, 1172, 942, 3, 8.09%, 0, 0, 8, 3.19
1746590899, 2, 1051, 1173, 943, 3, 8.09%, 0, 0, 8, 3.33
1746591130, 2, 1051, 1174, 944, 3, 8.09%, 0, 0, 8, 3.32
1746591227, 2, 1051, 1175, 945, 3, 8.09%, 0, 0, 8, 3.32
1746591521, 2, 1051, 1176, 946, 3, 8.09%, 0, 0, 8, 3.21
1746591583, 2, 1051, 1177, 947, 3, 8.09%, 0, 0, 8, 3.09
1746591636, 2, 1051, 1178, 948, 3, 8.09%, 0, 0, 8, 3.15
1746592269, 2, 1051, 1179, 949, 3, 8.09%, 0, 0, 8, 3.01
1746592342, 2, 1051, 1180, 950, 3, 8.09%, 0, 0, 8, 2.99
1746593497, 2, 1051, 1181, 951, 3, 8.09%, 0, 0, 8, 2.86
1746593706, 2, 1051, 1182, 952, 3, 8.09%, 0, 0, 8, 2.86
1746593779, 2, 1051, 1183, 953, 3, 8.09%, 0, 0, 8, 2.91
1746593851, 2, 1051, 1184, 954, 3, 8.09%, 0, 0, 8, 2.82
1746593928, 2, 1051, 1185, 955, 3, 8.09%, 0, 0, 8, 2.81
1746594349, 2, 1051, 1186, 956, 3, 8.09%, 0, 0, 8, 2.78
1746598721, 2, 1051, 1187, 957, 3, 8.09%, 0, 0, 8, 2.50
1746599023, 2, 1051, 1188, 958, 3, 8.09%, 0, 0, 8, 3.86
1746599660, 2, 1051, 1189, 959, 3, 8.09%, 0, 0, 8, 18.05
