# unix_time, cycles_done, cur_path, paths_total, pending_total, pending_favs, map_size, unique_crashes, unique_hangs, max_depth, execs_per_sec
1746612043, 0, 0, 1, 1, 1, 3.78%, 0, 0, 1, 78.43
1746612048, 0, 0, 38, 38, 1, 4.93%, 0, 0, 2, 117.63
1746612053, 0, 0, 58, 58, 1, 5.09%, 0, 0, 2, 125.94
1746612058, 0, 0, 71, 71, 1, 5.09%, 0, 0, 2, 129.83
1746612063, 0, 0, 87, 87, 1, 5.11%, 0, 0, 2, 126.61
1746612069, 0, 0, 95, 95, 1, 5.11%, 0, 0, 2, 130.29
1746612074, 0, 0, 103, 103, 1, 5.11%, 0, 0, 2, 131.11
1746612079, 0, 0, 111, 111, 1, 5.11%, 0, 0, 2, 129.28
1746612084, 0, 0, 115, 115, 1, 5.12%, 0, 0, 2, 132.71
1746612089, 0, 0, 121, 121, 1, 5.12%, 0, 0, 2, 133.10
1746612094, 0, 0, 124, 124, 1, 5.12%, 0, 0, 2, 135.26
1746612100, 0, 0, 129, 129, 1, 5.13%, 0, 0, 2, 131.51
1746612105, 0, 0, 131, 131, 1, 5.13%, 0, 0, 2, 134.71
1746612110, 0, 0, 133, 133, 1, 5.13%, 0, 0, 2, 136.45
1746612120, 0, 0, 134, 134, 1, 5.13%, 0, 0, 2, 137.66
1746612125, 0, 0, 138, 138, 1, 5.13%, 0, 0, 2, 135.99
1746612130, 0, 0, 141, 141, 1, 5.13%, 0, 0, 2, 135.73
1746612136, 0, 0, 145, 145, 1, 5.19%, 0, 0, 2, 133.34
1746612141, 0, 0, 147, 147, 1, 5.19%, 0, 0, 2, 135.47
1746612146, 0, 0, 151, 151, 1, 5.19%, 0, 0, 2, 133.48
1746612151, 0, 0, 155, 155, 1, 5.19%, 0, 0, 2, 135.08
1746612156, 0, 0, 159, 159, 1, 5.19%, 0, 0, 2, 132.70
1746612161, 0, 0, 163, 163, 1, 5.19%, 0, 0, 2, 131.04
1746612166, 0, 0, 164, 164, 1, 5.19%, 0, 0, 2, 134.50
1746612171, 0, 0, 170, 170, 1, 5.71%, 0, 0, 2, 130.97
1746612177, 0, 0, 172, 172, 1, 5.71%, 0, 0, 2, 136.73
1746612182, 0, 2, 174, 173, 5, 5.71%, 0, 0, 3, 134.45
1746612187, 0, 2, 177, 176, 5, 5.71%, 0, 0, 3, 135.95
1746612192, 0, 2, 181, 180, 5, 5.71%, 0, 0, 3, 133.56
1746612197, 0, 2, 183, 182, 5, 5.71%, 0, 0, 3, 136.46
1746612202, 0, 2, 184, 183, 5, 5.71%, 0, 0, 3, 136.51
1746612208, 0, 2, 186, 185, 5, 5.71%, 0, 0, 3, 137.70
1746612213, 0, 2, 188, 187, 5, 5.71%, 0, 0, 3, 136.70
1746612218, 0, 2, 193, 192, 5, 5.71%, 0, 0, 3, 131.89
1746612223, 0, 2, 195, 194, 5, 5.71%, 0, 0, 3, 134.00
1746612228, 0, 2, 196, 195, 5, 5.71%, 0, 0, 3, 136.53
1746612233, 0, 2, 197, 196, 5, 5.71%, 0, 0, 3, 138.50
1746612239, 0, 2, 198, 197, 5, 5.71%, 0, 0, 3, 137.13
1746612244, 0, 2, 199, 198, 5, 5.71%, 0, 0, 3, 135.61
1746612249, 0, 2, 200, 199, 5, 5.71%, 0, 0, 3, 138.25
1746612254, 0, 2, 203, 202, 5, 5.71%, 0, 0, 3, 132.86
1746612259, 0, 2, 205, 204, 5, 5.71%, 0, 0, 3, 136.40
1746612264, 0, 2, 207, 206, 5, 5.71%, 0, 0, 3, 136.86
1746612270, 0, 2, 208, 207, 5, 5.71%, 0, 0, 3, 138.10
1746612275, 0, 2, 210, 209, 5, 5.71%, 0, 0, 3, 136.70
1746612285, 0, 2, 214, 213, 5, 5.71%, 0, 0, 3, 134.51
1746612295, 0, 2, 217, 216, 5, 5.71%, 0, 0, 3, 137.59
1746612300, 0, 58, 217, 215, 4, 5.71%, 0, 0, 3, 134.70
1746612428, 0, 58, 220, 218, 4, 5.71%, 0, 0, 3, 92.33
1746612433, 0, 58, 236, 234, 4, 5.71%, 0, 0, 3, 90.37
1746612438, 0, 58, 249, 247, 4, 5.71%, 0, 0, 3, 89.65
1746612443, 0, 58, 259, 257, 4, 5.71%, 0, 0, 3, 91.99
1746612448, 0, 58, 272, 270, 4, 5.71%, 0, 0, 3, 92.97
1746612454, 0, 58, 281, 279, 4, 5.71%, 0, 0, 3, 94.49
1746612459, 0, 58, 287, 285, 4, 5.71%, 0, 0, 3, 96.24
1746612464, 0, 58, 292, 290, 4, 5.71%, 0, 0, 3, 94.90
1746612469, 0, 58, 301, 299, 4, 5.71%, 0, 0, 3, 94.54
1746612474, 0, 58, 306, 304, 4, 5.71%, 0, 0, 3, 95.49
1746612479, 0, 58, 311, 309, 4, 5.71%, 0, 0, 3, 97.81
1746612484, 0, 58, 316, 314, 4, 5.71%, 0, 0, 3, 97.81
1746612489, 0, 58, 320, 318, 4, 5.71%, 0, 0, 3, 99.85
1746612495, 0, 58, 324, 322, 4, 5.71%, 0, 0, 3, 96.15
1746612500, 0, 58, 326, 324, 4, 5.71%, 0, 0, 3, 98.14
1746612505, 0, 58, 329, 327, 4, 5.71%, 0, 0, 3, 98.11
1746612510, 0, 58, 330, 328, 4, 5.71%, 0, 0, 3, 98.30
1746612515, 0, 58, 334, 332, 4, 5.71%, 0, 0, 3, 99.29
1746612520, 0, 58, 336, 334, 4, 5.71%, 0, 0, 3, 99.60
1746612525, 0, 58, 340, 338, 4, 5.71%, 0, 0, 3, 98.21
1746612531, 0, 58, 341, 339, 4, 5.71%, 0, 0, 3, 99.16
1746612536, 0, 58, 342, 340, 4, 5.72%, 0, 0, 3, 98.59
1746612551, 0, 58, 343, 341, 4, 5.72%, 0, 0, 3, 100.85
1746612556, 0, 58, 345, 343, 4, 5.72%, 0, 0, 3, 98.46
1746612561, 0, 58, 346, 344, 4, 5.72%, 0, 0, 3, 99.62
1746612566, 0, 58, 348, 346, 4, 5.72%, 0, 0, 3, 99.44
1746612571, 0, 58, 349, 347, 4, 5.72%, 0, 0, 3, 99.59
1746612587, 0, 58, 350, 348, 4, 5.72%, 0, 0, 3, 99.63
1746612602, 0, 58, 353, 351, 4, 5.72%, 0, 0, 3, 98.72
1746612607, 0, 79, 355, 352, 9, 5.72%, 0, 0, 3, 91.46
1746612830, 0, 79, 358, 355, 9, 5.72%, 0, 0, 3, 87.84
1746612835, 0, 79, 361, 358, 9, 5.73%, 0, 0, 3, 90.36
1746612840, 0, 79, 363, 360, 9, 5.73%, 0, 0, 3, 89.85
1746612845, 0, 79, 366, 363, 9, 5.73%, 0, 0, 3, 89.98
1746612850, 0, 79, 368, 365, 9, 5.73%, 0, 0, 3, 91.94
1746612855, 0, 79, 370, 367, 9, 5.73%, 0, 0, 3, 91.77
1746612866, 0, 79, 373, 370, 9, 5.73%, 0, 0, 3, 87.85
1746612871, 0, 79, 374, 371, 9, 5.73%, 0, 0, 3, 91.32
1746612876, 0, 79, 376, 373, 9, 5.76%, 0, 0, 3, 91.42
1746612881, 0, 79, 378, 375, 9, 5.76%, 0, 0, 3, 92.13
1746612891, 0, 79, 379, 376, 9, 5.76%, 0, 0, 3, 93.12
1746612896, 0, 79, 380, 377, 9, 5.76%, 0, 0, 3, 91.86
1746612902, 0, 79, 381, 378, 9, 5.76%, 0, 0, 3, 93.04
1746612907, 0, 79, 383, 380, 9, 5.76%, 0, 0, 3, 92.79
1746612912, 0, 79, 384, 381, 9, 5.76%, 0, 0, 3, 92.91
1746612922, 0, 79, 386, 383, 9, 5.76%, 0, 0, 3, 91.89
1746612932, 0, 79, 387, 384, 9, 5.76%, 0, 0, 3, 91.94
1746612938, 0, 79, 388, 385, 9, 5.76%, 0, 0, 3, 91.12
1746612968, 0, 79, 389, 386, 9, 5.76%, 0, 0, 3, 93.34
1746612999, 0, 79, 390, 387, 9, 5.76%, 0, 0, 3, 91.93
1746613004, 0, 79, 391, 388, 9, 5.76%, 0, 0, 3, 89.93
1746613009, 0, 89, 391, 387, 10, 5.76%, 0, 0, 3, 91.68
1746613123, 0, 126, 391, 386, 9, 5.76%, 0, 0, 3, 82.61
1746613428, 0, 126, 393, 388, 9, 5.76%, 0, 0, 3, 71.98
1746613433, 0, 126, 394, 389, 9, 5.76%, 0, 0, 3, 79.63
1746613439, 0, 126, 396, 391, 9, 5.76%, 0, 0, 3, 80.42
1746613444, 0, 126, 402, 397, 9, 5.76%, 0, 0, 3, 78.43
1746613449, 0, 126, 404, 399, 9, 5.76%, 0, 0, 3, 80.59
1746613454, 0, 126, 408, 403, 9, 5.76%, 0, 0, 3, 79.10
1746613459, 0, 126, 410, 405, 9, 5.76%, 0, 0, 3, 78.58
1746613464, 0, 126, 414, 409, 9, 5.76%, 0, 0, 3, 78.16
1746613470, 0, 126, 415, 410, 9, 5.76%, 0, 0, 3, 79.95
1746613480, 0, 126, 419, 414, 9, 5.77%, 0, 0, 3, 78.12
1746613485, 0, 126, 421, 416, 9, 5.77%, 0, 0, 3, 78.14
1746613490, 0, 126, 423, 418, 9, 5.77%, 0, 0, 3, 78.93
1746613495, 0, 126, 426, 421, 9, 5.77%, 0, 0, 3, 78.79
1746613501, 0, 126, 428, 423, 9, 5.77%, 0, 0, 3, 79.88
1746613506, 0, 126, 429, 424, 9, 5.77%, 0, 0, 3, 81.69
1746613511, 0, 126, 430, 425, 9, 5.77%, 0, 0, 3, 82.68
1746613516, 0, 126, 432, 427, 9, 5.77%, 0, 0, 3, 80.61
1746613526, 0, 126, 435, 430, 9, 5.77%, 0, 0, 3, 78.15
1746613542, 0, 126, 438, 433, 9, 5.77%, 0, 0, 3, 80.22
1746613547, 0, 126, 439, 434, 9, 5.77%, 0, 0, 3, 80.85
1746613552, 0, 126, 440, 435, 9, 5.77%, 0, 0, 3, 80.74
1746613557, 0, 126, 441, 436, 9, 5.77%, 0, 0, 3, 80.75
1746613562, 0, 126, 442, 437, 9, 5.77%, 0, 0, 3, 80.74
1746613583, 0, 126, 446, 441, 9, 5.77%, 0, 0, 3, 79.94
1746613609, 0, 126, 447, 442, 9, 5.77%, 0, 0, 3, 81.97
1746613619, 0, 126, 449, 444, 9, 5.77%, 0, 0, 3, 80.27
1746613624, 0, 126, 450, 445, 9, 5.77%, 0, 0, 3, 80.96
1746613629, 0, 126, 451, 446, 9, 5.77%, 0, 0, 3, 81.33
1746613634, 0, 126, 452, 447, 9, 5.77%, 0, 0, 3, 79.07
1746613640, 0, 130, 453, 447, 10, 5.77%, 0, 0, 3, 80.00
1746613840, 0, 130, 454, 448, 10, 5.77%, 0, 0, 3, 88.81
1746613845, 0, 130, 456, 450, 10, 5.77%, 0, 0, 3, 91.08
1746613851, 0, 130, 459, 453, 10, 5.77%, 0, 0, 3, 89.71
1746613856, 0, 130, 460, 454, 10, 5.77%, 0, 0, 3, 90.94
1746613861, 0, 130, 461, 455, 10, 5.77%, 0, 0, 3, 91.70
1746613871, 0, 130, 462, 456, 10, 5.77%, 0, 0, 3, 91.98
1746613876, 0, 130, 465, 459, 10, 5.77%, 0, 0, 3, 89.82
1746613881, 0, 130, 466, 460, 10, 5.77%, 0, 0, 3, 89.88
1746613891, 0, 130, 468, 462, 10, 5.77%, 0, 0, 3, 90.24
1746613897, 0, 130, 469, 463, 10, 5.77%, 0, 0, 3, 89.87
1746613902, 0, 130, 471, 465, 10, 5.77%, 0, 0, 3, 91.19
1746613907, 0, 130, 472, 466, 10, 5.77%, 0, 0, 3, 92.45
1746613912, 0, 130, 474, 468, 10, 5.77%, 0, 0, 3, 89.49
1746613927, 0, 130, 475, 469, 10, 5.77%, 0, 0, 3, 91.25
1746613948, 0, 130, 477, 471, 10, 5.77%, 0, 0, 3, 85.47
1746613953, 0, 130, 478, 472, 10, 5.78%, 0, 0, 3, 90.06
1746613958, 0, 130, 479, 473, 10, 5.78%, 0, 0, 3, 90.64
1746613963, 0, 130, 480, 474, 10, 5.78%, 0, 0, 3, 92.76
1746613979, 0, 130, 481, 475, 10, 5.78%, 0, 0, 3, 92.25
1746613999, 0, 130, 482, 476, 10, 5.78%, 0, 0, 3, 92.16
1746614020, 0, 164, 482, 475, 11, 5.78%, 0, 0, 3, 74.40
1746614030, 0, 164, 490, 483, 11, 5.78%, 0, 0, 3, 58.63
1746614097, 0, 164, 493, 486, 11, 5.78%, 0, 0, 3, 58.03
1746614464, 0, 164, 494, 487, 11, 5.81%, 0, 0, 3, 58.65
1746614469, 0, 164, 512, 505, 11, 5.94%, 0, 0, 3, 60.42
1746614475, 0, 164, 524, 517, 11, 5.94%, 0, 0, 3, 60.75
1746614480, 0, 164, 535, 528, 11, 5.95%, 0, 0, 3, 62.13
1746614485, 0, 164, 542, 535, 11, 5.95%, 0, 0, 3, 61.86
1746614490, 0, 164, 553, 546, 11, 5.95%, 0, 0, 3, 63.32
1746614495, 0, 164, 560, 553, 11, 5.95%, 0, 0, 3, 63.83
1746614500, 0, 164, 564, 557, 11, 5.98%, 0, 0, 3, 65.41
1746614506, 0, 164, 569, 562, 11, 5.98%, 0, 0, 3, 63.32
1746614511, 0, 164, 574, 567, 11, 5.98%, 0, 0, 3, 62.76
1746614516, 0, 164, 579, 572, 11, 5.98%, 0, 0, 3, 64.63
1746614521, 0, 164, 580, 573, 11, 5.99%, 0, 0, 3, 63.96
1746614526, 0, 164, 583, 576, 11, 5.99%, 0, 0, 3, 64.68
1746614531, 0, 164, 588, 581, 11, 5.99%, 0, 0, 3, 64.60
1746614541, 0, 164, 589, 582, 11, 5.99%, 0, 0, 3, 67.69
1746614546, 0, 164, 591, 584, 11, 5.99%, 0, 0, 3, 65.12
1746614551, 0, 164, 593, 586, 11, 5.99%, 0, 0, 3, 65.67
1746614557, 0, 164, 595, 588, 11, 5.99%, 0, 0, 3, 64.37
1746614562, 0, 164, 596, 589, 11, 5.99%, 0, 0, 3, 66.38
1746614567, 0, 164, 599, 592, 11, 6.00%, 0, 0, 3, 67.01
1746614572, 0, 164, 600, 593, 11, 6.00%, 0, 0, 3, 66.57
1746614577, 0, 164, 602, 595, 11, 6.00%, 0, 0, 3, 65.96
1746614582, 0, 164, 603, 596, 11, 6.00%, 0, 0, 3, 66.50
1746614587, 0, 164, 606, 599, 11, 6.00%, 0, 0, 3, 65.88
1746614593, 0, 164, 610, 603, 11, 6.00%, 0, 0, 3, 64.47
1746614603, 0, 164, 611, 604, 11, 6.00%, 0, 0, 3, 66.50
1746614613, 0, 164, 612, 605, 11, 6.00%, 0, 0, 3, 64.91
1746614623, 0, 164, 613, 606, 11, 6.00%, 0, 0, 3, 65.71
1746614629, 0, 164, 615, 608, 11, 6.00%, 0, 0, 3, 65.75
1746614639, 0, 164, 616, 609, 11, 6.00%, 0, 0, 3, 66.26
1746614649, 0, 164, 618, 611, 11, 6.00%, 0, 0, 3, 65.35
1746614654, 0, 164, 620, 613, 11, 6.00%, 0, 0, 3, 66.60
1746614659, 0, 164, 621, 614, 11, 6.00%, 0, 0, 3, 65.82
1746614680, 0, 164, 622, 615, 11, 6.00%, 0, 0, 3, 64.73
1746614690, 0, 164, 623, 616, 11, 6.00%, 0, 0, 3, 67.14
1746614700, 0, 164, 624, 617, 11, 6.00%, 0, 0, 3, 66.26
1746614705, 0, 164, 625, 618, 11, 6.00%, 0, 0, 3, 66.10
1746614716, 0, 164, 626, 619, 11, 6.00%, 0, 0, 3, 65.74
1746614721, 0, 164, 627, 620, 11, 6.00%, 0, 0, 3, 64.64
1746614726, 0, 164, 628, 621, 11, 6.00%, 0, 0, 3, 64.38
1746614731, 0, 164, 629, 622, 11, 6.00%, 0, 0, 3, 65.48
1746614736, 0, 341, 629, 621, 12, 6.00%, 0, 0, 3, 73.71
1746614969, 0, 403, 629, 620, 11, 6.00%, 0, 0, 3, 78.38
1746615236, 0, 464, 629, 619, 10, 6.00%, 0, 0, 3, 79.22
1746615501, 0, 470, 629, 618, 9, 6.00%, 0, 0, 3, 77.68
1746615511, 0, 470, 632, 621, 9, 6.00%, 0, 0, 4, 75.38
1746615720, 0, 470, 636, 625, 9, 6.00%, 0, 0, 4, 82.27
1746615725, 0, 470, 637, 626, 9, 6.00%, 0, 0, 4, 85.15
1746615735, 0, 470, 639, 628, 9, 6.00%, 0, 0, 4, 85.33
1746615741, 0, 470, 640, 629, 9, 6.00%, 0, 0, 4, 83.97
1746615751, 0, 470, 641, 630, 9, 6.00%, 0, 0, 4, 85.24
1746615756, 0, 470, 642, 631, 9, 6.00%, 0, 0, 4, 86.32
1746615761, 0, 470, 643, 632, 9, 6.00%, 0, 0, 4, 86.79
1746615771, 0, 470, 644, 633, 9, 6.00%, 0, 0, 4, 84.91
1746615787, 0, 470, 645, 634, 9, 6.00%, 0, 0, 4, 86.55
1746615807, 0, 470, 646, 635, 9, 6.00%, 0, 0, 4, 85.99
1746615843, 0, 470, 647, 636, 9, 6.00%, 0, 0, 4, 86.51
1746615884, 0, 470, 648, 637, 9, 6.00%, 0, 0, 4, 86.62
1746615910, 0, 496, 648, 636, 9, 6.00%, 0, 0, 4, 64.63
1746616399, 0, 496, 650, 638, 9, 6.00%, 0, 0, 4, 59.86
1746616404, 0, 496, 653, 641, 9, 6.01%, 0, 0, 4, 61.54
1746616409, 0, 496, 654, 642, 9, 6.01%, 0, 0, 4, 63.23
1746616415, 0, 496, 656, 644, 9, 6.01%, 0, 0, 4, 63.69
1746616420, 0, 496, 657, 645, 9, 6.01%, 0, 0, 4, 64.23
1746616425, 0, 496, 658, 646, 9, 6.01%, 0, 0, 4, 64.63
1746616430, 0, 496, 659, 647, 9, 6.01%, 0, 0, 4, 65.32
1746616435, 0, 496, 660, 648, 9, 6.01%, 0, 0, 4, 63.73
1746616440, 0, 496, 661, 649, 9, 6.01%, 0, 0, 4, 65.35
1746616461, 0, 496, 662, 650, 9, 6.01%, 0, 0, 4, 63.12
1746616466, 0, 496, 663, 651, 9, 6.01%, 0, 0, 4, 64.60
1746616486, 0, 496, 664, 652, 9, 6.01%, 0, 0, 4, 64.89
1746616492, 0, 496, 665, 653, 9, 6.01%, 0, 0, 4, 63.04
1746616507, 0, 496, 668, 656, 9, 6.08%, 0, 0, 4, 62.74
1746616533, 0, 496, 669, 657, 9, 6.08%, 0, 0, 4, 66.70
1746616543, 0, 496, 670, 658, 9, 6.08%, 0, 0, 4, 63.40
1746616548, 0, 496, 671, 659, 9, 6.08%, 0, 0, 4, 64.45
1746616563, 0, 496, 672, 660, 9, 6.08%, 0, 0, 4, 63.55
1746616589, 0, 496, 673, 661, 9, 6.08%, 0, 0, 4, 65.15
1746616630, 0, 496, 674, 662, 9, 6.08%, 0, 0, 4, 64.71
1746616640, 0, 496, 675, 663, 9, 6.08%, 0, 0, 4, 64.93
1746616655, 0, 531, 675, 662, 9, 6.08%, 0, 0, 4, 63.91
1746617047, 0, 531, 676, 663, 9, 6.08%, 0, 0, 4, 67.58
1746617058, 0, 531, 677, 664, 9, 6.08%, 0, 0, 4, 66.63
1746617063, 0, 531, 678, 665, 9, 6.08%, 0, 0, 4, 68.77
1746617094, 0, 531, 679, 666, 9, 6.08%, 0, 0, 4, 68.52
1746617135, 0, 531, 680, 667, 9, 6.08%, 0, 0, 4, 67.96
1746617279, 0, 542, 680, 666, 9, 6.08%, 0, 0, 4, 66.54
1746617782, 0, 593, 680, 665, 9, 6.08%, 0, 0, 4, 58.43
1746618532, 0, 596, 680, 664, 9, 6.08%, 0, 0, 4, 34.37
1746619472, 0, 596, 681, 665, 9, 6.08%, 0, 0, 4, 34.50
1746619482, 0, 596, 682, 666, 9, 6.08%, 0, 0, 4, 35.19
1746619487, 0, 596, 683, 667, 9, 6.08%, 0, 0, 4, 34.67
1746619502, 0, 596, 684, 668, 9, 6.08%, 0, 0, 4, 34.62
1746619508, 0, 596, 685, 669, 9, 6.08%, 0, 0, 4, 35.12
1746619533, 0, 596, 686, 670, 9, 6.08%, 0, 0, 4, 34.17
1746619559, 0, 596, 687, 671, 9, 6.08%, 0, 0, 4, 34.50
1746619585, 0, 596, 688, 672, 9, 6.08%, 0, 0, 4, 35.70
1746619605, 0, 596, 689, 673, 9, 6.08%, 0, 0, 4, 34.48
1746619615, 0, 596, 690, 674, 9, 6.08%, 0, 0, 4, 36.13
1746619636, 0, 596, 691, 675, 9, 6.08%, 0, 0, 4, 34.33
1746619641, 0, 596, 692, 676, 9, 6.08%, 0, 0, 4, 34.48
1746619662, 0, 596, 693, 677, 9, 6.08%, 0, 0, 4, 33.08
1746619677, 0, 596, 694, 678, 9, 6.08%, 0, 0, 4, 33.97
1746619714, 0, 596, 695, 679, 9, 6.08%, 0, 0, 4, 35.64
1746619739, 0, 596, 696, 680, 9, 6.08%, 0, 0, 4, 34.58
1746619760, 0, 596, 697, 681, 9, 6.08%, 0, 0, 4, 35.17
1746619796, 0, 596, 698, 682, 9, 6.08%, 0, 0, 4, 34.98
1746619852, 0, 596, 699, 683, 9, 6.08%, 0, 0, 4, 35.42
1746619903, 0, 596, 700, 684, 9, 6.08%, 0, 0, 4, 33.97
1746619908, 0, 596, 701, 685, 9, 6.08%, 0, 0, 4, 34.52
1746619939, 0, 598, 701, 684, 8, 6.08%, 0, 0, 4, 28.99
1746619959, 0, 598, 704, 687, 8, 6.08%, 0, 0, 4, 26.31
1746619969, 0, 598, 705, 688, 8, 6.08%, 0, 0, 4, 26.28
1746619979, 0, 598, 706, 689, 8, 6.08%, 0, 0, 4, 26.22
1746620166, 0, 598, 707, 690, 8, 6.08%, 0, 0, 4, 26.24
1746620751, 0, 598, 708, 691, 8, 6.08%, 0, 0, 4, 26.49
1746621013, 0, 598, 709, 692, 8, 6.08%, 0, 0, 4, 26.43
1746621271, 0, 598, 711, 694, 8, 6.08%, 0, 0, 4, 28.58
1746621296, 0, 598, 713, 696, 8, 6.08%, 0, 0, 4, 29.14
1746621301, 0, 598, 715, 698, 8, 6.08%, 0, 0, 4, 28.80
1746621312, 0, 598, 716, 699, 8, 6.09%, 0, 0, 4, 30.32
1746621327, 0, 598, 717, 700, 8, 6.09%, 0, 0, 4, 29.73
1746621332, 0, 598, 718, 701, 8, 6.09%, 0, 0, 4, 29.98
1746621363, 0, 598, 719, 702, 8, 6.09%, 0, 0, 4, 29.82
1746621368, 0, 598, 720, 703, 8, 6.09%, 0, 0, 4, 29.60
1746621384, 0, 598, 721, 704, 8, 6.09%, 0, 0, 4, 29.45
1746621399, 0, 598, 722, 705, 8, 6.09%, 0, 0, 4, 29.82
1746621445, 0, 598, 723, 706, 8, 6.09%, 0, 0, 4, 30.46
1746621455, 0, 598, 724, 707, 8, 6.22%, 0, 0, 4, 30.32
1746621511, 0, 598, 725, 708, 8, 6.22%, 0, 0, 4, 30.16
1746621521, 0, 598, 726, 709, 8, 6.22%, 0, 0, 4, 29.44
1746621532, 0, 598, 727, 710, 8, 6.22%, 0, 0, 4, 29.89
1746621537, 0, 598, 728, 711, 8, 6.22%, 0, 0, 4, 29.96
1746621563, 0, 598, 731, 714, 8, 6.22%, 0, 0, 4, 29.40
1746621568, 0, 598, 732, 715, 8, 6.22%, 0, 0, 4, 30.36
1746621604, 0, 598, 733, 716, 8, 6.23%, 0, 0, 4, 29.98
1746621635, 0, 598, 734, 717, 8, 6.23%, 0, 0, 4, 29.87
1746621640, 0, 598, 735, 718, 8, 6.23%, 0, 0, 4, 29.66
1746621660, 0, 598, 736, 719, 8, 6.23%, 0, 0, 4, 30.86
1746621671, 0, 598, 737, 720, 8, 6.23%, 0, 0, 4, 30.44
1746621691, 0, 598, 738, 721, 8, 6.23%, 0, 0, 4, 29.18
1746621712, 0, 598, 739, 722, 8, 6.23%, 0, 0, 4, 29.19
1746621737, 0, 598, 740, 723, 8, 6.24%, 0, 0, 4, 30.81
1746621794, 0, 598, 741, 724, 8, 6.24%, 0, 0, 4, 30.15
1746621819, 0, 625, 741, 723, 13, 6.24%, 0, 0, 4, 25.91
1746623909, 0, 625, 742, 724, 13, 6.24%, 0, 0, 4, 23.61
1746623914, 0, 625, 743, 725, 13, 6.24%, 0, 0, 4, 24.80
1746623919, 0, 625, 745, 727, 13, 6.24%, 0, 0, 4, 25.16
1746623924, 0, 625, 746, 728, 13, 6.24%, 0, 0, 4, 24.72
1746623929, 0, 625, 747, 729, 13, 6.25%, 0, 0, 4, 25.23
1746623945, 0, 625, 750, 732, 13, 6.25%, 0, 0, 4, 24.63
1746623950, 0, 625, 752, 734, 13, 6.25%, 0, 0, 4, 23.84
1746623955, 0, 625, 753, 735, 13, 6.25%, 0, 0, 4, 24.36
1746623960, 0, 625, 754, 736, 13, 6.25%, 0, 0, 4, 24.62
1746623990, 0, 625, 755, 737, 13, 6.25%, 0, 0, 4, 25.48
1746623995, 0, 625, 756, 738, 13, 6.25%, 0, 0, 4, 25.60
1746624001, 0, 625, 757, 739, 13, 6.25%, 0, 0, 4, 25.80
1746624016, 0, 625, 758, 740, 13, 6.25%, 0, 0, 4, 25.71
1746624031, 0, 625, 759, 741, 13, 6.25%, 0, 0, 4, 25.05
1746624036, 0, 625, 761, 743, 13, 6.25%, 0, 0, 4, 24.57
1746624052, 0, 625, 762, 744, 13, 6.25%, 0, 0, 4, 24.12
1746624072, 0, 625, 763, 745, 13, 6.25%, 0, 0, 4, 25.09
1746624098, 0, 625, 764, 746, 13, 6.25%, 0, 0, 4, 24.88
1746624113, 0, 625, 765, 747, 13, 6.25%, 0, 0, 4, 25.71
1746624123, 0, 625, 766, 748, 13, 6.25%, 0, 0, 4, 25.20
1746624149, 0, 625, 767, 749, 13, 6.25%, 0, 0, 4, 25.32
1746624164, 0, 625, 768, 750, 13, 6.25%, 0, 0, 4, 24.02
1746624169, 0, 625, 770, 752, 13, 6.25%, 0, 0, 4, 24.32
1746624174, 0, 625, 771, 753, 13, 6.25%, 0, 0, 4, 24.53
1746624200, 0, 625, 772, 754, 13, 6.25%, 0, 0, 4, 25.50
1746624215, 0, 625, 773, 755, 13, 6.25%, 0, 0, 4, 25.38
1746624230, 0, 625, 774, 756, 13, 6.25%, 0, 0, 4, 24.65
1746624256, 0, 625, 775, 757, 13, 6.25%, 0, 0, 4, 25.12
1746624307, 0, 625, 776, 758, 13, 6.25%, 0, 0, 4, 24.77
1746624317, 0, 625, 777, 759, 13, 6.25%, 0, 0, 4, 24.08
1746624343, 0, 625, 779, 761, 13, 6.25%, 0, 0, 4, 24.88
1746624378, 0, 625, 780, 762, 13, 6.32%, 0, 0, 4, 25.37
1746624399, 0, 625, 781, 763, 13, 6.32%, 0, 0, 4, 25.98
1746624404, 0, 633, 781, 762, 14, 6.32%, 0, 0, 4, 27.91
1746624851, 0, 639, 781, 761, 13, 6.32%, 0, 0, 4, 43.89
1746625109, 0, 650, 781, 760, 13, 6.32%, 0, 0, 4, 62.82
1746626040, 0, 667, 781, 759, 12, 6.32%, 0, 0, 4, 46.17
1746626055, 0, 667, 782, 760, 12, 6.32%, 0, 0, 5, 44.61
1746626172, 0, 667, 783, 761, 12, 6.32%, 0, 0, 5, 44.63
1746626492, 0, 667, 784, 762, 12, 6.32%, 0, 0, 5, 45.26
1746626609, 0, 667, 786, 764, 12, 6.32%, 0, 0, 5, 43.83
1746626777, 0, 667, 787, 765, 12, 6.32%, 0, 0, 5, 51.86
1746626782, 0, 667, 788, 766, 12, 6.32%, 0, 0, 5, 50.39
1746626787, 0, 667, 789, 767, 12, 6.32%, 0, 0, 5, 51.78
1746626792, 0, 667, 791, 769, 12, 6.32%, 0, 0, 5, 49.95
1746626817, 0, 667, 793, 771, 12, 6.32%, 0, 0, 5, 49.12
1746626827, 0, 667, 794, 772, 12, 6.32%, 0, 0, 5, 49.71
1746626832, 0, 667, 795, 773, 12, 6.39%, 0, 0, 5, 50.04
1746626848, 0, 667, 797, 775, 12, 6.39%, 0, 0, 5, 49.79
1746626853, 0, 667, 798, 776, 12, 6.39%, 0, 0, 5, 47.94
1746626873, 0, 667, 799, 777, 12, 6.40%, 0, 0, 5, 51.00
1746626898, 0, 667, 800, 778, 12, 6.40%, 0, 0, 5, 50.60
1746626994, 0, 667, 801, 779, 12, 6.40%, 0, 0, 5, 51.77
1746627009, 0, 667, 802, 780, 12, 6.40%, 0, 0, 5, 51.98
1746627014, 0, 667, 803, 781, 12, 6.40%, 0, 0, 5, 50.08
1746627060, 0, 667, 804, 782, 12, 6.40%, 0, 0, 5, 50.59
1746627065, 0, 667, 805, 783, 12, 6.40%, 0, 0, 5, 51.14
1746627080, 0, 667, 806, 784, 12, 6.41%, 0, 0, 5, 51.19
1746627085, 0, 695, 806, 783, 11, 6.41%, 0, 0, 5, 50.87
1746627900, 0, 746, 806, 782, 11, 6.41%, 0, 0, 5, 37.78
1746627921, 0, 746, 807, 783, 11, 6.41%, 0, 0, 5, 32.91
1746628166, 0, 746, 808, 784, 11, 6.41%, 0, 0, 5, 33.16
1746629616, 0, 746, 811, 787, 11, 6.41%, 0, 0, 5, 34.64
1746629621, 0, 746, 816, 792, 11, 6.41%, 0, 0, 5, 35.68
1746629626, 0, 746, 817, 793, 11, 6.41%, 0, 0, 5, 36.48
1746629631, 0, 746, 819, 795, 11, 6.41%, 0, 0, 5, 38.38
1746629636, 0, 746, 821, 797, 11, 6.42%, 0, 0, 5, 38.13
1746629641, 0, 746, 822, 798, 11, 6.42%, 0, 0, 5, 37.76
1746629651, 0, 746, 823, 799, 11, 6.42%, 0, 0, 5, 37.05
1746629656, 0, 746, 824, 800, 11, 6.42%, 0, 0, 5, 37.29
1746629662, 0, 746, 826, 802, 11, 6.42%, 0, 0, 5, 36.73
1746629667, 0, 746, 828, 804, 11, 6.42%, 0, 0, 5, 36.64
1746629672, 0, 746, 830, 806, 11, 6.42%, 0, 0, 5, 36.06
1746629682, 0, 746, 832, 808, 11, 6.42%, 0, 0, 5, 37.10
1746629692, 0, 746, 833, 809, 11, 6.42%, 0, 0, 5, 38.01
1746629703, 0, 746, 834, 810, 11, 6.42%, 0, 0, 5, 37.53
1746629708, 0, 746, 837, 813, 11, 6.42%, 0, 0, 5, 35.66
1746629718, 0, 746, 838, 814, 11, 6.42%, 0, 0, 5, 38.06
1746629723, 0, 746, 839, 815, 11, 6.42%, 0, 0, 5, 36.81
1746629733, 0, 746, 840, 816, 11, 6.42%, 0, 0, 5, 36.50
1746629738, 0, 746, 841, 817, 11, 6.42%, 0, 0, 5, 37.14
1746629754, 0, 746, 842, 818, 11, 6.42%, 0, 0, 5, 38.04
1746629769, 0, 746, 843, 819, 11, 6.42%, 0, 0, 5, 37.69
1746629774, 0, 746, 844, 820, 11, 6.42%, 0, 0, 5, 38.06
1746629790, 0, 746, 845, 821, 11, 6.43%, 0, 0, 5, 36.25
1746629805, 0, 746, 847, 823, 11, 6.43%, 0, 0, 5, 35.98
1746629856, 0, 746, 849, 825, 11, 6.43%, 0, 0, 5, 37.24
1746629872, 0, 746, 851, 827, 11, 6.43%, 0, 0, 5, 36.56
1746629892, 0, 746, 853, 829, 11, 6.43%, 0, 0, 5, 35.92
1746629898, 0, 746, 854, 830, 11, 6.43%, 0, 0, 5, 36.56
1746629903, 0, 746, 855, 831, 11, 6.43%, 0, 0, 5, 37.30
1746629928, 0, 746, 857, 833, 11, 6.43%, 0, 0, 5, 36.97
1746629939, 0, 746, 858, 834, 11, 6.43%, 0, 0, 5, 37.21
1746629990, 0, 746, 859, 835, 11, 6.43%, 0, 0, 5, 36.90
1746629995, 0, 746, 861, 837, 11, 6.43%, 0, 0, 5, 36.46
1746630005, 0, 746, 863, 839, 11, 6.43%, 0, 0, 5, 37.88
1746630011, 0, 746, 864, 840, 11, 6.43%, 0, 0, 5, 37.85
1746630026, 0, 746, 865, 841, 11, 6.43%, 0, 0, 5, 37.69
1746630036, 0, 746, 866, 842, 11, 6.43%, 0, 0, 5, 36.90
1746630067, 0, 758, 866, 841, 13, 6.43%, 0, 0, 5, 38.74
1746631108, 0, 781, 866, 840, 13, 6.43%, 0, 0, 5, 44.91
1746631128, 0, 781, 867, 841, 13, 6.43%, 0, 0, 6, 44.10
1746631850, 0, 794, 867, 840, 11, 6.43%, 0, 0, 6, 44.75
1746631871, 0, 794, 869, 842, 11, 6.43%, 0, 0, 6, 35.96
1746631876, 0, 794, 870, 843, 11, 6.43%, 0, 0, 6, 35.93
1746631886, 0, 794, 871, 844, 11, 6.43%, 0, 0, 6, 36.08
1746631891, 0, 794, 873, 846, 11, 6.43%, 0, 0, 6, 35.64
1746631901, 0, 794, 875, 848, 11, 6.43%, 0, 0, 6, 35.83
1746631916, 0, 794, 876, 849, 11, 6.43%, 0, 0, 6, 35.93
1746631922, 0, 794, 879, 852, 11, 6.43%, 0, 0, 6, 35.93
1746632080, 0, 794, 880, 853, 11, 6.43%, 0, 0, 6, 36.13
1746632905, 0, 794, 881, 854, 11, 6.43%, 0, 0, 6, 35.92
1746632930, 0, 794, 882, 855, 11, 6.43%, 0, 0, 6, 35.95
1746633299, 0, 794, 883, 856, 11, 6.43%, 0, 0, 6, 39.23
1746633304, 0, 794, 886, 859, 11, 6.43%, 0, 0, 6, 40.17
1746633309, 0, 794, 887, 860, 11, 6.43%, 0, 0, 6, 40.59
1746633314, 0, 794, 889, 862, 11, 6.43%, 0, 0, 6, 40.74
1746633319, 0, 794, 890, 863, 11, 6.43%, 0, 0, 6, 40.94
1746633324, 0, 794, 892, 865, 11, 6.43%, 0, 0, 6, 40.27
1746633329, 0, 794, 895, 868, 11, 6.43%, 0, 0, 6, 39.58
1746633334, 0, 794, 897, 870, 11, 6.43%, 0, 0, 6, 40.75
1746633339, 0, 794, 898, 871, 11, 6.43%, 0, 0, 6, 39.91
1746633344, 0, 794, 899, 872, 11, 6.43%, 0, 0, 6, 41.00
1746633349, 0, 794, 900, 873, 11, 6.43%, 0, 0, 6, 40.38
1746633354, 0, 794, 902, 875, 11, 6.43%, 0, 0, 6, 40.79
1746633359, 0, 794, 904, 877, 11, 6.43%, 0, 0, 6, 39.73
1746633365, 0, 794, 907, 880, 11, 6.43%, 0, 0, 6, 39.69
1746633375, 0, 794, 910, 883, 11, 6.43%, 0, 0, 6, 39.93
1746633390, 0, 794, 911, 884, 11, 6.43%, 0, 0, 6, 41.07
1746633395, 0, 794, 912, 885, 11, 6.43%, 0, 0, 6, 41.53
1746633405, 0, 794, 913, 886, 11, 6.43%, 0, 0, 6, 40.66
1746633415, 0, 794, 914, 887, 11, 6.43%, 0, 0, 6, 40.94
1746633421, 0, 794, 915, 888, 11, 6.43%, 0, 0, 6, 40.38
1746633426, 0, 794, 916, 889, 11, 6.43%, 0, 0, 6, 40.10
1746633431, 0, 794, 917, 890, 11, 6.43%, 0, 0, 6, 41.65
1746633446, 0, 794, 918, 891, 11, 6.43%, 0, 0, 6, 39.93
1746633451, 0, 794, 919, 892, 11, 6.43%, 0, 0, 6, 40.54
1746633466, 0, 794, 920, 893, 11, 6.43%, 0, 0, 6, 40.90
1746633472, 0, 794, 921, 894, 11, 6.43%, 0, 0, 6, 40.72
1746633477, 0, 794, 922, 895, 11, 6.43%, 0, 0, 6, 40.30
1746633487, 0, 794, 923, 896, 11, 6.43%, 0, 0, 6, 41.31
1746633512, 0, 794, 924, 897, 11, 6.43%, 0, 0, 6, 41.20
1746633579, 0, 794, 926, 899, 11, 6.43%, 0, 0, 6, 40.21
1746633584, 0, 794, 927, 900, 11, 6.43%, 0, 0, 6, 41.73
1746633599, 0, 794, 928, 901, 11, 6.43%, 0, 0, 6, 40.48
1746633604, 0, 794, 929, 902, 11, 6.43%, 0, 0, 6, 40.32
1746633609, 0, 794, 931, 904, 11, 6.43%, 0, 0, 6, 40.64
1746633630, 0, 794, 932, 905, 11, 6.43%, 0, 0, 6, 40.79
1746633691, 0, 794, 933, 906, 11, 6.43%, 0, 0, 6, 40.66
1746633706, 0, 798, 933, 905, 12, 6.43%, 0, 0, 6, 40.21
1746634929, 0, 798, 934, 906, 12, 6.43%, 0, 0, 6, 44.34
1746634939, 0, 798, 936, 908, 12, 6.43%, 0, 0, 6, 42.69
1746634969, 0, 798, 937, 909, 12, 6.43%, 0, 0, 6, 43.54
1746635086, 0, 798, 938, 910, 12, 6.43%, 0, 0, 6, 43.76
1746635172, 0, 798, 939, 911, 12, 6.43%, 0, 0, 6, 44.65
1746635259, 0, 798, 940, 912, 12, 6.43%, 0, 0, 6, 43.58
1746635294, 0, 805, 940, 911, 12, 6.43%, 0, 0, 6, 43.40
1746635309, 0, 805, 941, 912, 12, 6.43%, 0, 0, 6, 41.13
1746635314, 0, 805, 942, 913, 12, 6.43%, 0, 0, 6, 41.31
1746636201, 0, 805, 943, 914, 12, 6.43%, 0, 0, 6, 48.50
1746636226, 0, 806, 943, 913, 12, 6.43%, 0, 0, 6, 37.98
1746637955, 0, 806, 944, 914, 12, 6.43%, 0, 0, 6, 37.62
1746637976, 0, 832, 944, 913, 11, 6.43%, 0, 0, 6, 36.08
1746638078, 0, 832, 947, 916, 11, 6.43%, 0, 0, 6, 29.48
1746640139, 0, 832, 948, 917, 11, 6.43%, 0, 0, 6, 30.18
1746640145, 0, 832, 949, 918, 11, 6.43%, 0, 0, 6, 32.02
1746640150, 0, 832, 951, 920, 11, 6.43%, 0, 0, 6, 31.84
1746640155, 0, 832, 952, 921, 11, 6.43%, 0, 0, 6, 32.07
1746640170, 0, 832, 953, 922, 11, 6.43%, 0, 0, 6, 32.37
1746640181, 0, 832, 955, 924, 11, 6.43%, 0, 0, 6, 32.95
1746640191, 0, 832, 956, 925, 11, 6.43%, 0, 0, 6, 32.85
1746640216, 0, 832, 957, 926, 11, 6.43%, 0, 0, 6, 32.55
1746640232, 0, 832, 958, 927, 11, 6.43%, 0, 0, 6, 32.71
1746640263, 0, 832, 959, 928, 11, 6.43%, 0, 0, 6, 32.39
1746640268, 0, 832, 961, 930, 11, 6.43%, 0, 0, 6, 33.33
1746640283, 0, 832, 962, 931, 11, 6.43%, 0, 0, 6, 33.41
1746640345, 0, 832, 963, 932, 11, 6.43%, 0, 0, 6, 33.38
1746640355, 0, 832, 964, 933, 11, 6.43%, 0, 0, 6, 32.79
1746640473, 0, 832, 965, 934, 11, 6.43%, 0, 0, 6, 33.22
1746640483, 0, 832, 966, 935, 11, 6.43%, 0, 0, 6, 32.88
1746640519, 0, 838, 966, 934, 11, 6.43%, 0, 0, 6, 29.75
1746642718, 0, 838, 967, 935, 11, 6.43%, 0, 0, 6, 30.96
1746642729, 0, 838, 968, 936, 11, 6.43%, 0, 0, 6, 31.03
1746642739, 0, 838, 969, 937, 11, 6.44%, 0, 0, 6, 31.13
1746642744, 0, 838, 970, 938, 11, 6.44%, 0, 0, 6, 31.68
1746642770, 0, 838, 971, 939, 11, 6.44%, 0, 0, 6, 30.54
1746642816, 0, 838, 972, 940, 11, 6.44%, 0, 0, 6, 30.65
1746642832, 0, 838, 973, 941, 11, 6.44%, 0, 0, 6, 30.41
1746642837, 0, 838, 974, 942, 11, 6.44%, 0, 0, 6, 30.88
1746642852, 0, 838, 975, 943, 11, 6.44%, 0, 0, 6, 30.51
1746643006, 0, 838, 976, 944, 11, 6.44%, 0, 0, 6, 32.10
1746643108, 0, 866, 976, 943, 11, 6.44%, 0, 0, 6, 39.79
1746643123, 0, 866, 977, 944, 11, 6.44%, 0, 0, 7, 44.60
1746643144, 0, 866, 978, 945, 11, 6.44%, 0, 0, 7, 44.39
1746643851, 0, 871, 978, 944, 12, 6.44%, 0, 0, 7, 44.08
1746645315, 0, 876, 978, 943, 11, 6.44%, 0, 0, 7, 40.64
1746646738, 0, 876, 979, 944, 11, 6.44%, 0, 0, 7, 40.84
1746646778, 0, 902, 979, 943, 10, 6.44%, 0, 0, 7, 36.81
1746648205, 0, 913, 979, 942, 9, 6.44%, 0, 0, 7, 41.29
1746649082, 0, 922, 979, 941, 8, 6.44%, 0, 0, 7, 41.07
1746649107, 0, 922, 980, 942, 8, 6.44%, 0, 0, 7, 32.72
1746649113, 0, 922, 981, 943, 8, 6.44%, 0, 0, 7, 32.77
1746649358, 0, 922, 982, 944, 8, 6.44%, 0, 0, 7, 33.29
1746650845, 0, 923, 982, 943, 8, 6.44%, 0, 0, 7, 34.34
1746652668, 0, 923, 983, 944, 8, 6.44%, 0, 0, 7, 29.44
1746652775, 0, 938, 983, 943, 7, 6.44%, 0, 0, 7, 36.56
1746652796, 0, 938, 984, 944, 7, 6.44%, 0, 0, 7, 36.36
1746652952, 0, 938, 985, 945, 7, 6.44%, 0, 0, 7, 36.45
1746652988, 0, 938, 986, 946, 7, 6.44%, 0, 0, 7, 36.43
1746653941, 0, 942, 986, 945, 7, 6.44%, 0, 0, 7, 42.41
1746654913, 0, 942, 987, 946, 7, 6.44%, 0, 0, 7, 40.76
1746655009, 0, 942, 988, 947, 7, 6.44%, 0, 0, 7, 46.44
1746655035, 0, 968, 988, 946, 6, 6.44%, 0, 0, 7, 37.20
