# unix_time, cycles_done, cur_path, paths_total, pending_total, pending_favs, map_size, unique_crashes, unique_hangs, max_depth, execs_per_sec
1748451572, 0, 0, 1, 1, 1, 0.03%, 0, 0, 1, 727.27
1748451577, 0, 0, 21, 21, 1, 0.05%, 0, 0, 2, 2280.19
1748451582, 0, 0, 22, 22, 1, 0.05%, 0, 0, 2, 2582.13
1748451587, 0, 3, 26, 24, 3, 0.05%, 0, 0, 3, 2645.24
1748451592, 0, 26, 27, 22, 1, 0.05%, 0, 0, 3, 2702.25
1748451597, 2, 12, 28, 16, 0, 0.05%, 0, 0, 3, 2667.43
1748451602, 2, 25, 31, 15, 0, 0.05%, 0, 0, 3, 2659.98
1748451607, 3, 20, 32, 12, 0, 0.05%, 0, 0, 4, 2622.68
1748451612, 3, 31, 33, 12, 0, 0.05%, 0, 0, 5, 2505.45
1748451618, 4, 29, 33, 10, 0, 0.05%, 0, 0, 5, 2368.45
1748451623, 7, 32, 33, 5, 0, 0.05%, 0, 0, 5, 2444.64
1748451628, 8, 22, 33, 4, 0, 0.05%, 0, 0, 5, 2304.25
1748451633, 13, 27, 33, 1, 0, 0.05%, 0, 0, 5, 2441.56
1748451638, 22, 26, 33, 0, 0, 0.05%, 0, 0, 5, 2583.60
1748451643, 24, 33, 35, 2, 0, 0.05%, 0, 0, 6, 2452.76
1748451654, 30, 33, 35, 1, 0, 0.05%, 0, 0, 6, 2493.94
1748451659, 37, 26, 36, 2, 0, 0.05%, 0, 0, 6, 2513.73
1748451664, 39, 35, 37, 3, 0, 0.05%, 0, 0, 6, 2455.93
1748451669, 42, 9, 38, 3, 0, 0.05%, 0, 0, 6, 2506.81
1748451674, 43, 34, 38, 2, 0, 0.05%, 0, 0, 6, 2301.95
1748451679, 44, 26, 38, 1, 0, 0.05%, 0, 0, 6, 2392.31
1748451684, 49, 36, 38, 1, 0, 0.05%, 0, 0, 6, 2340.50
1748451689, 49, 36, 39, 2, 0, 0.05%, 0, 0, 6, 2249.08
1748451694, 49, 38, 40, 2, 1, 0.05%, 0, 0, 7, 2064.36
1748451699, 49, 39, 40, 1, 1, 0.05%, 0, 0, 7, 2214.24
1748451705, 49, 39, 41, 2, 1, 0.05%, 0, 0, 8, 2211.53
1748451710, 49, 40, 42, 2, 1, 0.06%, 0, 0, 9, 2107.22
1748451720, 49, 41, 43, 2, 1, 0.06%, 0, 0, 10, 2152.75
1748451725, 49, 41, 44, 3, 1, 0.06%, 0, 0, 10, 2290.94
1748451730, 49, 41, 45, 4, 1, 0.07%, 0, 0, 10, 2304.96
1748451735, 49, 43, 45, 3, 2, 0.07%, 0, 0, 10, 2148.39
1748451745, 49, 43, 46, 4, 2, 0.07%, 0, 0, 11, 2242.24
1748451750, 49, 44, 47, 4, 2, 0.07%, 0, 0, 11, 2091.20
1748451755, 49, 44, 49, 6, 2, 0.08%, 0, 0, 11, 2014.87
1748451771, 49, 46, 50, 6, 3, 0.08%, 0, 0, 12, 1847.35
1748451776, 49, 46, 51, 7, 3, 0.08%, 0, 0, 12, 2129.69
1748451786, 49, 47, 52, 7, 3, 0.08%, 0, 0, 12, 1946.47
1748451796, 49, 48, 52, 6, 3, 0.08%, 0, 0, 12, 2050.68
1748451811, 49, 50, 52, 5, 2, 0.08%, 0, 0, 12, 1773.44
1748451827, 49, 51, 53, 5, 1, 0.08%, 0, 0, 13, 1810.02
1748451837, 49, 52, 54, 5, 1, 0.09%, 0, 0, 14, 1934.66
1748451847, 49, 53, 54, 4, 1, 0.09%, 0, 0, 14, 2149.93
1748451852, 49, 53, 55, 5, 1, 0.09%, 0, 0, 15, 1990.44
1748451862, 49, 54, 55, 4, 1, 0.09%, 0, 0, 15, 1855.75
1748451868, 49, 54, 57, 6, 1, 0.09%, 0, 0, 16, 2154.09
1748451873, 49, 54, 58, 7, 1, 0.09%, 0, 0, 16, 2208.58
1748451878, 49, 54, 61, 10, 1, 0.10%, 0, 0, 16, 2240.25
1748451883, 49, 57, 61, 9, 4, 0.10%, 0, 0, 16, 1821.68
1748451893, 49, 58, 61, 8, 3, 0.10%, 0, 0, 16, 1996.91
1748451898, 49, 58, 63, 10, 3, 0.10%, 0, 0, 17, 1907.62
1748451903, 49, 58, 65, 12, 3, 0.11%, 0, 0, 17, 2026.51
1748451908, 49, 58, 67, 14, 3, 0.11%, 0, 0, 17, 2057.11
1748451913, 49, 60, 68, 14, 4, 0.11%, 0, 0, 17, 2053.55
1748451934, 49, 65, 68, 13, 3, 0.11%, 0, 0, 17, 101.59
1748451944, 49, 65, 69, 14, 3, 0.11%, 0, 0, 18, 1686.74
1748451959, 49, 66, 71, 15, 3, 0.12%, 0, 0, 18, 1928.09
1748451975, 49, 66, 72, 16, 3, 0.12%, 0, 0, 18, 1945.26
1748451990, 49, 69, 72, 15, 2, 0.12%, 0, 0, 18, 980.77
1748452000, 49, 69, 74, 17, 2, 0.12%, 0, 0, 19, 1750.43
1748452016, 49, 73, 74, 16, 1, 0.12%, 0, 0, 19, 1808.74
1748452021, 49, 73, 75, 17, 1, 0.13%, 0, 0, 20, 1267.22
1748452036, 49, 74, 75, 16, 1, 0.13%, 0, 0, 20, 1776.37
1748452046, 49, 74, 76, 17, 1, 0.13%, 0, 0, 21, 1794.72
1748452051, 49, 74, 77, 18, 1, 0.13%, 0, 0, 21, 1954.54
1748452056, 49, 74, 78, 19, 1, 0.13%, 0, 0, 21, 1960.35
1748452061, 49, 77, 78, 18, 1, 0.13%, 0, 0, 21, 1726.14
1748452066, 49, 77, 79, 19, 1, 0.13%, 0, 0, 22, 1357.30
1748452076, 49, 77, 81, 21, 1, 0.13%, 0, 0, 22, 1822.59
1748452081, 49, 77, 82, 22, 1, 0.14%, 0, 0, 22, 1904.28
1748452092, 49, 80, 83, 22, 2, 0.14%, 0, 0, 23, 1564.55
1748452102, 49, 80, 85, 24, 2, 0.14%, 0, 0, 23, 1530.98
1748452112, 49, 80, 86, 25, 2, 0.15%, 0, 0, 23, 1866.08
1748452122, 49, 83, 89, 27, 3, 0.15%, 0, 0, 23, 1502.70
1748452142, 49, 86, 89, 26, 2, 0.15%, 0, 0, 23, 1538.24
1748452163, 49, 88, 89, 25, 1, 0.15%, 0, 0, 23, 1760.57
1748452168, 49, 88, 90, 26, 1, 0.15%, 0, 0, 24, 1242.37
1748452178, 49, 88, 99, 35, 1, 0.15%, 0, 0, 24, 1546.26
1748452183, 49, 88, 101, 37, 1, 0.16%, 0, 0, 24, 1747.35
1748452188, 49, 88, 102, 38, 1, 0.16%, 0, 0, 24, 1783.28
1748452198, 49, 100, 102, 37, 2, 0.16%, 0, 0, 24, 1375.67
1748452208, 49, 100, 103, 38, 2, 0.16%, 0, 0, 25, 1262.65
1748452214, 49, 100, 104, 39, 2, 0.19%, 0, 0, 25, 1731.26
1748452224, 49, 100, 105, 40, 2, 0.19%, 0, 0, 25, 1857.02
1748452229, 49, 101, 105, 39, 2, 0.19%, 0, 0, 25, 384.49
1748452504, 49, 103, 106, 39, 1, 0.19%, 0, 0, 26, 487.41
1748452530, 49, 103, 106, 39, 1, 0.19%, 1, 0, 26, 462.37
1748452591, 49, 103, 107, 40, 1, 0.19%, 2, 0, 26, 1007.49
1748452601, 49, 103, 107, 40, 1, 0.19%, 4, 0, 26, 1163.77
1748452611, 49, 103, 107, 40, 1, 0.19%, 5, 0, 26, 1152.98
1748452616, 49, 105, 107, 39, 1, 0.19%, 5, 0, 26, 1100.31
1748452724, 50, 48, 107, 38, 0, 0.19%, 5, 0, 26, 1831.93
1748452729, 50, 55, 107, 38, 0, 0.19%, 5, 0, 26, 1792.10
1748452744, 50, 57, 107, 37, 0, 0.19%, 5, 0, 26, 1997.92
1748452749, 50, 60, 107, 37, 0, 0.19%, 5, 0, 26, 1740.90
1748452754, 50, 64, 107, 37, 0, 0.19%, 5, 0, 26, 1353.88
1748452769, 50, 66, 107, 36, 0, 0.19%, 5, 0, 26, 1764.10
1748452774, 50, 68, 107, 36, 0, 0.19%, 5, 0, 26, 1620.69
1748452795, 50, 70, 107, 35, 0, 0.19%, 5, 0, 26, 1501.54
1748452810, 50, 75, 107, 34, 0, 0.19%, 5, 0, 26, 1629.51
1748452830, 50, 76, 107, 33, 0, 0.19%, 5, 0, 26, 1565.71
1748452856, 50, 77, 107, 32, 0, 0.19%, 5, 0, 26, 1828.09
1748452861, 50, 87, 107, 32, 0, 0.19%, 5, 0, 26, 1743.33
1748452886, 50, 89, 107, 31, 0, 0.19%, 5, 0, 26, 1577.33
1748452912, 50, 90, 107, 30, 0, 0.19%, 5, 0, 26, 446.62
1748453044, 50, 91, 107, 29, 0, 0.19%, 5, 0, 26, 967.33
1748453100, 50, 97, 107, 28, 0, 0.19%, 5, 0, 26, 219.52
1748453447, 50, 98, 107, 27, 0, 0.19%, 5, 0, 26, 660.15
1748453559, 50, 103, 107, 26, 0, 0.19%, 5, 0, 26, 1132.48
1748453564, 50, 105, 107, 26, 0, 0.19%, 5, 0, 26, 1251.56
1748453569, 51, 47, 107, 26, 0, 0.19%, 5, 0, 26, 1741.94
1748453574, 51, 50, 107, 26, 0, 0.19%, 5, 0, 26, 1886.54
1748453579, 51, 60, 107, 26, 0, 0.19%, 5, 0, 26, 1961.96
1748453585, 51, 61, 107, 26, 0, 0.19%, 5, 0, 26, 1626.60
1748453600, 51, 66, 107, 25, 0, 0.19%, 5, 0, 26, 1947.35
1748453605, 51, 71, 107, 25, 0, 0.19%, 5, 0, 26, 1539.70
1748453625, 51, 75, 107, 24, 0, 0.19%, 5, 0, 26, 1751.57
1748453630, 51, 77, 107, 24, 0, 0.19%, 5, 0, 26, 1795.74
1748453635, 51, 78, 107, 24, 0, 0.19%, 5, 0, 26, 1404.12
1748453656, 51, 81, 107, 23, 0, 0.19%, 5, 0, 26, 1603.19
1748453681, 51, 84, 107, 22, 0, 0.19%, 5, 0, 26, 1484.11
1748453707, 51, 85, 107, 21, 0, 0.19%, 5, 0, 26, 1633.33
1748453737, 51, 88, 107, 20, 0, 0.19%, 5, 0, 26, 1800.62
1748453742, 51, 92, 107, 20, 0, 0.19%, 5, 0, 26, 1199.53
1748453804, 51, 96, 107, 19, 0, 0.19%, 5, 0, 26, 1176.76
1748453890, 51, 102, 107, 18, 0, 0.19%, 5, 0, 26, 1024.87
1748453921, 51, 105, 107, 17, 0, 0.19%, 6, 0, 26, 1484.22
1748453926, 52, 42, 107, 17, 0, 0.19%, 6, 0, 26, 1517.20
1748453941, 52, 48, 107, 16, 0, 0.19%, 6, 0, 26, 1873.54
1748453947, 52, 56, 107, 16, 0, 0.19%, 6, 0, 26, 1820.43
1748453967, 52, 59, 107, 15, 0, 0.19%, 6, 0, 26, 1796.04
1748453987, 52, 62, 107, 14, 0, 0.19%, 6, 0, 26, 1762.88
1748454008, 52, 67, 107, 13, 0, 0.19%, 6, 0, 26, 1790.37
1748454028, 52, 77, 107, 12, 0, 0.19%, 6, 0, 26, 1829.43
1748454033, 52, 79, 107, 12, 0, 0.19%, 6, 0, 26, 1656.89
1748454059, 52, 86, 107, 11, 0, 0.19%, 6, 0, 26, 1773.93
1748454064, 52, 96, 107, 11, 0, 0.19%, 6, 0, 26, 1640.91
1748454069, 52, 99, 107, 11, 0, 0.19%, 6, 0, 26, 1381.30
1748454094, 52, 103, 107, 10, 0, 0.19%, 6, 0, 26, 1346.65
1748454100, 52, 105, 107, 10, 0, 0.19%, 6, 0, 26, 1215.47
1748454105, 53, 46, 107, 10, 0, 0.19%, 6, 0, 26, 1618.66
1748454110, 53, 49, 107, 10, 0, 0.19%, 6, 0, 26, 1718.66
1748454125, 53, 50, 107, 9, 0, 0.19%, 6, 0, 26, 1905.12
1748454130, 53, 57, 107, 9, 0, 0.19%, 6, 0, 26, 1947.71
1748454135, 53, 61, 107, 9, 0, 0.19%, 6, 0, 26, 1903.07
1748454140, 53, 66, 107, 9, 0, 0.19%, 6, 0, 26, 1883.86
1748454145, 53, 86, 107, 9, 0, 0.19%, 6, 0, 26, 1802.14
1748454151, 53, 103, 107, 9, 0, 0.19%, 6, 0, 26, 1367.75
1748454156, 53, 105, 107, 9, 0, 0.19%, 6, 0, 26, 1332.45
1748454161, 54, 45, 107, 9, 0, 0.19%, 6, 0, 26, 1644.42
1748454171, 54, 46, 107, 8, 0, 0.19%, 6, 0, 26, 2005.55
1748454176, 54, 48, 107, 8, 0, 0.19%, 6, 0, 26, 1964.17
1748454181, 54, 57, 107, 8, 0, 0.19%, 6, 0, 26, 1995.81
1748454186, 54, 66, 107, 8, 0, 0.19%, 6, 0, 26, 1910.47
1748454191, 54, 86, 107, 8, 0, 0.19%, 6, 0, 26, 1796.66
1748454196, 54, 92, 107, 8, 0, 0.19%, 6, 0, 26, 1600.59
1748454201, 54, 101, 107, 8, 0, 0.19%, 6, 0, 26, 1272.84
1748454206, 54, 104, 107, 8, 0, 0.19%, 6, 0, 26, 1244.04
1748454277, 54, 105, 107, 7, 0, 0.19%, 6, 0, 26, 1267.04
1748454282, 55, 47, 107, 7, 0, 0.19%, 6, 0, 26, 1723.89
1748454288, 55, 50, 107, 7, 0, 0.19%, 6, 0, 26, 1882.55
1748454293, 55, 57, 107, 7, 0, 0.19%, 6, 0, 26, 1946.99
1748454298, 55, 66, 107, 7, 0, 0.19%, 6, 0, 26, 1977.62
1748454303, 55, 77, 107, 7, 0, 0.19%, 6, 0, 26, 1942.81
1748454308, 55, 82, 107, 7, 0, 0.19%, 6, 0, 26, 1369.92
1748454328, 55, 86, 107, 6, 0, 0.19%, 6, 0, 26, 1697.52
1748454333, 55, 93, 107, 6, 0, 0.19%, 6, 0, 26, 1461.53
1748454359, 55, 101, 107, 5, 0, 0.19%, 6, 0, 26, 1425.68
1748454364, 55, 103, 107, 5, 0, 0.19%, 7, 0, 26, 1313.12
1748454369, 56, 36, 107, 5, 0, 0.19%, 7, 0, 26, 1504.79
1748454374, 56, 47, 107, 5, 0, 0.19%, 7, 0, 26, 1911.57
1748454379, 56, 57, 107, 5, 0, 0.19%, 7, 0, 26, 1831.75
1748454384, 56, 60, 107, 5, 0, 0.19%, 7, 0, 26, 1897.04
1748454389, 56, 77, 107, 5, 0, 0.19%, 7, 0, 26, 1789.64
1748454394, 56, 86, 107, 5, 0, 0.19%, 7, 0, 26, 1666.47
1748454399, 56, 101, 107, 5, 0, 0.19%, 7, 0, 26, 1576.48
1748454404, 56, 105, 107, 5, 0, 0.19%, 7, 0, 26, 1316.90
1748454409, 57, 46, 107, 5, 0, 0.19%, 7, 0, 26, 1602.28
1748454414, 57, 48, 107, 5, 0, 0.19%, 7, 0, 26, 1755.98
1748454419, 57, 53, 107, 5, 0, 0.19%, 7, 0, 26, 1876.29
1748454424, 57, 57, 107, 5, 0, 0.19%, 7, 0, 26, 1858.10
1748454430, 57, 66, 107, 5, 0, 0.19%, 7, 0, 26, 1892.77
1748454435, 57, 77, 107, 5, 0, 0.19%, 7, 0, 26, 1865.15
1748454440, 57, 86, 107, 5, 0, 0.19%, 7, 0, 26, 1734.82
1748454445, 57, 103, 107, 5, 0, 0.19%, 7, 0, 26, 1279.66
1748454450, 57, 105, 107, 5, 0, 0.19%, 7, 0, 26, 1259.87
1748454455, 58, 46, 107, 5, 0, 0.19%, 7, 0, 26, 1768.52
1748454460, 58, 50, 107, 5, 0, 0.19%, 7, 0, 26, 1815.53
1748454465, 58, 60, 107, 5, 0, 0.19%, 7, 0, 26, 1942.96
1748454470, 58, 66, 107, 5, 0, 0.19%, 7, 0, 26, 1980.97
1748454475, 58, 77, 107, 5, 0, 0.19%, 7, 0, 26, 1845.53
1748454480, 58, 81, 107, 5, 0, 0.19%, 7, 0, 26, 1723.19
1748454486, 58, 92, 107, 5, 0, 0.19%, 7, 0, 26, 1623.92
1748454491, 58, 103, 107, 5, 0, 0.19%, 7, 0, 26, 1370.75
1748454496, 58, 105, 107, 5, 0, 0.19%, 7, 0, 26, 1375.00
1748454501, 59, 46, 107, 5, 0, 0.19%, 7, 0, 26, 1587.08
1748454506, 59, 48, 107, 5, 0, 0.19%, 7, 0, 26, 1837.22
1748454511, 59, 56, 107, 5, 0, 0.19%, 7, 0, 26, 1931.19
1748454516, 59, 60, 107, 5, 0, 0.19%, 7, 0, 26, 1891.40
1748454521, 59, 66, 107, 5, 0, 0.19%, 7, 0, 26, 1913.34
1748454526, 59, 86, 107, 5, 0, 0.19%, 7, 0, 26, 1763.29
1748454531, 59, 88, 107, 5, 0, 0.19%, 7, 0, 26, 1741.13
1748454536, 59, 103, 107, 5, 0, 0.19%, 7, 0, 26, 1290.15
1748454541, 59, 105, 107, 5, 0, 0.19%, 7, 0, 26, 1266.14
1748454546, 59, 106, 107, 5, 0, 0.19%, 7, 0, 26, 737.75
1748454653, 59, 106, 107, 5, 0, 0.19%, 8, 0, 26, 619.51
1748454669, 60, 47, 107, 4, 0, 0.19%, 8, 0, 26, 1667.12
1748454674, 60, 50, 107, 4, 0, 0.19%, 8, 0, 26, 1902.38
1748454679, 60, 60, 107, 4, 0, 0.19%, 8, 0, 26, 1867.77
1748454684, 60, 66, 107, 4, 0, 0.19%, 8, 0, 26, 1795.10
1748454689, 60, 72, 107, 4, 0, 0.19%, 8, 0, 26, 1731.01
1748454710, 60, 77, 107, 3, 0, 0.19%, 8, 0, 26, 1799.12
1748454715, 60, 86, 107, 3, 0, 0.19%, 8, 0, 26, 1624.71
1748454720, 60, 94, 107, 3, 0, 0.19%, 8, 0, 26, 913.41
1748454827, 60, 95, 107, 2, 0, 0.19%, 8, 0, 26, 1045.96
1748454878, 60, 103, 107, 1, 0, 0.19%, 8, 0, 26, 1214.73
1748454883, 60, 105, 107, 1, 0, 0.19%, 8, 0, 26, 1252.35
1748454888, 61, 46, 107, 1, 0, 0.19%, 8, 0, 26, 1781.45
1748454894, 61, 57, 107, 1, 0, 0.19%, 8, 0, 26, 1930.62
1748454899, 61, 66, 107, 1, 0, 0.19%, 8, 0, 26, 1998.43
1748454904, 61, 86, 107, 1, 0, 0.19%, 8, 0, 26, 1806.28
1748454909, 61, 105, 107, 1, 0, 0.19%, 8, 0, 26, 1455.12
1748454914, 62, 57, 107, 1, 0, 0.19%, 8, 0, 26, 1761.54
1748454919, 62, 101, 107, 1, 0, 0.19%, 8, 0, 26, 1788.98
1748454924, 63, 41, 107, 1, 0, 0.19%, 8, 0, 26, 1814.71
1748454929, 63, 64, 107, 1, 0, 0.19%, 8, 0, 26, 1897.90
1748454934, 63, 73, 107, 1, 0, 0.19%, 8, 0, 26, 1857.35
1748454939, 63, 80, 107, 1, 0, 0.19%, 8, 0, 26, 1826.02
1748454944, 63, 86, 107, 1, 0, 0.19%, 8, 0, 26, 1711.40
1748454949, 64, 46, 107, 1, 0, 0.19%, 8, 0, 26, 1696.60
1748454954, 64, 61, 107, 1, 0, 0.19%, 8, 0, 26, 1899.85
1748454960, 64, 63, 107, 1, 0, 0.19%, 8, 0, 26, 1502.22
1748454980, 64, 70, 107, 0, 0, 0.19%, 8, 0, 26, 1806.98
1748454985, 64, 105, 107, 0, 0, 0.19%, 8, 0, 26, 1519.50
1748454990, 65, 40, 107, 0, 0, 0.19%, 8, 0, 26, 1625.80
1748454995, 65, 60, 107, 0, 0, 0.19%, 8, 0, 26, 1906.21
1748455000, 65, 84, 107, 0, 0, 0.19%, 8, 0, 26, 1797.91
1748455005, 65, 103, 107, 0, 0, 0.19%, 8, 0, 26, 1418.07
1748455011, 66, 47, 107, 0, 0, 0.19%, 8, 0, 26, 1658.37
1748455016, 66, 73, 107, 0, 0, 0.19%, 8, 0, 26, 1799.50
1748455021, 66, 76, 107, 0, 0, 0.19%, 8, 0, 26, 1774.16
1748455026, 66, 100, 107, 0, 0, 0.19%, 8, 0, 26, 1752.10
1748455031, 66, 104, 107, 0, 0, 0.19%, 8, 0, 26, 1486.05
1748455036, 67, 52, 107, 0, 0, 0.19%, 8, 0, 26, 1803.25
1748455041, 67, 53, 107, 0, 0, 0.19%, 8, 0, 26, 1874.14
1748455046, 67, 63, 107, 0, 0, 0.19%, 8, 0, 26, 1863.76
1748455051, 67, 75, 107, 0, 0, 0.19%, 8, 0, 26, 1885.04
1748455056, 67, 81, 107, 0, 0, 0.19%, 8, 0, 26, 1845.73
1748455061, 67, 87, 107, 0, 0, 0.19%, 8, 0, 26, 1803.12
1748455066, 67, 102, 107, 0, 0, 0.19%, 8, 0, 26, 1582.87
1748455071, 67, 105, 107, 0, 0, 0.19%, 8, 0, 26, 1583.55
1748455077, 68, 58, 107, 0, 0, 0.19%, 8, 0, 26, 1881.10
1748455082, 68, 72, 107, 0, 0, 0.19%, 8, 0, 26, 1815.80
1748455087, 68, 99, 107, 0, 0, 0.19%, 8, 0, 26, 1803.48
1748455092, 68, 105, 107, 0, 0, 0.19%, 8, 0, 26, 1495.59
1748455097, 69, 66, 107, 0, 0, 0.19%, 8, 0, 26, 1832.20
1748455102, 69, 86, 107, 0, 0, 0.19%, 8, 0, 26, 1863.10
1748455107, 70, 44, 107, 0, 0, 0.19%, 8, 0, 26, 1758.31
1748455112, 70, 55, 107, 0, 0, 0.19%, 8, 0, 26, 1889.62
1748455117, 70, 58, 107, 0, 0, 0.19%, 8, 0, 26, 2008.42
1748455122, 70, 72, 107, 0, 0, 0.19%, 8, 0, 26, 2005.22
1748455127, 70, 84, 107, 0, 0, 0.19%, 8, 0, 26, 1870.27
1748455132, 70, 89, 107, 0, 0, 0.19%, 8, 0, 26, 1882.36
1748455138, 70, 93, 107, 0, 0, 0.19%, 8, 0, 26, 1926.78
1748455143, 71, 47, 107, 0, 0, 0.19%, 8, 0, 26, 1621.02
1748455148, 71, 73, 107, 0, 0, 0.19%, 8, 0, 26, 1902.70
1748455153, 71, 94, 107, 0, 0, 0.19%, 8, 0, 26, 1787.22
1748455158, 71, 105, 107, 0, 0, 0.19%, 8, 0, 26, 1427.95
1748455163, 72, 60, 107, 0, 0, 0.19%, 8, 0, 26, 1998.66
1748455168, 72, 77, 107, 0, 0, 0.19%, 8, 0, 26, 2015.41
