# unix_time, cycles_done, cur_path, paths_total, pending_total, pending_favs, map_size, unique_crashes, unique_hangs, max_depth, execs_per_sec
1747410031, 0, 0, 1, 1, 1, 0.03%, 0, 0, 1, 666.67
1747410036, 0, 3, 7, 5, 2, 0.05%, 0, 0, 3, 903.72
1747410041, 0, 8, 10, 5, 1, 0.05%, 0, 0, 5, 925.39
1747410046, 1, 3, 11, 5, 0, 0.05%, 0, 0, 5, 938.35
1747410051, 1, 10, 15, 8, 0, 0.05%, 0, 0, 6, 921.57
1747410056, 1, 14, 16, 8, 0, 0.05%, 0, 0, 7, 903.58
1747410061, 1, 14, 18, 10, 0, 0.05%, 0, 0, 7, 917.90
1747410066, 1, 14, 19, 11, 0, 0.05%, 0, 0, 7, 922.90
1747410092, 1, 16, 19, 10, 0, 0.05%, 0, 0, 7, 880.14
1747410102, 2, 11, 19, 8, 0, 0.05%, 0, 0, 7, 920.36
1747410107, 4, 0, 19, 7, 0, 0.05%, 0, 0, 7, 933.97
1747410112, 4, 7, 19, 6, 0, 0.05%, 0, 0, 7, 938.12
1747410117, 4, 12, 21, 7, 0, 0.05%, 0, 0, 7, 924.99
1747410122, 4, 12, 22, 8, 0, 0.05%, 0, 0, 7, 934.19
1747410127, 4, 15, 22, 7, 0, 0.05%, 0, 0, 7, 953.96
1747410132, 4, 19, 22, 6, 0, 0.05%, 0, 0, 7, 944.53
1747410147, 5, 17, 22, 5, 0, 0.05%, 0, 0, 7, 903.74
1747410152, 5, 18, 22, 4, 0, 0.05%, 0, 0, 7, 904.24
1747410157, 5, 18, 23, 5, 0, 0.05%, 0, 0, 8, 903.90
1747410162, 5, 18, 24, 6, 0, 0.05%, 0, 0, 8, 918.19
1747410178, 5, 22, 25, 6, 0, 0.05%, 0, 0, 9, 791.58
1747410183, 5, 22, 26, 7, 0, 0.05%, 0, 0, 9, 830.32
1747410188, 5, 22, 27, 8, 0, 0.05%, 0, 0, 9, 824.92
1747410203, 5, 23, 27, 7, 0, 0.05%, 0, 0, 9, 847.22
1747410229, 6, 13, 27, 6, 0, 0.05%, 0, 0, 9, 854.28
1747410239, 7, 21, 27, 5, 0, 0.05%, 0, 0, 9, 844.14
1747410244, 7, 21, 28, 6, 0, 0.05%, 0, 0, 9, 852.57
1747410264, 8, 7, 28, 5, 0, 0.05%, 0, 0, 9, 864.23
1747410269, 8, 27, 30, 7, 0, 0.05%, 0, 0, 9, 789.28
1747410290, 9, 2, 30, 6, 0, 0.05%, 0, 0, 9, 851.94
1747410295, 9, 26, 30, 6, 0, 0.05%, 0, 0, 9, 670.46
1747410315, 9, 28, 30, 5, 0, 0.05%, 0, 0, 9, 741.99
1747410320, 9, 28, 31, 6, 0, 0.05%, 0, 0, 9, 801.10
1747410325, 9, 28, 32, 7, 0, 0.05%, 0, 0, 9, 832.42
1747410341, 9, 31, 32, 6, 0, 0.05%, 0, 0, 9, 772.85
1747410356, 9, 31, 33, 7, 0, 0.05%, 0, 0, 9, 813.32
1747410376, 10, 25, 33, 6, 0, 0.05%, 0, 0, 9, 776.02
1747410397, 10, 26, 33, 5, 0, 0.05%, 0, 0, 9, 812.27
1747410402, 11, 17, 33, 5, 0, 0.05%, 0, 0, 9, 845.29
1747410407, 11, 29, 33, 5, 0, 0.05%, 0, 0, 9, 795.63
1747410422, 12, 23, 33, 4, 0, 0.05%, 0, 0, 9, 853.13
1747410427, 12, 30, 33, 4, 0, 0.05%, 0, 0, 9, 733.69
1747410448, 13, 3, 33, 3, 0, 0.05%, 0, 0, 9, 834.52
1747410453, 13, 25, 33, 3, 0, 0.05%, 0, 0, 9, 809.21
1747410458, 14, 8, 33, 3, 0, 0.05%, 0, 0, 9, 826.82
1747410463, 14, 32, 33, 3, 0, 0.05%, 0, 0, 9, 562.12
1747410483, 15, 8, 33, 2, 0, 0.05%, 0, 0, 9, 833.58
1747410488, 15, 20, 33, 2, 0, 0.05%, 0, 0, 9, 848.95
1747410504, 16, 27, 33, 1, 0, 0.05%, 0, 0, 9, 796.94
1747410509, 17, 3, 33, 1, 0, 0.05%, 0, 0, 9, 820.71
1747410514, 17, 27, 33, 1, 0, 0.05%, 0, 0, 9, 831.77
1747410519, 18, 16, 33, 1, 0, 0.05%, 0, 0, 9, 844.96
1747410524, 19, 13, 33, 1, 0, 0.05%, 0, 0, 9, 859.32
1747410529, 19, 28, 33, 1, 0, 0.05%, 0, 0, 9, 841.95
1747410539, 19, 32, 33, 1, 0, 0.05%, 0, 0, 9, 756.09
1747410544, 21, 8, 33, 1, 0, 0.05%, 0, 0, 9, 835.90
1747410549, 23, 3, 33, 1, 0, 0.05%, 0, 0, 9, 851.20
1747410554, 25, 0, 33, 1, 0, 0.05%, 0, 0, 9, 847.79
1747410559, 25, 22, 33, 1, 0, 0.05%, 0, 0, 9, 823.32
1747410564, 25, 28, 33, 1, 0, 0.05%, 0, 0, 9, 816.03
1747410570, 27, 4, 33, 1, 0, 0.05%, 0, 0, 9, 838.96
1747410575, 27, 24, 33, 1, 0, 0.05%, 0, 0, 9, 734.04
1747410600, 28, 8, 33, 0, 0, 0.05%, 0, 0, 9, 848.99
1747410605, 30, 8, 33, 0, 0, 0.05%, 0, 0, 9, 873.19
1747410610, 30, 30, 33, 0, 0, 0.05%, 0, 0, 9, 829.77
1747410620, 31, 32, 33, 0, 0, 0.05%, 0, 0, 9, 799.66
1747410625, 32, 23, 33, 0, 0, 0.05%, 0, 0, 9, 789.68
1747410630, 34, 8, 33, 0, 0, 0.05%, 0, 0, 9, 811.29
1747410636, 35, 22, 33, 0, 0, 0.05%, 0, 0, 9, 803.03
1747410641, 35, 24, 33, 0, 0, 0.05%, 0, 0, 9, 719.53
1747410646, 37, 2, 33, 0, 0, 0.05%, 0, 0, 9, 826.95
1747410651, 38, 11, 33, 0, 0, 0.05%, 0, 0, 9, 839.60
1747410656, 40, 8, 33, 0, 0, 0.05%, 0, 0, 9, 865.01
1747410661, 42, 3, 33, 0, 0, 0.05%, 0, 0, 9, 860.48
1747410666, 44, 8, 33, 0, 0, 0.05%, 0, 0, 9, 854.52
1747410671, 47, 2, 33, 0, 0, 0.05%, 0, 0, 9, 842.48
1747410676, 48, 20, 33, 0, 0, 0.05%, 0, 0, 9, 829.36
1747410681, 50, 4, 33, 0, 0, 0.05%, 0, 0, 9, 811.78
1747410686, 51, 25, 33, 0, 0, 0.05%, 0, 0, 9, 799.18
1747410691, 52, 24, 33, 0, 0, 0.05%, 0, 0, 9, 815.71
1747410697, 54, 20, 33, 0, 0, 0.05%, 0, 0, 9, 844.02
1747410702, 55, 8, 33, 0, 0, 0.05%, 0, 0, 9, 857.68
1747410707, 55, 27, 33, 0, 0, 0.05%, 0, 0, 9, 844.68
1747410712, 57, 0, 33, 0, 0, 0.05%, 0, 0, 9, 843.10
1747410717, 58, 2, 33, 0, 0, 0.05%, 0, 0, 9, 829.81
1747410722, 58, 22, 33, 0, 0, 0.05%, 0, 0, 9, 844.40
1747410727, 60, 8, 33, 0, 0, 0.05%, 0, 0, 9, 867.31
1747410732, 61, 25, 33, 0, 0, 0.05%, 0, 0, 9, 823.65
1747410737, 63, 26, 34, 1, 0, 0.05%, 0, 0, 10, 811.93
1747410743, 64, 30, 34, 1, 0, 0.05%, 0, 0, 10, 833.97
1747410748, 65, 4, 34, 1, 0, 0.05%, 0, 0, 10, 856.27
1747410753, 67, 2, 34, 1, 0, 0.05%, 0, 0, 10, 876.78
1747410758, 68, 8, 34, 1, 0, 0.05%, 0, 0, 10, 880.99
1747410763, 68, 33, 34, 1, 0, 0.05%, 0, 0, 10, 565.03
1747410788, 68, 33, 36, 3, 0, 0.05%, 0, 0, 11, 598.87
1747410799, 68, 33, 38, 5, 0, 0.05%, 0, 0, 11, 649.92
1747410824, 68, 35, 38, 4, 0, 0.05%, 0, 0, 11, 717.88
1747410881, 69, 15, 38, 3, 0, 0.05%, 0, 0, 11, 820.81
1747410886, 69, 31, 38, 3, 0, 0.05%, 0, 0, 11, 752.37
1747410896, 69, 33, 38, 3, 0, 0.05%, 0, 0, 11, 780.12
1747410901, 70, 15, 38, 3, 0, 0.05%, 0, 0, 11, 821.79
1747410906, 70, 34, 38, 3, 0, 0.05%, 0, 0, 11, 640.28
1747410952, 71, 8, 38, 2, 0, 0.05%, 0, 0, 11, 833.43
1747410957, 72, 5, 38, 2, 0, 0.05%, 0, 0, 11, 862.20
1747410962, 73, 14, 38, 2, 0, 0.05%, 0, 0, 11, 821.19
1747410967, 73, 37, 38, 2, 0, 0.05%, 0, 0, 11, 525.78
1747411028, 73, 37, 39, 3, 0, 0.05%, 0, 0, 12, 534.92
1747411044, 74, 2, 39, 2, 0, 0.05%, 0, 0, 12, 720.32
1747411049, 75, 0, 39, 2, 0, 0.05%, 0, 0, 12, 813.04
1747411054, 75, 36, 39, 2, 0, 0.05%, 0, 0, 12, 133.66
1747411201, 76, 17, 39, 1, 0, 0.05%, 0, 0, 12, 758.23
1747411206, 76, 34, 39, 1, 0, 0.05%, 0, 0, 12, 765.26
1747411211, 77, 8, 39, 1, 0, 0.05%, 0, 0, 12, 847.33
1747411216, 77, 38, 39, 1, 0, 0.05%, 0, 0, 12, 197.24
1747411363, 78, 8, 39, 0, 0, 0.05%, 0, 0, 12, 789.19
1747411368, 80, 0, 39, 0, 0, 0.05%, 0, 0, 12, 862.70
1747411374, 80, 22, 39, 0, 0, 0.05%, 0, 0, 12, 844.27
1747411379, 81, 3, 39, 0, 0, 0.05%, 0, 0, 12, 839.00
1747411384, 82, 9, 39, 0, 0, 0.05%, 0, 0, 12, 855.03
1747411389, 83, 29, 39, 0, 0, 0.05%, 0, 0, 12, 848.80
1747411399, 83, 34, 39, 0, 0, 0.05%, 0, 0, 12, 784.45
1747411404, 84, 12, 39, 0, 0, 0.05%, 0, 0, 12, 801.50
1747411409, 84, 35, 39, 0, 0, 0.05%, 0, 0, 12, 660.71
1747411414, 85, 2, 39, 0, 0, 0.05%, 0, 0, 12, 708.77
1747411419, 85, 24, 39, 0, 0, 0.05%, 0, 0, 12, 786.87
1747411424, 85, 35, 40, 1, 0, 0.05%, 0, 0, 12, 713.03
1747411430, 86, 8, 40, 1, 0, 0.05%, 0, 0, 12, 786.16
1747411435, 87, 21, 40, 1, 0, 0.05%, 0, 0, 12, 800.33
1747411440, 88, 16, 40, 1, 0, 0.05%, 0, 0, 12, 818.94
1747411445, 88, 36, 40, 1, 0, 0.05%, 0, 0, 12, 699.89
1747411455, 90, 4, 40, 1, 0, 0.05%, 0, 0, 12, 791.07
1747411460, 90, 10, 40, 1, 0, 0.05%, 0, 0, 12, 816.12
1747411465, 91, 14, 40, 1, 0, 0.05%, 0, 0, 12, 822.31
1747411470, 91, 39, 40, 1, 0, 0.05%, 0, 0, 12, 431.44
1747412002, 92, 3, 40, 0, 0, 0.05%, 0, 0, 12, 641.45
1747412007, 92, 39, 40, 0, 0, 0.05%, 0, 0, 12, 644.84
1747412012, 93, 30, 40, 0, 0, 0.05%, 0, 0, 12, 770.86
1747412017, 93, 33, 40, 0, 0, 0.05%, 0, 0, 12, 749.76
1747412027, 93, 37, 40, 0, 0, 0.05%, 0, 0, 12, 772.57
1747412032, 94, 32, 40, 0, 0, 0.05%, 0, 0, 12, 823.88
1747412037, 95, 15, 40, 0, 0, 0.05%, 0, 0, 12, 826.13
1747412042, 96, 12, 40, 0, 0, 0.05%, 0, 0, 12, 831.66
1747412047, 96, 34, 40, 0, 0, 0.05%, 0, 0, 12, 725.59
1747412058, 97, 8, 40, 0, 0, 0.05%, 0, 0, 12, 823.03
1747412063, 98, 8, 40, 0, 0, 0.05%, 0, 0, 12, 825.91
1747412068, 100, 2, 40, 0, 0, 0.05%, 0, 0, 12, 804.68
1747412073, 100, 23, 40, 0, 0, 0.05%, 0, 0, 12, 769.73
1747412078, 101, 0, 40, 0, 0, 0.05%, 0, 0, 12, 757.21
1747412083, 101, 39, 40, 0, 0, 0.05%, 0, 0, 12, 593.00
1747412088, 102, 14, 40, 0, 0, 0.05%, 0, 0, 12, 789.68
1747412093, 104, 2, 40, 0, 0, 0.05%, 0, 0, 12, 856.72
1747412098, 104, 16, 40, 0, 0, 0.05%, 0, 0, 12, 813.29
1747412103, 105, 8, 40, 0, 0, 0.05%, 0, 0, 12, 839.94
1747412108, 106, 10, 40, 0, 0, 0.05%, 0, 0, 12, 848.33
1747412114, 107, 2, 40, 0, 0, 0.05%, 0, 0, 12, 845.54
1747412119, 107, 24, 40, 0, 0, 0.05%, 0, 0, 12, 814.56
1747412124, 107, 34, 40, 0, 0, 0.05%, 0, 0, 12, 725.58
1747412134, 108, 27, 40, 0, 0, 0.05%, 0, 0, 12, 810.26
1747412139, 110, 4, 40, 0, 0, 0.05%, 0, 0, 12, 846.62
1747412144, 110, 37, 40, 0, 0, 0.05%, 0, 0, 12, 694.55
1747412149, 111, 3, 40, 0, 0, 0.05%, 0, 0, 12, 776.70
1747412154, 112, 2, 40, 0, 0, 0.05%, 0, 0, 12, 826.19
1747412159, 113, 0, 40, 0, 0, 0.05%, 0, 0, 12, 812.11
1747412165, 113, 10, 40, 0, 0, 0.05%, 0, 0, 12, 813.15
1747412170, 114, 8, 40, 0, 0, 0.05%, 0, 0, 12, 846.19
1747412175, 115, 8, 40, 0, 0, 0.05%, 0, 0, 12, 863.73
1747412180, 116, 12, 40, 0, 0, 0.05%, 0, 0, 12, 833.38
1747412185, 116, 37, 40, 0, 0, 0.05%, 0, 0, 12, 760.72
1747412190, 117, 8, 40, 0, 0, 0.05%, 0, 0, 12, 829.87
1747412195, 117, 33, 40, 0, 0, 0.05%, 0, 0, 12, 788.19
1747412205, 118, 4, 40, 0, 0, 0.05%, 0, 0, 12, 834.76
1747412210, 118, 23, 40, 0, 0, 0.05%, 0, 0, 12, 807.87
1747412215, 118, 33, 40, 0, 0, 0.05%, 0, 0, 12, 751.53
1747412220, 119, 8, 40, 0, 0, 0.05%, 0, 0, 12, 842.52
1747412225, 119, 31, 40, 0, 0, 0.05%, 0, 0, 12, 843.69
1747412230, 119, 33, 40, 0, 0, 0.05%, 0, 0, 12, 767.91
1747412235, 119, 35, 40, 0, 0, 0.05%, 0, 0, 12, 744.40
1747412245, 120, 8, 40, 0, 0, 0.05%, 0, 0, 12, 842.42
1747412250, 121, 2, 40, 0, 0, 0.05%, 0, 0, 12, 832.32
1747412256, 122, 0, 40, 0, 0, 0.05%, 0, 0, 12, 817.00
1747412261, 123, 0, 40, 0, 0, 0.05%, 0, 0, 12, 824.25
1747412266, 124, 4, 40, 0, 0, 0.05%, 0, 0, 12, 849.68
1747412271, 124, 32, 40, 0, 0, 0.05%, 0, 0, 12, 811.54
1747412276, 125, 28, 40, 0, 0, 0.05%, 0, 0, 12, 815.49
1747412281, 126, 19, 40, 0, 0, 0.05%, 0, 0, 12, 859.63
1747412286, 126, 34, 40, 0, 0, 0.05%, 0, 0, 12, 766.78
1747412291, 127, 2, 40, 0, 0, 0.05%, 0, 0, 12, 831.24
1747412296, 127, 28, 40, 0, 0, 0.05%, 0, 0, 12, 832.50
1747412301, 128, 37, 40, 0, 0, 0.05%, 0, 0, 12, 755.06
1747412306, 129, 0, 40, 0, 0, 0.05%, 0, 0, 12, 808.45
1747412311, 129, 37, 40, 0, 0, 0.05%, 0, 0, 12, 792.81
1747412322, 131, 0, 40, 0, 0, 0.05%, 0, 0, 12, 781.04
1747412327, 132, 2, 40, 0, 0, 0.05%, 0, 0, 12, 844.02
1747412332, 132, 8, 40, 0, 0, 0.05%, 0, 0, 12, 835.61
1747412337, 133, 8, 40, 0, 0, 0.05%, 0, 0, 12, 851.50
1747412342, 133, 38, 40, 0, 0, 0.05%, 0, 0, 12, 728.97
1747412347, 134, 8, 40, 0, 0, 0.05%, 0, 0, 12, 830.82
1747412352, 134, 39, 40, 0, 0, 0.05%, 0, 0, 12, 606.96
1747412357, 136, 3, 40, 0, 0, 0.05%, 0, 0, 12, 822.38
1747412362, 136, 30, 40, 0, 0, 0.05%, 0, 0, 12, 778.01
1747412367, 137, 23, 40, 0, 0, 0.05%, 0, 0, 12, 797.67
1747412372, 137, 32, 40, 0, 0, 0.05%, 0, 0, 12, 737.76
1747412377, 138, 19, 40, 0, 0, 0.05%, 0, 0, 12, 817.96
1747412382, 138, 35, 40, 0, 0, 0.05%, 0, 0, 12, 746.15
1747412388, 139, 3, 40, 0, 0, 0.05%, 0, 0, 12, 816.11
1747412393, 140, 8, 40, 0, 0, 0.05%, 0, 0, 12, 835.11
1747412398, 141, 9, 40, 0, 0, 0.05%, 0, 0, 12, 820.70
1747412403, 142, 33, 40, 0, 0, 0.05%, 0, 0, 12, 815.65
1747412413, 143, 8, 40, 0, 0, 0.05%, 0, 0, 12, 850.56
1747412418, 144, 8, 40, 0, 0, 0.05%, 0, 0, 12, 850.41
1747412423, 145, 15, 40, 0, 0, 0.05%, 0, 0, 12, 846.30
1747412428, 145, 32, 40, 0, 0, 0.05%, 0, 0, 12, 791.50
1747412433, 146, 39, 40, 0, 0, 0.05%, 0, 0, 12, 803.72
1747412438, 147, 8, 40, 0, 0, 0.05%, 0, 0, 12, 785.18
1747412443, 147, 36, 40, 0, 0, 0.05%, 0, 0, 12, 710.30
1747412448, 148, 2, 40, 0, 0, 0.05%, 0, 0, 12, 791.10
1747412453, 148, 37, 40, 0, 0, 0.05%, 0, 0, 12, 673.44
1747412459, 149, 4, 40, 0, 0, 0.05%, 0, 0, 12, 775.46
1747412464, 150, 4, 40, 0, 0, 0.05%, 0, 0, 12, 849.04
1747412469, 150, 29, 40, 0, 0, 0.05%, 0, 0, 12, 816.12
1747412474, 151, 6, 40, 0, 0, 0.05%, 0, 0, 12, 839.91
1747412479, 151, 31, 40, 0, 0, 0.05%, 0, 0, 12, 826.32
1747412484, 152, 10, 40, 0, 0, 0.05%, 0, 0, 12, 846.18
1747412489, 153, 8, 40, 0, 0, 0.05%, 0, 0, 12, 859.75
1747412494, 153, 38, 40, 0, 0, 0.05%, 0, 0, 12, 655.50
1747412499, 154, 4, 40, 0, 0, 0.05%, 0, 0, 12, 791.05
1747412504, 155, 8, 40, 0, 0, 0.05%, 0, 0, 12, 832.67
1747412510, 156, 0, 40, 0, 0, 0.05%, 0, 0, 12, 816.70
1747412515, 157, 8, 40, 0, 0, 0.05%, 0, 0, 12, 845.84
1747412520, 157, 34, 40, 0, 0, 0.05%, 0, 0, 12, 736.63
1747412525, 158, 0, 40, 0, 0, 0.05%, 0, 0, 12, 818.38
1747412530, 159, 8, 40, 0, 0, 0.05%, 0, 0, 12, 871.96
1747412535, 160, 14, 40, 0, 0, 0.05%, 0, 0, 12, 836.07
1747412540, 160, 23, 40, 0, 0, 0.05%, 0, 0, 12, 834.85
1747412545, 161, 8, 40, 0, 0, 0.05%, 0, 0, 12, 742.71
1747412550, 162, 8, 40, 0, 0, 0.05%, 0, 0, 12, 836.17
1747412555, 162, 32, 40, 0, 0, 0.05%, 0, 0, 12, 774.10
1747412560, 162, 35, 40, 0, 0, 0.05%, 0, 0, 12, 709.12
1747412565, 163, 2, 40, 0, 0, 0.05%, 0, 0, 12, 739.03
1747412570, 164, 8, 40, 0, 0, 0.05%, 0, 0, 12, 846.01
1747412575, 164, 38, 40, 0, 0, 0.05%, 0, 0, 12, 758.50
1747412586, 165, 13, 40, 0, 0, 0.05%, 0, 0, 12, 803.71
1747412591, 166, 8, 40, 0, 0, 0.05%, 0, 0, 12, 785.03
1747412596, 166, 33, 40, 0, 0, 0.05%, 0, 0, 12, 792.63
1747412606, 167, 4, 40, 0, 0, 0.05%, 0, 0, 12, 811.83
1747412611, 167, 38, 40, 0, 0, 0.05%, 0, 0, 12, 776.48
1747412621, 168, 16, 40, 0, 0, 0.05%, 0, 0, 12, 830.20
1747412626, 169, 22, 40, 0, 0, 0.05%, 0, 0, 12, 839.57
1747412631, 169, 37, 40, 0, 0, 0.05%, 0, 0, 12, 730.27
1747412636, 170, 8, 40, 0, 0, 0.05%, 0, 0, 12, 838.11
1747412641, 171, 5, 40, 0, 0, 0.05%, 0, 0, 12, 843.07
1747412646, 172, 0, 40, 0, 0, 0.05%, 0, 0, 12, 760.64
1747412651, 172, 10, 40, 0, 0, 0.05%, 0, 0, 12, 778.51
1747412656, 173, 9, 40, 0, 0, 0.05%, 0, 0, 12, 775.57
1747412661, 174, 8, 40, 0, 0, 0.05%, 0, 0, 12, 792.30
1747412667, 175, 8, 40, 0, 0, 0.05%, 0, 0, 12, 785.16
1747412672, 175, 16, 40, 0, 0, 0.05%, 0, 0, 12, 781.75
1747412677, 175, 30, 40, 0, 0, 0.05%, 0, 0, 12, 738.78
1747412682, 175, 36, 40, 0, 0, 0.05%, 0, 0, 12, 664.21
1747412687, 175, 37, 40, 0, 0, 0.05%, 0, 0, 12, 565.59
1747412692, 176, 2, 40, 0, 0, 0.05%, 0, 0, 12, 732.78
1747412697, 176, 21, 40, 0, 0, 0.05%, 0, 0, 12, 754.61
1747412703, 176, 39, 40, 0, 0, 0.05%, 0, 0, 12, 718.39
1747412708, 177, 8, 40, 0, 0, 0.05%, 0, 0, 12, 738.63
1747412713, 177, 38, 40, 0, 0, 0.05%, 0, 0, 12, 703.49
1747412723, 178, 9, 40, 0, 0, 0.05%, 0, 0, 12, 729.86
1747412728, 178, 28, 40, 0, 0, 0.05%, 0, 0, 12, 722.55
1747412733, 179, 18, 40, 0, 0, 0.05%, 0, 0, 12, 775.15
1747412738, 179, 32, 40, 0, 0, 0.05%, 0, 0, 12, 766.01
1747412743, 181, 3, 40, 0, 0, 0.05%, 0, 0, 12, 785.23
1747412748, 182, 4, 40, 0, 0, 0.05%, 0, 0, 12, 814.30
1747412753, 182, 29, 40, 0, 0, 0.05%, 0, 0, 12, 803.32
1747412758, 182, 33, 40, 0, 0, 0.05%, 0, 0, 12, 681.31
1747412763, 182, 34, 40, 0, 0, 0.05%, 0, 0, 12, 661.77
1747412773, 182, 38, 40, 0, 0, 0.05%, 0, 0, 12, 484.66
1747412784, 183, 21, 40, 0, 0, 0.05%, 0, 0, 12, 733.40
1747412789, 185, 8, 40, 0, 0, 0.05%, 0, 0, 12, 814.33
1747412794, 185, 35, 40, 0, 0, 0.05%, 0, 0, 12, 763.64
1747412804, 186, 8, 40, 0, 0, 0.05%, 0, 0, 12, 833.18
1747412809, 187, 8, 40, 0, 0, 0.05%, 0, 0, 12, 810.11
1747412814, 187, 34, 40, 0, 0, 0.05%, 0, 0, 12, 714.44
1747412819, 187, 36, 40, 0, 0, 0.05%, 0, 0, 12, 727.48
1747412829, 188, 12, 40, 0, 0, 0.05%, 0, 0, 12, 785.24
1747412834, 189, 0, 40, 0, 0, 0.05%, 0, 0, 12, 787.81
1747412840, 189, 28, 40, 0, 0, 0.05%, 0, 0, 12, 818.73
1747412845, 190, 3, 40, 0, 0, 0.05%, 0, 0, 12, 788.03
1747412850, 191, 8, 40, 0, 0, 0.05%, 0, 0, 12, 751.52
1747412855, 191, 36, 40, 0, 0, 0.05%, 0, 0, 12, 552.27
1747412860, 192, 8, 40, 0, 0, 0.05%, 0, 0, 12, 712.96
1747412865, 193, 2, 40, 0, 0, 0.05%, 0, 0, 12, 788.34
1747412870, 193, 8, 40, 0, 0, 0.05%, 0, 0, 12, 770.02
1747412875, 194, 15, 40, 0, 0, 0.05%, 0, 0, 12, 799.81
1747412880, 195, 13, 40, 0, 0, 0.05%, 0, 0, 12, 758.96
1747412885, 196, 2, 40, 0, 0, 0.05%, 0, 0, 12, 741.35
1747412890, 196, 13, 40, 0, 0, 0.05%, 0, 0, 12, 757.86
1747412895, 196, 35, 40, 0, 0, 0.05%, 0, 0, 12, 775.20
1747412906, 197, 8, 40, 0, 0, 0.05%, 0, 0, 12, 794.66
1747412911, 197, 24, 40, 0, 0, 0.05%, 0, 0, 12, 801.84
1747412916, 198, 8, 40, 0, 0, 0.05%, 0, 0, 12, 830.78
1747412921, 199, 8, 40, 0, 0, 0.05%, 0, 0, 12, 828.13
1747412926, 201, 3, 40, 0, 0, 0.05%, 0, 0, 12, 819.73
1747412931, 201, 13, 40, 0, 0, 0.05%, 0, 0, 12, 759.11
1747412936, 202, 19, 40, 0, 0, 0.05%, 0, 0, 12, 767.15
1747412941, 203, 8, 40, 0, 0, 0.05%, 0, 0, 12, 743.01
1747412946, 204, 2, 40, 0, 0, 0.05%, 0, 0, 12, 736.36
1747412951, 204, 34, 40, 0, 0, 0.05%, 0, 0, 12, 690.26
1747412961, 205, 24, 40, 0, 0, 0.05%, 0, 0, 12, 792.69
1747412966, 206, 8, 40, 0, 0, 0.05%, 0, 0, 12, 790.86
1747412971, 206, 32, 40, 0, 0, 0.05%, 0, 0, 12, 789.22
1747412976, 207, 19, 40, 0, 0, 0.05%, 0, 0, 12, 822.40
1747412981, 208, 3, 40, 0, 0, 0.05%, 0, 0, 12, 841.45
1747412987, 208, 22, 40, 0, 0, 0.05%, 0, 0, 12, 807.91
1747412992, 209, 9, 40, 0, 0, 0.05%, 0, 0, 12, 844.06
1747412997, 209, 14, 40, 0, 0, 0.05%, 0, 0, 12, 802.81
1747413002, 210, 8, 40, 0, 0, 0.05%, 0, 0, 12, 819.63
1747413007, 210, 18, 40, 0, 0, 0.05%, 0, 0, 12, 800.30
1747413012, 210, 27, 40, 0, 0, 0.05%, 0, 0, 12, 793.76
1747413017, 210, 34, 40, 0, 0, 0.05%, 0, 0, 12, 718.00
1747413022, 211, 4, 40, 0, 0, 0.05%, 0, 0, 12, 790.41
1747413027, 212, 8, 40, 0, 0, 0.05%, 0, 0, 12, 801.06
1747413032, 212, 16, 40, 0, 0, 0.05%, 0, 0, 12, 782.90
1747413037, 213, 25, 40, 0, 0, 0.05%, 0, 0, 12, 812.02
1747413042, 213, 30, 40, 0, 0, 0.05%, 0, 0, 12, 715.33
1747413048, 214, 9, 40, 0, 0, 0.05%, 0, 0, 12, 772.77
1747413053, 214, 34, 40, 0, 0, 0.05%, 0, 0, 12, 691.59
1747413058, 215, 0, 40, 0, 0, 0.05%, 0, 0, 12, 790.21
1747413063, 215, 11, 40, 0, 0, 0.05%, 0, 0, 12, 808.87
1747413068, 215, 33, 40, 0, 0, 0.05%, 0, 0, 12, 764.70
1747413078, 216, 8, 40, 0, 0, 0.05%, 0, 0, 12, 818.97
1747413083, 216, 35, 40, 0, 0, 0.05%, 0, 0, 12, 720.37
1747413088, 217, 4, 40, 0, 0, 0.05%, 0, 0, 12, 824.21
1747413093, 218, 0, 40, 0, 0, 0.05%, 0, 0, 12, 812.50
1747413098, 218, 30, 40, 0, 0, 0.05%, 0, 0, 12, 794.63
1747413103, 219, 12, 40, 0, 0, 0.05%, 0, 0, 12, 829.79
1747413108, 220, 4, 40, 0, 0, 0.05%, 0, 0, 12, 841.57
1747413113, 220, 30, 40, 0, 0, 0.05%, 0, 0, 12, 759.16
1747413118, 221, 19, 40, 0, 0, 0.05%, 0, 0, 12, 808.05
1747413123, 221, 35, 40, 0, 0, 0.05%, 0, 0, 12, 723.30
1747413128, 222, 3, 40, 0, 0, 0.05%, 0, 0, 12, 826.72
1747413134, 223, 8, 40, 0, 0, 0.05%, 0, 0, 12, 843.00
1747413139, 223, 27, 40, 0, 0, 0.05%, 0, 0, 12, 801.12
1747413144, 224, 15, 40, 0, 0, 0.05%, 0, 0, 12, 822.75
1747413149, 224, 28, 40, 0, 0, 0.05%, 0, 0, 12, 788.24
1747413154, 226, 0, 40, 0, 0, 0.05%, 0, 0, 12, 766.16
1747413159, 226, 22, 40, 0, 0, 0.05%, 0, 0, 12, 772.72
1747413164, 228, 2, 40, 0, 0, 0.05%, 0, 0, 12, 776.59
1747413169, 229, 0, 40, 0, 0, 0.05%, 0, 0, 12, 770.00
1747413174, 229, 17, 40, 0, 0, 0.05%, 0, 0, 12, 742.36
1747413179, 229, 36, 40, 0, 0, 0.05%, 0, 0, 12, 666.24
1747413184, 230, 22, 40, 0, 0, 0.05%, 0, 0, 12, 758.75
1747413189, 230, 31, 40, 0, 0, 0.05%, 0, 0, 12, 751.65
1747413194, 232, 0, 40, 0, 0, 0.05%, 0, 0, 12, 782.36
1747413199, 233, 0, 40, 0, 0, 0.05%, 0, 0, 12, 794.38
1747413204, 234, 0, 40, 0, 0, 0.05%, 0, 0, 12, 780.05
1747413209, 234, 21, 40, 0, 0, 0.05%, 0, 0, 12, 786.39
1747413214, 235, 13, 40, 0, 0, 0.05%, 0, 0, 12, 749.94
1747413219, 235, 24, 40, 0, 0, 0.05%, 0, 0, 12, 749.05
1747413224, 235, 38, 40, 0, 0, 0.05%, 0, 0, 12, 697.13
1747413230, 237, 0, 40, 0, 0, 0.05%, 0, 0, 12, 735.01
1747413235, 237, 12, 40, 0, 0, 0.05%, 0, 0, 12, 755.78
1747413240, 237, 23, 40, 0, 0, 0.05%, 0, 0, 12, 756.43
1747413245, 237, 39, 40, 0, 0, 0.05%, 0, 0, 12, 569.11
1747413250, 238, 21, 40, 0, 0, 0.05%, 0, 0, 12, 741.50
1747413255, 239, 18, 40, 0, 0, 0.05%, 0, 0, 12, 754.12
1747413260, 241, 0, 40, 0, 0, 0.05%, 0, 0, 12, 770.40
1747413265, 241, 29, 40, 0, 0, 0.05%, 0, 0, 12, 762.44
1747413270, 242, 9, 40, 0, 0, 0.05%, 0, 0, 12, 793.82
1747413276, 243, 27, 40, 0, 0, 0.05%, 0, 0, 12, 772.19
1747413281, 244, 8, 40, 0, 0, 0.05%, 0, 0, 12, 787.99
1747413286, 244, 10, 40, 0, 0, 0.05%, 0, 0, 12, 779.66
1747413291, 244, 33, 40, 0, 0, 0.05%, 0, 0, 12, 693.63
1747413301, 245, 24, 40, 0, 0, 0.05%, 0, 0, 12, 762.82
1747413306, 246, 27, 40, 0, 0, 0.05%, 0, 0, 12, 764.41
1747413311, 246, 35, 40, 0, 0, 0.05%, 0, 0, 12, 687.57
1747413321, 247, 27, 40, 0, 0, 0.05%, 0, 0, 12, 796.22
1747413326, 248, 13, 40, 0, 0, 0.05%, 0, 0, 12, 813.81
1747413331, 248, 35, 40, 0, 0, 0.05%, 0, 0, 12, 728.63
1747413341, 249, 4, 40, 0, 0, 0.05%, 0, 0, 12, 783.88
1747413346, 250, 0, 40, 0, 0, 0.05%, 0, 0, 12, 766.73
1747413351, 250, 24, 40, 0, 0, 0.05%, 0, 0, 12, 791.77
1747413356, 250, 30, 40, 0, 0, 0.05%, 0, 0, 12, 762.45
1747413361, 250, 38, 40, 0, 0, 0.05%, 0, 0, 12, 681.80
1747413366, 251, 7, 40, 0, 0, 0.05%, 0, 0, 12, 790.80
1747413371, 251, 30, 40, 0, 0, 0.05%, 0, 0, 12, 771.81
1747413376, 252, 12, 40, 0, 0, 0.05%, 0, 0, 12, 796.35
1747413381, 253, 14, 40, 0, 0, 0.05%, 0, 0, 12, 799.83
1747413387, 253, 33, 40, 0, 0, 0.05%, 0, 0, 12, 751.01
1747413397, 253, 34, 40, 0, 0, 0.05%, 0, 0, 12, 664.62
1747413407, 254, 10, 40, 0, 0, 0.05%, 0, 0, 12, 778.51
1747413412, 255, 0, 40, 0, 0, 0.05%, 0, 0, 12, 780.10
1747413417, 255, 13, 40, 0, 0, 0.05%, 0, 0, 12, 791.35
1747413422, 256, 38, 40, 0, 0, 0.05%, 0, 0, 12, 685.87
1747413432, 257, 8, 40, 0, 0, 0.05%, 0, 0, 12, 734.97
1747413437, 258, 3, 40, 0, 0, 0.05%, 0, 0, 12, 759.52
1747413442, 258, 16, 40, 0, 0, 0.05%, 0, 0, 12, 741.01
1747413448, 259, 19, 40, 0, 0, 0.05%, 0, 0, 12, 791.33
1747413453, 260, 0, 40, 0, 0, 0.05%, 0, 0, 12, 781.15
1747413458, 260, 33, 40, 0, 0, 0.05%, 0, 0, 12, 717.09
1747413468, 261, 8, 40, 0, 0, 0.05%, 0, 0, 12, 777.89
1747413473, 261, 25, 40, 0, 0, 0.05%, 0, 0, 12, 733.02
1747413478, 262, 32, 40, 0, 0, 0.05%, 0, 0, 12, 771.14
1747413483, 262, 40, 41, 1, 0, 0.05%, 0, 0, 12, 621.05
1747413545, 263, 2, 41, 0, 0, 0.05%, 0, 0, 12, 785.94
1747413550, 263, 27, 41, 0, 0, 0.05%, 0, 0, 12, 785.32
1747413555, 264, 7, 41, 0, 0, 0.05%, 0, 0, 12, 822.10
1747413560, 264, 15, 41, 0, 0, 0.05%, 0, 0, 12, 830.60
1747413565, 264, 32, 41, 0, 0, 0.05%, 0, 0, 12, 797.85
1747413570, 264, 38, 41, 0, 0, 0.05%, 0, 0, 12, 694.61
1747413575, 265, 17, 41, 0, 0, 0.05%, 0, 0, 12, 794.06
1747413580, 265, 35, 41, 0, 0, 0.05%, 0, 0, 12, 728.39
1747413590, 267, 4, 41, 0, 0, 0.05%, 0, 0, 12, 813.95
1747413595, 269, 2, 41, 0, 0, 0.05%, 0, 0, 12, 832.18
1747413601, 270, 8, 41, 0, 0, 0.05%, 0, 0, 12, 855.29
1747413606, 270, 33, 41, 0, 0, 0.05%, 0, 0, 12, 764.89
1747413616, 270, 34, 41, 0, 0, 0.05%, 0, 0, 12, 743.11
1747413621, 271, 3, 41, 0, 0, 0.05%, 0, 0, 12, 791.98
1747413626, 271, 33, 41, 0, 0, 0.05%, 0, 0, 12, 745.36
