# unix_time, cycles_done, cur_path, paths_total, pending_total, pending_favs, map_size, unique_crashes, unique_hangs, max_depth, execs_per_sec
1746558726, 0, 0, 1, 1, 1, 5.01%, 0, 0, 1, 21.98
1746558732, 0, 0, 18, 18, 1, 6.21%, 0, 0, 2, 28.46
1746558737, 0, 0, 36, 36, 1, 6.21%, 0, 0, 2, 30.12
1746558742, 0, 0, 53, 53, 1, 6.21%, 0, 0, 2, 30.75
1746558747, 0, 0, 71, 71, 1, 6.21%, 0, 0, 2, 30.59
1746558752, 0, 0, 85, 85, 1, 6.48%, 0, 0, 2, 26.13
1746558757, 0, 0, 97, 97, 1, 6.76%, 0, 0, 2, 22.66
1746558762, 0, 0, 108, 108, 1, 6.76%, 0, 0, 2, 22.06
1746558767, 0, 0, 115, 115, 1, 6.85%, 0, 0, 2, 14.72
1746558772, 0, 0, 123, 123, 1, 7.58%, 0, 0, 2, 17.18
1746558777, 0, 0, 129, 129, 1, 7.61%, 0, 0, 2, 14.56
1746558782, 0, 0, 135, 135, 1, 7.63%, 0, 0, 2, 12.58
1746558787, 0, 0, 142, 142, 1, 7.63%, 0, 0, 2, 14.57
1746558793, 0, 0, 147, 147, 1, 7.63%, 0, 0, 2, 9.54
1746558798, 0, 0, 152, 152, 1, 7.69%, 0, 0, 2, 10.02
1746558803, 0, 0, 156, 156, 1, 7.69%, 0, 0, 2, 7.74
1746558808, 0, 0, 161, 161, 1, 7.69%, 0, 0, 2, 27.83
1746558813, 0, 0, 167, 167, 1, 7.69%, 0, 0, 2, 5.04
1746558818, 0, 0, 171, 171, 1, 7.69%, 0, 0, 2, 7.64
1746558823, 0, 0, 176, 176, 1, 7.69%, 0, 0, 2, 10.53
1746558829, 0, 0, 178, 178, 1, 7.82%, 0, 0, 2, 1.89
1746558834, 0, 0, 184, 184, 1, 7.82%, 0, 0, 2, 3.73
1746558839, 0, 0, 189, 189, 1, 7.82%, 0, 0, 2, 8.52
1746558844, 0, 0, 192, 192, 1, 7.82%, 0, 0, 2, 6.86
1746558849, 0, 0, 196, 196, 1, 7.82%, 0, 0, 2, 7.05
1746558854, 0, 0, 199, 199, 1, 7.82%, 0, 0, 2, 6.16
1746558859, 0, 0, 204, 204, 1, 7.82%, 0, 0, 2, 11.06
1746558865, 0, 0, 211, 211, 1, 7.82%, 0, 0, 2, 13.04
1746558870, 0, 0, 215, 215, 1, 7.82%, 0, 0, 2, 9.01
1746558875, 0, 0, 218, 218, 1, 7.82%, 0, 0, 2, 6.37
1746558880, 0, 0, 224, 224, 1, 7.82%, 0, 0, 2, 11.31
1746558885, 0, 0, 228, 228, 1, 7.82%, 0, 0, 2, 8.87
1746558890, 0, 0, 233, 233, 1, 7.93%, 0, 0, 2, 10.37
1746558896, 0, 0, 235, 235, 1, 7.93%, 0, 0, 2, 6.87
1746558901, 0, 0, 237, 237, 1, 7.93%, 0, 0, 2, 6.43
1746558906, 0, 0, 244, 244, 1, 7.93%, 0, 0, 2, 10.90
1746558911, 0, 0, 249, 249, 1, 7.93%, 0, 0, 2, 9.35
1746558916, 0, 0, 253, 253, 1, 7.93%, 0, 0, 2, 8.92
1746558921, 0, 0, 257, 257, 1, 7.93%, 0, 0, 2, 10.01
1746558926, 0, 0, 259, 259, 1, 7.93%, 0, 0, 2, 5.98
1746558932, 0, 0, 263, 263, 1, 7.93%, 0, 0, 2, 7.99
1746558937, 0, 0, 267, 267, 1, 7.93%, 0, 0, 2, 8.54
1746558942, 0, 0, 269, 269, 1, 7.93%, 0, 0, 2, 6.55
1746558947, 0, 0, 272, 272, 1, 7.93%, 0, 0, 2, 5.42
1746558952, 0, 0, 273, 273, 1, 7.93%, 0, 0, 2, 3.82
1746558958, 0, 0, 277, 277, 1, 7.93%, 0, 0, 2, 18.96
1746558963, 0, 0, 279, 279, 1, 7.93%, 0, 0, 2, 13.56
1746558968, 0, 0, 284, 284, 1, 7.93%, 0, 0, 2, 10.85
1746558973, 0, 0, 289, 289, 1, 7.93%, 0, 0, 2, 13.98
1746558978, 0, 0, 292, 292, 1, 7.93%, 0, 0, 2, 8.69
1746558983, 0, 0, 294, 294, 1, 7.93%, 0, 0, 2, 6.24
1746558988, 0, 0, 297, 297, 1, 7.93%, 0, 0, 2, 9.49
1746558994, 0, 0, 302, 302, 1, 7.93%, 0, 0, 2, 10.19
1746558999, 0, 0, 304, 304, 1, 7.93%, 0, 0, 2, 7.70
1746559004, 0, 0, 307, 307, 1, 7.93%, 0, 0, 2, 7.59
1746559009, 0, 0, 310, 310, 1, 7.93%, 0, 0, 2, 6.42
1746559014, 0, 0, 311, 311, 1, 7.93%, 0, 0, 2, 4.82
1746559019, 0, 0, 317, 317, 1, 7.93%, 0, 0, 2, 10.23
1746559024, 0, 0, 321, 321, 1, 7.93%, 0, 0, 2, 11.06
1746559029, 0, 0, 325, 325, 1, 7.93%, 0, 0, 2, 9.99
1746559034, 0, 0, 329, 329, 1, 7.93%, 0, 0, 2, 9.15
1746559040, 0, 0, 331, 331, 1, 7.93%, 0, 0, 2, 7.24
1746559045, 0, 0, 336, 336, 1, 7.93%, 0, 0, 2, 8.07
1746559050, 0, 0, 339, 339, 1, 7.93%, 0, 0, 2, 5.33
1746559055, 0, 0, 345, 345, 1, 7.93%, 0, 0, 2, 9.17
1746559060, 0, 0, 349, 349, 1, 7.93%, 0, 0, 2, 10.14
1746559065, 0, 0, 353, 353, 1, 7.93%, 0, 0, 2, 9.61
1746559070, 0, 0, 358, 358, 1, 7.93%, 0, 0, 2, 11.57
1746559076, 0, 0, 364, 364, 1, 7.93%, 0, 0, 2, 2.53
1746559081, 0, 0, 366, 366, 1, 7.94%, 0, 0, 2, 4.77
1746559086, 0, 0, 372, 372, 1, 7.94%, 0, 0, 2, 10.83
1746559091, 0, 0, 376, 376, 1, 7.94%, 0, 0, 2, 10.26
1746559096, 0, 0, 379, 379, 1, 7.94%, 0, 0, 2, 8.54
1746559101, 0, 0, 382, 382, 1, 7.94%, 0, 0, 2, 6.18
1746559107, 0, 0, 385, 385, 1, 7.94%, 0, 0, 2, 7.07
1746559112, 0, 0, 388, 388, 1, 7.94%, 0, 0, 2, 7.51
1746559117, 0, 0, 391, 391, 1, 7.94%, 0, 0, 2, 8.40
1746559122, 0, 0, 395, 395, 1, 7.94%, 0, 0, 2, 10.45
1746559127, 0, 0, 397, 397, 1, 7.94%, 0, 0, 2, 6.69
1746559132, 0, 0, 399, 399, 1, 7.94%, 0, 0, 2, 5.27
1746559137, 0, 0, 404, 404, 1, 7.94%, 0, 0, 2, 7.91
1746559143, 0, 0, 408, 408, 1, 7.94%, 0, 0, 2, 12.35
1746559148, 0, 0, 411, 411, 1, 7.94%, 0, 0, 2, 9.90
1746559153, 0, 0, 415, 415, 1, 7.94%, 0, 0, 2, 8.57
1746559158, 0, 0, 416, 416, 1, 7.94%, 0, 0, 2, 7.22
1746559163, 0, 0, 419, 419, 1, 7.94%, 0, 0, 2, 6.03
1746559168, 0, 0, 422, 422, 1, 7.94%, 0, 0, 2, 7.71
1746559173, 0, 0, 427, 427, 1, 7.94%, 0, 0, 2, 12.86
1746559178, 0, 0, 431, 431, 1, 8.08%, 0, 0, 2, 11.51
1746559184, 0, 0, 434, 434, 1, 8.08%, 0, 0, 2, 8.98
1746559189, 0, 0, 437, 437, 1, 8.08%, 0, 0, 2, 2.38
1746559194, 0, 0, 439, 439, 1, 8.08%, 0, 0, 2, 4.37
1746559199, 0, 0, 441, 441, 1, 8.08%, 0, 0, 2, 8.37
1746559204, 0, 0, 443, 443, 1, 8.08%, 0, 0, 2, 7.50
1746559209, 0, 0, 446, 446, 1, 8.08%, 0, 0, 2, 8.24
1746559214, 0, 0, 449, 449, 1, 8.08%, 0, 0, 2, 10.12
1746559219, 0, 0, 452, 452, 1, 8.08%, 0, 0, 2, 13.97
1746559224, 0, 0, 455, 455, 1, 8.08%, 0, 0, 2, 7.10
1746559229, 0, 0, 459, 459, 1, 8.08%, 0, 0, 2, 13.24
1746559234, 0, 0, 463, 463, 1, 8.33%, 0, 0, 2, 11.57
1746559240, 0, 0, 465, 465, 1, 8.33%, 0, 0, 2, 8.66
1746559245, 0, 0, 468, 468, 1, 8.33%, 0, 0, 2, 8.72
1746559250, 0, 0, 470, 470, 1, 8.33%, 0, 0, 2, 11.12
1746559255, 0, 0, 473, 473, 1, 8.39%, 0, 0, 2, 10.07
1746559260, 0, 0, 476, 476, 1, 8.39%, 0, 0, 2, 12.06
1746559266, 0, 0, 479, 479, 1, 8.39%, 0, 0, 2, 14.16
1746559271, 0, 0, 483, 483, 1, 8.39%, 0, 0, 2, 2.71
1746559276, 0, 0, 484, 484, 1, 8.39%, 0, 0, 2, 4.16
1746559281, 0, 0, 489, 489, 1, 8.39%, 0, 0, 2, 21.88
1746559286, 0, 0, 490, 490, 1, 8.39%, 0, 0, 2, 15.20
1746559291, 0, 0, 491, 491, 1, 8.39%, 0, 0, 2, 24.10
1746559296, 0, 0, 493, 493, 1, 8.39%, 0, 0, 2, 3.50
1746559301, 0, 0, 496, 496, 1, 8.39%, 0, 0, 2, 7.74
1746559306, 0, 0, 498, 498, 1, 8.39%, 0, 0, 2, 6.71
1746559312, 0, 0, 501, 501, 1, 8.39%, 0, 0, 2, 10.20
1746559317, 0, 0, 502, 502, 1, 8.39%, 0, 0, 2, 8.70
1746559322, 0, 0, 503, 503, 1, 8.39%, 0, 0, 2, 11.02
1746559327, 0, 0, 506, 506, 1, 8.39%, 0, 0, 2, 12.12
1746559332, 0, 0, 508, 508, 1, 8.39%, 0, 0, 2, 11.49
1746559337, 0, 0, 511, 511, 1, 8.39%, 0, 0, 2, 12.64
1746559342, 0, 0, 513, 513, 1, 8.39%, 0, 0, 2, 9.60
1746559347, 0, 0, 515, 515, 1, 8.39%, 0, 0, 2, 7.07
1746559353, 0, 0, 518, 518, 1, 8.39%, 0, 0, 2, 11.38
1746559363, 0, 0, 519, 519, 1, 8.39%, 0, 0, 2, 13.53
1746559368, 0, 0, 521, 521, 1, 8.39%, 0, 0, 2, 8.24
1746559373, 0, 0, 523, 523, 1, 8.39%, 0, 0, 2, 6.45
1746559379, 0, 0, 526, 526, 1, 8.39%, 0, 0, 2, 7.75
1746559384, 0, 0, 529, 529, 1, 8.39%, 0, 0, 2, 10.12
1746559389, 0, 0, 532, 532, 1, 8.72%, 0, 0, 2, 8.16
1746559394, 0, 0, 533, 533, 1, 8.72%, 0, 0, 2, 6.73
1746559400, 0, 0, 534, 534, 1, 8.72%, 0, 0, 2, 6.07
1746559405, 0, 0, 536, 536, 1, 8.72%, 0, 0, 2, 7.26
1746559410, 0, 0, 538, 538, 1, 8.72%, 0, 0, 2, 6.74
1746559415, 0, 0, 540, 540, 1, 8.72%, 0, 0, 2, 8.26
1746559420, 0, 0, 542, 542, 1, 8.72%, 0, 0, 2, 7.00
1746559425, 0, 0, 545, 545, 1, 8.72%, 0, 0, 2, 7.46
1746559431, 0, 0, 547, 547, 1, 8.72%, 0, 0, 2, 8.74
1746559436, 0, 0, 548, 548, 1, 8.72%, 0, 0, 2, 12.46
1746559441, 0, 0, 550, 550, 1, 8.72%, 0, 0, 2, 10.04
1746559446, 0, 0, 551, 551, 1, 8.74%, 0, 0, 2, 1.92
1746559452, 0, 0, 553, 553, 1, 8.74%, 0, 0, 2, 11.30
1746559457, 0, 0, 556, 556, 1, 8.74%, 0, 0, 2, 13.54
1746559462, 0, 0, 558, 558, 1, 8.74%, 0, 0, 2, 13.20
1746559467, 0, 0, 559, 559, 1, 8.74%, 0, 0, 2, 7.98
1746559472, 0, 0, 561, 561, 1, 8.74%, 0, 0, 2, 5.43
1746559477, 0, 0, 563, 563, 1, 8.74%, 0, 0, 2, 8.16
1746559482, 0, 0, 565, 565, 1, 8.74%, 0, 0, 2, 7.36
1746559492, 0, 0, 567, 567, 1, 8.74%, 0, 0, 2, 7.48
1746559498, 0, 0, 569, 569, 1, 8.74%, 0, 0, 2, 9.07
1746559503, 0, 0, 571, 571, 1, 8.74%, 0, 0, 2, 8.64
1746559508, 0, 0, 572, 572, 1, 8.74%, 0, 0, 2, 9.82
1746559513, 0, 0, 574, 574, 1, 8.74%, 0, 0, 2, 7.48
1746559518, 0, 0, 576, 576, 1, 8.74%, 0, 0, 2, 10.22
1746559524, 0, 0, 578, 578, 1, 8.74%, 0, 0, 2, 8.48
1746559529, 0, 0, 580, 580, 1, 8.74%, 0, 0, 2, 8.32
1746559534, 0, 0, 581, 581, 1, 8.74%, 0, 0, 2, 12.59
1746559539, 0, 0, 582, 582, 1, 8.74%, 0, 0, 2, 12.77
1746559544, 0, 0, 584, 584, 1, 8.74%, 0, 0, 2, 11.83
1746559550, 0, 0, 585, 585, 1, 8.74%, 0, 0, 2, 13.99
1746559555, 0, 0, 586, 586, 1, 8.74%, 0, 0, 2, 17.42
1746559560, 0, 0, 588, 588, 1, 8.74%, 0, 0, 2, 13.12
1746559565, 0, 0, 589, 589, 1, 8.74%, 0, 0, 2, 10.80
1746559570, 0, 0, 590, 590, 1, 8.74%, 0, 0, 2, 10.37
1746559575, 0, 0, 591, 591, 1, 8.74%, 0, 0, 2, 11.75
1746559581, 0, 0, 593, 593, 1, 8.74%, 0, 0, 2, 7.77
1746559586, 0, 0, 594, 594, 1, 8.74%, 0, 0, 2, 8.96
1746559591, 0, 0, 596, 596, 1, 8.74%, 0, 0, 2, 8.57
1746559596, 0, 0, 597, 597, 1, 8.74%, 0, 0, 2, 8.91
1746559602, 0, 0, 599, 599, 1, 8.74%, 0, 0, 2, 10.16
1746559607, 0, 0, 600, 600, 1, 8.74%, 0, 0, 2, 7.51
1746559612, 0, 0, 601, 601, 1, 8.74%, 0, 0, 2, 6.58
1746559627, 0, 0, 603, 603, 1, 8.74%, 0, 0, 2, 8.69
1746559638, 0, 0, 606, 606, 1, 8.74%, 0, 0, 2, 11.37
1746559643, 0, 0, 607, 607, 1, 8.74%, 0, 0, 2, 12.65
1746559648, 0, 0, 608, 608, 1, 8.74%, 0, 0, 2, 14.31
1746559653, 0, 0, 609, 609, 1, 8.74%, 0, 0, 2, 2.98
1746559658, 0, 0, 610, 610, 1, 8.74%, 0, 0, 2, 5.83
1746559663, 0, 0, 611, 611, 1, 8.74%, 0, 0, 2, 7.11
1746559669, 0, 0, 612, 612, 1, 8.74%, 0, 0, 2, 11.10
1746559674, 0, 0, 614, 614, 1, 8.74%, 0, 0, 2, 12.80
1746559685, 0, 0, 615, 615, 1, 8.74%, 0, 0, 2, 1.76
1746559695, 0, 0, 616, 616, 1, 8.74%, 0, 0, 2, 11.23
1746559700, 0, 0, 618, 618, 1, 8.74%, 0, 0, 2, 9.88
1746559705, 0, 0, 619, 619, 1, 8.74%, 0, 0, 2, 12.59
1746559710, 0, 0, 620, 620, 1, 8.74%, 0, 0, 2, 2.71
1746559721, 0, 0, 621, 621, 1, 8.74%, 0, 0, 2, 13.95
1746559726, 0, 0, 622, 622, 1, 8.74%, 0, 0, 2, 11.03
1746559731, 0, 0, 624, 624, 1, 8.74%, 0, 0, 2, 7.76
1746559741, 0, 0, 625, 625, 1, 8.74%, 0, 0, 2, 14.85
1746559746, 0, 0, 626, 626, 1, 8.74%, 0, 0, 2, 10.18
1746559751, 0, 0, 627, 627, 1, 8.74%, 0, 0, 2, 11.87
1746559767, 0, 0, 629, 629, 1, 8.74%, 0, 0, 2, 11.69
1746559772, 0, 0, 630, 630, 1, 8.74%, 0, 0, 2, 8.70
1746559777, 0, 0, 631, 631, 1, 8.74%, 0, 0, 2, 9.35
1746559792, 0, 0, 632, 632, 1, 8.74%, 0, 0, 2, 14.29
1746559797, 0, 0, 633, 633, 1, 8.74%, 0, 0, 2, 13.62
1746559808, 0, 0, 634, 634, 1, 8.74%, 0, 0, 2, 8.08
1746559818, 0, 0, 636, 636, 1, 8.74%, 0, 0, 2, 11.30
1746559828, 0, 0, 637, 637, 1, 8.74%, 0, 0, 2, 11.05
1746559833, 0, 0, 638, 638, 1, 8.74%, 0, 0, 2, 9.78
1746559844, 0, 0, 639, 639, 1, 8.74%, 0, 0, 2, 13.19
1746559849, 0, 0, 640, 640, 1, 8.74%, 0, 0, 2, 2.89
1746559859, 0, 0, 642, 642, 1, 8.74%, 0, 0, 2, 15.31
1746559864, 0, 0, 643, 643, 1, 8.74%, 0, 0, 2, 9.32
1746559875, 0, 0, 645, 645, 1, 8.74%, 0, 0, 2, 7.56
1746559880, 0, 0, 646, 646, 1, 8.74%, 0, 0, 2, 11.75
1746559885, 0, 0, 647, 647, 1, 8.74%, 0, 0, 2, 11.05
1746559896, 0, 0, 648, 648, 1, 8.74%, 0, 0, 2, 2.72
1746559906, 0, 0, 649, 649, 1, 8.75%, 0, 0, 2, 9.80
1746559916, 0, 0, 651, 651, 1, 8.75%, 0, 0, 2, 9.06
1746559922, 0, 0, 652, 652, 1, 8.75%, 0, 0, 2, 6.37
1746559927, 0, 0, 653, 653, 1, 8.75%, 0, 0, 2, 10.07
1746559937, 0, 0, 654, 654, 1, 8.75%, 0, 0, 2, 12.49
1746559942, 0, 8, 654, 653, 22, 8.75%, 0, 0, 2, 17.76
1746559947, 0, 8, 655, 654, 22, 8.75%, 0, 0, 3, 14.58
1746559958, 0, 8, 656, 655, 22, 8.75%, 0, 0, 3, 9.63
1746559973, 0, 8, 658, 657, 22, 8.75%, 0, 0, 3, 8.03
1746559983, 0, 8, 659, 658, 22, 8.75%, 0, 0, 3, 13.65
1746559988, 0, 8, 660, 659, 22, 8.75%, 0, 0, 3, 11.17
1746559993, 0, 8, 661, 660, 22, 8.75%, 0, 0, 3, 2.46
1746559998, 0, 8, 662, 661, 22, 8.75%, 0, 0, 3, 13.65
1746560009, 0, 8, 663, 662, 22, 8.75%, 0, 0, 3, 5.13
1746560014, 0, 8, 664, 663, 22, 8.75%, 0, 0, 3, 15.69
1746560030, 0, 8, 665, 664, 22, 8.75%, 0, 0, 3, 11.94
1746560035, 0, 8, 667, 666, 22, 8.75%, 0, 0, 3, 10.35
1746560050, 0, 8, 668, 667, 22, 8.75%, 0, 0, 3, 2.46
1746560065, 0, 8, 669, 668, 22, 8.75%, 0, 0, 3, 8.58
1746560075, 0, 8, 670, 669, 22, 8.75%, 0, 0, 3, 19.29
1746560091, 0, 8, 672, 671, 22, 8.75%, 0, 0, 3, 16.99
1746560102, 0, 8, 673, 672, 22, 8.75%, 0, 0, 3, 12.95
1746560107, 0, 8, 674, 673, 22, 8.75%, 0, 0, 3, 2.09
1746560127, 0, 8, 675, 674, 22, 8.75%, 0, 0, 3, 13.67
1746560132, 0, 8, 676, 675, 22, 8.75%, 0, 0, 3, 13.62
1746560143, 0, 8, 678, 677, 22, 8.75%, 0, 0, 3, 8.75
1746560148, 0, 8, 679, 678, 22, 8.75%, 0, 0, 3, 8.77
1746560153, 0, 8, 680, 679, 22, 8.75%, 0, 0, 3, 14.71
1746560163, 0, 8, 682, 681, 22, 8.75%, 0, 0, 3, 7.40
1746560205, 0, 8, 683, 682, 22, 8.75%, 0, 0, 3, 5.84
1746560210, 0, 8, 684, 683, 22, 8.75%, 0, 0, 3, 10.96
1746560215, 0, 8, 686, 685, 22, 8.75%, 0, 0, 3, 9.22
1746560225, 0, 8, 687, 686, 22, 8.75%, 0, 0, 3, 12.61
1746560231, 0, 8, 688, 687, 22, 8.75%, 0, 0, 3, 2.00
1746560241, 0, 8, 689, 688, 22, 8.75%, 0, 0, 3, 11.11
1746560252, 0, 8, 690, 689, 22, 8.75%, 0, 0, 3, 10.72
1746560267, 0, 8, 691, 690, 22, 8.75%, 0, 0, 3, 10.84
1746560288, 0, 8, 692, 691, 22, 8.75%, 0, 0, 3, 14.61
1746560293, 0, 8, 693, 692, 22, 8.75%, 0, 0, 3, 11.39
1746560340, 0, 8, 694, 693, 22, 8.75%, 0, 0, 3, 11.92
1746560371, 0, 8, 695, 694, 22, 8.75%, 0, 0, 3, 10.85
1746560417, 0, 43, 695, 693, 23, 8.75%, 0, 0, 3, 20.71
1746560423, 0, 43, 696, 694, 23, 8.75%, 0, 0, 3, 25.71
1746560448, 0, 43, 697, 695, 23, 8.75%, 0, 0, 3, 13.40
1746560475, 0, 43, 698, 696, 23, 8.75%, 0, 0, 3, 10.00
1746560531, 0, 43, 699, 697, 23, 8.75%, 0, 0, 3, 6.69
1746560542, 0, 43, 700, 698, 23, 8.75%, 0, 0, 3, 14.77
1746560557, 0, 43, 701, 699, 23, 8.75%, 0, 0, 3, 2.57
1746560562, 0, 43, 702, 700, 23, 8.75%, 0, 0, 3, 12.15
1746560567, 0, 43, 703, 701, 23, 8.75%, 0, 0, 3, 12.40
1746560583, 0, 43, 704, 702, 23, 8.75%, 0, 0, 3, 2.91
1746560588, 0, 43, 705, 703, 23, 8.75%, 0, 0, 3, 15.00
1746560614, 0, 43, 706, 704, 23, 8.75%, 0, 0, 3, 14.59
1746560629, 0, 43, 707, 705, 23, 8.75%, 0, 0, 3, 12.64
1746560644, 0, 43, 708, 706, 23, 8.75%, 0, 0, 3, 10.86
1746560659, 0, 43, 709, 707, 23, 8.75%, 0, 0, 3, 15.48
1746560675, 0, 43, 711, 709, 23, 8.75%, 0, 0, 3, 3.76
1746560700, 0, 43, 712, 710, 23, 8.75%, 0, 0, 3, 10.45
1746560789, 0, 43, 714, 712, 23, 8.75%, 0, 0, 3, 11.63
1746560814, 0, 43, 715, 713, 23, 8.75%, 0, 0, 3, 17.52
1746560855, 0, 43, 716, 714, 23, 8.75%, 0, 0, 3, 9.50
1746560912, 0, 43, 717, 715, 23, 8.75%, 0, 0, 3, 12.90
1746560917, 0, 43, 718, 716, 23, 8.76%, 0, 0, 3, 11.22
1746560964, 0, 43, 719, 717, 23, 8.76%, 0, 0, 3, 3.89
1746560974, 0, 43, 721, 719, 23, 8.76%, 0, 0, 3, 8.38
1746561000, 0, 79, 721, 718, 24, 8.76%, 0, 0, 3, 15.98
1746561005, 0, 79, 722, 719, 24, 8.76%, 0, 0, 3, 14.75
1746561031, 0, 79, 724, 721, 24, 8.76%, 0, 0, 3, 7.01
1746561047, 0, 79, 725, 722, 24, 8.76%, 0, 0, 3, 2.24
1746561072, 0, 79, 726, 723, 24, 8.77%, 0, 0, 3, 12.48
1746561078, 0, 79, 728, 725, 24, 8.77%, 0, 0, 3, 1.52
1746561093, 0, 79, 729, 726, 24, 8.77%, 0, 0, 3, 12.74
1746561108, 0, 79, 730, 727, 24, 8.77%, 0, 0, 3, 14.42
1746561134, 0, 79, 731, 728, 24, 8.77%, 0, 0, 3, 8.67
1746561196, 0, 79, 732, 729, 24, 8.77%, 0, 0, 3, 2.40
1746561217, 0, 79, 733, 730, 24, 8.77%, 0, 0, 3, 10.54
1746561222, 0, 79, 734, 731, 24, 8.77%, 0, 0, 3, 9.52
1746561248, 0, 79, 735, 732, 24, 8.77%, 0, 0, 3, 1.69
1746561264, 0, 79, 736, 733, 24, 8.77%, 0, 0, 3, 2.09
1746561285, 0, 79, 737, 734, 24, 8.77%, 0, 0, 3, 10.43
1746561295, 0, 79, 739, 736, 24, 8.78%, 0, 0, 3, 9.16
1746561321, 0, 79, 740, 737, 24, 8.78%, 0, 0, 3, 1.92
1746561337, 0, 79, 741, 738, 24, 8.78%, 0, 0, 3, 13.98
1746561347, 0, 123, 741, 737, 22, 8.78%, 0, 0, 3, 15.82
1746561387, 0, 123, 742, 738, 22, 8.78%, 0, 0, 3, 9.17
1746561393, 0, 123, 743, 739, 22, 8.78%, 0, 0, 3, 6.74
1746561460, 0, 123, 744, 740, 22, 8.78%, 0, 0, 3, 8.13
1746561471, 0, 123, 745, 741, 22, 8.78%, 0, 0, 3, 4.13
1746561486, 0, 123, 746, 742, 22, 8.78%, 0, 0, 3, 11.40
1746561491, 0, 123, 747, 743, 22, 8.78%, 0, 0, 3, 11.19
1746561496, 0, 123, 748, 744, 22, 8.78%, 0, 0, 3, 8.70
1746561511, 0, 123, 750, 746, 22, 8.78%, 0, 0, 3, 12.18
1746561527, 0, 123, 752, 748, 22, 8.78%, 0, 0, 3, 11.72
1746561548, 0, 123, 753, 749, 22, 8.78%, 0, 0, 3, 11.29
1746561599, 0, 123, 754, 750, 22, 8.78%, 0, 0, 3, 8.98
1746561620, 0, 123, 755, 751, 22, 8.78%, 0, 0, 3, 19.32
1746561666, 0, 123, 756, 752, 22, 8.78%, 0, 0, 3, 9.98
1746561733, 0, 123, 757, 753, 22, 8.78%, 0, 0, 3, 2.36
1746561754, 0, 123, 758, 754, 22, 8.78%, 0, 0, 3, 8.99
1746561779, 0, 123, 760, 756, 22, 8.78%, 0, 0, 3, 9.41
1746561799, 0, 123, 761, 757, 22, 8.78%, 0, 0, 3, 12.28
1746561815, 0, 123, 762, 758, 22, 8.78%, 0, 0, 3, 9.20
1746561840, 0, 123, 763, 759, 22, 8.78%, 0, 0, 3, 10.64
1746561861, 0, 123, 764, 760, 22, 8.78%, 0, 0, 3, 12.61
1746561871, 0, 123, 765, 761, 22, 8.78%, 0, 0, 3, 7.98
1746561959, 0, 123, 766, 762, 22, 8.78%, 0, 0, 3, 12.30
1746562000, 0, 123, 767, 763, 22, 8.78%, 0, 0, 3, 1.74
1746562025, 0, 138, 768, 763, 23, 8.78%, 0, 0, 3, 13.29
1746562056, 0, 138, 769, 764, 23, 8.78%, 0, 0, 3, 2.16
1746562067, 0, 138, 770, 765, 23, 8.78%, 0, 0, 3, 6.78
1746562077, 0, 138, 771, 766, 23, 8.78%, 0, 0, 3, 8.92
1746562087, 0, 138, 772, 767, 23, 8.78%, 0, 0, 3, 14.90
1746562133, 0, 138, 773, 768, 23, 8.78%, 0, 0, 3, 10.31
1746562159, 0, 138, 774, 769, 23, 8.78%, 0, 0, 3, 14.60
1746562205, 0, 138, 775, 770, 23, 8.78%, 0, 0, 3, 13.51
1746562215, 0, 138, 776, 771, 23, 8.78%, 0, 0, 3, 11.00
1746562231, 0, 138, 777, 772, 23, 8.78%, 0, 0, 3, 9.87
1746562256, 0, 138, 778, 773, 23, 8.78%, 0, 0, 3, 10.90
1746562394, 0, 138, 779, 774, 23, 8.79%, 0, 0, 3, 11.60
1746562415, 0, 138, 780, 775, 23, 8.79%, 0, 0, 3, 13.04
1746562446, 0, 138, 782, 777, 23, 8.79%, 0, 0, 3, 11.65
1746562482, 0, 138, 783, 778, 23, 8.79%, 0, 0, 3, 11.73
1746562487, 0, 138, 784, 779, 23, 8.79%, 0, 0, 3, 11.98
1746562492, 0, 138, 785, 780, 23, 8.79%, 0, 0, 3, 9.47
1746562508, 0, 138, 786, 781, 23, 8.79%, 0, 0, 3, 10.60
1746562544, 0, 138, 787, 782, 23, 8.79%, 0, 0, 3, 7.80
1746562569, 0, 138, 788, 783, 23, 8.79%, 0, 0, 3, 13.68
1746562610, 0, 138, 789, 784, 23, 8.79%, 0, 0, 3, 25.63
1746562625, 0, 138, 790, 785, 23, 8.79%, 0, 0, 3, 9.76
1746562640, 0, 146, 790, 784, 21, 8.79%, 0, 0, 3, 5.89
1746562861, 0, 146, 791, 785, 21, 8.79%, 0, 0, 3, 3.65
1746562934, 0, 177, 792, 785, 21, 8.79%, 0, 0, 3, 4.70
1746562944, 0, 177, 794, 787, 21, 8.79%, 0, 0, 3, 3.20
1746562955, 0, 177, 795, 788, 21, 8.79%, 0, 0, 3, 2.72
1746562960, 0, 177, 796, 789, 21, 8.79%, 0, 0, 3, 2.99
1746562970, 0, 177, 797, 790, 21, 8.79%, 0, 0, 3, 2.41
1746562975, 0, 177, 798, 791, 21, 8.79%, 0, 0, 3, 2.41
1746562986, 0, 177, 799, 792, 21, 8.79%, 0, 0, 3, 2.20
1746562991, 0, 177, 800, 793, 21, 8.79%, 0, 0, 3, 2.07
1746563002, 0, 177, 802, 795, 21, 8.79%, 0, 0, 3, 2.04
1746563033, 0, 177, 803, 796, 21, 8.95%, 0, 0, 3, 2.79
1746563038, 0, 177, 804, 797, 21, 8.95%, 0, 0, 3, 2.97
1746563048, 0, 177, 805, 798, 21, 8.95%, 0, 0, 3, 2.57
1746563064, 0, 177, 806, 799, 21, 8.95%, 0, 0, 3, 2.16
1746563069, 0, 177, 807, 800, 21, 8.95%, 0, 0, 3, 2.17
1746563080, 0, 177, 808, 801, 21, 8.95%, 0, 0, 3, 2.04
1746563111, 0, 177, 809, 802, 21, 8.95%, 0, 0, 3, 2.48
1746563126, 0, 177, 810, 803, 21, 8.95%, 0, 0, 3, 2.20
1746563136, 0, 177, 811, 804, 21, 8.95%, 0, 0, 3, 2.20
1746563147, 0, 177, 812, 805, 21, 8.95%, 0, 0, 3, 2.77
1746563167, 0, 177, 813, 806, 21, 8.95%, 0, 0, 3, 3.40
1746563209, 0, 177, 814, 807, 21, 8.95%, 0, 0, 3, 2.99
1746563281, 0, 177, 815, 808, 21, 8.95%, 0, 0, 3, 2.62
1746563313, 0, 177, 816, 809, 21, 8.95%, 0, 0, 3, 2.30
1746563328, 0, 177, 817, 810, 21, 8.95%, 0, 0, 3, 2.64
1746563413, 0, 177, 818, 811, 21, 8.95%, 0, 0, 3, 2.10
1746563418, 0, 177, 819, 812, 21, 8.95%, 0, 0, 3, 2.10
1746563533, 0, 177, 820, 813, 21, 8.95%, 0, 0, 3, 2.67
1746563538, 0, 177, 821, 814, 21, 8.95%, 0, 0, 3, 2.36
1746563548, 0, 177, 822, 815, 21, 8.95%, 0, 0, 3, 2.30
1746563554, 0, 177, 824, 817, 21, 8.95%, 0, 0, 3, 2.15
1746563564, 0, 177, 825, 818, 21, 8.95%, 0, 0, 3, 2.20
1746563612, 0, 177, 826, 819, 21, 8.95%, 0, 0, 3, 2.27
1746563617, 0, 177, 827, 820, 21, 8.95%, 0, 0, 3, 2.41
1746563622, 0, 177, 828, 821, 21, 8.95%, 0, 0, 3, 2.40
1746563627, 0, 177, 829, 822, 21, 8.95%, 0, 0, 3, 2.46
1746563648, 0, 177, 830, 823, 21, 8.95%, 0, 0, 3, 2.39
1746563730, 0, 177, 831, 824, 21, 8.95%, 0, 0, 3, 3.07
1746563740, 0, 177, 832, 825, 21, 8.95%, 0, 0, 3, 2.90
1746563787, 0, 177, 833, 826, 21, 8.95%, 0, 0, 3, 2.40
1746563980, 0, 214, 833, 825, 22, 8.95%, 0, 0, 3, 7.23
1746564077, 0, 214, 834, 826, 22, 8.95%, 0, 0, 3, 8.25
1746564123, 0, 214, 835, 827, 22, 8.95%, 0, 0, 3, 9.83
1746564149, 0, 214, 836, 828, 22, 8.95%, 0, 0, 3, 8.11
1746564164, 0, 214, 837, 829, 22, 8.95%, 0, 0, 3, 9.23
1746564180, 0, 214, 838, 830, 22, 8.95%, 0, 0, 3, 9.03
1746564206, 0, 214, 839, 831, 22, 8.95%, 0, 0, 3, 7.13
1746564211, 0, 214, 840, 832, 22, 8.95%, 0, 0, 3, 9.52
1746564257, 0, 214, 841, 833, 22, 8.95%, 0, 0, 3, 8.77
1746564298, 0, 214, 842, 834, 22, 8.95%, 0, 0, 3, 9.64
1746564427, 0, 214, 843, 835, 22, 8.95%, 0, 0, 3, 6.86
1746564442, 0, 214, 844, 836, 22, 8.95%, 0, 0, 3, 8.07
1746564448, 0, 214, 845, 837, 22, 8.95%, 0, 0, 3, 9.04
1746564489, 0, 214, 846, 838, 22, 8.95%, 0, 0, 3, 8.75
1746564520, 0, 214, 847, 839, 22, 8.95%, 0, 0, 3, 7.08
1746564530, 0, 214, 848, 840, 22, 8.95%, 0, 0, 3, 8.79
1746564541, 0, 214, 849, 841, 22, 8.95%, 0, 0, 3, 8.86
1746564572, 0, 214, 850, 842, 22, 8.95%, 0, 0, 3, 7.50
1746564597, 0, 214, 851, 843, 22, 8.95%, 0, 0, 3, 9.20
1746564747, 0, 214, 852, 844, 22, 8.95%, 0, 0, 3, 8.35
1746564788, 0, 214, 853, 845, 22, 8.95%, 0, 0, 3, 7.67
1746564814, 0, 214, 854, 846, 22, 8.95%, 0, 0, 3, 10.51
1746564829, 0, 214, 855, 847, 22, 8.95%, 0, 0, 3, 7.83
1746564855, 0, 214, 856, 848, 22, 8.95%, 0, 0, 3, 9.53
1746564871, 0, 230, 857, 848, 23, 8.95%, 0, 0, 3, 7.69
1746565001, 0, 230, 858, 849, 23, 8.95%, 0, 0, 3, 5.53
1746565006, 0, 230, 859, 850, 23, 8.95%, 0, 0, 3, 5.45
1746565011, 0, 230, 860, 851, 23, 8.95%, 0, 0, 3, 5.46
1746565103, 0, 232, 860, 850, 26, 8.95%, 0, 0, 3, 7.24
1746565591, 0, 428, 860, 849, 26, 8.95%, 0, 0, 3, 6.72
1746565617, 0, 428, 861, 850, 26, 8.95%, 0, 0, 3, 6.42
1746565622, 0, 428, 862, 851, 26, 8.95%, 0, 0, 3, 5.69
1746565638, 0, 428, 863, 852, 26, 8.95%, 0, 0, 3, 5.46
1746565648, 0, 428, 865, 854, 26, 8.95%, 0, 0, 3, 4.74
1746565653, 0, 428, 866, 855, 26, 8.95%, 0, 0, 3, 4.71
1746565710, 0, 428, 867, 856, 26, 8.95%, 0, 0, 3, 6.70
1746565736, 0, 428, 868, 857, 26, 8.95%, 0, 0, 3, 4.49
1746565756, 0, 428, 869, 858, 26, 8.95%, 0, 0, 3, 4.55
1746565761, 0, 428, 870, 859, 26, 8.95%, 0, 0, 3, 4.20
1746565771, 0, 428, 871, 860, 26, 8.95%, 0, 0, 3, 4.57
1746565880, 0, 428, 872, 861, 26, 8.95%, 0, 0, 3, 4.69
1746565916, 0, 428, 873, 862, 26, 8.95%, 0, 0, 3, 5.72
1746565926, 0, 428, 874, 863, 26, 8.95%, 0, 0, 3, 4.16
1746565931, 0, 428, 875, 864, 26, 8.95%, 0, 0, 3, 4.42
1746565936, 0, 428, 876, 865, 26, 8.95%, 0, 0, 3, 4.88
1746565942, 0, 428, 878, 867, 26, 8.95%, 0, 0, 3, 5.05
1746566009, 0, 428, 879, 868, 26, 8.95%, 0, 0, 3, 5.42
1746566024, 0, 428, 881, 870, 26, 8.95%, 0, 0, 3, 5.99
1746566029, 0, 428, 883, 872, 26, 8.95%, 0, 0, 3, 6.46
1746566055, 0, 428, 884, 873, 26, 8.95%, 0, 0, 3, 5.33
1746566092, 0, 428, 885, 874, 26, 8.95%, 0, 0, 3, 8.01
1746566118, 0, 428, 886, 875, 26, 8.95%, 0, 0, 3, 6.25
1746566144, 0, 428, 887, 876, 26, 8.95%, 0, 0, 3, 5.02
1746566170, 0, 428, 888, 877, 26, 8.95%, 0, 0, 3, 6.58
1746566242, 0, 428, 889, 878, 26, 8.95%, 0, 0, 3, 7.25
1746566252, 0, 428, 890, 879, 26, 8.95%, 0, 0, 3, 6.41
1746566340, 0, 428, 891, 880, 26, 8.95%, 0, 0, 3, 7.79
1746566391, 0, 428, 892, 881, 26, 8.95%, 0, 0, 3, 8.33
1746566561, 0, 428, 893, 882, 26, 8.95%, 0, 0, 3, 6.48
1746566576, 0, 428, 894, 883, 26, 8.95%, 0, 0, 3, 6.98
1746566623, 0, 428, 895, 884, 26, 8.95%, 0, 0, 3, 6.10
1746566674, 0, 428, 896, 885, 26, 8.95%, 0, 0, 3, 7.44
1746566685, 0, 428, 897, 886, 26, 8.95%, 0, 0, 3, 6.04
1746566732, 0, 428, 898, 887, 26, 8.95%, 0, 0, 3, 6.91
1746566737, 0, 428, 899, 888, 26, 8.95%, 0, 0, 3, 6.02
1746566783, 0, 428, 900, 889, 26, 8.95%, 0, 0, 3, 7.78
1746566814, 0, 428, 901, 890, 26, 8.95%, 0, 0, 3, 6.60
1746566844, 0, 428, 902, 891, 26, 8.95%, 0, 0, 3, 7.09
1746566881, 0, 428, 903, 892, 26, 8.95%, 0, 0, 3, 5.75
1746566938, 0, 428, 904, 893, 26, 8.95%, 0, 0, 3, 5.61
1746566964, 0, 511, 904, 892, 28, 8.95%, 0, 0, 3, 6.80
1746567046, 0, 530, 904, 891, 28, 8.95%, 0, 0, 3, 7.22
1746567067, 0, 530, 905, 892, 28, 8.95%, 0, 0, 3, 5.21
1746567093, 0, 530, 906, 893, 28, 8.95%, 0, 0, 3, 5.15
1746567098, 0, 530, 907, 894, 28, 8.95%, 0, 0, 3, 5.02
1746567103, 0, 530, 908, 895, 28, 8.95%, 0, 0, 3, 4.91
1746567129, 0, 530, 909, 896, 28, 8.95%, 0, 0, 3, 4.84
1746567242, 0, 530, 910, 897, 28, 8.95%, 0, 0, 3, 4.56
1746567284, 0, 530, 911, 898, 28, 8.95%, 0, 0, 3, 5.45
1746567299, 0, 530, 913, 900, 28, 8.95%, 0, 0, 3, 4.85
1746567330, 0, 530, 915, 902, 28, 8.95%, 0, 0, 3, 5.10
1746567335, 0, 530, 917, 904, 28, 8.95%, 0, 0, 3, 5.15
1746567510, 0, 530, 919, 906, 28, 8.95%, 0, 0, 3, 5.48
1746567551, 0, 530, 920, 907, 28, 8.95%, 0, 0, 3, 4.88
1746567583, 0, 530, 921, 908, 28, 8.95%, 0, 0, 3, 5.03
1746567588, 0, 530, 922, 909, 28, 8.95%, 0, 0, 3, 5.19
1746567676, 0, 530, 923, 910, 28, 8.95%, 0, 0, 3, 6.08
1746567697, 0, 530, 925, 912, 28, 8.95%, 0, 0, 3, 5.80
1746567707, 0, 530, 927, 914, 28, 8.95%, 0, 0, 3, 5.42
1746567728, 0, 530, 928, 915, 28, 8.95%, 0, 0, 3, 4.81
1746567738, 0, 530, 929, 916, 28, 8.95%, 0, 0, 3, 6.90
1746567749, 0, 530, 930, 917, 28, 8.95%, 0, 0, 3, 7.00
1746567759, 0, 530, 931, 918, 28, 8.95%, 0, 0, 3, 6.58
1746567780, 0, 530, 932, 919, 28, 8.95%, 0, 0, 3, 7.17
1746567836, 0, 530, 933, 920, 28, 8.95%, 0, 0, 3, 5.96
1746567873, 0, 530, 934, 921, 28, 8.95%, 0, 0, 3, 6.71
1746567878, 0, 530, 935, 922, 28, 8.95%, 0, 0, 3, 6.15
1746567898, 0, 530, 936, 923, 28, 8.95%, 0, 0, 3, 5.77
1746567955, 0, 530, 937, 924, 28, 8.95%, 0, 0, 3, 5.96
1746567975, 0, 530, 938, 925, 28, 8.95%, 0, 0, 3, 5.90
1746568001, 0, 530, 939, 926, 28, 8.95%, 0, 0, 3, 6.88
1746568017, 0, 530, 940, 927, 28, 8.95%, 0, 0, 3, 5.85
1746568032, 0, 530, 941, 928, 28, 8.95%, 0, 0, 3, 6.77
1746568063, 0, 530, 942, 929, 28, 8.95%, 0, 0, 3, 7.11
1746568114, 0, 530, 943, 930, 28, 8.95%, 0, 0, 3, 5.00
1746568135, 0, 530, 944, 931, 28, 8.95%, 0, 0, 3, 6.05
1746568160, 0, 530, 945, 932, 28, 8.95%, 0, 0, 3, 6.78
1746568197, 0, 530, 946, 933, 28, 8.95%, 0, 0, 3, 6.90
1746568217, 0, 530, 947, 934, 28, 8.95%, 0, 0, 3, 6.75
1746568336, 0, 530, 948, 935, 28, 8.95%, 0, 0, 3, 6.08
1746568412, 0, 530, 949, 936, 28, 8.95%, 0, 0, 3, 5.32
1746568510, 0, 530, 950, 937, 28, 8.95%, 0, 0, 3, 6.87
1746568515, 0, 530, 951, 938, 28, 8.95%, 0, 0, 3, 5.91
1746568562, 0, 530, 952, 939, 28, 8.95%, 0, 0, 3, 7.35
1746568603, 0, 530, 953, 940, 28, 8.95%, 0, 0, 3, 6.08
1746568629, 0, 530, 954, 941, 28, 8.95%, 0, 0, 3, 6.27
1746568680, 0, 530, 955, 942, 28, 8.95%, 0, 0, 3, 6.36
1746568690, 0, 530, 956, 943, 28, 8.95%, 0, 0, 3, 7.27
1746568722, 0, 530, 957, 944, 28, 8.95%, 0, 0, 3, 1.49
1746568748, 0, 530, 958, 945, 28, 8.95%, 0, 0, 3, 6.94
1746568763, 0, 541, 958, 944, 28, 8.95%, 0, 0, 3, 6.32
1746568809, 0, 541, 959, 945, 28, 8.95%, 0, 0, 3, 5.57
1746568814, 0, 541, 960, 946, 28, 8.95%, 0, 0, 3, 5.02
1746568825, 0, 541, 961, 947, 28, 8.95%, 0, 0, 3, 4.25
1746568861, 0, 541, 962, 948, 28, 8.95%, 0, 0, 3, 5.81
1746568882, 0, 541, 963, 949, 28, 8.95%, 0, 0, 3, 4.03
1746568887, 0, 541, 964, 950, 28, 8.95%, 0, 0, 3, 4.08
1746569124, 0, 541, 965, 951, 28, 8.95%, 0, 0, 3, 4.08
1746569197, 0, 541, 966, 952, 28, 8.96%, 0, 0, 3, 7.49
1746569386, 0, 541, 967, 953, 28, 8.96%, 0, 0, 3, 4.54
1746569418, 0, 541, 968, 954, 28, 8.96%, 0, 0, 3, 5.53
1746569438, 0, 541, 969, 955, 28, 8.96%, 0, 0, 3, 4.49
1746569474, 0, 541, 970, 956, 28, 8.96%, 0, 0, 3, 3.98
1746569578, 0, 541, 971, 957, 28, 8.96%, 0, 0, 3, 5.88
1746569635, 0, 541, 972, 958, 28, 8.96%, 0, 0, 3, 4.01
1746569645, 0, 541, 973, 959, 28, 8.96%, 0, 0, 3, 4.08
1746569691, 0, 541, 974, 960, 28, 8.96%, 0, 0, 3, 4.57
1746569701, 0, 541, 975, 961, 28, 8.96%, 0, 0, 3, 5.15
1746569732, 0, 541, 976, 962, 28, 8.96%, 0, 0, 3, 6.09
1746569747, 0, 541, 977, 963, 28, 9.07%, 0, 0, 3, 6.32
1746569763, 0, 541, 978, 964, 28, 9.07%, 0, 0, 3, 6.10
1746569783, 0, 541, 979, 965, 28, 9.07%, 0, 0, 3, 4.58
1746569937, 0, 541, 980, 966, 28, 9.07%, 0, 0, 3, 5.95
1746569953, 0, 541, 981, 967, 28, 9.07%, 0, 0, 3, 5.87
1746570030, 0, 541, 982, 968, 28, 9.07%, 0, 0, 3, 6.52
1746570035, 0, 541, 983, 969, 28, 9.07%, 0, 0, 3, 5.30
1746570133, 0, 541, 984, 970, 28, 9.07%, 0, 0, 3, 5.81
1746570153, 0, 541, 985, 971, 28, 9.07%, 0, 0, 3, 6.44
1746570158, 0, 541, 986, 972, 28, 9.07%, 0, 0, 3, 5.23
1746570184, 0, 541, 987, 973, 28, 9.07%, 0, 0, 3, 6.91
1746570283, 0, 541, 988, 974, 28, 9.07%, 0, 0, 3, 5.96
1746570386, 0, 541, 989, 975, 28, 9.07%, 0, 0, 3, 5.54
1746570526, 0, 541, 990, 976, 28, 9.07%, 0, 0, 3, 6.95
1746570531, 0, 541, 991, 977, 28, 9.07%, 0, 0, 3, 5.07
1746570546, 0, 541, 992, 978, 28, 9.07%, 0, 0, 3, 5.59
1746570573, 0, 541, 993, 979, 28, 9.07%, 0, 0, 3, 6.60
1746570614, 0, 541, 994, 980, 28, 9.07%, 0, 0, 3, 8.31
1746570645, 0, 541, 995, 981, 28, 9.07%, 0, 0, 3, 5.76
1746570650, 0, 541, 996, 982, 28, 9.07%, 0, 0, 3, 5.81
1746570666, 0, 541, 997, 983, 28, 9.07%, 0, 0, 3, 6.08
1746570702, 0, 541, 998, 984, 28, 9.08%, 0, 0, 3, 6.45
1746570722, 0, 557, 998, 983, 29, 9.08%, 0, 0, 3, 6.61
1746570933, 0, 560, 998, 982, 28, 9.08%, 0, 0, 3, 7.56
1746571277, 0, 612, 998, 981, 27, 9.08%, 0, 0, 3, 7.04
1746571292, 0, 612, 999, 982, 27, 9.08%, 0, 0, 3, 6.36
1746571313, 0, 612, 1000, 983, 27, 9.08%, 0, 0, 3, 5.78
1746571318, 0, 612, 1001, 984, 27, 9.08%, 0, 0, 3, 5.43
1746571447, 0, 612, 1002, 985, 27, 9.08%, 0, 0, 3, 5.95
1746571535, 0, 612, 1003, 986, 27, 9.08%, 0, 0, 3, 6.38
1746571550, 0, 612, 1004, 987, 27, 9.08%, 0, 0, 3, 5.07
1746571685, 0, 628, 1004, 986, 26, 9.08%, 0, 0, 3, 9.26
1746571741, 0, 628, 1005, 987, 26, 9.08%, 0, 0, 3, 9.69
1746571921, 0, 628, 1006, 988, 26, 9.08%, 0, 0, 3, 8.14
1746571962, 0, 648, 1006, 987, 25, 9.08%, 0, 0, 3, 8.69
1746571967, 0, 648, 1007, 988, 25, 9.08%, 0, 0, 3, 8.59
1746571972, 0, 648, 1008, 989, 25, 9.08%, 0, 0, 3, 8.08
1746571988, 0, 648, 1009, 990, 25, 9.08%, 0, 0, 3, 8.17
1746572003, 0, 648, 1010, 991, 25, 9.08%, 0, 0, 3, 7.67
1746572064, 0, 648, 1012, 993, 25, 9.08%, 0, 0, 3, 8.62
1746572100, 0, 648, 1014, 995, 25, 9.08%, 0, 0, 3, 8.28
1746572369, 0, 683, 1014, 994, 25, 9.08%, 0, 0, 3, 7.58
1746572395, 0, 683, 1015, 995, 25, 9.08%, 0, 0, 4, 6.92
1746572503, 0, 683, 1016, 996, 25, 9.08%, 0, 0, 4, 6.59
1746572751, 0, 683, 1017, 997, 25, 9.08%, 0, 0, 4, 7.38
1746572824, 0, 683, 1018, 998, 25, 9.08%, 0, 0, 4, 5.73
1746572855, 0, 683, 1019, 999, 25, 9.08%, 0, 0, 4, 5.96
1746572902, 0, 717, 1019, 998, 24, 9.08%, 0, 0, 4, 7.38
1746572952, 0, 717, 1020, 999, 24, 9.08%, 0, 0, 4, 4.49
1746572978, 0, 717, 1021, 1000, 24, 9.08%, 0, 0, 4, 4.13
1746573153, 0, 717, 1022, 1001, 24, 9.08%, 0, 0, 4, 4.52
1746573267, 0, 717, 1023, 1002, 24, 9.08%, 0, 0, 4, 5.40
1746573360, 0, 717, 1024, 1003, 24, 9.08%, 0, 0, 4, 3.88
1746573416, 0, 725, 1024, 1002, 23, 9.08%, 0, 0, 4, 7.81
1746573483, 0, 725, 1025, 1003, 23, 9.08%, 0, 0, 4, 7.48
1746573519, 0, 725, 1026, 1004, 23, 9.08%, 0, 0, 4, 7.49
1746573751, 0, 738, 1026, 1003, 22, 9.08%, 0, 0, 4, 5.17
1746574540, 0, 738, 1027, 1004, 22, 9.08%, 0, 0, 4, 2.79
1746574618, 0, 758, 1027, 1003, 21, 9.08%, 0, 0, 4, 5.61
1746574833, 0, 828, 1027, 1002, 20, 9.08%, 0, 0, 4, 8.42
1746574988, 0, 828, 1028, 1003, 20, 9.08%, 0, 0, 4, 3.31
1746575097, 0, 828, 1029, 1004, 20, 9.08%, 0, 0, 4, 2.75
1746575492, 0, 828, 1030, 1005, 20, 9.08%, 0, 0, 4, 2.63
1746575663, 0, 828, 1031, 1006, 20, 9.08%, 0, 0, 4, 2.95
1746575684, 0, 843, 1031, 1005, 19, 9.08%, 0, 0, 4, 6.28
1746576077, 0, 845, 1031, 1004, 18, 9.08%, 0, 0, 4, 6.54
1746576087, 0, 845, 1032, 1005, 18, 9.08%, 0, 0, 4, 5.67
1746576449, 0, 857, 1032, 1004, 18, 9.08%, 0, 0, 4, 6.94
1746576470, 0, 857, 1033, 1005, 18, 9.08%, 0, 0, 4, 5.59
1746576480, 0, 857, 1034, 1006, 18, 9.08%, 0, 0, 4, 5.64
1746576552, 0, 857, 1036, 1008, 18, 9.08%, 0, 0, 4, 5.50
1746576676, 0, 860, 1036, 1007, 18, 9.08%, 0, 0, 4, 6.76
1746577026, 0, 861, 1036, 1006, 17, 9.08%, 0, 0, 4, 6.78
1746577405, 0, 867, 1036, 1005, 16, 9.08%, 0, 0, 4, 7.16
1746577571, 0, 867, 1037, 1006, 16, 9.08%, 0, 0, 4, 3.94
1746577859, 0, 886, 1037, 1005, 15, 9.08%, 0, 0, 4, 6.40
1746577875, 0, 886, 1038, 1006, 15, 9.08%, 0, 0, 4, 4.94
1746577880, 0, 886, 1039, 1007, 15, 9.09%, 0, 0, 4, 4.15
1746577885, 0, 886, 1040, 1008, 15, 9.09%, 0, 0, 4, 4.00
1746577906, 0, 886, 1041, 1009, 15, 9.09%, 0, 0, 4, 3.72
1746577911, 0, 886, 1042, 1010, 15, 9.09%, 0, 0, 4, 3.70
1746577952, 0, 886, 1044, 1012, 15, 9.10%, 0, 0, 4, 3.61
1746577962, 0, 886, 1045, 1013, 15, 9.10%, 0, 0, 4, 3.67
1746578003, 0, 886, 1046, 1014, 15, 9.10%, 0, 0, 4, 3.67
1746578009, 0, 886, 1047, 1015, 15, 9.10%, 0, 0, 4, 3.68
1746578225, 0, 886, 1048, 1016, 15, 9.11%, 0, 0, 4, 3.67
1746578282, 0, 886, 1049, 1017, 15, 9.11%, 0, 0, 4, 3.64
1746578555, 0, 886, 1050, 1018, 15, 9.11%, 0, 0, 4, 3.86
1746578576, 0, 886, 1051, 1019, 15, 9.11%, 0, 0, 4, 5.55
1746578648, 0, 886, 1052, 1020, 15, 9.11%, 0, 0, 4, 3.74
1746578653, 0, 886, 1053, 1021, 15, 9.11%, 0, 0, 4, 3.68
1746578663, 0, 886, 1054, 1022, 15, 9.11%, 0, 0, 4, 3.76
1746578869, 0, 886, 1055, 1023, 15, 9.11%, 0, 0, 4, 5.24
1746578900, 0, 916, 1055, 1022, 19, 9.11%, 0, 0, 4, 6.32
1746579557, 0, 958, 1055, 1021, 18, 9.11%, 0, 0, 4, 5.94
1746579680, 0, 958, 1056, 1022, 18, 9.11%, 0, 0, 4, 4.86
1746580398, 0, 965, 1056, 1021, 17, 9.11%, 0, 0, 4, 9.12
1746580424, 0, 965, 1057, 1022, 17, 9.11%, 0, 0, 4, 8.19
1746580470, 0, 965, 1058, 1023, 17, 9.11%, 0, 0, 4, 7.62
1746580691, 0, 966, 1058, 1022, 17, 9.11%, 0, 0, 4, 6.51
1746580697, 0, 966, 1059, 1023, 17, 9.11%, 0, 0, 4, 5.08
1746580774, 0, 966, 1060, 1024, 17, 9.11%, 0, 0, 4, 4.59
1746581494, 0, 966, 1061, 1025, 17, 9.11%, 0, 0, 4, 5.05
1746581505, 0, 966, 1062, 1026, 17, 9.11%, 0, 0, 4, 4.29
1746581619, 0, 972, 1062, 1025, 17, 9.11%, 0, 0, 4, 5.53
1746581649, 0, 972, 1063, 1026, 17, 9.11%, 0, 0, 4, 3.96
1746581722, 0, 972, 1064, 1027, 17, 9.11%, 0, 0, 4, 7.56
1746582683, 0, 976, 1064, 1026, 16, 9.11%, 0, 0, 4, 6.14
1746582688, 0, 976, 1065, 1027, 16, 9.11%, 0, 0, 4, 4.65
1746582693, 0, 976, 1067, 1029, 16, 9.11%, 0, 0, 4, 3.97
1746582699, 0, 976, 1068, 1030, 16, 9.11%, 0, 0, 4, 4.03
1746582704, 0, 976, 1069, 1031, 16, 9.11%, 0, 0, 4, 3.29
1746582709, 0, 976, 1070, 1032, 16, 9.11%, 0, 0, 4, 3.51
1746582714, 0, 976, 1071, 1033, 16, 9.11%, 0, 0, 4, 3.65
1746582719, 0, 976, 1073, 1035, 16, 9.11%, 0, 0, 4, 3.51
1746582729, 0, 976, 1074, 1036, 16, 9.11%, 0, 0, 4, 3.61
1746582735, 0, 976, 1075, 1037, 16, 9.11%, 0, 0, 4, 3.34
1746582740, 0, 976, 1076, 1038, 16, 9.11%, 0, 0, 4, 3.21
1746582745, 0, 976, 1077, 1039, 16, 9.11%, 0, 0, 4, 3.40
1746582755, 0, 976, 1078, 1040, 16, 9.11%, 0, 0, 4, 3.15
1746582761, 0, 976, 1079, 1041, 16, 9.11%, 0, 0, 4, 2.99
1746582766, 0, 976, 1080, 1042, 16, 9.11%, 0, 0, 4, 2.87
1746582771, 0, 976, 1081, 1043, 16, 9.11%, 0, 0, 4, 2.99
1746582791, 0, 976, 1082, 1044, 16, 9.11%, 0, 0, 4, 5.36
1746582812, 0, 976, 1083, 1045, 16, 9.11%, 0, 0, 4, 3.49
1746582822, 0, 976, 1084, 1046, 16, 9.11%, 0, 0, 4, 2.98
1746582863, 0, 976, 1085, 1047, 16, 9.12%, 0, 0, 4, 3.51
1746582879, 0, 976, 1087, 1049, 16, 9.12%, 0, 0, 4, 3.04
1746582895, 0, 976, 1088, 1050, 16, 9.12%, 0, 0, 4, 3.69
1746582905, 0, 976, 1089, 1051, 16, 9.12%, 0, 0, 4, 3.68
1746582910, 0, 976, 1090, 1052, 16, 9.12%, 0, 0, 4, 3.09
1746582915, 0, 976, 1091, 1053, 16, 9.12%, 0, 0, 4, 3.98
1746582920, 0, 976, 1092, 1054, 16, 9.12%, 0, 0, 4, 3.15
1746582952, 0, 976, 1093, 1055, 16, 9.12%, 0, 0, 4, 4.06
1746583024, 0, 976, 1094, 1056, 16, 9.12%, 0, 0, 4, 5.56
1746583112, 0, 976, 1095, 1057, 16, 9.12%, 0, 0, 4, 3.59
1746583132, 0, 976, 1096, 1058, 16, 9.12%, 0, 0, 4, 2.88
1746583184, 0, 976, 1097, 1059, 16, 9.12%, 0, 0, 4, 2.91
1746583205, 0, 976, 1098, 1060, 16, 9.12%, 0, 0, 4, 3.14
1746583215, 0, 976, 1099, 1061, 16, 9.12%, 0, 0, 4, 3.24
1746583220, 0, 976, 1100, 1062, 16, 9.12%, 0, 0, 4, 3.20
1746583411, 0, 976, 1101, 1063, 16, 9.12%, 0, 0, 4, 2.44
1746583442, 0, 976, 1102, 1064, 16, 9.12%, 0, 0, 4, 2.94
1746583452, 0, 976, 1104, 1066, 16, 9.12%, 0, 0, 4, 3.13
1746583457, 0, 976, 1105, 1067, 16, 9.12%, 0, 0, 4, 3.18
1746583462, 0, 976, 1107, 1069, 16, 9.12%, 0, 0, 4, 3.18
1746583468, 0, 976, 1108, 1070, 16, 9.12%, 0, 0, 4, 2.90
1746583524, 0, 976, 1109, 1071, 16, 9.12%, 0, 0, 4, 3.81
1746583622, 0, 976, 1110, 1072, 16, 9.12%, 0, 0, 4, 2.98
1746583643, 0, 976, 1111, 1073, 16, 9.12%, 0, 0, 4, 3.15
1746583654, 0, 976, 1112, 1074, 16, 9.12%, 0, 0, 4, 3.32
1746583659, 0, 976, 1114, 1076, 16, 9.12%, 0, 0, 4, 3.55
1746583664, 0, 976, 1115, 1077, 16, 9.12%, 0, 0, 4, 3.39
1746583669, 0, 976, 1116, 1078, 16, 9.12%, 0, 0, 4, 3.49
1746583833, 0, 976, 1117, 1079, 16, 9.12%, 0, 0, 4, 3.62
1746583838, 0, 976, 1119, 1081, 16, 9.12%, 0, 0, 4, 3.84
1746583864, 0, 976, 1120, 1082, 16, 9.12%, 0, 0, 4, 2.98
1746583869, 0, 976, 1121, 1083, 16, 9.12%, 0, 0, 4, 2.51
1746583874, 0, 976, 1123, 1085, 16, 9.12%, 0, 0, 4, 3.62
1746583885, 0, 976, 1124, 1086, 16, 9.12%, 0, 0, 4, 3.49
1746583890, 0, 976, 1125, 1087, 16, 9.12%, 0, 0, 4, 3.12
1746583895, 0, 976, 1127, 1089, 16, 9.12%, 0, 0, 4, 3.64
1746583906, 0, 976, 1129, 1091, 16, 9.12%, 0, 0, 4, 3.60
1746583947, 0, 993, 1129, 1090, 19, 9.12%, 0, 0, 4, 10.39
1746584015, 0, 997, 1129, 1089, 18, 9.12%, 0, 0, 4, 7.97
1746584035, 0, 997, 1130, 1090, 18, 9.12%, 0, 0, 4, 5.13
1746584040, 0, 997, 1131, 1091, 18, 9.12%, 0, 0, 4, 4.12
1746584082, 0, 997, 1132, 1092, 18, 9.12%, 0, 0, 4, 2.92
1746584092, 0, 997, 1133, 1093, 18, 9.12%, 0, 0, 4, 3.03
1746584160, 0, 997, 1134, 1094, 18, 9.12%, 0, 0, 4, 3.03
1746584201, 0, 997, 1135, 1095, 18, 9.12%, 0, 0, 4, 3.14
1746584258, 0, 997, 1137, 1097, 18, 9.12%, 0, 0, 4, 2.75
1746584454, 0, 997, 1138, 1098, 18, 9.12%, 0, 0, 4, 3.33
1746585329, 0, 997, 1139, 1099, 18, 9.12%, 0, 0, 4, 4.85
1746585422, 0, 997, 1140, 1100, 18, 9.12%, 0, 0, 4, 3.35
1746585542, 0, 997, 1141, 1101, 18, 9.12%, 0, 0, 4, 2.56
1746585629, 0, 1004, 1141, 1100, 20, 9.12%, 0, 0, 4, 7.93
1746585876, 0, 1005, 1141, 1099, 19, 9.12%, 0, 0, 4, 8.49
1746586193, 0, 1012, 1141, 1098, 18, 9.12%, 0, 0, 4, 8.53
1746586218, 0, 1012, 1142, 1099, 18, 9.12%, 0, 0, 4, 8.41
1746586239, 0, 1012, 1143, 1100, 18, 9.12%, 0, 0, 4, 7.66
1746586604, 0, 1012, 1144, 1101, 18, 9.12%, 0, 0, 4, 6.42
1746586641, 0, 1031, 1144, 1100, 18, 9.12%, 0, 0, 4, 6.76
1746586904, 0, 1031, 1145, 1101, 18, 9.12%, 0, 0, 5, 5.30
1746587033, 0, 1033, 1145, 1100, 18, 9.12%, 0, 0, 5, 7.25
1746587288, 0, 1038, 1145, 1099, 17, 9.12%, 0, 0, 5, 6.61
1746587371, 0, 1038, 1146, 1100, 17, 9.12%, 0, 0, 5, 3.59
1746587973, 0, 1038, 1147, 1101, 17, 9.12%, 0, 0, 5, 3.83
1746587978, 0, 1038, 1148, 1102, 17, 9.12%, 0, 0, 5, 3.59
1746588025, 0, 1038, 1149, 1103, 17, 9.12%, 0, 0, 5, 3.68
1746588298, 0, 1038, 1150, 1104, 17, 9.12%, 0, 0, 5, 6.38
1746588313, 0, 1038, 1151, 1105, 17, 9.12%, 0, 0, 5, 4.37
1746588355, 0, 1038, 1153, 1107, 17, 9.12%, 0, 0, 5, 4.58
1746588753, 0, 1038, 1154, 1108, 17, 9.12%, 0, 0, 5, 5.92
1746588778, 0, 1038, 1155, 1109, 17, 9.12%, 0, 0, 5, 5.83
1746589056, 0, 1042, 1155, 1108, 17, 9.12%, 0, 0, 5, 5.68
1746589077, 0, 1042, 1156, 1109, 17, 9.12%, 0, 0, 5, 4.12
1746589144, 0, 1042, 1157, 1110, 17, 9.12%, 0, 0, 5, 3.52
1746589711, 0, 1042, 1158, 1111, 17, 9.12%, 0, 0, 5, 3.66
1746589809, 0, 1042, 1159, 1112, 17, 9.12%, 0, 0, 5, 3.64
1746589815, 0, 1042, 1160, 1113, 17, 9.12%, 0, 0, 5, 3.46
1746589825, 0, 1042, 1161, 1114, 17, 9.12%, 0, 0, 5, 3.39
1746590087, 0, 1043, 1161, 1113, 16, 9.12%, 0, 0, 5, 6.13
1746590128, 0, 1043, 1162, 1114, 16, 9.12%, 0, 0, 5, 3.62
1746590133, 0, 1043, 1163, 1115, 16, 9.12%, 0, 0, 5, 4.11
1746590179, 0, 1043, 1164, 1116, 16, 9.16%, 0, 0, 5, 3.97
1746590421, 0, 1043, 1165, 1117, 16, 9.16%, 0, 0, 5, 3.60
1746591087, 0, 1043, 1166, 1118, 16, 9.16%, 0, 0, 5, 6.09
1746591149, 0, 1047, 1166, 1117, 13, 9.16%, 0, 0, 5, 6.08
1746591922, 0, 1047, 1167, 1118, 13, 9.16%, 0, 0, 5, 3.43
1746592185, 0, 1057, 1167, 1117, 12, 9.16%, 0, 0, 5, 8.68
1746592205, 0, 1057, 1168, 1118, 12, 9.16%, 0, 0, 5, 9.15
1746592508, 0, 1110, 1168, 1117, 11, 9.16%, 0, 0, 5, 7.60
1746592591, 0, 1110, 1169, 1118, 11, 9.16%, 0, 0, 5, 3.41
1746592596, 0, 1110, 1170, 1119, 11, 9.16%, 0, 0, 5, 3.41
1746592643, 0, 1110, 1171, 1120, 11, 9.16%, 0, 0, 5, 3.23
1746592886, 0, 1110, 1173, 1122, 11, 9.16%, 0, 0, 5, 3.95
1746592891, 0, 1110, 1174, 1123, 11, 9.16%, 0, 0, 5, 3.93
1746593287, 0, 1110, 1175, 1124, 11, 9.16%, 0, 0, 5, 3.51
1746593303, 0, 1110, 1176, 1125, 11, 9.16%, 0, 0, 5, 3.34
1746593308, 0, 1110, 1177, 1126, 11, 9.16%, 0, 0, 5, 3.27
1746593458, 0, 1110, 1178, 1127, 11, 9.16%, 0, 0, 5, 3.23
1746593510, 0, 1110, 1179, 1128, 11, 9.16%, 0, 0, 5, 3.32
1746593515, 0, 1110, 1180, 1129, 11, 9.16%, 0, 0, 5, 3.67
1746593581, 0, 1112, 1180, 1128, 10, 9.16%, 0, 0, 5, 5.91
1746593710, 0, 1112, 1181, 1129, 10, 9.16%, 0, 0, 5, 3.31
1746593726, 0, 1112, 1182, 1130, 10, 9.16%, 0, 0, 5, 4.18
1746594565, 0, 1112, 1183, 1131, 10, 9.16%, 0, 0, 5, 4.74
1746594570, 0, 1112, 1184, 1132, 10, 9.16%, 0, 0, 5, 4.09
1746594601, 0, 1112, 1185, 1133, 10, 9.16%, 0, 0, 5, 6.65
1746594694, 0, 1112, 1186, 1134, 10, 9.16%, 0, 0, 5, 7.10
1746595129, 0, 1112, 1187, 1135, 10, 9.16%, 0, 0, 5, 5.41
1746595289, 0, 1112, 1188, 1136, 10, 9.16%, 0, 0, 5, 5.38
1746595341, 0, 1124, 1188, 1135, 9, 9.16%, 0, 0, 5, 5.72
1746595429, 0, 1124, 1189, 1136, 9, 9.16%, 0, 0, 5, 3.01
1746595485, 0, 1124, 1190, 1137, 9, 9.16%, 0, 0, 5, 2.70
1746595506, 0, 1124, 1191, 1138, 9, 9.16%, 0, 0, 5, 3.06
1746595522, 0, 1124, 1193, 1140, 9, 9.16%, 0, 0, 5, 3.24
1746595717, 0, 1124, 1194, 1141, 9, 9.16%, 0, 0, 5, 2.83
1746595759, 0, 1124, 1195, 1142, 9, 9.16%, 0, 0, 5, 2.69
1746595775, 0, 1124, 1196, 1143, 9, 9.16%, 0, 0, 5, 2.75
1746595795, 0, 1124, 1197, 1144, 9, 9.16%, 0, 0, 5, 2.37
1746596064, 0, 1124, 1198, 1145, 9, 9.16%, 0, 0, 5, 2.21
1746596084, 0, 1124, 1199, 1146, 9, 9.16%, 0, 0, 5, 2.08
1746596481, 0, 1124, 1200, 1147, 9, 9.16%, 0, 0, 5, 3.73
1746596492, 0, 1124, 1201, 1148, 9, 9.16%, 0, 0, 5, 2.91
1746596605, 0, 1131, 1201, 1147, 8, 9.16%, 0, 0, 5, 5.62
1746596782, 0, 1131, 1202, 1148, 8, 9.16%, 0, 0, 5, 3.06
1746596838, 0, 1131, 1203, 1149, 8, 9.16%, 0, 0, 5, 3.54
1746597601, 0, 1131, 1204, 1150, 8, 9.16%, 0, 0, 5, 2.94
1746598216, 0, 1133, 1204, 1149, 8, 9.16%, 0, 0, 5, 7.44
1746598232, 0, 1133, 1205, 1150, 8, 9.16%, 0, 0, 5, 4.68
1746599629, 0, 1133, 1206, 1151, 8, 9.16%, 0, 0, 5, 3.13
1746599774, 0, 1133, 1207, 1152, 8, 9.16%, 0, 0, 5, 5.86
1746599835, 0, 1139, 1207, 1151, 8, 9.16%, 0, 0, 5, 6.39
1746599903, 0, 1139, 1208, 1152, 8, 9.16%, 0, 0, 5, 5.30
1746599970, 0, 1139, 1209, 1153, 8, 9.16%, 0, 0, 5, 5.37
1746601334, 0, 1139, 1210, 1154, 8, 9.16%, 0, 0, 5, 3.03
1746601433, 0, 1141, 1210, 1153, 8, 9.16%, 0, 0, 5, 8.54
1746601596, 0, 1141, 1211, 1154, 8, 9.16%, 0, 0, 5, 8.69
1746601869, 0, 1144, 1211, 1153, 8, 9.16%, 0, 0, 5, 7.63
1746601874, 0, 1144, 1212, 1154, 8, 9.16%, 0, 0, 6, 7.31
1746601880, 0, 1144, 1213, 1155, 8, 9.16%, 0, 0, 6, 7.07
1746601895, 0, 1144, 1214, 1156, 8, 9.16%, 0, 0, 6, 6.88
