# unix_time, cycles_done, cur_path, paths_total, pending_total, pending_favs, map_size, unique_crashes, unique_hangs, max_depth, execs_per_sec
1746611932, 0, 0, 1, 1, 1, 5.61%, 0, 0, 1, 78.43
1746611937, 0, 0, 46, 46, 1, 6.34%, 0, 0, 2, 78.40
1746611942, 0, 0, 87, 87, 1, 6.37%, 0, 0, 2, 71.79
1746611947, 0, 0, 112, 112, 1, 6.99%, 0, 0, 2, 51.37
1746611953, 0, 0, 133, 133, 1, 7.00%, 0, 0, 2, 44.63
1746611958, 0, 0, 153, 153, 1, 7.29%, 0, 0, 2, 38.62
1746611963, 0, 0, 173, 173, 1, 7.34%, 0, 0, 2, 40.22
1746611968, 0, 0, 193, 193, 1, 7.42%, 0, 0, 2, 42.04
1746611973, 0, 0, 211, 211, 1, 7.42%, 0, 0, 2, 37.95
1746611978, 0, 0, 232, 232, 1, 7.42%, 0, 0, 2, 42.09
1746611983, 0, 0, 249, 249, 1, 7.42%, 0, 0, 2, 40.53
1746611988, 0, 0, 266, 266, 1, 7.42%, 0, 0, 2, 37.33
1746611993, 0, 0, 286, 286, 1, 7.42%, 0, 0, 2, 38.19
1746611999, 0, 0, 304, 304, 1, 7.42%, 0, 0, 2, 40.82
1746612004, 0, 0, 319, 319, 1, 7.42%, 0, 0, 2, 39.29
1746612009, 0, 0, 335, 335, 1, 7.42%, 0, 0, 2, 39.31
1746612014, 0, 0, 347, 347, 1, 7.42%, 0, 0, 2, 40.31
1746612019, 0, 0, 364, 364, 1, 7.42%, 0, 0, 2, 41.20
1746612024, 0, 0, 379, 379, 1, 7.42%, 0, 0, 2, 45.40
1746612029, 0, 0, 390, 390, 1, 7.97%, 0, 0, 2, 41.18
1746612034, 0, 0, 401, 401, 1, 7.98%, 0, 0, 2, 42.73
1746612039, 0, 0, 408, 408, 1, 8.10%, 0, 0, 2, 38.57
1746612045, 0, 0, 420, 420, 1, 8.10%, 0, 0, 2, 38.82
1746612050, 0, 0, 430, 430, 1, 8.10%, 0, 0, 2, 34.76
1746612055, 0, 0, 441, 441, 1, 8.10%, 0, 0, 2, 39.69
1746612060, 0, 0, 452, 452, 1, 8.10%, 0, 0, 2, 37.08
1746612065, 0, 0, 461, 461, 1, 8.10%, 0, 0, 2, 37.75
1746612070, 0, 0, 467, 467, 1, 8.10%, 0, 0, 2, 43.17
1746612075, 0, 0, 475, 475, 1, 8.10%, 0, 0, 2, 42.92
1746612081, 0, 0, 483, 483, 1, 8.10%, 0, 0, 2, 37.02
1746612086, 0, 0, 490, 490, 1, 8.10%, 0, 0, 2, 38.97
1746612091, 0, 0, 494, 494, 1, 8.10%, 0, 0, 2, 45.76
1746612096, 0, 0, 501, 501, 1, 8.10%, 0, 0, 2, 41.37
1746612101, 0, 0, 506, 506, 1, 8.10%, 0, 0, 2, 42.50
1746612106, 0, 0, 509, 509, 1, 8.10%, 0, 0, 2, 39.45
1746612111, 0, 0, 515, 515, 1, 8.10%, 0, 0, 2, 38.37
1746612116, 0, 0, 520, 520, 1, 8.10%, 0, 0, 2, 43.14
1746612121, 0, 0, 523, 523, 1, 8.10%, 0, 0, 2, 47.76
1746612126, 0, 0, 526, 526, 1, 8.10%, 0, 0, 2, 46.49
1746612132, 0, 0, 528, 528, 1, 8.10%, 0, 0, 2, 42.40
1746612137, 0, 0, 531, 531, 1, 8.10%, 0, 0, 2, 43.14
1746612142, 0, 0, 532, 532, 1, 8.10%, 0, 0, 2, 43.99
1746612147, 0, 0, 536, 536, 1, 8.10%, 0, 0, 2, 44.01
1746612152, 0, 0, 541, 541, 1, 8.10%, 0, 0, 2, 47.28
1746612157, 0, 0, 543, 543, 1, 8.10%, 0, 0, 2, 43.70
1746612162, 0, 0, 545, 545, 1, 8.10%, 0, 0, 2, 42.99
1746612168, 0, 0, 548, 548, 1, 8.10%, 0, 0, 2, 42.51
1746612173, 0, 0, 553, 553, 1, 8.10%, 0, 0, 2, 38.72
1746612178, 0, 0, 556, 556, 1, 8.10%, 0, 0, 2, 42.36
1746612183, 0, 0, 558, 558, 1, 8.10%, 0, 0, 2, 46.06
1746612188, 0, 0, 560, 560, 1, 8.11%, 0, 0, 2, 44.90
1746612193, 0, 0, 562, 562, 1, 8.11%, 0, 0, 2, 43.77
1746612198, 0, 0, 563, 563, 1, 8.11%, 0, 0, 2, 45.89
1746612203, 0, 0, 564, 564, 1, 8.11%, 0, 0, 2, 45.65
1746612209, 0, 0, 568, 568, 1, 8.11%, 0, 0, 2, 39.80
1746612214, 0, 0, 569, 569, 1, 8.11%, 0, 0, 2, 42.28
1746612219, 0, 0, 571, 571, 1, 8.11%, 0, 0, 2, 42.08
1746612224, 0, 0, 572, 572, 1, 8.11%, 0, 0, 2, 43.80
1746612229, 0, 0, 574, 574, 1, 8.11%, 0, 0, 2, 45.36
1746612234, 0, 0, 576, 576, 1, 8.11%, 0, 0, 2, 42.86
1746612239, 0, 0, 581, 581, 1, 8.11%, 0, 0, 2, 40.36
1746612244, 0, 0, 583, 583, 1, 8.11%, 0, 0, 2, 41.57
1746612250, 0, 0, 586, 586, 1, 8.11%, 0, 0, 2, 41.07
1746612255, 0, 0, 587, 587, 1, 8.11%, 0, 0, 2, 44.07
1746612260, 0, 0, 588, 588, 1, 8.11%, 0, 0, 2, 45.27
1746612265, 0, 0, 589, 589, 1, 8.11%, 0, 0, 2, 45.17
1746612270, 0, 0, 591, 591, 1, 8.12%, 0, 0, 2, 40.45
1746612280, 0, 0, 593, 593, 1, 8.12%, 0, 0, 2, 40.88
1746612286, 0, 0, 595, 595, 1, 8.12%, 0, 0, 2, 41.75
1746612291, 0, 0, 596, 596, 1, 8.12%, 0, 0, 2, 43.85
1746612311, 0, 0, 597, 597, 1, 8.12%, 0, 0, 2, 44.89
1746612321, 0, 0, 600, 600, 1, 8.12%, 0, 0, 2, 42.22
1746612326, 0, 0, 603, 603, 1, 8.12%, 0, 0, 2, 42.63
1746612332, 0, 0, 606, 606, 1, 8.12%, 0, 0, 2, 46.18
1746612337, 0, 0, 608, 608, 1, 8.12%, 0, 0, 2, 44.44
1746612342, 0, 0, 609, 609, 1, 8.12%, 0, 0, 2, 48.10
1746612347, 0, 0, 610, 610, 1, 8.13%, 0, 0, 2, 46.56
1746612357, 0, 0, 611, 611, 1, 8.13%, 0, 0, 2, 44.48
1746612362, 0, 0, 612, 612, 1, 8.13%, 0, 0, 2, 45.76
1746612372, 0, 0, 614, 614, 1, 8.13%, 0, 0, 2, 40.12
1746612383, 0, 0, 616, 616, 1, 8.13%, 0, 0, 2, 45.06
1746612398, 0, 0, 617, 617, 1, 8.13%, 0, 0, 2, 45.04
1746612403, 0, 0, 618, 618, 1, 8.13%, 0, 0, 2, 45.41
1746612418, 0, 0, 619, 619, 1, 8.13%, 0, 0, 2, 45.77
1746612423, 0, 0, 620, 620, 1, 8.13%, 0, 0, 2, 42.96
1746612428, 0, 79, 620, 619, 19, 8.13%, 0, 0, 2, 48.20
1746612434, 0, 79, 622, 621, 19, 8.13%, 0, 0, 3, 45.37
1746612439, 0, 79, 624, 623, 19, 8.13%, 0, 0, 3, 46.91
1746612449, 0, 79, 625, 624, 19, 8.13%, 0, 0, 3, 51.00
1746612464, 0, 79, 627, 626, 19, 8.13%, 0, 0, 3, 43.70
1746612474, 0, 79, 628, 627, 19, 8.13%, 0, 0, 3, 53.08
1746612480, 0, 79, 629, 628, 19, 8.13%, 0, 0, 3, 44.04
1746612485, 0, 79, 631, 630, 19, 8.13%, 0, 0, 3, 41.75
1746612490, 0, 79, 632, 631, 19, 8.13%, 0, 0, 3, 44.50
1746612495, 0, 79, 633, 632, 19, 8.13%, 0, 0, 3, 47.27
1746612500, 0, 79, 635, 634, 19, 8.13%, 0, 0, 3, 45.41
1746612516, 0, 79, 636, 635, 19, 8.13%, 0, 0, 3, 50.03
1746612531, 0, 79, 638, 637, 19, 8.13%, 0, 0, 3, 46.09
1746612536, 0, 79, 639, 638, 19, 8.13%, 0, 0, 3, 43.53
1746612541, 0, 79, 641, 640, 19, 8.13%, 0, 0, 3, 43.90
1746612546, 0, 79, 643, 642, 19, 8.13%, 0, 0, 3, 42.38
1746612551, 0, 79, 644, 643, 19, 8.35%, 0, 0, 3, 41.56
1746612556, 0, 79, 645, 644, 19, 8.35%, 0, 0, 3, 43.99
1746612562, 0, 79, 647, 646, 19, 8.43%, 0, 0, 3, 43.27
1746612572, 0, 79, 648, 647, 19, 8.43%, 0, 0, 3, 50.83
1746612582, 0, 79, 650, 649, 19, 8.43%, 0, 0, 3, 47.67
1746612587, 0, 79, 651, 650, 19, 8.43%, 0, 0, 3, 44.05
1746612597, 0, 79, 653, 652, 19, 8.43%, 0, 0, 3, 43.55
1746612612, 0, 79, 654, 653, 19, 8.46%, 0, 0, 3, 16.77
1746612618, 0, 79, 655, 654, 19, 8.46%, 0, 0, 3, 41.45
1746612633, 0, 82, 655, 653, 15, 8.46%, 0, 0, 3, 58.17
1746612643, 0, 82, 656, 654, 15, 8.46%, 0, 0, 3, 46.34
1746612648, 0, 82, 658, 656, 15, 8.46%, 0, 0, 3, 41.54
1746612653, 0, 82, 659, 657, 15, 8.46%, 0, 0, 3, 45.29
1746612663, 0, 82, 661, 659, 15, 8.46%, 0, 0, 3, 40.30
1746612668, 0, 82, 663, 661, 15, 8.54%, 0, 0, 3, 43.15
1746612714, 0, 82, 664, 662, 15, 8.54%, 0, 0, 3, 45.70
1746612720, 0, 82, 667, 665, 15, 8.54%, 0, 0, 3, 37.39
1746612730, 0, 82, 668, 666, 15, 8.54%, 0, 0, 3, 48.67
1746612771, 0, 82, 669, 667, 15, 8.54%, 0, 0, 3, 50.16
1746612786, 0, 82, 670, 668, 15, 8.54%, 0, 0, 3, 43.15
1746612791, 0, 82, 671, 669, 15, 8.69%, 0, 0, 3, 42.04
1746612796, 0, 82, 672, 670, 15, 8.69%, 0, 0, 3, 46.51
1746612807, 0, 82, 673, 671, 15, 8.69%, 0, 0, 3, 48.65
1746612812, 0, 82, 674, 672, 15, 8.69%, 0, 0, 3, 47.48
1746612817, 0, 82, 675, 673, 15, 8.72%, 0, 0, 3, 8.53
1746612863, 0, 82, 676, 674, 15, 8.72%, 0, 0, 3, 42.67
1746612873, 0, 82, 677, 675, 15, 8.72%, 0, 0, 3, 47.47
1746612878, 0, 82, 679, 677, 15, 8.72%, 0, 0, 3, 29.67
1746612888, 0, 82, 680, 678, 15, 8.72%, 0, 0, 3, 47.31
1746612893, 0, 82, 681, 679, 15, 8.72%, 0, 0, 3, 42.90
1746612904, 0, 82, 682, 680, 15, 8.72%, 0, 0, 3, 45.20
1746612929, 0, 82, 683, 681, 15, 8.72%, 0, 0, 3, 47.36
1746612950, 0, 82, 684, 682, 15, 8.72%, 0, 0, 3, 46.95
1746612965, 0, 82, 685, 683, 15, 8.72%, 0, 0, 3, 47.25
1746612970, 0, 82, 686, 684, 15, 8.72%, 0, 0, 3, 44.94
1746612975, 0, 82, 687, 685, 15, 8.72%, 0, 0, 3, 48.12
1746612986, 0, 102, 688, 685, 17, 8.72%, 0, 0, 3, 45.86
1746613011, 0, 141, 688, 684, 16, 8.72%, 0, 0, 3, 34.54
1746613032, 0, 141, 689, 685, 16, 8.72%, 0, 0, 3, 37.22
1746613047, 0, 141, 690, 686, 16, 8.72%, 0, 0, 3, 34.67
1746613083, 0, 144, 694, 689, 15, 8.72%, 0, 0, 3, 27.15
1746613088, 0, 144, 699, 694, 15, 8.72%, 0, 0, 3, 22.67
1746613093, 0, 144, 700, 695, 15, 8.72%, 0, 0, 3, 25.22
1746613098, 0, 144, 703, 698, 15, 8.72%, 0, 0, 3, 22.88
1746613103, 0, 144, 705, 700, 15, 8.72%, 0, 0, 3, 23.40
1746613108, 0, 144, 708, 703, 15, 8.72%, 0, 0, 3, 22.77
1746613113, 0, 144, 709, 704, 15, 8.72%, 0, 0, 3, 23.70
1746613118, 0, 144, 711, 706, 15, 8.72%, 0, 0, 3, 24.33
1746613129, 0, 144, 715, 710, 15, 8.72%, 0, 0, 3, 24.58
1746613134, 0, 144, 718, 713, 15, 8.73%, 0, 0, 3, 24.79
1746613139, 0, 144, 720, 715, 15, 8.73%, 0, 0, 3, 26.95
1746613144, 0, 144, 721, 716, 15, 8.73%, 0, 0, 3, 24.45
1746613149, 0, 144, 723, 718, 15, 8.73%, 0, 0, 3, 20.42
1746613154, 0, 144, 724, 719, 15, 8.73%, 0, 0, 3, 22.52
1746613185, 0, 144, 725, 720, 15, 8.73%, 0, 0, 3, 24.18
1746613195, 0, 144, 726, 721, 15, 8.73%, 0, 0, 3, 19.13
1746613205, 0, 144, 727, 722, 15, 8.73%, 0, 0, 3, 25.34
1746613216, 0, 144, 729, 724, 15, 8.73%, 0, 0, 3, 26.33
1746613221, 0, 144, 731, 726, 15, 8.73%, 0, 0, 3, 25.87
1746613226, 0, 144, 733, 728, 15, 8.73%, 0, 0, 3, 23.28
1746613251, 0, 144, 734, 729, 15, 8.73%, 0, 0, 3, 25.55
1746613256, 0, 144, 735, 730, 15, 8.73%, 0, 0, 3, 27.52
1746613261, 0, 144, 737, 732, 15, 8.73%, 0, 0, 3, 20.65
1746613266, 0, 144, 738, 733, 15, 8.73%, 0, 0, 3, 24.37
1746613277, 0, 144, 739, 734, 15, 8.74%, 0, 0, 3, 27.37
1746613282, 0, 144, 741, 736, 15, 8.74%, 0, 0, 3, 29.95
1746613287, 0, 144, 743, 738, 15, 8.74%, 0, 0, 3, 29.06
1746613292, 0, 144, 744, 739, 15, 8.74%, 0, 0, 3, 29.23
1746613302, 0, 144, 745, 740, 15, 8.74%, 0, 0, 3, 30.91
1746613307, 0, 144, 747, 742, 15, 8.74%, 0, 0, 3, 29.18
1746613322, 0, 144, 748, 743, 15, 8.74%, 0, 0, 3, 31.26
1746613338, 0, 144, 750, 745, 15, 8.74%, 0, 0, 3, 29.06
1746613343, 0, 144, 752, 747, 15, 8.74%, 0, 0, 3, 30.01
1746613348, 0, 144, 753, 748, 15, 8.74%, 0, 0, 3, 28.82
1746613358, 0, 144, 755, 750, 15, 8.74%, 0, 0, 3, 29.67
1746613363, 0, 144, 756, 751, 15, 8.74%, 0, 0, 3, 29.01
1746613369, 0, 144, 757, 752, 15, 8.74%, 0, 0, 3, 30.10
1746613374, 0, 144, 758, 753, 15, 8.74%, 0, 0, 3, 27.68
1746613379, 0, 144, 760, 755, 15, 8.74%, 0, 0, 3, 28.56
1746613389, 0, 144, 761, 756, 15, 8.74%, 0, 0, 3, 31.25
1746613395, 0, 144, 764, 759, 15, 8.74%, 0, 0, 3, 28.01
1746613405, 0, 144, 765, 760, 15, 8.74%, 0, 0, 3, 29.20
1746613410, 0, 144, 766, 761, 15, 8.88%, 0, 0, 3, 29.45
1746613415, 0, 144, 767, 762, 15, 8.88%, 0, 0, 3, 27.43
1746613420, 0, 144, 770, 765, 15, 8.88%, 0, 0, 3, 28.23
1746613425, 0, 144, 771, 766, 15, 8.88%, 0, 0, 3, 29.38
1746613430, 0, 144, 772, 767, 15, 8.88%, 0, 0, 3, 31.30
1746613446, 0, 144, 774, 769, 15, 8.89%, 0, 0, 3, 29.87
1746613451, 0, 144, 776, 771, 15, 8.89%, 0, 0, 3, 31.60
1746613461, 0, 144, 777, 772, 15, 8.89%, 0, 0, 3, 29.45
1746613472, 0, 144, 779, 774, 15, 8.89%, 0, 0, 3, 30.58
1746613477, 0, 144, 781, 776, 15, 8.89%, 0, 0, 3, 27.19
1746613497, 0, 144, 782, 777, 15, 8.89%, 0, 0, 3, 31.15
1746613502, 0, 144, 783, 778, 15, 8.89%, 0, 0, 3, 29.22
1746613507, 0, 144, 784, 779, 15, 8.94%, 0, 0, 3, 28.39
1746613533, 0, 144, 785, 780, 15, 8.94%, 0, 0, 3, 30.71
1746613538, 0, 144, 787, 782, 15, 8.94%, 0, 0, 3, 30.27
1746613553, 0, 144, 788, 783, 15, 8.94%, 0, 0, 3, 29.32
1746613558, 0, 144, 789, 784, 15, 8.94%, 0, 0, 3, 28.59
1746613563, 0, 144, 790, 785, 15, 8.94%, 0, 0, 3, 30.89
1746613569, 0, 144, 791, 786, 15, 8.94%, 0, 0, 3, 32.13
1746613579, 0, 144, 792, 787, 15, 8.94%, 0, 0, 3, 30.29
1746613594, 0, 144, 793, 788, 15, 8.94%, 0, 0, 3, 29.73
1746613599, 0, 144, 794, 789, 15, 8.94%, 0, 0, 3, 31.12
1746613610, 0, 144, 796, 791, 15, 8.94%, 0, 0, 3, 26.83
1746613615, 0, 144, 797, 792, 15, 8.94%, 0, 0, 3, 29.71
1746613645, 0, 144, 798, 793, 15, 8.94%, 0, 0, 3, 32.79
1746613650, 0, 144, 799, 794, 15, 8.94%, 0, 0, 3, 33.43
1746613655, 0, 144, 800, 795, 15, 8.94%, 0, 0, 3, 30.62
1746613661, 0, 144, 802, 797, 15, 8.94%, 0, 0, 3, 24.75
1746613676, 0, 144, 803, 798, 15, 8.94%, 0, 0, 3, 31.87
1746613701, 0, 144, 805, 800, 15, 8.94%, 0, 0, 3, 29.98
1746613712, 0, 144, 807, 802, 15, 8.94%, 0, 0, 3, 28.83
1746613717, 0, 144, 808, 803, 15, 8.94%, 0, 0, 3, 31.02
1746613722, 0, 144, 810, 805, 15, 8.94%, 0, 0, 3, 28.75
1746613727, 0, 144, 812, 807, 15, 8.94%, 0, 0, 3, 27.12
1746613732, 0, 144, 813, 808, 15, 8.94%, 0, 0, 3, 29.95
1746613747, 0, 144, 814, 809, 15, 8.94%, 0, 0, 3, 31.40
1746613777, 0, 144, 815, 810, 15, 8.94%, 0, 0, 3, 32.36
1746613788, 0, 144, 817, 812, 15, 8.94%, 0, 0, 3, 31.36
1746613793, 0, 144, 818, 813, 15, 8.94%, 0, 0, 3, 30.76
1746613823, 0, 144, 820, 815, 15, 8.94%, 0, 0, 3, 31.63
1746613833, 0, 158, 820, 814, 20, 8.94%, 0, 0, 3, 30.37
1746613838, 0, 158, 822, 816, 20, 8.94%, 0, 0, 3, 28.68
1746613843, 0, 158, 823, 817, 20, 8.94%, 0, 0, 3, 31.03
1746613848, 0, 158, 824, 818, 20, 8.94%, 0, 0, 3, 30.74
1746613853, 0, 158, 826, 820, 20, 8.94%, 0, 0, 3, 30.48
1746613874, 0, 177, 826, 819, 20, 8.94%, 0, 0, 3, 40.59
1746613910, 0, 287, 826, 818, 19, 8.94%, 0, 0, 3, 28.12
1746613935, 0, 313, 826, 817, 18, 8.94%, 0, 0, 3, 30.56
1746613956, 0, 313, 827, 818, 18, 8.94%, 0, 0, 3, 26.78
1746613992, 0, 380, 827, 817, 17, 8.94%, 0, 0, 3, 35.65
1746614012, 0, 487, 827, 816, 17, 8.94%, 0, 0, 3, 31.45
1746614068, 0, 501, 827, 815, 17, 8.94%, 0, 0, 3, 30.27
1746614119, 0, 614, 827, 814, 17, 8.94%, 0, 0, 3, 27.58
1746614150, 0, 634, 827, 813, 16, 8.94%, 0, 0, 3, 33.49
1746614217, 0, 634, 828, 814, 16, 8.94%, 0, 0, 4, 32.08
1746614237, 0, 638, 828, 813, 15, 8.94%, 0, 0, 4, 24.30
1746614298, 0, 645, 828, 812, 15, 8.94%, 0, 0, 4, 29.52
1746614304, 0, 645, 829, 813, 15, 8.94%, 0, 0, 4, 19.14
1746614309, 0, 645, 830, 814, 15, 8.94%, 0, 0, 4, 18.84
1746614314, 0, 645, 831, 815, 15, 8.94%, 0, 0, 4, 16.64
1746614324, 0, 645, 832, 816, 15, 8.94%, 0, 0, 4, 16.85
1746614339, 0, 645, 833, 817, 15, 8.94%, 0, 0, 4, 19.94
1746614349, 0, 645, 835, 819, 15, 8.94%, 0, 0, 4, 16.29
1746614364, 0, 645, 838, 822, 15, 8.94%, 0, 0, 4, 14.95
1746614390, 0, 645, 840, 824, 15, 8.94%, 0, 0, 4, 18.32
1746614400, 0, 645, 842, 826, 15, 8.94%, 0, 0, 4, 15.53
1746614405, 0, 645, 843, 827, 15, 8.94%, 0, 0, 4, 20.70
1746614410, 0, 645, 844, 828, 15, 8.94%, 0, 0, 4, 21.66
1746614415, 0, 645, 845, 829, 15, 8.94%, 0, 0, 4, 21.81
1746614420, 0, 645, 846, 830, 15, 8.94%, 0, 0, 4, 18.28
1746614425, 0, 645, 848, 832, 15, 8.94%, 0, 0, 4, 16.44
1746614430, 0, 645, 849, 833, 15, 8.94%, 0, 0, 4, 15.99
1746614440, 0, 645, 850, 834, 15, 8.94%, 0, 0, 4, 30.75
1746614456, 0, 670, 850, 833, 17, 8.94%, 0, 0, 4, 29.97
1746614461, 0, 670, 853, 836, 17, 8.94%, 0, 0, 4, 19.73
1746614466, 0, 670, 855, 838, 17, 8.94%, 0, 0, 4, 15.20
1746614471, 0, 670, 856, 839, 17, 8.94%, 0, 0, 4, 19.29
1746614476, 0, 670, 857, 840, 17, 8.94%, 0, 0, 4, 15.21
1746614481, 0, 670, 858, 841, 17, 8.94%, 0, 0, 4, 19.90
1746614486, 0, 670, 861, 844, 17, 8.94%, 0, 0, 4, 15.16
1746614491, 0, 670, 864, 847, 17, 8.94%, 0, 0, 4, 13.63
1746614512, 0, 670, 865, 848, 17, 8.94%, 0, 0, 4, 22.74
1746614517, 0, 670, 867, 850, 17, 8.94%, 0, 0, 4, 16.56
1746614522, 0, 670, 868, 851, 17, 8.94%, 0, 0, 4, 19.02
1746614527, 0, 670, 869, 852, 17, 8.94%, 0, 0, 4, 15.72
1746614533, 0, 670, 870, 853, 17, 8.94%, 0, 0, 4, 14.38
1746614538, 0, 670, 871, 854, 17, 8.94%, 0, 0, 4, 13.13
1746614558, 0, 670, 872, 855, 17, 8.94%, 0, 0, 4, 13.13
1746614573, 0, 670, 873, 856, 17, 8.94%, 0, 0, 4, 17.32
1746614604, 0, 670, 874, 857, 17, 8.94%, 0, 0, 4, 22.71
1746614614, 0, 670, 877, 860, 17, 8.94%, 0, 0, 4, 19.39
1746614625, 0, 670, 878, 861, 17, 8.94%, 0, 0, 4, 13.05
1746614635, 0, 670, 879, 862, 17, 8.96%, 0, 0, 4, 24.60
1746614645, 0, 670, 881, 864, 17, 8.96%, 0, 0, 4, 18.48
1746614670, 0, 670, 885, 868, 17, 8.96%, 0, 0, 4, 14.37
1746614676, 0, 670, 887, 870, 17, 8.96%, 0, 0, 4, 16.10
1746614686, 0, 670, 888, 871, 17, 8.96%, 0, 0, 4, 25.22
1746614691, 0, 670, 890, 873, 17, 8.96%, 0, 0, 4, 25.75
1746614752, 0, 738, 892, 874, 16, 8.97%, 0, 0, 4, 21.86
1746614757, 0, 738, 897, 879, 16, 8.97%, 0, 0, 4, 16.48
1746614762, 0, 738, 899, 881, 16, 8.97%, 0, 0, 4, 17.35
1746614768, 0, 738, 900, 882, 16, 8.97%, 0, 0, 4, 16.95
1746614773, 0, 738, 901, 883, 16, 8.97%, 0, 0, 4, 15.29
1746614778, 0, 738, 903, 885, 16, 8.97%, 0, 0, 4, 13.86
1746614783, 0, 738, 906, 888, 16, 8.97%, 0, 0, 4, 12.00
1746614788, 0, 738, 907, 889, 16, 8.97%, 0, 0, 4, 18.33
1746614793, 0, 738, 909, 891, 16, 8.98%, 0, 0, 4, 15.22
1746614798, 0, 738, 911, 893, 16, 8.98%, 0, 0, 4, 17.21
1746614808, 0, 738, 914, 896, 16, 8.99%, 0, 0, 4, 12.49
1746614813, 0, 738, 917, 899, 16, 8.99%, 0, 0, 4, 11.12
1746614824, 0, 738, 921, 903, 16, 8.99%, 0, 0, 4, 15.06
1746614829, 0, 738, 922, 904, 16, 8.99%, 0, 0, 4, 14.14
1746614839, 0, 738, 923, 905, 16, 8.99%, 0, 0, 4, 13.70
1746614844, 0, 738, 928, 910, 16, 8.99%, 0, 0, 4, 11.40
1746614849, 0, 738, 930, 912, 16, 8.99%, 0, 0, 4, 11.56
1746614854, 0, 738, 932, 914, 16, 8.99%, 0, 0, 4, 13.65
1746614860, 0, 738, 933, 915, 16, 8.99%, 0, 0, 4, 15.26
1746614870, 0, 738, 934, 916, 16, 8.99%, 0, 0, 4, 24.35
1746614875, 0, 738, 935, 917, 16, 8.99%, 0, 0, 4, 24.22
1746614880, 0, 738, 937, 919, 16, 8.99%, 0, 0, 4, 21.20
1746614890, 0, 738, 939, 921, 16, 8.99%, 0, 0, 4, 23.36
1746614895, 0, 738, 941, 923, 16, 8.99%, 0, 0, 4, 15.59
1746614926, 0, 738, 942, 924, 16, 8.99%, 0, 0, 4, 15.52
1746614972, 0, 738, 943, 925, 16, 8.99%, 0, 0, 4, 14.73
1746614997, 0, 738, 948, 930, 16, 8.99%, 0, 0, 4, 10.58
1746615002, 0, 738, 951, 933, 16, 9.00%, 0, 0, 4, 9.91
1746615007, 0, 738, 953, 935, 16, 9.00%, 0, 0, 4, 10.11
1746615012, 0, 738, 955, 937, 16, 9.00%, 0, 0, 4, 9.97
1746615017, 0, 738, 956, 938, 16, 9.00%, 0, 0, 4, 10.38
1746615058, 0, 738, 957, 939, 16, 9.00%, 0, 0, 4, 17.65
1746615063, 0, 738, 958, 940, 16, 9.00%, 0, 0, 4, 14.10
1746615073, 0, 738, 959, 941, 16, 9.00%, 0, 0, 4, 13.85
1746615130, 0, 738, 962, 944, 16, 9.00%, 0, 0, 4, 10.71
1746615135, 0, 738, 964, 946, 16, 9.00%, 0, 0, 4, 9.19
1746615140, 0, 738, 967, 949, 16, 9.01%, 0, 0, 4, 9.12
1746615150, 0, 738, 969, 951, 16, 9.26%, 0, 0, 4, 9.33
1746615155, 0, 738, 971, 953, 16, 9.26%, 0, 0, 4, 9.71
1746615160, 0, 738, 972, 954, 16, 9.26%, 0, 0, 4, 16.71
1746615165, 0, 738, 973, 955, 16, 9.26%, 0, 0, 4, 15.33
1746615171, 0, 738, 974, 956, 16, 9.26%, 0, 0, 4, 16.19
1746615196, 0, 738, 975, 957, 16, 9.26%, 0, 0, 4, 13.91
1746615201, 0, 738, 976, 958, 16, 9.26%, 0, 0, 4, 15.59
1746615212, 0, 738, 977, 959, 16, 9.26%, 0, 0, 4, 16.81
1746615232, 0, 738, 978, 960, 16, 9.26%, 0, 0, 4, 12.32
1746615242, 0, 738, 979, 961, 16, 9.26%, 0, 0, 4, 10.89
1746615288, 0, 738, 980, 962, 16, 9.26%, 0, 0, 4, 13.54
1746615304, 0, 738, 981, 963, 16, 9.26%, 0, 0, 4, 19.04
1746615350, 0, 738, 982, 964, 16, 9.26%, 0, 0, 4, 11.27
1746615355, 0, 738, 983, 965, 16, 9.26%, 0, 0, 4, 10.10
1746615381, 0, 744, 983, 964, 22, 9.26%, 0, 0, 4, 25.05
1746615386, 0, 744, 984, 965, 22, 9.26%, 0, 0, 4, 21.57
1746615544, 0, 744, 985, 966, 22, 9.27%, 0, 0, 4, 27.23
1746615549, 0, 744, 986, 967, 22, 9.27%, 0, 0, 4, 26.46
1746615570, 0, 744, 988, 969, 22, 9.27%, 0, 0, 4, 21.22
1746615595, 0, 761, 989, 969, 23, 9.27%, 0, 0, 4, 30.66
1746615605, 0, 761, 990, 970, 23, 9.27%, 0, 0, 4, 27.98
1746615610, 0, 761, 991, 971, 23, 9.27%, 0, 0, 4, 26.18
1746615636, 0, 761, 992, 972, 23, 9.27%, 0, 0, 4, 26.98
1746615728, 0, 761, 993, 973, 23, 9.27%, 0, 0, 4, 28.86
1746615739, 0, 761, 994, 974, 23, 9.27%, 0, 0, 4, 30.11
1746615744, 0, 761, 995, 975, 23, 9.27%, 0, 0, 4, 26.71
1746615754, 0, 761, 996, 976, 23, 9.27%, 0, 0, 4, 30.98
1746615785, 0, 761, 997, 977, 23, 9.27%, 0, 0, 4, 33.25
1746615795, 0, 761, 998, 978, 23, 9.27%, 0, 0, 4, 30.85
1746615826, 0, 761, 999, 979, 23, 9.27%, 0, 0, 4, 30.90
1746615841, 0, 761, 1001, 981, 23, 9.27%, 0, 0, 4, 31.26
1746615881, 0, 761, 1002, 982, 23, 9.27%, 0, 0, 4, 27.61
1746615892, 0, 761, 1003, 983, 23, 9.27%, 0, 0, 4, 28.10
1746615912, 0, 761, 1004, 984, 23, 9.27%, 0, 0, 4, 31.15
1746616055, 0, 761, 1005, 985, 23, 9.27%, 0, 0, 4, 30.81
1746616066, 0, 761, 1006, 986, 23, 9.27%, 0, 0, 4, 29.14
1746616107, 0, 761, 1007, 987, 23, 9.27%, 0, 0, 4, 30.82
1746616148, 0, 761, 1008, 988, 23, 9.27%, 0, 0, 4, 32.14
1746616158, 0, 761, 1009, 989, 23, 9.27%, 0, 0, 4, 28.67
1746616255, 0, 783, 1009, 988, 22, 9.27%, 0, 0, 4, 25.75
1746616260, 0, 783, 1010, 989, 22, 9.27%, 0, 0, 4, 20.14
1746616270, 0, 783, 1011, 990, 22, 9.28%, 0, 0, 4, 13.36
1746616275, 0, 783, 1012, 991, 22, 9.28%, 0, 0, 4, 12.10
1746616280, 0, 783, 1014, 993, 22, 9.28%, 0, 0, 4, 10.60
1746616286, 0, 783, 1017, 996, 22, 9.47%, 0, 0, 4, 9.06
1746616291, 0, 783, 1018, 997, 22, 9.47%, 0, 0, 4, 9.18
1746616296, 0, 783, 1019, 998, 22, 9.47%, 0, 0, 4, 8.45
1746616301, 0, 783, 1021, 1000, 22, 9.47%, 0, 0, 4, 8.35
1746616306, 0, 783, 1023, 1002, 22, 9.47%, 0, 0, 4, 16.79
1746616311, 0, 783, 1024, 1003, 22, 9.47%, 0, 0, 4, 17.81
1746616321, 0, 783, 1025, 1004, 22, 9.47%, 0, 0, 4, 13.97
1746616327, 0, 783, 1027, 1006, 22, 9.47%, 0, 0, 4, 11.41
1746616332, 0, 783, 1030, 1009, 22, 9.47%, 0, 0, 4, 9.42
1746616337, 0, 783, 1033, 1012, 22, 9.49%, 0, 0, 4, 9.03
1746616342, 0, 783, 1035, 1014, 22, 9.49%, 0, 0, 4, 8.89
1746616347, 0, 783, 1036, 1015, 22, 9.49%, 0, 0, 4, 8.18
1746616352, 0, 783, 1037, 1016, 22, 9.49%, 0, 0, 4, 12.12
1746616373, 0, 783, 1040, 1019, 22, 9.49%, 0, 0, 4, 11.82
1746616378, 0, 783, 1042, 1021, 22, 9.49%, 0, 0, 4, 9.64
1746616383, 0, 783, 1045, 1024, 22, 9.50%, 0, 0, 4, 9.12
1746616389, 0, 783, 1046, 1025, 22, 9.50%, 0, 0, 4, 8.83
1746616394, 0, 783, 1047, 1026, 22, 9.50%, 0, 0, 4, 7.98
1746616404, 0, 783, 1048, 1027, 22, 9.50%, 0, 0, 4, 11.95
1746616409, 0, 783, 1050, 1029, 22, 9.50%, 0, 0, 4, 10.15
1746616414, 0, 783, 1052, 1031, 22, 9.50%, 0, 0, 4, 9.84
1746616455, 0, 783, 1053, 1032, 22, 9.50%, 0, 0, 4, 21.11
1746616526, 0, 783, 1054, 1033, 22, 9.50%, 0, 0, 4, 13.42
1746616531, 0, 783, 1055, 1034, 22, 9.50%, 0, 0, 4, 10.88
1746616537, 0, 783, 1058, 1037, 22, 9.50%, 0, 0, 4, 10.30
1746616542, 0, 783, 1059, 1038, 22, 9.50%, 0, 0, 4, 10.64
1746616552, 0, 783, 1060, 1039, 22, 9.50%, 0, 0, 4, 10.50
1746616567, 0, 783, 1061, 1040, 22, 9.50%, 0, 0, 4, 10.43
1746616577, 0, 783, 1064, 1043, 22, 9.50%, 0, 0, 4, 9.17
1746616583, 0, 783, 1068, 1047, 22, 9.50%, 0, 0, 4, 8.19
1746616588, 0, 783, 1069, 1048, 22, 9.50%, 0, 0, 4, 8.53
1746616593, 0, 783, 1070, 1049, 22, 9.50%, 0, 0, 4, 8.30
1746616598, 0, 783, 1072, 1051, 22, 9.50%, 0, 0, 4, 8.66
1746616613, 0, 783, 1073, 1052, 22, 9.50%, 0, 0, 4, 9.59
1746616618, 0, 783, 1074, 1053, 22, 9.50%, 0, 0, 4, 9.18
1746616624, 0, 783, 1075, 1054, 22, 9.50%, 0, 0, 4, 9.05
1746616629, 0, 783, 1076, 1055, 22, 9.50%, 0, 0, 4, 8.60
1746616634, 0, 783, 1077, 1056, 22, 9.50%, 0, 0, 4, 9.01
1746616644, 0, 783, 1079, 1058, 22, 9.50%, 0, 0, 4, 8.19
1746616660, 0, 783, 1081, 1060, 22, 9.50%, 0, 0, 4, 7.87
1746616777, 0, 783, 1082, 1061, 22, 9.50%, 0, 0, 4, 8.56
1746616798, 0, 783, 1083, 1062, 22, 9.50%, 0, 0, 4, 8.99
1746616808, 0, 783, 1084, 1063, 22, 9.50%, 0, 0, 4, 7.58
1746616818, 0, 783, 1085, 1064, 22, 9.50%, 0, 0, 4, 14.56
1746616823, 0, 783, 1088, 1067, 22, 9.50%, 0, 0, 4, 9.92
1746616844, 0, 783, 1089, 1068, 22, 9.50%, 0, 0, 4, 20.95
1746616849, 0, 783, 1090, 1069, 22, 9.50%, 0, 0, 4, 20.53
1746616885, 0, 783, 1091, 1070, 22, 9.50%, 0, 0, 4, 12.69
1746616895, 0, 783, 1092, 1071, 22, 9.50%, 0, 0, 4, 11.17
1746616900, 0, 783, 1093, 1072, 22, 9.50%, 0, 0, 4, 10.13
1746616905, 0, 783, 1094, 1073, 22, 9.50%, 0, 0, 4, 9.78
1746616910, 0, 783, 1097, 1076, 22, 9.50%, 0, 0, 4, 8.34
1746616915, 0, 783, 1100, 1079, 22, 9.50%, 0, 0, 4, 8.22
1746616926, 0, 783, 1101, 1080, 22, 9.50%, 0, 0, 4, 9.02
1746616936, 0, 783, 1102, 1081, 22, 9.50%, 0, 0, 4, 8.24
1746617049, 0, 783, 1103, 1082, 22, 9.50%, 0, 0, 4, 10.10
1746617054, 0, 783, 1104, 1083, 22, 9.50%, 0, 0, 4, 9.74
1746617059, 0, 783, 1105, 1084, 22, 9.50%, 0, 0, 4, 10.21
1746617079, 0, 783, 1106, 1085, 22, 9.50%, 0, 0, 4, 9.36
1746617085, 0, 783, 1108, 1087, 22, 9.50%, 0, 0, 4, 8.37
1746617090, 0, 783, 1111, 1090, 22, 9.50%, 0, 0, 4, 8.53
1746617100, 0, 783, 1113, 1092, 22, 9.50%, 0, 0, 4, 9.73
1746617105, 0, 783, 1114, 1093, 22, 9.50%, 0, 0, 4, 8.33
1746617167, 0, 786, 1114, 1092, 23, 9.50%, 0, 0, 4, 27.74
1746617284, 0, 786, 1115, 1093, 23, 9.50%, 0, 0, 4, 31.50
1746617305, 0, 827, 1115, 1092, 22, 9.50%, 0, 0, 4, 31.19
1746617340, 0, 827, 1116, 1093, 22, 9.50%, 0, 0, 5, 26.78
1746617391, 0, 835, 1116, 1092, 22, 9.50%, 0, 0, 5, 23.85
1746617452, 0, 835, 1117, 1093, 22, 9.50%, 0, 0, 5, 15.13
1746617524, 0, 835, 1118, 1094, 22, 9.50%, 0, 0, 5, 25.27
1746617590, 0, 849, 1118, 1093, 22, 9.50%, 0, 0, 5, 22.53
1746617596, 0, 849, 1119, 1094, 22, 9.50%, 0, 0, 5, 19.95
1746617601, 0, 849, 1120, 1095, 22, 9.50%, 0, 0, 5, 18.98
1746617631, 0, 849, 1121, 1096, 22, 9.50%, 0, 0, 5, 17.43
1746617703, 0, 849, 1122, 1097, 22, 9.50%, 0, 0, 5, 27.27
1746617744, 0, 862, 1122, 1096, 22, 9.50%, 0, 0, 5, 27.45
1746617816, 0, 862, 1123, 1097, 22, 9.50%, 0, 0, 5, 14.04
1746617831, 0, 862, 1124, 1098, 22, 9.50%, 0, 0, 5, 13.29
1746617867, 0, 862, 1125, 1099, 22, 9.50%, 0, 0, 5, 15.41
1746617897, 0, 862, 1126, 1100, 22, 9.50%, 0, 0, 5, 21.23
1746617974, 0, 863, 1126, 1099, 22, 9.50%, 0, 0, 5, 25.05
1746618204, 0, 875, 1126, 1098, 22, 9.50%, 0, 0, 5, 21.15
1746618451, 0, 877, 1128, 1099, 21, 9.50%, 0, 0, 5, 22.10
1746618456, 0, 877, 1130, 1101, 21, 9.50%, 0, 0, 5, 15.00
1746618461, 0, 877, 1131, 1102, 21, 9.50%, 0, 0, 5, 11.38
1746618466, 0, 877, 1133, 1104, 21, 9.50%, 0, 0, 5, 10.36
1746618471, 0, 877, 1134, 1105, 21, 9.50%, 0, 0, 5, 14.78
1746618476, 0, 877, 1136, 1107, 21, 9.50%, 0, 0, 5, 12.48
1746618491, 0, 877, 1137, 1108, 21, 9.50%, 0, 0, 5, 12.36
1746618507, 0, 877, 1138, 1109, 21, 9.50%, 0, 0, 5, 24.78
1746618630, 0, 877, 1139, 1110, 21, 9.50%, 0, 0, 5, 20.00
1746618641, 0, 877, 1140, 1111, 21, 9.50%, 0, 0, 5, 12.91
1746618712, 0, 878, 1140, 1110, 21, 9.50%, 0, 0, 5, 27.46
1746618871, 0, 878, 1141, 1111, 21, 9.50%, 0, 0, 5, 15.17
1746618922, 0, 878, 1143, 1113, 21, 9.50%, 0, 0, 5, 12.50
1746618927, 0, 878, 1144, 1114, 21, 9.50%, 0, 0, 5, 15.16
1746618958, 0, 894, 1144, 1113, 23, 9.50%, 0, 0, 5, 24.06
1746618963, 0, 894, 1145, 1114, 23, 9.50%, 0, 0, 5, 19.19
1746618974, 0, 894, 1146, 1115, 23, 9.50%, 0, 0, 5, 15.93
1746618979, 0, 894, 1147, 1116, 23, 9.50%, 0, 0, 5, 19.91
1746618984, 0, 894, 1148, 1117, 23, 9.50%, 0, 0, 5, 18.61
1746618994, 0, 894, 1149, 1118, 23, 9.50%, 0, 0, 5, 18.62
1746618999, 0, 894, 1150, 1119, 23, 9.50%, 0, 0, 5, 19.13
1746619030, 0, 894, 1152, 1121, 23, 9.50%, 0, 0, 5, 19.94
1746619362, 0, 894, 1153, 1122, 23, 9.50%, 0, 0, 5, 16.43
1746619383, 0, 894, 1154, 1123, 23, 9.50%, 0, 0, 5, 12.59
1746619434, 0, 911, 1154, 1122, 23, 9.50%, 0, 0, 5, 23.04
1746619439, 0, 911, 1156, 1124, 23, 9.50%, 0, 0, 5, 19.14
1746619459, 0, 911, 1157, 1125, 23, 9.51%, 0, 0, 5, 10.24
1746619485, 0, 911, 1158, 1126, 23, 9.51%, 0, 0, 5, 10.17
1746619491, 0, 911, 1159, 1127, 23, 9.51%, 0, 0, 5, 18.20
1746619516, 0, 911, 1161, 1129, 23, 9.51%, 0, 0, 5, 13.32
1746619521, 0, 911, 1162, 1130, 23, 9.51%, 0, 0, 5, 15.13
1746619665, 0, 911, 1163, 1131, 23, 9.51%, 0, 0, 5, 9.49
1746619675, 0, 911, 1164, 1132, 23, 9.51%, 0, 0, 5, 8.71
1746619680, 0, 911, 1165, 1133, 23, 9.51%, 0, 0, 5, 8.53
1746619792, 0, 911, 1166, 1134, 23, 9.51%, 0, 0, 5, 9.86
1746620043, 0, 941, 1166, 1133, 24, 9.51%, 0, 0, 5, 24.01
1746620319, 0, 941, 1167, 1134, 24, 9.51%, 0, 0, 5, 13.70
1746620349, 0, 941, 1168, 1135, 24, 9.51%, 0, 0, 5, 24.29
1746620365, 0, 941, 1169, 1136, 24, 9.51%, 0, 0, 5, 27.37
1746620400, 0, 941, 1170, 1137, 24, 9.51%, 0, 0, 5, 29.69
1746620615, 0, 948, 1170, 1136, 24, 9.51%, 0, 0, 5, 24.95
1746620681, 0, 948, 1171, 1137, 24, 9.51%, 0, 0, 5, 13.44
1746620727, 0, 948, 1172, 1138, 24, 9.51%, 0, 0, 5, 16.86
1746620733, 0, 948, 1173, 1139, 24, 9.51%, 0, 0, 5, 15.02
1746620974, 0, 948, 1174, 1140, 24, 9.51%, 0, 0, 5, 12.82
1746621076, 0, 948, 1175, 1141, 24, 9.51%, 0, 0, 5, 16.92
1746621153, 0, 948, 1176, 1142, 24, 9.51%, 0, 0, 5, 11.29
1746621158, 0, 948, 1177, 1143, 24, 9.51%, 0, 0, 5, 11.01
1746621209, 0, 950, 1177, 1142, 25, 9.51%, 0, 0, 5, 23.43
1746621249, 0, 950, 1178, 1143, 25, 9.51%, 0, 0, 5, 12.89
1746621275, 0, 950, 1180, 1145, 25, 9.51%, 0, 0, 5, 11.21
1746621280, 0, 950, 1181, 1146, 25, 9.51%, 0, 0, 5, 13.32
1746621291, 0, 950, 1182, 1147, 25, 9.51%, 0, 0, 5, 20.56
1746621424, 0, 950, 1183, 1148, 25, 9.51%, 0, 0, 5, 10.65
1746621429, 0, 950, 1188, 1153, 25, 9.51%, 0, 0, 5, 10.08
1746621434, 0, 950, 1189, 1154, 25, 9.51%, 0, 0, 5, 9.31
1746621439, 0, 950, 1192, 1157, 25, 9.51%, 0, 0, 5, 9.43
1746621552, 0, 950, 1193, 1158, 25, 9.51%, 0, 0, 5, 9.08
1746621567, 0, 950, 1194, 1159, 25, 9.51%, 0, 0, 5, 17.21
1746621639, 0, 950, 1196, 1161, 25, 9.51%, 0, 0, 5, 10.51
1746621644, 0, 950, 1199, 1164, 25, 9.51%, 0, 0, 5, 9.35
1746621649, 0, 950, 1201, 1166, 25, 9.51%, 0, 0, 5, 10.29
1746621757, 0, 950, 1202, 1167, 25, 9.51%, 0, 0, 5, 11.14
1746621762, 0, 950, 1204, 1169, 25, 9.51%, 0, 0, 5, 9.66
1746621767, 0, 950, 1205, 1170, 25, 9.51%, 0, 0, 5, 10.12
1746621783, 0, 950, 1206, 1171, 25, 9.51%, 0, 0, 5, 15.67
1746621813, 0, 950, 1207, 1172, 25, 9.51%, 0, 0, 5, 24.99
1746621829, 0, 950, 1208, 1173, 25, 9.51%, 0, 0, 5, 23.77
1746621906, 0, 966, 1208, 1172, 24, 9.51%, 0, 0, 5, 22.64
1746622268, 0, 966, 1209, 1173, 24, 9.51%, 0, 0, 5, 16.13
1746622293, 0, 966, 1210, 1174, 24, 9.51%, 0, 0, 5, 17.08
1746622350, 0, 966, 1211, 1175, 24, 9.51%, 0, 0, 5, 9.98
1746622498, 0, 984, 1211, 1174, 23, 9.51%, 0, 0, 5, 25.54
1746622759, 0, 987, 1211, 1173, 22, 9.51%, 0, 0, 5, 26.68
1746622825, 0, 987, 1212, 1174, 22, 9.51%, 0, 0, 5, 22.78
1746622979, 0, 998, 1213, 1174, 22, 9.51%, 0, 0, 5, 28.34
1746623066, 0, 998, 1215, 1176, 22, 9.51%, 0, 0, 5, 21.92
1746623086, 0, 998, 1217, 1178, 22, 9.51%, 0, 0, 5, 21.40
1746623112, 0, 998, 1218, 1179, 22, 9.51%, 0, 0, 5, 21.34
1746623152, 0, 1016, 1218, 1178, 22, 9.51%, 0, 0, 5, 25.39
1746623157, 0, 1016, 1219, 1179, 22, 9.51%, 0, 0, 5, 18.64
1746623173, 0, 1016, 1220, 1180, 22, 9.51%, 0, 0, 5, 11.36
1746623178, 0, 1016, 1221, 1181, 22, 9.51%, 0, 0, 5, 10.20
1746623183, 0, 1016, 1222, 1182, 22, 9.51%, 0, 0, 5, 8.49
1746623188, 0, 1016, 1225, 1185, 22, 9.51%, 0, 0, 5, 7.95
1746623193, 0, 1016, 1228, 1188, 22, 9.51%, 0, 0, 5, 7.67
1746623198, 0, 1016, 1229, 1189, 22, 9.51%, 0, 0, 5, 7.45
1746623203, 0, 1016, 1231, 1191, 22, 9.51%, 0, 0, 5, 7.59
1746623208, 0, 1016, 1232, 1192, 22, 9.51%, 0, 0, 5, 16.21
1746623224, 0, 1016, 1233, 1193, 22, 9.51%, 0, 0, 5, 12.67
1746623234, 0, 1016, 1235, 1195, 22, 9.52%, 0, 0, 5, 8.53
1746623239, 0, 1016, 1236, 1196, 22, 9.52%, 0, 0, 5, 7.79
1746623244, 0, 1016, 1238, 1198, 22, 9.52%, 0, 0, 5, 7.53
1746623249, 0, 1016, 1239, 1199, 22, 9.52%, 0, 0, 5, 8.94
1746623270, 0, 1016, 1241, 1201, 22, 9.52%, 0, 0, 5, 10.38
1746623280, 0, 1016, 1242, 1202, 22, 9.52%, 0, 0, 5, 8.05
1746623285, 0, 1016, 1243, 1203, 22, 9.52%, 0, 0, 5, 7.57
1746623290, 0, 1016, 1244, 1204, 22, 9.52%, 0, 0, 5, 7.26
1746623295, 0, 1016, 1245, 1205, 22, 9.52%, 0, 0, 5, 10.73
1746623316, 0, 1016, 1246, 1206, 22, 9.52%, 0, 0, 5, 18.45
1746623423, 0, 1016, 1247, 1207, 22, 9.52%, 0, 0, 5, 11.79
1746623444, 0, 1016, 1248, 1208, 22, 9.52%, 0, 0, 5, 9.57
1746623475, 0, 1016, 1249, 1209, 22, 9.52%, 0, 0, 5, 7.78
1746623490, 0, 1016, 1250, 1210, 22, 9.52%, 0, 0, 5, 7.47
1746623500, 0, 1016, 1251, 1211, 22, 9.53%, 0, 0, 5, 7.65
1746623520, 0, 1016, 1253, 1213, 22, 9.54%, 0, 0, 5, 7.48
1746623531, 0, 1016, 1254, 1214, 22, 9.54%, 0, 0, 5, 7.53
1746623536, 0, 1016, 1255, 1215, 22, 9.54%, 0, 0, 5, 7.53
1746623546, 0, 1016, 1256, 1216, 22, 9.54%, 0, 0, 5, 7.23
1746623689, 0, 1016, 1257, 1217, 22, 9.54%, 0, 0, 5, 7.37
1746623715, 0, 1016, 1258, 1218, 22, 9.54%, 0, 0, 5, 14.02
1746623807, 0, 1016, 1259, 1219, 22, 9.54%, 0, 0, 5, 7.93
1746623813, 0, 1016, 1260, 1220, 22, 9.54%, 0, 0, 5, 7.75
1746623833, 0, 1016, 1261, 1221, 22, 9.54%, 0, 0, 5, 7.20
1746623838, 0, 1016, 1262, 1222, 22, 9.54%, 0, 0, 5, 7.08
1746623843, 0, 1016, 1263, 1223, 22, 9.54%, 0, 0, 5, 7.11
1746623849, 0, 1016, 1264, 1224, 22, 9.54%, 0, 0, 5, 12.11
1746623951, 0, 1016, 1265, 1225, 22, 9.54%, 0, 0, 5, 8.47
1746623997, 0, 1016, 1267, 1227, 22, 9.54%, 0, 0, 5, 7.00
1746624002, 0, 1016, 1269, 1229, 22, 9.54%, 0, 0, 5, 6.45
1746624007, 0, 1016, 1270, 1230, 22, 9.54%, 0, 0, 5, 6.64
1746624018, 0, 1016, 1271, 1231, 22, 9.54%, 0, 0, 5, 7.68
1746624023, 0, 1016, 1272, 1232, 22, 9.54%, 0, 0, 5, 7.76
1746624033, 0, 1016, 1273, 1233, 22, 9.54%, 0, 0, 5, 7.61
1746624038, 0, 1016, 1274, 1234, 22, 9.54%, 0, 0, 5, 7.65
1746624069, 0, 1016, 1275, 1235, 22, 9.54%, 0, 0, 5, 10.07
1746624090, 0, 1034, 1275, 1234, 25, 9.54%, 0, 0, 5, 24.20
1746624125, 0, 1034, 1276, 1235, 25, 9.54%, 0, 0, 5, 8.06
1746624156, 0, 1034, 1277, 1236, 25, 9.54%, 0, 0, 5, 10.28
1746624166, 0, 1034, 1278, 1237, 25, 9.54%, 0, 0, 5, 7.76
1746624202, 0, 1034, 1279, 1238, 25, 9.54%, 0, 0, 5, 7.60
1746624714, 0, 1034, 1280, 1239, 25, 9.54%, 0, 0, 5, 7.31
1746624848, 0, 1034, 1281, 1240, 25, 9.54%, 0, 0, 5, 8.46
1746624889, 0, 1034, 1282, 1241, 25, 9.54%, 0, 0, 5, 6.57
1746624946, 0, 1043, 1282, 1240, 25, 9.54%, 0, 0, 5, 19.94
1746624966, 0, 1043, 1283, 1241, 25, 9.54%, 0, 0, 5, 10.38
1746625008, 0, 1043, 1284, 1242, 25, 9.54%, 0, 0, 5, 9.82
1746625013, 0, 1043, 1286, 1244, 25, 9.54%, 0, 0, 5, 7.98
1746625053, 0, 1043, 1287, 1245, 25, 9.54%, 0, 0, 5, 7.83
1746625094, 0, 1043, 1288, 1246, 25, 9.54%, 0, 0, 5, 18.85
1746625258, 0, 1043, 1290, 1248, 25, 9.54%, 0, 0, 5, 7.19
1746625263, 0, 1043, 1291, 1249, 25, 9.54%, 0, 0, 5, 6.91
1746625273, 0, 1043, 1292, 1250, 25, 9.54%, 0, 0, 5, 7.09
1746625554, 0, 1043, 1293, 1251, 25, 9.54%, 0, 0, 5, 10.17
1746625574, 0, 1043, 1294, 1252, 25, 9.54%, 0, 0, 5, 7.33
1746625580, 0, 1043, 1295, 1253, 25, 9.54%, 0, 0, 5, 7.19
1746625713, 0, 1043, 1297, 1255, 25, 9.54%, 0, 0, 5, 9.01
1746625764, 0, 1043, 1298, 1256, 25, 9.54%, 0, 0, 5, 7.04
1746625769, 0, 1043, 1299, 1257, 25, 9.54%, 0, 0, 5, 7.03
1746625775, 0, 1043, 1300, 1258, 25, 9.54%, 0, 0, 5, 7.37
1746625780, 0, 1043, 1301, 1259, 25, 9.54%, 0, 0, 5, 7.58
1746625785, 0, 1043, 1302, 1260, 25, 9.54%, 0, 0, 5, 7.08
1746625852, 0, 1055, 1302, 1259, 25, 9.54%, 0, 0, 5, 20.39
1746625883, 0, 1055, 1303, 1260, 25, 9.54%, 0, 0, 5, 9.00
1746625888, 0, 1055, 1304, 1261, 25, 9.54%, 0, 0, 5, 9.07
1746625908, 0, 1055, 1305, 1262, 25, 9.54%, 0, 0, 5, 11.99
1746625924, 0, 1055, 1306, 1263, 25, 9.54%, 0, 0, 5, 9.02
1746626319, 0, 1055, 1307, 1264, 25, 9.54%, 0, 0, 5, 8.39
1746626360, 0, 1055, 1308, 1265, 25, 9.54%, 0, 0, 5, 9.77
1746626462, 0, 1055, 1309, 1266, 25, 9.54%, 0, 0, 5, 8.13
1746626590, 0, 1055, 1310, 1267, 25, 9.54%, 0, 0, 5, 9.50
1746626606, 0, 1055, 1311, 1268, 25, 9.54%, 0, 0, 5, 7.97
1746626652, 0, 1055, 1312, 1269, 25, 9.54%, 0, 0, 5, 8.11
1746626657, 0, 1055, 1313, 1270, 25, 9.54%, 0, 0, 5, 8.97
1746626693, 0, 1055, 1314, 1271, 25, 9.54%, 0, 0, 5, 19.70
1746626750, 0, 1057, 1314, 1270, 24, 9.54%, 0, 0, 5, 22.79
1746627047, 0, 1057, 1315, 1271, 24, 9.54%, 0, 0, 5, 9.07
1746627134, 0, 1057, 1316, 1272, 24, 9.54%, 0, 0, 5, 14.48
1746627262, 0, 1057, 1317, 1273, 24, 9.54%, 0, 0, 5, 20.09
1746627323, 0, 1057, 1318, 1274, 24, 9.54%, 0, 0, 5, 10.45
1746627343, 0, 1057, 1319, 1275, 24, 9.54%, 0, 0, 5, 8.96
1746627507, 0, 1057, 1320, 1276, 24, 9.54%, 0, 0, 5, 8.37
1746627604, 0, 1057, 1321, 1277, 24, 9.54%, 0, 0, 5, 22.71
1746627640, 0, 1115, 1321, 1276, 24, 9.54%, 0, 0, 5, 25.27
1746627716, 0, 1116, 1321, 1275, 23, 9.54%, 0, 0, 5, 30.90
1746627879, 0, 1118, 1321, 1274, 22, 9.54%, 0, 0, 5, 26.37
1746628002, 0, 1122, 1321, 1273, 21, 9.54%, 0, 0, 5, 24.44
1746628211, 0, 1132, 1321, 1272, 20, 9.54%, 0, 0, 5, 29.50
1746628216, 0, 1132, 1322, 1273, 20, 9.54%, 0, 0, 6, 17.49
1746628375, 0, 1132, 1323, 1274, 20, 9.54%, 0, 0, 6, 22.24
1746628472, 0, 1141, 1324, 1274, 19, 9.54%, 0, 0, 6, 22.78
1746628477, 0, 1141, 1326, 1276, 19, 9.54%, 0, 0, 6, 15.67
1746628488, 0, 1141, 1329, 1279, 19, 9.54%, 0, 0, 6, 15.12
1746628498, 0, 1141, 1331, 1281, 19, 9.54%, 0, 0, 6, 15.01
1746628549, 0, 1141, 1332, 1282, 19, 9.54%, 0, 0, 6, 13.17
1746628713, 0, 1151, 1332, 1281, 19, 9.54%, 0, 0, 6, 27.71
1746628775, 0, 1151, 1333, 1282, 19, 9.54%, 0, 0, 6, 17.58
1746628908, 0, 1193, 1333, 1281, 18, 9.54%, 0, 0, 6, 24.72
1746629368, 0, 1193, 1334, 1282, 18, 9.54%, 0, 0, 6, 14.26
1746629496, 0, 1215, 1334, 1281, 17, 9.54%, 0, 0, 6, 28.99
1746629501, 0, 1215, 1335, 1282, 17, 9.54%, 0, 0, 6, 24.15
1746629614, 0, 1215, 1336, 1283, 17, 9.54%, 0, 0, 6, 26.90
1746629680, 0, 1215, 1337, 1284, 17, 9.54%, 0, 0, 6, 32.25
1746629710, 0, 1232, 1337, 1283, 18, 9.54%, 0, 0, 6, 27.76
1746629767, 0, 1232, 1338, 1284, 18, 9.54%, 0, 0, 6, 14.82
1746629782, 0, 1232, 1339, 1285, 18, 9.54%, 0, 0, 6, 7.45
1746629844, 0, 1232, 1341, 1287, 18, 9.54%, 0, 0, 6, 10.28
1746629849, 0, 1232, 1343, 1289, 18, 9.54%, 0, 0, 6, 6.77
1746629982, 0, 1232, 1344, 1290, 18, 9.54%, 0, 0, 6, 9.78
1746630060, 0, 1232, 1345, 1291, 18, 9.54%, 0, 0, 6, 6.69
1746630224, 0, 1232, 1346, 1292, 18, 9.54%, 0, 0, 6, 6.44
1746630260, 0, 1232, 1347, 1293, 18, 9.54%, 0, 0, 6, 11.52
1746630526, 0, 1232, 1348, 1294, 18, 9.54%, 0, 0, 6, 6.24
1746630531, 0, 1232, 1349, 1295, 18, 9.54%, 0, 0, 6, 6.19
1746630604, 0, 1232, 1350, 1296, 18, 9.54%, 0, 0, 6, 7.75
1746630629, 0, 1233, 1350, 1295, 17, 9.54%, 0, 0, 6, 21.45
1746630737, 0, 1233, 1351, 1296, 17, 9.54%, 0, 0, 6, 7.77
1746630947, 0, 1233, 1352, 1297, 17, 9.54%, 0, 0, 6, 7.30
1746630967, 0, 1233, 1353, 1298, 17, 9.54%, 0, 0, 6, 7.43
1746630988, 0, 1233, 1354, 1299, 17, 9.54%, 0, 0, 6, 7.53
1746631167, 0, 1233, 1356, 1301, 17, 9.54%, 0, 0, 6, 15.66
1746631285, 0, 1233, 1359, 1304, 17, 9.54%, 0, 0, 6, 8.02
1746631428, 0, 1233, 1360, 1305, 17, 9.54%, 0, 0, 6, 7.44
1746631531, 0, 1233, 1361, 1306, 17, 9.54%, 0, 0, 6, 7.86
1746631567, 0, 1247, 1361, 1305, 17, 9.54%, 0, 0, 6, 12.50
1746631577, 0, 1247, 1362, 1306, 17, 9.54%, 0, 0, 6, 8.59
1746631628, 0, 1247, 1363, 1307, 17, 9.54%, 0, 0, 6, 3.82
1746631706, 0, 1247, 1364, 1308, 17, 9.54%, 0, 0, 6, 3.69
1746631819, 0, 1247, 1365, 1309, 17, 9.54%, 0, 0, 6, 5.34
1746631891, 0, 1247, 1366, 1310, 17, 9.54%, 0, 0, 6, 10.56
1746632739, 0, 1247, 1367, 1311, 17, 9.54%, 0, 0, 6, 4.37
1746632785, 0, 1247, 1368, 1312, 17, 9.54%, 0, 0, 6, 3.41
1746633074, 0, 1247, 1369, 1313, 17, 9.54%, 0, 0, 6, 6.23
1746633084, 0, 1247, 1370, 1314, 17, 9.54%, 0, 0, 6, 5.74
1746633089, 0, 1247, 1371, 1315, 17, 9.54%, 0, 0, 6, 5.60
1746633105, 0, 1247, 1372, 1316, 17, 9.54%, 0, 0, 6, 5.83
1746633115, 0, 1247, 1373, 1317, 17, 9.54%, 0, 0, 6, 6.17
1746633187, 0, 1252, 1373, 1316, 16, 9.54%, 0, 0, 6, 21.30
1746633253, 0, 1252, 1374, 1317, 16, 9.54%, 0, 0, 6, 8.93
1746633284, 0, 1252, 1375, 1318, 16, 9.54%, 0, 0, 6, 12.12
1746633294, 0, 1252, 1376, 1319, 16, 9.54%, 0, 0, 6, 8.07
1746633325, 0, 1252, 1377, 1320, 16, 9.54%, 0, 0, 6, 20.40
1746633540, 0, 1252, 1378, 1321, 16, 9.54%, 0, 0, 6, 7.46
1746634005, 0, 1252, 1379, 1322, 16, 9.54%, 0, 0, 6, 7.73
1746634041, 0, 1252, 1380, 1323, 16, 9.54%, 0, 0, 6, 9.84
1746634056, 0, 1252, 1381, 1324, 16, 9.54%, 0, 0, 6, 17.48
1746634072, 0, 1252, 1382, 1325, 16, 9.54%, 0, 0, 6, 19.33
1746634180, 0, 1254, 1382, 1324, 17, 9.54%, 0, 0, 6, 23.22
1746634825, 0, 1254, 1383, 1325, 17, 9.54%, 0, 0, 6, 7.89
1746634995, 0, 1254, 1384, 1326, 17, 9.54%, 0, 0, 6, 7.45
1746635000, 0, 1254, 1385, 1327, 17, 9.54%, 0, 0, 6, 7.12
1746635071, 0, 1271, 1385, 1326, 21, 9.54%, 0, 0, 6, 23.73
1746635184, 0, 1271, 1386, 1327, 21, 9.54%, 0, 0, 6, 10.24
1746635358, 0, 1271, 1387, 1328, 21, 9.54%, 0, 0, 6, 8.33
1746635747, 0, 1271, 1388, 1329, 21, 9.54%, 0, 0, 6, 8.53
1746635982, 0, 1277, 1388, 1328, 22, 9.54%, 0, 0, 6, 23.95
1746636827, 0, 1303, 1388, 1327, 21, 9.54%, 0, 0, 6, 20.85
1746637405, 0, 1303, 1389, 1328, 21, 9.54%, 0, 0, 6, 8.79
1746637687, 0, 1305, 1389, 1327, 20, 9.54%, 0, 0, 6, 20.48
1746638544, 0, 1311, 1389, 1326, 19, 9.54%, 0, 0, 6, 22.24
1746639397, 0, 1311, 1390, 1327, 19, 9.54%, 0, 0, 6, 7.08
1746639494, 0, 1324, 1390, 1326, 19, 9.54%, 0, 0, 6, 20.88
1746639510, 0, 1324, 1391, 1327, 19, 9.54%, 0, 0, 7, 19.52
1746639560, 0, 1324, 1392, 1328, 19, 9.54%, 0, 0, 7, 14.08
1746639730, 0, 1328, 1392, 1327, 18, 9.54%, 0, 0, 7, 28.84
1746639960, 0, 1328, 1393, 1328, 18, 9.54%, 0, 0, 7, 27.04
1746640001, 0, 1334, 1393, 1327, 17, 9.54%, 0, 0, 7, 30.86
1746640006, 0, 1334, 1394, 1328, 17, 9.54%, 0, 0, 7, 22.77
1746640184, 0, 1356, 1394, 1327, 17, 9.54%, 0, 0, 7, 26.37
1746640189, 0, 1356, 1395, 1328, 17, 9.54%, 0, 0, 7, 18.60
1746640220, 0, 1356, 1396, 1329, 17, 9.54%, 0, 0, 7, 8.76
1746640225, 0, 1356, 1397, 1330, 17, 9.54%, 0, 0, 7, 15.03
1746640256, 0, 1356, 1398, 1331, 17, 9.54%, 0, 0, 7, 8.69
1746640261, 0, 1356, 1400, 1333, 17, 9.54%, 0, 0, 7, 11.71
1746640538, 0, 1356, 1403, 1336, 17, 9.54%, 0, 0, 7, 8.73
1746640805, 0, 1356, 1404, 1337, 17, 9.54%, 0, 0, 7, 8.23
1746641061, 0, 1373, 1404, 1336, 17, 9.54%, 0, 0, 7, 21.91
1746641692, 0, 1373, 1405, 1337, 17, 9.54%, 0, 0, 7, 7.30
1746641954, 0, 1374, 1405, 1336, 17, 9.54%, 0, 0, 7, 21.11
1746642748, 0, 1374, 1406, 1337, 17, 9.54%, 0, 0, 7, 6.44
1746642850, 0, 1375, 1406, 1336, 16, 9.54%, 0, 0, 7, 25.22
1746643138, 0, 1375, 1407, 1337, 16, 9.54%, 0, 0, 7, 8.53
1746643358, 0, 1375, 1408, 1338, 16, 9.54%, 0, 0, 7, 6.86
1746643501, 0, 1375, 1410, 1340, 16, 9.54%, 0, 0, 7, 7.55
1746643757, 0, 1382, 1410, 1339, 17, 9.54%, 0, 0, 7, 20.58
1746644105, 0, 1382, 1413, 1342, 17, 9.54%, 0, 0, 7, 8.61
1746644627, 0, 1386, 1413, 1341, 17, 9.54%, 0, 0, 7, 24.09
1746644658, 0, 1386, 1414, 1342, 17, 9.54%, 0, 0, 7, 8.59
1746644930, 0, 1386, 1415, 1343, 17, 9.54%, 0, 0, 7, 7.89
1746645289, 0, 1386, 1416, 1344, 17, 9.54%, 0, 0, 7, 7.97
1746645556, 0, 1393, 1416, 1343, 17, 9.54%, 0, 0, 7, 27.56
1746645740, 0, 1397, 1416, 1342, 16, 9.54%, 0, 0, 7, 25.88
1746646616, 0, 1404, 1416, 1341, 15, 9.54%, 0, 0, 7, 23.08
1746647266, 0, 1404, 1417, 1342, 15, 9.54%, 0, 0, 8, 7.43
1746647532, 0, 1406, 1417, 1341, 14, 9.54%, 0, 0, 8, 21.56
1746648170, 0, 1406, 1418, 1342, 14, 9.54%, 0, 0, 8, 6.82
1746648365, 0, 1406, 1419, 1343, 14, 9.54%, 0, 0, 8, 6.41
1746648406, 0, 1406, 1420, 1344, 14, 9.54%, 0, 0, 8, 8.10
1746648442, 0, 1409, 1420, 1343, 13, 9.54%, 0, 0, 8, 21.23
1746648478, 0, 1409, 1421, 1344, 13, 9.54%, 0, 0, 8, 7.89
1746648933, 0, 1409, 1422, 1345, 13, 9.54%, 0, 0, 8, 7.03
1746649077, 0, 1409, 1423, 1346, 13, 9.54%, 0, 0, 8, 7.65
1746649339, 0, 1412, 1423, 1345, 13, 9.54%, 0, 0, 8, 25.05
1746650133, 0, 1412, 1424, 1346, 13, 9.54%, 0, 0, 8, 8.69
1746650220, 0, 1415, 1424, 1345, 12, 9.54%, 0, 0, 8, 21.49
1746650286, 0, 1415, 1425, 1346, 12, 9.54%, 0, 0, 8, 8.43
1746650363, 0, 1415, 1426, 1347, 12, 9.56%, 0, 0, 8, 20.83
1746651086, 0, 1415, 1427, 1348, 12, 9.56%, 0, 0, 8, 6.47
1746651167, 0, 1420, 1427, 1347, 12, 9.56%, 0, 0, 8, 24.28
1746652080, 0, 1424, 1427, 1346, 11, 9.56%, 0, 0, 8, 22.62
1746653042, 0, 1425, 1427, 1345, 10, 9.56%, 0, 0, 8, 20.87
1746653119, 0, 1425, 1428, 1346, 10, 9.56%, 0, 0, 9, 7.74
1746653406, 0, 1425, 1429, 1347, 10, 9.56%, 0, 0, 9, 7.22
1746653632, 0, 1425, 1431, 1349, 10, 9.56%, 0, 0, 9, 10.59
1746653872, 0, 1425, 1432, 1350, 10, 9.56%, 0, 0, 9, 8.42
1746654021, 1, 40, 1432, 1349, 9, 9.56%, 0, 0, 9, 39.17
1746654031, 1, 40, 1433, 1350, 9, 9.56%, 0, 0, 9, 38.12
1746654036, 1, 40, 1434, 1351, 9, 9.56%, 0, 0, 9, 40.76
1746654175, 1, 73, 1434, 1350, 10, 9.56%, 0, 0, 9, 47.32
1746654210, 1, 118, 1434, 1349, 10, 9.56%, 0, 0, 9, 36.45
1746654251, 1, 209, 1434, 1348, 10, 9.56%, 0, 0, 9, 27.86
1746654272, 1, 314, 1434, 1347, 9, 9.56%, 0, 0, 9, 33.79
1746654287, 1, 314, 1435, 1348, 9, 9.56%, 0, 0, 9, 35.05
1746654323, 1, 400, 1435, 1347, 9, 9.56%, 0, 0, 9, 36.86
1746654374, 1, 563, 1435, 1346, 9, 9.56%, 0, 0, 9, 33.20
1746654461, 1, 598, 1435, 1345, 8, 9.56%, 0, 0, 9, 26.48
1746654492, 1, 788, 1435, 1344, 7, 9.56%, 0, 0, 9, 22.19
1746654651, 1, 802, 1435, 1343, 6, 9.56%, 0, 0, 9, 28.24
1746654886, 1, 824, 1435, 1342, 6, 9.56%, 0, 0, 9, 30.23
1746654916, 1, 824, 1436, 1343, 6, 9.56%, 0, 0, 9, 31.59
1746654957, 1, 890, 1436, 1342, 5, 9.56%, 0, 0, 9, 29.12
