# unix_time, cycles_done, cur_path, paths_total, pending_total, pending_favs, map_size, unique_crashes, unique_hangs, max_depth, execs_per_sec
1746558726, 0, 0, 1, 1, 1, 5.34%, 0, 0, 1, 24.69
1746558731, 0, 0, 18, 18, 1, 5.45%, 0, 0, 2, 28.47
1746558737, 0, 0, 34, 34, 1, 5.45%, 0, 0, 2, 28.63
1746558742, 0, 0, 51, 51, 1, 5.45%, 0, 0, 2, 28.62
1746558747, 0, 0, 67, 67, 1, 5.45%, 0, 0, 2, 28.63
1746558752, 0, 0, 82, 82, 1, 5.64%, 0, 0, 2, 27.93
1746558757, 0, 0, 93, 93, 1, 5.92%, 0, 0, 2, 29.36
1746558762, 0, 0, 105, 105, 1, 5.97%, 0, 0, 2, 28.44
1746558768, 0, 0, 113, 113, 1, 5.98%, 0, 0, 2, 24.25
1746558773, 0, 0, 123, 123, 1, 5.98%, 0, 0, 2, 25.77
1746558778, 0, 0, 135, 135, 1, 5.98%, 0, 0, 2, 30.66
1746558783, 0, 0, 144, 144, 1, 5.98%, 0, 0, 2, 27.68
1746558788, 0, 0, 152, 152, 1, 5.98%, 0, 0, 2, 25.62
1746558793, 0, 0, 161, 161, 1, 5.98%, 0, 0, 2, 24.61
1746558798, 0, 0, 168, 168, 1, 5.98%, 0, 0, 2, 23.84
1746558803, 0, 0, 174, 174, 1, 5.98%, 0, 0, 2, 22.13
1746558808, 0, 0, 181, 181, 1, 5.98%, 0, 0, 2, 25.98
1746558813, 0, 0, 185, 185, 1, 5.98%, 0, 0, 2, 23.76
1746558819, 0, 0, 187, 187, 1, 5.98%, 0, 0, 2, 24.66
1746558824, 0, 0, 191, 191, 1, 5.98%, 0, 0, 2, 19.81
1746558829, 0, 0, 197, 197, 1, 5.98%, 0, 0, 2, 22.03
1746558834, 0, 0, 200, 200, 1, 5.98%, 0, 0, 2, 22.47
1746558839, 0, 0, 204, 204, 1, 5.98%, 0, 0, 2, 22.69
1746558844, 0, 0, 207, 207, 1, 5.98%, 0, 0, 2, 22.16
1746558849, 0, 0, 210, 210, 1, 5.98%, 0, 0, 2, 22.78
1746558855, 0, 0, 213, 213, 1, 5.98%, 0, 0, 2, 23.01
1746558860, 0, 0, 214, 214, 1, 5.98%, 0, 0, 2, 23.53
1746558865, 0, 0, 215, 215, 1, 5.98%, 0, 0, 2, 23.24
1746558870, 0, 0, 218, 218, 1, 5.98%, 0, 0, 2, 21.69
1746558875, 0, 0, 221, 221, 1, 5.98%, 0, 0, 2, 21.92
1746558880, 0, 0, 226, 226, 1, 5.98%, 0, 0, 2, 20.23
1746558885, 0, 0, 231, 231, 1, 5.98%, 0, 0, 2, 19.01
1746558890, 0, 0, 232, 232, 1, 5.98%, 0, 0, 2, 21.75
1746558896, 0, 0, 235, 235, 1, 5.98%, 0, 0, 2, 21.25
1746558901, 0, 0, 237, 237, 1, 5.98%, 0, 0, 2, 22.79
1746558906, 0, 0, 239, 239, 1, 5.98%, 0, 0, 2, 22.23
1746558911, 0, 0, 241, 241, 1, 5.98%, 0, 0, 2, 21.58
1746558916, 0, 0, 242, 242, 1, 5.98%, 0, 0, 2, 23.09
1746558921, 0, 0, 243, 243, 1, 5.98%, 0, 0, 2, 23.66
1746558926, 0, 0, 244, 244, 1, 5.98%, 0, 0, 2, 23.30
1746558932, 0, 0, 245, 245, 1, 5.98%, 0, 0, 2, 23.70
1746558937, 0, 0, 247, 247, 1, 5.98%, 0, 0, 2, 22.93
1746558942, 0, 0, 248, 248, 1, 5.98%, 0, 0, 2, 21.81
1746558947, 0, 0, 250, 250, 1, 5.98%, 0, 0, 2, 23.19
1746558952, 0, 0, 252, 252, 1, 5.98%, 0, 0, 2, 23.11
1746558957, 0, 0, 253, 253, 1, 5.98%, 0, 0, 2, 24.20
1746558962, 0, 0, 254, 254, 1, 5.98%, 0, 0, 2, 23.47
1746558967, 0, 0, 255, 255, 1, 5.98%, 0, 0, 2, 22.69
1746558972, 0, 0, 258, 258, 1, 5.98%, 0, 0, 2, 21.52
1746558977, 0, 0, 261, 261, 1, 5.98%, 0, 0, 2, 21.11
1746558982, 0, 0, 263, 263, 1, 5.98%, 0, 0, 2, 22.24
1746558988, 0, 0, 265, 265, 1, 6.72%, 0, 0, 2, 19.02
1746558993, 0, 0, 267, 267, 1, 6.72%, 0, 0, 2, 19.51
1746558998, 0, 0, 268, 268, 1, 6.72%, 0, 0, 2, 22.57
1746559003, 0, 0, 270, 270, 1, 6.73%, 0, 0, 2, 23.66
1746559008, 0, 0, 272, 272, 1, 6.73%, 0, 0, 2, 22.67
1746559013, 0, 0, 274, 274, 1, 6.73%, 0, 0, 2, 21.76
1746559018, 0, 0, 275, 275, 1, 6.73%, 0, 0, 2, 23.08
1746559023, 0, 0, 278, 278, 1, 6.73%, 0, 0, 2, 22.02
1746559039, 0, 0, 280, 280, 1, 6.73%, 0, 0, 2, 22.21
1746559044, 0, 0, 281, 281, 1, 6.73%, 0, 0, 2, 22.62
1746559049, 0, 0, 283, 283, 1, 6.73%, 0, 0, 2, 22.73
1746559054, 0, 0, 286, 286, 1, 6.73%, 0, 0, 2, 23.45
1746559059, 0, 0, 287, 287, 1, 6.73%, 0, 0, 2, 24.16
1746559075, 0, 0, 289, 289, 1, 6.73%, 0, 0, 2, 23.24
1746559080, 0, 0, 292, 292, 1, 6.73%, 0, 0, 2, 23.19
1746559085, 0, 0, 293, 293, 1, 6.73%, 0, 0, 2, 21.17
1746559090, 0, 0, 294, 294, 1, 6.73%, 0, 0, 2, 22.12
1746559095, 0, 0, 297, 297, 1, 6.73%, 0, 0, 2, 23.04
1746559100, 0, 0, 298, 298, 1, 6.73%, 0, 0, 2, 23.56
1746559105, 0, 0, 301, 301, 1, 6.73%, 0, 0, 2, 21.39
1746559111, 0, 0, 303, 303, 1, 6.73%, 0, 0, 2, 23.44
1746559116, 0, 1, 303, 302, 14, 6.73%, 0, 0, 2, 22.39
1746559121, 0, 1, 304, 303, 14, 6.73%, 0, 0, 3, 22.16
1746559126, 0, 1, 305, 304, 14, 6.73%, 0, 0, 3, 19.23
1746559131, 0, 1, 306, 305, 14, 6.73%, 0, 0, 3, 22.42
1746559142, 0, 1, 307, 306, 14, 6.73%, 0, 0, 3, 22.21
1746559147, 0, 1, 309, 308, 14, 6.73%, 0, 0, 3, 22.83
1746559152, 0, 1, 310, 309, 14, 6.73%, 0, 0, 3, 23.28
1746559157, 0, 1, 311, 310, 14, 6.73%, 0, 0, 3, 22.63
1746559182, 0, 1, 312, 311, 14, 6.73%, 0, 0, 3, 21.19
1746559188, 0, 1, 315, 314, 14, 6.73%, 0, 0, 3, 21.31
1746559193, 0, 1, 317, 316, 14, 6.73%, 0, 0, 3, 21.26
1746559203, 0, 1, 320, 319, 14, 6.73%, 0, 0, 3, 18.26
1746559208, 0, 1, 322, 321, 14, 6.73%, 0, 0, 3, 21.21
1746559218, 0, 1, 325, 324, 14, 6.73%, 0, 0, 3, 21.90
1746559228, 0, 1, 327, 326, 14, 6.73%, 0, 0, 3, 23.15
1746559238, 0, 1, 328, 327, 14, 6.73%, 0, 0, 3, 22.71
1746559254, 0, 1, 330, 329, 14, 6.73%, 0, 0, 3, 22.02
1746559264, 0, 1, 331, 330, 14, 6.73%, 0, 0, 3, 22.88
1746559289, 0, 1, 333, 332, 14, 6.73%, 0, 0, 3, 21.81
1746559295, 0, 1, 334, 333, 14, 6.73%, 0, 0, 3, 22.38
1746559300, 0, 1, 335, 334, 14, 6.73%, 0, 0, 3, 21.71
1746559305, 0, 1, 338, 337, 14, 6.73%, 0, 0, 3, 21.09
1746559315, 0, 1, 339, 338, 14, 6.73%, 0, 0, 3, 22.25
1746559320, 0, 1, 340, 339, 14, 6.73%, 0, 0, 3, 22.57
1746559326, 0, 1, 342, 341, 14, 6.73%, 0, 0, 3, 22.45
1746559336, 0, 1, 344, 343, 14, 6.73%, 0, 0, 3, 20.92
1746559341, 0, 1, 346, 345, 14, 6.73%, 0, 0, 3, 20.69
1746559351, 0, 1, 347, 346, 14, 6.73%, 0, 0, 3, 21.93
1746559371, 0, 1, 348, 347, 14, 6.73%, 0, 0, 3, 22.96
1746559382, 0, 1, 349, 348, 14, 6.73%, 0, 0, 3, 21.49
1746559392, 0, 1, 350, 349, 14, 6.73%, 0, 0, 3, 22.57
1746559402, 0, 1, 353, 352, 14, 6.73%, 0, 0, 3, 21.68
1746559407, 0, 1, 355, 354, 14, 6.73%, 0, 0, 3, 23.49
1746559418, 0, 1, 356, 355, 14, 6.75%, 0, 0, 3, 19.39
1746559428, 0, 1, 358, 357, 14, 6.75%, 0, 0, 3, 21.57
1746559433, 0, 9, 359, 357, 14, 6.75%, 0, 0, 3, 22.84
1746559448, 0, 15, 359, 356, 13, 6.75%, 0, 0, 3, 26.11
1746559458, 0, 15, 360, 357, 13, 6.75%, 0, 0, 3, 25.57
1746559464, 0, 15, 362, 359, 13, 6.75%, 0, 0, 3, 24.20
1746559484, 0, 15, 363, 360, 13, 6.75%, 0, 0, 3, 23.71
1746559494, 0, 15, 364, 361, 13, 6.75%, 0, 0, 3, 23.38
1746559504, 0, 15, 365, 362, 13, 6.75%, 0, 0, 3, 23.44
1746559510, 0, 15, 366, 363, 13, 6.75%, 0, 0, 3, 23.72
1746559520, 0, 15, 368, 365, 13, 6.75%, 0, 0, 3, 23.60
1746559540, 0, 15, 369, 366, 13, 6.75%, 0, 0, 3, 25.00
1746559545, 0, 15, 371, 368, 13, 6.75%, 0, 0, 3, 23.33
1746559566, 0, 15, 372, 369, 13, 6.75%, 0, 0, 3, 25.02
1746559586, 0, 15, 373, 370, 13, 6.75%, 0, 0, 3, 25.23
1746559601, 0, 15, 374, 371, 13, 6.75%, 0, 0, 3, 23.88
1746559612, 0, 15, 375, 372, 13, 6.75%, 0, 0, 3, 24.46
1746559617, 0, 15, 377, 374, 13, 6.75%, 0, 0, 3, 24.90
1746559627, 0, 15, 378, 375, 13, 6.75%, 0, 0, 3, 24.94
1746559632, 0, 15, 379, 376, 13, 6.75%, 0, 0, 3, 23.69
1746559637, 0, 15, 380, 377, 13, 6.75%, 0, 0, 3, 24.48
1746559642, 0, 15, 381, 378, 13, 6.75%, 0, 0, 3, 24.64
1746559657, 0, 39, 381, 377, 12, 6.75%, 0, 0, 3, 26.36
1746559667, 0, 39, 382, 378, 12, 6.75%, 0, 0, 3, 24.01
1746559677, 0, 62, 382, 377, 11, 6.75%, 0, 0, 3, 25.25
1746559683, 0, 62, 383, 378, 11, 6.75%, 0, 0, 3, 24.55
1746559693, 0, 62, 384, 379, 11, 6.75%, 0, 0, 3, 24.07
1746559698, 0, 62, 386, 381, 11, 6.75%, 0, 0, 3, 23.18
1746559728, 0, 62, 388, 383, 11, 6.75%, 0, 0, 3, 23.13
1746559733, 0, 62, 389, 384, 11, 6.75%, 0, 0, 3, 24.27
1746559764, 0, 62, 392, 387, 11, 6.75%, 0, 0, 3, 22.83
1746559769, 0, 62, 394, 389, 11, 6.75%, 0, 0, 3, 22.08
1746559779, 0, 62, 395, 390, 11, 6.75%, 0, 0, 3, 23.63
1746559784, 0, 62, 396, 391, 11, 6.75%, 0, 0, 3, 23.54
1746559794, 0, 62, 397, 392, 11, 6.75%, 0, 0, 3, 24.64
1746559800, 0, 62, 399, 394, 11, 6.75%, 0, 0, 3, 19.95
1746559805, 0, 62, 400, 395, 11, 6.75%, 0, 0, 3, 22.86
1746559810, 0, 62, 401, 396, 11, 6.75%, 0, 0, 3, 23.32
1746559836, 0, 62, 402, 397, 11, 6.75%, 0, 0, 3, 23.70
1746559846, 0, 62, 403, 398, 11, 6.75%, 0, 0, 3, 23.06
1746559861, 0, 62, 404, 399, 11, 6.75%, 0, 0, 3, 23.26
1746559866, 0, 62, 405, 400, 11, 6.75%, 0, 0, 3, 23.45
1746559887, 0, 62, 406, 401, 11, 6.75%, 0, 0, 3, 23.95
1746559902, 0, 62, 408, 403, 11, 6.77%, 0, 0, 3, 21.72
1746559907, 0, 62, 409, 404, 11, 6.77%, 0, 0, 3, 20.15
1746559913, 0, 62, 410, 405, 11, 6.77%, 0, 0, 3, 23.29
1746559918, 0, 62, 411, 406, 11, 6.77%, 0, 0, 3, 23.76
1746559923, 0, 62, 412, 407, 11, 6.77%, 0, 0, 3, 22.73
1746559943, 0, 62, 413, 408, 11, 6.77%, 0, 0, 3, 24.03
1746559948, 0, 62, 415, 410, 11, 6.77%, 0, 0, 3, 23.33
1746559953, 0, 62, 416, 411, 11, 6.77%, 0, 0, 3, 23.23
1746559968, 0, 103, 416, 410, 11, 6.77%, 0, 0, 3, 25.26
1746559973, 0, 103, 417, 411, 11, 6.77%, 0, 0, 3, 24.98
1746559979, 0, 103, 418, 412, 11, 6.77%, 0, 0, 3, 23.93
1746559984, 0, 103, 420, 414, 11, 6.77%, 0, 0, 3, 23.68
1746559989, 0, 103, 421, 415, 11, 6.77%, 0, 0, 3, 24.47
1746560014, 0, 103, 422, 416, 11, 6.79%, 0, 0, 3, 23.28
1746560020, 0, 103, 424, 418, 11, 6.79%, 0, 0, 3, 23.97
1746560025, 0, 103, 425, 419, 11, 6.79%, 0, 0, 3, 24.81
1746560040, 0, 103, 426, 420, 11, 6.79%, 0, 0, 3, 25.26
1746560050, 0, 103, 427, 421, 11, 6.79%, 0, 0, 3, 24.05
1746560061, 0, 103, 428, 422, 11, 6.79%, 0, 0, 3, 23.40
1746560071, 0, 103, 429, 423, 11, 6.79%, 0, 0, 3, 23.87
1746560076, 0, 103, 430, 424, 11, 6.79%, 0, 0, 3, 25.40
1746560086, 0, 103, 431, 425, 11, 6.79%, 0, 0, 3, 25.36
1746560096, 0, 103, 432, 426, 11, 6.79%, 0, 0, 3, 25.13
1746560111, 0, 103, 433, 427, 11, 6.79%, 0, 0, 3, 24.80
1746560122, 0, 103, 434, 428, 11, 6.79%, 0, 0, 3, 24.59
1746560142, 0, 103, 435, 429, 11, 6.79%, 0, 0, 3, 23.71
1746560152, 0, 103, 436, 430, 11, 6.79%, 0, 0, 3, 24.08
1746560157, 0, 103, 437, 431, 11, 6.79%, 0, 0, 3, 24.77
1746560168, 0, 103, 438, 432, 11, 6.79%, 0, 0, 3, 24.38
1746560178, 0, 103, 439, 433, 11, 6.79%, 0, 0, 3, 21.25
1746560183, 0, 106, 443, 436, 11, 6.79%, 0, 0, 3, 20.89
1746560188, 0, 106, 446, 439, 11, 6.79%, 0, 0, 3, 21.25
1746560193, 0, 106, 450, 443, 11, 6.79%, 0, 0, 3, 20.63
1746560198, 0, 106, 452, 445, 11, 6.79%, 0, 0, 3, 20.21
1746560209, 0, 106, 454, 447, 11, 6.79%, 0, 0, 3, 20.16
1746560214, 0, 106, 455, 448, 11, 6.79%, 0, 0, 3, 20.12
1746560219, 0, 106, 457, 450, 11, 6.79%, 0, 0, 3, 19.37
1746560224, 0, 106, 461, 454, 11, 6.79%, 0, 0, 3, 18.40
1746560229, 0, 106, 462, 455, 11, 6.79%, 0, 0, 3, 18.71
1746560234, 0, 106, 463, 456, 11, 6.79%, 0, 0, 3, 19.31
1746560239, 0, 106, 464, 457, 11, 6.79%, 0, 0, 3, 19.39
1746560244, 0, 106, 465, 458, 11, 6.79%, 0, 0, 3, 17.82
1746560259, 0, 106, 466, 459, 11, 6.79%, 0, 0, 3, 17.38
1746560280, 0, 106, 468, 461, 11, 6.79%, 0, 0, 3, 20.77
1746560300, 0, 106, 469, 462, 11, 6.79%, 0, 0, 3, 21.35
1746560423, 0, 106, 470, 463, 11, 6.79%, 0, 0, 3, 18.50
1746560429, 0, 106, 471, 464, 11, 6.79%, 0, 0, 3, 20.04
1746560638, 0, 106, 473, 466, 11, 6.79%, 0, 0, 3, 16.99
1746560668, 0, 106, 474, 467, 11, 6.79%, 0, 0, 3, 18.77
1746560678, 0, 106, 475, 468, 11, 6.79%, 0, 0, 3, 18.46
1746560714, 0, 106, 476, 469, 11, 6.79%, 0, 0, 3, 17.66
1746560837, 0, 106, 480, 473, 11, 6.79%, 0, 0, 3, 16.98
1746560842, 0, 106, 481, 474, 11, 6.79%, 0, 0, 3, 18.18
1746560847, 0, 106, 482, 475, 11, 6.79%, 0, 0, 3, 19.57
1746560852, 0, 106, 483, 476, 11, 6.79%, 0, 0, 3, 18.94
1746560867, 0, 106, 485, 478, 11, 6.79%, 0, 0, 3, 19.48
1746560888, 0, 106, 487, 480, 11, 6.79%, 0, 0, 3, 20.19
1746560893, 0, 106, 488, 481, 11, 6.79%, 0, 0, 3, 19.24
1746560898, 0, 106, 489, 482, 11, 6.79%, 0, 0, 3, 19.66
1746560903, 0, 106, 490, 483, 11, 6.79%, 0, 0, 3, 20.49
1746560923, 0, 106, 491, 484, 11, 6.79%, 0, 0, 3, 20.13
1746560949, 0, 106, 492, 485, 11, 6.79%, 0, 0, 3, 19.79
1746560969, 0, 106, 493, 486, 11, 6.79%, 0, 0, 3, 19.11
1746560989, 0, 106, 494, 487, 11, 6.79%, 0, 0, 3, 19.22
1746561015, 0, 106, 495, 488, 11, 6.79%, 0, 0, 3, 20.23
1746561066, 0, 106, 496, 489, 11, 6.79%, 0, 0, 3, 18.66
1746561071, 0, 106, 497, 490, 11, 6.79%, 0, 0, 3, 18.19
1746561107, 0, 106, 498, 491, 11, 6.79%, 0, 0, 3, 17.53
1746561132, 0, 106, 499, 492, 11, 6.79%, 0, 0, 3, 20.99
1746561137, 0, 106, 500, 493, 11, 6.79%, 0, 0, 3, 20.02
1746561148, 0, 106, 501, 494, 11, 6.79%, 0, 0, 3, 20.01
1746561179, 0, 115, 501, 493, 11, 6.79%, 0, 0, 3, 24.56
1746561194, 0, 115, 502, 494, 11, 7.43%, 0, 0, 3, 23.50
1746561204, 0, 235, 503, 494, 10, 7.43%, 0, 0, 3, 21.40
1746561214, 0, 235, 505, 496, 10, 7.43%, 0, 0, 3, 16.55
1746561260, 0, 235, 506, 497, 10, 7.43%, 0, 0, 3, 19.12
1746561266, 0, 235, 508, 499, 10, 7.43%, 0, 0, 3, 15.84
1746561286, 0, 264, 510, 500, 10, 7.44%, 0, 0, 3, 13.03
1746561291, 0, 264, 513, 503, 10, 7.45%, 0, 0, 3, 8.81
1746561297, 0, 264, 516, 506, 10, 7.45%, 0, 0, 3, 8.72
1746561302, 0, 264, 519, 509, 10, 7.45%, 0, 0, 3, 6.99
1746561307, 0, 264, 522, 512, 10, 7.45%, 0, 0, 3, 6.18
1746561312, 0, 264, 525, 515, 10, 7.45%, 0, 0, 3, 5.86
1746561318, 0, 264, 527, 517, 10, 7.45%, 0, 0, 3, 5.71
1746561323, 0, 264, 529, 519, 10, 7.45%, 0, 0, 3, 5.54
1746561328, 0, 264, 532, 522, 10, 7.45%, 0, 0, 3, 5.46
1746561333, 0, 264, 535, 525, 10, 7.45%, 0, 0, 3, 5.46
1746561338, 0, 264, 537, 527, 10, 7.45%, 0, 0, 3, 5.40
1746561344, 0, 264, 539, 529, 10, 7.57%, 0, 0, 3, 4.96
1746561349, 0, 264, 541, 531, 10, 7.57%, 0, 0, 3, 5.01
1746561354, 0, 264, 543, 533, 10, 7.57%, 0, 0, 3, 4.99
1746561359, 0, 264, 545, 535, 10, 7.57%, 0, 0, 3, 4.96
1746561364, 0, 264, 548, 538, 10, 7.57%, 0, 0, 3, 5.06
1746561369, 0, 264, 550, 540, 10, 7.57%, 0, 0, 3, 5.19
1746561375, 0, 264, 553, 543, 10, 7.57%, 0, 0, 3, 5.17
1746561380, 0, 264, 554, 544, 10, 7.57%, 0, 0, 3, 5.16
1746561385, 0, 264, 555, 545, 10, 7.57%, 0, 0, 3, 5.01
1746561390, 0, 264, 556, 546, 10, 7.57%, 0, 0, 3, 8.04
1746561395, 0, 264, 560, 550, 10, 7.57%, 0, 0, 3, 7.47
1746561400, 0, 264, 562, 552, 10, 7.57%, 0, 0, 3, 6.44
1746561405, 0, 264, 563, 553, 10, 7.57%, 0, 0, 3, 5.90
1746561411, 0, 264, 565, 555, 10, 7.57%, 0, 0, 3, 5.29
1746561416, 0, 264, 568, 558, 10, 7.60%, 0, 0, 3, 4.80
1746561421, 0, 264, 571, 561, 10, 7.60%, 0, 0, 3, 5.05
1746561426, 0, 264, 572, 562, 10, 7.60%, 0, 0, 3, 4.65
1746561431, 0, 264, 575, 565, 10, 7.60%, 0, 0, 3, 4.89
1746561436, 0, 264, 577, 567, 10, 7.60%, 0, 0, 3, 4.98
1746561441, 0, 264, 579, 569, 10, 7.60%, 0, 0, 3, 4.65
1746561446, 0, 264, 581, 571, 10, 7.60%, 0, 0, 3, 4.78
1746561452, 0, 264, 583, 573, 10, 7.60%, 0, 0, 3, 5.00
1746561457, 0, 264, 586, 576, 10, 7.60%, 0, 0, 3, 5.06
1746561462, 0, 264, 588, 578, 10, 7.60%, 0, 0, 3, 5.04
1746561467, 0, 264, 589, 579, 10, 7.60%, 0, 0, 3, 5.06
1746561473, 0, 264, 591, 581, 10, 7.60%, 0, 0, 3, 4.95
1746561483, 0, 264, 594, 584, 10, 7.64%, 0, 0, 3, 6.48
1746561488, 0, 264, 596, 586, 10, 7.64%, 0, 0, 3, 5.21
1746561493, 0, 264, 600, 590, 10, 7.64%, 0, 0, 3, 5.01
1746561498, 0, 264, 602, 592, 10, 7.64%, 0, 0, 3, 5.01
1746561503, 0, 264, 605, 595, 10, 7.64%, 0, 0, 3, 4.85
1746561508, 0, 264, 607, 597, 10, 7.64%, 0, 0, 3, 4.97
1746561514, 0, 264, 610, 600, 10, 7.64%, 0, 0, 3, 5.09
1746561519, 0, 264, 612, 602, 10, 7.64%, 0, 0, 3, 4.63
1746561524, 0, 264, 615, 605, 10, 7.64%, 0, 0, 3, 4.90
1746561529, 0, 264, 617, 607, 10, 7.64%, 0, 0, 3, 4.83
1746561534, 0, 264, 620, 610, 10, 7.64%, 0, 0, 3, 4.84
1746561539, 0, 264, 622, 612, 10, 7.64%, 0, 0, 3, 4.81
1746561544, 0, 264, 624, 614, 10, 7.64%, 0, 0, 3, 4.56
1746561549, 0, 264, 627, 617, 10, 7.64%, 0, 0, 3, 4.63
1746561554, 0, 264, 629, 619, 10, 7.64%, 0, 0, 3, 4.66
1746561559, 0, 264, 631, 621, 10, 7.64%, 0, 0, 3, 4.48
1746561564, 0, 264, 633, 623, 10, 7.64%, 0, 0, 3, 4.47
1746561569, 0, 264, 635, 625, 10, 7.64%, 0, 0, 3, 4.25
1746561574, 0, 264, 637, 627, 10, 7.64%, 0, 0, 3, 4.16
1746561579, 0, 264, 638, 628, 10, 7.64%, 0, 0, 3, 4.80
1746561585, 0, 264, 639, 629, 10, 7.64%, 0, 0, 3, 4.96
1746561590, 0, 264, 640, 630, 10, 7.64%, 0, 0, 3, 4.97
1746561595, 0, 264, 641, 631, 10, 7.64%, 0, 0, 3, 4.93
1746561600, 0, 264, 643, 633, 10, 7.64%, 0, 0, 3, 4.64
1746561605, 0, 264, 646, 636, 10, 7.64%, 0, 0, 3, 4.78
1746561610, 0, 264, 648, 638, 10, 7.64%, 0, 0, 3, 5.22
1746561615, 0, 264, 650, 640, 10, 7.65%, 0, 0, 3, 4.34
1746561621, 0, 264, 652, 642, 10, 7.65%, 0, 0, 3, 4.33
1746561626, 0, 264, 655, 645, 10, 7.65%, 0, 0, 3, 4.36
1746561631, 0, 264, 656, 646, 10, 7.65%, 0, 0, 3, 4.83
1746561636, 0, 264, 658, 648, 10, 7.65%, 0, 0, 3, 4.02
1746561641, 0, 264, 660, 650, 10, 7.65%, 0, 0, 3, 3.88
1746561657, 0, 264, 662, 652, 10, 7.65%, 0, 0, 3, 12.32
1746561662, 0, 264, 665, 655, 10, 7.66%, 0, 0, 3, 12.48
1746561667, 0, 264, 666, 656, 10, 7.66%, 0, 0, 3, 9.82
1746561672, 0, 264, 667, 657, 10, 7.66%, 0, 0, 3, 8.50
1746561677, 0, 264, 670, 660, 10, 7.66%, 0, 0, 3, 5.75
1746561682, 0, 264, 671, 661, 10, 7.66%, 0, 0, 3, 5.41
1746561687, 0, 264, 672, 662, 10, 7.66%, 0, 0, 3, 5.42
1746561693, 0, 264, 674, 664, 10, 7.66%, 0, 0, 3, 5.53
1746561698, 0, 264, 675, 665, 10, 7.66%, 0, 0, 3, 5.10
1746561708, 0, 264, 677, 667, 10, 7.66%, 0, 0, 3, 5.20
1746561713, 0, 264, 679, 669, 10, 7.66%, 0, 0, 3, 5.00
1746561723, 0, 264, 680, 670, 10, 7.66%, 0, 0, 3, 5.83
1746561729, 0, 264, 682, 672, 10, 7.66%, 0, 0, 3, 6.91
1746561739, 0, 264, 684, 674, 10, 7.66%, 0, 0, 3, 5.02
1746561744, 0, 264, 686, 676, 10, 7.66%, 0, 0, 3, 4.96
1746561749, 0, 264, 687, 677, 10, 7.66%, 0, 0, 3, 5.05
1746561754, 0, 264, 689, 679, 10, 7.66%, 0, 0, 3, 5.22
1746561759, 0, 264, 691, 681, 10, 7.66%, 0, 0, 3, 4.92
1746561765, 0, 264, 692, 682, 10, 7.66%, 0, 0, 3, 4.87
1746561775, 0, 264, 695, 685, 10, 7.66%, 0, 0, 3, 5.05
1746561780, 0, 264, 697, 687, 10, 7.66%, 0, 0, 3, 5.18
1746561785, 0, 264, 699, 689, 10, 7.66%, 0, 0, 3, 5.17
1746561790, 0, 264, 700, 690, 10, 7.66%, 0, 0, 3, 5.34
1746561796, 0, 264, 701, 691, 10, 7.66%, 0, 0, 3, 5.54
1746561806, 0, 264, 702, 692, 10, 7.66%, 0, 0, 3, 5.59
1746561811, 0, 264, 704, 694, 10, 7.66%, 0, 0, 3, 5.08
1746561816, 0, 264, 706, 696, 10, 7.66%, 0, 0, 3, 4.58
1746561822, 0, 264, 707, 697, 10, 7.66%, 0, 0, 3, 4.94
1746561832, 0, 264, 708, 698, 10, 7.66%, 0, 0, 3, 5.14
1746561838, 0, 264, 710, 700, 10, 7.66%, 0, 0, 3, 5.17
1746561843, 0, 264, 711, 701, 10, 7.66%, 0, 0, 3, 5.14
1746561848, 0, 264, 714, 704, 10, 7.66%, 0, 0, 3, 5.14
1746561853, 0, 264, 716, 706, 10, 7.66%, 0, 0, 3, 4.45
1746561858, 0, 264, 718, 708, 10, 7.66%, 0, 0, 3, 4.65
1746561863, 0, 264, 719, 709, 10, 7.66%, 0, 0, 3, 4.67
1746561868, 0, 264, 720, 710, 10, 7.66%, 0, 0, 3, 4.93
1746561873, 0, 264, 722, 712, 10, 7.66%, 0, 0, 3, 4.90
1746561879, 0, 264, 723, 713, 10, 7.66%, 0, 0, 3, 4.65
1746561884, 0, 264, 726, 716, 10, 7.66%, 0, 0, 3, 5.00
1746561889, 0, 264, 727, 717, 10, 7.66%, 0, 0, 3, 5.12
1746561894, 0, 264, 729, 719, 10, 7.66%, 0, 0, 3, 5.06
1746561900, 0, 264, 730, 720, 10, 7.66%, 0, 0, 3, 5.05
1746561905, 0, 264, 731, 721, 10, 7.66%, 0, 0, 3, 5.23
1746561910, 0, 264, 732, 722, 10, 7.66%, 0, 0, 3, 5.22
1746561920, 0, 264, 733, 723, 10, 7.66%, 0, 0, 3, 5.16
1746561936, 0, 264, 735, 725, 10, 7.66%, 0, 0, 3, 4.82
1746561941, 0, 264, 736, 726, 10, 7.66%, 0, 0, 3, 4.86
1746561946, 0, 264, 737, 727, 10, 7.66%, 0, 0, 3, 4.84
1746561951, 0, 264, 739, 729, 10, 7.66%, 0, 0, 3, 4.86
1746561956, 0, 264, 741, 731, 10, 7.66%, 0, 0, 3, 4.90
1746562003, 0, 264, 742, 732, 10, 7.66%, 0, 0, 3, 8.75
1746562008, 0, 264, 743, 733, 10, 7.66%, 0, 0, 3, 5.41
1746562013, 0, 264, 744, 734, 10, 7.66%, 0, 0, 3, 4.58
1746562018, 0, 264, 747, 737, 10, 7.66%, 0, 0, 3, 4.58
1746562023, 0, 264, 748, 738, 10, 7.66%, 0, 0, 3, 4.81
1746562028, 0, 264, 749, 739, 10, 7.66%, 0, 0, 3, 4.52
1746562033, 0, 264, 750, 740, 10, 7.66%, 0, 0, 3, 4.15
1746562044, 0, 264, 751, 741, 10, 7.66%, 0, 0, 3, 4.79
1746562054, 0, 264, 752, 742, 10, 7.66%, 0, 0, 3, 4.76
1746562059, 0, 264, 753, 743, 10, 7.66%, 0, 0, 3, 4.90
1746562064, 0, 264, 754, 744, 10, 7.66%, 0, 0, 3, 4.54
1746562075, 0, 264, 755, 745, 10, 7.66%, 0, 0, 3, 4.04
1746562117, 0, 264, 756, 746, 10, 7.66%, 0, 0, 3, 4.84
1746562138, 0, 264, 757, 747, 10, 7.66%, 0, 0, 3, 5.42
1746562143, 0, 264, 758, 748, 10, 7.66%, 0, 0, 3, 5.05
1746562153, 0, 264, 759, 749, 10, 7.66%, 0, 0, 3, 9.80
1746562158, 0, 264, 760, 750, 10, 7.66%, 0, 0, 3, 10.08
1746562164, 0, 264, 761, 751, 10, 7.66%, 0, 0, 3, 7.60
1746562169, 0, 264, 763, 753, 10, 7.66%, 0, 0, 3, 5.89
1746562174, 0, 264, 765, 755, 10, 7.66%, 0, 0, 3, 5.70
1746562179, 0, 264, 766, 756, 10, 7.66%, 0, 0, 3, 4.81
1746562184, 0, 264, 768, 758, 10, 7.66%, 0, 0, 3, 4.75
1746562189, 0, 264, 769, 759, 10, 7.66%, 0, 0, 3, 4.67
1746562194, 0, 264, 771, 761, 10, 7.66%, 0, 0, 3, 5.24
1746562199, 0, 264, 772, 762, 10, 7.66%, 0, 0, 3, 5.11
1746562205, 0, 264, 773, 763, 10, 7.66%, 0, 0, 3, 4.63
1746562210, 0, 264, 774, 764, 10, 7.66%, 0, 0, 3, 4.60
1746562215, 0, 264, 776, 766, 10, 7.66%, 0, 0, 3, 4.03
1746562220, 0, 264, 777, 767, 10, 7.66%, 0, 0, 3, 4.46
1746562225, 0, 264, 779, 769, 10, 7.66%, 0, 0, 3, 4.36
1746562235, 0, 264, 781, 771, 10, 7.66%, 0, 0, 3, 4.91
1746562241, 0, 264, 783, 773, 10, 7.66%, 0, 0, 3, 4.94
1746562246, 0, 264, 784, 774, 10, 7.66%, 0, 0, 3, 4.69
1746562251, 0, 264, 785, 775, 10, 7.66%, 0, 0, 3, 4.78
1746562256, 0, 264, 787, 777, 10, 7.66%, 0, 0, 3, 4.51
1746562261, 0, 264, 789, 779, 10, 7.66%, 0, 0, 3, 4.32
1746562266, 0, 264, 790, 780, 10, 7.66%, 0, 0, 3, 4.07
1746562272, 0, 264, 791, 781, 10, 7.66%, 0, 0, 3, 4.57
1746562277, 0, 264, 792, 782, 10, 7.66%, 0, 0, 3, 4.77
1746562282, 0, 264, 793, 783, 10, 7.66%, 0, 0, 3, 4.89
1746562287, 0, 264, 794, 784, 10, 7.66%, 0, 0, 3, 4.84
1746562292, 0, 264, 796, 786, 10, 7.66%, 0, 0, 3, 4.76
1746562318, 0, 264, 798, 788, 10, 7.66%, 0, 0, 3, 5.11
1746562339, 0, 264, 800, 790, 10, 7.66%, 0, 0, 3, 9.31
1746562344, 0, 264, 801, 791, 10, 7.66%, 0, 0, 3, 7.13
1746562349, 0, 264, 802, 792, 10, 7.66%, 0, 0, 3, 5.52
1746562354, 0, 264, 803, 793, 10, 7.66%, 0, 0, 3, 4.95
1746562359, 0, 264, 804, 794, 10, 7.66%, 0, 0, 3, 4.75
1746562364, 0, 264, 805, 795, 10, 7.66%, 0, 0, 3, 5.14
1746562369, 0, 264, 807, 797, 10, 7.66%, 0, 0, 3, 5.55
1746562374, 0, 264, 808, 798, 10, 7.66%, 0, 0, 3, 4.43
1746562395, 0, 264, 809, 799, 10, 7.66%, 0, 0, 3, 4.82
1746562410, 0, 264, 810, 800, 10, 7.66%, 0, 0, 3, 4.45
1746562415, 0, 264, 811, 801, 10, 7.66%, 0, 0, 3, 4.57
1746562426, 0, 264, 812, 802, 10, 7.66%, 0, 0, 3, 4.42
1746562436, 0, 264, 814, 804, 10, 7.66%, 0, 0, 3, 4.29
1746562451, 0, 264, 816, 806, 10, 7.66%, 0, 0, 3, 4.17
1746562467, 0, 264, 817, 807, 10, 7.66%, 0, 0, 3, 4.34
1746562472, 0, 264, 819, 809, 10, 7.66%, 0, 0, 3, 4.54
1746562477, 0, 264, 820, 810, 10, 7.66%, 0, 0, 3, 4.37
1746562488, 0, 264, 821, 811, 10, 7.66%, 0, 0, 3, 4.48
1746562513, 0, 264, 824, 814, 10, 7.66%, 0, 0, 3, 5.29
1746562518, 0, 264, 825, 815, 10, 7.66%, 0, 0, 3, 5.22
1746562534, 0, 264, 826, 816, 10, 7.66%, 0, 0, 3, 6.25
1746562539, 0, 264, 827, 817, 10, 7.66%, 0, 0, 3, 7.76
1746562544, 0, 264, 829, 819, 10, 7.66%, 0, 0, 3, 6.99
1746562554, 0, 264, 831, 821, 10, 7.66%, 0, 0, 3, 11.12
1746562560, 0, 264, 834, 824, 10, 7.66%, 0, 0, 3, 13.19
1746562570, 0, 264, 836, 826, 10, 7.66%, 0, 0, 3, 12.31
1746562575, 0, 264, 837, 827, 10, 7.66%, 0, 0, 3, 8.96
1746562580, 0, 264, 838, 828, 10, 7.66%, 0, 0, 3, 10.57
1746562585, 0, 264, 839, 829, 10, 7.66%, 0, 0, 3, 8.91
1746562590, 0, 264, 840, 830, 10, 7.66%, 0, 0, 3, 11.29
1746562595, 0, 264, 842, 832, 10, 7.66%, 0, 0, 3, 12.44
1746562606, 0, 264, 843, 833, 10, 7.66%, 0, 0, 3, 10.85
1746562611, 0, 264, 845, 835, 10, 7.66%, 0, 0, 3, 14.03
1746562616, 0, 264, 846, 836, 10, 7.66%, 0, 0, 3, 10.01
1746562621, 0, 264, 847, 837, 10, 7.66%, 0, 0, 3, 13.21
1746562626, 0, 264, 849, 839, 10, 7.66%, 0, 0, 3, 13.03
1746562631, 0, 264, 850, 840, 10, 7.66%, 0, 0, 3, 12.25
1746562642, 0, 264, 851, 841, 10, 7.66%, 0, 0, 3, 13.80
1746562647, 0, 264, 852, 842, 10, 7.66%, 0, 0, 3, 12.87
1746562652, 0, 264, 853, 843, 10, 7.66%, 0, 0, 3, 10.54
1746562657, 0, 264, 854, 844, 10, 7.66%, 0, 0, 3, 8.36
1746562662, 0, 264, 855, 845, 10, 7.66%, 0, 0, 3, 9.50
1746562668, 0, 264, 856, 846, 10, 7.66%, 0, 0, 3, 8.21
1746562673, 0, 264, 857, 847, 10, 7.66%, 0, 0, 3, 10.29
1746562683, 0, 264, 859, 849, 10, 7.66%, 0, 0, 3, 10.68
1746562693, 0, 264, 860, 850, 10, 7.66%, 0, 0, 3, 13.03
1746562709, 0, 264, 861, 851, 10, 7.66%, 0, 0, 3, 10.05
1746562714, 0, 264, 862, 852, 10, 7.66%, 0, 0, 3, 10.50
1746562719, 0, 264, 863, 853, 10, 7.66%, 0, 0, 3, 11.08
1746562724, 0, 264, 864, 854, 10, 7.66%, 0, 0, 3, 10.33
1746562729, 0, 264, 865, 855, 10, 7.66%, 0, 0, 3, 11.63
1746562735, 0, 264, 867, 857, 10, 7.66%, 0, 0, 3, 11.97
1746562750, 0, 264, 868, 858, 10, 7.66%, 0, 0, 3, 14.77
1746562760, 0, 264, 869, 859, 10, 7.66%, 0, 0, 3, 9.87
1746562771, 0, 264, 870, 860, 10, 7.66%, 0, 0, 3, 10.74
1746562776, 0, 264, 871, 861, 10, 7.66%, 0, 0, 3, 11.95
1746562791, 0, 264, 873, 863, 10, 7.66%, 0, 0, 3, 10.90
1746562807, 0, 264, 874, 864, 10, 7.66%, 0, 0, 3, 10.98
1746562817, 0, 264, 875, 865, 10, 7.66%, 0, 0, 3, 12.81
1746562843, 0, 264, 876, 866, 10, 7.66%, 0, 0, 3, 10.73
1746562848, 0, 264, 877, 867, 10, 7.66%, 0, 0, 3, 11.43
1746562853, 0, 264, 878, 868, 10, 7.66%, 0, 0, 3, 8.55
1746562858, 0, 264, 879, 869, 10, 7.66%, 0, 0, 3, 11.00
1746562863, 0, 264, 880, 870, 10, 7.66%, 0, 0, 3, 8.66
1746562868, 0, 264, 881, 871, 10, 7.66%, 0, 0, 3, 11.29
1746562873, 0, 264, 882, 872, 10, 7.66%, 0, 0, 3, 12.93
1746562894, 0, 264, 883, 873, 10, 7.66%, 0, 0, 3, 13.16
1746562899, 0, 264, 884, 874, 10, 7.66%, 0, 0, 3, 14.52
1746562909, 0, 264, 885, 875, 10, 7.66%, 0, 0, 3, 10.19
1746562925, 0, 264, 886, 876, 10, 7.66%, 0, 0, 3, 9.69
1746562930, 0, 264, 887, 877, 10, 7.66%, 0, 0, 3, 10.08
1746562940, 0, 264, 889, 879, 10, 7.66%, 0, 0, 3, 9.55
1746562945, 0, 264, 890, 880, 10, 7.66%, 0, 0, 3, 9.00
1746562970, 0, 264, 891, 881, 10, 7.66%, 0, 0, 3, 9.97
1746562996, 0, 264, 892, 882, 10, 7.66%, 0, 0, 3, 9.06
1746563006, 0, 264, 893, 883, 10, 7.66%, 0, 0, 3, 9.66
1746563016, 0, 264, 895, 885, 10, 7.66%, 0, 0, 3, 8.43
1746563042, 0, 264, 896, 886, 10, 7.66%, 0, 0, 3, 9.74
1746563047, 0, 264, 899, 889, 10, 7.66%, 0, 0, 3, 8.72
1746563057, 0, 264, 900, 890, 10, 7.66%, 0, 0, 3, 13.15
1746563068, 0, 264, 901, 891, 10, 7.66%, 0, 0, 3, 11.42
1746563073, 0, 264, 902, 892, 10, 7.66%, 0, 0, 3, 14.23
1746563078, 0, 264, 903, 893, 10, 7.66%, 0, 0, 3, 14.20
1746563083, 0, 264, 904, 894, 10, 7.66%, 0, 0, 3, 14.17
1746563103, 0, 264, 905, 895, 10, 7.66%, 0, 0, 3, 15.00
1746563134, 0, 264, 906, 896, 10, 7.66%, 0, 0, 3, 10.64
1746563139, 0, 264, 907, 897, 10, 7.66%, 0, 0, 3, 12.38
1746563150, 0, 275, 907, 896, 16, 7.66%, 0, 0, 3, 16.24
1746563160, 0, 275, 908, 897, 16, 7.66%, 0, 0, 3, 18.75
1746563180, 0, 355, 908, 896, 15, 7.66%, 0, 0, 3, 21.35
1746563186, 0, 355, 910, 898, 15, 7.66%, 0, 0, 4, 9.51
1746563196, 0, 355, 911, 899, 15, 7.66%, 0, 0, 4, 5.22
1746563268, 0, 355, 913, 901, 15, 7.66%, 0, 0, 4, 12.73
1746563273, 0, 355, 914, 902, 15, 7.66%, 0, 0, 4, 11.98
1746563283, 0, 355, 915, 903, 15, 7.66%, 0, 0, 4, 6.43
1746563298, 0, 355, 917, 905, 15, 7.66%, 0, 0, 4, 4.69
1746563314, 0, 355, 918, 906, 15, 7.66%, 0, 0, 4, 4.50
1746563329, 0, 355, 919, 907, 15, 7.66%, 0, 0, 4, 4.03
1746563340, 0, 355, 920, 908, 15, 7.66%, 0, 0, 4, 4.55
1746563345, 0, 355, 921, 909, 15, 7.66%, 0, 0, 4, 4.54
1746563427, 0, 355, 922, 910, 15, 7.66%, 0, 0, 4, 8.55
1746563432, 0, 355, 923, 911, 15, 7.66%, 0, 0, 4, 6.39
1746563437, 0, 355, 924, 912, 15, 7.66%, 0, 0, 4, 4.78
1746563447, 0, 355, 925, 913, 15, 7.66%, 0, 0, 4, 4.37
1746563488, 0, 355, 926, 914, 15, 7.66%, 0, 0, 4, 10.75
1746563524, 0, 355, 927, 915, 15, 7.66%, 0, 0, 4, 3.43
1746563550, 0, 394, 927, 914, 15, 7.66%, 0, 0, 4, 16.44
1746563673, 0, 493, 927, 913, 14, 7.66%, 0, 0, 4, 14.97
1746563704, 0, 493, 928, 914, 14, 7.66%, 0, 0, 4, 12.61
1746563771, 0, 493, 929, 915, 14, 7.66%, 0, 0, 4, 16.31
1746563787, 0, 501, 929, 914, 13, 7.66%, 0, 0, 4, 18.57
1746563792, 0, 501, 931, 916, 13, 7.66%, 0, 0, 4, 14.66
1746563802, 0, 501, 932, 917, 13, 7.66%, 0, 0, 4, 14.62
1746563889, 0, 501, 933, 918, 13, 7.66%, 0, 0, 4, 14.54
1746563899, 0, 501, 934, 919, 13, 7.66%, 0, 0, 4, 14.15
1746563904, 0, 501, 938, 923, 13, 7.66%, 0, 0, 4, 13.80
1746563925, 0, 501, 939, 924, 13, 7.66%, 0, 0, 4, 14.64
1746563930, 0, 501, 943, 928, 13, 7.66%, 0, 0, 4, 14.46
1746563945, 0, 537, 943, 927, 15, 7.66%, 0, 0, 4, 12.74
1746563955, 0, 537, 944, 928, 15, 7.66%, 0, 0, 4, 5.14
1746563976, 0, 537, 945, 929, 15, 7.66%, 0, 0, 4, 4.15
1746563986, 0, 537, 946, 930, 15, 7.66%, 0, 0, 4, 4.19
1746564001, 0, 537, 947, 931, 15, 7.66%, 0, 0, 4, 4.69
1746564017, 0, 537, 948, 932, 15, 7.66%, 0, 0, 4, 4.21
1746564022, 0, 537, 949, 933, 15, 7.66%, 0, 0, 4, 4.22
1746564058, 0, 537, 950, 934, 15, 7.66%, 0, 0, 4, 4.33
1746564063, 0, 537, 951, 935, 15, 7.66%, 0, 0, 4, 4.04
1746564068, 0, 537, 952, 936, 15, 7.66%, 0, 0, 4, 4.00
1746564089, 0, 537, 954, 938, 15, 7.66%, 0, 0, 4, 3.78
1746564268, 0, 537, 955, 939, 15, 7.66%, 0, 0, 4, 4.28
1746564278, 0, 537, 956, 940, 15, 7.66%, 0, 0, 4, 4.22
1746564283, 0, 537, 958, 942, 15, 7.66%, 0, 0, 4, 4.33
1746564288, 0, 537, 959, 943, 15, 7.66%, 0, 0, 4, 4.30
1746564324, 0, 537, 960, 944, 15, 7.66%, 0, 0, 4, 4.13
1746564448, 0, 537, 961, 945, 15, 7.66%, 0, 0, 4, 3.52
1746564622, 0, 537, 962, 946, 15, 7.66%, 0, 0, 4, 4.12
1746564627, 0, 537, 963, 947, 15, 7.66%, 0, 0, 4, 4.17
1746564632, 0, 537, 964, 948, 15, 7.66%, 0, 0, 4, 4.13
1746564638, 0, 537, 965, 949, 15, 7.66%, 0, 0, 4, 4.21
1746564757, 0, 537, 966, 950, 15, 7.66%, 0, 0, 4, 4.64
1746564783, 0, 537, 967, 951, 15, 7.66%, 0, 0, 4, 3.91
1746564788, 0, 537, 968, 952, 15, 7.66%, 0, 0, 4, 3.58
1746564808, 0, 537, 969, 953, 15, 7.66%, 0, 0, 4, 3.85
1746564849, 0, 662, 969, 952, 15, 7.66%, 0, 0, 4, 14.45
1746564926, 0, 662, 970, 953, 15, 7.66%, 0, 0, 4, 14.56
1746564941, 0, 681, 971, 953, 15, 7.66%, 0, 0, 4, 16.45
1746564946, 0, 681, 972, 954, 15, 7.66%, 0, 0, 4, 11.33
1746564951, 0, 681, 973, 955, 15, 7.66%, 0, 0, 4, 9.92
1746564998, 0, 681, 974, 956, 15, 7.66%, 0, 0, 4, 9.03
1746565065, 0, 681, 975, 957, 15, 7.66%, 0, 0, 4, 12.81
1746565106, 0, 681, 976, 958, 15, 7.66%, 0, 0, 4, 12.00
1746565111, 0, 681, 977, 959, 15, 7.66%, 0, 0, 4, 10.02
1746565152, 0, 720, 977, 958, 14, 7.66%, 0, 0, 4, 13.88
1746565225, 0, 720, 978, 959, 14, 7.66%, 0, 0, 4, 6.35
1746565230, 0, 720, 979, 960, 14, 7.66%, 0, 0, 4, 5.61
1746565261, 0, 720, 980, 961, 14, 7.66%, 0, 0, 4, 4.79
1746565797, 0, 720, 981, 962, 14, 7.66%, 0, 0, 4, 4.32
1746565879, 0, 720, 982, 963, 14, 7.66%, 0, 0, 4, 5.14
1746565916, 0, 764, 982, 962, 14, 7.66%, 0, 0, 4, 10.87
1746565957, 0, 764, 983, 963, 14, 7.66%, 0, 0, 4, 13.29
1746566126, 0, 764, 984, 964, 14, 7.66%, 0, 0, 4, 9.60
1746566142, 0, 764, 985, 965, 14, 8.23%, 0, 0, 4, 12.20
1746566147, 0, 764, 986, 966, 14, 8.23%, 0, 0, 4, 13.49
1746566182, 0, 874, 986, 965, 10, 8.23%, 0, 0, 4, 16.08
1746566193, 0, 874, 987, 966, 10, 8.23%, 0, 0, 4, 12.09
1746566198, 0, 874, 988, 967, 10, 8.23%, 0, 0, 4, 12.03
1746566203, 0, 874, 990, 969, 10, 8.23%, 0, 0, 4, 12.42
1746566265, 0, 874, 991, 970, 10, 8.23%, 0, 0, 4, 12.10
1746566356, 0, 874, 992, 971, 10, 8.23%, 0, 0, 4, 12.79
1746566510, 0, 874, 994, 973, 10, 8.23%, 0, 0, 4, 9.90
1746566581, 0, 874, 995, 974, 10, 8.23%, 0, 0, 4, 12.11
1746566612, 0, 874, 996, 975, 10, 8.23%, 0, 0, 4, 14.52
1746566627, 0, 916, 996, 974, 10, 8.23%, 0, 0, 4, 11.32
1746566802, 0, 916, 997, 975, 10, 8.23%, 0, 0, 5, 4.05
1746566879, 0, 916, 998, 976, 10, 8.23%, 0, 0, 5, 11.26
1746566956, 0, 919, 998, 975, 10, 8.23%, 0, 0, 5, 11.32
1746566976, 0, 919, 999, 976, 10, 8.23%, 0, 0, 5, 7.80
1746566982, 0, 919, 1000, 977, 10, 8.23%, 0, 0, 5, 6.37
1746567043, 0, 919, 1001, 978, 10, 8.23%, 0, 0, 5, 10.45
1746567300, 0, 921, 1001, 977, 10, 8.23%, 0, 0, 5, 13.53
1746567635, 0, 936, 1002, 977, 9, 8.23%, 0, 0, 5, 16.11
1746567640, 0, 936, 1004, 979, 9, 8.23%, 0, 0, 5, 14.30
1746567645, 0, 936, 1005, 980, 9, 8.23%, 0, 0, 5, 14.48
1746567650, 0, 936, 1006, 981, 9, 8.23%, 0, 0, 5, 14.17
1746567804, 0, 938, 1007, 981, 9, 8.23%, 0, 0, 5, 17.63
1746567814, 0, 938, 1008, 982, 9, 8.23%, 0, 0, 5, 16.03
1746567845, 0, 938, 1011, 985, 9, 8.23%, 0, 0, 5, 15.49
1746567957, 0, 938, 1012, 986, 9, 8.23%, 0, 0, 5, 17.09
1746568019, 0, 948, 1012, 985, 8, 8.23%, 0, 0, 5, 11.08
1746568024, 0, 948, 1013, 986, 8, 8.23%, 0, 0, 5, 6.37
1746568034, 0, 948, 1014, 987, 8, 8.23%, 0, 0, 5, 4.56
1746568045, 0, 948, 1015, 988, 8, 8.23%, 0, 0, 5, 4.47
1746568050, 0, 948, 1016, 989, 8, 8.23%, 0, 0, 5, 4.35
1746568091, 0, 948, 1017, 990, 8, 8.23%, 0, 0, 5, 4.32
1746568126, 0, 948, 1018, 991, 8, 8.23%, 0, 0, 5, 4.49
1746568152, 0, 948, 1019, 992, 8, 8.23%, 0, 0, 5, 4.17
1746568182, 0, 948, 1020, 993, 8, 8.23%, 0, 0, 5, 6.00
1746568402, 0, 948, 1022, 995, 8, 8.23%, 0, 0, 5, 4.33
1746568417, 0, 948, 1023, 996, 8, 8.23%, 0, 0, 5, 4.33
1746568869, 0, 948, 1024, 997, 8, 8.23%, 0, 0, 5, 4.25
1746568895, 0, 948, 1025, 998, 8, 8.23%, 0, 0, 5, 6.53
1746568931, 0, 948, 1026, 999, 8, 8.23%, 0, 0, 5, 10.05
1746569003, 0, 969, 1027, 999, 8, 8.23%, 0, 0, 5, 14.77
1746569008, 0, 969, 1029, 1001, 8, 8.23%, 0, 0, 5, 15.19
1746569013, 0, 969, 1030, 1002, 8, 8.23%, 0, 0, 5, 14.70
1746569110, 0, 969, 1031, 1003, 8, 8.23%, 0, 0, 5, 19.25
1746569141, 0, 984, 1031, 1002, 8, 8.23%, 0, 0, 5, 12.79
1746569166, 0, 984, 1032, 1003, 8, 8.23%, 0, 0, 5, 4.58
1746569171, 0, 984, 1033, 1004, 8, 8.23%, 0, 0, 5, 4.31
1746569177, 0, 984, 1034, 1005, 8, 8.23%, 0, 0, 5, 4.22
1746569192, 0, 984, 1036, 1007, 8, 8.26%, 0, 0, 5, 3.66
1746569197, 0, 984, 1038, 1009, 8, 8.26%, 0, 0, 5, 3.44
1746569202, 0, 984, 1039, 1010, 8, 8.30%, 0, 0, 5, 3.36
1746569207, 0, 984, 1041, 1012, 8, 8.30%, 0, 0, 5, 3.24
1746569213, 0, 984, 1042, 1013, 8, 8.30%, 0, 0, 5, 3.29
1746569218, 0, 984, 1043, 1014, 8, 8.30%, 0, 0, 5, 3.38
1746569223, 0, 984, 1045, 1016, 8, 8.33%, 0, 0, 5, 3.47
1746569228, 0, 984, 1047, 1018, 8, 8.33%, 0, 0, 5, 3.48
1746569233, 0, 984, 1048, 1019, 8, 8.33%, 0, 0, 5, 3.52
1746569238, 0, 984, 1049, 1020, 8, 8.33%, 0, 0, 5, 3.53
1746569280, 0, 984, 1050, 1021, 8, 8.33%, 0, 0, 5, 4.29
1746569290, 0, 984, 1051, 1022, 8, 8.33%, 0, 0, 5, 3.69
1746569295, 0, 984, 1053, 1024, 8, 8.33%, 0, 0, 5, 3.43
1746569300, 0, 984, 1054, 1025, 8, 8.33%, 0, 0, 5, 3.33
1746569305, 0, 984, 1056, 1027, 8, 8.33%, 0, 0, 5, 3.03
1746569311, 0, 984, 1058, 1029, 8, 8.33%, 0, 0, 5, 3.13
1746569316, 0, 984, 1059, 1030, 8, 8.33%, 0, 0, 5, 3.28
1746569321, 0, 984, 1061, 1032, 8, 8.33%, 0, 0, 5, 3.36
1746569326, 0, 984, 1062, 1033, 8, 8.67%, 0, 0, 5, 3.34
1746569331, 0, 984, 1063, 1034, 8, 8.67%, 0, 0, 5, 3.37
1746569383, 0, 984, 1064, 1035, 8, 8.67%, 0, 0, 5, 3.83
1746569388, 0, 984, 1065, 1036, 8, 8.67%, 0, 0, 5, 3.48
1746569393, 0, 984, 1067, 1038, 8, 8.67%, 0, 0, 5, 3.19
1746569398, 0, 984, 1068, 1039, 8, 8.67%, 0, 0, 5, 2.95
1746569403, 0, 984, 1070, 1041, 8, 8.67%, 0, 0, 5, 2.97
1746569408, 0, 984, 1071, 1042, 8, 8.67%, 0, 0, 5, 3.24
1746569414, 0, 984, 1073, 1044, 8, 8.67%, 0, 0, 5, 3.09
1746569419, 0, 984, 1074, 1045, 8, 8.67%, 0, 0, 5, 3.24
1746569424, 0, 984, 1076, 1047, 8, 8.67%, 0, 0, 5, 3.08
1746569434, 0, 984, 1078, 1049, 8, 8.67%, 0, 0, 5, 3.52
1746569455, 0, 984, 1080, 1051, 8, 8.67%, 0, 0, 5, 3.55
1746569465, 0, 984, 1081, 1052, 8, 8.67%, 0, 0, 5, 3.82
1746569475, 0, 984, 1082, 1053, 8, 8.67%, 0, 0, 5, 3.93
1746569481, 0, 984, 1083, 1054, 8, 8.67%, 0, 0, 5, 3.15
1746569486, 0, 984, 1084, 1055, 8, 8.67%, 0, 0, 5, 3.07
1746569640, 0, 984, 1085, 1056, 8, 8.67%, 0, 0, 5, 4.47
1746569656, 0, 984, 1086, 1057, 8, 8.67%, 0, 0, 5, 4.99
1746569682, 0, 984, 1087, 1058, 8, 8.67%, 0, 0, 5, 4.31
1746569692, 0, 984, 1088, 1059, 8, 8.67%, 0, 0, 5, 4.28
1746569738, 0, 984, 1089, 1060, 8, 8.67%, 0, 0, 5, 3.90
1746569743, 0, 984, 1090, 1061, 8, 8.67%, 0, 0, 5, 4.28
1746569768, 0, 984, 1091, 1062, 8, 8.67%, 0, 0, 5, 3.49
1746569774, 0, 984, 1092, 1063, 8, 8.67%, 0, 0, 5, 3.24
1746569779, 0, 984, 1093, 1064, 8, 8.67%, 0, 0, 5, 3.24
1746569784, 0, 984, 1094, 1065, 8, 8.67%, 0, 0, 5, 3.27
1746569789, 0, 984, 1095, 1066, 8, 8.67%, 0, 0, 5, 2.95
1746569794, 0, 984, 1096, 1067, 8, 8.67%, 0, 0, 5, 2.82
1746569799, 0, 984, 1097, 1068, 8, 8.67%, 0, 0, 5, 3.05
1746569804, 0, 984, 1098, 1069, 8, 8.67%, 0, 0, 5, 3.42
1746569809, 0, 984, 1099, 1070, 8, 8.67%, 0, 0, 5, 3.16
1746569814, 0, 984, 1100, 1071, 8, 8.67%, 0, 0, 5, 3.40
1746569820, 0, 984, 1102, 1073, 8, 8.67%, 0, 0, 5, 3.31
1746569830, 0, 984, 1103, 1074, 8, 8.67%, 0, 0, 5, 2.96
1746569835, 0, 984, 1104, 1075, 8, 8.67%, 0, 0, 5, 3.04
1746569840, 0, 984, 1105, 1076, 8, 8.67%, 0, 0, 5, 3.44
1746569851, 0, 984, 1106, 1077, 8, 8.67%, 0, 0, 5, 3.45
1746569856, 0, 984, 1108, 1079, 8, 8.67%, 0, 0, 5, 3.15
1746569861, 0, 984, 1109, 1080, 8, 8.67%, 0, 0, 5, 2.94
1746569882, 0, 984, 1110, 1081, 8, 8.67%, 0, 0, 5, 3.14
1746569892, 0, 984, 1111, 1082, 8, 8.67%, 0, 0, 5, 3.53
1746569907, 0, 984, 1112, 1083, 8, 8.67%, 0, 0, 5, 3.59
1746569943, 0, 984, 1113, 1084, 8, 8.67%, 0, 0, 5, 3.58
1746570051, 0, 984, 1114, 1085, 8, 8.67%, 0, 0, 5, 3.65
1746570061, 0, 984, 1115, 1086, 8, 8.67%, 0, 0, 5, 2.92
1746570066, 0, 984, 1116, 1087, 8, 8.67%, 0, 0, 5, 2.82
1746570113, 0, 984, 1117, 1088, 8, 8.67%, 0, 0, 5, 3.88
1746570118, 0, 984, 1118, 1089, 8, 8.67%, 0, 0, 5, 3.49
1746570133, 0, 984, 1119, 1090, 8, 8.67%, 0, 0, 5, 11.25
1746570268, 0, 984, 1121, 1092, 8, 8.67%, 0, 0, 5, 3.48
1746570273, 0, 984, 1123, 1094, 8, 8.67%, 0, 0, 5, 3.33
1746570278, 0, 984, 1124, 1095, 8, 8.67%, 0, 0, 5, 3.07
1746570283, 0, 984, 1125, 1096, 8, 8.67%, 0, 0, 5, 2.95
1746570288, 0, 984, 1126, 1097, 8, 8.67%, 0, 0, 5, 2.94
1746570293, 0, 984, 1127, 1098, 8, 8.67%, 0, 0, 5, 2.80
1746570299, 0, 984, 1129, 1100, 8, 8.67%, 0, 0, 5, 3.05
1746570304, 0, 984, 1130, 1101, 8, 8.67%, 0, 0, 5, 3.01
1746570314, 0, 984, 1132, 1103, 8, 8.67%, 0, 0, 5, 3.05
1746570325, 0, 984, 1133, 1104, 8, 8.67%, 0, 0, 5, 3.42
1746570335, 0, 984, 1134, 1105, 8, 8.67%, 0, 0, 5, 3.18
1746570371, 0, 984, 1135, 1106, 8, 8.67%, 0, 0, 5, 3.53
1746570386, 0, 984, 1136, 1107, 8, 8.67%, 0, 0, 5, 16.41
1746570438, 0, 984, 1137, 1108, 8, 8.67%, 0, 0, 5, 4.07
1746570567, 0, 984, 1138, 1109, 8, 8.67%, 0, 0, 5, 3.92
1746570613, 0, 984, 1140, 1111, 8, 8.67%, 0, 0, 5, 3.41
1746570618, 0, 984, 1141, 1112, 8, 8.67%, 0, 0, 5, 2.77
1746570623, 0, 984, 1142, 1113, 8, 8.67%, 0, 0, 5, 2.83
1746570628, 0, 984, 1144, 1115, 8, 8.67%, 0, 0, 5, 3.12
1746570634, 0, 984, 1145, 1116, 8, 8.67%, 0, 0, 5, 3.05
1746570639, 0, 984, 1146, 1117, 8, 8.67%, 0, 0, 5, 2.68
1746570644, 0, 984, 1147, 1118, 8, 8.67%, 0, 0, 5, 2.98
1746570649, 0, 984, 1148, 1119, 8, 8.67%, 0, 0, 5, 2.85
1746570655, 0, 984, 1149, 1120, 8, 8.67%, 0, 0, 5, 2.79
1746570665, 0, 984, 1150, 1121, 8, 8.67%, 0, 0, 5, 2.95
1746570670, 0, 984, 1151, 1122, 8, 8.67%, 0, 0, 5, 3.22
1746570680, 0, 984, 1153, 1124, 8, 8.67%, 0, 0, 5, 3.04
1746570686, 0, 984, 1154, 1125, 8, 8.67%, 0, 0, 5, 2.90
1746570691, 0, 984, 1155, 1126, 8, 8.67%, 0, 0, 5, 3.41
1746570701, 0, 984, 1156, 1127, 8, 8.67%, 0, 0, 5, 3.34
1746570716, 0, 984, 1157, 1128, 8, 8.67%, 0, 0, 5, 3.04
1746570722, 0, 984, 1158, 1129, 8, 8.67%, 0, 0, 5, 2.91
1746570747, 0, 984, 1159, 1130, 8, 8.74%, 0, 0, 5, 3.32
1746570757, 0, 984, 1160, 1131, 8, 8.74%, 0, 0, 5, 3.64
1746570809, 0, 992, 1160, 1130, 16, 8.74%, 0, 0, 5, 12.72
1746570824, 0, 992, 1161, 1131, 16, 8.74%, 0, 0, 5, 13.04
1746570953, 0, 992, 1162, 1132, 16, 8.74%, 0, 0, 5, 9.23
1746570963, 0, 992, 1163, 1133, 16, 8.74%, 0, 0, 5, 11.29
1746571239, 0, 997, 1163, 1132, 16, 8.74%, 0, 0, 5, 12.85
1746571564, 0, 1000, 1163, 1131, 15, 8.74%, 0, 0, 5, 14.54
1746571656, 0, 1000, 1164, 1132, 15, 8.74%, 0, 0, 6, 5.10
1746571898, 0, 1001, 1164, 1131, 15, 8.74%, 0, 0, 6, 16.10
1746572061, 0, 1022, 1164, 1130, 14, 8.74%, 0, 0, 6, 18.55
1746572446, 0, 1022, 1165, 1131, 14, 8.74%, 0, 0, 6, 4.42
1746572858, 0, 1022, 1166, 1132, 14, 8.74%, 0, 0, 6, 11.16
1746572899, 0, 1041, 1166, 1131, 14, 8.74%, 0, 0, 6, 12.59
1746572935, 0, 1041, 1167, 1132, 14, 8.74%, 0, 0, 6, 4.31
1746572940, 0, 1041, 1168, 1133, 14, 8.74%, 0, 0, 6, 4.09
1746572992, 0, 1041, 1170, 1135, 14, 8.74%, 0, 0, 6, 4.02
1746572997, 0, 1041, 1171, 1136, 14, 8.74%, 0, 0, 6, 3.93
1746573054, 0, 1041, 1172, 1137, 14, 8.74%, 0, 0, 6, 4.02
1746573142, 0, 1041, 1173, 1138, 14, 8.74%, 0, 0, 6, 5.83
1746573147, 0, 1041, 1174, 1139, 14, 8.74%, 0, 0, 6, 5.63
1746573313, 0, 1041, 1175, 1140, 14, 8.74%, 0, 0, 6, 4.13
1746573339, 0, 1041, 1176, 1141, 14, 8.74%, 0, 0, 6, 3.61
1746573344, 0, 1041, 1177, 1142, 14, 8.74%, 0, 0, 6, 3.78
1746573355, 0, 1041, 1178, 1143, 14, 8.74%, 0, 0, 6, 3.99
1746573360, 0, 1041, 1180, 1145, 14, 8.74%, 0, 0, 6, 4.01
1746573386, 0, 1041, 1181, 1146, 14, 8.74%, 0, 0, 6, 3.85
1746573391, 0, 1041, 1182, 1147, 14, 8.74%, 0, 0, 6, 3.60
1746573406, 0, 1041, 1183, 1148, 14, 8.75%, 0, 0, 6, 3.68
1746573571, 0, 1041, 1184, 1149, 14, 8.75%, 0, 0, 6, 4.30
1746573576, 0, 1041, 1185, 1150, 14, 8.75%, 0, 0, 6, 4.02
1746573699, 0, 1041, 1186, 1151, 14, 8.75%, 0, 0, 6, 3.79
1746573725, 0, 1041, 1187, 1152, 14, 8.75%, 0, 0, 6, 3.69
1746573735, 0, 1041, 1188, 1153, 14, 8.75%, 0, 0, 6, 3.55
1746573761, 0, 1041, 1190, 1155, 14, 8.75%, 0, 0, 6, 3.83
1746573998, 0, 1041, 1191, 1156, 14, 8.75%, 0, 0, 6, 3.46
1746574003, 0, 1041, 1192, 1157, 14, 8.75%, 0, 0, 6, 3.64
1746574008, 0, 1041, 1193, 1158, 14, 8.75%, 0, 0, 6, 3.71
1746574019, 0, 1041, 1194, 1159, 14, 8.75%, 0, 0, 6, 3.43
1746574039, 0, 1041, 1195, 1160, 14, 8.75%, 0, 0, 6, 4.12
1746574060, 0, 1041, 1196, 1161, 14, 8.75%, 0, 0, 6, 4.53
1746574080, 0, 1057, 1196, 1160, 13, 8.75%, 0, 0, 6, 11.74
1746574122, 0, 1057, 1197, 1161, 13, 8.75%, 0, 0, 6, 4.07
1746574127, 0, 1057, 1199, 1163, 13, 8.75%, 0, 0, 6, 3.91
1746574153, 0, 1057, 1200, 1164, 13, 8.75%, 0, 0, 6, 6.65
1746574179, 0, 1057, 1201, 1165, 13, 8.75%, 0, 0, 6, 4.49
1746574184, 0, 1057, 1203, 1167, 13, 8.75%, 0, 0, 6, 4.26
1746574230, 0, 1057, 1204, 1168, 13, 8.75%, 0, 0, 6, 4.17
1746574261, 0, 1057, 1205, 1169, 13, 8.75%, 0, 0, 6, 4.44
1746574266, 0, 1057, 1206, 1170, 13, 8.75%, 0, 0, 6, 4.00
1746574271, 0, 1057, 1207, 1171, 13, 8.75%, 0, 0, 6, 4.77
1746574292, 0, 1057, 1208, 1172, 13, 8.75%, 0, 0, 6, 9.62
1746574333, 0, 1057, 1209, 1173, 13, 8.75%, 0, 0, 6, 5.67
1746574405, 0, 1057, 1210, 1174, 13, 8.75%, 0, 0, 6, 5.78
1746574534, 0, 1057, 1212, 1176, 13, 8.75%, 0, 0, 6, 3.84
1746574539, 0, 1057, 1213, 1177, 13, 8.75%, 0, 0, 6, 4.09
1746574544, 0, 1057, 1214, 1178, 13, 8.75%, 0, 0, 6, 4.08
1746574549, 0, 1057, 1215, 1179, 13, 8.75%, 0, 0, 6, 4.12
1746574570, 0, 1057, 1217, 1181, 13, 8.75%, 0, 0, 6, 4.08
1746574590, 0, 1057, 1218, 1182, 13, 8.75%, 0, 0, 6, 4.16
1746574708, 0, 1057, 1219, 1183, 13, 8.75%, 0, 0, 6, 3.53
1746574755, 0, 1057, 1220, 1184, 13, 8.75%, 0, 0, 6, 4.51
1746574904, 0, 1057, 1221, 1185, 13, 8.75%, 0, 0, 6, 3.80
1746574909, 0, 1057, 1222, 1186, 13, 8.75%, 0, 0, 6, 4.00
1746574920, 0, 1057, 1223, 1187, 13, 8.75%, 0, 0, 6, 3.94
1746574925, 0, 1057, 1224, 1188, 13, 8.75%, 0, 0, 6, 3.75
1746575163, 0, 1057, 1225, 1189, 13, 8.75%, 0, 0, 6, 3.72
1746575173, 0, 1057, 1226, 1190, 13, 8.75%, 0, 0, 6, 3.59
1746575184, 0, 1057, 1228, 1192, 13, 8.75%, 0, 0, 6, 3.55
1746575194, 0, 1057, 1229, 1193, 13, 8.75%, 0, 0, 6, 3.88
1746575199, 0, 1057, 1230, 1194, 13, 8.89%, 0, 0, 6, 3.72
1746575209, 0, 1057, 1231, 1195, 13, 9.11%, 0, 0, 6, 3.62
1746575220, 0, 1057, 1232, 1196, 13, 9.11%, 0, 0, 6, 3.80
1746575276, 0, 1093, 1232, 1195, 13, 9.11%, 0, 0, 6, 11.19
1746575461, 0, 1093, 1234, 1197, 13, 9.12%, 0, 0, 6, 3.66
1746575507, 0, 1093, 1235, 1198, 13, 9.12%, 0, 0, 6, 5.60
1746575694, 0, 1093, 1236, 1199, 13, 9.12%, 0, 0, 6, 3.79
1746575700, 0, 1093, 1237, 1200, 13, 9.12%, 0, 0, 6, 3.87
1746575705, 0, 1093, 1238, 1201, 13, 9.12%, 0, 0, 6, 3.67
1746575766, 0, 1093, 1239, 1202, 13, 9.12%, 0, 0, 6, 3.79
1746575828, 0, 1093, 1240, 1203, 13, 9.12%, 0, 0, 6, 3.45
1746575844, 0, 1093, 1241, 1204, 13, 9.12%, 0, 0, 6, 3.84
1746575849, 0, 1093, 1243, 1206, 13, 9.12%, 0, 0, 6, 4.06
1746575854, 0, 1093, 1244, 1207, 13, 9.12%, 0, 0, 6, 4.01
1746576102, 0, 1093, 1245, 1208, 13, 9.12%, 0, 0, 6, 3.85
1746576367, 0, 1093, 1246, 1209, 13, 9.12%, 0, 0, 6, 3.38
1746576392, 0, 1093, 1247, 1210, 13, 9.12%, 0, 0, 6, 3.29
1746576402, 0, 1093, 1248, 1211, 13, 9.12%, 0, 0, 6, 3.29
1746576418, 0, 1093, 1249, 1212, 13, 9.12%, 0, 0, 6, 3.58
1746576423, 0, 1093, 1250, 1213, 13, 9.12%, 0, 0, 6, 3.99
1746576428, 0, 1093, 1251, 1214, 13, 9.12%, 0, 0, 6, 4.09
1746576434, 0, 1093, 1252, 1215, 13, 9.12%, 0, 0, 6, 4.16
1746576474, 0, 1162, 1252, 1214, 14, 9.12%, 0, 0, 6, 14.33
1746576833, 0, 1163, 1252, 1213, 13, 9.12%, 0, 0, 6, 19.37
1746576843, 0, 1163, 1253, 1214, 13, 9.12%, 0, 0, 7, 8.71
1746576858, 0, 1163, 1254, 1215, 13, 9.12%, 0, 0, 7, 7.46
1746576868, 0, 1163, 1255, 1216, 13, 9.12%, 0, 0, 7, 8.52
1746576940, 0, 1163, 1256, 1217, 13, 9.12%, 0, 0, 7, 6.72
1746577094, 0, 1172, 1256, 1216, 12, 9.12%, 0, 0, 7, 13.68
1746577554, 0, 1172, 1257, 1217, 12, 9.12%, 0, 0, 7, 3.59
1746577865, 0, 1172, 1258, 1218, 12, 9.12%, 0, 0, 7, 4.05
1746577906, 0, 1172, 1259, 1219, 12, 9.12%, 0, 0, 7, 3.94
1746578143, 0, 1172, 1260, 1220, 12, 9.12%, 0, 0, 7, 3.21
1746578210, 0, 1172, 1261, 1221, 12, 9.12%, 0, 0, 7, 17.04
1746578251, 0, 1172, 1262, 1222, 12, 9.12%, 0, 0, 7, 13.29
1746578303, 0, 1195, 1262, 1221, 11, 9.12%, 0, 0, 7, 12.62
1746578323, 0, 1195, 1263, 1222, 11, 9.12%, 0, 0, 7, 6.25
1746578344, 0, 1195, 1265, 1224, 11, 9.12%, 0, 0, 7, 4.34
1746578349, 0, 1195, 1266, 1225, 11, 9.12%, 0, 0, 7, 4.05
1746578354, 0, 1195, 1267, 1226, 11, 9.12%, 0, 0, 7, 3.94
1746578359, 0, 1195, 1268, 1227, 11, 9.12%, 0, 0, 7, 3.92
1746578406, 0, 1195, 1269, 1228, 11, 9.12%, 0, 0, 7, 4.44
1746578411, 0, 1195, 1271, 1230, 11, 9.12%, 0, 0, 7, 4.06
1746578416, 0, 1195, 1272, 1231, 11, 9.12%, 0, 0, 7, 3.95
1746578544, 0, 1195, 1273, 1232, 11, 9.12%, 0, 0, 7, 5.76
1746578730, 0, 1195, 1275, 1234, 11, 9.12%, 0, 0, 7, 4.27
1746578740, 0, 1195, 1276, 1235, 11, 9.12%, 0, 0, 7, 4.00
1746578745, 0, 1195, 1277, 1236, 11, 9.12%, 0, 0, 7, 3.73
1746578750, 0, 1195, 1278, 1237, 11, 9.12%, 0, 0, 7, 3.95
1746578766, 0, 1195, 1279, 1238, 11, 9.12%, 0, 0, 7, 3.82
1746578771, 0, 1195, 1280, 1239, 11, 9.12%, 0, 0, 7, 3.85
1746578807, 0, 1195, 1281, 1240, 11, 9.12%, 0, 0, 7, 3.90
1746578868, 0, 1195, 1282, 1241, 11, 9.12%, 0, 0, 7, 3.88
1746579001, 0, 1195, 1283, 1242, 11, 9.12%, 0, 0, 7, 4.90
1746579368, 0, 1195, 1284, 1243, 11, 9.12%, 0, 0, 7, 4.62
1746579373, 0, 1195, 1285, 1244, 11, 9.12%, 0, 0, 7, 4.48
1746579389, 0, 1195, 1286, 1245, 11, 9.12%, 0, 0, 7, 3.91
1746579492, 0, 1195, 1287, 1246, 11, 9.12%, 0, 0, 7, 9.04
1746579523, 0, 1197, 1287, 1245, 10, 9.12%, 0, 0, 7, 11.19
1746579574, 0, 1197, 1289, 1247, 10, 9.12%, 0, 0, 7, 3.77
1746579580, 0, 1197, 1291, 1249, 10, 9.12%, 0, 0, 7, 3.89
1746579585, 0, 1197, 1292, 1250, 10, 9.12%, 0, 0, 7, 3.93
1746579626, 0, 1197, 1293, 1251, 10, 9.12%, 0, 0, 7, 4.14
1746579641, 0, 1197, 1295, 1253, 10, 9.12%, 0, 0, 7, 3.80
1746579646, 0, 1197, 1297, 1255, 10, 9.12%, 0, 0, 7, 4.03
1746579651, 0, 1197, 1298, 1256, 10, 9.12%, 0, 0, 7, 22.01
1746579688, 0, 1197, 1299, 1257, 10, 9.12%, 0, 0, 7, 4.27
1746579693, 0, 1197, 1300, 1258, 10, 9.12%, 0, 0, 7, 4.08
1746579708, 0, 1197, 1302, 1260, 10, 9.12%, 0, 0, 7, 3.73
1746579713, 0, 1197, 1304, 1262, 10, 9.12%, 0, 0, 7, 4.02
1746579718, 0, 1197, 1305, 1263, 10, 9.12%, 0, 0, 7, 5.04
1746579919, 0, 1197, 1306, 1264, 10, 9.12%, 0, 0, 7, 5.18
1746579924, 0, 1197, 1307, 1265, 10, 9.12%, 0, 0, 7, 4.86
1746579987, 0, 1197, 1308, 1266, 10, 9.12%, 0, 0, 7, 3.90
1746580074, 0, 1197, 1310, 1268, 10, 9.12%, 0, 0, 7, 3.89
1746580089, 0, 1197, 1311, 1269, 10, 9.12%, 0, 0, 7, 3.81
1746580094, 0, 1197, 1313, 1271, 10, 9.12%, 0, 0, 7, 4.06
1746580100, 0, 1197, 1314, 1272, 10, 9.12%, 0, 0, 7, 4.22
1746580110, 0, 1197, 1316, 1274, 10, 9.12%, 0, 0, 7, 4.02
1746580239, 0, 1197, 1317, 1275, 10, 9.12%, 0, 0, 7, 3.99
1746580244, 0, 1197, 1318, 1276, 10, 9.12%, 0, 0, 7, 19.37
1746580394, 0, 1197, 1319, 1277, 10, 9.12%, 0, 0, 7, 3.85
1746580419, 0, 1197, 1320, 1278, 10, 9.12%, 0, 0, 7, 4.19
1746580425, 0, 1197, 1321, 1279, 10, 9.12%, 0, 0, 7, 4.22
1746580601, 0, 1197, 1322, 1280, 10, 9.12%, 0, 0, 7, 5.90
1746580611, 0, 1197, 1323, 1281, 10, 9.12%, 0, 0, 7, 4.24
1746580652, 0, 1197, 1324, 1282, 10, 9.12%, 0, 0, 7, 4.83
1746580663, 0, 1197, 1325, 1283, 10, 9.13%, 0, 0, 7, 4.52
1746580709, 0, 1197, 1326, 1284, 10, 9.16%, 0, 0, 7, 11.18
1746580729, 0, 1197, 1327, 1285, 10, 9.16%, 0, 0, 7, 11.23
1746580775, 0, 1199, 1327, 1284, 12, 9.16%, 0, 0, 7, 14.47
1746581130, 0, 1199, 1328, 1285, 12, 9.16%, 0, 0, 7, 5.87
1746581485, 0, 1199, 1330, 1287, 12, 9.16%, 0, 0, 7, 4.85
1746581511, 0, 1199, 1331, 1288, 12, 9.16%, 0, 0, 7, 5.47
1746581557, 0, 1212, 1331, 1287, 12, 9.16%, 0, 0, 7, 14.63
1746581855, 0, 1212, 1332, 1288, 12, 9.16%, 0, 0, 7, 5.96
1746581922, 0, 1212, 1333, 1289, 12, 9.16%, 0, 0, 7, 5.10
1746582025, 0, 1212, 1334, 1290, 12, 9.16%, 0, 0, 7, 5.01
1746582184, 0, 1212, 1335, 1291, 12, 9.16%, 0, 0, 7, 4.79
1746582463, 0, 1232, 1335, 1290, 10, 9.16%, 0, 0, 7, 12.88
1746582489, 0, 1232, 1336, 1291, 10, 9.16%, 0, 0, 7, 5.65
1746582499, 0, 1232, 1337, 1292, 10, 9.16%, 0, 0, 7, 3.50
1746582504, 0, 1232, 1339, 1294, 10, 9.16%, 0, 0, 7, 3.41
1746582514, 0, 1232, 1340, 1295, 10, 9.16%, 0, 0, 7, 3.14
1746582519, 0, 1232, 1341, 1296, 10, 9.16%, 0, 0, 7, 3.08
1746582555, 0, 1232, 1342, 1297, 10, 9.16%, 0, 0, 7, 5.32
1746582576, 0, 1232, 1344, 1299, 10, 9.16%, 0, 0, 7, 3.16
1746582586, 0, 1232, 1345, 1300, 10, 9.16%, 0, 0, 7, 3.13
1746582628, 0, 1232, 1346, 1301, 10, 9.16%, 0, 0, 7, 3.50
1746582648, 0, 1232, 1347, 1302, 10, 9.16%, 0, 0, 7, 4.69
1746582653, 0, 1232, 1348, 1303, 10, 9.16%, 0, 0, 7, 4.62
1746582658, 0, 1232, 1349, 1304, 10, 9.16%, 0, 0, 7, 3.61
1746582843, 0, 1232, 1350, 1305, 10, 9.16%, 0, 0, 7, 4.66
1746582848, 0, 1232, 1351, 1306, 10, 9.16%, 0, 0, 7, 3.88
1746582853, 0, 1232, 1352, 1307, 10, 9.16%, 0, 0, 7, 3.49
1746582868, 0, 1232, 1353, 1308, 10, 9.16%, 0, 0, 7, 3.65
1746583263, 0, 1232, 1355, 1310, 10, 9.16%, 0, 0, 7, 3.06
1746583443, 0, 1232, 1356, 1311, 10, 9.16%, 0, 0, 7, 3.75
1746583454, 0, 1232, 1357, 1312, 10, 9.16%, 0, 0, 7, 3.94
1746583505, 0, 1232, 1359, 1314, 10, 9.16%, 0, 0, 7, 3.18
1746583556, 0, 1252, 1359, 1313, 10, 9.16%, 0, 0, 7, 17.11
1746583567, 0, 1252, 1361, 1315, 10, 9.16%, 0, 0, 8, 8.95
1746583628, 0, 1252, 1362, 1316, 10, 9.17%, 0, 0, 8, 7.87
1746583772, 0, 1253, 1362, 1315, 13, 9.17%, 0, 0, 8, 23.18
1746583977, 0, 1323, 1362, 1314, 12, 9.17%, 0, 0, 8, 18.56
1746583992, 0, 1323, 1363, 1315, 12, 9.17%, 0, 0, 8, 6.92
1746584007, 0, 1323, 1364, 1316, 12, 9.17%, 0, 0, 8, 5.36
1746584012, 0, 1323, 1365, 1317, 12, 9.17%, 0, 0, 8, 4.09
1746584023, 0, 1323, 1366, 1318, 12, 9.17%, 0, 0, 8, 3.83
1746584033, 0, 1323, 1367, 1319, 12, 9.17%, 0, 0, 8, 3.73
1746584069, 0, 1323, 1368, 1320, 12, 9.17%, 0, 0, 8, 4.30
1746584074, 0, 1323, 1369, 1321, 12, 9.17%, 0, 0, 8, 4.06
1746584079, 0, 1323, 1370, 1322, 12, 9.17%, 0, 0, 8, 3.83
1746584115, 0, 1323, 1371, 1323, 12, 9.17%, 0, 0, 8, 5.34
1746584125, 0, 1323, 1372, 1324, 12, 9.17%, 0, 0, 8, 4.19
1746584130, 0, 1323, 1374, 1326, 12, 9.17%, 0, 0, 8, 4.00
1746584136, 0, 1323, 1376, 1328, 12, 9.17%, 0, 0, 8, 3.91
1746584141, 0, 1323, 1378, 1330, 12, 9.17%, 0, 0, 8, 3.98
1746584146, 0, 1323, 1379, 1331, 12, 9.17%, 0, 0, 8, 3.88
1746584156, 0, 1323, 1380, 1332, 12, 9.17%, 0, 0, 8, 4.77
1746584161, 0, 1323, 1381, 1333, 12, 9.17%, 0, 0, 8, 5.67
1746584316, 0, 1323, 1382, 1334, 12, 9.17%, 0, 0, 8, 6.44
1746584424, 0, 1323, 1383, 1335, 12, 9.17%, 0, 0, 8, 3.66
1746584434, 0, 1323, 1384, 1336, 12, 9.17%, 0, 0, 8, 3.90
1746584439, 0, 1323, 1385, 1337, 12, 9.17%, 0, 0, 8, 3.88
1746584444, 0, 1323, 1386, 1338, 12, 9.17%, 0, 0, 8, 3.80
1746584450, 0, 1323, 1387, 1339, 12, 9.17%, 0, 0, 8, 3.85
1746584567, 0, 1323, 1388, 1340, 12, 9.17%, 0, 0, 8, 4.21
1746584572, 0, 1323, 1389, 1341, 12, 9.17%, 0, 0, 8, 4.22
1746584583, 0, 1323, 1390, 1342, 12, 9.17%, 0, 0, 8, 4.44
1746584598, 0, 1323, 1391, 1343, 12, 9.17%, 0, 0, 8, 4.40
1746584665, 0, 1323, 1392, 1344, 12, 9.17%, 0, 0, 8, 5.00
1746584670, 0, 1323, 1393, 1345, 12, 9.17%, 0, 0, 8, 4.20
1746584799, 0, 1323, 1394, 1346, 12, 9.17%, 0, 0, 8, 4.53
1746584954, 0, 1323, 1395, 1347, 12, 9.17%, 0, 0, 8, 6.37
1746584959, 0, 1323, 1396, 1348, 12, 9.17%, 0, 0, 8, 4.14
1746584970, 0, 1323, 1397, 1349, 12, 9.17%, 0, 0, 8, 3.53
1746585000, 0, 1323, 1398, 1350, 12, 9.17%, 0, 0, 8, 3.42
1746585005, 0, 1323, 1399, 1351, 12, 9.17%, 0, 0, 8, 4.44
1746585072, 0, 1325, 1399, 1350, 11, 9.17%, 0, 0, 8, 15.33
1746585108, 0, 1325, 1401, 1352, 11, 9.56%, 0, 0, 8, 4.63
1746585113, 0, 1325, 1402, 1353, 11, 9.56%, 0, 0, 8, 4.63
1746585119, 0, 1325, 1403, 1354, 11, 9.56%, 0, 0, 8, 4.23
1746585124, 0, 1325, 1405, 1356, 11, 9.90%, 0, 0, 8, 3.53
1746585129, 0, 1325, 1406, 1357, 11, 9.90%, 0, 0, 8, 3.50
1746585134, 0, 1325, 1408, 1359, 11, 9.90%, 0, 0, 8, 3.53
1746585139, 0, 1325, 1409, 1360, 11, 9.90%, 0, 0, 8, 3.34
1746585144, 0, 1325, 1410, 1361, 11, 9.90%, 0, 0, 8, 3.28
1746585149, 0, 1325, 1412, 1363, 11, 9.90%, 0, 0, 8, 3.51
1746585154, 0, 1325, 1414, 1365, 11, 9.91%, 0, 0, 8, 3.47
1746585206, 0, 1325, 1415, 1366, 11, 9.91%, 0, 0, 8, 3.30
1746585211, 0, 1325, 1416, 1367, 11, 9.91%, 0, 0, 8, 3.38
1746585216, 0, 1325, 1418, 1369, 11, 9.92%, 0, 0, 8, 3.53
1746585222, 0, 1325, 1419, 1370, 11, 9.92%, 0, 0, 8, 3.44
1746585227, 0, 1325, 1421, 1372, 11, 9.92%, 0, 0, 8, 3.31
1746585232, 0, 1325, 1423, 1374, 11, 9.94%, 0, 0, 8, 3.18
1746585237, 0, 1325, 1424, 1375, 11, 9.94%, 0, 0, 8, 3.17
1746585242, 0, 1325, 1425, 1376, 11, 9.94%, 0, 0, 8, 3.19
1746585247, 0, 1325, 1426, 1377, 11, 9.94%, 0, 0, 8, 3.22
1746585253, 0, 1325, 1427, 1378, 11, 9.94%, 0, 0, 8, 3.26
1746585258, 0, 1325, 1428, 1379, 11, 9.95%, 0, 0, 8, 3.50
1746585263, 0, 1325, 1429, 1380, 11, 9.95%, 0, 0, 8, 3.70
1746585304, 0, 1325, 1430, 1381, 11, 9.95%, 0, 0, 8, 4.53
1746585309, 0, 1325, 1431, 1382, 11, 9.95%, 0, 0, 8, 3.85
1746585319, 0, 1325, 1433, 1384, 11, 9.95%, 0, 0, 8, 3.40
1746585335, 0, 1325, 1434, 1385, 11, 9.95%, 0, 0, 8, 3.36
1746585370, 0, 1325, 1435, 1386, 11, 9.95%, 0, 0, 8, 3.33
1746585375, 0, 1325, 1436, 1387, 11, 9.95%, 0, 0, 8, 3.32
1746585381, 0, 1325, 1437, 1388, 11, 9.95%, 0, 0, 8, 3.54
1746585386, 0, 1325, 1439, 1390, 11, 9.97%, 0, 0, 8, 3.21
1746585396, 0, 1325, 1441, 1392, 11, 9.97%, 0, 0, 8, 3.22
1746585402, 0, 1325, 1442, 1393, 11, 9.97%, 0, 0, 8, 3.18
1746585407, 0, 1325, 1444, 1395, 11, 9.97%, 0, 0, 8, 3.18
1746585412, 0, 1325, 1445, 1396, 11, 9.97%, 0, 0, 8, 3.28
1746585417, 0, 1325, 1446, 1397, 11, 9.97%, 0, 0, 8, 3.23
1746585427, 0, 1325, 1447, 1398, 11, 9.97%, 0, 0, 8, 3.63
1746585463, 0, 1325, 1448, 1399, 11, 9.97%, 0, 0, 8, 5.44
1746585468, 0, 1325, 1449, 1400, 11, 9.97%, 0, 0, 8, 4.10
1746585484, 0, 1325, 1451, 1402, 11, 9.97%, 0, 0, 8, 3.88
1746585489, 0, 1325, 1452, 1403, 11, 9.97%, 0, 0, 8, 3.55
1746585499, 0, 1325, 1453, 1404, 11, 9.97%, 0, 0, 8, 3.53
1746585520, 0, 1325, 1454, 1405, 11, 9.97%, 0, 0, 8, 3.38
1746585535, 0, 1325, 1455, 1406, 11, 9.97%, 0, 0, 8, 3.51
1746585540, 0, 1325, 1456, 1407, 11, 9.97%, 0, 0, 8, 3.50
1746585545, 0, 1325, 1457, 1408, 11, 9.97%, 0, 0, 8, 3.54
1746585550, 0, 1325, 1458, 1409, 11, 9.97%, 0, 0, 8, 3.45
1746585556, 0, 1325, 1459, 1410, 11, 10.14%, 0, 0, 8, 3.37
1746585561, 0, 1325, 1461, 1412, 11, 10.14%, 0, 0, 8, 3.26
1746585566, 0, 1325, 1462, 1413, 11, 10.14%, 0, 0, 8, 3.14
1746585571, 0, 1325, 1463, 1414, 11, 10.14%, 0, 0, 8, 3.23
1746585576, 0, 1325, 1464, 1415, 11, 10.14%, 0, 0, 8, 3.31
1746585607, 0, 1325, 1465, 1416, 11, 10.14%, 0, 0, 8, 3.65
1746585612, 0, 1325, 1467, 1418, 11, 10.14%, 0, 0, 8, 3.17
1746585628, 0, 1325, 1468, 1419, 11, 10.14%, 0, 0, 8, 3.92
1746585633, 0, 1325, 1469, 1420, 11, 10.17%, 0, 0, 8, 3.44
1746585638, 0, 1325, 1471, 1422, 11, 10.18%, 0, 0, 8, 3.23
1746585648, 0, 1325, 1472, 1423, 11, 10.18%, 0, 0, 8, 4.61
1746585653, 0, 1325, 1473, 1424, 11, 10.18%, 0, 0, 8, 3.78
1746585658, 0, 1325, 1474, 1425, 11, 10.18%, 0, 0, 8, 3.36
1746585664, 0, 1325, 1475, 1426, 11, 10.18%, 0, 0, 8, 3.19
1746585669, 0, 1325, 1476, 1427, 11, 10.18%, 0, 0, 8, 3.01
1746585849, 0, 1325, 1477, 1428, 11, 10.18%, 0, 0, 8, 4.77
1746585859, 0, 1325, 1478, 1429, 11, 10.18%, 0, 0, 8, 4.13
1746585953, 0, 1325, 1479, 1430, 11, 10.18%, 0, 0, 8, 3.34
1746585958, 0, 1325, 1481, 1432, 11, 10.18%, 0, 0, 8, 3.37
1746585963, 0, 1325, 1482, 1433, 11, 10.18%, 0, 0, 8, 3.48
1746585974, 0, 1325, 1483, 1434, 11, 10.18%, 0, 0, 8, 3.46
1746586020, 0, 1325, 1484, 1435, 11, 10.18%, 0, 0, 8, 3.55
1746586303, 0, 1325, 1485, 1436, 11, 10.18%, 0, 0, 8, 3.36
1746586339, 0, 1325, 1486, 1437, 11, 10.18%, 0, 0, 8, 3.36
1746586359, 0, 1325, 1487, 1438, 11, 10.18%, 0, 0, 8, 3.27
1746586364, 0, 1325, 1488, 1439, 11, 10.18%, 0, 0, 8, 3.21
1746586385, 0, 1325, 1489, 1440, 11, 10.18%, 0, 0, 8, 3.38
1746586395, 0, 1325, 1490, 1441, 11, 10.18%, 0, 0, 8, 3.42
1746586416, 0, 1325, 1491, 1442, 11, 10.18%, 0, 0, 8, 3.44
1746586421, 0, 1325, 1492, 1443, 11, 10.18%, 0, 0, 8, 3.33
1746586436, 0, 1325, 1493, 1444, 11, 10.18%, 0, 0, 8, 3.41
1746586452, 0, 1325, 1494, 1445, 11, 10.18%, 0, 0, 8, 3.43
1746586457, 0, 1325, 1495, 1446, 11, 10.18%, 0, 0, 8, 3.34
1746586462, 0, 1325, 1496, 1447, 11, 10.18%, 0, 0, 8, 3.31
1746586468, 0, 1325, 1497, 1448, 11, 10.18%, 0, 0, 8, 3.23
1746586727, 0, 1325, 1498, 1449, 11, 10.18%, 0, 0, 8, 2.68
1746586737, 0, 1325, 1499, 1450, 11, 10.18%, 0, 0, 8, 2.58
1746586742, 0, 1325, 1500, 1451, 11, 10.18%, 0, 0, 8, 2.61
1746586747, 0, 1325, 1501, 1452, 11, 10.18%, 0, 0, 8, 2.60
1746586829, 0, 1325, 1502, 1453, 11, 10.18%, 0, 0, 8, 4.82
1746586839, 0, 1325, 1503, 1454, 11, 10.18%, 0, 0, 8, 3.02
1746586844, 0, 1325, 1504, 1455, 11, 10.18%, 0, 0, 8, 2.87
1746586875, 0, 1325, 1505, 1456, 11, 10.18%, 0, 0, 8, 2.70
1746586880, 0, 1325, 1506, 1457, 11, 10.18%, 0, 0, 8, 2.55
1746586885, 0, 1325, 1507, 1458, 11, 10.18%, 0, 0, 8, 2.68
1746587040, 0, 1325, 1508, 1459, 11, 10.18%, 0, 0, 8, 3.78
1746587103, 0, 1325, 1509, 1460, 11, 10.18%, 0, 0, 8, 2.83
1746587176, 0, 1325, 1510, 1461, 11, 10.18%, 0, 0, 8, 2.76
1746587202, 0, 1325, 1511, 1462, 11, 10.18%, 0, 0, 8, 2.70
1746587254, 0, 1325, 1512, 1463, 11, 10.18%, 0, 0, 8, 2.58
1746587259, 0, 1325, 1513, 1464, 11, 10.18%, 0, 0, 8, 2.35
1746587274, 0, 1325, 1514, 1465, 11, 10.18%, 0, 0, 8, 2.74
1746587284, 0, 1325, 1516, 1467, 11, 10.18%, 0, 0, 8, 2.54
1746587300, 0, 1325, 1517, 1468, 11, 10.20%, 0, 0, 8, 2.73
1746587331, 0, 1325, 1518, 1469, 11, 10.20%, 0, 0, 8, 2.77
1746587337, 0, 1325, 1519, 1470, 11, 10.20%, 0, 0, 8, 2.67
1746587342, 0, 1325, 1520, 1471, 11, 10.20%, 0, 0, 8, 2.75
1746587389, 0, 1325, 1522, 1473, 11, 10.20%, 0, 0, 8, 2.75
1746587440, 0, 1325, 1523, 1474, 11, 10.20%, 0, 0, 8, 2.99
1746587637, 0, 1325, 1524, 1475, 11, 10.20%, 0, 0, 8, 3.95
1746587745, 0, 1325, 1525, 1476, 11, 10.20%, 0, 0, 8, 3.07
1746587818, 0, 1325, 1527, 1478, 11, 10.20%, 0, 0, 8, 2.65
1746587828, 0, 1325, 1528, 1479, 11, 10.20%, 0, 0, 8, 2.55
1746587838, 0, 1325, 1529, 1480, 11, 10.20%, 0, 0, 8, 2.59
1746587905, 0, 1325, 1530, 1481, 11, 10.20%, 0, 0, 8, 2.54
1746587916, 0, 1325, 1531, 1482, 11, 10.20%, 0, 0, 8, 2.47
1746587921, 0, 1325, 1532, 1483, 11, 10.20%, 0, 0, 8, 2.36
1746587937, 0, 1325, 1533, 1484, 11, 10.20%, 0, 0, 8, 2.62
1746587958, 0, 1325, 1534, 1485, 11, 10.20%, 0, 0, 8, 2.55
1746588114, 0, 1325, 1535, 1486, 11, 10.20%, 0, 0, 8, 2.79
1746588119, 0, 1325, 1536, 1487, 11, 10.20%, 0, 0, 8, 2.58
1746588140, 0, 1325, 1537, 1488, 11, 10.20%, 0, 0, 8, 2.85
1746588150, 0, 1325, 1538, 1489, 11, 10.20%, 0, 0, 8, 2.68
1746588155, 0, 1325, 1539, 1490, 11, 10.20%, 0, 0, 8, 2.72
1746588176, 0, 1325, 1540, 1491, 11, 10.20%, 0, 0, 8, 2.71
1746588222, 0, 1325, 1541, 1492, 11, 10.20%, 0, 0, 8, 2.55
1746588310, 0, 1325, 1542, 1493, 11, 10.20%, 0, 0, 8, 3.38
1746588351, 0, 1325, 1543, 1494, 11, 10.20%, 0, 0, 8, 2.83
1746588362, 0, 1325, 1544, 1495, 11, 10.20%, 0, 0, 8, 2.61
1746588408, 0, 1325, 1545, 1496, 11, 10.20%, 0, 0, 8, 6.82
1746588419, 0, 1325, 1546, 1497, 11, 10.20%, 0, 0, 8, 8.29
1746588450, 0, 1325, 1547, 1498, 11, 10.20%, 0, 0, 8, 6.66
1746588460, 0, 1325, 1548, 1499, 11, 10.20%, 0, 0, 8, 7.58
1746588633, 0, 1325, 1549, 1500, 11, 10.20%, 0, 0, 8, 9.62
1746588731, 0, 1325, 1550, 1501, 11, 10.21%, 0, 0, 8, 7.51
1746588742, 0, 1325, 1551, 1502, 11, 10.21%, 0, 0, 8, 7.11
1746588778, 0, 1330, 1551, 1501, 26, 10.21%, 0, 0, 8, 9.98
1746589495, 0, 1330, 1552, 1502, 26, 10.21%, 0, 0, 8, 4.75
1746589768, 0, 1331, 1552, 1501, 25, 10.21%, 0, 0, 8, 12.09
1746589815, 0, 1331, 1553, 1502, 25, 10.21%, 0, 0, 8, 3.89
1746589872, 0, 1331, 1554, 1503, 25, 10.21%, 0, 0, 8, 3.91
1746589882, 0, 1331, 1555, 1504, 25, 10.21%, 0, 0, 8, 3.90
1746589933, 0, 1331, 1556, 1505, 25, 10.21%, 0, 0, 8, 3.81
1746590264, 0, 1331, 1558, 1507, 25, 10.21%, 0, 0, 8, 3.87
1746590448, 0, 1331, 1559, 1508, 25, 10.21%, 0, 0, 8, 20.28
1746590535, 0, 1331, 1560, 1509, 25, 10.21%, 0, 0, 8, 5.29
1746590597, 0, 1331, 1561, 1510, 25, 10.21%, 0, 0, 8, 3.91
1746590823, 0, 1331, 1562, 1511, 25, 10.21%, 0, 0, 8, 3.83
1746590880, 0, 1331, 1563, 1512, 25, 10.21%, 0, 0, 8, 3.98
1746590895, 0, 1331, 1565, 1514, 25, 10.21%, 0, 0, 8, 4.24
1746590900, 0, 1331, 1566, 1515, 25, 10.21%, 0, 0, 8, 4.24
1746590946, 0, 1331, 1567, 1516, 25, 10.21%, 0, 0, 8, 4.41
1746590982, 0, 1332, 1567, 1515, 24, 10.21%, 0, 0, 8, 10.91
1746591142, 0, 1332, 1568, 1516, 24, 10.21%, 0, 0, 8, 3.88
1746591523, 0, 1332, 1569, 1517, 24, 10.21%, 0, 0, 8, 4.02
1746591528, 0, 1332, 1570, 1518, 24, 10.21%, 0, 0, 8, 4.05
1746591641, 0, 1332, 1571, 1519, 24, 10.21%, 0, 0, 8, 4.06
1746592168, 0, 1337, 1571, 1518, 23, 10.21%, 0, 0, 8, 10.51
1746592872, 0, 1337, 1572, 1519, 23, 10.21%, 0, 0, 8, 3.02
1746593116, 0, 1337, 1574, 1521, 23, 10.21%, 0, 0, 8, 2.55
1746593496, 0, 1359, 1574, 1520, 22, 10.21%, 0, 0, 8, 13.81
1746593774, 0, 1360, 1574, 1519, 21, 10.21%, 0, 0, 8, 16.09
1746594051, 0, 1361, 1574, 1518, 20, 10.21%, 0, 0, 8, 18.92
1746594323, 0, 1382, 1574, 1517, 19, 10.21%, 0, 0, 8, 16.02
1746594504, 0, 1382, 1575, 1518, 19, 10.21%, 0, 0, 9, 5.88
1746594509, 0, 1382, 1576, 1519, 19, 10.21%, 0, 0, 9, 5.38
1746594912, 0, 1382, 1577, 1520, 19, 10.21%, 0, 0, 9, 2.63
1746594917, 0, 1382, 1578, 1521, 19, 10.21%, 0, 0, 9, 2.68
1746595195, 0, 1382, 1580, 1523, 19, 10.21%, 0, 0, 9, 3.48
1746595201, 0, 1382, 1581, 1524, 19, 10.21%, 0, 0, 9, 3.56
1746595237, 0, 1382, 1582, 1525, 19, 10.21%, 0, 0, 9, 3.12
1746595865, 0, 1391, 1582, 1524, 18, 10.21%, 0, 0, 9, 9.46
1746595891, 0, 1391, 1583, 1525, 18, 10.21%, 0, 0, 9, 4.30
1746595917, 0, 1391, 1584, 1526, 18, 10.21%, 0, 0, 9, 3.11
1746595922, 0, 1391, 1585, 1527, 18, 10.21%, 0, 0, 9, 2.81
1746595932, 0, 1391, 1586, 1528, 18, 10.21%, 0, 0, 9, 2.63
1746595937, 0, 1391, 1587, 1529, 18, 10.21%, 0, 0, 9, 2.61
1746596009, 0, 1391, 1588, 1530, 18, 10.21%, 0, 0, 9, 2.78
1746596020, 0, 1391, 1589, 1531, 18, 10.21%, 0, 0, 9, 2.68
1746596082, 0, 1391, 1590, 1532, 18, 10.21%, 0, 0, 9, 2.86
1746596087, 0, 1391, 1591, 1533, 18, 10.21%, 0, 0, 9, 2.64
1746596092, 0, 1391, 1592, 1534, 18, 10.21%, 0, 0, 9, 2.69
1746596447, 0, 1391, 1593, 1535, 18, 10.21%, 0, 0, 9, 3.14
1746596468, 0, 1391, 1594, 1536, 18, 10.21%, 0, 0, 9, 2.94
1746596535, 0, 1391, 1595, 1537, 18, 10.21%, 0, 0, 9, 2.62
1746596540, 0, 1391, 1596, 1538, 18, 10.21%, 0, 0, 9, 2.69
1746596545, 0, 1391, 1597, 1539, 18, 10.21%, 0, 0, 9, 2.73
1746596550, 0, 1391, 1598, 1540, 18, 10.21%, 0, 0, 9, 2.73
1746596819, 0, 1391, 1600, 1542, 18, 10.21%, 0, 0, 9, 2.86
1746597464, 0, 1399, 1600, 1541, 18, 10.21%, 0, 0, 9, 10.57
1746597654, 0, 1399, 1601, 1542, 18, 10.21%, 0, 0, 9, 2.22
1746597660, 0, 1399, 1602, 1543, 18, 10.21%, 0, 0, 9, 2.25
1746597821, 0, 1399, 1603, 1544, 18, 10.21%, 0, 0, 9, 2.12
1746597847, 0, 1399, 1604, 1545, 18, 10.21%, 0, 0, 9, 2.24
1746597853, 0, 1399, 1605, 1546, 18, 10.21%, 0, 0, 9, 2.26
1746598040, 0, 1399, 1606, 1547, 18, 10.21%, 0, 0, 9, 2.27
1746598092, 0, 1399, 1607, 1548, 18, 10.21%, 0, 0, 9, 2.42
1746598118, 0, 1399, 1608, 1549, 18, 10.21%, 0, 0, 9, 2.63
1746599056, 0, 1399, 1609, 1550, 18, 10.21%, 0, 0, 9, 2.13
1746599128, 0, 1399, 1610, 1551, 18, 10.21%, 0, 0, 9, 2.25
1746599630, 0, 1399, 1611, 1552, 18, 10.21%, 0, 0, 9, 2.15
1746599656, 0, 1399, 1612, 1553, 18, 10.21%, 0, 0, 9, 2.08
1746599801, 0, 1399, 1613, 1554, 18, 10.21%, 0, 0, 9, 2.23
1746600163, 0, 1399, 1614, 1555, 18, 10.21%, 0, 0, 9, 2.13
1746600252, 0, 1399, 1615, 1556, 18, 10.21%, 0, 0, 9, 2.20
1746600420, 0, 1399, 1616, 1557, 18, 10.21%, 0, 0, 9, 2.35
1746600698, 0, 1399, 1617, 1558, 18, 10.21%, 0, 0, 9, 2.38
1746601153, 0, 1399, 1618, 1559, 18, 10.21%, 0, 0, 9, 2.08
1746601237, 0, 1399, 1619, 1560, 18, 10.21%, 0, 0, 9, 2.13
1746601279, 0, 1399, 1620, 1561, 18, 10.21%, 0, 0, 9, 2.15
1746601563, 0, 1399, 1621, 1562, 18, 10.22%, 0, 0, 9, 2.16
1746601610, 0, 1399, 1622, 1563, 18, 10.22%, 0, 0, 9, 4.47
1746601783, 0, 1427, 1622, 1562, 18, 10.22%, 0, 0, 9, 7.82
