# unix_time, cycles_done, cur_path, paths_total, pending_total, pending_favs, map_size, unique_crashes, unique_hangs, max_depth, execs_per_sec
1746785259, 0, 0, 1, 1, 1, 3.78%, 0, 0, 1, 66.12
1746785264, 0, 0, 24, 24, 1, 4.74%, 0, 0, 2, 72.48
1746785269, 0, 0, 44, 44, 1, 4.82%, 0, 0, 2, 70.47
1746785274, 0, 0, 55, 55, 1, 4.90%, 0, 0, 2, 73.83
1746785279, 0, 0, 63, 63, 1, 4.90%, 0, 0, 2, 75.35
1746785284, 0, 0, 74, 74, 1, 4.92%, 0, 0, 2, 72.95
1746785290, 0, 0, 83, 83, 1, 4.92%, 0, 0, 2, 73.14
1746785295, 0, 0, 87, 87, 1, 4.93%, 0, 0, 2, 75.05
1746785300, 0, 0, 95, 95, 1, 4.94%, 0, 0, 2, 72.25
1746785305, 0, 0, 100, 100, 1, 4.95%, 0, 0, 2, 73.94
1746785310, 0, 0, 103, 103, 1, 4.96%, 0, 0, 2, 77.25
1746785316, 0, 0, 109, 109, 1, 4.96%, 0, 0, 2, 77.19
1746785321, 0, 0, 110, 110, 1, 4.96%, 0, 0, 2, 78.40
1746785326, 0, 0, 115, 115, 1, 4.96%, 0, 0, 2, 77.54
1746785331, 0, 0, 118, 118, 1, 4.96%, 0, 0, 2, 77.29
1746785336, 0, 0, 122, 122, 1, 4.96%, 0, 0, 2, 76.53
1746785341, 0, 0, 125, 125, 1, 4.96%, 0, 0, 2, 74.59
1746785347, 0, 0, 129, 129, 1, 4.97%, 0, 0, 2, 67.02
1746785352, 0, 0, 131, 131, 1, 4.97%, 0, 0, 2, 67.27
1746785357, 0, 0, 135, 135, 1, 4.98%, 0, 0, 2, 64.90
1746785362, 0, 0, 136, 136, 1, 4.98%, 0, 0, 2, 67.38
1746785367, 0, 0, 137, 137, 1, 4.98%, 0, 0, 2, 68.13
1746785372, 0, 0, 139, 139, 1, 4.98%, 0, 0, 2, 64.54
1746785378, 0, 0, 141, 141, 1, 4.98%, 0, 0, 2, 66.00
1746785383, 0, 0, 142, 142, 1, 4.98%, 0, 0, 2, 66.36
1746785388, 0, 0, 144, 144, 1, 4.98%, 0, 0, 2, 67.57
1746785393, 0, 0, 148, 148, 1, 4.98%, 0, 0, 2, 64.37
1746785403, 0, 0, 149, 149, 1, 4.98%, 0, 0, 2, 68.27
1746785409, 0, 0, 151, 151, 1, 4.98%, 0, 0, 2, 67.76
1746785414, 0, 0, 153, 153, 1, 4.98%, 0, 0, 2, 66.92
1746785419, 0, 0, 154, 154, 1, 4.98%, 0, 0, 2, 67.55
1746785424, 0, 0, 155, 155, 1, 4.98%, 0, 0, 2, 67.43
1746785429, 0, 0, 156, 156, 1, 4.98%, 0, 0, 2, 67.03
1746785434, 0, 0, 158, 158, 1, 4.98%, 0, 0, 2, 66.90
1746785439, 0, 0, 160, 160, 1, 4.98%, 0, 0, 2, 67.57
1746785445, 0, 0, 161, 161, 1, 4.98%, 0, 0, 2, 67.83
1746785450, 0, 0, 164, 164, 1, 4.98%, 0, 0, 2, 67.36
1746785455, 0, 0, 165, 165, 1, 4.98%, 0, 0, 2, 67.96
1746785460, 0, 0, 167, 167, 1, 4.98%, 0, 0, 2, 67.83
1746785465, 0, 0, 168, 168, 1, 4.98%, 0, 0, 2, 68.09
1746785470, 0, 0, 170, 170, 1, 4.98%, 0, 0, 2, 67.37
1746785475, 0, 0, 172, 172, 1, 4.98%, 0, 0, 2, 65.18
1746785486, 0, 0, 175, 175, 1, 4.98%, 0, 0, 2, 66.98
1746785491, 0, 0, 177, 177, 1, 4.98%, 0, 0, 2, 66.83
1746785501, 0, 0, 178, 178, 1, 4.98%, 0, 0, 2, 68.09
1746785506, 0, 0, 180, 180, 1, 4.98%, 0, 0, 2, 67.62
1746785511, 0, 0, 182, 182, 1, 4.98%, 0, 0, 2, 67.76
1746785517, 0, 2, 182, 181, 14, 4.98%, 0, 0, 2, 69.14
1746785522, 0, 2, 183, 182, 14, 4.98%, 0, 0, 3, 68.88
1746785532, 0, 22, 183, 181, 13, 4.98%, 0, 0, 3, 69.25
1746785558, 0, 22, 187, 185, 13, 4.98%, 0, 0, 3, 62.81
1746785568, 0, 22, 189, 187, 13, 4.98%, 0, 0, 3, 66.56
1746785573, 0, 22, 190, 188, 13, 4.99%, 0, 0, 3, 65.28
1746785578, 0, 22, 191, 189, 13, 4.99%, 0, 0, 3, 65.96
1746785584, 0, 22, 192, 190, 13, 4.99%, 0, 0, 3, 66.50
1746785594, 0, 22, 194, 192, 13, 4.99%, 0, 0, 3, 65.10
1746785599, 0, 22, 196, 194, 13, 5.00%, 0, 0, 3, 64.59
1746785604, 0, 22, 198, 196, 13, 5.00%, 0, 0, 3, 65.51
1746785614, 0, 22, 199, 197, 13, 5.00%, 0, 0, 3, 66.54
1746785620, 0, 22, 200, 198, 13, 5.00%, 0, 0, 3, 66.00
1746785625, 0, 22, 203, 201, 13, 5.00%, 0, 0, 3, 65.24
1746785630, 0, 22, 206, 204, 13, 5.00%, 0, 0, 3, 62.82
1746785635, 0, 22, 207, 205, 13, 5.00%, 0, 0, 3, 66.30
1746785645, 0, 22, 208, 206, 13, 5.00%, 0, 0, 3, 66.50
1746785656, 0, 22, 210, 208, 13, 5.00%, 0, 0, 3, 66.14
1746785661, 0, 22, 211, 209, 13, 5.00%, 0, 0, 3, 65.81
1746785681, 0, 22, 214, 212, 13, 5.00%, 0, 0, 3, 65.21
1746785697, 0, 22, 215, 213, 13, 5.00%, 0, 0, 3, 65.98
1746785707, 0, 22, 216, 214, 13, 5.00%, 0, 0, 3, 65.47
1746785712, 0, 22, 217, 215, 13, 5.00%, 0, 0, 3, 64.97
1746785718, 0, 22, 218, 216, 13, 5.00%, 0, 0, 3, 65.99
1746785723, 0, 22, 220, 218, 13, 5.00%, 0, 0, 3, 62.88
1746785733, 0, 22, 221, 219, 13, 5.00%, 0, 0, 3, 66.10
1746785738, 0, 22, 222, 220, 13, 5.00%, 0, 0, 3, 67.77
1746785748, 0, 22, 223, 221, 13, 5.00%, 0, 0, 3, 66.39
1746785754, 0, 22, 224, 222, 13, 5.00%, 0, 0, 3, 66.51
1746785759, 0, 22, 225, 223, 13, 5.00%, 0, 0, 3, 66.67
1746785774, 0, 22, 226, 224, 13, 5.00%, 0, 0, 3, 67.23
1746785795, 0, 22, 227, 225, 13, 5.00%, 0, 0, 3, 66.14
1746785805, 0, 27, 227, 224, 12, 5.00%, 0, 0, 3, 48.95
1746785815, 0, 27, 228, 225, 12, 5.00%, 0, 0, 3, 42.56
1746785820, 0, 27, 230, 227, 12, 5.00%, 0, 0, 3, 42.20
1746786245, 0, 27, 233, 230, 12, 5.00%, 0, 0, 3, 42.74
1746786250, 0, 27, 243, 240, 12, 5.11%, 0, 0, 3, 41.66
1746786255, 0, 27, 249, 246, 12, 5.11%, 0, 0, 3, 43.19
1746786260, 0, 27, 258, 255, 12, 5.11%, 0, 0, 3, 42.02
1746786266, 0, 27, 263, 260, 12, 5.11%, 0, 0, 3, 44.61
1746786271, 0, 27, 268, 265, 12, 5.11%, 0, 0, 3, 45.98
1746786276, 0, 27, 275, 272, 12, 5.11%, 0, 0, 3, 45.82
1746786281, 0, 27, 279, 276, 12, 5.11%, 0, 0, 3, 45.87
1746786286, 0, 27, 281, 278, 12, 5.11%, 0, 0, 3, 45.83
1746786291, 0, 27, 285, 282, 12, 5.12%, 0, 0, 3, 46.83
1746786296, 0, 27, 289, 286, 12, 5.13%, 0, 0, 3, 46.00
1746786301, 0, 27, 296, 293, 12, 5.13%, 0, 0, 3, 42.80
1746786311, 0, 27, 301, 298, 12, 5.13%, 0, 0, 3, 45.84
1746786316, 0, 27, 304, 301, 12, 5.13%, 0, 0, 3, 46.14
1746786321, 0, 27, 307, 304, 12, 5.13%, 0, 0, 3, 46.04
1746786326, 0, 27, 310, 307, 12, 5.13%, 0, 0, 3, 47.57
1746786331, 0, 27, 312, 309, 12, 5.13%, 0, 0, 3, 46.99
1746786336, 0, 27, 315, 312, 12, 5.13%, 0, 0, 3, 45.81
1746786342, 0, 27, 317, 314, 12, 5.13%, 0, 0, 3, 46.97
1746786347, 0, 27, 320, 317, 12, 5.13%, 0, 0, 3, 46.15
1746786352, 0, 27, 321, 318, 12, 5.13%, 0, 0, 3, 47.46
1746786357, 0, 27, 323, 320, 12, 5.13%, 0, 0, 3, 46.20
1746786362, 0, 27, 324, 321, 12, 5.13%, 0, 0, 3, 47.24
1746786372, 0, 27, 326, 323, 12, 5.13%, 0, 0, 3, 48.39
1746786387, 0, 27, 327, 324, 12, 5.13%, 0, 0, 3, 47.95
1746786392, 0, 27, 328, 325, 12, 5.13%, 0, 0, 3, 47.86
1746786397, 0, 27, 330, 327, 12, 5.13%, 0, 0, 3, 45.46
1746786402, 0, 27, 331, 328, 12, 5.13%, 0, 0, 3, 46.42
1746786408, 0, 27, 333, 330, 12, 5.13%, 0, 0, 3, 45.74
1746786418, 0, 27, 334, 331, 12, 5.13%, 0, 0, 3, 47.70
1746786423, 0, 27, 335, 332, 12, 5.13%, 0, 0, 3, 46.87
1746786428, 0, 27, 336, 333, 12, 5.13%, 0, 0, 3, 46.47
1746786433, 0, 27, 337, 334, 12, 5.13%, 0, 0, 3, 46.98
1746786443, 0, 27, 338, 335, 12, 5.13%, 0, 0, 3, 46.48
1746786453, 0, 27, 339, 336, 12, 5.13%, 0, 0, 3, 48.48
1746786468, 0, 27, 340, 337, 12, 5.13%, 0, 0, 3, 48.34
1746786473, 0, 27, 341, 338, 12, 5.13%, 0, 0, 3, 47.15
1746786478, 0, 27, 342, 339, 12, 5.14%, 0, 0, 3, 47.95
1746786483, 0, 27, 343, 340, 12, 5.14%, 0, 0, 3, 47.58
1746786493, 0, 27, 346, 343, 12, 5.14%, 0, 0, 3, 46.07
1746786498, 0, 27, 347, 344, 12, 5.14%, 0, 0, 3, 46.85
1746786503, 0, 27, 348, 345, 12, 5.14%, 0, 0, 3, 46.60
1746786508, 0, 27, 349, 346, 12, 5.14%, 0, 0, 3, 47.57
1746786513, 0, 27, 350, 347, 12, 5.14%, 0, 0, 3, 47.03
1746786539, 0, 27, 351, 348, 12, 5.14%, 0, 0, 3, 48.02
1746786549, 0, 27, 354, 351, 12, 5.14%, 0, 0, 3, 46.40
1746786559, 0, 27, 356, 353, 12, 5.15%, 0, 0, 3, 46.12
1746786569, 0, 27, 357, 354, 12, 5.15%, 0, 0, 3, 47.18
1746786574, 0, 27, 359, 356, 12, 5.15%, 0, 0, 3, 45.67
1746786595, 0, 27, 360, 357, 12, 5.15%, 0, 0, 3, 48.40
1746786605, 0, 27, 361, 358, 12, 5.15%, 0, 0, 3, 47.45
1746786620, 0, 90, 361, 357, 11, 5.15%, 0, 0, 3, 40.18
1746787221, 0, 90, 365, 361, 11, 5.15%, 0, 0, 3, 37.92
1746787226, 0, 90, 366, 362, 11, 5.15%, 0, 0, 3, 39.74
1746787231, 0, 90, 368, 364, 11, 5.15%, 0, 0, 3, 40.06
1746787236, 0, 90, 369, 365, 11, 5.15%, 0, 0, 3, 41.98
1746787242, 0, 90, 371, 367, 11, 5.15%, 0, 0, 3, 39.78
1746787247, 0, 90, 375, 371, 11, 5.15%, 0, 0, 3, 37.42
1746787252, 0, 90, 377, 373, 11, 5.15%, 0, 0, 3, 39.28
1746787257, 0, 90, 378, 374, 11, 5.15%, 0, 0, 3, 40.01
1746787272, 0, 90, 379, 375, 11, 5.15%, 0, 0, 3, 40.59
1746787277, 0, 90, 382, 378, 11, 5.15%, 0, 0, 3, 40.41
1746787283, 0, 90, 385, 381, 11, 5.15%, 0, 0, 3, 38.13
1746787293, 0, 90, 386, 382, 11, 5.15%, 0, 0, 3, 40.94
1746787298, 0, 90, 388, 384, 11, 5.15%, 0, 0, 3, 40.45
1746787303, 0, 90, 389, 385, 11, 5.15%, 0, 0, 3, 40.21
1746787308, 0, 90, 392, 388, 11, 5.15%, 0, 0, 3, 38.40
1746787318, 0, 90, 395, 391, 11, 5.15%, 0, 0, 3, 38.68
1746787323, 0, 90, 396, 392, 11, 5.15%, 0, 0, 3, 39.33
1746787328, 0, 90, 397, 393, 11, 5.15%, 0, 0, 3, 39.20
1746787333, 0, 90, 399, 395, 11, 5.15%, 0, 0, 3, 39.20
1746787344, 0, 90, 400, 396, 11, 5.15%, 0, 0, 3, 41.03
1746787349, 0, 90, 401, 397, 11, 5.15%, 0, 0, 3, 41.55
1746787369, 0, 90, 403, 399, 11, 5.15%, 0, 0, 3, 39.23
1746787379, 0, 90, 404, 400, 11, 5.15%, 0, 0, 3, 40.75
1746787390, 0, 90, 406, 402, 11, 5.15%, 0, 0, 3, 39.52
1746787395, 0, 90, 407, 403, 11, 5.15%, 0, 0, 3, 40.58
1746787400, 0, 90, 409, 405, 11, 5.15%, 0, 0, 3, 40.86
1746787410, 0, 90, 410, 406, 11, 5.15%, 0, 0, 3, 39.93
1746787420, 0, 90, 411, 407, 11, 5.15%, 0, 0, 3, 40.49
1746787425, 0, 90, 412, 408, 11, 5.15%, 0, 0, 3, 40.43
1746787430, 0, 90, 413, 409, 11, 5.15%, 0, 0, 3, 41.32
1746787446, 0, 90, 415, 411, 11, 5.15%, 0, 0, 3, 40.25
1746787451, 0, 90, 416, 412, 11, 5.15%, 0, 0, 3, 40.31
1746787456, 0, 90, 417, 413, 11, 5.15%, 0, 0, 3, 40.91
1746787471, 0, 90, 419, 415, 11, 5.15%, 0, 0, 3, 40.87
1746787476, 0, 90, 421, 417, 11, 5.15%, 0, 0, 3, 40.29
1746787491, 0, 90, 422, 418, 11, 5.15%, 0, 0, 3, 39.19
1746787497, 0, 90, 423, 419, 11, 5.15%, 0, 0, 3, 39.86
1746787512, 0, 90, 424, 420, 11, 5.15%, 0, 0, 3, 41.40
1746787527, 0, 90, 425, 421, 11, 5.15%, 0, 0, 3, 40.60
1746787537, 0, 90, 426, 422, 11, 5.15%, 0, 0, 3, 39.73
1746787542, 0, 90, 427, 423, 11, 5.15%, 0, 0, 3, 40.57
1746787552, 0, 90, 428, 424, 11, 5.15%, 0, 0, 3, 40.06
1746787558, 0, 90, 430, 426, 11, 5.15%, 0, 0, 3, 38.45
1746787563, 0, 90, 431, 427, 11, 5.15%, 0, 0, 3, 38.76
1746787593, 0, 90, 432, 428, 11, 5.15%, 0, 0, 3, 41.24
1746787604, 0, 90, 434, 430, 11, 5.15%, 0, 0, 3, 39.50
1746787639, 0, 91, 434, 429, 13, 5.15%, 0, 0, 3, 42.74
1746787957, 0, 91, 436, 431, 13, 5.15%, 0, 0, 3, 48.15
1746787962, 0, 91, 437, 432, 13, 5.15%, 0, 0, 3, 47.76
1746787967, 0, 91, 438, 433, 13, 5.15%, 0, 0, 3, 49.12
1746787982, 0, 91, 439, 434, 13, 5.15%, 0, 0, 3, 48.25
1746788002, 0, 91, 441, 436, 13, 5.15%, 0, 0, 3, 48.44
1746788007, 0, 91, 442, 437, 13, 5.15%, 0, 0, 3, 48.41
1746788129, 0, 91, 443, 438, 13, 5.15%, 0, 0, 3, 48.35
1746788139, 0, 91, 444, 439, 13, 5.15%, 0, 0, 3, 48.16
1746788180, 0, 91, 445, 440, 13, 5.15%, 0, 0, 3, 47.92
1746788235, 0, 91, 446, 441, 13, 5.15%, 0, 0, 3, 48.55
1746788256, 0, 91, 448, 443, 13, 5.15%, 0, 0, 3, 46.69
1746788266, 0, 91, 449, 444, 13, 5.16%, 0, 0, 3, 48.01
1746788291, 0, 97, 449, 443, 13, 5.16%, 0, 0, 3, 47.29
1746788710, 0, 98, 449, 442, 12, 5.16%, 0, 0, 3, 43.98
1746788863, 0, 98, 450, 443, 12, 5.16%, 0, 0, 3, 42.22
1746789067, 0, 143, 450, 442, 11, 5.16%, 0, 0, 3, 44.31
1746789376, 0, 143, 452, 444, 11, 5.16%, 0, 0, 3, 46.11
1746789391, 0, 143, 453, 445, 11, 5.16%, 0, 0, 3, 48.77
1746789416, 0, 143, 454, 446, 11, 5.16%, 0, 0, 3, 48.20
1746789421, 0, 143, 455, 447, 11, 5.16%, 0, 0, 3, 48.02
1746789472, 0, 143, 456, 448, 11, 5.16%, 0, 0, 3, 46.00
1746789482, 0, 143, 457, 449, 11, 5.16%, 0, 0, 3, 47.42
1746789528, 0, 143, 459, 451, 11, 5.16%, 0, 0, 3, 44.84
1746789670, 0, 143, 460, 452, 11, 5.16%, 0, 0, 3, 46.26
1746789710, 0, 152, 460, 451, 11, 5.16%, 0, 0, 3, 44.46
1746790191, 0, 152, 461, 452, 11, 5.16%, 0, 0, 3, 45.00
1746790196, 0, 152, 462, 453, 11, 5.16%, 0, 0, 3, 44.17
1746790231, 0, 284, 462, 452, 10, 5.16%, 0, 0, 3, 45.13
1746790565, 0, 345, 462, 451, 9, 5.16%, 0, 0, 3, 38.35
1746790590, 0, 345, 465, 454, 9, 5.16%, 0, 0, 4, 28.30
1746790595, 0, 345, 466, 455, 9, 5.16%, 0, 0, 4, 28.46
1746790646, 0, 345, 468, 457, 9, 5.16%, 0, 0, 4, 28.48
1746790707, 0, 345, 469, 458, 9, 5.16%, 0, 0, 4, 28.72
1746790732, 0, 345, 470, 459, 9, 5.16%, 0, 0, 4, 28.31
1746790970, 0, 345, 471, 460, 9, 5.16%, 0, 0, 4, 28.59
1746791353, 0, 345, 472, 461, 9, 5.16%, 0, 0, 4, 28.68
1746791550, 0, 345, 474, 463, 9, 5.16%, 0, 0, 4, 28.19
1746791676, 0, 345, 480, 469, 9, 5.16%, 0, 0, 4, 29.23
1746791681, 0, 345, 484, 473, 9, 5.16%, 0, 0, 4, 31.79
1746791686, 0, 345, 489, 478, 9, 5.16%, 0, 0, 4, 30.45
1746791691, 0, 345, 493, 482, 9, 5.16%, 0, 0, 4, 31.27
1746791696, 0, 345, 494, 483, 9, 5.16%, 0, 0, 4, 32.56
1746791702, 0, 345, 496, 485, 9, 5.16%, 0, 0, 4, 32.38
1746791707, 0, 345, 499, 488, 9, 5.16%, 0, 0, 4, 32.21
1746791712, 0, 345, 501, 490, 9, 5.16%, 0, 0, 4, 31.80
1746791722, 0, 345, 503, 492, 9, 5.16%, 0, 0, 4, 31.26
1746791727, 0, 345, 504, 493, 9, 5.16%, 0, 0, 4, 31.65
1746791732, 0, 345, 506, 495, 9, 5.16%, 0, 0, 4, 33.48
1746791737, 0, 345, 508, 497, 9, 5.16%, 0, 0, 4, 32.29
1746791748, 0, 345, 509, 498, 9, 5.16%, 0, 0, 4, 33.24
1746791758, 0, 345, 511, 500, 9, 5.16%, 0, 0, 4, 31.94
1746791763, 0, 345, 513, 502, 9, 5.16%, 0, 0, 4, 32.49
1746791768, 0, 345, 515, 504, 9, 5.16%, 0, 0, 4, 30.93
1746791774, 0, 345, 517, 506, 9, 5.16%, 0, 0, 4, 32.58
1746791789, 0, 345, 518, 507, 9, 5.16%, 0, 0, 4, 31.44
1746791794, 0, 345, 519, 508, 9, 5.16%, 0, 0, 4, 31.67
1746791804, 0, 345, 520, 509, 9, 5.16%, 0, 0, 4, 31.17
1746791810, 0, 345, 521, 510, 9, 5.16%, 0, 0, 4, 31.79
1746791825, 0, 345, 523, 512, 9, 5.16%, 0, 0, 4, 31.63
1746791830, 0, 345, 525, 514, 9, 5.16%, 0, 0, 4, 31.91
1746791835, 0, 345, 526, 515, 9, 5.16%, 0, 0, 4, 31.94
1746791851, 0, 345, 527, 516, 9, 5.16%, 0, 0, 4, 33.10
1746791856, 0, 345, 529, 518, 9, 5.16%, 0, 0, 4, 32.26
1746791861, 0, 345, 531, 520, 9, 5.16%, 0, 0, 4, 32.06
1746791866, 0, 345, 532, 521, 9, 5.16%, 0, 0, 4, 32.24
1746791871, 0, 345, 533, 522, 9, 5.16%, 0, 0, 4, 31.79
1746791902, 0, 345, 534, 523, 9, 5.16%, 0, 0, 4, 32.89
1746791907, 0, 345, 535, 524, 9, 5.16%, 0, 0, 4, 32.72
1746791918, 0, 345, 537, 526, 9, 5.16%, 0, 0, 4, 31.58
1746791943, 0, 345, 538, 527, 9, 5.16%, 0, 0, 4, 31.96
1746791959, 0, 345, 539, 528, 9, 5.49%, 0, 0, 4, 32.32
1746791985, 0, 345, 540, 529, 9, 5.49%, 0, 0, 4, 31.83
1746792005, 0, 345, 542, 531, 9, 5.49%, 0, 0, 4, 32.88
1746792010, 0, 345, 543, 532, 9, 5.49%, 0, 0, 4, 32.49
1746792098, 0, 345, 544, 533, 9, 5.49%, 0, 0, 4, 33.12
1746792134, 0, 345, 545, 534, 9, 5.49%, 0, 0, 4, 32.50
1746792170, 0, 345, 546, 535, 9, 5.49%, 0, 0, 4, 32.70
1746792185, 0, 345, 547, 536, 9, 5.49%, 0, 0, 4, 32.29
1746792190, 0, 345, 549, 538, 9, 5.49%, 0, 0, 4, 31.37
1746792200, 0, 357, 549, 537, 6, 5.49%, 0, 0, 4, 28.53
1746793753, 0, 357, 550, 538, 6, 5.49%, 0, 0, 4, 30.39
1746793758, 0, 357, 552, 540, 6, 5.49%, 0, 0, 4, 30.44
1746793768, 0, 357, 553, 541, 6, 5.49%, 0, 0, 4, 30.09
1746793784, 0, 357, 554, 542, 6, 5.49%, 0, 0, 4, 30.57
1746793799, 0, 357, 555, 543, 6, 5.49%, 0, 0, 4, 30.55
1746793804, 0, 357, 556, 544, 6, 5.49%, 0, 0, 4, 30.66
1746793820, 0, 357, 558, 546, 6, 5.49%, 0, 0, 4, 30.23
1746793835, 0, 357, 560, 548, 6, 5.49%, 0, 0, 4, 28.91
1746793840, 0, 357, 561, 549, 6, 5.49%, 0, 0, 4, 29.86
1746793851, 0, 357, 562, 550, 6, 5.49%, 0, 0, 4, 30.06
1746793861, 0, 357, 563, 551, 6, 5.49%, 0, 0, 4, 30.11
1746793871, 0, 357, 564, 552, 6, 5.49%, 0, 0, 4, 31.25
1746793881, 0, 357, 565, 553, 6, 5.49%, 0, 0, 4, 30.84
1746793912, 0, 357, 566, 554, 6, 5.49%, 0, 0, 4, 30.25
1746794019, 0, 357, 567, 555, 6, 5.49%, 0, 0, 4, 30.86
1746794050, 0, 357, 568, 556, 6, 5.49%, 0, 0, 4, 30.93
1746794060, 0, 357, 569, 557, 6, 5.49%, 0, 0, 4, 30.11
1746794071, 0, 357, 570, 558, 6, 5.49%, 0, 0, 4, 30.65
1746794137, 0, 357, 571, 559, 6, 5.49%, 0, 0, 4, 30.49
1746794142, 0, 357, 572, 560, 6, 5.49%, 0, 0, 4, 29.93
1746794199, 0, 357, 573, 561, 6, 5.49%, 0, 0, 4, 30.45
1746794261, 0, 357, 574, 562, 6, 5.49%, 0, 0, 4, 30.27
1746794276, 0, 357, 576, 564, 6, 5.49%, 0, 0, 4, 30.67
1746794281, 0, 357, 577, 565, 6, 5.49%, 0, 0, 4, 30.00
1746794286, 0, 412, 577, 564, 7, 5.49%, 0, 0, 4, 34.47
1746794855, 0, 434, 577, 563, 6, 5.49%, 0, 0, 4, 43.23
1746795169, 0, 479, 577, 562, 5, 5.49%, 0, 0, 4, 44.41
1746796261, 0, 483, 577, 561, 4, 5.49%, 0, 0, 4, 33.01
1746797234, 0, 483, 578, 562, 4, 5.49%, 0, 0, 5, 31.14
1746797295, 0, 525, 578, 561, 2, 5.49%, 0, 0, 5, 26.95
1746797326, 0, 525, 579, 562, 2, 5.50%, 0, 0, 5, 23.47
1746797573, 0, 525, 581, 564, 2, 5.50%, 0, 0, 5, 24.18
1746799117, 0, 525, 582, 565, 2, 5.50%, 0, 0, 5, 26.82
1746799127, 0, 525, 583, 566, 2, 5.50%, 0, 0, 5, 27.21
1746799137, 0, 525, 584, 567, 2, 5.50%, 0, 0, 5, 27.64
1746799142, 0, 525, 586, 569, 2, 5.50%, 0, 0, 5, 27.50
1746799157, 0, 525, 587, 570, 2, 5.50%, 0, 0, 5, 28.34
1746799193, 0, 525, 588, 571, 2, 5.50%, 0, 0, 5, 27.02
1746799208, 0, 525, 589, 572, 2, 5.50%, 0, 0, 5, 27.20
1746799218, 0, 525, 590, 573, 2, 5.50%, 0, 0, 5, 27.27
1746799223, 0, 525, 591, 574, 2, 5.97%, 0, 0, 5, 26.78
1746799228, 0, 525, 592, 575, 2, 5.97%, 0, 0, 5, 26.63
1746799248, 0, 525, 593, 576, 2, 5.97%, 0, 0, 5, 27.94
1746799254, 0, 525, 594, 577, 2, 5.97%, 0, 0, 5, 27.26
1746799264, 0, 525, 595, 578, 2, 5.97%, 0, 0, 5, 27.37
1746799274, 0, 525, 597, 580, 2, 5.97%, 0, 0, 5, 27.13
1746799284, 0, 525, 598, 581, 2, 5.98%, 0, 0, 5, 27.39
1746799294, 0, 525, 599, 582, 2, 5.98%, 0, 0, 5, 28.64
1746799340, 0, 525, 600, 583, 2, 5.98%, 0, 0, 5, 27.95
1746799350, 0, 525, 601, 584, 2, 5.98%, 0, 0, 5, 28.30
1746799380, 0, 525, 602, 585, 2, 5.98%, 0, 0, 5, 27.71
1746799385, 0, 525, 603, 586, 2, 5.98%, 0, 0, 5, 27.64
1746799441, 0, 525, 604, 587, 2, 5.98%, 0, 0, 5, 28.11
1746799446, 0, 525, 605, 588, 2, 5.98%, 0, 0, 5, 27.80
1746799492, 0, 525, 606, 589, 2, 5.98%, 0, 0, 5, 28.07
1746799497, 0, 525, 607, 590, 2, 5.98%, 0, 0, 5, 27.11
1746799523, 0, 525, 608, 591, 2, 5.98%, 0, 0, 5, 27.95
1746799553, 0, 525, 609, 592, 2, 5.98%, 0, 0, 5, 27.32
1746799558, 0, 525, 610, 593, 2, 5.98%, 0, 0, 5, 27.72
1746799563, 0, 560, 610, 592, 2, 5.98%, 0, 0, 5, 25.43
1746799599, 0, 560, 611, 593, 2, 5.98%, 0, 0, 5, 22.94
1746801928, 0, 560, 612, 594, 2, 5.98%, 0, 0, 5, 25.16
1746801933, 0, 560, 613, 595, 2, 5.98%, 0, 0, 5, 25.23
1746801938, 0, 560, 614, 596, 2, 5.98%, 0, 0, 5, 25.78
1746802005, 0, 560, 615, 597, 2, 5.98%, 0, 0, 5, 25.23
1746802010, 0, 560, 616, 598, 2, 5.98%, 0, 0, 5, 25.11
1746802025, 0, 560, 617, 599, 2, 5.98%, 0, 0, 5, 25.63
1746802046, 0, 560, 618, 600, 2, 5.98%, 0, 0, 5, 26.19
1746802051, 0, 560, 619, 601, 2, 5.98%, 0, 0, 5, 26.22
1746802066, 0, 560, 620, 602, 2, 5.98%, 0, 0, 5, 26.31
1746802214, 0, 560, 621, 603, 2, 5.98%, 0, 0, 5, 26.27
1746802229, 0, 560, 622, 604, 2, 5.98%, 0, 0, 5, 25.74
1746802306, 0, 560, 623, 605, 2, 5.98%, 0, 0, 5, 25.83
1746802398, 0, 586, 623, 604, 2, 5.98%, 0, 0, 5, 26.24
1746802484, 0, 586, 624, 605, 2, 5.98%, 0, 0, 6, 22.72
1746802676, 0, 586, 625, 606, 2, 5.98%, 0, 0, 6, 23.13
1746802687, 0, 586, 626, 607, 2, 5.98%, 0, 0, 6, 23.00
1746804270, 0, 586, 627, 608, 2, 5.98%, 0, 0, 6, 26.60
1746804285, 0, 586, 628, 609, 2, 5.98%, 0, 0, 6, 26.34
1746804291, 0, 586, 629, 610, 2, 5.98%, 0, 0, 6, 26.67
1746804306, 0, 586, 630, 611, 2, 5.98%, 0, 0, 6, 27.25
1746804311, 0, 586, 631, 612, 2, 5.98%, 0, 0, 6, 26.94
1746804342, 0, 586, 632, 613, 2, 5.98%, 0, 0, 6, 26.15
1746804357, 0, 586, 633, 614, 2, 5.98%, 0, 0, 6, 27.30
1746804449, 0, 586, 634, 615, 2, 5.98%, 0, 0, 6, 27.26
1746804500, 0, 586, 635, 616, 2, 5.98%, 0, 0, 6, 26.54
1746804535, 0, 586, 636, 617, 2, 5.98%, 0, 0, 6, 26.57
1746804546, 0, 586, 637, 618, 2, 5.98%, 0, 0, 6, 26.43
1746804648, 0, 586, 638, 619, 2, 5.98%, 0, 0, 6, 36.85
1746804658, 0, 586, 639, 620, 2, 5.98%, 0, 0, 6, 36.24
1746804684, 0, 590, 639, 619, 5, 5.98%, 0, 0, 6, 29.11
1746804704, 0, 590, 641, 621, 5, 5.98%, 0, 0, 6, 24.01
1746804709, 0, 590, 642, 622, 5, 5.98%, 0, 0, 6, 23.97
1746804714, 0, 590, 643, 623, 5, 5.98%, 0, 0, 6, 23.91
1746804749, 0, 590, 645, 625, 5, 5.98%, 0, 0, 6, 24.27
1746804764, 0, 590, 647, 627, 5, 5.98%, 0, 0, 6, 23.85
1746804774, 0, 590, 648, 628, 5, 5.98%, 0, 0, 6, 24.20
1746804785, 0, 590, 649, 629, 5, 5.98%, 0, 0, 6, 23.75
1746804881, 0, 590, 651, 631, 5, 5.98%, 0, 0, 6, 24.04
1746804968, 0, 590, 652, 632, 5, 5.98%, 0, 0, 6, 25.77
1746804994, 0, 590, 653, 633, 5, 5.98%, 0, 0, 6, 24.21
1746805029, 0, 590, 654, 634, 5, 5.98%, 0, 0, 6, 24.19
1746805055, 0, 590, 656, 636, 5, 5.98%, 0, 0, 6, 24.78
1746805478, 0, 590, 657, 637, 5, 5.98%, 0, 0, 6, 26.12
1746806820, 0, 590, 658, 638, 5, 5.98%, 0, 0, 6, 20.39
1746806932, 0, 590, 660, 640, 5, 5.98%, 0, 0, 6, 18.15
1746807173, 0, 590, 662, 642, 5, 5.98%, 0, 0, 6, 20.67
1746807178, 0, 590, 666, 646, 5, 5.99%, 0, 0, 6, 20.44
1746807183, 0, 590, 669, 649, 5, 5.99%, 0, 0, 6, 22.18
1746807188, 0, 590, 672, 652, 5, 5.99%, 0, 0, 6, 22.10
1746807203, 0, 590, 674, 654, 5, 5.99%, 0, 0, 6, 22.52
1746807209, 0, 590, 676, 656, 5, 6.17%, 0, 0, 6, 22.30
1746807214, 0, 590, 678, 658, 5, 6.17%, 0, 0, 6, 22.79
1746807219, 0, 590, 679, 659, 5, 6.17%, 0, 0, 6, 22.52
1746807229, 0, 590, 681, 661, 5, 6.17%, 0, 0, 6, 23.49
1746807234, 0, 590, 683, 663, 5, 6.17%, 0, 0, 6, 22.42
1746807239, 0, 590, 687, 667, 5, 6.17%, 0, 0, 6, 21.42
1746807249, 0, 590, 689, 669, 5, 6.17%, 0, 0, 6, 23.14
1746807254, 0, 590, 691, 671, 5, 6.24%, 0, 0, 6, 22.20
1746807259, 0, 590, 692, 672, 5, 6.24%, 0, 0, 6, 22.58
1746807264, 0, 590, 693, 673, 5, 6.24%, 0, 0, 6, 23.01
1746807269, 0, 590, 694, 674, 5, 6.24%, 0, 0, 6, 22.54
1746807274, 0, 590, 695, 675, 5, 6.24%, 0, 0, 6, 23.45
1746807280, 0, 590, 696, 676, 5, 6.24%, 0, 0, 6, 23.34
1746807285, 0, 590, 697, 677, 5, 6.24%, 0, 0, 6, 23.60
1746807310, 0, 590, 698, 678, 5, 6.24%, 0, 0, 6, 23.06
1746807316, 0, 590, 699, 679, 5, 6.24%, 0, 0, 6, 23.30
1746807321, 0, 590, 700, 680, 5, 6.24%, 0, 0, 6, 23.07
1746807326, 0, 590, 701, 681, 5, 6.24%, 0, 0, 6, 23.28
1746807352, 0, 590, 702, 682, 5, 6.24%, 0, 0, 6, 23.21
1746807377, 0, 590, 703, 683, 5, 6.24%, 0, 0, 6, 23.19
1746807392, 0, 590, 704, 684, 5, 6.24%, 0, 0, 6, 23.09
1746807397, 0, 590, 705, 685, 5, 6.24%, 0, 0, 6, 23.04
1746807402, 0, 590, 706, 686, 5, 6.24%, 0, 0, 6, 23.32
1746807418, 0, 590, 707, 687, 5, 6.24%, 0, 0, 6, 23.53
1746807423, 0, 590, 708, 688, 5, 6.24%, 0, 0, 6, 23.29
1746807428, 0, 590, 709, 689, 5, 6.24%, 0, 0, 6, 23.60
1746807443, 0, 590, 710, 690, 5, 6.24%, 0, 0, 6, 23.04
1746807459, 0, 590, 711, 691, 5, 6.24%, 0, 0, 6, 23.34
1746807530, 0, 590, 712, 692, 5, 6.24%, 0, 0, 6, 23.06
1746807535, 0, 590, 713, 693, 5, 6.24%, 0, 0, 6, 23.59
1746807566, 0, 590, 714, 694, 5, 6.24%, 0, 0, 6, 23.36
1746807576, 0, 590, 715, 695, 5, 6.24%, 0, 0, 6, 22.38
1746807602, 0, 590, 716, 696, 5, 6.24%, 0, 0, 6, 22.97
1746807648, 0, 590, 717, 697, 5, 6.24%, 0, 0, 6, 23.50
1746807689, 0, 590, 718, 698, 5, 6.24%, 0, 0, 6, 23.05
1746807710, 0, 590, 719, 699, 5, 6.24%, 0, 0, 6, 23.06
1746807720, 0, 596, 719, 698, 5, 6.24%, 0, 0, 6, 23.75
1746809308, 0, 633, 719, 697, 4, 6.24%, 0, 0, 6, 28.83
1746809355, 0, 633, 720, 698, 4, 6.24%, 0, 0, 7, 23.45
1746811268, 0, 665, 720, 697, 4, 6.24%, 0, 0, 7, 27.32
1746811385, 0, 665, 721, 698, 4, 6.24%, 0, 0, 7, 18.24
1746811400, 0, 665, 722, 699, 4, 6.24%, 0, 0, 7, 18.06
1746814759, 0, 665, 723, 700, 4, 6.24%, 0, 0, 7, 27.19
1746814764, 0, 665, 725, 702, 4, 6.49%, 0, 0, 7, 28.36
1746814775, 0, 665, 726, 703, 4, 6.49%, 0, 0, 7, 30.30
1746814780, 0, 665, 728, 705, 4, 6.49%, 0, 0, 7, 30.23
1746814785, 0, 665, 731, 708, 4, 6.49%, 0, 0, 7, 29.56
1746814795, 0, 665, 732, 709, 4, 6.49%, 0, 0, 7, 30.33
1746814816, 0, 665, 733, 710, 4, 6.49%, 0, 0, 7, 29.36
1746814821, 0, 665, 734, 711, 4, 6.49%, 0, 0, 7, 28.80
1746814831, 0, 665, 735, 712, 4, 6.49%, 0, 0, 7, 30.33
1746814836, 0, 665, 736, 713, 4, 6.91%, 0, 0, 7, 30.08
1746814846, 0, 665, 737, 714, 4, 6.91%, 0, 0, 7, 29.08
1746814861, 0, 665, 739, 716, 4, 6.91%, 0, 0, 7, 28.78
1746814876, 0, 665, 740, 717, 4, 6.91%, 0, 0, 7, 30.11
1746814882, 0, 665, 741, 718, 4, 6.91%, 0, 0, 7, 30.05
1746814887, 0, 665, 742, 719, 4, 6.91%, 0, 0, 7, 29.97
1746814892, 0, 665, 744, 721, 4, 6.91%, 0, 0, 7, 29.03
1746814897, 0, 665, 745, 722, 4, 6.91%, 0, 0, 7, 28.66
1746814907, 0, 665, 746, 723, 4, 6.97%, 0, 0, 7, 28.91
1746814923, 0, 665, 747, 724, 4, 6.97%, 0, 0, 7, 29.26
1746814938, 0, 665, 748, 725, 4, 6.97%, 0, 0, 7, 29.81
1746814943, 0, 665, 750, 727, 4, 6.97%, 0, 0, 7, 28.86
1746814948, 0, 665, 751, 728, 4, 6.97%, 0, 0, 7, 29.31
1746814953, 0, 665, 752, 729, 4, 6.97%, 0, 0, 7, 29.63
1746814984, 0, 665, 754, 731, 4, 6.97%, 0, 0, 7, 29.28
1746814994, 0, 665, 755, 732, 4, 6.97%, 0, 0, 7, 29.09
1746814999, 0, 665, 756, 733, 4, 6.97%, 0, 0, 7, 29.38
1746815009, 0, 665, 757, 734, 4, 6.97%, 0, 0, 7, 29.91
1746815025, 0, 665, 758, 735, 4, 6.97%, 0, 0, 7, 29.71
1746815030, 0, 665, 759, 736, 4, 6.97%, 0, 0, 7, 29.47
1746815035, 0, 665, 760, 737, 4, 6.97%, 0, 0, 7, 29.49
1746815040, 0, 665, 761, 738, 4, 6.98%, 0, 0, 7, 28.94
1746815045, 0, 665, 762, 739, 4, 6.98%, 0, 0, 7, 29.89
1746815050, 0, 665, 763, 740, 4, 6.98%, 0, 0, 7, 29.86
1746815061, 0, 665, 764, 741, 4, 7.00%, 0, 0, 7, 30.16
1746815066, 0, 665, 765, 742, 4, 7.00%, 0, 0, 7, 30.34
1746815076, 0, 665, 766, 743, 4, 7.00%, 0, 0, 7, 29.26
1746815081, 0, 665, 767, 744, 4, 7.00%, 0, 0, 7, 28.96
1746815112, 0, 665, 768, 745, 4, 7.00%, 0, 0, 7, 29.24
1746815127, 0, 665, 770, 747, 4, 7.00%, 0, 0, 7, 29.63
1746815142, 0, 665, 771, 748, 4, 7.00%, 0, 0, 7, 30.15
1746815158, 0, 665, 772, 749, 4, 7.00%, 0, 0, 7, 29.98
1746815163, 0, 665, 773, 750, 4, 7.00%, 0, 0, 7, 30.08
1746815173, 0, 665, 774, 751, 4, 7.00%, 0, 0, 7, 29.78
1746815183, 0, 719, 774, 750, 10, 7.00%, 0, 0, 7, 31.60
1746816596, 0, 726, 774, 749, 9, 7.00%, 0, 0, 7, 29.74
1746819387, 0, 726, 775, 750, 9, 7.00%, 0, 0, 8, 25.05
1746819392, 0, 726, 777, 752, 9, 7.00%, 0, 0, 8, 27.83
1746819398, 0, 726, 779, 754, 9, 7.01%, 0, 0, 8, 28.89
1746819403, 0, 726, 780, 755, 9, 7.01%, 0, 0, 8, 29.44
1746819418, 0, 726, 782, 757, 9, 7.01%, 0, 0, 8, 29.54
1746819423, 0, 726, 783, 758, 9, 7.01%, 0, 0, 8, 30.63
1746819428, 0, 726, 784, 759, 9, 7.01%, 0, 0, 8, 30.15
1746819444, 0, 726, 785, 760, 9, 7.01%, 0, 0, 8, 29.71
1746819464, 0, 726, 786, 761, 9, 7.01%, 0, 0, 8, 29.26
1746819505, 0, 726, 787, 762, 9, 7.01%, 0, 0, 8, 30.56
1746819547, 0, 726, 789, 764, 9, 7.01%, 0, 0, 8, 28.50
1746819572, 0, 726, 790, 765, 9, 7.01%, 0, 0, 8, 30.02
1746819583, 0, 726, 791, 766, 9, 7.01%, 0, 0, 8, 29.62
1746819608, 0, 726, 792, 767, 9, 7.01%, 0, 0, 8, 29.80
1746819639, 0, 726, 793, 768, 9, 7.01%, 0, 0, 8, 30.34
1746819654, 0, 726, 794, 769, 9, 7.01%, 0, 0, 8, 29.97
1746819715, 0, 726, 795, 770, 9, 7.02%, 0, 0, 8, 29.81
1746819751, 0, 726, 796, 771, 9, 7.02%, 0, 0, 8, 29.59
1746819766, 0, 726, 798, 773, 9, 7.02%, 0, 0, 8, 29.06
1746819782, 0, 726, 799, 774, 9, 7.02%, 0, 0, 8, 29.75
1746819787, 0, 726, 800, 775, 9, 7.02%, 0, 0, 8, 29.82
1746819802, 0, 726, 802, 777, 9, 7.02%, 0, 0, 8, 28.35
1746819843, 0, 726, 803, 778, 9, 7.02%, 0, 0, 8, 30.08
1746819864, 0, 726, 804, 779, 9, 7.02%, 0, 0, 8, 29.80
1746819874, 0, 726, 805, 780, 9, 7.02%, 0, 0, 8, 30.18
1746819895, 0, 726, 806, 781, 9, 7.02%, 0, 0, 8, 29.10
1746819905, 0, 726, 807, 782, 9, 7.02%, 0, 0, 8, 30.28
1746819936, 0, 726, 809, 784, 9, 7.02%, 0, 0, 8, 29.44
1746819941, 0, 730, 809, 783, 11, 7.02%, 0, 0, 8, 28.19
1746820307, 0, 730, 810, 784, 11, 7.02%, 0, 0, 8, 21.74
1746822911, 0, 730, 811, 785, 11, 7.02%, 0, 0, 8, 28.59
1746822962, 0, 735, 811, 784, 10, 7.02%, 0, 0, 8, 29.97
1746822987, 0, 735, 813, 786, 10, 7.02%, 0, 0, 8, 23.78
1746822992, 0, 735, 815, 788, 10, 7.02%, 0, 0, 8, 23.68
1746822997, 0, 735, 816, 789, 10, 7.02%, 0, 0, 8, 24.20
1746823017, 0, 735, 817, 790, 10, 7.02%, 0, 0, 8, 23.47
1746823048, 0, 735, 818, 791, 10, 7.02%, 0, 0, 8, 23.46
1746823058, 0, 735, 821, 794, 10, 7.02%, 0, 0, 8, 23.61
1746823063, 0, 735, 823, 796, 10, 7.02%, 0, 0, 8, 23.56
1746823068, 0, 735, 824, 797, 10, 7.02%, 0, 0, 8, 23.65
1746823073, 0, 735, 825, 798, 10, 7.02%, 0, 0, 8, 23.60
1746823191, 0, 735, 826, 799, 10, 7.02%, 0, 0, 8, 23.51
1746823288, 0, 735, 827, 800, 10, 7.02%, 0, 0, 8, 23.53
1746823339, 0, 735, 828, 801, 10, 7.02%, 0, 0, 8, 23.84
1746824348, 0, 735, 829, 802, 10, 7.02%, 0, 0, 8, 23.70
1746824353, 0, 735, 830, 803, 10, 7.02%, 0, 0, 8, 23.58
1746824822, 0, 735, 831, 804, 10, 7.02%, 0, 0, 8, 23.60
1746825372, 0, 735, 832, 805, 10, 7.02%, 0, 0, 8, 23.71
1746825484, 0, 735, 834, 807, 10, 7.02%, 0, 0, 8, 26.93
1746825494, 0, 735, 836, 809, 10, 7.19%, 0, 0, 8, 29.59
1746825499, 0, 735, 837, 810, 10, 7.19%, 0, 0, 8, 30.76
1746825505, 0, 735, 838, 811, 10, 7.19%, 0, 0, 8, 30.60
1746825520, 0, 735, 839, 812, 10, 7.19%, 0, 0, 8, 30.79
1746825530, 0, 735, 840, 813, 10, 7.25%, 0, 0, 8, 31.18
1746825540, 0, 735, 841, 814, 10, 7.25%, 0, 0, 8, 31.37
1746825560, 0, 735, 842, 815, 10, 7.25%, 0, 0, 8, 30.81
1746825581, 0, 735, 843, 816, 10, 7.25%, 0, 0, 8, 30.86
1746825612, 0, 735, 844, 817, 10, 7.25%, 0, 0, 8, 31.29
1746825637, 0, 735, 845, 818, 10, 7.25%, 0, 0, 8, 30.50
1746825658, 0, 735, 846, 819, 10, 7.25%, 0, 0, 8, 31.10
1746825663, 0, 735, 847, 820, 10, 7.25%, 0, 0, 8, 31.96
1746825720, 0, 735, 848, 821, 10, 7.25%, 0, 0, 8, 30.64
1746825750, 0, 735, 849, 822, 10, 7.25%, 0, 0, 8, 30.91
1746825755, 0, 735, 850, 823, 10, 7.25%, 0, 0, 8, 31.33
1746825766, 0, 735, 851, 824, 10, 7.25%, 0, 0, 8, 31.27
1746825771, 0, 735, 853, 826, 10, 7.25%, 0, 0, 8, 29.80
1746825776, 0, 735, 854, 827, 10, 7.25%, 0, 0, 8, 30.77
1746825786, 0, 735, 856, 829, 10, 7.25%, 0, 0, 8, 30.18
1746825812, 0, 735, 857, 830, 10, 7.25%, 0, 0, 8, 30.54
1746825832, 0, 735, 858, 831, 10, 7.25%, 0, 0, 8, 30.72
1746825842, 0, 735, 859, 832, 10, 7.25%, 0, 0, 8, 29.89
1746825879, 0, 735, 860, 833, 10, 7.25%, 0, 0, 8, 30.24
1746825996, 0, 735, 861, 834, 10, 7.25%, 0, 0, 8, 31.35
1746826016, 0, 760, 861, 833, 8, 7.25%, 0, 0, 8, 27.57
1746826103, 0, 760, 862, 834, 8, 7.25%, 0, 0, 8, 20.56
1746826113, 0, 760, 863, 835, 8, 7.25%, 0, 0, 8, 20.65
