# unix_time, cycles_done, cur_path, paths_total, pending_total, pending_favs, map_size, unique_crashes, unique_hangs, max_depth, execs_per_sec
1746558789, 0, 0, 1, 1, 1, 5.40%, 0, 0, 1, 74.77
1746558794, 0, 0, 45, 45, 1, 5.71%, 0, 0, 2, 75.88
1746558799, 0, 0, 85, 85, 1, 6.16%, 0, 0, 2, 73.37
1746558804, 0, 0, 113, 113, 1, 6.17%, 0, 0, 2, 77.00
1746558809, 0, 0, 139, 139, 1, 6.18%, 0, 0, 2, 71.59
1746558815, 0, 0, 161, 161, 1, 6.18%, 0, 0, 2, 73.44
1746558820, 0, 0, 180, 180, 1, 6.20%, 0, 0, 2, 71.00
1746558825, 0, 0, 189, 189, 1, 6.20%, 0, 0, 2, 65.36
1746558830, 0, 0, 202, 202, 1, 6.20%, 0, 0, 2, 65.42
1746558835, 0, 0, 213, 213, 1, 6.20%, 0, 0, 2, 68.73
1746558840, 0, 0, 219, 219, 1, 6.20%, 0, 0, 2, 67.78
1746558845, 0, 0, 229, 229, 1, 6.20%, 0, 0, 2, 66.71
1746558850, 0, 0, 236, 236, 1, 6.20%, 0, 0, 2, 68.68
1746558856, 0, 0, 247, 247, 1, 6.20%, 0, 0, 2, 67.48
1746558861, 0, 0, 254, 254, 1, 6.29%, 0, 0, 2, 66.25
1746558866, 0, 0, 259, 259, 1, 6.29%, 0, 0, 2, 68.40
1746558871, 0, 0, 264, 264, 1, 6.30%, 0, 0, 2, 68.70
1746558876, 0, 0, 270, 270, 1, 6.30%, 0, 0, 2, 65.61
1746558881, 0, 0, 275, 275, 1, 6.30%, 0, 0, 2, 67.40
1746558887, 0, 0, 281, 281, 1, 6.30%, 0, 0, 2, 64.24
1746558892, 0, 0, 284, 284, 1, 6.30%, 0, 0, 2, 67.40
1746558897, 0, 0, 289, 289, 1, 6.30%, 0, 0, 2, 62.68
1746558902, 0, 0, 294, 294, 1, 6.30%, 0, 0, 2, 67.20
1746558907, 0, 0, 297, 297, 1, 6.30%, 0, 0, 2, 67.46
1746558913, 0, 0, 299, 299, 1, 6.30%, 0, 0, 2, 70.57
1746558918, 0, 0, 305, 305, 1, 6.30%, 0, 0, 2, 67.46
1746558923, 0, 0, 308, 308, 1, 6.30%, 0, 0, 2, 71.02
1746558928, 0, 0, 312, 312, 1, 6.30%, 0, 0, 2, 71.18
1746558933, 0, 0, 317, 317, 1, 6.30%, 0, 0, 2, 70.31
1746558938, 0, 0, 325, 325, 1, 6.31%, 0, 0, 2, 69.25
1746558943, 0, 0, 329, 329, 1, 6.31%, 0, 0, 2, 68.24
1746558948, 0, 0, 332, 332, 1, 6.74%, 0, 0, 2, 67.07
1746558953, 0, 0, 335, 335, 1, 6.74%, 0, 0, 2, 63.67
1746558959, 0, 0, 337, 337, 1, 6.74%, 0, 0, 2, 67.27
1746558964, 0, 0, 341, 341, 1, 6.74%, 0, 0, 2, 69.20
1746558969, 0, 0, 342, 342, 1, 6.74%, 0, 0, 2, 69.65
1746558974, 0, 0, 343, 343, 1, 6.74%, 0, 0, 2, 70.09
1746558979, 0, 0, 346, 346, 1, 6.74%, 0, 0, 2, 69.45
1746558985, 0, 0, 351, 351, 1, 6.74%, 0, 0, 2, 67.73
1746558990, 0, 0, 354, 354, 1, 6.74%, 0, 0, 2, 69.49
1746558995, 0, 0, 356, 356, 1, 6.74%, 0, 0, 2, 68.70
1746559000, 0, 0, 359, 359, 1, 6.74%, 0, 0, 2, 70.20
1746559005, 0, 0, 363, 363, 1, 6.74%, 0, 0, 2, 70.70
1746559010, 0, 0, 365, 365, 1, 6.74%, 0, 0, 2, 70.23
1746559016, 0, 0, 366, 366, 1, 6.74%, 0, 0, 2, 69.35
1746559021, 0, 0, 368, 368, 1, 6.74%, 0, 0, 2, 68.34
1746559026, 0, 0, 370, 370, 1, 6.74%, 0, 0, 2, 69.77
1746559031, 0, 0, 372, 372, 1, 6.74%, 0, 0, 2, 68.18
1746559036, 0, 0, 373, 373, 1, 6.74%, 0, 0, 2, 68.76
1746559041, 0, 0, 376, 376, 1, 6.74%, 0, 0, 2, 65.48
1746559047, 0, 0, 381, 381, 1, 6.74%, 0, 0, 2, 65.69
1746559057, 0, 0, 383, 383, 1, 6.74%, 0, 0, 2, 67.61
1746559062, 0, 0, 387, 387, 1, 6.74%, 0, 0, 2, 69.30
1746559078, 0, 1, 387, 386, 10, 6.74%, 0, 0, 2, 68.62
1746559088, 0, 6, 390, 388, 9, 6.74%, 0, 0, 3, 66.16
1746559103, 0, 6, 392, 390, 9, 6.74%, 0, 0, 3, 67.48
1746559108, 0, 6, 394, 392, 9, 6.74%, 0, 0, 3, 68.61
1746559114, 0, 6, 396, 394, 9, 6.74%, 0, 0, 3, 69.33
1746559119, 0, 6, 397, 395, 9, 6.74%, 0, 0, 3, 70.01
1746559124, 0, 6, 399, 397, 9, 6.74%, 0, 0, 3, 68.18
1746559139, 0, 6, 403, 401, 9, 6.74%, 0, 0, 3, 70.35
1746559155, 0, 6, 405, 403, 9, 6.74%, 0, 0, 3, 69.60
1746559160, 0, 6, 406, 404, 9, 6.74%, 0, 0, 3, 69.80
1746559165, 0, 6, 407, 405, 9, 6.74%, 0, 0, 3, 69.71
1746559171, 0, 6, 408, 406, 9, 6.74%, 0, 0, 3, 69.62
1746559176, 0, 6, 409, 407, 9, 6.74%, 0, 0, 3, 68.59
1746559181, 0, 6, 410, 408, 9, 6.74%, 0, 0, 3, 68.96
1746559186, 0, 6, 412, 410, 9, 6.74%, 0, 0, 3, 69.84
1746559191, 0, 6, 414, 412, 9, 6.74%, 0, 0, 3, 70.62
1746559196, 0, 6, 415, 413, 9, 6.74%, 0, 0, 3, 69.35
1746559202, 0, 6, 417, 415, 9, 6.74%, 0, 0, 3, 67.62
1746559207, 0, 6, 419, 417, 9, 6.74%, 0, 0, 3, 69.06
1746559233, 0, 6, 420, 418, 9, 6.74%, 0, 0, 3, 69.28
1746559238, 0, 6, 421, 419, 9, 6.74%, 0, 0, 3, 69.22
1746559243, 0, 6, 424, 422, 9, 6.75%, 0, 0, 3, 63.66
1746559258, 0, 6, 425, 423, 9, 6.75%, 0, 0, 3, 71.56
1746559269, 0, 6, 426, 424, 9, 6.75%, 0, 0, 3, 71.06
1746559279, 0, 6, 428, 426, 9, 6.75%, 0, 0, 3, 67.18
1746559289, 0, 6, 430, 428, 9, 6.75%, 0, 0, 3, 68.63
1746559310, 0, 6, 431, 429, 9, 6.75%, 0, 0, 3, 71.15
1746559315, 0, 6, 432, 430, 9, 6.75%, 0, 0, 3, 71.01
1746559326, 0, 9, 433, 430, 10, 6.75%, 0, 0, 3, 72.51
1746559331, 0, 9, 436, 433, 10, 6.75%, 0, 0, 3, 72.30
1746559336, 0, 9, 437, 434, 10, 6.75%, 0, 0, 3, 72.99
1746559346, 0, 9, 438, 435, 10, 6.75%, 0, 0, 3, 76.14
1746559361, 0, 9, 439, 436, 10, 6.75%, 0, 0, 3, 69.99
1746559372, 0, 9, 441, 438, 10, 6.75%, 0, 0, 3, 75.41
1746559377, 0, 9, 442, 439, 10, 6.75%, 0, 0, 3, 78.72
1746559382, 0, 9, 444, 441, 10, 6.75%, 0, 0, 3, 72.80
1746559387, 0, 9, 445, 442, 10, 6.75%, 0, 0, 3, 74.72
1746559408, 0, 9, 446, 443, 10, 6.95%, 0, 0, 3, 70.75
1746559413, 0, 9, 447, 444, 10, 6.95%, 0, 0, 3, 71.92
1746559428, 0, 9, 449, 446, 10, 6.95%, 0, 0, 3, 75.04
1746559439, 0, 9, 450, 447, 10, 6.95%, 0, 0, 3, 74.93
1746559444, 0, 9, 451, 448, 10, 6.95%, 0, 0, 3, 74.78
1746559449, 0, 9, 452, 449, 10, 6.95%, 0, 0, 3, 72.57
1746559475, 0, 9, 456, 453, 10, 6.95%, 0, 0, 3, 74.66
1746559480, 0, 9, 457, 454, 10, 6.95%, 0, 0, 3, 74.55
1746559495, 0, 26, 457, 453, 11, 6.95%, 0, 0, 3, 76.14
1746559506, 0, 39, 457, 452, 11, 6.95%, 0, 0, 3, 72.02
1746559511, 0, 133, 457, 451, 10, 6.95%, 0, 0, 3, 70.44
1746559516, 0, 133, 460, 454, 10, 6.95%, 0, 0, 3, 65.44
1746559521, 0, 133, 461, 455, 10, 6.95%, 0, 0, 3, 65.72
1746559532, 0, 148, 461, 454, 10, 6.95%, 0, 0, 3, 63.33
1746559537, 0, 148, 463, 456, 10, 6.95%, 0, 0, 3, 58.54
1746559582, 0, 209, 463, 455, 10, 6.95%, 0, 0, 3, 58.23
1746559593, 0, 209, 464, 456, 10, 6.95%, 0, 0, 3, 65.03
1746559608, 0, 217, 467, 458, 10, 6.95%, 0, 0, 3, 57.05
1746559613, 0, 217, 468, 459, 10, 6.95%, 0, 0, 3, 55.47
1746559618, 0, 217, 469, 460, 10, 6.95%, 0, 0, 3, 55.88
1746559628, 0, 217, 470, 461, 10, 6.95%, 0, 0, 3, 53.80
1746559643, 0, 288, 477, 467, 9, 6.95%, 0, 0, 3, 43.57
1746559648, 0, 288, 487, 477, 9, 6.95%, 0, 0, 3, 28.02
1746559653, 0, 288, 496, 486, 9, 6.95%, 0, 0, 3, 27.29
1746559658, 0, 288, 502, 492, 9, 6.95%, 0, 0, 3, 26.55
1746559664, 0, 288, 505, 495, 9, 6.95%, 0, 0, 3, 41.89
1746559669, 0, 288, 507, 497, 9, 6.95%, 0, 0, 3, 36.09
1746559674, 0, 288, 518, 508, 9, 6.97%, 0, 0, 3, 28.98
1746559679, 0, 288, 524, 514, 9, 6.97%, 0, 0, 3, 26.13
1746559684, 0, 288, 530, 520, 9, 6.97%, 0, 0, 3, 24.56
1746559689, 0, 288, 540, 530, 9, 6.97%, 0, 0, 3, 23.21
1746559694, 0, 288, 548, 538, 9, 6.97%, 0, 0, 3, 26.73
1746559699, 0, 288, 558, 548, 9, 6.97%, 0, 0, 3, 30.71
1746559709, 0, 288, 568, 558, 9, 6.97%, 0, 0, 3, 31.99
1746559714, 0, 288, 569, 559, 9, 6.97%, 0, 0, 3, 41.93
1746559720, 0, 288, 575, 565, 9, 6.97%, 0, 0, 3, 33.69
1746559725, 0, 288, 577, 567, 9, 6.97%, 0, 0, 3, 49.43
1746559730, 0, 288, 578, 568, 9, 6.97%, 0, 0, 3, 52.53
1746559735, 0, 288, 580, 570, 9, 6.97%, 0, 0, 3, 53.26
1746559740, 0, 288, 582, 572, 9, 6.97%, 0, 0, 3, 54.76
1746559745, 0, 288, 583, 573, 9, 6.97%, 0, 0, 3, 57.55
1746559750, 0, 288, 585, 575, 9, 6.97%, 0, 0, 3, 51.16
1746559755, 0, 288, 586, 576, 9, 6.97%, 0, 0, 3, 56.40
1746559760, 0, 288, 591, 581, 9, 6.97%, 0, 0, 3, 49.20
1746559766, 0, 288, 592, 582, 9, 6.97%, 0, 0, 3, 55.28
1746559771, 0, 288, 595, 585, 9, 6.97%, 0, 0, 3, 49.30
1746559776, 0, 288, 597, 587, 9, 6.97%, 0, 0, 3, 53.31
1746559781, 0, 288, 598, 588, 9, 6.97%, 0, 0, 3, 52.64
1746559786, 0, 288, 601, 591, 9, 6.97%, 0, 0, 3, 49.72
1746559796, 0, 288, 602, 592, 9, 6.97%, 0, 0, 3, 54.30
1746559801, 0, 288, 606, 596, 9, 6.97%, 0, 0, 3, 50.38
1746559811, 0, 288, 607, 597, 9, 6.97%, 0, 0, 3, 54.98
1746559827, 0, 288, 608, 598, 9, 6.97%, 0, 0, 3, 52.53
1746559832, 0, 288, 609, 599, 9, 6.97%, 0, 0, 3, 53.29
1746559842, 0, 288, 612, 602, 9, 6.97%, 0, 0, 3, 51.48
1746559852, 0, 288, 614, 604, 9, 6.97%, 0, 0, 3, 53.19
1746559857, 0, 288, 615, 605, 9, 6.97%, 0, 0, 3, 52.08
1746559872, 0, 288, 616, 606, 9, 6.97%, 0, 0, 3, 55.13
1746559878, 0, 288, 617, 607, 9, 6.97%, 0, 0, 3, 55.59
1746559883, 0, 288, 618, 608, 9, 6.97%, 0, 0, 3, 54.57
1746559893, 0, 288, 619, 609, 9, 6.97%, 0, 0, 3, 55.35
1746559903, 0, 288, 621, 611, 9, 6.97%, 0, 0, 3, 53.31
1746559908, 0, 288, 622, 612, 9, 6.97%, 0, 0, 3, 54.40
1746559913, 0, 288, 625, 615, 9, 6.97%, 0, 0, 3, 51.96
1746559918, 0, 288, 627, 617, 9, 6.97%, 0, 0, 3, 52.35
1746559948, 0, 288, 628, 618, 9, 6.97%, 0, 0, 3, 54.63
1746559953, 0, 288, 630, 620, 9, 6.97%, 0, 0, 3, 55.23
1746559959, 0, 288, 632, 622, 9, 6.97%, 0, 0, 3, 49.24
1746559969, 0, 288, 633, 623, 9, 6.97%, 0, 0, 3, 56.82
1746559979, 0, 288, 634, 624, 9, 6.97%, 0, 0, 3, 54.75
1746559994, 0, 288, 636, 626, 9, 6.97%, 0, 0, 3, 55.00
1746559999, 0, 288, 638, 628, 9, 6.97%, 0, 0, 3, 56.32
1746560024, 0, 288, 639, 629, 9, 6.97%, 0, 0, 3, 52.53
1746560029, 0, 288, 641, 631, 9, 6.97%, 0, 0, 3, 56.06
1746560035, 0, 352, 641, 630, 15, 6.97%, 0, 0, 3, 53.81
1746560045, 0, 392, 641, 629, 14, 6.97%, 0, 0, 3, 66.70
1746560050, 0, 392, 642, 630, 14, 6.97%, 0, 0, 4, 69.18
1746560060, 0, 442, 647, 634, 14, 6.97%, 0, 0, 4, 51.69
1746560065, 0, 442, 649, 636, 14, 6.97%, 0, 0, 4, 48.46
1746560070, 0, 442, 651, 638, 14, 6.97%, 0, 0, 4, 43.10
1746560081, 0, 442, 652, 639, 14, 6.97%, 0, 0, 4, 57.80
1746560086, 0, 442, 653, 640, 14, 6.97%, 0, 0, 4, 61.23
1746560111, 0, 442, 654, 641, 14, 6.97%, 0, 0, 4, 62.39
1746560142, 0, 451, 654, 640, 14, 6.97%, 0, 0, 4, 61.62
1746560147, 0, 451, 656, 642, 14, 6.97%, 0, 0, 4, 51.46
1746560157, 0, 458, 656, 641, 13, 6.97%, 0, 0, 4, 62.14
1746560167, 0, 487, 656, 640, 12, 6.97%, 0, 0, 4, 63.02
1746560172, 0, 487, 657, 641, 12, 6.97%, 0, 0, 4, 40.89
1746560177, 0, 487, 658, 642, 12, 6.97%, 0, 0, 4, 43.13
1746560198, 0, 487, 659, 643, 12, 6.97%, 0, 0, 4, 33.81
1746560203, 0, 487, 660, 644, 12, 6.97%, 0, 0, 4, 34.88
1746560208, 0, 487, 662, 646, 12, 6.97%, 0, 0, 4, 41.33
1746560213, 0, 487, 663, 647, 12, 6.97%, 0, 0, 4, 37.26
1746560223, 0, 488, 663, 646, 11, 6.97%, 0, 0, 4, 43.20
1746560228, 0, 488, 664, 647, 11, 6.97%, 0, 0, 4, 35.73
1746560234, 0, 488, 665, 648, 11, 6.97%, 0, 0, 4, 43.50
1746560244, 0, 488, 666, 649, 11, 6.97%, 0, 0, 4, 28.10
1746560249, 0, 488, 668, 651, 11, 6.97%, 0, 0, 4, 26.89
1746560264, 0, 488, 671, 654, 11, 6.97%, 0, 0, 4, 44.42
1746560269, 0, 488, 672, 655, 11, 6.97%, 0, 0, 4, 35.02
1746560279, 0, 489, 673, 655, 12, 6.97%, 0, 0, 4, 38.57
1746560285, 0, 489, 675, 657, 12, 6.97%, 0, 0, 4, 33.97
1746560290, 0, 489, 678, 660, 12, 6.97%, 0, 0, 4, 39.95
1746560305, 0, 489, 680, 662, 12, 6.97%, 0, 0, 4, 25.76
1746560310, 0, 489, 682, 664, 12, 6.97%, 0, 0, 4, 29.78
1746560336, 0, 489, 684, 666, 12, 6.97%, 0, 0, 4, 45.38
1746560341, 0, 489, 685, 667, 12, 6.97%, 0, 0, 4, 47.85
1746560346, 0, 489, 686, 668, 12, 6.97%, 0, 0, 4, 48.97
1746560351, 0, 489, 687, 669, 12, 6.97%, 0, 0, 4, 47.47
1746560371, 0, 489, 688, 670, 12, 6.97%, 0, 0, 4, 50.02
1746560381, 0, 489, 690, 672, 12, 6.97%, 0, 0, 4, 47.84
1746560387, 0, 489, 694, 676, 12, 6.97%, 0, 0, 4, 47.52
1746560392, 0, 489, 695, 677, 12, 6.98%, 0, 0, 4, 47.88
1746560397, 0, 489, 697, 679, 12, 6.98%, 0, 0, 4, 48.32
1746560417, 0, 489, 699, 681, 12, 6.98%, 0, 0, 4, 47.03
1746560422, 0, 489, 700, 682, 12, 6.98%, 0, 0, 4, 48.43
1746560463, 0, 489, 701, 683, 12, 6.98%, 0, 0, 4, 46.78
1746560468, 0, 489, 702, 684, 12, 7.02%, 0, 0, 4, 46.09
1746560478, 0, 489, 703, 685, 12, 7.02%, 0, 0, 4, 49.85
1746560493, 0, 489, 705, 687, 12, 7.02%, 0, 0, 4, 50.60
1746560514, 0, 489, 707, 689, 12, 7.02%, 0, 0, 4, 43.74
1746560544, 0, 489, 708, 690, 12, 7.02%, 0, 0, 4, 52.58
1746560550, 0, 489, 709, 691, 12, 7.02%, 0, 0, 4, 51.06
1746560560, 0, 489, 711, 693, 12, 7.02%, 0, 0, 4, 46.93
1746560570, 0, 489, 713, 695, 12, 7.02%, 0, 0, 4, 49.32
1746560580, 0, 489, 714, 696, 12, 7.02%, 0, 0, 4, 48.77
1746560585, 0, 490, 715, 696, 12, 7.02%, 0, 0, 4, 39.81
1746560600, 0, 490, 717, 698, 12, 7.22%, 0, 0, 4, 34.35
1746560631, 0, 490, 718, 699, 12, 7.22%, 0, 0, 4, 37.26
1746560646, 0, 507, 718, 698, 10, 7.22%, 0, 0, 4, 46.95
1746560692, 0, 507, 719, 699, 10, 7.22%, 0, 0, 4, 34.70
1746560702, 0, 608, 719, 698, 9, 7.22%, 0, 0, 4, 39.50
1746560708, 0, 608, 721, 700, 9, 7.22%, 0, 0, 4, 34.23
1746560713, 0, 608, 722, 701, 9, 7.22%, 0, 0, 4, 41.31
1746560723, 0, 608, 724, 703, 9, 7.22%, 0, 0, 4, 28.71
1746560728, 0, 608, 725, 704, 9, 7.22%, 0, 0, 4, 25.16
1746560733, 0, 608, 726, 705, 9, 7.22%, 0, 0, 4, 30.40
1746560759, 0, 624, 726, 704, 9, 7.22%, 0, 0, 4, 48.50
1746560774, 0, 624, 728, 706, 9, 7.22%, 0, 0, 4, 47.67
1746560784, 0, 624, 729, 707, 9, 7.22%, 0, 0, 4, 53.87
1746560789, 0, 624, 730, 708, 9, 7.22%, 0, 0, 4, 54.33
1746560815, 0, 624, 731, 709, 9, 7.22%, 0, 0, 4, 52.23
1746560855, 0, 646, 731, 708, 9, 7.22%, 0, 0, 4, 48.90
1746560876, 0, 646, 732, 709, 9, 7.22%, 0, 0, 5, 51.99
1746560911, 0, 647, 732, 708, 8, 7.22%, 0, 0, 5, 54.01
1746560947, 0, 658, 733, 708, 7, 7.22%, 0, 0, 5, 47.75
1746560952, 0, 658, 735, 710, 7, 7.22%, 0, 0, 5, 38.57
1746560957, 0, 658, 737, 712, 7, 7.22%, 0, 0, 5, 42.21
1746560967, 0, 658, 738, 713, 7, 7.22%, 0, 0, 5, 31.10
1746560972, 0, 658, 743, 718, 7, 7.22%, 0, 0, 5, 28.90
1746560977, 0, 658, 744, 719, 7, 7.22%, 0, 0, 5, 28.87
1746560983, 0, 658, 745, 720, 7, 7.22%, 0, 0, 5, 39.03
1746560993, 0, 658, 746, 721, 7, 7.22%, 0, 0, 5, 40.48
1746561013, 0, 670, 747, 721, 6, 7.22%, 0, 0, 5, 41.66
1746561018, 0, 670, 748, 722, 6, 7.22%, 0, 0, 5, 35.41
1746561064, 0, 670, 749, 723, 6, 7.22%, 0, 0, 5, 48.40
1746561079, 0, 670, 750, 724, 6, 7.22%, 0, 0, 5, 50.66
1746561094, 0, 670, 751, 725, 6, 7.22%, 0, 0, 5, 48.38
1746561110, 0, 670, 752, 726, 6, 7.22%, 0, 0, 5, 47.94
1746561120, 0, 670, 753, 727, 6, 7.22%, 0, 0, 5, 48.55
1746561125, 0, 670, 754, 728, 6, 7.42%, 0, 0, 5, 48.27
1746561176, 0, 670, 755, 729, 6, 7.42%, 0, 0, 5, 48.55
1746561231, 0, 670, 756, 730, 6, 7.42%, 0, 0, 5, 49.67
1746561241, 0, 670, 757, 731, 6, 7.42%, 0, 0, 5, 52.04
1746561267, 0, 670, 758, 732, 6, 7.42%, 0, 0, 5, 52.33
1746561272, 0, 670, 759, 733, 6, 7.42%, 0, 0, 5, 51.79
1746561282, 0, 670, 760, 734, 6, 7.42%, 0, 0, 5, 46.96
1746561297, 0, 670, 761, 735, 6, 7.42%, 0, 0, 5, 49.22
1746561302, 0, 694, 761, 734, 6, 7.42%, 0, 0, 5, 49.26
1746561307, 0, 694, 763, 736, 6, 7.42%, 0, 0, 5, 36.16
1746561318, 0, 694, 764, 737, 6, 7.42%, 0, 0, 5, 43.30
1746561328, 0, 694, 765, 738, 6, 7.42%, 0, 0, 5, 26.65
1746561338, 0, 694, 766, 739, 6, 7.42%, 0, 0, 5, 37.98
1746561368, 0, 701, 767, 739, 6, 7.42%, 0, 0, 5, 39.58
1746561374, 0, 701, 768, 740, 6, 7.42%, 0, 0, 5, 22.62
1746561379, 0, 701, 769, 741, 6, 7.42%, 0, 0, 5, 23.71
1746561394, 0, 701, 770, 742, 6, 7.43%, 0, 0, 5, 26.07
1746561414, 0, 701, 771, 743, 6, 7.43%, 0, 0, 5, 19.65
1746561420, 0, 701, 774, 746, 6, 7.43%, 0, 0, 5, 18.43
1746561430, 0, 701, 775, 747, 6, 7.43%, 0, 0, 5, 16.08
1746561466, 0, 701, 776, 748, 6, 7.43%, 0, 0, 5, 19.89
1746561491, 0, 701, 777, 749, 6, 7.43%, 0, 0, 5, 20.82
1746561517, 0, 701, 778, 750, 6, 7.43%, 0, 0, 5, 44.45
1746561532, 0, 716, 780, 751, 7, 7.44%, 0, 0, 5, 35.87
1746561537, 0, 716, 782, 753, 7, 7.44%, 0, 0, 5, 32.63
1746561542, 0, 716, 783, 754, 7, 7.44%, 0, 0, 5, 42.79
1746561553, 0, 716, 784, 755, 7, 7.44%, 0, 0, 5, 28.29
1746561558, 0, 716, 787, 758, 7, 7.44%, 0, 0, 5, 24.75
1746561588, 0, 716, 788, 759, 7, 7.44%, 0, 0, 5, 48.22
1746561614, 0, 722, 788, 758, 10, 7.44%, 0, 0, 5, 40.68
1746561665, 0, 722, 789, 759, 10, 7.44%, 0, 0, 5, 50.54
1746561690, 0, 746, 789, 758, 9, 7.44%, 0, 0, 5, 42.80
1746561756, 0, 765, 789, 757, 8, 7.44%, 0, 0, 5, 46.79
1746561761, 0, 765, 791, 759, 8, 7.44%, 0, 0, 6, 38.20
1746561782, 0, 765, 792, 760, 8, 7.44%, 0, 0, 6, 28.17
1746561822, 0, 767, 793, 760, 7, 7.44%, 0, 0, 6, 32.47
1746561884, 0, 767, 794, 761, 7, 7.44%, 0, 0, 6, 15.09
1746561904, 0, 767, 795, 762, 7, 7.45%, 0, 0, 6, 17.87
1746561919, 0, 767, 796, 763, 7, 7.45%, 0, 0, 6, 19.89
1746561955, 0, 767, 797, 764, 7, 7.45%, 0, 0, 6, 17.23
1746561961, 0, 767, 798, 765, 7, 7.45%, 0, 0, 6, 19.48
1746561976, 0, 769, 798, 764, 8, 7.45%, 0, 0, 6, 29.01
1746561981, 0, 769, 800, 766, 8, 7.45%, 0, 0, 6, 18.80
1746561986, 0, 769, 802, 768, 8, 7.45%, 0, 0, 6, 19.95
1746561991, 0, 769, 803, 769, 8, 7.45%, 0, 0, 6, 22.71
1746561996, 0, 769, 804, 770, 8, 7.45%, 0, 0, 6, 18.90
1746562042, 0, 769, 805, 771, 8, 7.45%, 0, 0, 6, 14.51
1746562073, 0, 769, 806, 772, 8, 7.45%, 0, 0, 6, 19.31
1746562078, 0, 769, 807, 773, 8, 7.45%, 0, 0, 6, 16.63
1746562108, 0, 769, 808, 774, 8, 7.45%, 0, 0, 6, 17.18
1746562114, 0, 769, 809, 775, 8, 7.45%, 0, 0, 6, 18.48
1746562129, 0, 779, 810, 775, 8, 7.45%, 0, 0, 6, 35.40
1746562134, 0, 779, 811, 776, 8, 7.45%, 0, 0, 6, 32.88
1746562155, 0, 779, 817, 782, 8, 7.45%, 0, 0, 6, 25.71
1746562160, 0, 779, 821, 786, 8, 7.45%, 0, 0, 6, 27.33
1746562196, 0, 781, 821, 785, 8, 7.45%, 0, 0, 6, 41.89
1746562257, 0, 785, 821, 784, 7, 7.45%, 0, 0, 6, 47.92
1746562262, 0, 785, 822, 785, 7, 7.45%, 0, 0, 6, 34.46
1746562324, 0, 787, 823, 785, 6, 7.45%, 0, 0, 6, 34.80
1746562354, 0, 787, 824, 786, 6, 7.45%, 0, 0, 6, 23.80
1746562380, 0, 787, 826, 788, 6, 7.45%, 0, 0, 6, 25.50
1746562385, 0, 787, 828, 790, 6, 7.45%, 0, 0, 6, 27.53
1746562401, 0, 787, 829, 791, 6, 7.45%, 0, 0, 6, 22.83
1746562406, 0, 787, 830, 792, 6, 7.45%, 0, 0, 6, 38.41
1746562421, 0, 794, 830, 791, 6, 7.45%, 0, 0, 6, 38.19
1746562426, 0, 794, 831, 792, 6, 7.45%, 0, 0, 7, 21.10
1746562446, 0, 794, 832, 793, 6, 7.45%, 0, 0, 7, 29.26
1746562477, 0, 794, 833, 794, 6, 7.45%, 0, 0, 7, 16.70
1746562528, 0, 794, 834, 795, 6, 7.45%, 0, 0, 7, 17.12
1746562533, 0, 794, 839, 800, 6, 7.45%, 0, 0, 7, 15.96
1746562554, 0, 794, 840, 801, 6, 7.45%, 0, 0, 7, 19.97
1746562579, 0, 797, 840, 800, 5, 7.45%, 0, 0, 7, 35.14
1746562584, 0, 797, 841, 801, 5, 7.45%, 0, 0, 7, 20.43
1746562718, 0, 797, 842, 802, 5, 7.45%, 0, 0, 7, 19.91
1746562738, 0, 797, 843, 803, 5, 7.45%, 0, 0, 7, 42.92
1746562753, 0, 819, 843, 802, 4, 7.45%, 0, 0, 7, 36.33
1746562815, 0, 823, 843, 801, 3, 7.45%, 0, 0, 7, 37.65
1746562820, 0, 823, 844, 802, 3, 7.45%, 0, 0, 7, 32.04
1746562835, 0, 823, 845, 803, 3, 7.45%, 0, 0, 7, 29.39
1746562846, 0, 823, 847, 805, 3, 7.45%, 0, 0, 7, 22.71
1746562871, 0, 823, 849, 807, 3, 7.45%, 0, 0, 7, 24.19
1746562907, 0, 830, 849, 806, 2, 7.45%, 0, 0, 7, 46.22
1746562917, 0, 830, 852, 809, 2, 7.45%, 0, 0, 8, 24.51
1746562968, 0, 830, 853, 810, 2, 7.45%, 0, 0, 8, 16.66
1746562979, 0, 830, 854, 811, 2, 7.45%, 0, 0, 8, 14.46
1746562984, 0, 830, 857, 814, 2, 7.45%, 0, 0, 8, 14.11
1746562989, 0, 830, 858, 815, 2, 7.45%, 0, 0, 8, 19.03
1746563025, 0, 830, 860, 817, 2, 7.45%, 0, 0, 8, 35.07
1746563066, 0, 856, 860, 816, 2, 7.45%, 0, 0, 8, 42.83
1746563173, 0, 856, 861, 817, 2, 7.45%, 0, 0, 9, 18.58
1746563193, 0, 856, 862, 818, 2, 7.45%, 0, 0, 9, 24.13
1746563198, 0, 856, 863, 819, 2, 7.45%, 0, 0, 9, 20.22
1746563229, 1, 96, 863, 818, 1, 7.45%, 0, 0, 9, 62.58
1746563245, 1, 96, 864, 819, 1, 7.45%, 0, 0, 9, 64.31
1746563260, 1, 162, 864, 818, 1, 7.45%, 0, 0, 9, 63.31
1746563281, 1, 226, 864, 817, 1, 7.45%, 0, 0, 9, 58.64
1746563296, 1, 327, 864, 816, 1, 7.45%, 0, 0, 9, 57.23
1746563316, 1, 327, 865, 817, 1, 7.45%, 0, 0, 9, 59.23
1746563321, 1, 654, 865, 816, 1, 7.45%, 0, 0, 9, 57.73
1746563347, 1, 675, 865, 815, 1, 7.45%, 0, 0, 9, 46.00
1746563367, 1, 675, 867, 817, 1, 7.45%, 0, 0, 9, 28.79
1746563413, 1, 687, 867, 816, 0, 7.45%, 0, 0, 9, 43.69
1746563464, 1, 694, 867, 815, 0, 7.45%, 0, 0, 9, 54.72
1746563469, 1, 695, 867, 815, 0, 7.45%, 0, 0, 9, 35.90
1746563576, 1, 696, 867, 814, 0, 7.45%, 0, 0, 9, 44.85
1746563642, 1, 699, 867, 813, 0, 7.45%, 0, 0, 9, 37.26
1746563647, 1, 699, 868, 814, 0, 7.45%, 0, 0, 9, 32.64
1746563673, 1, 699, 869, 815, 0, 7.45%, 0, 0, 9, 43.11
1746563790, 1, 699, 870, 816, 0, 7.45%, 0, 0, 9, 29.40
1746563862, 1, 703, 870, 815, 0, 7.45%, 0, 0, 9, 41.43
1746563923, 1, 705, 870, 814, 0, 7.45%, 0, 0, 9, 33.85
1746563959, 1, 705, 871, 815, 0, 7.45%, 0, 0, 9, 17.96
1746564005, 1, 710, 871, 814, 0, 7.45%, 0, 0, 9, 40.43
1746564020, 1, 710, 872, 815, 0, 7.45%, 0, 0, 9, 35.51
1746564066, 1, 710, 873, 816, 0, 7.45%, 0, 0, 9, 51.39
1746564091, 1, 722, 873, 815, 1, 7.45%, 0, 0, 9, 52.56
1746564096, 1, 732, 873, 815, 1, 7.45%, 0, 0, 9, 43.89
1746564127, 1, 732, 874, 816, 1, 7.45%, 0, 0, 9, 42.03
1746564163, 1, 871, 874, 815, 1, 7.45%, 0, 0, 9, 41.78
1746564254, 1, 872, 874, 814, 0, 7.45%, 0, 0, 9, 38.10
1746564341, 2, 1, 874, 813, 0, 7.45%, 0, 0, 9, 60.03
1746564346, 2, 3, 874, 813, 0, 7.45%, 0, 0, 9, 65.16
1746564356, 2, 3, 876, 815, 0, 7.45%, 0, 0, 9, 59.21
1746564382, 2, 3, 877, 816, 0, 7.45%, 0, 0, 9, 59.26
1746564392, 2, 3, 879, 818, 0, 7.45%, 0, 0, 9, 56.46
1746564413, 2, 3, 881, 820, 0, 7.45%, 0, 0, 9, 59.94
1746564480, 2, 3, 882, 821, 0, 7.45%, 0, 0, 9, 57.55
1746564495, 2, 3, 883, 822, 0, 7.45%, 0, 0, 9, 63.34
1746564521, 2, 3, 884, 823, 0, 7.52%, 0, 0, 9, 5.42
1746564547, 2, 67, 884, 822, 1, 7.52%, 0, 0, 9, 68.63
1746564562, 2, 107, 884, 821, 1, 7.52%, 0, 0, 9, 60.14
1746564577, 2, 110, 884, 820, 1, 7.52%, 0, 0, 9, 66.70
1746564593, 2, 233, 884, 819, 1, 7.52%, 0, 0, 9, 62.48
1746564598, 2, 233, 885, 820, 1, 7.52%, 0, 0, 9, 61.49
1746564613, 2, 323, 885, 819, 1, 7.52%, 0, 0, 9, 63.90
1746564629, 2, 414, 885, 818, 1, 7.52%, 0, 0, 9, 54.74
1746564664, 2, 440, 885, 817, 1, 7.52%, 0, 0, 9, 53.79
1746564679, 2, 505, 885, 816, 1, 7.52%, 0, 0, 9, 54.37
1746564741, 2, 539, 885, 815, 1, 7.52%, 0, 0, 9, 39.35
1746564797, 2, 574, 885, 814, 1, 7.52%, 0, 0, 9, 41.46
1746564853, 2, 574, 886, 815, 1, 7.52%, 0, 0, 9, 51.56
1746564858, 2, 574, 887, 816, 1, 7.52%, 0, 0, 9, 49.67
1746564878, 2, 574, 888, 817, 1, 7.52%, 0, 0, 9, 2.09
1746564893, 2, 574, 889, 818, 1, 7.52%, 0, 0, 9, 7.27
1746564929, 2, 574, 890, 819, 1, 7.52%, 0, 0, 9, 50.34
1746565015, 2, 574, 891, 820, 1, 7.52%, 0, 0, 9, 50.38
1746565091, 2, 574, 892, 821, 1, 7.52%, 0, 0, 9, 51.46
1746565126, 2, 574, 893, 822, 1, 7.52%, 0, 0, 9, 50.57
1746565146, 2, 574, 894, 823, 1, 7.52%, 0, 0, 9, 54.25
1746565161, 2, 574, 895, 824, 1, 7.52%, 0, 0, 9, 52.44
1746565166, 2, 713, 895, 823, 2, 7.52%, 0, 0, 9, 51.41
1746565212, 2, 713, 896, 824, 2, 7.52%, 0, 0, 9, 43.20
1746565243, 2, 769, 896, 823, 2, 7.52%, 0, 0, 9, 46.40
1746565248, 2, 793, 896, 823, 2, 7.52%, 0, 0, 9, 36.79
1746565406, 2, 883, 896, 822, 2, 7.52%, 0, 0, 9, 5.21
1746566428, 2, 883, 897, 823, 2, 7.52%, 0, 0, 9, 1.91
1746566439, 2, 883, 898, 824, 2, 7.52%, 0, 0, 9, 1.89
1746566450, 2, 883, 899, 825, 2, 7.52%, 0, 0, 9, 4.44
1746566455, 2, 883, 900, 826, 2, 7.52%, 0, 0, 9, 3.38
1746566471, 2, 883, 901, 827, 2, 7.52%, 0, 0, 9, 2.26
1746566476, 2, 883, 902, 828, 2, 7.52%, 0, 0, 9, 12.07
1746566486, 2, 883, 903, 829, 2, 7.52%, 0, 0, 9, 1.98
1746566518, 2, 883, 904, 830, 2, 7.52%, 0, 0, 9, 2.41
1746566571, 2, 883, 905, 831, 2, 7.52%, 0, 0, 9, 3.04
1746566576, 2, 883, 906, 832, 2, 7.52%, 0, 0, 9, 3.07
1746566617, 2, 883, 907, 833, 2, 7.52%, 0, 0, 9, 2.95
1746566627, 2, 883, 908, 834, 2, 7.52%, 0, 0, 9, 2.29
1746566710, 2, 883, 909, 835, 2, 7.52%, 0, 0, 9, 3.03
1746566809, 2, 883, 910, 836, 2, 7.52%, 0, 0, 9, 4.06
1746566851, 2, 883, 911, 837, 2, 7.52%, 0, 0, 9, 6.37
1746566857, 2, 883, 913, 839, 2, 7.52%, 0, 0, 9, 6.34
1746566862, 2, 883, 914, 840, 2, 7.52%, 0, 0, 9, 6.49
1746566883, 2, 883, 916, 842, 2, 7.52%, 0, 0, 9, 4.26
1746566889, 2, 883, 917, 843, 2, 7.52%, 0, 0, 9, 3.08
1746566952, 2, 883, 920, 846, 2, 7.52%, 0, 0, 9, 3.13
1746566957, 2, 883, 922, 848, 2, 7.52%, 0, 0, 9, 27.64
1746566962, 2, 883, 923, 849, 2, 7.52%, 0, 0, 9, 2.99
1746566973, 2, 883, 924, 850, 2, 7.52%, 0, 0, 9, 1.87
1746566978, 2, 883, 925, 851, 2, 7.52%, 0, 0, 9, 1.54
1746566983, 2, 883, 927, 853, 2, 7.52%, 0, 0, 9, 31.89
1746566989, 2, 883, 928, 854, 2, 7.52%, 0, 0, 9, 1.89
1746566995, 2, 883, 929, 855, 2, 7.52%, 0, 0, 9, 1.89
1746567000, 2, 883, 931, 857, 2, 7.52%, 0, 0, 9, 4.68
1746567005, 2, 883, 933, 859, 2, 7.52%, 0, 0, 9, 4.88
1746567010, 2, 883, 934, 860, 2, 7.52%, 0, 0, 9, 1.56
1746567021, 2, 883, 935, 861, 2, 7.52%, 0, 0, 9, 1.74
1746567026, 2, 883, 937, 863, 2, 7.52%, 0, 0, 9, 31.01
1746567032, 2, 883, 939, 865, 2, 7.52%, 0, 0, 9, 30.73
1746567038, 2, 883, 941, 867, 2, 7.52%, 0, 0, 9, 30.59
1746567044, 2, 883, 943, 869, 2, 7.52%, 0, 0, 9, 30.45
1746567049, 2, 883, 944, 870, 2, 7.52%, 0, 0, 9, 1.89
1746567055, 2, 883, 946, 872, 2, 7.52%, 0, 0, 9, 30.18
1746567060, 2, 883, 947, 873, 2, 7.52%, 0, 0, 9, 1.89
1746567666, 2, 883, 948, 874, 2, 7.52%, 0, 0, 9, 17.50
1746567677, 2, 883, 949, 875, 2, 7.52%, 0, 0, 9, 1.71
1746567789, 2, 883, 950, 876, 2, 7.52%, 0, 0, 9, 1.56
1746567913, 2, 883, 951, 877, 2, 7.52%, 0, 0, 9, 1.78
1746567993, 2, 883, 952, 878, 2, 7.52%, 0, 0, 9, 16.10
1746568046, 2, 883, 953, 879, 2, 7.52%, 0, 0, 9, 1.58
1746568063, 2, 883, 954, 880, 2, 7.52%, 0, 0, 9, 1.58
1746568095, 2, 883, 955, 881, 2, 7.52%, 0, 0, 9, 14.08
1746568186, 2, 883, 956, 882, 2, 7.52%, 0, 0, 9, 14.82
1746569137, 2, 883, 957, 883, 2, 7.52%, 0, 0, 9, 11.82
1746569257, 2, 883, 958, 884, 2, 7.52%, 0, 0, 9, 1.56
1746569420, 2, 883, 959, 885, 2, 7.52%, 0, 0, 9, 1.69
1746569431, 2, 883, 960, 886, 2, 7.52%, 0, 0, 9, 1.55
1746569436, 2, 883, 961, 887, 2, 7.52%, 0, 0, 9, 1.73
1746569446, 2, 883, 963, 889, 2, 7.52%, 0, 0, 9, 1.72
1746569451, 2, 883, 964, 890, 2, 7.52%, 0, 0, 9, 1.73
1746569462, 2, 883, 965, 891, 2, 7.52%, 0, 0, 9, 10.56
1746569467, 2, 883, 966, 892, 2, 7.52%, 0, 0, 9, 1.77
1746569487, 2, 883, 967, 893, 2, 7.52%, 0, 0, 9, 1.56
1746569498, 2, 883, 968, 894, 2, 7.52%, 0, 0, 9, 1.58
1746569508, 2, 883, 969, 895, 2, 7.52%, 0, 0, 9, 1.73
1746569540, 2, 883, 970, 896, 2, 7.52%, 0, 0, 9, 1.64
1746569550, 2, 883, 971, 897, 2, 7.52%, 0, 0, 9, 1.62
1746569581, 2, 883, 972, 898, 2, 7.52%, 0, 0, 9, 1.76
1746569591, 2, 883, 973, 899, 2, 7.52%, 0, 0, 9, 1.73
1746569596, 2, 883, 974, 900, 2, 7.52%, 0, 0, 9, 1.76
1746569742, 2, 883, 975, 901, 2, 7.52%, 0, 0, 9, 10.18
1746569762, 2, 883, 976, 902, 2, 7.52%, 0, 0, 9, 1.77
1746569878, 2, 883, 977, 903, 2, 7.52%, 0, 0, 9, 1.61
1746570735, 2, 883, 978, 904, 2, 7.52%, 0, 0, 9, 4.54
1746570943, 2, 883, 979, 905, 2, 7.52%, 0, 0, 9, 3.97
1746571438, 2, 883, 980, 906, 2, 7.52%, 0, 0, 9, 3.90
1746571906, 2, 883, 981, 907, 2, 7.52%, 0, 0, 9, 3.39
1746572164, 2, 883, 982, 908, 2, 7.52%, 0, 0, 9, 3.70
1746572174, 2, 883, 983, 909, 2, 7.52%, 0, 0, 9, 3.69
1746572501, 2, 883, 984, 910, 2, 7.52%, 0, 0, 9, 3.43
1746572576, 2, 883, 985, 911, 2, 7.52%, 0, 0, 9, 3.42
1746572624, 2, 883, 986, 912, 2, 7.52%, 0, 0, 9, 3.41
1746572661, 2, 883, 987, 913, 2, 7.52%, 0, 0, 9, 3.18
1746572840, 2, 883, 989, 915, 2, 7.52%, 0, 0, 9, 3.55
1746572846, 2, 883, 990, 916, 2, 7.52%, 0, 0, 9, 3.73
1746572899, 2, 883, 991, 917, 2, 7.52%, 0, 0, 9, 3.37
1746573109, 2, 883, 992, 918, 2, 7.52%, 0, 0, 9, 3.35
1746573172, 2, 883, 993, 919, 2, 7.52%, 0, 0, 9, 3.34
1746573667, 2, 883, 994, 920, 2, 7.52%, 0, 0, 9, 3.60
1746573877, 2, 883, 995, 921, 2, 7.52%, 0, 0, 9, 3.33
1746573929, 2, 883, 996, 922, 2, 7.52%, 0, 0, 9, 3.51
1746574153, 2, 883, 997, 923, 2, 7.52%, 0, 0, 9, 3.44
1746574653, 2, 883, 998, 924, 2, 7.52%, 0, 0, 9, 3.36
1746575226, 2, 883, 999, 925, 2, 7.52%, 0, 0, 9, 3.31
1746575299, 2, 883, 1000, 926, 2, 7.52%, 0, 0, 9, 3.16
1746576470, 2, 883, 1001, 927, 2, 7.52%, 0, 0, 9, 2.91
1746577612, 2, 883, 1002, 928, 2, 7.52%, 0, 0, 9, 2.67
1746578858, 2, 883, 1003, 929, 2, 7.52%, 0, 0, 9, 2.63
1746580645, 2, 883, 1004, 930, 2, 7.52%, 0, 0, 9, 2.41
1746580906, 2, 883, 1005, 931, 2, 7.52%, 0, 0, 9, 2.33
1746580916, 2, 883, 1006, 932, 2, 7.52%, 0, 0, 9, 2.31
1746581001, 2, 883, 1007, 933, 2, 7.52%, 0, 0, 9, 2.22
1746581006, 2, 883, 1008, 934, 2, 7.52%, 0, 0, 9, 2.47
1746581071, 2, 883, 1009, 935, 2, 7.52%, 0, 0, 9, 2.34
1746581076, 2, 883, 1010, 936, 2, 7.52%, 0, 0, 9, 2.35
1746581087, 2, 883, 1011, 937, 2, 7.52%, 0, 0, 9, 2.31
1746581098, 2, 883, 1012, 938, 2, 7.52%, 0, 0, 9, 2.30
1746581108, 2, 883, 1013, 939, 2, 7.52%, 0, 0, 9, 2.39
1746581270, 2, 883, 1014, 940, 2, 7.52%, 0, 0, 9, 2.29
1746581342, 2, 883, 1015, 941, 2, 7.52%, 0, 0, 9, 2.25
1746581352, 2, 883, 1016, 942, 2, 7.52%, 0, 0, 9, 2.38
1746581358, 2, 883, 1017, 943, 2, 7.52%, 0, 0, 9, 2.42
1746581368, 2, 883, 1018, 944, 2, 7.52%, 0, 0, 9, 2.36
1746581440, 2, 883, 1019, 945, 2, 7.52%, 0, 0, 9, 2.36
1746581478, 2, 883, 1020, 946, 2, 7.52%, 0, 0, 9, 2.32
1746582322, 2, 883, 1021, 947, 2, 7.52%, 0, 0, 9, 2.19
1746582405, 2, 883, 1022, 948, 2, 7.52%, 0, 0, 9, 2.22
1746582416, 2, 883, 1023, 949, 2, 7.52%, 0, 0, 9, 2.21
1746583562, 2, 883, 1024, 950, 2, 7.52%, 0, 0, 9, 2.09
1746583631, 2, 883, 1025, 951, 2, 7.52%, 0, 0, 9, 2.18
1746584202, 2, 883, 1026, 952, 2, 7.52%, 0, 0, 9, 2.11
1746584461, 2, 883, 1027, 953, 2, 7.52%, 0, 0, 9, 2.09
1746585092, 2, 883, 1028, 954, 2, 7.52%, 0, 0, 9, 2.01
1746585965, 2, 883, 1029, 955, 2, 7.52%, 0, 0, 9, 1.94
1746586406, 2, 883, 1030, 956, 2, 7.52%, 0, 0, 9, 1.94
1746586490, 2, 883, 1031, 957, 2, 7.52%, 0, 0, 9, 1.94
1746591542, 2, 883, 1032, 958, 2, 7.52%, 0, 0, 9, 1.75
1746599159, 2, 883, 1033, 959, 2, 7.52%, 0, 0, 9, 2.88
