# unix_time, cycles_done, cur_path, paths_total, pending_total, pending_favs, map_size, unique_crashes, unique_hangs, max_depth, execs_per_sec
1746611824, 0, 0, 1, 1, 1, 4.88%, 0, 0, 1, 39.41
1746611829, 0, 0, 26, 26, 1, 6.10%, 0, 0, 2, 43.87
1746611834, 0, 0, 53, 53, 1, 6.10%, 0, 0, 2, 46.60
1746611839, 0, 0, 80, 80, 1, 6.10%, 0, 0, 2, 48.03
1746611844, 0, 0, 94, 94, 1, 7.75%, 0, 0, 2, 35.32
1746611849, 0, 0, 110, 110, 1, 7.82%, 0, 0, 2, 39.03
1746611854, 0, 0, 124, 124, 1, 8.05%, 0, 0, 2, 38.41
1746611859, 0, 0, 133, 133, 1, 8.06%, 0, 0, 2, 25.00
1746611864, 0, 0, 146, 146, 1, 8.06%, 0, 0, 2, 31.04
1746611870, 0, 0, 164, 164, 1, 8.11%, 0, 0, 2, 36.85
1746611875, 0, 0, 176, 176, 1, 8.11%, 0, 0, 2, 35.15
1746611880, 0, 0, 187, 187, 1, 8.12%, 0, 0, 2, 34.03
1746611885, 0, 0, 193, 193, 1, 8.12%, 0, 0, 2, 16.90
1746611890, 0, 0, 204, 204, 1, 8.12%, 0, 0, 2, 29.43
1746611895, 0, 0, 216, 216, 1, 8.12%, 0, 0, 2, 35.37
1746611900, 0, 0, 224, 224, 1, 8.12%, 0, 0, 2, 36.54
1746611905, 0, 0, 233, 233, 1, 8.17%, 0, 0, 2, 25.08
1746611911, 0, 0, 240, 240, 1, 8.17%, 0, 0, 2, 31.64
1746611916, 0, 0, 247, 247, 1, 8.19%, 0, 0, 2, 29.81
1746611921, 0, 0, 254, 254, 1, 8.25%, 0, 0, 2, 30.73
1746611926, 0, 0, 260, 260, 1, 8.25%, 0, 0, 2, 32.39
1746611931, 0, 0, 271, 271, 1, 8.25%, 0, 0, 2, 31.94
1746611936, 0, 0, 276, 276, 1, 8.26%, 0, 0, 2, 23.12
1746611941, 0, 0, 283, 283, 1, 8.26%, 0, 0, 2, 28.82
1746611946, 0, 0, 289, 289, 1, 8.26%, 0, 0, 2, 24.61
1746611951, 0, 0, 294, 294, 1, 8.26%, 0, 0, 2, 22.61
1746611956, 0, 0, 301, 301, 1, 8.26%, 0, 0, 2, 27.12
1746611961, 0, 0, 306, 306, 1, 8.26%, 0, 0, 2, 25.34
1746611966, 0, 0, 309, 309, 1, 8.26%, 0, 0, 2, 30.60
1746611972, 0, 0, 313, 313, 1, 8.26%, 0, 0, 2, 26.05
1746611977, 0, 0, 318, 318, 1, 8.26%, 0, 0, 2, 26.79
1746611982, 0, 0, 324, 324, 1, 8.26%, 0, 0, 2, 22.70
1746611987, 0, 0, 330, 330, 1, 8.26%, 0, 0, 2, 22.80
1746611992, 0, 0, 334, 334, 1, 8.26%, 0, 0, 2, 26.06
1746611997, 0, 0, 337, 337, 1, 8.26%, 0, 0, 2, 23.99
1746612002, 0, 0, 342, 342, 1, 8.26%, 0, 0, 2, 29.71
1746612007, 0, 0, 348, 348, 1, 8.26%, 0, 0, 2, 26.71
1746612012, 0, 0, 350, 350, 1, 8.26%, 0, 0, 2, 29.98
1746612017, 0, 0, 355, 355, 1, 8.26%, 0, 0, 2, 25.32
1746612022, 0, 0, 358, 358, 1, 8.26%, 0, 0, 2, 21.16
1746612028, 0, 0, 363, 363, 1, 8.41%, 0, 0, 2, 27.97
1746612033, 0, 0, 366, 366, 1, 8.41%, 0, 0, 2, 27.99
1746612038, 0, 0, 371, 371, 1, 8.42%, 0, 0, 2, 27.79
1746612043, 0, 0, 373, 373, 1, 8.42%, 0, 0, 2, 23.74
1746612048, 0, 0, 377, 377, 1, 8.42%, 0, 0, 2, 25.82
1746612053, 0, 0, 381, 381, 1, 8.42%, 0, 0, 2, 24.82
1746612058, 0, 0, 385, 385, 1, 8.42%, 0, 0, 2, 18.34
1746612063, 0, 0, 386, 386, 1, 8.42%, 0, 0, 2, 27.10
1746612068, 0, 0, 390, 390, 1, 8.42%, 0, 0, 2, 21.22
1746612074, 0, 0, 395, 395, 1, 8.42%, 0, 0, 2, 25.79
1746612079, 0, 0, 397, 397, 1, 8.42%, 0, 0, 2, 23.96
1746612084, 0, 0, 400, 400, 1, 8.42%, 0, 0, 2, 24.52
1746612089, 0, 0, 403, 403, 1, 8.42%, 0, 0, 2, 30.64
1746612094, 0, 0, 407, 407, 1, 8.42%, 0, 0, 2, 23.46
1746612099, 0, 0, 410, 410, 1, 8.42%, 0, 0, 2, 21.44
1746612104, 0, 0, 413, 413, 1, 8.42%, 0, 0, 2, 27.55
1746612110, 0, 0, 416, 416, 1, 8.42%, 0, 0, 2, 19.01
1746612115, 0, 0, 421, 421, 1, 8.42%, 0, 0, 2, 22.03
1746612120, 0, 0, 424, 424, 1, 8.42%, 0, 0, 2, 27.32
1746612125, 0, 0, 427, 427, 1, 8.42%, 0, 0, 2, 23.50
1746612130, 0, 0, 430, 430, 1, 8.42%, 0, 0, 2, 28.86
1746612135, 0, 0, 434, 434, 1, 8.42%, 0, 0, 2, 26.90
1746612140, 0, 0, 438, 438, 1, 8.42%, 0, 0, 2, 3.51
1746612145, 0, 0, 440, 440, 1, 8.42%, 0, 0, 2, 24.01
1746612150, 0, 0, 442, 442, 1, 8.42%, 0, 0, 2, 28.96
1746612156, 0, 0, 444, 444, 1, 8.42%, 0, 0, 2, 34.26
1746612161, 0, 0, 446, 446, 1, 8.42%, 0, 0, 2, 32.41
1746612166, 0, 0, 448, 448, 1, 8.45%, 0, 0, 2, 23.45
1746612171, 0, 0, 453, 453, 1, 8.45%, 0, 0, 2, 22.39
1746612176, 0, 0, 456, 456, 1, 8.45%, 0, 0, 2, 24.76
1746612181, 0, 0, 459, 459, 1, 8.45%, 0, 0, 2, 22.03
1746612186, 0, 0, 462, 462, 1, 8.45%, 0, 0, 2, 24.48
1746612191, 0, 0, 464, 464, 1, 8.45%, 0, 0, 2, 27.60
1746612196, 0, 0, 467, 467, 1, 8.45%, 0, 0, 2, 20.03
1746612201, 0, 0, 469, 469, 1, 8.45%, 0, 0, 2, 22.16
1746612207, 0, 0, 471, 471, 1, 8.45%, 0, 0, 2, 21.15
1746612212, 0, 0, 473, 473, 1, 8.45%, 0, 0, 2, 28.17
1746612217, 0, 0, 474, 474, 1, 8.45%, 0, 0, 2, 29.40
1746612222, 0, 0, 477, 477, 1, 8.45%, 0, 0, 2, 4.16
1746612227, 0, 1, 480, 479, 27, 8.45%, 0, 0, 2, 21.90
1746612237, 0, 153, 482, 480, 26, 8.45%, 0, 0, 3, 27.54
1746612242, 0, 153, 491, 489, 26, 8.45%, 0, 0, 3, 21.76
1746612247, 0, 153, 498, 496, 26, 8.45%, 0, 0, 3, 20.53
1746612253, 0, 153, 510, 508, 26, 8.45%, 0, 0, 3, 21.98
1746612258, 0, 153, 518, 516, 26, 8.45%, 0, 0, 3, 21.34
1746612263, 0, 153, 526, 524, 26, 8.45%, 0, 0, 3, 21.23
1746612268, 0, 153, 537, 535, 26, 8.45%, 0, 0, 3, 21.87
1746612273, 0, 153, 547, 545, 26, 8.45%, 0, 0, 3, 21.79
1746612278, 0, 153, 550, 548, 26, 8.45%, 0, 0, 3, 24.88
1746612283, 0, 153, 554, 552, 26, 8.45%, 0, 0, 3, 21.29
1746612289, 0, 153, 556, 554, 26, 8.45%, 0, 0, 3, 24.72
1746612294, 0, 153, 559, 557, 26, 8.45%, 0, 0, 3, 15.56
1746612299, 0, 153, 562, 560, 26, 8.45%, 0, 0, 3, 20.21
1746612304, 0, 153, 567, 565, 26, 8.45%, 0, 0, 3, 17.50
1746612309, 0, 153, 568, 566, 26, 8.45%, 0, 0, 3, 25.34
1746612314, 0, 153, 572, 570, 26, 8.45%, 0, 0, 3, 23.18
1746612320, 0, 153, 577, 575, 26, 8.45%, 0, 0, 3, 22.00
1746612325, 0, 153, 579, 577, 26, 8.45%, 0, 0, 3, 23.21
1746612330, 0, 153, 581, 579, 26, 8.45%, 0, 0, 3, 20.77
1746612335, 0, 153, 585, 583, 26, 8.45%, 0, 0, 3, 17.73
1746612340, 0, 153, 589, 587, 26, 8.45%, 0, 0, 3, 18.33
1746612345, 0, 153, 594, 592, 26, 8.45%, 0, 0, 3, 16.58
1746612350, 0, 153, 597, 595, 26, 8.45%, 0, 0, 3, 18.27
1746612355, 0, 153, 600, 598, 26, 8.45%, 0, 0, 3, 24.55
1746612361, 0, 153, 602, 600, 26, 8.45%, 0, 0, 3, 24.01
1746612366, 0, 153, 603, 601, 26, 8.45%, 0, 0, 3, 23.52
1746612371, 0, 153, 605, 603, 26, 8.45%, 0, 0, 3, 20.67
1746612376, 0, 153, 607, 605, 26, 8.45%, 0, 0, 3, 24.23
1746612381, 0, 153, 610, 608, 26, 8.45%, 0, 0, 3, 24.48
1746612386, 0, 153, 614, 612, 26, 8.45%, 0, 0, 3, 23.72
1746612391, 0, 153, 616, 614, 26, 8.45%, 0, 0, 3, 3.06
1746612396, 0, 153, 619, 617, 26, 8.45%, 0, 0, 3, 23.76
1746612401, 0, 153, 622, 620, 26, 8.45%, 0, 0, 3, 25.59
1746612407, 0, 153, 624, 622, 26, 8.45%, 0, 0, 3, 16.61
1746612412, 0, 153, 626, 624, 26, 8.45%, 0, 0, 3, 24.79
1746612417, 0, 153, 628, 626, 26, 8.45%, 0, 0, 3, 25.57
1746612422, 0, 153, 629, 627, 26, 8.45%, 0, 0, 3, 26.68
1746612427, 0, 153, 632, 630, 26, 8.45%, 0, 0, 3, 20.97
1746612432, 0, 153, 633, 631, 26, 8.45%, 0, 0, 3, 24.68
1746612437, 0, 153, 635, 633, 26, 8.45%, 0, 0, 3, 25.36
1746612442, 0, 153, 637, 635, 26, 8.45%, 0, 0, 3, 25.51
1746612448, 0, 153, 638, 636, 26, 8.45%, 0, 0, 3, 25.21
1746612463, 0, 153, 641, 639, 26, 8.45%, 0, 0, 3, 20.47
1746612468, 0, 153, 642, 640, 26, 8.45%, 0, 0, 3, 24.45
1746612473, 0, 153, 644, 642, 26, 8.45%, 0, 0, 3, 25.79
1746612484, 0, 153, 646, 644, 26, 8.45%, 0, 0, 3, 24.79
1746612489, 0, 153, 648, 646, 26, 8.45%, 0, 0, 3, 24.47
1746612494, 0, 153, 651, 649, 26, 8.45%, 0, 0, 3, 20.73
1746612499, 0, 153, 652, 650, 26, 8.45%, 0, 0, 3, 25.06
1746612504, 0, 153, 654, 652, 26, 8.45%, 0, 0, 3, 23.07
1746612510, 0, 153, 656, 654, 26, 8.45%, 0, 0, 3, 21.87
1746612515, 0, 153, 659, 657, 26, 8.45%, 0, 0, 3, 18.54
1746612520, 0, 153, 660, 658, 26, 8.45%, 0, 0, 3, 20.89
1746612525, 0, 153, 661, 659, 26, 8.45%, 0, 0, 3, 25.97
1746612530, 0, 153, 662, 660, 26, 8.45%, 0, 0, 3, 23.43
1746612535, 0, 153, 664, 662, 26, 8.45%, 0, 0, 3, 16.37
1746612545, 0, 153, 665, 663, 26, 8.45%, 0, 0, 3, 22.75
1746612551, 0, 153, 667, 665, 26, 8.45%, 0, 0, 3, 23.79
1746612561, 0, 153, 668, 666, 26, 8.45%, 0, 0, 3, 23.44
1746612566, 0, 153, 669, 667, 26, 8.45%, 0, 0, 3, 26.30
1746612571, 0, 153, 670, 668, 26, 8.45%, 0, 0, 3, 25.30
1746612587, 0, 153, 673, 671, 26, 8.45%, 0, 0, 3, 23.85
1746612592, 0, 153, 674, 672, 26, 8.45%, 0, 0, 3, 24.87
1746612597, 0, 153, 675, 673, 26, 8.45%, 0, 0, 3, 26.58
1746612602, 0, 153, 676, 674, 26, 8.45%, 0, 0, 3, 27.34
1746612612, 0, 153, 678, 676, 26, 8.45%, 0, 0, 3, 24.12
1746612617, 0, 161, 678, 675, 29, 8.45%, 0, 0, 3, 31.02
1746612632, 0, 204, 678, 674, 28, 8.45%, 0, 0, 3, 31.12
1746612642, 0, 204, 680, 676, 28, 8.45%, 0, 0, 3, 20.23
1746612648, 0, 204, 681, 677, 28, 8.45%, 0, 0, 3, 24.68
1746612653, 0, 204, 682, 678, 28, 8.45%, 0, 0, 3, 26.65
1746612658, 0, 204, 683, 679, 28, 8.45%, 0, 0, 3, 24.01
1746612663, 0, 204, 684, 680, 28, 8.45%, 0, 0, 3, 29.03
1746612678, 0, 204, 685, 681, 28, 8.45%, 0, 0, 3, 25.93
1746612683, 0, 204, 687, 683, 28, 8.45%, 0, 0, 3, 24.74
1746612694, 0, 204, 688, 684, 28, 8.45%, 0, 0, 3, 27.05
1746612699, 0, 204, 689, 685, 28, 8.45%, 0, 0, 3, 28.20
1746612704, 0, 204, 690, 686, 28, 8.45%, 0, 0, 3, 27.21
1746612709, 0, 204, 691, 687, 28, 8.45%, 0, 0, 3, 31.92
1746612724, 0, 204, 692, 688, 28, 8.45%, 0, 0, 3, 27.01
1746612730, 0, 204, 693, 689, 28, 8.45%, 0, 0, 3, 29.08
1746612745, 0, 204, 694, 690, 28, 8.45%, 0, 0, 3, 29.32
1746612760, 0, 204, 695, 691, 28, 8.45%, 0, 0, 3, 30.14
1746612765, 0, 204, 696, 692, 28, 8.45%, 0, 0, 3, 3.91
1746612770, 0, 204, 697, 693, 28, 8.45%, 0, 0, 3, 29.31
1746612775, 0, 204, 699, 695, 28, 8.45%, 0, 0, 3, 23.31
1746612796, 0, 204, 700, 696, 28, 8.45%, 0, 0, 3, 29.14
1746612801, 0, 204, 701, 697, 28, 8.45%, 0, 0, 3, 30.10
1746612806, 0, 204, 702, 698, 28, 8.45%, 0, 0, 3, 29.59
1746612811, 0, 204, 703, 699, 28, 8.45%, 0, 0, 3, 26.58
1746612816, 0, 204, 704, 700, 28, 8.45%, 0, 0, 3, 25.13
1746612826, 0, 204, 705, 701, 28, 8.45%, 0, 0, 3, 28.90
1746612831, 0, 204, 706, 702, 28, 8.45%, 0, 0, 3, 30.98
1746612851, 0, 204, 708, 704, 28, 8.45%, 0, 0, 3, 23.75
1746612857, 0, 204, 709, 705, 28, 8.45%, 0, 0, 3, 23.61
1746612862, 0, 204, 710, 706, 28, 8.45%, 0, 0, 3, 28.67
1746612867, 0, 204, 711, 707, 28, 8.45%, 0, 0, 3, 28.92
1746612872, 0, 204, 712, 708, 28, 8.45%, 0, 0, 3, 27.91
1746612892, 0, 232, 713, 708, 27, 8.45%, 0, 0, 3, 21.34
1746612897, 0, 232, 715, 710, 27, 8.45%, 0, 0, 3, 12.67
1746612902, 0, 232, 716, 711, 27, 8.45%, 0, 0, 3, 9.77
1746612908, 0, 232, 717, 712, 27, 8.45%, 0, 0, 3, 8.11
1746612913, 0, 232, 718, 713, 27, 8.45%, 0, 0, 3, 7.43
1746612918, 0, 232, 720, 715, 27, 8.45%, 0, 0, 3, 10.79
1746612923, 0, 232, 723, 718, 27, 8.45%, 0, 0, 3, 9.26
1746612933, 0, 232, 724, 719, 27, 8.45%, 0, 0, 3, 7.26
1746612939, 0, 232, 726, 721, 27, 8.45%, 0, 0, 3, 10.66
1746612944, 0, 232, 727, 722, 27, 8.45%, 0, 0, 3, 8.55
1746612949, 0, 232, 728, 723, 27, 8.45%, 0, 0, 3, 8.50
1746612954, 0, 232, 730, 725, 27, 8.45%, 0, 0, 3, 7.45
1746612959, 0, 232, 732, 727, 27, 8.45%, 0, 0, 3, 7.94
1746612964, 0, 232, 733, 728, 27, 8.45%, 0, 0, 3, 7.43
1746612969, 0, 232, 734, 729, 27, 8.45%, 0, 0, 3, 9.04
1746612974, 0, 232, 736, 731, 27, 8.45%, 0, 0, 3, 12.38
1746612979, 0, 232, 740, 735, 27, 8.45%, 0, 0, 3, 9.82
1746612985, 0, 232, 742, 737, 27, 8.45%, 0, 0, 3, 12.42
1746613000, 0, 232, 743, 738, 27, 8.45%, 0, 0, 3, 10.35
1746613005, 0, 232, 745, 740, 27, 8.45%, 0, 0, 3, 9.19
1746613056, 0, 232, 746, 741, 27, 8.45%, 0, 0, 3, 8.00
1746613066, 0, 232, 748, 743, 27, 8.45%, 0, 0, 3, 7.04
1746613082, 0, 232, 749, 744, 27, 8.45%, 0, 0, 3, 6.95
1746613097, 0, 232, 750, 745, 27, 8.45%, 0, 0, 3, 8.92
1746613102, 0, 232, 751, 746, 27, 8.45%, 0, 0, 3, 7.77
1746613113, 0, 232, 752, 747, 27, 8.45%, 0, 0, 3, 12.68
1746613118, 0, 232, 753, 748, 27, 8.45%, 0, 0, 3, 10.02
1746613143, 0, 232, 754, 749, 27, 8.45%, 0, 0, 3, 8.58
1746613149, 0, 232, 755, 750, 27, 8.45%, 0, 0, 3, 7.79
1746613159, 0, 232, 756, 751, 27, 8.45%, 0, 0, 3, 7.22
1746613164, 0, 232, 758, 753, 27, 8.45%, 0, 0, 3, 11.51
1746613184, 0, 232, 759, 754, 27, 8.45%, 0, 0, 3, 10.00
1746613225, 0, 232, 760, 755, 27, 8.45%, 0, 0, 3, 7.90
1746613230, 0, 232, 761, 756, 27, 8.45%, 0, 0, 3, 7.19
1746613240, 0, 239, 761, 755, 26, 8.45%, 0, 0, 3, 15.02
1746613250, 0, 239, 762, 756, 26, 8.45%, 0, 0, 3, 12.63
1746613255, 0, 239, 763, 757, 26, 8.45%, 0, 0, 3, 13.28
1746613266, 0, 239, 764, 758, 26, 8.45%, 0, 0, 3, 12.47
1746613307, 0, 239, 766, 760, 26, 8.45%, 0, 0, 3, 14.06
1746613342, 0, 239, 767, 761, 26, 8.45%, 0, 0, 3, 17.22
1746613347, 0, 239, 768, 762, 26, 8.45%, 0, 0, 3, 19.12
1746613368, 0, 239, 769, 763, 26, 8.45%, 0, 0, 3, 22.05
1746613373, 0, 239, 770, 764, 26, 8.45%, 0, 0, 3, 18.62
1746613383, 0, 239, 771, 765, 26, 8.45%, 0, 0, 3, 17.90
1746613393, 0, 239, 772, 766, 26, 8.45%, 0, 0, 3, 18.39
1746613414, 0, 239, 773, 767, 26, 8.45%, 0, 0, 3, 20.27
1746613445, 0, 239, 774, 768, 26, 8.45%, 0, 0, 3, 19.34
1746613450, 0, 239, 775, 769, 26, 8.45%, 0, 0, 3, 20.72
1746613475, 0, 239, 777, 771, 26, 8.45%, 0, 0, 3, 20.97
1746613516, 0, 239, 778, 772, 26, 8.45%, 0, 0, 3, 20.90
1746613527, 0, 239, 779, 773, 26, 8.45%, 0, 0, 3, 17.92
1746613557, 0, 239, 780, 774, 26, 8.45%, 0, 0, 3, 18.67
1746613562, 0, 239, 781, 775, 26, 8.45%, 0, 0, 3, 21.20
1746613567, 0, 239, 782, 776, 26, 8.45%, 0, 0, 3, 19.49
1746613573, 0, 239, 783, 777, 26, 8.45%, 0, 0, 3, 19.82
1746613583, 0, 239, 784, 778, 26, 8.45%, 0, 0, 3, 19.28
1746613593, 0, 239, 785, 779, 26, 8.45%, 0, 0, 3, 18.74
1746613609, 0, 239, 786, 780, 26, 8.45%, 0, 0, 3, 18.73
1746613614, 0, 239, 787, 781, 26, 8.45%, 0, 0, 3, 19.86
1746613619, 0, 239, 789, 783, 26, 8.45%, 0, 0, 3, 18.74
1746613624, 0, 239, 790, 784, 26, 8.45%, 0, 0, 3, 20.79
1746613655, 0, 239, 791, 785, 26, 8.45%, 0, 0, 3, 9.51
1746613660, 0, 239, 792, 786, 26, 8.45%, 0, 0, 3, 17.86
1746613670, 0, 268, 792, 785, 26, 8.45%, 0, 0, 3, 24.62
1746613685, 0, 268, 794, 787, 26, 8.45%, 0, 0, 3, 23.55
1746613711, 0, 268, 795, 788, 26, 8.45%, 0, 0, 3, 27.51
1746613731, 0, 268, 796, 789, 26, 8.45%, 0, 0, 3, 28.40
1746613736, 0, 268, 797, 790, 26, 8.45%, 0, 0, 3, 17.40
1746613757, 0, 268, 799, 792, 26, 8.45%, 0, 0, 3, 25.62
1746613767, 0, 268, 800, 793, 26, 8.45%, 0, 0, 3, 25.31
1746613772, 0, 268, 801, 794, 26, 8.45%, 0, 0, 3, 27.26
1746613792, 0, 268, 802, 795, 26, 8.45%, 0, 0, 3, 22.96
1746613798, 0, 268, 804, 797, 26, 8.45%, 0, 0, 3, 21.96
1746613813, 0, 268, 805, 798, 26, 8.45%, 0, 0, 3, 21.15
1746613828, 0, 268, 806, 799, 26, 8.45%, 0, 0, 3, 27.15
1746613838, 0, 268, 807, 800, 26, 8.45%, 0, 0, 3, 25.67
1746613869, 0, 311, 807, 799, 25, 8.45%, 0, 0, 3, 19.33
1746613971, 0, 311, 808, 800, 25, 8.45%, 0, 0, 3, 13.87
1746613997, 0, 311, 809, 801, 25, 8.45%, 0, 0, 3, 18.06
1746614007, 0, 319, 811, 802, 24, 8.45%, 0, 0, 3, 12.51
1746614012, 0, 319, 812, 803, 24, 8.45%, 0, 0, 3, 10.59
1746614017, 0, 319, 813, 804, 24, 8.45%, 0, 0, 3, 10.46
1746614048, 0, 319, 815, 806, 24, 8.45%, 0, 0, 3, 10.36
1746614053, 0, 319, 816, 807, 24, 8.45%, 0, 0, 3, 15.84
1746614058, 0, 319, 818, 809, 24, 8.45%, 0, 0, 3, 13.78
1746614063, 0, 319, 819, 810, 24, 8.45%, 0, 0, 3, 19.07
1746614078, 0, 352, 819, 809, 23, 8.45%, 0, 0, 3, 16.55
1746614181, 0, 431, 819, 808, 23, 8.45%, 0, 0, 3, 15.55
1746614186, 0, 431, 820, 809, 23, 8.45%, 0, 0, 3, 11.02
1746614196, 0, 431, 821, 810, 23, 8.45%, 0, 0, 3, 9.32
1746614207, 0, 431, 822, 811, 23, 8.45%, 0, 0, 3, 8.54
1746614227, 0, 431, 823, 812, 23, 8.45%, 0, 0, 3, 9.73
1746614242, 0, 431, 824, 813, 23, 8.45%, 0, 0, 3, 13.41
1746614310, 0, 431, 825, 814, 23, 8.45%, 0, 0, 3, 8.20
1746614330, 0, 431, 827, 816, 23, 8.45%, 0, 0, 3, 9.61
1746614340, 0, 431, 828, 817, 23, 8.45%, 0, 0, 3, 10.03
1746614371, 0, 431, 829, 818, 23, 8.45%, 0, 0, 3, 7.95
1746614381, 0, 431, 830, 819, 23, 8.45%, 0, 0, 3, 8.18
1746614391, 0, 431, 831, 820, 23, 8.45%, 0, 0, 3, 15.54
1746614402, 0, 431, 832, 821, 23, 8.45%, 0, 0, 3, 7.63
1746614448, 0, 446, 832, 820, 25, 8.45%, 0, 0, 3, 16.33
1746614453, 0, 446, 834, 822, 25, 8.45%, 0, 0, 3, 12.93
1746614458, 0, 446, 835, 823, 25, 8.46%, 0, 0, 3, 9.91
1746614464, 0, 446, 836, 824, 25, 8.46%, 0, 0, 3, 8.11
1746614469, 0, 446, 837, 825, 25, 8.46%, 0, 0, 3, 7.00
1746614474, 0, 446, 838, 826, 25, 8.46%, 0, 0, 3, 6.45
1746614489, 0, 446, 839, 827, 25, 8.46%, 0, 0, 3, 7.95
1746614494, 0, 446, 841, 829, 25, 8.46%, 0, 0, 3, 6.98
1746614505, 0, 446, 843, 831, 25, 8.46%, 0, 0, 3, 10.95
1746614510, 0, 446, 844, 832, 25, 8.46%, 0, 0, 3, 9.33
1746614520, 0, 446, 845, 833, 25, 8.46%, 0, 0, 3, 7.15
1746614526, 0, 446, 847, 835, 25, 8.46%, 0, 0, 3, 6.48
1746614556, 0, 446, 849, 837, 25, 8.46%, 0, 0, 3, 14.97
1746614623, 0, 446, 850, 838, 25, 8.46%, 0, 0, 3, 6.88
1746614644, 0, 446, 852, 840, 25, 8.46%, 0, 0, 3, 6.59
1746614649, 0, 446, 853, 841, 25, 8.46%, 0, 0, 3, 6.62
1746614685, 0, 446, 854, 842, 25, 8.46%, 0, 0, 3, 6.34
1746614726, 0, 446, 855, 843, 25, 8.46%, 0, 0, 3, 9.21
1746614799, 0, 446, 857, 845, 25, 8.47%, 0, 0, 3, 6.00
1746614814, 0, 446, 858, 846, 25, 8.47%, 0, 0, 3, 12.69
1746614886, 0, 446, 859, 847, 25, 8.47%, 0, 0, 3, 5.75
1746614912, 0, 446, 860, 848, 25, 8.47%, 0, 0, 3, 15.71
1746614917, 0, 460, 860, 847, 27, 8.47%, 0, 0, 3, 18.98
1746614937, 0, 486, 860, 846, 26, 8.47%, 0, 0, 3, 28.08
1746614958, 0, 486, 861, 847, 26, 8.47%, 0, 0, 4, 20.28
1746614968, 0, 499, 861, 846, 26, 8.47%, 0, 0, 4, 25.13
1746614973, 0, 499, 862, 847, 26, 8.47%, 0, 0, 4, 21.81
1746614994, 0, 509, 865, 849, 25, 8.47%, 0, 0, 4, 22.51
1746614999, 0, 509, 866, 850, 25, 8.47%, 0, 0, 4, 20.98
1746615004, 0, 509, 867, 851, 25, 8.47%, 0, 0, 4, 21.14
1746615009, 0, 509, 868, 852, 25, 8.47%, 0, 0, 4, 25.46
1746615024, 0, 514, 868, 851, 24, 8.47%, 0, 0, 4, 25.44
1746615040, 0, 514, 869, 852, 24, 8.47%, 0, 0, 4, 26.26
1746615045, 0, 514, 870, 853, 24, 8.47%, 0, 0, 4, 22.11
1746615065, 0, 514, 871, 854, 24, 8.47%, 0, 0, 4, 4.62
1746615090, 0, 514, 872, 855, 24, 8.47%, 0, 0, 4, 22.19
1746615162, 0, 517, 873, 855, 24, 8.47%, 0, 0, 4, 23.37
1746615167, 0, 517, 874, 856, 24, 8.47%, 0, 0, 4, 21.58
1746615172, 0, 517, 875, 857, 24, 8.47%, 0, 0, 4, 20.88
1746615187, 0, 529, 875, 856, 24, 8.47%, 0, 0, 4, 22.34
1746615208, 0, 538, 875, 855, 24, 8.47%, 0, 0, 4, 23.57
1746615213, 0, 538, 876, 856, 24, 8.47%, 0, 0, 4, 20.58
1746615228, 0, 553, 876, 855, 23, 8.47%, 0, 0, 4, 21.92
1746615320, 0, 553, 877, 856, 23, 8.47%, 0, 0, 4, 17.76
1746615325, 0, 553, 878, 857, 23, 8.47%, 0, 0, 4, 17.31
1746615331, 0, 553, 879, 858, 23, 8.47%, 0, 0, 4, 20.18
1746615336, 0, 553, 880, 859, 23, 8.47%, 0, 0, 4, 19.97
1746615366, 0, 553, 881, 860, 23, 8.47%, 0, 0, 4, 20.97
1746615387, 0, 553, 882, 861, 23, 8.47%, 0, 0, 4, 18.41
1746615392, 0, 553, 883, 862, 23, 8.47%, 0, 0, 4, 18.70
1746615417, 0, 553, 884, 863, 23, 8.47%, 0, 0, 4, 19.63
1746615479, 0, 553, 885, 864, 23, 8.47%, 0, 0, 4, 20.36
1746615500, 0, 553, 886, 865, 23, 8.47%, 0, 0, 4, 21.64
1746615525, 0, 553, 887, 866, 23, 8.47%, 0, 0, 4, 21.04
1746615596, 0, 553, 888, 867, 23, 8.47%, 0, 0, 4, 17.43
1746615617, 0, 553, 890, 869, 23, 8.47%, 0, 0, 4, 22.42
1746615632, 0, 573, 890, 868, 23, 8.47%, 0, 0, 4, 21.45
1746615652, 0, 593, 890, 867, 22, 8.47%, 0, 0, 4, 23.58
1746615832, 0, 593, 891, 868, 22, 8.47%, 0, 0, 4, 11.00
1746615838, 0, 593, 892, 869, 22, 8.47%, 0, 0, 4, 10.56
1746615843, 0, 593, 893, 870, 22, 8.47%, 0, 0, 4, 15.25
1746615858, 0, 612, 894, 870, 22, 8.47%, 0, 0, 4, 22.11
1746615863, 0, 612, 895, 871, 22, 8.47%, 0, 0, 4, 28.75
1746615868, 0, 612, 897, 873, 22, 8.47%, 0, 0, 4, 28.74
1746615873, 0, 612, 898, 874, 22, 8.47%, 0, 0, 4, 23.47
1746615899, 0, 632, 899, 874, 21, 8.47%, 0, 0, 4, 19.72
1746615904, 0, 632, 900, 875, 21, 8.47%, 0, 0, 4, 17.30
1746615914, 0, 632, 907, 882, 21, 8.47%, 0, 0, 4, 14.11
1746615924, 0, 632, 908, 883, 21, 8.47%, 0, 0, 4, 20.79
1746615930, 0, 632, 909, 884, 21, 8.47%, 0, 0, 4, 18.97
1746615961, 0, 654, 909, 883, 22, 8.47%, 0, 0, 4, 19.22
1746615986, 0, 654, 910, 884, 22, 8.47%, 0, 0, 4, 12.00
1746616002, 0, 654, 912, 886, 22, 8.47%, 0, 0, 4, 12.29
1746616017, 0, 655, 912, 885, 22, 8.47%, 0, 0, 4, 17.35
1746616038, 0, 655, 913, 886, 22, 8.47%, 0, 0, 4, 12.59
1746616058, 0, 655, 914, 887, 22, 8.47%, 0, 0, 4, 12.90
1746616063, 0, 655, 915, 888, 22, 8.47%, 0, 0, 4, 20.68
1746616068, 0, 655, 916, 889, 22, 8.47%, 0, 0, 4, 17.80
1746616088, 0, 672, 916, 888, 19, 8.47%, 0, 0, 4, 15.35
1746616155, 0, 686, 916, 887, 19, 8.47%, 0, 0, 4, 15.71
1746616211, 0, 686, 917, 888, 19, 8.47%, 0, 0, 4, 8.99
1746616221, 0, 686, 918, 889, 19, 8.47%, 0, 0, 4, 9.16
1746616262, 0, 686, 919, 890, 19, 8.47%, 0, 0, 4, 7.16
1746616381, 0, 692, 919, 889, 20, 8.47%, 0, 0, 4, 18.93
1746616386, 0, 692, 920, 890, 20, 8.47%, 0, 0, 4, 19.66
1746616391, 0, 692, 921, 891, 20, 8.47%, 0, 0, 4, 18.99
1746616401, 0, 692, 922, 892, 20, 8.47%, 0, 0, 4, 19.23
1746616406, 0, 692, 923, 893, 20, 8.47%, 0, 0, 4, 20.97
1746616463, 0, 692, 924, 894, 20, 8.47%, 0, 0, 4, 19.98
1746616478, 0, 692, 925, 895, 20, 8.48%, 0, 0, 4, 21.36
1746616488, 0, 692, 926, 896, 20, 8.48%, 0, 0, 4, 17.60
1746616504, 0, 692, 927, 897, 20, 8.48%, 0, 0, 4, 16.16
1746616519, 0, 725, 927, 896, 20, 8.48%, 0, 0, 4, 17.18
1746616647, 0, 725, 928, 897, 20, 8.48%, 0, 0, 4, 19.53
1746616683, 0, 762, 930, 898, 20, 8.48%, 0, 0, 4, 19.61
1746616734, 0, 762, 931, 899, 20, 8.48%, 0, 0, 4, 17.26
1746616760, 0, 768, 931, 898, 20, 8.48%, 0, 0, 4, 25.28
1746616770, 0, 768, 934, 901, 20, 8.48%, 0, 0, 4, 21.86
1746616780, 0, 768, 935, 902, 20, 8.48%, 0, 0, 4, 13.67
1746616785, 0, 768, 936, 903, 20, 8.48%, 0, 0, 4, 23.46
1746616796, 0, 768, 937, 904, 20, 8.48%, 0, 0, 4, 27.24
1746616806, 0, 769, 939, 905, 20, 8.48%, 0, 0, 4, 20.01
1746616816, 0, 769, 940, 906, 20, 8.48%, 0, 0, 4, 10.52
1746616821, 0, 769, 941, 907, 20, 8.48%, 0, 0, 4, 9.04
1746616831, 0, 769, 942, 908, 20, 8.48%, 0, 0, 4, 8.66
1746616837, 0, 769, 943, 909, 20, 8.48%, 0, 0, 4, 14.71
1746616842, 0, 769, 944, 910, 20, 8.48%, 0, 0, 4, 11.81
1746616847, 0, 769, 946, 912, 20, 8.48%, 0, 0, 4, 9.49
1746616852, 0, 769, 947, 913, 20, 8.48%, 0, 0, 4, 9.88
1746616857, 0, 769, 948, 914, 20, 8.48%, 0, 0, 4, 9.70
1746616929, 0, 769, 949, 915, 20, 8.48%, 0, 0, 4, 18.06
1746616934, 0, 769, 950, 916, 20, 8.48%, 0, 0, 4, 13.04
1746616940, 0, 769, 953, 919, 20, 8.48%, 0, 0, 4, 11.04
1746616955, 0, 824, 953, 918, 21, 8.48%, 0, 0, 4, 16.48
1746616960, 0, 824, 954, 919, 21, 8.48%, 0, 0, 4, 12.14
1746617155, 0, 830, 954, 918, 19, 8.48%, 0, 0, 4, 18.72
1746617196, 0, 830, 955, 919, 19, 8.48%, 0, 0, 4, 17.58
1746617247, 0, 830, 956, 920, 19, 8.48%, 0, 0, 4, 19.98
1746617303, 0, 843, 956, 919, 20, 8.48%, 0, 0, 4, 21.04
1746617308, 0, 843, 957, 920, 20, 8.49%, 0, 0, 4, 14.75
1746617319, 0, 843, 959, 922, 20, 8.49%, 0, 0, 4, 8.84
1746617324, 0, 843, 961, 924, 20, 8.49%, 0, 0, 4, 8.38
1746617339, 0, 843, 962, 925, 20, 8.49%, 0, 0, 4, 8.83
1746617344, 0, 843, 963, 926, 20, 8.49%, 0, 0, 4, 12.97
1746617354, 0, 843, 964, 927, 20, 8.49%, 0, 0, 4, 9.31
1746617359, 0, 843, 965, 928, 20, 8.50%, 0, 0, 4, 8.47
1746617447, 0, 843, 966, 929, 20, 8.50%, 0, 0, 4, 8.58
1746617462, 0, 843, 968, 931, 20, 8.50%, 0, 0, 4, 8.39
1746617539, 0, 843, 969, 932, 20, 8.50%, 0, 0, 4, 8.97
1746617554, 0, 843, 970, 933, 20, 8.50%, 0, 0, 4, 8.39
1746617606, 0, 843, 971, 934, 20, 8.50%, 0, 0, 4, 8.80
1746617647, 0, 853, 971, 933, 21, 8.50%, 0, 0, 4, 17.64
1746617950, 0, 853, 972, 934, 21, 8.50%, 0, 0, 4, 7.78
1746617976, 0, 873, 972, 933, 21, 8.50%, 0, 0, 4, 24.27
1746617996, 0, 880, 972, 932, 20, 8.50%, 0, 0, 4, 32.33
1746618001, 0, 880, 975, 935, 20, 8.50%, 0, 0, 5, 20.55
1746618006, 0, 880, 976, 936, 20, 8.50%, 0, 0, 5, 18.42
1746618017, 0, 880, 977, 937, 20, 8.50%, 0, 0, 5, 16.65
1746618027, 0, 880, 979, 939, 20, 8.50%, 0, 0, 5, 13.23
1746618042, 0, 880, 980, 940, 20, 8.50%, 0, 0, 5, 13.87
1746618186, 0, 880, 981, 941, 20, 8.50%, 0, 0, 5, 16.43
1746618216, 0, 880, 982, 942, 20, 8.50%, 0, 0, 5, 22.99
1746618247, 0, 880, 984, 944, 20, 8.50%, 0, 0, 5, 14.77
1746618262, 0, 880, 985, 945, 20, 8.50%, 0, 0, 5, 20.78
1746618293, 0, 880, 986, 946, 20, 8.50%, 0, 0, 5, 23.59
1746618309, 0, 880, 987, 947, 20, 8.50%, 0, 0, 5, 20.94
1746618427, 0, 880, 988, 948, 20, 8.50%, 0, 0, 5, 25.43
1746618437, 0, 880, 989, 949, 20, 8.50%, 0, 0, 5, 22.73
1746618468, 0, 880, 990, 950, 20, 8.50%, 0, 0, 5, 24.61
1746618473, 0, 894, 990, 949, 20, 8.50%, 0, 0, 5, 29.33
1746618503, 0, 895, 990, 948, 20, 8.50%, 0, 0, 5, 34.57
1746618529, 0, 897, 990, 947, 19, 8.50%, 0, 0, 5, 29.41
1746618550, 0, 897, 991, 948, 19, 8.50%, 0, 0, 5, 14.87
1746618586, 0, 902, 991, 947, 18, 8.50%, 0, 0, 5, 20.69
1746618591, 0, 902, 992, 948, 18, 8.50%, 0, 0, 5, 18.65
1746618601, 0, 902, 993, 949, 18, 8.50%, 0, 0, 5, 16.58
1746618622, 0, 910, 993, 948, 17, 8.50%, 0, 0, 5, 21.04
1746618632, 0, 910, 995, 950, 17, 8.50%, 0, 0, 5, 9.81
1746618698, 0, 911, 995, 949, 17, 8.50%, 0, 0, 5, 16.27
1746618771, 0, 915, 995, 948, 16, 8.50%, 0, 0, 5, 20.14
1746618806, 0, 915, 996, 949, 16, 8.50%, 0, 0, 5, 8.02
1746618847, 0, 917, 996, 948, 15, 8.50%, 0, 0, 5, 17.94
1746618853, 0, 917, 997, 949, 15, 8.50%, 0, 0, 5, 13.38
1746619042, 0, 924, 997, 948, 15, 8.50%, 0, 0, 5, 20.58
1746619052, 0, 924, 998, 949, 15, 8.50%, 0, 0, 5, 18.29
1746619072, 0, 924, 999, 950, 15, 8.50%, 0, 0, 5, 19.52
1746619088, 0, 924, 1001, 952, 15, 8.50%, 0, 0, 5, 18.69
1746619175, 0, 928, 1001, 951, 15, 8.50%, 0, 0, 5, 17.21
1746619180, 0, 928, 1002, 952, 15, 8.50%, 0, 0, 5, 12.86
1746619278, 0, 928, 1003, 953, 15, 8.50%, 0, 0, 5, 15.55
1746619308, 0, 946, 1003, 952, 14, 8.50%, 0, 0, 5, 13.07
1746619385, 0, 946, 1004, 953, 14, 8.50%, 0, 0, 5, 6.76
1746619396, 0, 946, 1005, 954, 14, 8.50%, 0, 0, 5, 6.89
1746619437, 0, 946, 1006, 955, 14, 8.50%, 0, 0, 5, 9.08
1746619452, 0, 946, 1007, 956, 14, 8.50%, 0, 0, 5, 11.85
1746619499, 0, 953, 1007, 955, 13, 8.50%, 0, 0, 5, 12.44
1746619797, 0, 954, 1007, 954, 12, 8.50%, 0, 0, 5, 16.07
1746619808, 0, 954, 1008, 955, 12, 8.50%, 0, 0, 5, 13.02
1746619818, 0, 954, 1009, 956, 12, 8.50%, 0, 0, 5, 12.94
1746619992, 0, 954, 1010, 957, 12, 8.50%, 0, 0, 5, 12.83
1746620033, 0, 956, 1010, 956, 11, 8.50%, 0, 0, 5, 15.03
1746620054, 0, 956, 1013, 959, 11, 8.50%, 0, 0, 5, 6.55
1746620085, 0, 956, 1014, 960, 11, 8.50%, 0, 0, 5, 12.05
1746620218, 0, 956, 1015, 961, 11, 8.50%, 0, 0, 5, 6.41
1746620475, 0, 956, 1016, 962, 11, 8.50%, 0, 0, 5, 15.97
1746620506, 0, 956, 1017, 963, 11, 8.50%, 0, 0, 5, 16.47
1746620542, 0, 956, 1018, 964, 11, 8.50%, 0, 0, 5, 13.97
1746620583, 0, 956, 1019, 965, 11, 8.50%, 0, 0, 5, 17.05
1746620609, 0, 956, 1020, 966, 11, 8.50%, 0, 0, 5, 13.47
1746620748, 0, 956, 1021, 967, 11, 8.50%, 0, 0, 5, 2.93
1746620758, 0, 956, 1022, 968, 11, 8.50%, 0, 0, 5, 16.05
1746620763, 0, 964, 1022, 967, 10, 8.50%, 0, 0, 5, 15.02
1746620783, 0, 964, 1024, 969, 10, 8.51%, 0, 0, 5, 6.21
1746620789, 0, 964, 1025, 970, 10, 8.51%, 0, 0, 5, 8.15
1746620809, 0, 964, 1026, 971, 10, 8.51%, 0, 0, 5, 6.34
1746620815, 0, 964, 1027, 972, 10, 8.51%, 0, 0, 5, 12.39
1746620974, 0, 964, 1028, 973, 10, 8.51%, 0, 0, 5, 6.15
1746620980, 0, 964, 1029, 974, 10, 8.51%, 0, 0, 5, 6.05
1746620985, 0, 964, 1031, 976, 10, 8.51%, 0, 0, 5, 6.02
1746620990, 0, 964, 1032, 977, 10, 8.51%, 0, 0, 5, 5.98
1746621088, 0, 964, 1033, 978, 10, 8.51%, 0, 0, 5, 6.05
1746621221, 0, 964, 1034, 979, 10, 8.61%, 0, 0, 5, 16.61
1746621242, 0, 967, 1034, 978, 12, 8.61%, 0, 0, 5, 15.19
1746621673, 0, 967, 1035, 979, 12, 8.61%, 0, 0, 5, 11.99
1746621710, 0, 969, 1035, 978, 12, 8.61%, 0, 0, 5, 15.55
1746621731, 0, 969, 1036, 979, 12, 8.62%, 0, 0, 5, 5.51
1746622072, 0, 969, 1037, 980, 12, 8.62%, 0, 0, 5, 6.01
1746622144, 0, 969, 1039, 982, 12, 8.62%, 0, 0, 5, 4.97
1746622149, 0, 969, 1040, 983, 12, 8.62%, 0, 0, 5, 4.74
1746622200, 0, 969, 1041, 984, 12, 8.62%, 0, 0, 5, 13.01
1746622215, 0, 973, 1041, 983, 13, 8.62%, 0, 0, 5, 18.20
1746622277, 0, 973, 1042, 984, 13, 8.62%, 0, 0, 6, 13.29
1746622457, 0, 973, 1043, 985, 13, 8.62%, 0, 0, 6, 15.47
1746622503, 0, 994, 1043, 984, 12, 8.62%, 0, 0, 6, 16.91
1746622580, 0, 995, 1043, 983, 11, 8.62%, 0, 0, 6, 12.93
1746622657, 0, 996, 1043, 982, 10, 8.62%, 0, 0, 6, 14.39
1746622846, 0, 999, 1043, 981, 9, 8.62%, 0, 0, 6, 17.54
1746622949, 0, 999, 1044, 982, 9, 8.62%, 0, 0, 6, 23.37
1746622984, 0, 1028, 1044, 981, 8, 8.62%, 0, 0, 6, 16.61
1746623427, 0, 1029, 1044, 980, 7, 8.62%, 0, 0, 6, 14.92
1746623437, 0, 1029, 1045, 981, 7, 8.62%, 0, 0, 6, 8.34
1746623607, 0, 1029, 1046, 982, 7, 8.62%, 0, 0, 6, 6.08
1746623875, 0, 1033, 1046, 981, 7, 8.62%, 0, 0, 6, 10.39
1746623886, 0, 1033, 1048, 983, 7, 8.62%, 0, 0, 6, 6.25
1746623891, 0, 1033, 1050, 985, 7, 8.63%, 0, 0, 6, 5.42
1746623911, 0, 1033, 1051, 986, 7, 8.63%, 0, 0, 6, 4.82
1746623921, 0, 1033, 1052, 987, 7, 8.63%, 0, 0, 6, 8.28
1746623942, 0, 1033, 1054, 989, 7, 8.63%, 0, 0, 6, 4.90
1746623947, 0, 1033, 1055, 990, 7, 8.63%, 0, 0, 6, 4.67
1746623968, 0, 1033, 1056, 991, 7, 8.63%, 0, 0, 6, 5.42
1746623994, 0, 1033, 1057, 992, 7, 8.63%, 0, 0, 6, 4.89
1746624020, 0, 1033, 1058, 993, 7, 8.63%, 0, 0, 6, 8.26
1746624155, 0, 1033, 1059, 994, 7, 8.63%, 0, 0, 6, 4.98
1746624160, 0, 1033, 1060, 995, 7, 8.74%, 0, 0, 6, 4.77
1746624211, 0, 1033, 1061, 996, 7, 8.74%, 0, 0, 6, 7.91
1746624231, 0, 1033, 1063, 998, 7, 8.74%, 0, 0, 6, 5.73
1746624246, 0, 1033, 1064, 999, 7, 8.74%, 0, 0, 6, 7.33
1746624251, 0, 1033, 1065, 1000, 7, 8.74%, 0, 0, 6, 7.13
1746624329, 0, 1033, 1066, 1001, 7, 8.74%, 0, 0, 6, 4.75
1746624334, 0, 1033, 1068, 1003, 7, 8.74%, 0, 0, 6, 4.41
1746624493, 0, 1034, 1068, 1002, 9, 8.74%, 0, 0, 6, 11.80
1746624946, 0, 1035, 1068, 1001, 8, 8.74%, 0, 0, 6, 14.95
1746624972, 0, 1035, 1070, 1003, 8, 8.74%, 0, 0, 6, 4.76
1746624978, 0, 1035, 1071, 1004, 8, 8.74%, 0, 0, 6, 7.18
1746625003, 0, 1035, 1072, 1005, 8, 8.74%, 0, 0, 6, 4.93
1746625029, 0, 1035, 1073, 1006, 8, 8.74%, 0, 0, 6, 4.98
1746625199, 0, 1035, 1074, 1007, 8, 8.74%, 0, 0, 6, 4.91
1746625204, 0, 1035, 1075, 1008, 8, 8.74%, 0, 0, 6, 4.90
1746625266, 0, 1035, 1076, 1009, 8, 8.74%, 0, 0, 6, 8.46
1746625399, 0, 1035, 1077, 1010, 8, 8.74%, 0, 0, 6, 5.72
1746625404, 0, 1035, 1079, 1012, 8, 8.74%, 0, 0, 6, 4.10
1746625470, 0, 1057, 1079, 1011, 7, 8.74%, 0, 0, 6, 15.21
1746625481, 0, 1057, 1080, 1012, 7, 8.74%, 0, 0, 7, 6.96
1746625527, 0, 1057, 1081, 1013, 7, 8.74%, 0, 0, 7, 5.12
1746625584, 0, 1057, 1082, 1014, 7, 8.74%, 0, 0, 7, 10.25
1746625687, 0, 1057, 1083, 1015, 7, 8.74%, 0, 0, 7, 5.39
1746625698, 0, 1057, 1084, 1016, 7, 8.74%, 0, 0, 7, 4.92
1746625703, 0, 1057, 1085, 1017, 7, 8.74%, 0, 0, 7, 4.96
1746625739, 0, 1057, 1086, 1018, 7, 8.75%, 0, 0, 7, 4.74
1746625770, 0, 1057, 1087, 1019, 7, 8.75%, 0, 0, 7, 4.66
1746625810, 0, 1057, 1088, 1020, 7, 8.75%, 0, 0, 7, 4.97
1746625847, 0, 1057, 1089, 1021, 7, 8.75%, 0, 0, 7, 5.83
1746625909, 0, 1057, 1090, 1022, 7, 8.75%, 0, 0, 7, 4.40
1746626054, 0, 1057, 1091, 1023, 7, 8.96%, 0, 0, 7, 11.93
1746626080, 0, 1057, 1092, 1024, 7, 8.96%, 0, 0, 7, 10.13
1746626110, 0, 1059, 1092, 1023, 6, 8.96%, 0, 0, 7, 12.79
1746626121, 0, 1059, 1094, 1025, 6, 8.96%, 0, 0, 7, 6.59
1746626126, 0, 1059, 1096, 1027, 6, 8.96%, 0, 0, 7, 5.10
1746626131, 0, 1059, 1097, 1028, 6, 8.96%, 0, 0, 7, 4.79
1746626136, 0, 1059, 1098, 1029, 6, 8.96%, 0, 0, 7, 4.67
1746626142, 0, 1059, 1099, 1030, 6, 8.96%, 0, 0, 7, 4.78
1746626152, 0, 1059, 1100, 1031, 6, 8.97%, 0, 0, 7, 4.53
1746626157, 0, 1059, 1103, 1034, 6, 8.97%, 0, 0, 7, 4.38
1746626162, 0, 1059, 1104, 1035, 6, 8.97%, 0, 0, 7, 4.47
1746626167, 0, 1059, 1105, 1036, 6, 8.97%, 0, 0, 7, 7.76
1746626177, 0, 1059, 1106, 1037, 6, 8.97%, 0, 0, 7, 6.31
1746626198, 0, 1059, 1108, 1039, 6, 8.97%, 0, 0, 7, 4.42
1746626203, 0, 1059, 1110, 1041, 6, 8.97%, 0, 0, 7, 4.39
1746626208, 0, 1059, 1111, 1042, 6, 8.97%, 0, 0, 7, 7.08
1746626218, 0, 1059, 1112, 1043, 6, 8.97%, 0, 0, 7, 6.36
1746626239, 0, 1059, 1114, 1045, 6, 8.97%, 0, 0, 7, 4.41
1746626244, 0, 1059, 1116, 1047, 6, 8.97%, 0, 0, 7, 4.31
1746626254, 0, 1059, 1117, 1048, 6, 8.97%, 0, 0, 7, 5.14
1746626449, 0, 1059, 1119, 1050, 6, 8.97%, 0, 0, 7, 4.54
1746626455, 0, 1059, 1121, 1052, 6, 8.97%, 0, 0, 7, 4.47
1746626460, 0, 1059, 1124, 1055, 6, 8.97%, 0, 0, 7, 4.42
1746626465, 0, 1059, 1125, 1056, 6, 8.97%, 0, 0, 7, 4.43
1746626470, 0, 1059, 1127, 1058, 6, 8.97%, 0, 0, 7, 4.41
1746626475, 0, 1059, 1128, 1059, 6, 8.97%, 0, 0, 7, 4.32
1746626481, 0, 1059, 1129, 1060, 6, 8.97%, 0, 0, 7, 4.44
1746626486, 0, 1059, 1130, 1061, 6, 8.97%, 0, 0, 7, 4.48
1746626491, 0, 1059, 1132, 1063, 6, 8.97%, 0, 0, 7, 4.52
1746626496, 0, 1059, 1133, 1064, 6, 8.97%, 0, 0, 7, 4.54
1746626511, 0, 1059, 1135, 1066, 6, 8.97%, 0, 0, 7, 5.27
1746626527, 0, 1059, 1137, 1068, 6, 8.97%, 0, 0, 7, 4.31
1746626640, 0, 1059, 1138, 1069, 6, 8.97%, 0, 0, 7, 11.73
1746626655, 0, 1059, 1139, 1070, 6, 8.97%, 0, 0, 7, 6.52
1746626778, 0, 1059, 1140, 1071, 6, 8.97%, 0, 0, 7, 9.48
1746626804, 0, 1067, 1140, 1070, 12, 8.97%, 0, 0, 7, 12.23
1746627144, 0, 1067, 1141, 1071, 12, 8.97%, 0, 0, 7, 5.83
1746627413, 0, 1080, 1141, 1070, 11, 8.97%, 0, 0, 7, 14.75
1746627619, 0, 1080, 1142, 1071, 11, 8.97%, 0, 0, 8, 5.58
1746627629, 0, 1080, 1144, 1073, 11, 8.97%, 0, 0, 8, 5.29
1746627987, 0, 1087, 1144, 1072, 10, 8.97%, 0, 0, 8, 11.75
1746628002, 0, 1087, 1145, 1073, 10, 8.97%, 0, 0, 8, 5.89
1746628017, 0, 1087, 1146, 1074, 10, 8.97%, 0, 0, 8, 4.88
1746628023, 0, 1087, 1147, 1075, 10, 8.97%, 0, 0, 8, 7.29
1746628574, 0, 1090, 1147, 1074, 10, 8.97%, 0, 0, 8, 11.44
1746628579, 0, 1090, 1148, 1075, 10, 8.98%, 0, 0, 8, 8.34
1746628584, 0, 1090, 1150, 1077, 10, 8.98%, 0, 0, 8, 5.64
1746628589, 0, 1090, 1152, 1079, 10, 8.98%, 0, 0, 8, 4.45
1746628599, 0, 1090, 1153, 1080, 10, 8.98%, 0, 0, 8, 4.47
1746628615, 0, 1090, 1154, 1081, 10, 8.98%, 0, 0, 8, 4.05
1746628620, 0, 1090, 1155, 1082, 10, 8.98%, 0, 0, 8, 3.93
1746628625, 0, 1090, 1156, 1083, 10, 8.98%, 0, 0, 8, 3.96
1746628630, 0, 1090, 1157, 1084, 10, 8.98%, 0, 0, 8, 3.73
1746628635, 0, 1090, 1158, 1085, 10, 8.98%, 0, 0, 8, 3.67
1746628677, 0, 1090, 1159, 1086, 10, 8.98%, 0, 0, 8, 4.18
1746628682, 0, 1090, 1160, 1087, 10, 8.98%, 0, 0, 8, 3.94
1746628687, 0, 1090, 1162, 1089, 10, 8.98%, 0, 0, 8, 3.88
1746628733, 0, 1090, 1163, 1090, 10, 8.98%, 0, 0, 8, 3.98
1746628811, 0, 1090, 1164, 1091, 10, 8.98%, 0, 0, 8, 6.37
1746628831, 0, 1090, 1165, 1092, 10, 8.98%, 0, 0, 8, 6.94
1746628893, 0, 1090, 1166, 1093, 10, 8.98%, 0, 0, 8, 4.93
1746628898, 0, 1090, 1167, 1094, 10, 8.98%, 0, 0, 8, 4.03
1746628903, 0, 1090, 1168, 1095, 10, 8.98%, 0, 0, 8, 4.40
1746628991, 0, 1090, 1169, 1096, 10, 8.98%, 0, 0, 8, 3.84
1746629006, 0, 1090, 1170, 1097, 10, 8.98%, 0, 0, 8, 3.81
1746629032, 0, 1090, 1171, 1098, 10, 8.98%, 0, 0, 8, 3.71
1746629156, 0, 1090, 1172, 1099, 10, 8.98%, 0, 0, 8, 4.66
1746629172, 0, 1090, 1173, 1100, 10, 9.03%, 0, 0, 8, 3.65
1746629177, 0, 1090, 1174, 1101, 10, 9.03%, 0, 0, 8, 6.62
1746629281, 0, 1090, 1175, 1102, 10, 9.03%, 0, 0, 8, 3.87
1746629286, 0, 1090, 1176, 1103, 10, 9.03%, 0, 0, 8, 3.67
1746629296, 0, 1090, 1177, 1104, 10, 9.04%, 0, 0, 8, 3.92
1746629301, 0, 1090, 1178, 1105, 10, 9.04%, 0, 0, 8, 3.95
1746629306, 0, 1090, 1179, 1106, 10, 9.05%, 0, 0, 8, 3.78
1746629327, 0, 1090, 1180, 1107, 10, 9.06%, 0, 0, 8, 3.63
1746629491, 0, 1090, 1181, 1108, 10, 9.06%, 0, 0, 8, 3.67
1746629497, 0, 1090, 1182, 1109, 10, 9.06%, 0, 0, 8, 3.36
1746629512, 0, 1090, 1183, 1110, 10, 9.06%, 0, 0, 8, 3.93
1746629527, 0, 1090, 1184, 1111, 10, 9.06%, 0, 0, 8, 4.02
1746629533, 0, 1090, 1185, 1112, 10, 9.06%, 0, 0, 8, 4.04
1746629538, 0, 1090, 1188, 1115, 10, 9.06%, 0, 0, 8, 4.02
1746629569, 0, 1090, 1189, 1116, 10, 9.06%, 0, 0, 8, 3.46
1746629610, 0, 1101, 1189, 1115, 11, 9.06%, 0, 0, 8, 11.74
1746630203, 0, 1105, 1189, 1114, 11, 9.06%, 0, 0, 8, 11.03
1746630233, 0, 1105, 1190, 1115, 11, 9.06%, 0, 0, 8, 4.48
1746630316, 0, 1105, 1191, 1116, 11, 9.06%, 0, 0, 8, 8.89
1746630527, 0, 1105, 1192, 1117, 11, 9.21%, 0, 0, 8, 8.01
1746630563, 0, 1105, 1193, 1118, 11, 9.21%, 0, 0, 8, 7.72
1746630661, 0, 1105, 1194, 1119, 11, 9.21%, 0, 0, 8, 3.74
1746630722, 0, 1105, 1195, 1120, 11, 9.21%, 0, 0, 8, 4.85
1746630815, 0, 1132, 1195, 1119, 11, 9.21%, 0, 0, 8, 10.64
1746630908, 0, 1132, 1196, 1120, 11, 9.21%, 0, 0, 8, 5.45
1746631409, 0, 1133, 1196, 1119, 10, 9.21%, 0, 0, 8, 12.40
1746632015, 0, 1133, 1197, 1120, 10, 9.21%, 0, 0, 8, 12.35
1746632035, 0, 1141, 1197, 1119, 9, 9.21%, 0, 0, 8, 13.87
1746632474, 0, 1141, 1198, 1120, 9, 9.21%, 0, 0, 9, 8.20
1746632609, 0, 1141, 1199, 1121, 9, 9.21%, 0, 0, 9, 13.08
1746632629, 0, 1141, 1200, 1122, 9, 9.21%, 0, 0, 9, 14.41
1746632727, 0, 1161, 1200, 1121, 9, 9.21%, 0, 0, 9, 11.64
1746632949, 0, 1161, 1201, 1122, 9, 9.21%, 0, 0, 9, 5.38
1746633064, 0, 1161, 1202, 1123, 9, 9.21%, 0, 0, 9, 4.00
1746633481, 0, 1171, 1202, 1122, 9, 9.21%, 0, 0, 9, 12.29
1746633487, 0, 1171, 1203, 1123, 9, 9.21%, 0, 0, 9, 10.53
1746633497, 0, 1171, 1204, 1124, 9, 9.21%, 0, 0, 9, 5.41
1746634136, 0, 1171, 1205, 1125, 9, 9.21%, 0, 0, 9, 3.85
1746634146, 0, 1171, 1206, 1126, 9, 9.21%, 0, 0, 9, 3.45
1746634362, 0, 1171, 1207, 1127, 9, 9.21%, 0, 0, 9, 3.53
1746634434, 0, 1171, 1208, 1128, 9, 9.37%, 0, 0, 9, 4.10
1746634460, 0, 1172, 1208, 1127, 9, 9.37%, 0, 0, 9, 11.98
1746634502, 0, 1172, 1209, 1128, 9, 9.37%, 0, 0, 9, 3.68
1746634558, 0, 1172, 1210, 1129, 9, 9.38%, 0, 0, 9, 3.66
1746634610, 0, 1172, 1211, 1130, 9, 9.38%, 0, 0, 9, 3.67
1746634873, 0, 1172, 1212, 1131, 9, 9.38%, 0, 0, 9, 3.74
1746634878, 0, 1172, 1213, 1132, 9, 9.38%, 0, 0, 9, 3.73
1746634925, 0, 1172, 1214, 1133, 9, 9.38%, 0, 0, 9, 3.65
1746634930, 0, 1172, 1215, 1134, 9, 9.38%, 0, 0, 9, 3.62
1746634935, 0, 1172, 1217, 1136, 9, 9.38%, 0, 0, 9, 3.60
1746634940, 0, 1172, 1219, 1138, 9, 9.38%, 0, 0, 9, 3.60
1746634945, 0, 1172, 1221, 1140, 9, 9.38%, 0, 0, 9, 3.58
1746635054, 0, 1172, 1222, 1141, 9, 9.38%, 0, 0, 9, 6.66
1746635203, 0, 1172, 1223, 1142, 9, 9.38%, 0, 0, 9, 3.69
1746635471, 0, 1176, 1223, 1141, 10, 9.38%, 0, 0, 9, 11.69
1746635481, 0, 1176, 1224, 1142, 10, 9.38%, 0, 0, 9, 6.13
1746635507, 0, 1176, 1225, 1143, 10, 9.38%, 0, 0, 9, 3.93
1746635734, 0, 1176, 1226, 1144, 10, 9.38%, 0, 0, 9, 4.86
1746635744, 0, 1176, 1227, 1145, 10, 9.38%, 0, 0, 9, 5.20
1746636023, 0, 1176, 1228, 1146, 10, 9.38%, 0, 0, 9, 4.15
1746636192, 0, 1176, 1229, 1147, 10, 9.38%, 0, 0, 9, 7.97
1746636286, 0, 1176, 1230, 1148, 10, 9.38%, 0, 0, 9, 5.16
1746636296, 0, 1176, 1231, 1149, 10, 9.39%, 0, 0, 9, 5.06
1746636301, 0, 1176, 1232, 1150, 10, 9.39%, 0, 0, 9, 4.64
1746636394, 0, 1176, 1233, 1151, 10, 9.39%, 0, 0, 9, 3.94
1746636441, 0, 1178, 1233, 1150, 9, 9.39%, 0, 0, 9, 13.08
1746636472, 0, 1178, 1234, 1151, 9, 9.39%, 0, 0, 9, 4.35
1746636477, 0, 1178, 1235, 1152, 9, 9.39%, 0, 0, 9, 4.01
1746637844, 0, 1179, 1235, 1151, 8, 9.39%, 0, 0, 9, 8.18
1746638445, 0, 1179, 1236, 1152, 8, 9.39%, 0, 0, 9, 2.52
1746639282, 0, 1179, 1237, 1153, 8, 9.39%, 0, 0, 9, 6.06
1746639328, 0, 1191, 1238, 1153, 8, 9.39%, 0, 0, 9, 6.57
1746639339, 0, 1191, 1239, 1154, 8, 9.39%, 0, 0, 9, 4.40
1746639354, 0, 1191, 1240, 1155, 8, 9.39%, 0, 0, 9, 3.35
1746639365, 0, 1191, 1241, 1156, 8, 9.39%, 0, 0, 9, 2.93
1746639370, 0, 1191, 1242, 1157, 8, 9.39%, 0, 0, 9, 2.82
1746639421, 0, 1191, 1243, 1158, 8, 9.40%, 0, 0, 9, 3.36
1746639427, 0, 1191, 1244, 1159, 8, 9.40%, 0, 0, 9, 2.91
1746639432, 0, 1191, 1245, 1160, 8, 9.40%, 0, 0, 9, 2.80
1746639442, 0, 1191, 1247, 1162, 8, 9.40%, 0, 0, 9, 2.70
1746639540, 0, 1191, 1248, 1163, 8, 9.40%, 0, 0, 9, 2.71
1746639587, 0, 1191, 1249, 1164, 8, 9.40%, 0, 0, 9, 4.43
1746639612, 0, 1191, 1250, 1165, 8, 9.41%, 0, 0, 9, 3.84
1746639623, 0, 1191, 1251, 1166, 8, 9.41%, 0, 0, 9, 4.16
1746639638, 0, 1191, 1252, 1167, 8, 9.41%, 0, 0, 9, 3.82
1746639679, 0, 1191, 1253, 1168, 8, 9.41%, 0, 0, 9, 2.94
1746639684, 0, 1191, 1254, 1169, 8, 9.41%, 0, 0, 9, 2.83
1746639741, 0, 1191, 1255, 1170, 8, 9.41%, 0, 0, 9, 2.75
1746639762, 0, 1191, 1256, 1171, 8, 9.41%, 0, 0, 9, 2.82
1746640093, 0, 1191, 1257, 1172, 8, 9.41%, 0, 0, 9, 2.67
1746640273, 0, 1191, 1258, 1173, 8, 9.41%, 0, 0, 9, 2.86
1746640283, 0, 1191, 1259, 1174, 8, 9.41%, 0, 0, 9, 2.37
1746640294, 0, 1191, 1260, 1175, 8, 9.41%, 0, 0, 9, 2.70
1746640310, 0, 1191, 1261, 1176, 8, 9.41%, 0, 0, 9, 2.78
1746640325, 0, 1191, 1262, 1177, 8, 9.41%, 0, 0, 9, 2.52
1746640351, 0, 1191, 1263, 1178, 8, 9.41%, 0, 0, 9, 2.79
1746640362, 0, 1191, 1264, 1179, 8, 9.41%, 0, 0, 9, 2.78
1746640512, 0, 1200, 1264, 1178, 10, 9.41%, 0, 0, 9, 8.86
1746640563, 0, 1200, 1265, 1179, 10, 9.41%, 0, 0, 10, 2.85
1746640671, 0, 1200, 1266, 1180, 10, 9.41%, 0, 0, 10, 2.98
1746641093, 0, 1200, 1267, 1181, 10, 9.41%, 0, 0, 10, 2.73
1746641634, 0, 1207, 1267, 1180, 9, 9.41%, 0, 0, 10, 7.91
1746641692, 0, 1207, 1268, 1181, 9, 9.41%, 0, 0, 10, 2.59
1746641697, 0, 1207, 1269, 1182, 9, 9.41%, 0, 0, 10, 2.48
1746641708, 0, 1207, 1270, 1183, 9, 9.41%, 0, 0, 10, 2.49
1746641713, 0, 1207, 1271, 1184, 9, 9.41%, 0, 0, 10, 2.47
1746641718, 0, 1207, 1272, 1185, 9, 9.41%, 0, 0, 10, 2.47
1746641770, 0, 1207, 1273, 1186, 9, 9.41%, 0, 0, 10, 2.72
1746641785, 0, 1207, 1274, 1187, 9, 9.41%, 0, 0, 10, 2.55
1746641847, 0, 1207, 1275, 1188, 9, 9.41%, 0, 0, 10, 2.80
1746641868, 0, 1207, 1276, 1189, 9, 9.41%, 0, 0, 10, 2.49
1746642349, 0, 1207, 1277, 1190, 9, 9.41%, 0, 0, 10, 2.45
1746642354, 0, 1207, 1278, 1191, 9, 9.41%, 0, 0, 10, 2.46
1746642359, 0, 1207, 1279, 1192, 9, 9.41%, 0, 0, 10, 2.46
1746642365, 0, 1207, 1280, 1193, 9, 9.41%, 0, 0, 10, 2.47
1746642370, 0, 1207, 1281, 1194, 9, 9.41%, 0, 0, 10, 2.48
1746642375, 0, 1207, 1282, 1195, 9, 9.41%, 0, 0, 10, 2.48
1746642380, 0, 1207, 1283, 1196, 9, 9.41%, 0, 0, 10, 2.47
1746642511, 0, 1207, 1284, 1197, 9, 9.41%, 0, 0, 10, 2.60
1746642516, 0, 1207, 1285, 1198, 9, 9.41%, 0, 0, 10, 2.53
1746642728, 0, 1207, 1286, 1199, 9, 9.41%, 0, 0, 10, 2.53
1746642733, 0, 1207, 1287, 1200, 9, 9.41%, 0, 0, 10, 2.54
1746642743, 0, 1207, 1288, 1201, 9, 9.41%, 0, 0, 10, 2.55
1746642748, 0, 1207, 1289, 1202, 9, 9.41%, 0, 0, 10, 2.59
1746642754, 0, 1207, 1291, 1204, 9, 9.41%, 0, 0, 10, 2.62
1746643142, 0, 1210, 1291, 1203, 8, 9.41%, 0, 0, 10, 7.91
1746644577, 0, 1219, 1291, 1202, 7, 9.41%, 0, 0, 10, 8.04
1746645875, 0, 1219, 1292, 1203, 7, 9.41%, 0, 0, 10, 2.70
1746645999, 0, 1222, 1292, 1202, 6, 9.41%, 0, 0, 10, 9.42
1746646056, 0, 1222, 1293, 1203, 6, 9.41%, 0, 0, 10, 2.62
1746646072, 0, 1222, 1295, 1205, 6, 9.41%, 0, 0, 10, 2.53
1746646077, 0, 1222, 1296, 1206, 6, 9.41%, 0, 0, 10, 2.55
1746646154, 0, 1222, 1297, 1207, 6, 9.41%, 0, 0, 10, 2.55
1746646669, 0, 1222, 1298, 1208, 6, 9.41%, 0, 0, 10, 2.53
1746646674, 0, 1222, 1299, 1209, 6, 9.41%, 0, 0, 10, 2.55
1746646679, 0, 1222, 1300, 1210, 6, 9.41%, 0, 0, 10, 2.56
1746646700, 0, 1222, 1301, 1211, 6, 9.41%, 0, 0, 10, 2.53
1746647381, 0, 1222, 1302, 1212, 6, 9.41%, 0, 0, 10, 2.64
1746647443, 0, 1222, 1303, 1213, 6, 9.41%, 0, 0, 10, 2.85
1746647479, 0, 1230, 1303, 1212, 5, 9.41%, 0, 0, 10, 8.95
1746647511, 0, 1230, 1304, 1213, 5, 9.41%, 0, 0, 10, 3.59
1746647588, 0, 1230, 1305, 1214, 5, 9.41%, 0, 0, 10, 3.33
1746648006, 0, 1230, 1306, 1215, 5, 9.41%, 0, 0, 10, 3.26
1746648011, 0, 1230, 1308, 1217, 5, 9.41%, 0, 0, 10, 3.27
1746648016, 0, 1230, 1309, 1218, 5, 9.41%, 0, 0, 10, 3.26
1746648037, 0, 1230, 1310, 1219, 5, 9.41%, 0, 0, 10, 3.26
1746648217, 0, 1230, 1311, 1220, 5, 9.41%, 0, 0, 10, 3.92
1746648648, 0, 1239, 1311, 1219, 4, 9.41%, 0, 0, 10, 8.76
1746648798, 0, 1239, 1312, 1220, 4, 9.41%, 0, 0, 10, 2.67
1746648850, 0, 1239, 1313, 1221, 4, 9.41%, 0, 0, 10, 5.35
1746648979, 0, 1239, 1314, 1222, 4, 9.41%, 0, 0, 10, 2.74
1746649757, 0, 1249, 1314, 1221, 3, 9.41%, 0, 0, 10, 10.19
1746649969, 0, 1249, 1315, 1222, 3, 9.41%, 0, 0, 10, 4.43
1746650372, 0, 1249, 1316, 1223, 3, 9.41%, 0, 0, 10, 3.03
1746650662, 0, 1249, 1317, 1224, 3, 9.41%, 0, 0, 10, 2.69
1746650682, 0, 1249, 1318, 1225, 3, 9.41%, 0, 0, 10, 2.62
1746650703, 0, 1249, 1319, 1226, 3, 9.41%, 0, 0, 10, 2.54
1746650885, 0, 1259, 1319, 1225, 2, 9.41%, 0, 0, 10, 9.17
1746651082, 0, 1259, 1320, 1226, 2, 9.41%, 0, 0, 10, 6.52
1746651979, 0, 1259, 1321, 1227, 2, 9.41%, 0, 0, 10, 2.56
1746651995, 0, 1259, 1322, 1228, 2, 9.41%, 0, 0, 10, 2.76
1746652015, 0, 1259, 1323, 1229, 2, 9.41%, 0, 0, 10, 2.71
1746652072, 0, 1259, 1324, 1230, 2, 9.41%, 0, 0, 10, 7.24
1746652134, 1, 39, 1324, 1229, 1, 9.41%, 0, 0, 10, 19.38
1746652154, 1, 39, 1325, 1230, 1, 9.41%, 0, 0, 10, 2.99
1746652211, 1, 80, 1325, 1229, 1, 9.41%, 0, 0, 10, 25.71
1746652221, 1, 80, 1326, 1230, 1, 9.41%, 0, 0, 10, 18.19
1746652283, 1, 216, 1326, 1229, 1, 9.41%, 0, 0, 10, 18.40
1746652370, 1, 216, 1327, 1230, 1, 9.41%, 0, 0, 10, 14.79
1746652376, 1, 216, 1328, 1231, 1, 9.41%, 0, 0, 10, 2.86
1746652463, 1, 223, 1328, 1230, 0, 9.41%, 0, 0, 10, 16.62
1746652489, 1, 225, 1328, 1229, 0, 9.41%, 0, 0, 10, 16.42
1746652671, 1, 225, 1329, 1230, 0, 9.41%, 0, 0, 10, 10.51
1746652686, 1, 225, 1330, 1231, 0, 9.41%, 0, 0, 10, 15.75
1746652742, 1, 228, 1330, 1230, 0, 9.41%, 0, 0, 10, 10.29
1746652901, 1, 232, 1330, 1229, 0, 9.41%, 0, 0, 10, 10.72
1746652906, 1, 233, 1330, 1229, 0, 9.41%, 0, 0, 10, 22.70
1746652947, 1, 237, 1330, 1228, 0, 9.41%, 0, 0, 10, 18.52
1746652977, 1, 244, 1330, 1227, 0, 9.41%, 0, 0, 10, 19.58
1746653013, 1, 248, 1330, 1226, 0, 9.41%, 0, 0, 10, 17.35
1746653204, 1, 249, 1330, 1225, 0, 9.41%, 0, 0, 10, 13.60
1746653378, 1, 250, 1330, 1224, 0, 9.41%, 0, 0, 10, 23.81
1746653414, 1, 251, 1330, 1223, 0, 9.41%, 0, 0, 10, 14.66
1746653614, 1, 254, 1330, 1222, 0, 9.41%, 0, 0, 10, 11.33
1746653810, 1, 255, 1330, 1221, 0, 9.41%, 0, 0, 10, 17.64
1746653851, 1, 261, 1330, 1220, 0, 9.41%, 0, 0, 10, 20.71
1746653898, 1, 262, 1330, 1219, 0, 9.41%, 0, 0, 10, 16.96
1746653944, 1, 268, 1331, 1219, 0, 9.41%, 0, 0, 10, 2.06
1746653964, 1, 270, 1331, 1219, 0, 9.41%, 0, 0, 10, 18.41
1746653995, 1, 272, 1331, 1218, 0, 9.41%, 0, 0, 10, 22.25
1746654031, 1, 278, 1331, 1217, 0, 9.41%, 0, 0, 10, 13.76
1746654164, 1, 279, 1331, 1216, 0, 9.41%, 0, 0, 10, 15.31
1746654205, 1, 290, 1331, 1215, 0, 9.41%, 0, 0, 10, 10.55
1746654345, 1, 290, 1332, 1216, 0, 9.41%, 0, 0, 10, 6.42
1746654350, 1, 290, 1333, 1217, 0, 9.41%, 0, 0, 10, 10.02
1746654396, 1, 296, 1333, 1216, 0, 9.41%, 0, 0, 10, 22.28
1746654432, 1, 298, 1333, 1215, 0, 9.41%, 0, 0, 10, 17.84
1746654550, 1, 303, 1333, 1214, 0, 9.41%, 0, 0, 10, 11.83
1746654617, 1, 309, 1333, 1213, 0, 9.41%, 0, 0, 10, 18.66
1746654693, 1, 315, 1333, 1212, 0, 9.41%, 0, 0, 10, 17.20
1746654739, 1, 320, 1333, 1211, 0, 9.41%, 0, 0, 10, 12.89
1746654883, 1, 321, 1333, 1210, 0, 9.41%, 0, 0, 10, 10.74
