# unix_time, cycles_done, cur_path, paths_total, pending_total, pending_favs, map_size, unique_crashes, unique_hangs, max_depth, execs_per_sec
1746712264, 0, 0, 1, 1, 1, 3.79%, 0, 0, 1, 28.67
1746712269, 0, 0, 10, 10, 1, 4.94%, 0, 0, 2, 29.94
1746712275, 0, 0, 22, 22, 1, 4.94%, 0, 0, 2, 29.40
1746712280, 0, 0, 31, 31, 1, 4.96%, 0, 0, 2, 30.11
1746712285, 0, 0, 39, 39, 1, 4.97%, 0, 0, 2, 28.91
1746712290, 0, 0, 48, 48, 1, 4.97%, 0, 0, 2, 29.12
1746712295, 0, 0, 54, 54, 1, 4.97%, 0, 0, 2, 29.12
1746712300, 0, 0, 60, 60, 1, 4.99%, 0, 0, 2, 28.48
1746712305, 0, 0, 66, 66, 1, 4.99%, 0, 0, 2, 29.16
1746712310, 0, 0, 72, 72, 1, 4.99%, 0, 0, 2, 29.46
1746712315, 0, 0, 80, 80, 1, 5.00%, 0, 0, 2, 28.13
1746712320, 0, 0, 85, 85, 1, 5.00%, 0, 0, 2, 28.91
1746712325, 0, 0, 90, 90, 1, 5.03%, 0, 0, 2, 27.81
1746712330, 0, 0, 96, 96, 1, 5.03%, 0, 0, 2, 27.87
1746712336, 0, 0, 100, 100, 1, 5.03%, 0, 0, 2, 29.89
1746712341, 0, 0, 104, 104, 1, 5.06%, 0, 0, 2, 27.85
1746712346, 0, 0, 107, 107, 1, 5.06%, 0, 0, 2, 30.52
1746712351, 0, 0, 110, 110, 1, 5.06%, 0, 0, 2, 30.33
1746712356, 0, 0, 113, 113, 1, 5.06%, 0, 0, 2, 29.82
1746712361, 0, 0, 116, 116, 1, 5.06%, 0, 0, 2, 30.65
1746712366, 0, 0, 118, 118, 1, 5.06%, 0, 0, 2, 31.32
1746712371, 0, 0, 122, 122, 1, 5.06%, 0, 0, 2, 29.53
1746712376, 0, 0, 124, 124, 1, 5.06%, 0, 0, 2, 30.53
1746712381, 0, 0, 127, 127, 1, 5.07%, 0, 0, 2, 30.56
1746712387, 0, 0, 131, 131, 1, 5.07%, 0, 0, 2, 29.15
1746712392, 0, 0, 132, 132, 1, 5.07%, 0, 0, 2, 31.25
1746712397, 0, 0, 135, 135, 1, 5.07%, 0, 0, 2, 30.77
1746712402, 0, 0, 138, 138, 1, 5.07%, 0, 0, 2, 30.28
1746712407, 0, 0, 139, 139, 1, 5.07%, 0, 0, 2, 30.51
1746712412, 0, 0, 143, 143, 1, 5.07%, 0, 0, 2, 29.90
1746712417, 0, 0, 144, 144, 1, 5.07%, 0, 0, 2, 31.40
1746712423, 0, 0, 146, 146, 1, 5.07%, 0, 0, 2, 31.16
1746712428, 0, 0, 147, 147, 1, 5.07%, 0, 0, 2, 31.21
1746712433, 0, 0, 149, 149, 1, 5.07%, 0, 0, 2, 30.90
1746712438, 0, 0, 154, 154, 1, 5.08%, 0, 0, 2, 28.98
1746712443, 0, 0, 158, 158, 1, 5.08%, 0, 0, 2, 28.65
1746712448, 0, 0, 165, 165, 1, 5.08%, 0, 0, 2, 25.55
1746712453, 0, 0, 166, 166, 1, 5.08%, 0, 0, 2, 30.46
1746712458, 0, 0, 167, 167, 1, 5.08%, 0, 0, 2, 30.09
1746712464, 0, 0, 169, 169, 1, 5.08%, 0, 0, 2, 28.87
1746712469, 0, 0, 172, 172, 1, 5.08%, 0, 0, 2, 27.84
1746712474, 0, 0, 173, 173, 1, 5.08%, 0, 0, 2, 29.40
1746712479, 0, 0, 174, 174, 1, 5.08%, 0, 0, 2, 29.52
1746712484, 0, 0, 175, 175, 1, 5.08%, 0, 0, 2, 29.21
1746712489, 0, 0, 177, 177, 1, 5.08%, 0, 0, 2, 28.32
1746712494, 0, 0, 179, 179, 1, 5.08%, 0, 0, 2, 27.81
1746712499, 0, 0, 182, 182, 1, 5.08%, 0, 0, 2, 26.82
1746712510, 0, 0, 183, 183, 1, 5.08%, 0, 0, 2, 28.20
1746712515, 0, 0, 185, 185, 1, 5.08%, 0, 0, 2, 27.26
1746712520, 0, 0, 186, 186, 1, 5.08%, 0, 0, 2, 26.51
1746712525, 0, 0, 188, 188, 1, 5.08%, 0, 0, 2, 27.59
1746712530, 0, 0, 191, 191, 1, 5.08%, 0, 0, 2, 26.69
1746712535, 0, 0, 192, 192, 1, 5.08%, 0, 0, 2, 27.65
1746712540, 0, 0, 193, 193, 1, 5.08%, 0, 0, 2, 27.75
1746712545, 0, 1, 195, 194, 14, 5.08%, 0, 0, 2, 27.64
1746712556, 0, 1, 196, 195, 14, 5.08%, 0, 0, 3, 29.18
1746712561, 0, 1, 198, 197, 14, 5.08%, 0, 0, 3, 27.07
1746712576, 0, 1, 200, 199, 14, 5.08%, 0, 0, 3, 27.25
1746712581, 0, 1, 204, 203, 14, 5.08%, 0, 0, 3, 25.37
1746712586, 0, 1, 205, 204, 14, 5.08%, 0, 0, 3, 28.03
1746712591, 0, 1, 208, 207, 14, 5.08%, 0, 0, 3, 26.34
1746712597, 0, 1, 211, 210, 14, 5.08%, 0, 0, 3, 25.29
1746712602, 0, 1, 212, 211, 14, 5.08%, 0, 0, 3, 27.70
1746712607, 0, 1, 213, 212, 14, 5.08%, 0, 0, 3, 28.41
1746712617, 0, 1, 214, 213, 14, 5.08%, 0, 0, 3, 29.10
1746712622, 0, 1, 215, 214, 14, 5.08%, 0, 0, 3, 28.70
1746712632, 0, 1, 217, 216, 14, 5.08%, 0, 0, 3, 27.85
1746712643, 0, 1, 218, 217, 14, 5.08%, 0, 0, 3, 28.74
1746712653, 0, 1, 220, 219, 14, 5.08%, 0, 0, 3, 28.74
1746712668, 0, 1, 221, 220, 14, 5.08%, 0, 0, 3, 28.85
1746712673, 0, 1, 222, 221, 14, 5.08%, 0, 0, 3, 28.67
1746712679, 0, 1, 223, 222, 14, 5.08%, 0, 0, 3, 27.85
1746712689, 0, 1, 224, 223, 14, 5.09%, 0, 0, 3, 29.06
1746712699, 0, 1, 225, 224, 14, 5.09%, 0, 0, 3, 29.10
1746712709, 0, 1, 226, 225, 14, 5.10%, 0, 0, 3, 27.88
1746712720, 0, 1, 228, 227, 14, 5.10%, 0, 0, 3, 27.59
1746712725, 0, 1, 229, 228, 14, 5.10%, 0, 0, 3, 28.71
1746712740, 0, 1, 231, 230, 14, 5.10%, 0, 0, 3, 28.45
1746712761, 0, 1, 232, 231, 14, 5.10%, 0, 0, 3, 27.94
1746712771, 0, 1, 234, 233, 14, 5.10%, 0, 0, 3, 27.25
1746712776, 0, 1, 235, 234, 14, 5.10%, 0, 0, 3, 27.15
1746712781, 0, 1, 236, 235, 14, 5.10%, 0, 0, 3, 28.76
1746712787, 0, 1, 238, 237, 14, 5.10%, 0, 0, 3, 28.75
1746712792, 0, 14, 239, 237, 13, 5.10%, 0, 0, 3, 29.29
1746712837, 0, 28, 239, 236, 12, 5.10%, 0, 0, 3, 26.15
1746713005, 0, 28, 240, 237, 12, 5.10%, 0, 0, 3, 23.43
1746713010, 0, 28, 243, 240, 12, 5.11%, 0, 0, 3, 23.45
1746713015, 0, 28, 244, 241, 12, 5.11%, 0, 0, 3, 23.98
1746713020, 0, 28, 245, 242, 12, 5.11%, 0, 0, 3, 24.03
1746713025, 0, 28, 247, 244, 12, 5.11%, 0, 0, 3, 23.64
1746713030, 0, 28, 248, 245, 12, 5.11%, 0, 0, 3, 24.04
1746713036, 0, 28, 251, 248, 12, 5.11%, 0, 0, 3, 23.05
1746713041, 0, 28, 253, 250, 12, 5.11%, 0, 0, 3, 22.55
1746713046, 0, 28, 254, 251, 12, 5.11%, 0, 0, 3, 23.68
1746713056, 0, 28, 255, 252, 12, 5.11%, 0, 0, 3, 24.69
1746713066, 0, 28, 256, 253, 12, 5.11%, 0, 0, 3, 24.37
1746713072, 0, 28, 257, 254, 12, 5.11%, 0, 0, 3, 24.27
1746713082, 0, 28, 258, 255, 12, 5.11%, 0, 0, 3, 24.70
1746713087, 0, 28, 260, 257, 12, 5.11%, 0, 0, 3, 23.87
1746713092, 0, 28, 262, 259, 12, 5.13%, 0, 0, 3, 23.31
1746713102, 0, 28, 264, 261, 12, 5.13%, 0, 0, 3, 23.89
1746713107, 0, 28, 267, 264, 12, 5.13%, 0, 0, 3, 22.73
1746713117, 0, 28, 269, 266, 12, 5.13%, 0, 0, 3, 23.73
1746713122, 0, 28, 271, 268, 12, 5.13%, 0, 0, 3, 22.87
1746713128, 0, 28, 273, 270, 12, 5.13%, 0, 0, 3, 22.50
1746713138, 0, 28, 276, 273, 12, 5.13%, 0, 0, 3, 21.60
1746713148, 0, 28, 277, 274, 12, 5.13%, 0, 0, 3, 24.31
1746713164, 0, 28, 279, 276, 12, 5.13%, 0, 0, 3, 23.97
1746713179, 0, 28, 280, 277, 12, 5.13%, 0, 0, 3, 23.19
1746713184, 0, 28, 282, 279, 12, 5.13%, 0, 0, 3, 21.26
1746713194, 0, 28, 283, 280, 12, 5.13%, 0, 0, 3, 22.35
1746713199, 0, 28, 284, 281, 12, 5.13%, 0, 0, 3, 24.41
1746713204, 0, 28, 285, 282, 12, 5.13%, 0, 0, 3, 24.32
1746713210, 0, 28, 287, 284, 12, 5.13%, 0, 0, 3, 23.87
1746713215, 0, 28, 288, 285, 12, 5.13%, 0, 0, 3, 23.71
1746713230, 0, 28, 289, 286, 12, 5.13%, 0, 0, 3, 24.29
1746713235, 0, 28, 290, 287, 12, 5.13%, 0, 0, 3, 23.14
1746713245, 0, 28, 291, 288, 12, 5.13%, 0, 0, 3, 23.43
1746713255, 0, 28, 293, 290, 12, 5.13%, 0, 0, 3, 22.90
1746713266, 0, 28, 295, 292, 12, 5.13%, 0, 0, 3, 22.17
1746713281, 0, 28, 296, 293, 12, 5.13%, 0, 0, 3, 24.44
1746713296, 0, 104, 296, 292, 11, 5.13%, 0, 0, 3, 24.06
1746713312, 0, 104, 297, 293, 11, 5.13%, 0, 0, 3, 18.18
1746713393, 0, 104, 298, 294, 11, 5.13%, 0, 0, 3, 17.85
1746713823, 0, 104, 299, 295, 11, 5.13%, 0, 0, 3, 18.17
1746713925, 0, 104, 301, 297, 11, 5.13%, 0, 0, 3, 18.14
1746713930, 0, 104, 304, 300, 11, 5.13%, 0, 0, 3, 18.33
1746713936, 0, 104, 305, 301, 11, 5.13%, 0, 0, 3, 19.23
1746713941, 0, 104, 307, 303, 11, 5.13%, 0, 0, 3, 18.73
1746713946, 0, 104, 309, 305, 11, 5.13%, 0, 0, 3, 19.90
1746713951, 0, 104, 313, 309, 11, 5.13%, 0, 0, 3, 17.86
1746713956, 0, 104, 315, 311, 11, 5.13%, 0, 0, 3, 18.27
1746713961, 0, 104, 319, 315, 11, 5.13%, 0, 0, 3, 16.57
1746713966, 0, 104, 321, 317, 11, 5.13%, 0, 0, 3, 18.65
1746713972, 0, 104, 323, 319, 11, 5.13%, 0, 0, 3, 19.34
1746713977, 0, 104, 325, 321, 11, 5.13%, 0, 0, 3, 19.29
1746713982, 0, 104, 326, 322, 11, 5.13%, 0, 0, 3, 19.37
1746713987, 0, 104, 328, 324, 11, 5.13%, 0, 0, 3, 18.66
1746713992, 0, 104, 330, 326, 11, 5.13%, 0, 0, 3, 18.32
1746714002, 0, 104, 332, 328, 11, 5.13%, 0, 0, 3, 18.80
1746714007, 0, 104, 333, 329, 11, 5.13%, 0, 0, 3, 20.08
1746714013, 0, 104, 334, 330, 11, 5.13%, 0, 0, 3, 20.12
1746714018, 0, 104, 335, 331, 11, 5.13%, 0, 0, 3, 20.72
1746714033, 0, 104, 336, 332, 11, 5.13%, 0, 0, 3, 19.62
1746714038, 0, 104, 338, 334, 11, 5.73%, 0, 0, 3, 18.85
1746714043, 0, 104, 339, 335, 11, 5.73%, 0, 0, 3, 19.91
1746714048, 0, 104, 340, 336, 11, 5.73%, 0, 0, 3, 19.88
1746714054, 0, 104, 341, 337, 11, 5.73%, 0, 0, 3, 20.06
1746714059, 0, 104, 343, 339, 11, 5.73%, 0, 0, 3, 18.26
1746714069, 0, 104, 344, 340, 11, 5.73%, 0, 0, 3, 19.41
1746714074, 0, 104, 345, 341, 11, 5.73%, 0, 0, 3, 19.73
1746714079, 0, 104, 346, 342, 11, 5.73%, 0, 0, 3, 18.49
1746714084, 0, 104, 348, 344, 11, 5.73%, 0, 0, 3, 19.00
1746714089, 0, 104, 349, 345, 11, 5.73%, 0, 0, 3, 20.38
1746714099, 0, 104, 351, 347, 11, 5.74%, 0, 0, 3, 17.72
1746714125, 0, 104, 352, 348, 11, 5.74%, 0, 0, 3, 20.37
1746714140, 0, 104, 354, 350, 11, 5.74%, 0, 0, 3, 18.56
1746714145, 0, 104, 355, 351, 11, 5.74%, 0, 0, 3, 20.14
1746714150, 0, 104, 357, 353, 11, 5.74%, 0, 0, 3, 18.70
1746714171, 0, 104, 358, 354, 11, 5.74%, 0, 0, 3, 19.07
1746714186, 0, 104, 359, 355, 11, 5.74%, 0, 0, 3, 19.36
1746714191, 0, 104, 361, 357, 11, 5.74%, 0, 0, 3, 18.61
1746714197, 0, 104, 362, 358, 11, 5.74%, 0, 0, 3, 19.60
1746714207, 0, 104, 363, 359, 11, 5.74%, 0, 0, 3, 19.10
1746714217, 0, 104, 364, 360, 11, 5.74%, 0, 0, 3, 18.39
1746714222, 0, 104, 365, 361, 11, 5.74%, 0, 0, 3, 18.15
1746714238, 0, 104, 366, 362, 11, 5.74%, 0, 0, 3, 18.84
1746714243, 0, 104, 367, 363, 11, 5.74%, 0, 0, 3, 19.34
1746714248, 0, 104, 368, 364, 11, 5.74%, 0, 0, 3, 19.00
1746714258, 0, 104, 369, 365, 11, 5.74%, 0, 0, 3, 20.03
1746714269, 0, 104, 370, 366, 11, 5.74%, 0, 0, 3, 20.30
1746714274, 0, 104, 371, 367, 11, 5.74%, 0, 0, 3, 19.66
1746714284, 0, 104, 372, 368, 11, 5.74%, 0, 0, 3, 19.99
1746714289, 0, 124, 372, 367, 11, 5.74%, 0, 0, 3, 21.35
1746714515, 0, 138, 372, 366, 10, 5.74%, 0, 0, 3, 22.27
1746714531, 0, 138, 374, 368, 10, 5.74%, 0, 0, 3, 17.70
1746714598, 0, 138, 375, 369, 10, 5.74%, 0, 0, 3, 18.01
1746714624, 0, 138, 376, 370, 10, 5.74%, 0, 0, 3, 17.70
1746715193, 0, 138, 379, 373, 10, 5.74%, 0, 0, 3, 18.41
1746715198, 0, 138, 380, 374, 10, 5.74%, 0, 0, 3, 19.31
1746715213, 0, 138, 381, 375, 10, 5.74%, 0, 0, 3, 19.23
1746715228, 0, 138, 383, 377, 10, 5.74%, 0, 0, 3, 19.06
1746715233, 0, 138, 384, 378, 10, 5.74%, 0, 0, 3, 19.44
1746715244, 0, 138, 385, 379, 10, 5.74%, 0, 0, 3, 19.97
1746715254, 0, 138, 387, 381, 10, 5.74%, 0, 0, 3, 18.21
1746715259, 0, 138, 389, 383, 10, 5.74%, 0, 0, 3, 18.03
1746715264, 0, 138, 390, 384, 10, 5.74%, 0, 0, 3, 18.75
1746715285, 0, 138, 391, 385, 10, 5.74%, 0, 0, 3, 19.61
1746715290, 0, 138, 392, 386, 10, 5.74%, 0, 0, 3, 19.68
1746715326, 0, 138, 393, 387, 10, 5.74%, 0, 0, 3, 19.15
1746715336, 0, 138, 394, 388, 10, 5.74%, 0, 0, 3, 19.86
1746715346, 0, 138, 395, 389, 10, 5.74%, 0, 0, 3, 18.97
1746715361, 0, 138, 396, 390, 10, 5.74%, 0, 0, 3, 19.71
1746715417, 0, 138, 398, 392, 10, 5.74%, 0, 0, 3, 19.88
1746715423, 0, 138, 399, 393, 10, 5.74%, 0, 0, 3, 19.22
1746715443, 0, 138, 400, 394, 10, 5.74%, 0, 0, 3, 19.48
1746715448, 0, 138, 401, 395, 10, 5.74%, 0, 0, 3, 20.12
1746715495, 0, 138, 402, 396, 10, 6.17%, 0, 0, 3, 17.50
1746715500, 0, 138, 403, 397, 10, 6.17%, 0, 0, 3, 18.90
1746715525, 0, 167, 403, 396, 11, 6.17%, 0, 0, 3, 19.42
1746716001, 0, 230, 403, 395, 10, 6.17%, 0, 0, 3, 18.49
1746716983, 0, 230, 404, 396, 10, 6.17%, 0, 0, 4, 17.84
1746716998, 0, 241, 404, 395, 10, 6.17%, 0, 0, 4, 17.95
1746717651, 0, 241, 405, 396, 10, 6.17%, 0, 0, 4, 20.02
1746717661, 0, 273, 405, 395, 9, 6.17%, 0, 0, 4, 18.09
1746719136, 0, 273, 407, 397, 9, 6.17%, 0, 0, 4, 14.68
1746719146, 0, 273, 408, 398, 9, 6.17%, 0, 0, 4, 16.08
1746719156, 0, 273, 410, 400, 9, 6.17%, 0, 0, 4, 15.21
1746719167, 0, 273, 411, 401, 9, 6.17%, 0, 0, 4, 15.32
1746719172, 0, 273, 412, 402, 9, 6.17%, 0, 0, 4, 16.04
1746719177, 0, 273, 413, 403, 9, 6.17%, 0, 0, 4, 14.87
1746719182, 0, 273, 415, 405, 9, 6.17%, 0, 0, 4, 14.45
1746719187, 0, 273, 416, 406, 9, 6.17%, 0, 0, 4, 15.44
1746719192, 0, 273, 417, 407, 9, 6.17%, 0, 0, 4, 14.92
1746719197, 0, 273, 418, 408, 9, 6.17%, 0, 0, 4, 14.79
1746719202, 0, 273, 419, 409, 9, 6.17%, 0, 0, 4, 16.04
1746719208, 0, 273, 420, 410, 9, 6.17%, 0, 0, 4, 15.96
1746719218, 0, 273, 421, 411, 9, 6.17%, 0, 0, 4, 15.43
1746719223, 0, 273, 422, 412, 9, 6.17%, 0, 0, 4, 15.96
1746719228, 0, 273, 423, 413, 9, 6.17%, 0, 0, 4, 15.26
1746719233, 0, 273, 424, 414, 9, 6.17%, 0, 0, 4, 15.39
1746719238, 0, 273, 425, 415, 9, 6.17%, 0, 0, 4, 15.25
1746719243, 0, 273, 426, 416, 9, 6.17%, 0, 0, 4, 15.45
1746719253, 0, 273, 428, 418, 9, 6.17%, 0, 0, 4, 14.87
1746719259, 0, 273, 429, 419, 9, 6.17%, 0, 0, 4, 15.71
1746719274, 0, 273, 430, 420, 9, 6.17%, 0, 0, 4, 15.52
1746719284, 0, 273, 431, 421, 9, 6.17%, 0, 0, 4, 16.01
1746719294, 0, 273, 433, 423, 9, 6.17%, 0, 0, 4, 14.81
1746719309, 0, 273, 434, 424, 9, 6.17%, 0, 0, 4, 15.30
1746719356, 0, 273, 435, 425, 9, 6.17%, 0, 0, 4, 15.71
1746719361, 0, 273, 436, 426, 9, 6.17%, 0, 0, 4, 15.91
1746719382, 0, 273, 437, 427, 9, 6.17%, 0, 0, 4, 14.92
1746719387, 0, 273, 438, 428, 9, 6.17%, 0, 0, 4, 14.73
1746719407, 0, 273, 439, 429, 9, 6.17%, 0, 0, 4, 15.30
1746719448, 0, 273, 440, 430, 9, 6.17%, 0, 0, 4, 16.06
1746719458, 0, 273, 441, 431, 9, 6.17%, 0, 0, 4, 15.49
1746719468, 0, 273, 442, 432, 9, 6.17%, 0, 0, 4, 15.99
1746719473, 0, 273, 443, 433, 9, 6.17%, 0, 0, 4, 15.16
1746719484, 0, 273, 445, 435, 9, 6.17%, 0, 0, 4, 15.97
1746719525, 0, 273, 446, 436, 9, 6.17%, 0, 0, 4, 16.49
1746719535, 0, 273, 447, 437, 9, 6.17%, 0, 0, 4, 15.99
1746719540, 0, 273, 448, 438, 9, 6.17%, 0, 0, 4, 15.96
1746719545, 0, 273, 449, 439, 9, 6.17%, 0, 0, 4, 15.22
1746719550, 0, 273, 451, 441, 9, 6.17%, 0, 0, 4, 13.73
1746719555, 0, 273, 452, 442, 9, 6.17%, 0, 0, 4, 15.40
1746719565, 0, 273, 453, 443, 9, 6.17%, 0, 0, 4, 15.02
1746719570, 0, 302, 453, 442, 9, 6.17%, 0, 0, 4, 16.32
1746720433, 0, 346, 453, 441, 8, 6.17%, 0, 0, 4, 17.60
1746720448, 0, 346, 454, 442, 8, 6.17%, 0, 0, 4, 15.62
1746720464, 0, 346, 455, 443, 8, 6.17%, 0, 0, 4, 15.48
1746721416, 0, 346, 457, 445, 8, 6.17%, 0, 0, 4, 17.91
1746721421, 0, 346, 458, 446, 8, 6.17%, 0, 0, 4, 18.83
1746721426, 0, 346, 460, 448, 8, 6.17%, 0, 0, 4, 18.75
1746721431, 0, 346, 462, 450, 8, 6.17%, 0, 0, 4, 18.80
1746721436, 0, 346, 463, 451, 8, 6.17%, 0, 0, 4, 20.00
1746721441, 0, 346, 465, 453, 8, 6.17%, 0, 0, 4, 18.90
1746721446, 0, 346, 466, 454, 8, 6.17%, 0, 0, 4, 18.59
1746721452, 0, 346, 468, 456, 8, 6.17%, 0, 0, 4, 18.71
1746721457, 0, 346, 469, 457, 8, 6.17%, 0, 0, 4, 18.31
1746721462, 0, 346, 471, 459, 8, 6.17%, 0, 0, 4, 17.60
1746721472, 0, 346, 472, 460, 8, 6.17%, 0, 0, 4, 19.29
1746721477, 0, 346, 473, 461, 8, 6.17%, 0, 0, 4, 18.06
1746721482, 0, 346, 474, 462, 8, 6.17%, 0, 0, 4, 19.84
1746721503, 0, 346, 476, 464, 8, 6.17%, 0, 0, 4, 18.26
1746721508, 0, 346, 477, 465, 8, 6.17%, 0, 0, 4, 19.77
1746721518, 0, 346, 479, 467, 8, 6.17%, 0, 0, 4, 19.67
1746721523, 0, 346, 480, 468, 8, 6.17%, 0, 0, 4, 19.57
1746721533, 0, 346, 481, 469, 8, 6.17%, 0, 0, 4, 19.09
1746721554, 0, 346, 482, 470, 8, 6.17%, 0, 0, 4, 19.95
1746721584, 0, 346, 484, 472, 8, 6.17%, 0, 0, 4, 18.19
1746721610, 0, 346, 485, 473, 8, 6.17%, 0, 0, 4, 19.18
1746721616, 0, 346, 486, 474, 8, 6.17%, 0, 0, 4, 19.82
1746721621, 0, 346, 487, 475, 8, 6.17%, 0, 0, 4, 19.36
1746721626, 0, 346, 488, 476, 8, 6.17%, 0, 0, 4, 19.96
1746721646, 0, 346, 489, 477, 8, 6.17%, 0, 0, 4, 19.59
1746721677, 0, 346, 490, 478, 8, 6.17%, 0, 0, 4, 19.44
1746721687, 0, 346, 491, 479, 8, 6.18%, 0, 0, 4, 19.16
1746721692, 0, 346, 492, 480, 8, 6.18%, 0, 0, 4, 20.18
1746721697, 0, 346, 494, 482, 8, 6.18%, 0, 0, 4, 18.74
1746721708, 0, 346, 495, 483, 8, 6.18%, 0, 0, 4, 19.91
1746721718, 0, 346, 496, 484, 8, 6.18%, 0, 0, 4, 18.87
1746721743, 0, 346, 497, 485, 8, 6.19%, 0, 0, 4, 18.82
1746721769, 0, 348, 497, 484, 9, 6.19%, 0, 0, 4, 17.43
1746722907, 0, 349, 497, 483, 9, 6.19%, 0, 0, 4, 15.74
1746722943, 0, 349, 498, 484, 9, 6.19%, 0, 0, 4, 9.29
1746722964, 0, 349, 499, 485, 9, 6.19%, 0, 0, 4, 9.25
1746722984, 0, 349, 501, 487, 9, 6.19%, 0, 0, 4, 9.54
1746722989, 0, 349, 503, 489, 9, 6.19%, 0, 0, 4, 9.55
1746722995, 0, 349, 505, 491, 9, 6.19%, 0, 0, 4, 9.49
1746723000, 0, 349, 506, 492, 9, 6.19%, 0, 0, 4, 9.43
1746723005, 0, 349, 507, 493, 9, 6.19%, 0, 0, 4, 9.27
1746723031, 0, 349, 508, 494, 9, 6.21%, 0, 0, 4, 9.23
1746723036, 0, 349, 511, 497, 9, 6.29%, 0, 0, 4, 9.16
1746723041, 0, 349, 512, 498, 9, 6.29%, 0, 0, 4, 9.37
1746723046, 0, 349, 515, 501, 9, 6.29%, 0, 0, 4, 9.43
1746723056, 0, 349, 516, 502, 9, 6.29%, 0, 0, 4, 9.29
1746723061, 0, 349, 517, 503, 9, 6.29%, 0, 0, 4, 9.22
1746723087, 0, 349, 519, 505, 9, 6.29%, 0, 0, 4, 9.24
1746723092, 0, 349, 521, 507, 9, 6.29%, 0, 0, 4, 9.30
1746723097, 0, 349, 524, 510, 9, 6.29%, 0, 0, 4, 9.26
1746723102, 0, 349, 525, 511, 9, 6.29%, 0, 0, 4, 9.32
1746723409, 0, 349, 526, 512, 9, 6.29%, 0, 0, 4, 9.39
1746723430, 0, 349, 527, 513, 9, 6.29%, 0, 0, 4, 9.47
1746723435, 0, 349, 528, 514, 9, 6.29%, 0, 0, 4, 9.62
1746723466, 0, 349, 529, 515, 9, 6.29%, 0, 0, 4, 9.35
1746723471, 0, 349, 530, 516, 9, 6.29%, 0, 0, 4, 9.13
1746723476, 0, 349, 531, 517, 9, 6.29%, 0, 0, 4, 9.37
1746723481, 0, 349, 532, 518, 9, 6.29%, 0, 0, 4, 9.51
1746723496, 0, 349, 533, 519, 9, 6.29%, 0, 0, 4, 9.37
1746723522, 0, 349, 535, 521, 9, 6.29%, 0, 0, 4, 9.24
1746723527, 0, 349, 537, 523, 9, 6.29%, 0, 0, 4, 9.29
1746723593, 0, 349, 538, 524, 9, 6.29%, 0, 0, 4, 9.49
1746723603, 0, 349, 539, 525, 9, 6.29%, 0, 0, 4, 9.39
1746723608, 0, 349, 542, 528, 9, 6.29%, 0, 0, 4, 9.33
1746723629, 0, 349, 544, 530, 9, 6.29%, 0, 0, 4, 9.28
1746723654, 0, 349, 545, 531, 9, 6.29%, 0, 0, 4, 9.55
1746724384, 0, 349, 546, 532, 9, 6.29%, 0, 0, 4, 8.95
1746724424, 0, 349, 547, 533, 9, 6.29%, 0, 0, 4, 9.42
1746725316, 0, 349, 548, 534, 9, 6.30%, 0, 0, 4, 9.03
1746725644, 0, 349, 549, 535, 9, 6.30%, 0, 0, 4, 9.74
1746725777, 0, 349, 550, 536, 9, 6.30%, 0, 0, 4, 9.38
1746725940, 0, 349, 551, 537, 9, 6.30%, 0, 0, 4, 9.08
1746726676, 0, 349, 552, 538, 9, 6.30%, 0, 0, 4, 8.81
1746726686, 0, 349, 553, 539, 9, 6.30%, 0, 0, 4, 8.79
1746726691, 0, 349, 554, 540, 9, 6.30%, 0, 0, 4, 8.77
1746726702, 0, 349, 556, 542, 9, 6.30%, 0, 0, 4, 8.81
1746726707, 0, 349, 557, 543, 9, 6.30%, 0, 0, 4, 9.08
1746726717, 0, 349, 558, 544, 9, 6.30%, 0, 0, 4, 9.25
1746726748, 0, 349, 559, 545, 9, 6.30%, 0, 0, 4, 9.20
1746726932, 0, 349, 560, 546, 9, 6.30%, 0, 0, 4, 9.26
1746727284, 0, 349, 561, 547, 9, 6.30%, 0, 0, 4, 9.36
1746727289, 0, 349, 565, 551, 9, 6.30%, 0, 0, 4, 9.26
1746727295, 0, 349, 568, 554, 9, 6.30%, 0, 0, 4, 9.66
1746727300, 0, 349, 571, 557, 9, 6.30%, 0, 0, 4, 9.36
1746727305, 0, 349, 575, 561, 9, 6.30%, 0, 0, 4, 9.86
1746727310, 0, 349, 579, 565, 9, 6.30%, 0, 0, 4, 9.15
1746727315, 0, 349, 583, 569, 9, 6.30%, 0, 0, 4, 9.24
1746727320, 0, 349, 587, 573, 9, 6.30%, 0, 0, 4, 9.92
1746727326, 0, 349, 590, 576, 9, 6.30%, 0, 0, 4, 9.51
1746727331, 0, 349, 593, 579, 9, 6.30%, 0, 0, 4, 9.04
1746727336, 0, 349, 596, 582, 9, 6.30%, 0, 0, 4, 9.27
1746727341, 0, 349, 599, 585, 9, 6.30%, 0, 0, 4, 9.60
1746727346, 0, 349, 602, 588, 9, 6.30%, 0, 0, 4, 9.63
1746727351, 0, 349, 604, 590, 9, 6.30%, 0, 0, 4, 9.92
1746727356, 0, 349, 608, 594, 9, 6.30%, 0, 0, 4, 9.42
1746727362, 0, 349, 609, 595, 9, 6.30%, 0, 0, 4, 10.15
1746727367, 0, 349, 612, 598, 9, 6.30%, 0, 0, 4, 9.56
1746727372, 0, 349, 613, 599, 9, 6.30%, 0, 0, 4, 10.19
1746727377, 0, 349, 615, 601, 9, 6.30%, 0, 0, 4, 10.25
1746727382, 0, 349, 617, 603, 9, 6.30%, 0, 0, 4, 10.18
1746727387, 0, 349, 619, 605, 9, 6.30%, 0, 0, 4, 10.08
1746727393, 0, 349, 620, 606, 9, 6.30%, 0, 0, 4, 9.92
1746727398, 0, 349, 624, 610, 9, 6.30%, 0, 0, 4, 10.02
1746727403, 0, 349, 625, 611, 9, 6.30%, 0, 0, 4, 10.23
1746727408, 0, 349, 627, 613, 9, 6.42%, 0, 0, 4, 9.90
1746727418, 0, 349, 630, 616, 9, 6.42%, 0, 0, 4, 9.39
1746727423, 0, 349, 631, 617, 9, 6.42%, 0, 0, 4, 10.05
1746727429, 0, 349, 632, 618, 9, 6.42%, 0, 0, 4, 9.81
1746727434, 0, 349, 634, 620, 9, 6.42%, 0, 0, 4, 9.64
1746727444, 0, 349, 635, 621, 9, 6.42%, 0, 0, 4, 10.08
1746727449, 0, 349, 638, 624, 9, 6.42%, 0, 0, 4, 9.51
1746727454, 0, 349, 640, 626, 9, 6.42%, 0, 0, 4, 9.54
1746727475, 0, 349, 641, 627, 9, 6.42%, 0, 0, 4, 10.44
1746727480, 0, 349, 642, 628, 9, 6.42%, 0, 0, 4, 10.19
1746727485, 0, 349, 643, 629, 9, 6.42%, 0, 0, 4, 9.82
1746727490, 0, 349, 645, 631, 9, 6.42%, 0, 0, 4, 9.79
1746727501, 0, 349, 647, 633, 9, 6.42%, 0, 0, 4, 9.85
1746727506, 0, 349, 648, 634, 9, 6.42%, 0, 0, 4, 10.25
1746727511, 0, 349, 649, 635, 9, 6.48%, 0, 0, 4, 9.61
1746727516, 0, 349, 651, 637, 9, 6.48%, 0, 0, 4, 9.79
1746727526, 0, 349, 653, 639, 9, 6.48%, 0, 0, 4, 10.12
1746727541, 0, 349, 654, 640, 9, 6.48%, 0, 0, 4, 9.80
1746727552, 0, 349, 656, 642, 9, 6.48%, 0, 0, 4, 9.93
1746727557, 0, 349, 657, 643, 9, 6.48%, 0, 0, 4, 10.09
1746727562, 0, 349, 658, 644, 9, 6.48%, 0, 0, 4, 9.90
1746727567, 0, 349, 659, 645, 9, 6.50%, 0, 0, 4, 9.76
1746727572, 0, 349, 660, 646, 9, 6.50%, 0, 0, 4, 10.25
1746727582, 0, 349, 661, 647, 9, 6.50%, 0, 0, 4, 10.37
1746727588, 0, 349, 662, 648, 9, 6.50%, 0, 0, 4, 10.28
1746727598, 0, 349, 663, 649, 9, 6.50%, 0, 0, 4, 10.36
1746727603, 0, 349, 664, 650, 9, 6.50%, 0, 0, 4, 10.10
1746727608, 0, 349, 665, 651, 9, 6.50%, 0, 0, 4, 10.24
1746727613, 0, 349, 667, 653, 9, 6.50%, 0, 0, 4, 9.13
1746727619, 0, 349, 668, 654, 9, 6.50%, 0, 0, 4, 9.33
1746727624, 0, 349, 669, 655, 9, 6.50%, 0, 0, 4, 9.77
1746727629, 0, 349, 670, 656, 9, 6.50%, 0, 0, 4, 10.52
1746727639, 0, 349, 671, 657, 9, 6.50%, 0, 0, 4, 10.10
1746727654, 0, 349, 672, 658, 9, 6.50%, 0, 0, 4, 10.13
1746727659, 0, 349, 673, 659, 9, 6.50%, 0, 0, 4, 10.09
1746727680, 0, 349, 674, 660, 9, 6.50%, 0, 0, 4, 9.77
1746727721, 0, 349, 675, 661, 9, 6.50%, 0, 0, 4, 10.15
1746727747, 0, 349, 676, 662, 9, 6.51%, 0, 0, 4, 9.68
1746727752, 0, 349, 677, 663, 9, 6.51%, 0, 0, 4, 9.12
1746727757, 0, 349, 678, 664, 9, 6.51%, 0, 0, 4, 10.13
1746727798, 0, 349, 679, 665, 9, 6.51%, 0, 0, 4, 10.22
1746727814, 0, 349, 680, 666, 9, 6.51%, 0, 0, 4, 10.39
1746727824, 0, 349, 681, 667, 9, 6.51%, 0, 0, 4, 9.91
1746727829, 0, 349, 682, 668, 9, 6.51%, 0, 0, 4, 10.00
1746727839, 0, 349, 683, 669, 9, 6.51%, 0, 0, 4, 10.68
1746727850, 0, 349, 684, 670, 9, 6.51%, 0, 0, 4, 9.80
1746727870, 0, 483, 684, 669, 16, 6.51%, 0, 0, 4, 10.08
1746727901, 0, 483, 685, 670, 16, 6.51%, 0, 0, 5, 9.92
1746728255, 0, 483, 686, 671, 16, 6.51%, 0, 0, 5, 9.84
1746732073, 0, 483, 687, 672, 16, 6.51%, 0, 0, 5, 7.04
1746732089, 0, 483, 688, 673, 16, 6.51%, 0, 0, 5, 7.09
1746732109, 0, 483, 689, 674, 16, 6.51%, 0, 0, 5, 6.91
1746732151, 0, 483, 690, 675, 16, 6.51%, 0, 0, 5, 7.68
1746732233, 0, 483, 691, 676, 16, 6.51%, 0, 0, 5, 7.31
1746732249, 0, 483, 692, 677, 16, 6.51%, 0, 0, 5, 6.50
1746732414, 0, 483, 693, 678, 16, 6.51%, 0, 0, 5, 7.41
1746732491, 0, 483, 694, 679, 16, 6.51%, 0, 0, 5, 7.31
1746732533, 0, 483, 695, 680, 16, 6.51%, 0, 0, 5, 6.87
1746732584, 0, 483, 696, 681, 16, 6.51%, 0, 0, 5, 12.25
1746732619, 0, 483, 697, 682, 16, 6.51%, 0, 0, 5, 12.45
1746732655, 0, 483, 698, 683, 16, 6.51%, 0, 0, 5, 13.34
1746732691, 0, 483, 699, 684, 16, 6.51%, 0, 0, 5, 12.26
1746732711, 0, 483, 700, 685, 16, 6.51%, 0, 0, 5, 12.00
1746732799, 0, 490, 700, 684, 11, 6.51%, 0, 0, 5, 14.04
1746734408, 0, 490, 701, 685, 11, 6.51%, 0, 0, 5, 14.87
1746734459, 0, 494, 701, 684, 12, 6.51%, 0, 0, 5, 16.45
1746735845, 0, 496, 701, 683, 11, 6.51%, 0, 0, 5, 16.48
1746737799, 0, 496, 702, 684, 11, 6.51%, 0, 0, 5, 13.93
1746737840, 0, 607, 702, 683, 10, 6.51%, 0, 0, 5, 11.29
1746737985, 0, 607, 704, 685, 10, 6.51%, 0, 0, 5, 8.63
1746742667, 0, 607, 705, 686, 10, 6.62%, 0, 0, 5, 9.00
1746742672, 0, 607, 706, 687, 10, 6.62%, 0, 0, 5, 9.02
1746742677, 0, 607, 707, 688, 10, 6.62%, 0, 0, 5, 9.45
1746742697, 0, 607, 708, 689, 10, 6.62%, 0, 0, 5, 9.49
1746742718, 0, 607, 709, 690, 10, 6.65%, 0, 0, 5, 9.15
1746742733, 0, 607, 710, 691, 10, 6.65%, 0, 0, 5, 9.41
1746742749, 0, 607, 711, 692, 10, 6.65%, 0, 0, 5, 9.75
1746742790, 0, 607, 712, 693, 10, 6.65%, 0, 0, 5, 9.75
1746742825, 0, 607, 713, 694, 10, 6.65%, 0, 0, 5, 9.43
1746742841, 0, 607, 714, 695, 10, 6.65%, 0, 0, 5, 9.69
1746742862, 0, 607, 715, 696, 10, 6.65%, 0, 0, 5, 9.68
1746742897, 0, 607, 716, 697, 10, 6.65%, 0, 0, 5, 9.66
1746742918, 0, 607, 717, 698, 10, 6.65%, 0, 0, 5, 9.23
1746742933, 0, 607, 718, 699, 10, 6.65%, 0, 0, 5, 9.10
1746742999, 0, 607, 719, 700, 10, 6.65%, 0, 0, 5, 9.44
1746743005, 0, 607, 720, 701, 10, 6.65%, 0, 0, 5, 9.53
1746743035, 0, 607, 721, 702, 10, 6.65%, 0, 0, 5, 9.14
1746743040, 0, 607, 722, 703, 10, 6.65%, 0, 0, 5, 9.56
1746743122, 0, 607, 723, 704, 10, 6.85%, 0, 0, 5, 9.28
1746743169, 0, 607, 724, 705, 10, 6.85%, 0, 0, 5, 9.48
1746743189, 0, 641, 724, 704, 12, 6.85%, 0, 0, 5, 9.57
1746743772, 0, 641, 725, 705, 12, 6.85%, 0, 0, 5, 8.96
1746747921, 0, 641, 726, 706, 12, 6.85%, 0, 0, 5, 10.65
1746747942, 0, 641, 727, 707, 12, 6.85%, 0, 0, 5, 10.92
1746747957, 0, 641, 728, 708, 12, 6.85%, 0, 0, 5, 10.68
1746748065, 0, 641, 729, 709, 12, 6.85%, 0, 0, 5, 10.41
1746748070, 0, 641, 730, 710, 12, 6.85%, 0, 0, 5, 10.93
1746748189, 0, 641, 731, 711, 12, 6.85%, 0, 0, 5, 10.01
1746748194, 0, 641, 732, 712, 12, 6.85%, 0, 0, 5, 10.71
1746748296, 0, 641, 733, 713, 12, 6.85%, 0, 0, 5, 10.58
1746748301, 0, 641, 734, 714, 12, 6.85%, 0, 0, 5, 9.94
1746748358, 0, 648, 734, 713, 12, 6.85%, 0, 0, 5, 10.29
1746748404, 0, 648, 737, 716, 12, 6.85%, 0, 0, 5, 8.10
1746748424, 0, 648, 738, 717, 12, 6.85%, 0, 0, 5, 8.05
1746748501, 0, 648, 739, 718, 12, 6.85%, 0, 0, 5, 8.24
1746748506, 0, 648, 740, 719, 12, 6.85%, 0, 0, 5, 7.99
1746748511, 0, 648, 741, 720, 12, 6.85%, 0, 0, 5, 8.45
1746748537, 0, 648, 742, 721, 12, 6.85%, 0, 0, 5, 8.26
1746749414, 0, 648, 743, 722, 12, 6.85%, 0, 0, 5, 8.74
1746749419, 0, 648, 744, 723, 12, 6.85%, 0, 0, 5, 8.33
1746753278, 0, 648, 745, 724, 12, 6.85%, 0, 0, 5, 4.92
1746753284, 0, 648, 746, 725, 12, 6.85%, 0, 0, 5, 5.07
1746755363, 0, 648, 747, 726, 12, 6.85%, 0, 0, 5, 4.84
1746755373, 0, 648, 748, 727, 12, 6.85%, 0, 0, 5, 4.86
