# unix_time, cycles_done, cur_path, paths_total, pending_total, pending_favs, map_size, unique_crashes, unique_hangs, max_depth, execs_per_sec
1746612043, 0, 0, 1, 1, 1, 3.78%, 0, 0, 1, 126.98
1746612048, 0, 0, 35, 35, 1, 4.49%, 0, 0, 2, 123.15
1746612053, 0, 0, 59, 59, 1, 4.51%, 0, 0, 2, 126.63
1746612058, 0, 0, 78, 78, 1, 4.82%, 0, 0, 2, 125.31
1746612063, 0, 0, 91, 91, 1, 4.92%, 0, 0, 2, 127.36
1746612068, 0, 0, 99, 99, 1, 4.95%, 0, 0, 2, 130.85
1746612074, 0, 0, 108, 108, 1, 4.99%, 0, 0, 2, 129.99
1746612079, 0, 0, 113, 113, 1, 5.00%, 0, 0, 2, 132.40
1746612084, 0, 0, 116, 116, 1, 5.00%, 0, 0, 2, 136.13
1746612089, 0, 0, 127, 127, 1, 5.00%, 0, 0, 2, 129.08
1746612094, 0, 0, 134, 134, 1, 5.00%, 0, 0, 2, 131.36
1746612099, 0, 0, 140, 140, 1, 5.00%, 0, 0, 2, 129.52
1746612104, 0, 0, 145, 145, 1, 5.00%, 0, 0, 2, 128.87
1746612110, 0, 0, 152, 152, 1, 5.01%, 0, 0, 2, 129.53
1746612115, 0, 0, 160, 160, 1, 5.01%, 0, 0, 2, 129.32
1746612120, 0, 0, 163, 163, 1, 5.01%, 0, 0, 2, 133.69
1746612125, 0, 0, 169, 169, 1, 5.01%, 0, 0, 2, 131.32
1746612130, 0, 0, 176, 176, 1, 5.02%, 0, 0, 2, 130.13
1746612135, 0, 0, 180, 180, 1, 5.02%, 0, 0, 2, 131.88
1746612141, 0, 0, 183, 183, 1, 5.02%, 0, 0, 2, 134.26
1746612151, 0, 0, 184, 184, 1, 5.02%, 0, 0, 2, 138.00
1746612156, 0, 0, 187, 187, 1, 5.02%, 0, 0, 2, 134.59
1746612161, 0, 0, 191, 191, 1, 5.02%, 0, 0, 2, 132.21
1746612166, 0, 0, 195, 195, 1, 5.02%, 0, 0, 2, 134.76
1746612171, 0, 0, 196, 196, 1, 5.02%, 0, 0, 2, 137.83
1746612177, 0, 0, 199, 199, 1, 5.02%, 0, 0, 2, 135.35
1746612182, 0, 0, 202, 202, 1, 5.02%, 0, 0, 2, 134.62
1746612187, 0, 0, 204, 204, 1, 5.02%, 0, 0, 2, 135.48
1746612192, 0, 0, 206, 206, 1, 5.02%, 0, 0, 2, 136.86
1746612197, 0, 0, 209, 209, 1, 5.02%, 0, 0, 2, 132.74
1746612202, 0, 0, 210, 210, 1, 5.02%, 0, 0, 2, 137.01
1746612208, 0, 0, 211, 211, 1, 5.02%, 0, 0, 2, 137.33
1746612218, 0, 0, 213, 213, 1, 5.02%, 0, 0, 2, 135.39
1746612223, 0, 0, 216, 216, 1, 5.02%, 0, 0, 2, 135.17
1746612228, 0, 0, 217, 217, 1, 5.02%, 0, 0, 2, 135.52
1746612238, 0, 0, 218, 218, 1, 5.02%, 0, 0, 2, 136.75
1746612244, 0, 0, 220, 220, 1, 5.02%, 0, 0, 2, 134.46
1746612249, 0, 0, 223, 223, 1, 5.02%, 0, 0, 2, 133.96
1746612254, 0, 0, 224, 224, 1, 5.02%, 0, 0, 2, 136.98
1746612259, 0, 0, 225, 225, 1, 5.02%, 0, 0, 2, 137.23
1746612264, 0, 0, 226, 226, 1, 5.02%, 0, 0, 2, 137.17
1746612269, 0, 0, 228, 228, 1, 5.02%, 0, 0, 2, 136.39
1746612274, 0, 0, 230, 230, 1, 5.02%, 0, 0, 2, 132.10
1746612280, 0, 0, 232, 232, 1, 5.02%, 0, 0, 2, 135.43
1746612285, 0, 0, 234, 234, 1, 5.02%, 0, 0, 2, 136.32
1746612290, 0, 0, 237, 237, 1, 5.02%, 0, 0, 2, 132.16
1746612295, 0, 0, 238, 238, 1, 5.02%, 0, 0, 2, 136.05
1746612305, 0, 1, 238, 237, 15, 5.02%, 0, 0, 2, 138.64
1746612310, 0, 1, 241, 240, 15, 5.02%, 0, 0, 3, 134.28
1746612316, 0, 1, 242, 241, 15, 5.02%, 0, 0, 3, 136.18
1746612321, 0, 1, 243, 242, 15, 5.02%, 0, 0, 3, 134.76
1746612326, 0, 1, 247, 246, 15, 5.02%, 0, 0, 3, 133.16
1746612331, 0, 1, 248, 247, 15, 5.02%, 0, 0, 3, 135.93
1746612336, 0, 1, 249, 248, 15, 5.02%, 0, 0, 3, 136.08
1746612347, 0, 1, 250, 249, 15, 5.02%, 0, 0, 3, 137.72
1746612352, 0, 1, 251, 250, 15, 5.02%, 0, 0, 3, 135.06
1746612362, 0, 1, 252, 251, 15, 5.02%, 0, 0, 3, 136.37
1746612367, 0, 1, 253, 252, 15, 5.02%, 0, 0, 3, 135.41
1746612372, 0, 1, 255, 254, 15, 5.02%, 0, 0, 3, 133.09
1746612383, 0, 1, 257, 256, 15, 5.02%, 0, 0, 3, 133.72
1746612393, 0, 1, 258, 257, 15, 5.02%, 0, 0, 3, 136.97
1746612398, 0, 1, 260, 259, 15, 5.02%, 0, 0, 3, 135.73
1746612403, 0, 1, 262, 261, 15, 5.02%, 0, 0, 3, 135.51
1746612408, 0, 1, 263, 262, 15, 5.02%, 0, 0, 3, 136.23
1746612419, 0, 1, 264, 263, 15, 5.02%, 0, 0, 3, 137.18
1746612424, 0, 1, 266, 265, 15, 5.02%, 0, 0, 3, 134.57
1746612429, 0, 1, 267, 266, 15, 5.03%, 0, 0, 3, 135.96
1746612449, 0, 1, 268, 267, 15, 5.03%, 0, 0, 3, 137.09
1746612475, 0, 1, 270, 269, 15, 5.03%, 0, 0, 3, 135.63
1746612480, 0, 1, 271, 270, 15, 5.03%, 0, 0, 3, 137.83
1746612501, 0, 1, 273, 272, 15, 5.03%, 0, 0, 3, 136.52
1746612511, 0, 1, 274, 273, 15, 5.03%, 0, 0, 3, 136.94
1746612522, 0, 1, 275, 274, 15, 5.03%, 0, 0, 3, 136.02
1746612527, 0, 1, 277, 276, 15, 5.03%, 0, 0, 3, 134.03
1746612532, 0, 1, 278, 277, 15, 5.03%, 0, 0, 3, 136.55
1746612542, 0, 1, 279, 278, 15, 5.03%, 0, 0, 3, 138.11
1746612547, 0, 22, 281, 279, 15, 5.03%, 0, 0, 3, 136.54
1746612557, 0, 22, 282, 280, 15, 5.03%, 0, 0, 3, 134.27
1746612563, 0, 22, 283, 281, 15, 5.05%, 0, 0, 3, 134.59
1746612568, 0, 22, 285, 283, 15, 5.05%, 0, 0, 3, 133.75
1746612578, 0, 22, 286, 284, 15, 5.05%, 0, 0, 3, 132.45
1746612588, 0, 22, 287, 285, 15, 5.05%, 0, 0, 3, 134.16
1746612630, 0, 22, 288, 286, 15, 5.05%, 0, 0, 3, 135.39
1746612635, 0, 22, 289, 287, 15, 5.05%, 0, 0, 3, 135.31
1746612640, 0, 22, 292, 290, 15, 5.05%, 0, 0, 3, 131.29
1746612656, 0, 22, 293, 291, 15, 5.05%, 0, 0, 3, 133.60
1746612661, 0, 22, 296, 294, 15, 5.05%, 0, 0, 3, 133.04
1746612671, 0, 22, 297, 295, 15, 5.05%, 0, 0, 3, 133.16
1746612676, 0, 22, 298, 296, 15, 5.05%, 0, 0, 3, 134.49
1746612702, 0, 22, 300, 298, 15, 5.05%, 0, 0, 3, 130.87
1746612717, 0, 22, 303, 301, 15, 5.05%, 0, 0, 3, 131.72
1746612728, 0, 22, 305, 303, 15, 5.05%, 0, 0, 3, 133.19
1746612733, 0, 22, 306, 304, 15, 5.05%, 0, 0, 3, 133.35
1746612738, 0, 22, 308, 306, 15, 5.05%, 0, 0, 3, 132.27
1746612749, 0, 22, 309, 307, 15, 5.05%, 0, 0, 3, 134.50
1746612759, 0, 22, 312, 310, 15, 5.05%, 0, 0, 3, 131.60
1746612785, 0, 22, 313, 311, 15, 5.05%, 0, 0, 3, 134.14
1746612790, 0, 22, 314, 312, 15, 5.05%, 0, 0, 3, 133.23
1746612795, 0, 22, 316, 314, 15, 5.05%, 0, 0, 3, 133.82
1746612800, 0, 22, 317, 315, 15, 5.05%, 0, 0, 3, 133.12
1746612805, 0, 52, 317, 314, 14, 5.05%, 0, 0, 3, 108.72
1746612891, 0, 52, 319, 316, 14, 5.05%, 0, 0, 3, 103.66
1746612896, 0, 52, 321, 318, 14, 5.05%, 0, 0, 3, 109.35
1746612901, 0, 52, 324, 321, 14, 5.05%, 0, 0, 3, 109.32
1746612906, 0, 52, 325, 322, 14, 5.05%, 0, 0, 3, 111.03
1746612911, 0, 52, 326, 323, 14, 5.05%, 0, 0, 3, 110.46
1746612916, 0, 52, 327, 324, 14, 5.05%, 0, 0, 3, 109.78
1746612921, 0, 52, 329, 326, 14, 5.05%, 0, 0, 3, 108.61
1746612926, 0, 52, 330, 327, 14, 5.05%, 0, 0, 3, 109.88
1746612931, 0, 52, 334, 331, 14, 5.05%, 0, 0, 3, 108.96
1746612936, 0, 52, 338, 335, 14, 5.05%, 0, 0, 3, 107.35
1746612942, 0, 52, 339, 336, 14, 5.13%, 0, 0, 3, 107.62
1746612952, 0, 52, 340, 337, 14, 5.13%, 0, 0, 3, 108.90
1746612957, 0, 52, 343, 340, 14, 5.13%, 0, 0, 3, 109.48
1746612962, 0, 52, 344, 341, 14, 5.13%, 0, 0, 3, 110.93
1746612967, 0, 52, 345, 342, 14, 5.13%, 0, 0, 3, 110.50
1746612972, 0, 52, 348, 345, 14, 5.13%, 0, 0, 3, 109.16
1746612977, 0, 52, 350, 347, 14, 5.13%, 0, 0, 3, 109.23
1746612982, 0, 52, 351, 348, 14, 5.13%, 0, 0, 3, 110.30
1746612987, 0, 52, 353, 350, 14, 5.13%, 0, 0, 3, 109.98
1746612992, 0, 52, 354, 351, 14, 5.13%, 0, 0, 3, 112.41
1746612997, 0, 52, 356, 353, 14, 5.13%, 0, 0, 3, 109.58
1746613002, 0, 52, 357, 354, 14, 5.13%, 0, 0, 3, 109.46
1746613017, 0, 52, 360, 357, 14, 5.14%, 0, 0, 3, 107.41
1746613027, 0, 52, 361, 358, 14, 5.14%, 0, 0, 3, 110.60
1746613042, 0, 52, 364, 361, 14, 5.14%, 0, 0, 3, 108.25
1746613047, 0, 52, 365, 362, 14, 5.14%, 0, 0, 3, 108.78
1746613052, 0, 52, 366, 363, 14, 5.14%, 0, 0, 3, 111.04
1746613057, 0, 52, 368, 365, 14, 5.14%, 0, 0, 3, 108.22
1746613062, 0, 52, 370, 367, 14, 5.14%, 0, 0, 3, 107.50
1746613073, 0, 52, 372, 369, 14, 5.15%, 0, 0, 3, 109.71
1746613083, 0, 52, 375, 372, 14, 5.15%, 0, 0, 3, 107.46
1746613088, 0, 52, 376, 373, 14, 5.15%, 0, 0, 3, 111.03
1746613098, 0, 52, 377, 374, 14, 5.15%, 0, 0, 3, 110.09
1746613108, 0, 52, 379, 376, 14, 5.15%, 0, 0, 3, 107.89
1746613113, 0, 52, 381, 378, 14, 5.15%, 0, 0, 3, 108.47
1746613129, 0, 52, 383, 380, 14, 5.15%, 0, 0, 3, 108.01
1746613134, 0, 52, 384, 381, 14, 5.15%, 0, 0, 3, 109.21
1746613149, 0, 52, 385, 382, 14, 5.15%, 0, 0, 3, 110.22
1746613154, 0, 52, 387, 384, 14, 5.15%, 0, 0, 3, 109.08
1746613159, 0, 52, 389, 386, 14, 5.15%, 0, 0, 3, 108.72
1746613169, 0, 52, 391, 388, 14, 5.15%, 0, 0, 3, 108.79
1746613174, 0, 52, 392, 389, 14, 5.15%, 0, 0, 3, 108.18
1746613179, 0, 52, 394, 391, 14, 5.15%, 0, 0, 3, 109.56
1746613195, 0, 87, 394, 390, 15, 5.15%, 0, 0, 3, 97.37
1746613200, 0, 87, 395, 391, 15, 5.15%, 0, 0, 3, 89.11
1746613360, 0, 87, 399, 395, 15, 5.15%, 0, 0, 3, 96.13
1746613365, 0, 87, 403, 399, 15, 5.15%, 0, 0, 3, 97.74
1746613370, 0, 87, 407, 403, 15, 5.15%, 0, 0, 3, 97.72
1746613375, 0, 87, 409, 405, 15, 5.15%, 0, 0, 3, 96.82
1746613381, 0, 87, 410, 406, 15, 5.15%, 0, 0, 3, 97.78
1746613396, 0, 87, 411, 407, 15, 5.15%, 0, 0, 3, 97.36
1746613401, 0, 87, 413, 409, 15, 5.15%, 0, 0, 3, 96.25
1746613406, 0, 87, 415, 411, 15, 5.15%, 0, 0, 3, 97.92
1746613422, 0, 87, 416, 412, 15, 5.15%, 0, 0, 3, 96.70
1746613427, 0, 87, 417, 413, 15, 5.15%, 0, 0, 3, 96.70
1746613432, 0, 87, 418, 414, 15, 5.15%, 0, 0, 3, 96.26
1746613437, 0, 87, 419, 415, 15, 5.15%, 0, 0, 3, 96.89
1746613452, 0, 87, 420, 416, 15, 5.15%, 0, 0, 3, 98.44
1746613458, 0, 87, 422, 418, 15, 5.15%, 0, 0, 3, 98.52
1746613473, 0, 87, 423, 419, 15, 5.15%, 0, 0, 3, 97.96
1746613483, 0, 87, 424, 420, 15, 5.15%, 0, 0, 3, 98.02
1746613488, 0, 87, 425, 421, 15, 5.15%, 0, 0, 3, 97.52
1746613509, 0, 87, 426, 422, 15, 5.15%, 0, 0, 3, 97.67
1746613519, 0, 87, 427, 423, 15, 5.15%, 0, 0, 3, 98.87
1746613524, 0, 87, 428, 424, 15, 5.15%, 0, 0, 3, 97.71
1746613534, 0, 87, 430, 426, 15, 5.15%, 0, 0, 3, 95.28
1746613540, 0, 87, 431, 427, 15, 5.15%, 0, 0, 3, 97.45
1746613550, 0, 87, 432, 428, 15, 5.15%, 0, 0, 3, 98.51
1746613555, 0, 87, 433, 429, 15, 5.15%, 0, 0, 3, 98.23
1746613570, 0, 87, 434, 430, 15, 5.15%, 0, 0, 3, 99.16
1746613575, 0, 87, 436, 432, 15, 5.15%, 0, 0, 3, 95.69
1746613591, 0, 87, 437, 433, 15, 5.15%, 0, 0, 3, 96.75
1746613606, 0, 87, 438, 434, 15, 5.15%, 0, 0, 3, 98.00
1746613632, 0, 87, 439, 435, 15, 5.15%, 0, 0, 3, 98.69
1746613652, 0, 87, 441, 437, 15, 5.15%, 0, 0, 3, 95.90
1746613673, 0, 87, 442, 438, 15, 5.15%, 0, 0, 3, 97.54
1746613678, 0, 87, 443, 439, 15, 5.15%, 0, 0, 3, 98.07
1746613693, 0, 132, 444, 439, 14, 5.15%, 0, 0, 3, 94.87
1746613871, 0, 132, 445, 440, 14, 5.15%, 0, 0, 3, 95.86
1746613876, 0, 132, 446, 441, 14, 5.15%, 0, 0, 3, 97.94
1746613896, 0, 132, 448, 443, 14, 5.15%, 0, 0, 3, 97.04
1746613906, 0, 132, 450, 445, 14, 5.15%, 0, 0, 3, 96.17
1746613932, 0, 132, 452, 447, 14, 5.15%, 0, 0, 3, 96.41
1746613968, 0, 132, 453, 448, 14, 5.15%, 0, 0, 3, 95.71
1746613973, 0, 132, 454, 449, 14, 5.15%, 0, 0, 3, 94.13
1746613983, 0, 132, 455, 450, 14, 5.15%, 0, 0, 3, 94.54
1746613999, 0, 132, 456, 451, 14, 5.15%, 0, 0, 3, 95.15
1746614004, 0, 132, 457, 452, 14, 5.15%, 0, 0, 3, 96.75
1746614019, 0, 132, 458, 453, 14, 5.15%, 0, 0, 3, 97.08
1746614055, 0, 132, 459, 454, 14, 5.15%, 0, 0, 3, 98.21
1746614091, 0, 132, 460, 455, 14, 5.15%, 0, 0, 3, 95.94
1746614096, 0, 132, 463, 458, 14, 5.15%, 0, 0, 3, 95.20
1746614157, 0, 132, 464, 459, 14, 5.15%, 0, 0, 3, 96.68
1746614193, 0, 132, 465, 460, 14, 5.15%, 0, 0, 3, 96.83
1746614204, 0, 148, 465, 459, 13, 5.15%, 0, 0, 3, 89.23
1746614386, 0, 148, 466, 460, 13, 5.15%, 0, 0, 3, 92.60
1746614391, 0, 148, 468, 462, 13, 5.15%, 0, 0, 3, 93.54
1746614412, 0, 148, 469, 463, 13, 5.15%, 0, 0, 3, 97.57
1746614417, 0, 148, 470, 464, 13, 5.15%, 0, 0, 3, 98.37
1746614422, 0, 148, 471, 465, 13, 5.15%, 0, 0, 3, 97.55
1746614427, 0, 148, 472, 466, 13, 5.15%, 0, 0, 3, 95.77
1746614453, 0, 148, 473, 467, 13, 5.16%, 0, 0, 3, 96.08
1746614463, 0, 148, 475, 469, 13, 5.16%, 0, 0, 3, 94.22
1746614473, 0, 148, 476, 470, 13, 5.16%, 0, 0, 3, 95.95
1746614489, 0, 148, 477, 471, 13, 5.16%, 0, 0, 3, 94.00
1746614499, 0, 148, 478, 472, 13, 5.16%, 0, 0, 3, 95.69
1746614504, 0, 148, 479, 473, 13, 5.16%, 0, 0, 3, 92.70
1746614581, 0, 148, 480, 474, 13, 5.16%, 0, 0, 3, 95.06
1746614596, 0, 148, 481, 475, 13, 5.16%, 0, 0, 3, 97.44
1746614627, 0, 148, 482, 476, 13, 5.16%, 0, 0, 3, 94.58
1746614663, 0, 148, 483, 477, 13, 5.16%, 0, 0, 3, 94.99
1746614668, 0, 148, 484, 478, 13, 5.16%, 0, 0, 3, 92.19
1746614699, 0, 148, 485, 479, 13, 5.16%, 0, 0, 3, 95.49
1746614714, 0, 148, 486, 480, 13, 5.16%, 0, 0, 3, 96.48
1746614724, 0, 155, 486, 479, 14, 5.16%, 0, 0, 3, 97.88
1746614901, 0, 232, 486, 478, 13, 5.16%, 0, 0, 3, 91.48
1746615032, 0, 232, 487, 479, 13, 5.16%, 0, 0, 3, 98.93
1746615037, 0, 232, 488, 480, 13, 5.16%, 0, 0, 3, 99.65
1746615048, 0, 232, 489, 481, 13, 5.16%, 0, 0, 3, 98.66
1746615063, 0, 232, 490, 482, 13, 5.16%, 0, 0, 3, 98.80
1746615068, 0, 232, 491, 483, 13, 5.16%, 0, 0, 3, 101.01
1746615073, 0, 232, 492, 484, 13, 5.16%, 0, 0, 3, 100.64
1746615108, 0, 232, 493, 485, 13, 5.16%, 0, 0, 3, 99.23
1746615119, 0, 232, 494, 486, 13, 5.16%, 0, 0, 3, 98.56
1746615175, 0, 232, 495, 487, 13, 5.16%, 0, 0, 3, 99.40
1746615210, 0, 232, 496, 488, 13, 5.16%, 0, 0, 3, 100.00
1746615337, 0, 232, 497, 489, 13, 5.16%, 0, 0, 3, 100.52
1746615357, 0, 236, 497, 488, 12, 5.16%, 0, 0, 3, 85.64
1746615559, 0, 236, 498, 489, 12, 5.16%, 0, 0, 3, 88.40
1746615579, 0, 250, 498, 488, 11, 5.16%, 0, 0, 3, 88.08
1746615770, 0, 266, 498, 487, 10, 5.16%, 0, 0, 3, 85.80
1746616001, 0, 266, 499, 488, 10, 5.16%, 0, 0, 4, 87.84
1746616012, 0, 266, 501, 490, 10, 5.16%, 0, 0, 4, 86.44
1746616017, 0, 266, 502, 491, 10, 5.16%, 0, 0, 4, 87.80
1746616047, 0, 266, 503, 492, 10, 5.16%, 0, 0, 4, 87.37
1746616053, 0, 266, 504, 493, 10, 5.16%, 0, 0, 4, 86.67
1746616104, 0, 266, 505, 494, 10, 5.16%, 0, 0, 4, 87.53
1746616109, 0, 266, 506, 495, 10, 5.16%, 0, 0, 4, 87.87
1746616140, 0, 266, 507, 496, 10, 5.16%, 0, 0, 4, 84.69
1746616155, 0, 266, 508, 497, 10, 5.16%, 0, 0, 4, 87.80
1746616248, 0, 266, 509, 498, 10, 5.16%, 0, 0, 4, 87.61
1746616263, 0, 266, 510, 499, 10, 5.16%, 0, 0, 4, 87.51
1746616268, 0, 266, 511, 500, 10, 5.16%, 0, 0, 4, 88.83
1746616289, 0, 266, 512, 501, 10, 5.16%, 0, 0, 4, 87.21
1746616309, 0, 266, 513, 502, 10, 5.16%, 0, 0, 4, 87.69
1746616320, 0, 266, 514, 503, 10, 5.16%, 0, 0, 4, 87.16
1746616345, 0, 266, 515, 504, 10, 5.16%, 0, 0, 4, 86.16
1746616361, 0, 266, 516, 505, 10, 5.16%, 0, 0, 4, 88.05
1746616366, 0, 268, 516, 504, 9, 5.16%, 0, 0, 4, 91.44
1746616488, 0, 282, 516, 503, 9, 5.16%, 0, 0, 4, 73.24
1746616554, 0, 282, 520, 507, 9, 5.16%, 0, 0, 4, 61.22
1746616823, 0, 282, 521, 508, 9, 5.16%, 0, 0, 4, 61.46
1746616849, 0, 282, 526, 513, 9, 5.45%, 0, 0, 4, 68.00
1746616854, 0, 282, 533, 520, 9, 5.45%, 0, 0, 4, 70.16
1746616859, 0, 282, 538, 525, 9, 5.45%, 0, 0, 4, 68.82
1746616864, 0, 282, 541, 528, 9, 5.45%, 0, 0, 4, 67.93
1746616869, 0, 282, 544, 531, 9, 5.45%, 0, 0, 4, 69.73
1746616879, 0, 282, 546, 533, 9, 5.45%, 0, 0, 4, 71.48
1746616885, 0, 282, 550, 537, 9, 5.45%, 0, 0, 4, 69.82
1746616890, 0, 282, 551, 538, 9, 5.49%, 0, 0, 4, 71.08
1746616895, 0, 282, 553, 540, 9, 5.49%, 0, 0, 4, 71.35
1746616900, 0, 282, 554, 541, 9, 5.49%, 0, 0, 4, 70.19
1746616926, 0, 282, 555, 542, 9, 5.49%, 0, 0, 4, 69.18
1746616931, 0, 282, 556, 543, 9, 5.49%, 0, 0, 4, 71.81
1746616936, 0, 282, 557, 544, 9, 5.49%, 0, 0, 4, 69.09
1746616941, 0, 282, 559, 546, 9, 5.49%, 0, 0, 4, 70.39
1746616957, 0, 282, 561, 548, 9, 5.49%, 0, 0, 4, 71.29
1746616962, 0, 282, 562, 549, 9, 5.49%, 0, 0, 4, 70.61
1746616982, 0, 282, 563, 550, 9, 5.49%, 0, 0, 4, 70.33
1746616988, 0, 282, 564, 551, 9, 5.49%, 0, 0, 4, 71.45
1746617008, 0, 282, 565, 552, 9, 5.49%, 0, 0, 4, 70.95
1746617013, 0, 282, 566, 553, 9, 5.49%, 0, 0, 4, 69.74
1746617029, 0, 282, 567, 554, 9, 5.49%, 0, 0, 4, 72.50
1746617039, 0, 282, 568, 555, 9, 5.61%, 0, 0, 4, 70.32
1746617055, 0, 282, 569, 556, 9, 5.61%, 0, 0, 4, 70.90
1746617060, 0, 282, 571, 558, 9, 5.61%, 0, 0, 4, 71.14
1746617065, 0, 282, 572, 559, 9, 5.61%, 0, 0, 4, 69.61
1746617096, 0, 282, 573, 560, 9, 5.61%, 0, 0, 4, 70.37
1746617116, 0, 282, 574, 561, 9, 5.61%, 0, 0, 4, 70.29
1746617147, 0, 282, 575, 562, 9, 5.61%, 0, 0, 4, 69.71
1746617153, 0, 282, 576, 563, 9, 5.61%, 0, 0, 4, 70.37
1746617168, 0, 282, 577, 564, 9, 5.61%, 0, 0, 4, 71.10
1746617209, 0, 282, 578, 565, 9, 5.61%, 0, 0, 4, 69.06
1746617214, 0, 282, 579, 566, 9, 5.62%, 0, 0, 4, 71.01
1746617220, 0, 282, 580, 567, 9, 5.62%, 0, 0, 4, 69.68
1746617225, 0, 282, 581, 568, 9, 5.62%, 0, 0, 4, 70.75
1746617276, 0, 282, 582, 569, 9, 5.62%, 0, 0, 4, 70.21
1746617281, 0, 282, 583, 570, 9, 5.62%, 0, 0, 4, 70.28
1746617287, 0, 282, 585, 572, 9, 5.62%, 0, 0, 4, 69.98
1746617302, 0, 282, 586, 573, 9, 5.62%, 0, 0, 4, 68.94
1746617318, 0, 306, 586, 572, 6, 5.62%, 0, 0, 4, 69.47
1746617598, 0, 386, 586, 571, 6, 5.62%, 0, 0, 4, 70.81
1746617909, 0, 394, 586, 570, 5, 5.62%, 0, 0, 4, 77.23
1746618084, 0, 444, 586, 569, 4, 5.62%, 0, 0, 4, 67.18
1746618737, 0, 444, 587, 570, 4, 5.62%, 0, 0, 4, 60.88
1746618753, 0, 444, 588, 571, 4, 5.62%, 0, 0, 4, 61.83
1746618763, 0, 444, 589, 572, 4, 5.62%, 0, 0, 4, 61.24
1746618768, 0, 444, 590, 573, 4, 5.62%, 0, 0, 4, 62.17
1746618779, 0, 444, 591, 574, 4, 5.62%, 0, 0, 4, 62.94
1746618784, 0, 444, 593, 576, 4, 5.62%, 0, 0, 4, 63.40
1746618794, 0, 444, 595, 578, 4, 5.62%, 0, 0, 4, 61.10
1746618820, 0, 444, 596, 579, 4, 5.62%, 0, 0, 4, 61.77
1746618825, 0, 444, 597, 580, 4, 5.62%, 0, 0, 4, 59.92
1746618830, 0, 444, 598, 581, 4, 5.62%, 0, 0, 4, 60.11
1746618845, 0, 444, 600, 583, 4, 5.62%, 0, 0, 4, 62.80
1746618856, 0, 444, 601, 584, 4, 5.62%, 0, 0, 4, 61.59
1746618861, 0, 444, 602, 585, 4, 5.62%, 0, 0, 4, 62.41
1746618866, 0, 444, 603, 586, 4, 5.62%, 0, 0, 4, 60.27
1746618902, 0, 444, 604, 587, 4, 5.62%, 0, 0, 4, 61.65
1746618933, 0, 444, 605, 588, 4, 5.62%, 0, 0, 4, 60.13
1746618943, 0, 444, 606, 589, 4, 5.62%, 0, 0, 4, 61.47
1746618948, 0, 444, 607, 590, 4, 5.62%, 0, 0, 4, 61.59
1746618954, 0, 444, 609, 592, 4, 5.62%, 0, 0, 4, 61.36
1746618974, 0, 444, 610, 593, 4, 5.62%, 0, 0, 4, 60.11
1746619000, 0, 444, 611, 594, 4, 5.62%, 0, 0, 4, 60.36
1746619031, 0, 444, 612, 595, 4, 5.62%, 0, 0, 4, 61.58
1746619046, 0, 444, 613, 596, 4, 5.62%, 0, 0, 4, 61.83
1746619067, 0, 444, 615, 598, 4, 5.62%, 0, 0, 4, 60.74
1746619143, 0, 444, 616, 599, 4, 5.62%, 0, 0, 4, 61.27
1746619225, 0, 444, 617, 600, 4, 5.62%, 0, 0, 4, 61.54
1746619250, 0, 444, 618, 601, 4, 5.62%, 0, 0, 4, 61.80
1746619266, 0, 516, 618, 600, 4, 5.62%, 0, 0, 4, 62.69
1746619649, 0, 519, 618, 599, 3, 5.62%, 0, 0, 4, 65.22
1746620103, 0, 519, 619, 600, 3, 5.62%, 0, 0, 5, 71.93
1746620129, 0, 519, 620, 601, 3, 5.98%, 0, 0, 5, 68.71
1746620191, 0, 567, 620, 600, 5, 5.98%, 0, 0, 5, 62.27
1746620201, 0, 567, 622, 602, 5, 5.98%, 0, 0, 5, 43.47
1746620236, 0, 567, 624, 604, 5, 5.98%, 0, 0, 5, 42.56
1746620242, 0, 567, 627, 607, 5, 5.98%, 0, 0, 5, 42.57
1746620287, 0, 567, 628, 608, 5, 5.98%, 0, 0, 5, 42.66
1746620292, 0, 567, 629, 609, 5, 5.98%, 0, 0, 5, 41.83
1746620354, 0, 567, 630, 610, 5, 5.98%, 0, 0, 5, 42.42
1746620359, 0, 567, 632, 612, 5, 5.98%, 0, 0, 5, 42.67
1746620364, 0, 567, 634, 614, 5, 5.98%, 0, 0, 5, 44.04
1746620369, 0, 567, 639, 619, 5, 5.98%, 0, 0, 5, 42.85
1746620942, 0, 567, 640, 620, 5, 5.98%, 0, 0, 5, 44.42
1746620967, 0, 567, 641, 621, 5, 5.98%, 0, 0, 5, 42.55
1746621262, 0, 567, 642, 622, 5, 5.98%, 0, 0, 5, 47.40
1746621267, 0, 567, 647, 627, 5, 5.98%, 0, 0, 5, 49.82
1746621272, 0, 567, 650, 630, 5, 5.98%, 0, 0, 5, 51.46
1746621277, 0, 567, 654, 634, 5, 5.98%, 0, 0, 5, 52.07
1746621282, 0, 567, 655, 635, 5, 5.98%, 0, 0, 5, 52.29
1746621287, 0, 567, 656, 636, 5, 5.98%, 0, 0, 5, 53.75
1746621292, 0, 567, 657, 637, 5, 5.99%, 0, 0, 5, 53.68
1746621297, 0, 567, 658, 638, 5, 5.99%, 0, 0, 5, 52.91
1746621302, 0, 567, 660, 640, 5, 5.99%, 0, 0, 5, 51.45
1746621307, 0, 567, 661, 641, 5, 5.99%, 0, 0, 5, 53.19
1746621313, 0, 567, 663, 643, 5, 5.99%, 0, 0, 5, 52.16
1746621323, 0, 567, 664, 644, 5, 5.99%, 0, 0, 5, 52.64
1746621333, 0, 567, 665, 645, 5, 5.99%, 0, 0, 5, 53.13
1746621343, 0, 567, 666, 646, 5, 5.99%, 0, 0, 5, 52.21
1746621353, 0, 567, 667, 647, 5, 5.99%, 0, 0, 5, 52.25
1746621359, 0, 567, 669, 649, 5, 5.99%, 0, 0, 5, 52.27
1746621374, 0, 567, 672, 652, 5, 5.99%, 0, 0, 5, 52.61
1746621379, 0, 567, 673, 653, 5, 5.99%, 0, 0, 5, 52.53
1746621384, 0, 567, 674, 654, 5, 5.99%, 0, 0, 5, 53.08
1746621400, 0, 567, 675, 655, 5, 5.99%, 0, 0, 5, 52.42
1746621405, 0, 567, 676, 656, 5, 5.99%, 0, 0, 5, 53.68
1746621410, 0, 567, 678, 658, 5, 5.99%, 0, 0, 5, 52.38
1746621425, 0, 567, 679, 659, 5, 5.99%, 0, 0, 5, 52.42
1746621460, 0, 567, 681, 661, 5, 5.99%, 0, 0, 5, 53.03
1746621491, 0, 567, 682, 662, 5, 5.99%, 0, 0, 5, 52.64
1746621496, 0, 567, 683, 663, 5, 5.99%, 0, 0, 5, 52.26
1746621501, 0, 567, 684, 664, 5, 5.99%, 0, 0, 5, 52.24
1746621516, 0, 567, 685, 665, 5, 5.99%, 0, 0, 5, 52.20
1746621526, 0, 567, 686, 666, 5, 5.99%, 0, 0, 5, 52.66
1746621532, 0, 567, 687, 667, 5, 5.99%, 0, 0, 5, 52.14
1746621547, 0, 567, 688, 668, 5, 5.99%, 0, 0, 5, 53.35
1746621557, 0, 567, 690, 670, 5, 5.99%, 0, 0, 5, 52.01
1746621563, 0, 567, 691, 671, 5, 5.99%, 0, 0, 5, 52.73
1746621568, 0, 567, 692, 672, 5, 5.99%, 0, 0, 5, 51.81
1746621715, 0, 567, 693, 673, 5, 5.99%, 0, 0, 5, 53.22
1746621720, 0, 567, 694, 674, 5, 5.99%, 0, 0, 5, 52.06
1746621735, 0, 576, 694, 673, 6, 5.99%, 0, 0, 5, 55.65
1746622143, 0, 578, 694, 672, 6, 5.99%, 0, 0, 5, 62.51
1746622255, 0, 578, 695, 673, 6, 5.99%, 0, 0, 5, 52.92
1746622786, 0, 578, 696, 674, 6, 5.99%, 0, 0, 5, 60.68
1746622812, 0, 578, 697, 675, 6, 5.99%, 0, 0, 5, 59.62
1746622817, 0, 578, 698, 676, 6, 5.99%, 0, 0, 5, 59.18
1746622838, 0, 578, 699, 677, 6, 5.99%, 0, 0, 5, 60.07
1746622858, 0, 578, 700, 678, 6, 5.99%, 0, 0, 5, 60.46
1746622894, 0, 578, 701, 679, 6, 5.99%, 0, 0, 5, 59.67
1746622965, 0, 578, 702, 680, 6, 6.00%, 0, 0, 5, 59.22
1746623083, 0, 578, 703, 681, 6, 6.00%, 0, 0, 5, 60.65
1746623114, 0, 578, 704, 682, 6, 6.00%, 0, 0, 5, 59.40
1746623170, 0, 578, 705, 683, 6, 6.00%, 0, 0, 5, 59.36
1746623201, 0, 578, 706, 684, 6, 6.01%, 0, 0, 5, 58.68
1746623232, 0, 578, 707, 685, 6, 6.01%, 0, 0, 5, 60.27
1746623324, 0, 657, 707, 684, 4, 6.01%, 0, 0, 5, 49.19
1746624233, 0, 657, 708, 685, 4, 6.01%, 0, 0, 6, 52.76
1746624279, 0, 657, 709, 686, 4, 6.01%, 0, 0, 6, 51.93
1746624284, 0, 657, 710, 687, 4, 6.01%, 0, 0, 6, 53.06
1746624329, 0, 657, 711, 688, 4, 6.01%, 0, 0, 6, 51.37
1746624380, 0, 657, 712, 689, 4, 6.01%, 0, 0, 6, 52.13
1746624385, 0, 657, 713, 690, 4, 6.01%, 0, 0, 6, 52.99
1746624420, 0, 657, 714, 691, 4, 6.01%, 0, 0, 6, 51.93
1746624466, 0, 657, 715, 692, 4, 6.01%, 0, 0, 6, 52.13
1746624471, 0, 657, 716, 693, 4, 6.01%, 0, 0, 6, 53.02
1746624486, 0, 657, 717, 694, 4, 6.01%, 0, 0, 6, 53.13
1746624663, 0, 657, 718, 695, 4, 6.01%, 0, 0, 6, 53.49
1746624668, 0, 657, 719, 696, 4, 6.01%, 0, 0, 6, 52.99
1746624689, 0, 701, 719, 695, 4, 6.01%, 0, 0, 6, 53.00
1746624709, 0, 701, 721, 697, 4, 6.01%, 0, 0, 6, 47.75
1746624714, 0, 701, 728, 704, 4, 6.01%, 0, 0, 6, 47.81
1746624719, 0, 701, 730, 706, 4, 6.01%, 0, 0, 6, 47.88
1746624824, 0, 701, 731, 707, 4, 6.01%, 0, 0, 6, 47.76
1746624829, 0, 701, 733, 709, 4, 6.01%, 0, 0, 6, 47.78
1746625480, 0, 701, 734, 710, 4, 6.01%, 0, 0, 6, 47.58
1746625580, 0, 701, 735, 711, 4, 6.01%, 0, 0, 6, 52.43
1746625585, 0, 701, 736, 712, 4, 6.01%, 0, 0, 6, 52.56
1746625621, 0, 701, 737, 713, 4, 6.01%, 0, 0, 6, 53.00
1746625656, 0, 701, 738, 714, 4, 6.01%, 0, 0, 6, 53.42
1746625661, 0, 701, 740, 716, 4, 6.01%, 0, 0, 6, 51.83
1746625671, 0, 701, 741, 717, 4, 6.01%, 0, 0, 6, 51.45
1746625697, 0, 701, 742, 718, 4, 6.01%, 0, 0, 6, 53.98
1746625747, 0, 701, 743, 719, 4, 6.01%, 0, 0, 6, 53.91
1746626077, 0, 701, 744, 720, 4, 6.01%, 0, 0, 6, 52.68
1746626154, 0, 701, 745, 721, 4, 6.01%, 0, 0, 6, 52.94
1746626174, 0, 701, 746, 722, 4, 6.01%, 0, 0, 6, 52.27
1746626189, 0, 703, 746, 721, 4, 6.01%, 0, 0, 6, 51.79
1746627090, 0, 705, 746, 720, 3, 6.01%, 0, 0, 6, 47.73
1746627106, 0, 705, 747, 721, 3, 6.01%, 0, 0, 6, 36.87
1746627141, 0, 705, 748, 722, 3, 6.01%, 0, 0, 6, 36.68
1746628485, 0, 705, 753, 727, 3, 6.45%, 0, 0, 6, 43.31
1746628490, 0, 705, 756, 730, 3, 6.45%, 0, 0, 6, 45.67
1746628495, 0, 705, 759, 733, 3, 6.46%, 0, 0, 6, 46.29
1746628500, 0, 705, 762, 736, 3, 6.94%, 0, 0, 6, 46.56
1746628510, 0, 705, 764, 738, 3, 6.94%, 0, 0, 6, 47.74
1746628521, 0, 705, 767, 741, 3, 7.00%, 0, 0, 6, 45.19
1746628526, 0, 705, 770, 744, 3, 7.00%, 0, 0, 6, 45.29
1746628531, 0, 705, 771, 745, 3, 7.00%, 0, 0, 6, 46.82
1746628536, 0, 705, 773, 747, 3, 7.00%, 0, 0, 6, 46.03
1746628546, 0, 705, 774, 748, 3, 7.00%, 0, 0, 6, 47.97
1746628556, 0, 705, 775, 749, 3, 7.00%, 0, 0, 6, 47.56
1746628561, 0, 705, 776, 750, 3, 7.00%, 0, 0, 6, 46.93
1746628566, 0, 705, 777, 751, 3, 7.00%, 0, 0, 6, 47.94
1746628571, 0, 705, 778, 752, 3, 7.00%, 0, 0, 6, 47.87
1746628576, 0, 705, 779, 753, 3, 7.00%, 0, 0, 6, 48.53
1746628581, 0, 705, 780, 754, 3, 7.00%, 0, 0, 6, 47.72
1746628586, 0, 705, 782, 756, 3, 7.00%, 0, 0, 6, 46.02
1746628592, 0, 705, 783, 757, 3, 7.00%, 0, 0, 6, 46.39
1746628597, 0, 705, 785, 759, 3, 7.00%, 0, 0, 6, 46.73
1746628602, 0, 705, 786, 760, 3, 7.00%, 0, 0, 6, 48.64
1746628607, 0, 705, 788, 762, 3, 7.00%, 0, 0, 6, 48.17
1746628617, 0, 705, 789, 763, 3, 7.00%, 0, 0, 6, 46.59
1746628627, 0, 705, 790, 764, 3, 7.00%, 0, 0, 6, 47.97
1746628632, 0, 705, 791, 765, 3, 7.01%, 0, 0, 6, 48.35
1746628647, 0, 705, 792, 766, 3, 7.01%, 0, 0, 6, 47.28
1746628652, 0, 705, 793, 767, 3, 7.01%, 0, 0, 6, 48.34
1746628657, 0, 705, 794, 768, 3, 7.01%, 0, 0, 6, 47.98
1746628663, 0, 705, 796, 770, 3, 7.01%, 0, 0, 6, 46.53
1746628668, 0, 705, 797, 771, 3, 7.01%, 0, 0, 6, 46.23
1746628678, 0, 705, 798, 772, 3, 7.01%, 0, 0, 6, 47.01
1746628693, 0, 705, 799, 773, 3, 7.01%, 0, 0, 6, 47.36
1746628698, 0, 705, 800, 774, 3, 7.01%, 0, 0, 6, 47.99
1746628734, 0, 705, 802, 776, 3, 7.01%, 0, 0, 6, 47.07
1746628739, 0, 705, 803, 777, 3, 7.01%, 0, 0, 6, 47.80
1746628744, 0, 705, 804, 778, 3, 7.01%, 0, 0, 6, 49.06
1746628749, 0, 705, 805, 779, 3, 7.01%, 0, 0, 6, 45.38
1746628754, 0, 705, 806, 780, 3, 7.01%, 0, 0, 6, 47.15
1746628769, 0, 705, 807, 781, 3, 7.01%, 0, 0, 6, 47.51
1746628789, 0, 705, 808, 782, 3, 7.01%, 0, 0, 6, 48.87
1746628815, 0, 705, 809, 783, 3, 7.01%, 0, 0, 6, 48.61
1746628820, 0, 705, 810, 784, 3, 7.01%, 0, 0, 6, 47.90
1746628825, 0, 705, 811, 785, 3, 7.01%, 0, 0, 6, 45.70
1746628830, 0, 705, 812, 786, 3, 7.01%, 0, 0, 6, 48.53
1746628860, 0, 705, 813, 787, 3, 7.01%, 0, 0, 6, 48.16
1746628865, 0, 705, 814, 788, 3, 7.01%, 0, 0, 6, 49.21
1746628886, 0, 705, 815, 789, 3, 7.01%, 0, 0, 6, 47.67
1746628911, 0, 705, 816, 790, 3, 7.01%, 0, 0, 6, 47.12
1746628936, 0, 705, 817, 791, 3, 7.01%, 0, 0, 6, 47.56
1746628972, 0, 705, 818, 792, 3, 7.01%, 0, 0, 6, 48.53
1746628992, 0, 705, 819, 793, 3, 7.01%, 0, 0, 6, 48.21
1746629007, 0, 733, 819, 792, 12, 7.01%, 0, 0, 6, 48.11
1746629834, 0, 738, 819, 791, 12, 7.01%, 0, 0, 6, 50.57
1746630564, 0, 751, 819, 790, 11, 7.01%, 0, 0, 6, 46.38
1746631927, 0, 751, 820, 791, 11, 7.01%, 0, 0, 7, 43.48
1746631932, 0, 751, 821, 792, 11, 7.01%, 0, 0, 7, 47.05
1746631993, 0, 751, 822, 793, 11, 7.01%, 0, 0, 7, 47.94
1746632003, 0, 751, 823, 794, 11, 7.01%, 0, 0, 7, 47.62
1746632048, 0, 751, 824, 795, 11, 7.01%, 0, 0, 7, 47.78
1746632068, 0, 751, 825, 796, 11, 7.01%, 0, 0, 7, 48.91
1746632094, 0, 751, 826, 797, 11, 7.01%, 0, 0, 7, 49.46
1746632155, 0, 751, 827, 798, 11, 7.01%, 0, 0, 7, 47.85
1746632165, 0, 751, 828, 799, 11, 7.10%, 0, 0, 7, 47.99
1746632190, 0, 751, 829, 800, 11, 7.10%, 0, 0, 7, 49.40
1746632215, 0, 751, 830, 801, 11, 7.10%, 0, 0, 7, 48.40
1746632236, 0, 751, 831, 802, 11, 7.10%, 0, 0, 7, 47.57
1746632266, 0, 751, 833, 804, 11, 7.10%, 0, 0, 7, 47.79
1746632291, 0, 751, 834, 805, 11, 7.23%, 0, 0, 7, 46.57
1746632301, 0, 751, 835, 806, 11, 7.23%, 0, 0, 7, 47.58
1746632332, 0, 751, 836, 807, 11, 7.23%, 0, 0, 7, 47.32
1746632433, 0, 752, 836, 806, 9, 7.23%, 0, 0, 7, 48.42
1746634395, 0, 752, 837, 807, 9, 7.23%, 0, 0, 7, 45.96
1746634400, 0, 752, 838, 808, 9, 7.23%, 0, 0, 7, 47.47
1746634441, 0, 752, 839, 809, 9, 7.23%, 0, 0, 7, 47.32
1746634451, 0, 752, 840, 810, 9, 7.23%, 0, 0, 7, 48.19
1746634456, 0, 752, 841, 811, 9, 7.23%, 0, 0, 7, 47.16
1746634466, 0, 752, 842, 812, 9, 7.23%, 0, 0, 7, 48.61
1746634512, 0, 752, 843, 813, 9, 7.23%, 0, 0, 7, 47.70
1746634567, 0, 752, 844, 814, 9, 7.23%, 0, 0, 7, 49.16
1746634583, 0, 752, 845, 815, 9, 7.23%, 0, 0, 7, 49.16
1746634634, 0, 752, 846, 816, 9, 7.24%, 0, 0, 7, 47.19
1746634639, 0, 752, 847, 817, 9, 7.24%, 0, 0, 7, 47.34
1746634644, 0, 752, 848, 818, 9, 7.25%, 0, 0, 7, 48.16
1746634689, 0, 752, 849, 819, 9, 7.25%, 0, 0, 7, 47.38
1746634704, 0, 752, 850, 820, 9, 7.25%, 0, 0, 7, 47.74
1746634735, 0, 752, 852, 822, 9, 7.25%, 0, 0, 7, 46.84
1746634775, 0, 752, 853, 823, 9, 7.25%, 0, 0, 7, 46.54
1746634785, 0, 752, 854, 824, 9, 7.25%, 0, 0, 7, 47.61
1746634846, 0, 752, 855, 825, 9, 7.25%, 0, 0, 7, 49.00
1746634866, 0, 752, 856, 826, 9, 7.25%, 0, 0, 7, 46.95
1746634902, 0, 782, 856, 825, 9, 7.25%, 0, 0, 7, 48.39
1746634917, 0, 782, 857, 826, 9, 7.25%, 0, 0, 7, 36.03
1746634979, 0, 782, 858, 827, 9, 7.25%, 0, 0, 7, 35.57
1746635086, 0, 782, 859, 828, 9, 7.25%, 0, 0, 7, 36.90
1746635153, 0, 782, 861, 830, 9, 7.25%, 0, 0, 7, 36.18
1746636026, 0, 782, 862, 831, 9, 7.25%, 0, 0, 7, 35.29
1746636411, 0, 782, 863, 832, 9, 7.25%, 0, 0, 7, 42.33
1746636426, 0, 782, 864, 833, 9, 7.25%, 0, 0, 7, 46.25
1746636436, 0, 782, 865, 834, 9, 7.25%, 0, 0, 7, 46.41
1746636441, 0, 782, 866, 835, 9, 7.25%, 0, 0, 7, 47.71
1746636472, 0, 782, 867, 836, 9, 7.25%, 0, 0, 7, 47.37
1746636477, 0, 782, 868, 837, 9, 7.25%, 0, 0, 7, 46.97
1746636487, 0, 782, 869, 838, 9, 7.25%, 0, 0, 7, 46.20
1746636497, 0, 782, 871, 840, 9, 7.25%, 0, 0, 7, 46.43
1746636517, 0, 782, 872, 841, 9, 7.25%, 0, 0, 7, 47.65
1746636543, 0, 782, 874, 843, 9, 7.26%, 0, 0, 7, 46.26
1746636598, 0, 782, 875, 844, 9, 7.30%, 0, 0, 7, 47.12
1746636618, 0, 782, 876, 845, 9, 7.30%, 0, 0, 7, 47.20
1746636624, 0, 782, 877, 846, 9, 7.30%, 0, 0, 7, 47.04
1746636654, 0, 782, 878, 847, 9, 7.30%, 0, 0, 7, 46.09
1746636659, 0, 782, 879, 848, 9, 7.30%, 0, 0, 7, 47.51
1746636730, 0, 782, 880, 849, 9, 7.30%, 0, 0, 7, 46.56
1746636776, 0, 782, 881, 850, 9, 7.30%, 0, 0, 7, 46.90
1746636791, 0, 782, 882, 851, 9, 7.30%, 0, 0, 7, 46.39
1746636902, 0, 782, 883, 852, 9, 7.30%, 0, 0, 7, 44.85
1746636912, 0, 782, 884, 853, 9, 7.30%, 0, 0, 7, 47.34
1746636922, 0, 782, 885, 854, 9, 7.30%, 0, 0, 7, 47.76
1746636933, 0, 798, 885, 853, 11, 7.30%, 0, 0, 7, 43.36
1746638740, 0, 814, 885, 852, 10, 7.30%, 0, 0, 7, 45.30
1746638756, 0, 814, 887, 854, 10, 7.30%, 0, 0, 7, 39.27
1746638771, 0, 814, 888, 855, 10, 7.30%, 0, 0, 7, 39.19
1746638786, 0, 814, 889, 856, 10, 7.30%, 0, 0, 7, 39.29
1746638792, 0, 814, 890, 857, 10, 7.30%, 0, 0, 7, 39.22
1746638920, 0, 814, 891, 858, 10, 7.30%, 0, 0, 7, 39.23
1746639068, 0, 814, 892, 859, 10, 7.30%, 0, 0, 7, 40.40
1746639262, 0, 814, 893, 860, 10, 7.30%, 0, 0, 7, 39.18
1746639962, 0, 814, 896, 863, 10, 7.30%, 0, 0, 7, 45.34
1746639967, 0, 814, 897, 864, 10, 7.30%, 0, 0, 7, 47.70
1746639982, 0, 814, 899, 866, 10, 7.30%, 0, 0, 7, 48.76
1746639987, 0, 814, 901, 868, 10, 7.30%, 0, 0, 7, 49.55
1746640003, 0, 814, 902, 869, 10, 7.30%, 0, 0, 7, 49.10
1746640099, 0, 814, 903, 870, 10, 7.30%, 0, 0, 7, 48.86
1746640200, 0, 814, 904, 871, 10, 7.30%, 0, 0, 7, 49.90
1746640205, 0, 814, 905, 872, 10, 7.30%, 0, 0, 7, 48.56
1746640347, 0, 814, 907, 874, 10, 7.30%, 0, 0, 7, 48.39
1746640438, 0, 814, 908, 875, 10, 7.30%, 0, 0, 7, 50.02
1746640458, 0, 827, 908, 874, 10, 7.30%, 0, 0, 7, 41.42
1746640473, 0, 827, 909, 875, 10, 7.30%, 0, 0, 8, 34.50
1746640478, 0, 827, 910, 876, 10, 7.30%, 0, 0, 8, 35.13
1746640697, 0, 827, 911, 877, 10, 7.30%, 0, 0, 8, 33.21
1746640722, 0, 827, 912, 878, 10, 7.30%, 0, 0, 8, 38.02
1746641579, 0, 827, 913, 879, 10, 7.30%, 0, 0, 8, 33.21
1746642036, 0, 827, 914, 880, 10, 7.30%, 0, 0, 8, 44.85
1746642041, 0, 827, 916, 882, 10, 7.36%, 0, 0, 8, 44.89
1746642051, 0, 827, 918, 884, 10, 7.42%, 0, 0, 8, 45.72
1746642056, 0, 827, 921, 887, 10, 7.42%, 0, 0, 8, 45.39
1746642061, 0, 827, 922, 888, 10, 7.42%, 0, 0, 8, 46.54
1746642066, 0, 827, 925, 891, 10, 7.42%, 0, 0, 8, 45.23
1746642071, 0, 827, 926, 892, 10, 7.61%, 0, 0, 8, 46.39
1746642076, 0, 827, 928, 894, 10, 7.61%, 0, 0, 8, 44.04
1746642081, 0, 827, 929, 895, 10, 7.61%, 0, 0, 8, 46.46
1746642086, 0, 827, 930, 896, 10, 7.61%, 0, 0, 8, 44.46
1746642092, 0, 827, 931, 897, 10, 7.61%, 0, 0, 8, 45.40
1746642097, 0, 827, 933, 899, 10, 7.61%, 0, 0, 8, 45.36
1746642102, 0, 827, 934, 900, 10, 7.61%, 0, 0, 8, 47.47
1746642107, 0, 827, 935, 901, 10, 7.61%, 0, 0, 8, 45.18
1746642112, 0, 827, 936, 902, 10, 7.61%, 0, 0, 8, 44.96
1746642122, 0, 827, 937, 903, 10, 7.61%, 0, 0, 8, 45.08
1746642127, 0, 827, 938, 904, 10, 7.61%, 0, 0, 8, 44.71
1746642178, 0, 827, 939, 905, 10, 7.61%, 0, 0, 8, 46.26
1746642204, 0, 827, 940, 906, 10, 7.61%, 0, 0, 8, 45.94
1746642219, 0, 827, 941, 907, 10, 7.62%, 0, 0, 8, 45.42
1746642274, 0, 827, 942, 908, 10, 7.64%, 0, 0, 8, 45.52
1746642290, 0, 827, 943, 909, 10, 7.64%, 0, 0, 8, 45.41
1746642300, 0, 827, 944, 910, 10, 7.64%, 0, 0, 8, 46.11
1746642310, 0, 827, 946, 912, 10, 7.64%, 0, 0, 8, 45.21
1746642325, 0, 827, 947, 913, 10, 7.64%, 0, 0, 8, 45.66
1746642417, 0, 827, 948, 914, 10, 7.64%, 0, 0, 8, 46.18
1746642442, 0, 827, 949, 915, 10, 7.64%, 0, 0, 8, 45.63
1746642498, 0, 827, 950, 916, 10, 7.64%, 0, 0, 8, 47.94
1746642503, 0, 827, 951, 917, 10, 7.64%, 0, 0, 8, 46.45
1746642569, 0, 842, 951, 916, 13, 7.64%, 0, 0, 8, 46.34
1746642594, 0, 842, 952, 917, 13, 7.64%, 0, 0, 8, 33.94
1746644402, 0, 843, 952, 916, 13, 7.64%, 0, 0, 8, 46.98
1746644468, 0, 843, 953, 917, 13, 7.64%, 0, 0, 8, 36.20
1746645816, 0, 843, 954, 918, 13, 7.64%, 0, 0, 8, 46.93
1746645826, 0, 843, 955, 919, 13, 7.64%, 0, 0, 8, 47.91
1746645917, 0, 843, 956, 920, 13, 7.64%, 0, 0, 8, 47.34
1746645988, 0, 843, 957, 921, 13, 7.64%, 0, 0, 8, 46.93
1746646029, 0, 843, 958, 922, 13, 7.64%, 0, 0, 8, 47.70
1746646277, 0, 843, 959, 923, 13, 7.64%, 0, 0, 8, 47.16
1746646322, 0, 853, 959, 922, 12, 7.64%, 0, 0, 8, 46.45
1746648146, 0, 866, 959, 921, 12, 7.64%, 0, 0, 8, 38.95
1746648466, 0, 866, 960, 922, 12, 7.64%, 0, 0, 8, 31.21
1746649998, 0, 866, 961, 923, 12, 7.64%, 0, 0, 8, 31.05
1746650166, 0, 866, 962, 924, 12, 7.64%, 0, 0, 8, 41.90
1746650176, 0, 866, 965, 927, 12, 7.64%, 0, 0, 8, 40.72
1746650191, 0, 866, 966, 928, 12, 7.64%, 0, 0, 8, 43.39
1746650201, 0, 866, 967, 929, 12, 7.65%, 0, 0, 8, 42.12
1746650207, 0, 866, 969, 931, 12, 7.65%, 0, 0, 8, 41.54
1746650227, 0, 866, 972, 934, 12, 7.65%, 0, 0, 8, 41.93
1746650232, 0, 866, 973, 935, 12, 7.65%, 0, 0, 8, 42.75
1746650237, 0, 866, 974, 936, 12, 7.66%, 0, 0, 8, 41.25
1746650252, 0, 866, 975, 937, 12, 7.66%, 0, 0, 8, 43.84
1746650262, 0, 866, 976, 938, 12, 7.66%, 0, 0, 8, 42.67
1746650268, 0, 866, 977, 939, 12, 7.67%, 0, 0, 8, 41.71
1746650273, 0, 866, 978, 940, 12, 7.67%, 0, 0, 8, 41.30
1746650283, 0, 866, 979, 941, 12, 7.67%, 0, 0, 8, 44.19
1746650288, 0, 866, 980, 942, 12, 7.67%, 0, 0, 8, 42.96
1746650303, 0, 866, 981, 943, 12, 7.67%, 0, 0, 8, 43.89
1746650344, 0, 866, 982, 944, 12, 7.67%, 0, 0, 8, 42.74
1746650349, 0, 866, 983, 945, 12, 7.67%, 0, 0, 8, 42.98
1746650369, 0, 866, 984, 946, 12, 7.67%, 0, 0, 8, 42.47
1746650395, 0, 866, 985, 947, 12, 7.67%, 0, 0, 8, 43.98
1746650435, 0, 866, 986, 948, 12, 7.67%, 0, 0, 8, 44.40
1746650461, 0, 866, 987, 949, 12, 7.67%, 0, 0, 8, 43.40
1746650527, 0, 866, 988, 950, 12, 7.67%, 0, 0, 8, 43.90
1746650542, 0, 866, 989, 951, 12, 7.67%, 0, 0, 8, 42.39
1746650568, 0, 866, 990, 952, 12, 7.67%, 0, 0, 8, 43.94
1746650583, 0, 866, 992, 954, 12, 7.67%, 0, 0, 8, 43.11
1746650624, 0, 866, 993, 955, 12, 7.67%, 0, 0, 8, 42.83
1746650644, 0, 866, 994, 956, 12, 7.67%, 0, 0, 8, 43.57
1746650685, 0, 866, 995, 957, 12, 7.67%, 0, 0, 8, 43.50
1746650730, 0, 873, 995, 956, 13, 7.67%, 0, 0, 8, 44.27
1746652775, 0, 873, 996, 957, 13, 7.67%, 0, 0, 8, 41.93
1746652796, 0, 873, 997, 958, 13, 7.67%, 0, 0, 8, 42.47
1746652907, 0, 874, 997, 957, 12, 7.67%, 0, 0, 8, 37.99
1746652933, 0, 874, 998, 958, 12, 7.68%, 0, 0, 8, 31.12
1746652974, 0, 874, 999, 959, 12, 7.68%, 0, 0, 8, 30.45
1746653004, 0, 874, 1001, 961, 12, 7.70%, 0, 0, 8, 30.51
1746653024, 0, 874, 1003, 963, 12, 7.70%, 0, 0, 8, 30.57
1746653309, 0, 874, 1004, 964, 12, 7.70%, 0, 0, 8, 17.29
1746653365, 0, 874, 1006, 966, 12, 7.70%, 0, 0, 8, 17.87
1746653385, 0, 874, 1007, 967, 12, 7.70%, 0, 0, 8, 17.33
1746654391, 0, 874, 1008, 968, 12, 7.70%, 0, 0, 8, 30.52
