# unix_time, cycles_done, cur_path, paths_total, pending_total, pending_favs, map_size, unique_crashes, unique_hangs, max_depth, execs_per_sec
1746558726, 0, 0, 1, 1, 1, 4.55%, 0, 0, 1, 42.78
1746558731, 0, 0, 27, 27, 1, 4.78%, 0, 0, 2, 44.72
1746558736, 0, 0, 53, 53, 1, 4.78%, 0, 0, 2, 46.93
1746558742, 0, 0, 79, 79, 1, 4.78%, 0, 0, 2, 45.60
1746558747, 0, 0, 85, 85, 1, 6.29%, 0, 0, 2, 4.03
1746558752, 0, 0, 93, 93, 1, 6.53%, 0, 0, 2, 4.89
1746558757, 0, 0, 98, 98, 1, 6.54%, 0, 1, 2, 4.48
1746558762, 0, 0, 107, 107, 1, 6.54%, 0, 1, 2, 15.66
1746558768, 0, 0, 117, 117, 1, 6.56%, 0, 1, 2, 1.11
1746558778, 0, 0, 120, 120, 1, 6.56%, 0, 1, 2, 3.22
1746558784, 0, 0, 128, 128, 1, 6.56%, 0, 1, 2, 28.46
1746558789, 0, 0, 129, 129, 1, 6.56%, 0, 1, 2, 1.71
1746558794, 0, 0, 132, 132, 1, 6.56%, 0, 1, 2, 1.26
1746558799, 0, 0, 134, 134, 1, 6.56%, 0, 1, 2, 37.59
1746558804, 0, 0, 139, 139, 1, 6.56%, 0, 1, 2, 5.05
1746558809, 0, 0, 142, 142, 1, 6.56%, 0, 1, 2, 20.26
1746558814, 0, 0, 149, 149, 1, 6.56%, 0, 1, 2, 2.73
1746558820, 0, 0, 155, 155, 1, 6.56%, 0, 1, 2, 19.30
1746558825, 0, 0, 167, 167, 1, 6.56%, 0, 1, 2, 22.65
1746558830, 0, 0, 177, 177, 1, 6.56%, 0, 1, 2, 19.27
1746558835, 0, 0, 181, 181, 1, 6.56%, 0, 1, 2, 30.95
1746558841, 0, 0, 188, 188, 1, 6.56%, 0, 1, 2, 3.66
1746558852, 0, 0, 192, 192, 1, 6.57%, 0, 1, 2, 4.98
1746558857, 0, 0, 195, 195, 1, 6.57%, 0, 1, 2, 5.71
1746558862, 0, 0, 199, 199, 1, 6.57%, 0, 1, 2, 5.71
1746558867, 0, 0, 203, 203, 1, 6.57%, 0, 1, 2, 31.56
1746558872, 0, 0, 205, 205, 1, 6.57%, 0, 2, 2, 4.16
1746558878, 0, 0, 209, 209, 1, 6.57%, 0, 2, 2, 7.85
1746558883, 0, 0, 212, 212, 1, 6.57%, 0, 2, 2, 1.14
1746558893, 0, 0, 217, 217, 1, 6.57%, 0, 3, 2, 21.57
1746558899, 0, 0, 219, 219, 1, 6.57%, 0, 3, 2, 2.54
1746558904, 0, 0, 223, 223, 1, 6.65%, 0, 3, 2, 14.55
1746558909, 0, 0, 227, 227, 1, 6.65%, 0, 3, 2, 3.04
1746558914, 0, 0, 233, 233, 1, 6.65%, 0, 3, 2, 4.43
1746558919, 0, 0, 240, 240, 1, 6.65%, 0, 3, 2, 28.99
1746558925, 0, 0, 244, 244, 1, 6.65%, 0, 3, 2, 4.24
1746558930, 0, 0, 246, 246, 1, 6.65%, 0, 3, 2, 4.30
1746558941, 0, 0, 250, 250, 1, 6.65%, 0, 3, 2, 1.17
1746558951, 0, 0, 252, 252, 1, 6.65%, 0, 4, 2, 3.49
1746558957, 0, 0, 257, 257, 1, 6.65%, 0, 5, 2, 3.78
1746558962, 0, 0, 258, 258, 1, 6.65%, 0, 5, 2, 3.13
1746558968, 0, 0, 261, 261, 1, 6.65%, 0, 5, 2, 2.20
1746558978, 0, 0, 267, 267, 1, 6.65%, 0, 5, 2, 1.77
1746558984, 0, 0, 270, 270, 1, 6.65%, 0, 5, 2, 3.77
1746558994, 0, 0, 275, 275, 1, 6.65%, 0, 5, 2, 4.82
1746559000, 0, 0, 276, 276, 1, 6.65%, 0, 5, 2, 4.29
1746559005, 0, 0, 279, 279, 1, 6.65%, 0, 5, 2, 1.10
1746559015, 0, 0, 280, 280, 1, 6.65%, 0, 5, 2, 1.24
1746559021, 0, 0, 282, 282, 1, 6.65%, 0, 5, 2, 1.99
1746559032, 0, 0, 284, 284, 1, 6.65%, 0, 5, 2, 1.14
1746559037, 0, 0, 287, 287, 1, 6.65%, 0, 5, 2, 6.02
1746559042, 0, 0, 290, 290, 1, 6.65%, 0, 5, 2, 21.12
1746559048, 0, 0, 292, 292, 1, 6.65%, 0, 6, 2, 3.04
1746559053, 0, 0, 294, 294, 1, 6.65%, 0, 6, 2, 2.39
1746559058, 0, 0, 296, 296, 1, 6.71%, 0, 6, 2, 14.54
1746559063, 0, 0, 306, 306, 1, 6.71%, 0, 6, 2, 2.36
1746559068, 0, 0, 308, 308, 1, 6.71%, 0, 6, 2, 3.87
1746559074, 0, 0, 313, 313, 1, 6.71%, 0, 7, 2, 5.05
1746559079, 0, 0, 315, 315, 1, 6.71%, 0, 7, 2, 22.77
1746559084, 0, 0, 321, 321, 1, 6.71%, 0, 8, 2, 16.29
1746559089, 0, 0, 323, 323, 1, 6.71%, 0, 8, 2, 8.32
1746559094, 0, 0, 330, 330, 1, 6.71%, 0, 8, 2, 14.78
1746559100, 0, 0, 333, 333, 1, 6.71%, 0, 8, 2, 10.94
1746559105, 0, 0, 334, 334, 1, 6.71%, 0, 8, 2, 1.11
1746559110, 0, 0, 335, 335, 1, 6.71%, 0, 8, 2, 6.19
1746559115, 0, 0, 339, 339, 1, 6.71%, 0, 8, 2, 8.30
1746559120, 0, 0, 340, 340, 1, 6.71%, 0, 8, 2, 5.42
1746559126, 0, 0, 346, 346, 1, 6.71%, 0, 8, 2, 34.51
1746559131, 0, 0, 350, 350, 1, 6.71%, 0, 8, 2, 3.05
1746559136, 0, 0, 355, 355, 1, 6.71%, 0, 8, 2, 2.55
1746559141, 0, 0, 357, 357, 1, 6.71%, 0, 8, 2, 2.80
1746559146, 0, 0, 360, 360, 1, 6.71%, 0, 8, 2, 5.47
1746559151, 0, 0, 362, 362, 1, 6.71%, 0, 8, 2, 5.31
1746559157, 0, 0, 368, 368, 1, 6.71%, 0, 8, 2, 12.56
1746559162, 0, 0, 369, 369, 1, 6.71%, 0, 8, 2, 1.26
1746559168, 0, 0, 371, 371, 1, 6.71%, 0, 8, 2, 27.49
1746559173, 0, 0, 372, 372, 1, 6.71%, 0, 8, 2, 1.82
1746559178, 0, 0, 375, 375, 1, 6.71%, 0, 8, 2, 23.12
1746559184, 0, 0, 378, 378, 1, 6.71%, 0, 8, 2, 2.83
1746559189, 0, 0, 382, 382, 1, 6.71%, 0, 8, 2, 20.09
1746559199, 0, 0, 387, 387, 1, 6.71%, 0, 8, 2, 4.39
1746559204, 0, 0, 392, 392, 1, 6.71%, 0, 8, 2, 32.94
1746559209, 0, 0, 394, 394, 1, 6.71%, 0, 8, 2, 3.01
1746559214, 0, 0, 396, 396, 1, 6.71%, 0, 8, 2, 3.80
1746559219, 0, 0, 397, 397, 1, 6.71%, 0, 8, 2, 3.05
1746559224, 0, 0, 398, 398, 1, 6.71%, 0, 8, 2, 3.28
1746559230, 0, 0, 403, 403, 1, 6.71%, 0, 9, 2, 9.93
1746559240, 0, 0, 405, 405, 1, 6.71%, 0, 9, 2, 12.76
1746559245, 0, 0, 408, 408, 1, 6.71%, 0, 9, 2, 12.99
1746559250, 0, 0, 413, 413, 1, 6.71%, 0, 9, 2, 9.81
1746559256, 0, 0, 416, 416, 1, 6.71%, 0, 9, 2, 11.56
1746559261, 0, 0, 421, 421, 1, 6.71%, 0, 11, 2, 5.30
1746559266, 0, 0, 422, 422, 1, 6.71%, 0, 11, 2, 4.04
1746559271, 0, 0, 423, 423, 1, 6.71%, 0, 11, 2, 3.28
1746559276, 0, 0, 425, 425, 1, 6.71%, 0, 11, 2, 3.51
1746559282, 0, 0, 426, 426, 1, 6.71%, 0, 11, 2, 4.28
1746559287, 0, 0, 430, 430, 1, 6.71%, 0, 11, 2, 31.61
1746559292, 0, 0, 434, 434, 1, 6.71%, 0, 11, 2, 21.76
1746559298, 0, 0, 436, 436, 1, 6.71%, 0, 11, 2, 2.24
1746559303, 0, 0, 437, 437, 1, 6.71%, 0, 12, 2, 1.99
1746559308, 0, 0, 438, 438, 1, 6.71%, 0, 12, 2, 3.02
1746559313, 0, 0, 439, 439, 1, 6.71%, 0, 12, 2, 2.93
1746559319, 0, 0, 444, 444, 1, 6.71%, 0, 12, 2, 20.80
1746559324, 0, 0, 448, 448, 1, 6.95%, 0, 12, 2, 13.79
1746559329, 0, 0, 450, 450, 1, 6.95%, 0, 12, 2, 9.14
1746559334, 0, 0, 454, 454, 1, 6.95%, 0, 12, 2, 11.35
1746559339, 0, 0, 457, 457, 1, 6.95%, 0, 12, 2, 11.23
1746559344, 0, 0, 462, 462, 1, 6.95%, 0, 12, 2, 11.57
1746559349, 0, 0, 465, 465, 1, 6.95%, 0, 12, 2, 10.00
1746559354, 0, 0, 467, 467, 1, 6.95%, 0, 12, 2, 7.63
1746559360, 0, 0, 470, 470, 1, 6.95%, 0, 12, 2, 1.11
1746559370, 0, 0, 471, 471, 1, 6.95%, 0, 12, 2, 1.32
1746559375, 0, 0, 474, 474, 1, 6.95%, 0, 12, 2, 9.75
1746559381, 0, 0, 476, 476, 1, 6.95%, 0, 12, 2, 1.23
1746559392, 0, 0, 478, 478, 1, 6.95%, 0, 12, 2, 2.37
1746559397, 0, 0, 480, 480, 1, 6.95%, 0, 12, 2, 2.79
1746559402, 0, 0, 484, 484, 1, 6.95%, 0, 12, 2, 12.59
1746559408, 0, 0, 488, 488, 1, 6.95%, 0, 13, 2, 2.07
1746559413, 0, 0, 489, 489, 1, 6.95%, 0, 13, 2, 2.02
1746559424, 0, 0, 491, 491, 1, 6.95%, 0, 13, 2, 27.46
1746559434, 0, 0, 494, 494, 1, 6.95%, 0, 13, 2, 2.55
1746559440, 0, 0, 496, 496, 1, 6.95%, 0, 13, 2, 2.56
1746559445, 0, 0, 497, 497, 1, 6.95%, 0, 14, 2, 5.30
1746559450, 0, 0, 498, 498, 1, 6.95%, 0, 14, 2, 27.27
1746559455, 0, 0, 501, 501, 1, 6.95%, 0, 14, 2, 1.24
1746559460, 0, 0, 502, 502, 1, 6.95%, 0, 14, 2, 1.54
1746559465, 0, 0, 504, 504, 1, 6.95%, 0, 14, 2, 24.23
1746559471, 0, 0, 506, 506, 1, 6.95%, 0, 14, 2, 6.07
1746559483, 0, 0, 507, 507, 1, 6.95%, 0, 14, 2, 1.04
1746559493, 0, 0, 511, 511, 1, 6.96%, 0, 14, 2, 1.44
1746559498, 0, 0, 512, 512, 1, 6.96%, 0, 14, 2, 13.70
1746559503, 0, 0, 514, 514, 1, 6.96%, 0, 14, 2, 14.34
1746559508, 0, 0, 516, 516, 1, 6.96%, 0, 15, 2, 2.14
1746559513, 0, 0, 518, 518, 1, 6.96%, 0, 15, 2, 10.46
1746559518, 0, 0, 521, 521, 1, 6.96%, 0, 15, 2, 9.66
1746559524, 0, 0, 522, 522, 1, 6.96%, 0, 15, 2, 9.06
1746559529, 0, 0, 524, 524, 1, 6.96%, 0, 16, 2, 1.00
1746559535, 0, 0, 526, 526, 1, 6.96%, 0, 16, 2, 1.62
1746559540, 0, 0, 530, 530, 1, 6.96%, 0, 16, 2, 18.91
1746559546, 0, 0, 531, 531, 1, 6.96%, 0, 16, 2, 12.05
1746559551, 0, 0, 533, 533, 1, 6.96%, 0, 16, 2, 7.68
1746559556, 0, 0, 535, 535, 1, 6.96%, 0, 16, 2, 2.13
1746559561, 0, 0, 537, 537, 1, 6.96%, 0, 16, 2, 1.80
1746559566, 0, 0, 542, 542, 1, 6.96%, 0, 16, 2, 3.94
1746559571, 0, 0, 545, 545, 1, 6.96%, 0, 16, 2, 26.10
1746559577, 0, 0, 547, 547, 1, 6.96%, 0, 16, 2, 2.61
1746559582, 0, 0, 548, 548, 1, 6.96%, 0, 16, 2, 2.38
1746559593, 0, 0, 549, 549, 1, 6.96%, 0, 16, 2, 1.91
1746559598, 0, 0, 551, 551, 1, 6.96%, 0, 16, 2, 25.88
1746559603, 0, 0, 552, 552, 1, 6.96%, 0, 16, 2, 1.56
1746559608, 0, 0, 555, 555, 1, 6.96%, 0, 16, 2, 16.68
1746559614, 0, 0, 557, 557, 1, 6.96%, 0, 16, 2, 17.34
1746559619, 0, 0, 560, 560, 1, 6.96%, 0, 16, 2, 21.04
1746559624, 0, 0, 563, 563, 1, 6.96%, 0, 16, 2, 28.91
1746559629, 0, 0, 564, 564, 1, 6.96%, 0, 16, 2, 1.23
1746559635, 0, 0, 565, 565, 1, 6.96%, 0, 16, 2, 2.41
1746559640, 0, 0, 567, 567, 1, 6.96%, 0, 17, 2, 1.19
1746559650, 0, 0, 571, 571, 1, 6.96%, 0, 17, 2, 22.40
1746559661, 0, 0, 573, 573, 1, 6.96%, 0, 17, 2, 2.48
1746559672, 0, 0, 575, 575, 1, 6.96%, 0, 17, 2, 17.50
1746559682, 0, 0, 576, 576, 1, 6.96%, 0, 18, 2, 2.85
1746559687, 0, 0, 577, 577, 1, 6.96%, 0, 19, 2, 2.83
1746559698, 0, 0, 578, 578, 1, 6.96%, 0, 19, 2, 3.79
1746559703, 0, 0, 579, 579, 1, 6.96%, 0, 19, 2, 1.07
1746559713, 0, 0, 580, 580, 1, 6.96%, 0, 19, 2, 2.54
1746559719, 0, 0, 582, 582, 1, 6.96%, 0, 20, 2, 1.00
1746559730, 0, 0, 586, 586, 1, 6.96%, 0, 20, 2, 13.10
1746559735, 0, 0, 587, 587, 1, 6.96%, 0, 20, 2, 1.25
1746559741, 0, 0, 589, 589, 1, 6.96%, 0, 21, 2, 12.46
1746559751, 0, 0, 593, 593, 1, 6.96%, 0, 21, 2, 11.73
1746559756, 0, 0, 594, 594, 1, 6.96%, 0, 21, 2, 7.16
1746559761, 0, 0, 596, 596, 1, 6.96%, 0, 21, 2, 11.15
1746559767, 0, 0, 598, 598, 1, 6.96%, 0, 21, 2, 9.78
1746559772, 0, 0, 600, 600, 1, 6.96%, 0, 22, 2, 2.85
1746559783, 0, 0, 602, 602, 1, 6.96%, 0, 22, 2, 4.89
1746559788, 0, 0, 606, 606, 1, 6.96%, 0, 22, 2, 20.85
1746559793, 0, 0, 607, 607, 1, 6.96%, 0, 22, 2, 2.97
1746559798, 0, 0, 609, 609, 1, 6.96%, 0, 22, 2, 4.31
1746559804, 0, 0, 610, 610, 1, 6.96%, 0, 23, 2, 4.50
1746559809, 0, 0, 612, 612, 1, 6.96%, 0, 24, 2, 6.20
1746559814, 0, 0, 613, 613, 1, 6.96%, 0, 24, 2, 34.06
1746559819, 0, 0, 616, 616, 1, 6.96%, 0, 24, 2, 9.67
1746559824, 0, 0, 617, 617, 1, 6.96%, 0, 24, 2, 7.33
1746559834, 0, 0, 620, 620, 1, 6.96%, 0, 24, 2, 17.66
1746559839, 0, 0, 621, 621, 1, 6.96%, 0, 25, 2, 14.90
1746559844, 0, 0, 624, 624, 1, 6.96%, 0, 26, 2, 1.29
1746559855, 0, 0, 626, 626, 1, 6.96%, 0, 27, 2, 21.25
1746559861, 0, 0, 628, 628, 1, 6.96%, 0, 27, 2, 2.14
1746559872, 0, 0, 631, 631, 1, 6.96%, 0, 27, 2, 14.97
1746559882, 0, 0, 632, 632, 1, 6.96%, 0, 28, 2, 25.31
1746559887, 0, 0, 635, 635, 1, 6.96%, 0, 28, 2, 19.44
1746559893, 0, 0, 638, 638, 1, 6.96%, 0, 28, 2, 2.49
1746559898, 0, 0, 640, 640, 1, 6.96%, 0, 28, 2, 36.53
1746559903, 0, 0, 642, 642, 1, 6.96%, 0, 28, 2, 3.52
1746559908, 0, 0, 643, 643, 1, 6.96%, 0, 28, 2, 1.36
1746559913, 0, 0, 644, 644, 1, 6.96%, 0, 28, 2, 13.69
1746559918, 0, 0, 646, 646, 1, 6.96%, 0, 28, 2, 15.52
1746559924, 0, 0, 647, 647, 1, 6.96%, 0, 28, 2, 11.73
1746559929, 0, 0, 648, 648, 1, 6.96%, 0, 30, 2, 7.41
1746559935, 0, 0, 650, 650, 1, 6.96%, 0, 30, 2, 7.78
1746559940, 0, 0, 651, 651, 1, 6.96%, 0, 30, 2, 12.54
1746559945, 0, 0, 652, 652, 1, 6.96%, 0, 30, 2, 3.21
1746559950, 0, 0, 655, 655, 1, 6.96%, 0, 30, 2, 43.18
1746559955, 0, 0, 658, 658, 1, 6.96%, 0, 30, 2, 5.36
1746559960, 0, 0, 659, 659, 1, 6.96%, 0, 30, 2, 13.59
1746559965, 0, 0, 660, 660, 1, 6.96%, 0, 31, 2, 23.54
1746559976, 0, 0, 663, 663, 1, 6.96%, 0, 31, 2, 3.11
1746559981, 0, 0, 664, 664, 1, 6.96%, 0, 32, 2, 3.06
1746559986, 0, 0, 665, 665, 1, 6.96%, 0, 32, 2, 25.54
1746559996, 0, 0, 666, 666, 1, 6.96%, 0, 32, 2, 2.35
1746560002, 0, 0, 670, 670, 1, 6.96%, 0, 32, 2, 35.67
1746560007, 0, 0, 671, 671, 1, 6.96%, 0, 32, 2, 2.15
1746560012, 0, 0, 672, 672, 1, 6.96%, 0, 32, 2, 10.11
1746560017, 0, 0, 673, 673, 1, 6.96%, 0, 32, 2, 1.33
1746560023, 0, 0, 674, 674, 1, 6.96%, 0, 32, 2, 28.77
1746560028, 0, 0, 675, 675, 1, 6.96%, 0, 32, 2, 2.45
1746560033, 0, 0, 676, 676, 1, 6.96%, 0, 32, 2, 2.27
1746560044, 0, 0, 676, 676, 1, 6.96%, 0, 33, 2, 3.01
1746560049, 0, 0, 678, 678, 1, 6.96%, 0, 35, 2, 3.88
1746560055, 0, 0, 679, 679, 1, 6.96%, 0, 35, 2, 1.61
1746560060, 0, 0, 679, 679, 1, 6.96%, 0, 36, 2, 2.57
1746560065, 0, 0, 679, 679, 1, 6.96%, 0, 37, 2, 3.53
1746560071, 0, 0, 680, 680, 1, 6.96%, 0, 38, 2, 7.02
1746560077, 0, 0, 682, 682, 1, 6.96%, 0, 38, 2, 1.60
1746560082, 0, 0, 683, 683, 1, 6.96%, 0, 38, 2, 16.00
1746560088, 0, 0, 683, 683, 1, 6.96%, 0, 39, 2, 4.48
1746560093, 0, 0, 684, 684, 1, 6.96%, 0, 39, 2, 1.87
1746560099, 0, 0, 685, 685, 1, 6.96%, 0, 39, 2, 2.24
1746560104, 0, 0, 686, 686, 1, 6.96%, 0, 39, 2, 1.53
1746560114, 0, 0, 688, 688, 1, 6.96%, 0, 39, 2, 11.73
1746560120, 0, 0, 688, 688, 1, 6.96%, 0, 40, 2, 1.00
1746560131, 0, 0, 690, 690, 1, 6.96%, 0, 41, 2, 12.67
1746560142, 0, 0, 692, 692, 1, 7.01%, 0, 41, 2, 1.68
1746560147, 0, 0, 693, 693, 1, 7.01%, 0, 41, 2, 21.96
1746560152, 0, 0, 694, 694, 1, 7.01%, 0, 42, 2, 6.35
1746560162, 0, 0, 697, 697, 1, 7.01%, 0, 42, 2, 25.26
1746560168, 0, 0, 698, 698, 1, 7.01%, 0, 42, 2, 19.55
1746560173, 0, 0, 698, 698, 1, 7.01%, 0, 43, 2, 5.38
1746560178, 0, 0, 699, 699, 1, 7.01%, 0, 45, 2, 7.10
1746560184, 0, 0, 700, 700, 1, 7.01%, 0, 45, 2, 1.77
1746560189, 0, 0, 701, 701, 1, 7.01%, 0, 45, 2, 2.41
1746560194, 0, 0, 702, 702, 1, 7.01%, 0, 45, 2, 7.82
1746560199, 0, 0, 702, 702, 1, 7.01%, 0, 46, 2, 12.33
1746560204, 0, 0, 703, 703, 1, 7.01%, 0, 46, 2, 16.06
1746560210, 0, 0, 704, 704, 1, 7.01%, 0, 48, 2, 15.54
1746560220, 0, 0, 706, 706, 1, 7.04%, 0, 48, 2, 5.17
1746560226, 0, 0, 707, 707, 1, 7.04%, 0, 48, 2, 3.93
1746560231, 0, 0, 708, 708, 1, 7.04%, 0, 48, 2, 7.90
1746560236, 0, 0, 709, 709, 1, 7.04%, 0, 49, 2, 4.63
1746560241, 0, 0, 711, 711, 1, 7.04%, 0, 50, 2, 3.66
1746560247, 0, 0, 712, 712, 1, 7.04%, 0, 50, 2, 2.47
1746560253, 0, 0, 713, 713, 1, 7.04%, 0, 50, 2, 2.16
1746560264, 0, 0, 714, 714, 1, 7.04%, 0, 50, 2, 3.62
1746560269, 0, 0, 715, 715, 1, 7.04%, 0, 50, 2, 1.79
1746560274, 0, 0, 716, 716, 1, 7.04%, 0, 50, 2, 2.39
1746560285, 0, 0, 718, 718, 1, 7.04%, 0, 50, 2, 1.09
1746560302, 0, 0, 719, 719, 1, 7.04%, 0, 51, 2, 1.33
1746560317, 0, 0, 720, 720, 1, 7.04%, 0, 51, 2, 23.13
1746560322, 0, 0, 722, 722, 1, 7.04%, 0, 51, 2, 2.99
1746560328, 0, 0, 723, 723, 1, 7.04%, 0, 52, 2, 6.79
1746560333, 0, 0, 724, 724, 1, 7.04%, 0, 52, 2, 2.56
1746560339, 0, 0, 725, 725, 1, 7.04%, 0, 52, 2, 2.37
1746560349, 0, 0, 726, 726, 1, 7.04%, 0, 53, 2, 30.30
1746560354, 0, 17, 727, 726, 16, 7.04%, 0, 53, 3, 3.17
1746560365, 0, 17, 728, 727, 16, 7.04%, 0, 53, 3, 9.13
1746560370, 0, 17, 729, 728, 16, 7.04%, 0, 53, 3, 7.67
1746560375, 0, 17, 730, 729, 16, 7.04%, 0, 53, 3, 11.34
1746560380, 0, 17, 730, 729, 16, 7.04%, 0, 54, 3, 4.03
1746560391, 0, 17, 732, 731, 16, 7.04%, 0, 54, 3, 30.06
1746560401, 0, 17, 734, 733, 16, 7.04%, 0, 54, 3, 3.99
1746560406, 0, 17, 735, 734, 16, 7.04%, 0, 54, 3, 4.21
1746560423, 0, 17, 737, 736, 16, 7.04%, 0, 54, 3, 2.05
1746560428, 0, 17, 738, 737, 16, 7.04%, 0, 54, 3, 5.34
1746560439, 0, 17, 739, 738, 16, 7.04%, 0, 54, 3, 36.36
1746560445, 0, 17, 740, 739, 16, 7.04%, 0, 54, 3, 6.46
1746560455, 0, 17, 742, 741, 16, 7.04%, 0, 54, 3, 11.94
1746560460, 0, 17, 742, 741, 16, 7.04%, 0, 55, 3, 7.71
1746560466, 0, 17, 743, 742, 16, 7.04%, 0, 55, 3, 5.80
1746560471, 0, 17, 744, 743, 16, 7.04%, 0, 55, 3, 2.45
1746560482, 0, 17, 746, 745, 16, 7.04%, 0, 55, 3, 18.05
1746560487, 0, 17, 748, 747, 16, 7.04%, 0, 55, 3, 2.84
1746560493, 0, 17, 749, 748, 16, 7.04%, 0, 55, 3, 2.41
1746560498, 0, 17, 750, 749, 16, 7.04%, 0, 55, 3, 13.01
1746560503, 0, 17, 750, 749, 16, 7.04%, 0, 56, 3, 28.69
1746560509, 0, 17, 751, 750, 16, 7.04%, 0, 56, 3, 19.89
1746560514, 0, 17, 751, 750, 16, 7.04%, 0, 57, 3, 18.26
1746560519, 0, 17, 752, 751, 16, 7.04%, 0, 57, 3, 6.42
1746560524, 0, 17, 753, 752, 16, 7.04%, 0, 57, 3, 11.38
1746560535, 0, 17, 754, 753, 16, 7.04%, 0, 57, 3, 1.20
1746560546, 0, 17, 755, 754, 16, 7.04%, 0, 57, 3, 40.99
1746560551, 0, 17, 756, 755, 16, 7.04%, 0, 57, 3, 31.88
1746560556, 0, 17, 757, 756, 16, 7.04%, 0, 57, 3, 14.19
1746560561, 0, 17, 758, 757, 16, 7.04%, 0, 58, 3, 17.24
1746560577, 0, 17, 759, 758, 16, 7.04%, 0, 58, 3, 2.83
1746560582, 0, 17, 759, 758, 16, 7.04%, 0, 60, 3, 4.02
1746560588, 0, 17, 759, 758, 16, 7.04%, 0, 63, 3, 1.00
1746560604, 0, 17, 760, 759, 16, 7.04%, 0, 64, 3, 3.72
1746560610, 0, 17, 762, 761, 16, 7.04%, 0, 64, 3, 20.89
1746560615, 0, 17, 763, 762, 16, 7.04%, 0, 65, 3, 34.13
1746560620, 0, 17, 763, 762, 16, 7.04%, 0, 66, 3, 30.63
1746560626, 0, 17, 764, 763, 16, 7.04%, 0, 67, 3, 1.53
1746560636, 0, 17, 765, 764, 16, 7.04%, 0, 67, 3, 14.92
1746560641, 0, 17, 765, 764, 16, 7.04%, 0, 68, 3, 12.94
1746560657, 0, 17, 765, 764, 16, 7.04%, 0, 69, 3, 1.95
1746560668, 0, 17, 766, 765, 16, 7.04%, 0, 70, 3, 4.08
1746560673, 0, 17, 767, 766, 16, 7.04%, 0, 71, 3, 2.52
1746560678, 0, 17, 768, 767, 16, 7.04%, 0, 71, 3, 2.31
1746560683, 0, 17, 769, 768, 16, 7.04%, 0, 71, 3, 2.03
1746560693, 0, 17, 770, 769, 16, 7.04%, 0, 71, 3, 24.46
1746560720, 0, 17, 772, 771, 16, 7.04%, 0, 71, 3, 3.57
1746560730, 0, 17, 773, 772, 16, 7.04%, 0, 71, 3, 2.50
1746560746, 0, 17, 773, 772, 16, 7.04%, 0, 72, 3, 3.00
1746560757, 0, 17, 773, 772, 16, 7.04%, 0, 73, 3, 12.79
1746560762, 0, 17, 774, 773, 16, 7.04%, 0, 73, 3, 2.36
1746560768, 0, 17, 774, 773, 16, 7.04%, 0, 75, 3, 3.20
1746560773, 0, 17, 775, 774, 16, 7.04%, 0, 75, 3, 23.13
1746560783, 0, 17, 776, 775, 16, 7.05%, 0, 75, 3, 17.17
1746560799, 0, 17, 776, 775, 16, 7.05%, 0, 76, 3, 3.71
1746560804, 0, 17, 777, 776, 16, 7.05%, 0, 76, 3, 4.97
1746560810, 0, 17, 778, 777, 16, 7.05%, 0, 76, 3, 4.27
1746560815, 0, 17, 778, 777, 16, 7.05%, 0, 77, 3, 31.96
1746560841, 0, 79, 779, 777, 14, 7.05%, 0, 77, 3, 7.85
1746560853, 0, 79, 779, 777, 14, 7.05%, 0, 78, 3, 2.55
1746560858, 0, 79, 779, 777, 14, 7.05%, 0, 79, 3, 8.46
1746560868, 0, 79, 779, 777, 14, 7.05%, 0, 80, 3, 38.37
1746560873, 0, 79, 779, 777, 14, 7.05%, 0, 81, 3, 23.91
1746560878, 0, 79, 780, 778, 14, 7.05%, 0, 82, 3, 32.87
1746560883, 0, 79, 781, 779, 14, 7.05%, 0, 82, 3, 27.52
1746560889, 0, 79, 782, 780, 14, 7.05%, 0, 82, 3, 1.93
1746560899, 0, 79, 782, 780, 14, 7.05%, 0, 83, 3, 12.67
1746560904, 0, 79, 783, 781, 14, 7.05%, 0, 83, 3, 18.22
1746560910, 0, 79, 783, 781, 14, 7.05%, 0, 84, 3, 1.00
1746560915, 0, 79, 783, 781, 14, 7.05%, 0, 85, 3, 34.02
1746560926, 0, 79, 783, 781, 14, 7.05%, 0, 87, 3, 9.32
1746560936, 0, 79, 784, 782, 14, 7.05%, 0, 87, 3, 17.09
1746560957, 0, 79, 784, 782, 14, 7.05%, 0, 88, 3, 1.00
1746560967, 0, 79, 784, 782, 14, 7.05%, 0, 89, 3, 5.23
1746560978, 0, 79, 785, 783, 14, 7.05%, 0, 89, 3, 4.07
1746560989, 0, 79, 785, 783, 14, 7.05%, 0, 90, 3, 15.61
1746560999, 0, 79, 786, 784, 14, 7.05%, 0, 91, 3, 4.36
1746561010, 0, 79, 787, 785, 14, 7.05%, 0, 92, 3, 2.35
1746561020, 0, 79, 788, 786, 14, 7.05%, 0, 92, 3, 23.49
1746561025, 0, 79, 788, 786, 14, 7.05%, 0, 93, 3, 27.24
1746561041, 0, 79, 788, 786, 14, 7.05%, 0, 94, 3, 8.79
1746561056, 0, 79, 788, 786, 14, 7.05%, 0, 95, 3, 19.38
1746561077, 0, 79, 788, 786, 14, 7.05%, 0, 97, 3, 7.67
1746561083, 0, 79, 788, 786, 14, 7.05%, 0, 99, 3, 12.71
1746561093, 0, 79, 788, 786, 14, 7.05%, 0, 100, 3, 6.71
1746561099, 0, 79, 789, 787, 14, 7.05%, 0, 100, 3, 8.15
1746561109, 0, 79, 790, 788, 14, 7.05%, 0, 100, 3, 1.65
1746561130, 0, 79, 790, 788, 14, 7.05%, 0, 101, 3, 18.35
1746561135, 0, 79, 790, 788, 14, 7.05%, 0, 102, 3, 13.41
1746561168, 0, 79, 791, 789, 14, 7.05%, 0, 102, 3, 3.38
1746561173, 0, 79, 792, 790, 14, 7.05%, 0, 103, 3, 6.14
1746561183, 0, 79, 792, 790, 14, 7.05%, 0, 105, 3, 30.97
1746561189, 0, 79, 792, 790, 14, 7.05%, 0, 107, 3, 1.00
1746561194, 0, 79, 794, 792, 14, 7.05%, 0, 108, 3, 14.71
1746561200, 0, 79, 794, 792, 14, 7.05%, 0, 110, 3, 14.69
1746561205, 0, 79, 794, 792, 14, 7.05%, 0, 111, 3, 35.55
1746561211, 0, 79, 795, 793, 14, 7.05%, 0, 111, 3, 4.26
1746561216, 0, 79, 796, 794, 14, 7.05%, 0, 111, 3, 4.92
1746561221, 0, 79, 797, 795, 14, 7.05%, 0, 111, 3, 4.63
1746561227, 0, 79, 797, 795, 14, 7.05%, 0, 112, 3, 9.14
1746561233, 0, 79, 797, 795, 14, 7.05%, 0, 113, 3, 13.99
1746561244, 0, 79, 797, 795, 14, 7.05%, 0, 114, 3, 2.35
1746561249, 0, 116, 797, 794, 13, 7.05%, 0, 114, 3, 2.60
1746561261, 0, 116, 797, 794, 13, 7.05%, 0, 116, 3, 1.76
1746561267, 0, 116, 798, 795, 13, 7.05%, 0, 116, 3, 1.53
1746561278, 0, 116, 799, 796, 13, 7.05%, 0, 117, 3, 1.34
1746561294, 0, 116, 799, 796, 13, 7.05%, 0, 119, 3, 1.20
1746561300, 0, 116, 799, 796, 13, 7.05%, 0, 120, 3, 1.19
1746561306, 0, 116, 800, 797, 13, 7.05%, 0, 121, 3, 1.45
1746561312, 0, 116, 800, 797, 13, 7.05%, 0, 125, 3, 1.41
1746561317, 0, 116, 800, 797, 13, 7.05%, 0, 126, 3, 1.32
1746561323, 0, 116, 800, 797, 13, 7.05%, 0, 128, 3, 1.33
1746561333, 0, 116, 800, 797, 13, 7.05%, 0, 129, 3, 1.27
1746561338, 0, 116, 800, 797, 13, 7.05%, 0, 132, 3, 1.20
1746561344, 0, 116, 800, 797, 13, 7.05%, 0, 134, 3, 1.18
1746561349, 0, 116, 800, 797, 13, 7.05%, 0, 135, 3, 1.30
1746561354, 0, 116, 800, 797, 13, 7.05%, 0, 138, 3, 1.30
1746561365, 0, 116, 800, 797, 13, 7.05%, 0, 139, 3, 1.36
1746561370, 0, 116, 800, 797, 13, 7.05%, 0, 140, 3, 1.46
1746561376, 0, 116, 800, 797, 13, 7.05%, 0, 141, 3, 1.52
1746561381, 0, 116, 800, 797, 13, 7.05%, 0, 142, 3, 1.50
1746561387, 0, 116, 800, 797, 13, 7.05%, 0, 145, 3, 1.49
1746561398, 0, 116, 800, 797, 13, 7.05%, 0, 147, 3, 1.49
1746561403, 0, 116, 800, 797, 13, 7.05%, 0, 148, 3, 1.53
1746561408, 0, 116, 800, 797, 13, 7.05%, 0, 150, 3, 1.50
1746561413, 0, 116, 800, 797, 13, 7.05%, 0, 151, 3, 1.42
1746561419, 0, 116, 800, 797, 13, 7.05%, 0, 152, 3, 1.40
1746561424, 0, 116, 800, 797, 13, 7.05%, 0, 153, 3, 1.38
1746561430, 0, 116, 800, 797, 13, 7.05%, 0, 156, 3, 1.29
1746561435, 0, 116, 800, 797, 13, 7.05%, 0, 157, 3, 1.21
1746561440, 0, 116, 800, 797, 13, 7.05%, 0, 162, 3, 1.15
1746561445, 0, 116, 800, 797, 13, 7.05%, 0, 165, 3, 1.11
1746561455, 0, 116, 800, 797, 13, 7.05%, 0, 170, 3, 1.05
1746561460, 0, 116, 800, 797, 13, 7.05%, 0, 172, 3, 1.04
1746561470, 0, 116, 800, 797, 13, 7.05%, 0, 175, 3, 1.02
1746561475, 0, 116, 800, 797, 13, 7.05%, 0, 176, 3, 1.01
1746561480, 0, 116, 800, 797, 13, 7.05%, 0, 178, 3, 1.01
1746561485, 0, 116, 800, 797, 13, 7.05%, 0, 179, 3, 1.00
1746561490, 0, 116, 800, 797, 13, 7.05%, 0, 181, 3, 1.00
1746561495, 0, 116, 800, 797, 13, 7.05%, 0, 183, 3, 1.00
1746561500, 0, 116, 800, 797, 13, 7.05%, 0, 186, 3, 1.00
1746561505, 0, 116, 800, 797, 13, 7.05%, 0, 187, 3, 1.00
1746561510, 0, 116, 800, 797, 13, 7.05%, 0, 188, 3, 1.00
1746561515, 0, 116, 800, 797, 13, 7.05%, 0, 190, 3, 1.00
1746561520, 0, 116, 800, 797, 13, 7.05%, 0, 191, 3, 1.00
1746561525, 0, 116, 800, 797, 13, 7.05%, 0, 193, 3, 1.00
1746561530, 0, 116, 800, 797, 13, 7.05%, 0, 195, 3, 1.00
1746561535, 0, 116, 800, 797, 13, 7.05%, 0, 198, 3, 1.00
1746561540, 0, 116, 800, 797, 13, 7.05%, 0, 199, 3, 1.00
1746561545, 0, 116, 800, 797, 13, 7.05%, 0, 202, 3, 1.00
1746561550, 0, 116, 800, 797, 13, 7.05%, 0, 203, 3, 1.00
1746561555, 0, 116, 800, 797, 13, 7.05%, 0, 205, 3, 1.00
1746561560, 0, 116, 800, 797, 13, 7.05%, 0, 206, 3, 1.00
1746561576, 0, 116, 800, 797, 13, 7.05%, 0, 207, 3, 1.00
1746561581, 0, 116, 800, 797, 13, 7.05%, 0, 208, 3, 1.00
1746561586, 0, 116, 800, 797, 13, 7.05%, 0, 211, 3, 1.00
1746561596, 0, 116, 800, 797, 13, 7.05%, 0, 212, 3, 1.00
1746561601, 0, 116, 800, 797, 13, 7.05%, 0, 214, 3, 1.00
1746561606, 0, 116, 800, 797, 13, 7.05%, 0, 215, 3, 1.00
1746561611, 0, 116, 800, 797, 13, 7.05%, 0, 217, 3, 1.00
1746561621, 0, 116, 800, 797, 13, 7.05%, 0, 219, 3, 1.00
1746561627, 0, 116, 800, 797, 13, 7.05%, 0, 220, 3, 1.00
1746561633, 0, 116, 801, 798, 13, 7.05%, 0, 220, 3, 1.02
1746561655, 0, 116, 801, 798, 13, 7.05%, 0, 221, 3, 1.21
1746561660, 0, 116, 801, 798, 13, 7.05%, 0, 224, 3, 1.15
1746561670, 0, 116, 801, 798, 13, 7.05%, 0, 225, 3, 1.24
1746561676, 0, 116, 801, 798, 13, 7.05%, 0, 226, 3, 1.21
1746561682, 0, 116, 801, 798, 13, 7.05%, 0, 228, 3, 1.25
1746561688, 0, 116, 801, 798, 13, 7.05%, 0, 231, 3, 1.17
1746561693, 0, 116, 801, 798, 13, 7.05%, 0, 234, 3, 1.22
1746561704, 0, 116, 801, 798, 13, 7.05%, 0, 237, 3, 1.20
1746561709, 0, 116, 801, 798, 13, 7.05%, 0, 238, 3, 1.22
1746561715, 0, 116, 801, 798, 13, 7.05%, 0, 239, 3, 1.19
1746561720, 0, 116, 801, 798, 13, 7.05%, 0, 240, 3, 1.22
1746561725, 0, 116, 801, 798, 13, 7.05%, 0, 241, 3, 1.25
1746561730, 0, 116, 801, 798, 13, 7.05%, 0, 242, 3, 1.33
1746561741, 0, 116, 801, 798, 13, 7.05%, 0, 244, 3, 1.34
1746561746, 0, 116, 801, 798, 13, 7.05%, 0, 245, 3, 1.37
1746561752, 0, 116, 801, 798, 13, 7.05%, 0, 246, 3, 1.40
1746561789, 0, 116, 801, 798, 13, 7.05%, 0, 247, 3, 1.27
1746561794, 0, 116, 801, 798, 13, 7.05%, 0, 248, 3, 1.19
1746561805, 0, 116, 801, 798, 13, 7.05%, 0, 250, 3, 1.14
1746561815, 0, 116, 801, 798, 13, 7.05%, 0, 251, 3, 1.10
1746561835, 0, 116, 801, 798, 13, 7.05%, 0, 252, 3, 1.02
1746561851, 0, 116, 801, 798, 13, 7.05%, 0, 253, 3, 1.01
1746561866, 0, 116, 801, 798, 13, 7.05%, 0, 254, 3, 1.00
1746561871, 0, 116, 801, 798, 13, 7.05%, 0, 255, 3, 1.00
1746561886, 0, 116, 801, 798, 13, 7.05%, 0, 256, 3, 1.00
1746561911, 0, 116, 801, 798, 13, 7.05%, 0, 257, 3, 1.00
1746561917, 0, 116, 801, 798, 13, 7.05%, 0, 260, 3, 1.00
1746561927, 0, 116, 801, 798, 13, 7.05%, 0, 261, 3, 1.00
1746561938, 0, 116, 801, 798, 13, 7.05%, 0, 262, 3, 1.00
1746561943, 0, 116, 801, 798, 13, 7.05%, 0, 263, 3, 1.00
1746561948, 0, 116, 801, 798, 13, 7.05%, 0, 264, 3, 1.00
1746561976, 0, 116, 801, 798, 13, 7.05%, 0, 265, 3, 1.00
1746561993, 0, 116, 801, 798, 13, 7.05%, 0, 266, 3, 1.05
1746562004, 0, 116, 801, 798, 13, 7.05%, 0, 267, 3, 1.05
1746562015, 0, 116, 801, 798, 13, 7.05%, 0, 268, 3, 1.15
1746562021, 0, 116, 802, 799, 13, 7.05%, 0, 268, 3, 1.10
1746562032, 0, 116, 803, 800, 13, 7.05%, 0, 268, 3, 1.05
1746562043, 0, 116, 803, 800, 13, 7.05%, 0, 269, 3, 1.06
1746562066, 0, 116, 804, 801, 13, 7.05%, 0, 269, 3, 1.23
1746562078, 0, 116, 805, 802, 13, 7.05%, 0, 269, 3, 1.14
1746562100, 0, 116, 805, 802, 13, 7.05%, 0, 270, 3, 1.05
1746562111, 0, 116, 805, 802, 13, 7.05%, 0, 271, 3, 1.11
1746562127, 0, 116, 805, 802, 13, 7.05%, 0, 272, 3, 1.28
1746562164, 0, 116, 805, 802, 13, 7.05%, 0, 273, 3, 1.34
1746562181, 0, 116, 805, 802, 13, 7.05%, 0, 274, 3, 1.25
1746562186, 0, 116, 805, 802, 13, 7.05%, 0, 277, 3, 1.18
1746562197, 0, 116, 805, 802, 13, 7.05%, 0, 278, 3, 1.17
1746562257, 0, 116, 805, 802, 13, 7.05%, 0, 279, 3, 1.00
1746562293, 0, 116, 805, 802, 13, 7.05%, 0, 280, 3, 1.00
1746562318, 0, 116, 805, 802, 13, 7.05%, 0, 281, 3, 1.00
1746562323, 0, 116, 805, 802, 13, 7.05%, 0, 282, 3, 1.00
1746562360, 0, 116, 805, 802, 13, 7.05%, 0, 283, 3, 1.00
1746562370, 0, 116, 805, 802, 13, 7.05%, 0, 284, 3, 1.06
1746562443, 0, 116, 805, 802, 13, 7.05%, 0, 285, 3, 1.14
1746562472, 0, 116, 806, 803, 13, 7.05%, 0, 285, 3, 1.16
1746562511, 0, 116, 806, 803, 13, 7.05%, 0, 286, 3, 1.05
1746562516, 0, 116, 807, 804, 13, 7.05%, 0, 286, 3, 1.05
1746562540, 0, 116, 807, 804, 13, 7.05%, 0, 287, 3, 1.03
1746562552, 0, 116, 807, 804, 13, 7.05%, 0, 288, 3, 1.10
1746562575, 0, 116, 807, 804, 13, 7.05%, 0, 289, 3, 1.09
1746562580, 0, 116, 807, 804, 13, 7.05%, 0, 290, 3, 1.07
1746562592, 0, 116, 807, 804, 13, 7.05%, 0, 291, 3, 1.05
1746562615, 0, 116, 807, 804, 13, 7.05%, 0, 292, 3, 1.13
1746562670, 0, 116, 807, 804, 13, 7.05%, 0, 293, 3, 1.15
1746562727, 0, 116, 807, 804, 13, 7.05%, 0, 294, 3, 1.11
1746562755, 0, 116, 808, 805, 13, 7.05%, 0, 294, 3, 1.48
1746562802, 0, 116, 808, 805, 13, 7.05%, 0, 295, 3, 1.37
1746562828, 0, 116, 808, 805, 13, 7.05%, 0, 296, 3, 1.25
1746562849, 0, 116, 808, 805, 13, 7.05%, 0, 297, 3, 1.29
1746562865, 0, 116, 808, 805, 13, 7.05%, 0, 298, 3, 1.24
1746562897, 0, 116, 808, 805, 13, 7.05%, 0, 299, 3, 1.45
1746562903, 0, 116, 808, 805, 13, 7.05%, 0, 300, 3, 1.36
1746562919, 0, 116, 808, 805, 13, 7.05%, 0, 301, 3, 1.61
1746562946, 0, 116, 808, 805, 13, 7.05%, 0, 302, 3, 1.47
1746562961, 0, 116, 808, 805, 13, 7.05%, 0, 303, 3, 1.35
1746563101, 0, 116, 808, 805, 13, 7.05%, 0, 304, 3, 1.44
1746563273, 0, 116, 808, 805, 13, 7.05%, 0, 305, 3, 1.73
1746563472, 0, 116, 808, 805, 13, 7.05%, 0, 306, 3, 1.35
1746563487, 0, 116, 808, 805, 13, 7.05%, 0, 307, 3, 1.17
1746563543, 0, 116, 808, 805, 13, 7.05%, 0, 308, 3, 1.12
1746563563, 0, 116, 808, 805, 13, 7.05%, 0, 309, 3, 1.03
1746563568, 0, 116, 808, 805, 13, 7.05%, 0, 310, 3, 1.02
1746563573, 0, 116, 808, 805, 13, 7.05%, 0, 311, 3, 1.01
1746563584, 0, 116, 808, 805, 13, 7.05%, 0, 312, 3, 1.05
1746563767, 0, 116, 808, 805, 13, 7.05%, 0, 313, 3, 1.00
1746564058, 0, 116, 808, 805, 13, 7.05%, 0, 314, 3, 1.00
1746564174, 0, 116, 808, 805, 13, 7.05%, 0, 315, 3, 0.99
1746564525, 0, 116, 808, 805, 13, 7.05%, 0, 316, 3, 1.00
1746566074, 0, 116, 808, 805, 13, 7.05%, 0, 317, 3, 1.00
1746566116, 0, 116, 808, 805, 13, 7.05%, 0, 318, 3, 1.01
1746566145, 0, 116, 808, 805, 13, 7.05%, 0, 319, 3, 1.03
1746566219, 0, 116, 808, 805, 13, 7.05%, 0, 320, 3, 1.03
1746566459, 0, 116, 809, 806, 13, 7.05%, 0, 320, 3, 1.31
1746566528, 0, 116, 810, 807, 13, 7.05%, 0, 320, 3, 1.23
1746567158, 0, 116, 810, 807, 13, 7.05%, 0, 321, 3, 1.09
1746567173, 0, 116, 810, 807, 13, 7.05%, 0, 322, 3, 1.03
1746567466, 0, 116, 810, 807, 13, 7.05%, 0, 323, 3, 1.02
1746567831, 0, 116, 811, 808, 13, 7.05%, 0, 323, 3, 1.09
1746568361, 0, 116, 811, 808, 13, 7.05%, 0, 324, 3, 1.14
1746568444, 0, 116, 811, 808, 13, 7.05%, 0, 325, 3, 1.22
1746569348, 0, 135, 811, 807, 12, 7.05%, 0, 325, 3, 31.16
1746569369, 0, 135, 812, 808, 12, 7.05%, 0, 325, 3, 11.06
1746569374, 0, 135, 813, 809, 12, 7.06%, 0, 325, 3, 11.83
1746569395, 0, 135, 814, 810, 12, 7.06%, 0, 325, 3, 14.50
1746569447, 0, 135, 815, 811, 12, 7.06%, 0, 325, 3, 3.30
1746569488, 0, 135, 816, 812, 12, 7.06%, 0, 325, 3, 31.97
1746569499, 0, 135, 817, 813, 12, 7.06%, 0, 325, 3, 3.33
1746569526, 0, 135, 818, 814, 12, 7.06%, 0, 325, 3, 4.40
1746569631, 0, 135, 819, 815, 12, 7.06%, 0, 325, 3, 2.59
1746569662, 0, 135, 819, 815, 12, 7.06%, 0, 326, 3, 6.15
1746569721, 0, 135, 819, 815, 12, 7.06%, 0, 327, 3, 12.62
1746569768, 0, 135, 820, 816, 12, 7.06%, 0, 327, 3, 2.08
1746569773, 0, 217, 820, 815, 15, 7.06%, 0, 327, 3, 22.52
1746569822, 0, 217, 821, 816, 15, 7.06%, 0, 327, 3, 3.10
1746569869, 0, 217, 822, 817, 15, 7.06%, 0, 327, 3, 5.01
1746569896, 0, 217, 823, 818, 15, 7.06%, 0, 327, 3, 18.82
1746569918, 0, 217, 824, 819, 15, 7.06%, 0, 327, 3, 1.18
1746569950, 0, 217, 825, 820, 15, 7.06%, 0, 327, 3, 1.18
1746569955, 0, 217, 826, 821, 15, 7.06%, 0, 327, 3, 9.21
1746569991, 0, 217, 827, 822, 15, 7.06%, 0, 327, 3, 8.71
1746570032, 0, 217, 827, 822, 15, 7.06%, 0, 328, 3, 2.93
1746570053, 0, 217, 828, 823, 15, 7.06%, 0, 328, 3, 2.40
1746570147, 0, 217, 829, 824, 15, 7.06%, 0, 328, 3, 17.99
1746570189, 0, 217, 830, 825, 15, 7.06%, 0, 328, 3, 20.42
1746570205, 0, 217, 831, 826, 15, 7.06%, 0, 328, 3, 3.49
1746570262, 0, 217, 832, 827, 15, 7.06%, 0, 328, 3, 14.25
1746570267, 0, 276, 832, 826, 15, 7.06%, 0, 328, 3, 14.83
1746570324, 0, 307, 832, 825, 15, 7.06%, 0, 328, 3, 4.16
1746570734, 0, 307, 833, 826, 15, 7.06%, 0, 328, 3, 5.47
1746571965, 0, 309, 833, 825, 15, 7.06%, 0, 328, 3, 21.10
1746572024, 0, 326, 833, 824, 15, 7.06%, 0, 328, 3, 21.81
1746572029, 0, 326, 834, 825, 15, 7.06%, 0, 328, 3, 13.55
1746572159, 0, 334, 834, 824, 15, 7.06%, 0, 328, 3, 9.52
1746572393, 0, 441, 834, 823, 15, 7.06%, 0, 328, 3, 9.45
1746572403, 0, 441, 835, 824, 15, 7.06%, 0, 328, 3, 10.48
1746572584, 0, 441, 836, 825, 15, 7.06%, 0, 328, 3, 1.42
1746572652, 0, 476, 836, 824, 14, 7.06%, 0, 328, 3, 21.75
1746572719, 0, 577, 837, 824, 14, 7.06%, 0, 328, 3, 6.76
1746572750, 0, 577, 838, 825, 14, 7.06%, 0, 328, 3, 3.59
1746572781, 0, 577, 839, 826, 14, 7.06%, 0, 328, 3, 3.52
1746572833, 0, 577, 840, 827, 14, 7.06%, 0, 328, 3, 3.48
1746572848, 0, 577, 841, 828, 14, 7.06%, 0, 328, 3, 3.53
1746572921, 0, 577, 842, 829, 14, 7.06%, 0, 328, 3, 3.59
1746573967, 0, 577, 843, 830, 14, 7.06%, 0, 328, 3, 3.69
1746574049, 0, 577, 844, 831, 14, 7.06%, 0, 328, 3, 4.26
1746574219, 0, 577, 845, 832, 14, 7.06%, 0, 328, 3, 3.51
1746574359, 0, 577, 846, 833, 14, 7.06%, 0, 328, 3, 3.24
1746574379, 0, 577, 847, 834, 14, 7.06%, 0, 328, 3, 4.61
1746574400, 0, 577, 848, 835, 14, 7.06%, 0, 328, 3, 3.71
1746574410, 0, 577, 849, 836, 14, 7.06%, 0, 328, 3, 5.52
1746574437, 0, 577, 849, 836, 14, 7.06%, 0, 329, 3, 4.48
1746574463, 0, 577, 850, 837, 14, 7.06%, 0, 329, 3, 3.43
1746574485, 0, 577, 851, 838, 14, 7.06%, 0, 329, 3, 4.55
1746574495, 0, 577, 852, 839, 14, 7.06%, 0, 329, 3, 3.62
1746574500, 0, 577, 853, 840, 14, 7.06%, 0, 329, 3, 3.43
1746574585, 0, 577, 854, 841, 14, 7.06%, 0, 329, 3, 4.43
1746574596, 0, 577, 855, 842, 14, 7.06%, 0, 329, 3, 4.11
1746574622, 0, 577, 856, 843, 14, 7.06%, 0, 329, 3, 4.52
1746574633, 0, 577, 856, 843, 14, 7.06%, 0, 330, 3, 4.45
1746574670, 0, 577, 857, 844, 14, 7.06%, 0, 330, 3, 4.51
1746574696, 0, 577, 858, 845, 14, 7.06%, 0, 330, 3, 4.21
1746574707, 0, 577, 859, 846, 14, 7.06%, 0, 330, 3, 4.84
1746574717, 0, 577, 860, 847, 14, 7.06%, 0, 330, 3, 3.83
1746574775, 0, 577, 861, 848, 14, 7.06%, 0, 330, 3, 4.10
1746574817, 0, 577, 862, 849, 14, 7.06%, 0, 330, 3, 4.07
1746574822, 0, 577, 863, 850, 14, 7.06%, 0, 330, 3, 3.77
1746574870, 0, 577, 864, 851, 14, 7.06%, 0, 330, 3, 4.48
1746574891, 0, 577, 865, 852, 14, 7.06%, 0, 330, 3, 5.40
1746574896, 0, 577, 866, 853, 14, 7.06%, 0, 330, 3, 3.85
1746574944, 0, 577, 867, 854, 14, 7.06%, 0, 330, 3, 5.16
1746575001, 0, 577, 868, 855, 14, 7.06%, 0, 330, 3, 4.34
1746575017, 0, 577, 869, 856, 14, 7.06%, 0, 330, 3, 1.32
1746575101, 0, 577, 870, 857, 14, 7.06%, 0, 330, 3, 4.14
1746575143, 0, 577, 871, 858, 14, 7.06%, 0, 330, 3, 5.25
1746575154, 0, 577, 872, 859, 14, 7.06%, 0, 330, 3, 4.86
1746575211, 0, 577, 873, 860, 14, 7.06%, 0, 330, 3, 2.73
1746575247, 0, 577, 874, 861, 14, 7.06%, 0, 330, 3, 4.15
1746575258, 0, 577, 875, 862, 14, 7.06%, 0, 330, 3, 4.37
1746575309, 0, 577, 876, 863, 14, 7.06%, 0, 330, 3, 4.62
1746575340, 0, 577, 877, 864, 14, 7.06%, 0, 330, 3, 3.67
1746575388, 0, 577, 878, 865, 14, 7.06%, 0, 330, 3, 5.06
1746575414, 0, 577, 879, 866, 14, 7.06%, 0, 330, 3, 3.44
1746575424, 0, 577, 880, 867, 14, 7.06%, 0, 330, 3, 4.42
1746575450, 0, 577, 881, 868, 14, 7.06%, 0, 330, 3, 5.62
1746575593, 0, 577, 882, 869, 14, 7.06%, 0, 330, 3, 2.07
1746575604, 0, 577, 883, 870, 14, 7.06%, 0, 330, 3, 3.83
1746575625, 0, 577, 884, 871, 14, 7.07%, 0, 330, 3, 1.00
1746575671, 0, 577, 885, 872, 14, 7.07%, 0, 330, 3, 3.68
1746575712, 0, 577, 886, 873, 14, 7.07%, 0, 330, 3, 5.26
1746575818, 0, 577, 887, 874, 14, 7.07%, 0, 330, 3, 4.35
1746575954, 0, 577, 888, 875, 14, 7.07%, 0, 330, 3, 4.09
1746575990, 0, 577, 889, 876, 14, 7.07%, 0, 330, 3, 3.56
1746575995, 0, 577, 890, 877, 14, 7.07%, 0, 330, 3, 3.40
1746576006, 0, 577, 891, 878, 14, 7.07%, 0, 330, 3, 4.79
1746576026, 0, 577, 892, 879, 14, 7.07%, 0, 330, 3, 3.88
1746576037, 0, 577, 892, 879, 14, 7.07%, 0, 331, 3, 4.55
1746576042, 0, 621, 892, 878, 14, 7.07%, 0, 331, 3, 7.57
1746576110, 0, 629, 892, 877, 13, 7.07%, 0, 331, 3, 12.26
1746576151, 0, 629, 895, 880, 13, 7.07%, 0, 331, 3, 9.70
1746576454, 0, 629, 896, 881, 13, 7.07%, 0, 331, 3, 9.37
1746576531, 0, 629, 897, 882, 13, 7.07%, 0, 331, 3, 8.51
1746576541, 0, 629, 898, 883, 13, 7.07%, 0, 331, 3, 9.28
1746576642, 0, 639, 898, 882, 12, 7.07%, 0, 331, 3, 7.30
1746576812, 0, 640, 898, 881, 12, 7.07%, 0, 331, 3, 12.84
1746577119, 0, 640, 899, 882, 12, 7.07%, 0, 331, 3, 12.03
1746577156, 0, 640, 900, 883, 12, 7.07%, 0, 331, 3, 8.66
1746577187, 0, 640, 901, 884, 12, 7.07%, 0, 331, 3, 6.17
1746577229, 0, 640, 902, 885, 12, 7.07%, 0, 331, 3, 8.09
1746577270, 0, 640, 903, 886, 12, 7.07%, 0, 331, 3, 4.98
1746577375, 0, 640, 904, 887, 12, 7.07%, 0, 331, 3, 7.57
1746577433, 0, 640, 905, 888, 12, 7.07%, 0, 331, 3, 10.55
1746577459, 0, 640, 906, 889, 12, 7.07%, 0, 331, 3, 1.00
1746577501, 0, 640, 907, 890, 12, 7.07%, 0, 331, 3, 5.56
1746577570, 0, 640, 908, 891, 12, 7.07%, 0, 331, 3, 6.56
1746577762, 0, 640, 909, 892, 12, 7.07%, 0, 331, 3, 6.29
1746577783, 0, 640, 910, 893, 12, 7.07%, 0, 331, 3, 6.08
1746577831, 0, 640, 911, 894, 12, 7.07%, 0, 331, 3, 5.11
1746577847, 0, 640, 912, 895, 12, 7.07%, 0, 331, 3, 5.49
1746577915, 0, 657, 912, 894, 12, 7.07%, 0, 331, 3, 7.62
1746578049, 0, 657, 912, 894, 12, 7.07%, 0, 333, 3, 7.83
1746578075, 0, 674, 912, 893, 11, 7.07%, 0, 333, 3, 2.98
1746586742, 0, 674, 913, 894, 11, 7.07%, 0, 333, 3, 1.48
1746586984, 0, 756, 913, 893, 11, 7.07%, 0, 333, 3, 10.37
1746587040, 0, 756, 914, 894, 11, 7.07%, 0, 333, 4, 8.48
1746587430, 0, 756, 915, 895, 11, 7.07%, 0, 333, 4, 8.29
1746587441, 0, 756, 916, 896, 11, 7.07%, 0, 333, 4, 7.81
1746587589, 0, 756, 918, 898, 11, 7.07%, 0, 333, 4, 7.75
1746587643, 0, 756, 919, 899, 11, 7.07%, 0, 333, 4, 5.29
1746587675, 0, 756, 920, 900, 11, 7.07%, 0, 333, 4, 1.01
1746587727, 0, 756, 922, 902, 11, 7.07%, 0, 333, 4, 6.07
1746587743, 0, 756, 923, 903, 11, 7.07%, 0, 333, 4, 6.52
1746587748, 0, 756, 924, 904, 11, 7.07%, 0, 333, 4, 1.47
1746587770, 0, 756, 925, 905, 11, 7.07%, 0, 333, 4, 4.64
1746587785, 0, 756, 926, 906, 11, 7.07%, 0, 333, 4, 7.08
1746587800, 0, 756, 927, 907, 11, 7.07%, 0, 333, 4, 9.79
1746587848, 0, 756, 928, 908, 11, 7.07%, 0, 333, 4, 9.63
1746587907, 0, 756, 929, 909, 11, 7.07%, 0, 333, 4, 6.87
1746587934, 0, 756, 929, 909, 11, 7.07%, 0, 334, 4, 8.44
1746587960, 0, 756, 930, 910, 11, 7.07%, 0, 334, 4, 3.00
1746587976, 0, 756, 930, 910, 11, 7.07%, 0, 335, 4, 1.00
1746588034, 0, 756, 931, 911, 11, 7.07%, 0, 335, 4, 6.36
1746588233, 0, 756, 932, 912, 11, 7.07%, 0, 335, 4, 5.01
1746588306, 0, 756, 933, 913, 11, 7.07%, 0, 335, 4, 5.89
1746588321, 0, 756, 934, 914, 11, 7.07%, 0, 335, 4, 5.93
1746588358, 0, 756, 935, 915, 11, 7.07%, 0, 335, 4, 2.10
1746588368, 0, 756, 935, 915, 11, 7.07%, 0, 336, 4, 5.82
1746588431, 0, 756, 936, 916, 11, 7.07%, 0, 336, 4, 10.00
1746588463, 0, 806, 936, 915, 13, 7.07%, 0, 336, 4, 1.14
1746592472, 0, 806, 936, 915, 13, 7.07%, 0, 337, 4, 1.02
1746594367, 0, 806, 937, 916, 13, 7.07%, 0, 337, 4, 1.05
1746595338, 0, 806, 938, 917, 13, 7.07%, 0, 337, 4, 1.11
1746597216, 0, 812, 938, 916, 12, 7.07%, 0, 337, 4, 3.10
1746597478, 0, 812, 940, 918, 12, 7.07%, 0, 337, 4, 7.41
1746597586, 0, 812, 940, 918, 12, 7.07%, 0, 338, 4, 1.00
1746597617, 0, 815, 940, 917, 11, 7.07%, 0, 338, 4, 9.94
1746597622, 0, 815, 941, 918, 11, 7.07%, 0, 338, 4, 5.82
1746597653, 0, 815, 942, 919, 11, 7.07%, 0, 338, 4, 4.69
1746597664, 0, 815, 943, 920, 11, 7.07%, 0, 338, 4, 4.36
1746597684, 0, 815, 944, 921, 11, 7.07%, 0, 338, 4, 3.78
1746597755, 0, 815, 945, 922, 11, 7.07%, 0, 338, 4, 5.26
1746597761, 0, 815, 946, 923, 11, 7.07%, 0, 338, 4, 4.87
1746598371, 0, 815, 947, 924, 11, 7.07%, 0, 338, 4, 3.94
1746598377, 0, 815, 948, 925, 11, 7.07%, 0, 338, 4, 3.48
1746598382, 0, 815, 949, 926, 11, 7.07%, 0, 338, 4, 3.38
1746599008, 0, 815, 950, 927, 11, 7.07%, 0, 338, 4, 3.83
1746599465, 0, 815, 951, 928, 11, 7.07%, 0, 338, 4, 4.12
1746599613, 0, 815, 952, 929, 11, 7.07%, 0, 338, 4, 3.92
1746599659, 0, 815, 953, 930, 11, 7.07%, 0, 338, 4, 4.44
1746599762, 0, 815, 955, 932, 11, 7.07%, 0, 338, 4, 4.22
1746600349, 0, 815, 956, 933, 11, 7.07%, 0, 338, 4, 4.33
1746600401, 0, 815, 957, 934, 11, 7.07%, 0, 338, 4, 3.72
1746600453, 0, 815, 958, 935, 11, 7.07%, 0, 338, 4, 3.99
1746600479, 0, 815, 959, 936, 11, 7.07%, 0, 338, 4, 4.29
1746600531, 0, 815, 959, 936, 11, 7.07%, 0, 339, 4, 4.45
1746600536, 0, 815, 960, 937, 11, 7.07%, 0, 339, 4, 3.96
1746600557, 0, 815, 961, 938, 11, 7.07%, 0, 339, 4, 4.88
1746600573, 0, 815, 962, 939, 11, 7.07%, 0, 340, 4, 4.18
1746600609, 0, 815, 963, 940, 11, 7.07%, 0, 340, 4, 4.52
1746600761, 0, 815, 964, 941, 11, 7.07%, 0, 340, 4, 4.98
1746600783, 0, 815, 965, 942, 11, 7.07%, 0, 340, 4, 4.22
1746600914, 0, 815, 966, 943, 11, 7.07%, 0, 340, 4, 2.30
1746600951, 0, 815, 967, 944, 11, 7.07%, 0, 340, 4, 4.76
1746601057, 0, 815, 968, 945, 11, 7.07%, 0, 340, 4, 4.35
1746601115, 0, 815, 969, 946, 11, 7.07%, 0, 340, 4, 4.48
1746601189, 0, 815, 970, 947, 11, 7.07%, 0, 340, 4, 3.92
1746601194, 0, 815, 970, 947, 11, 7.07%, 0, 341, 4, 3.86
1746601267, 0, 815, 970, 947, 11, 7.07%, 0, 342, 4, 9.11
1746601293, 0, 815, 971, 948, 11, 7.07%, 0, 342, 4, 3.12
1746601408, 0, 815, 972, 949, 11, 7.07%, 0, 342, 4, 3.84
1746601450, 0, 815, 973, 950, 11, 7.07%, 0, 342, 4, 4.07
1746601775, 0, 815, 974, 951, 11, 7.07%, 0, 342, 4, 3.30
1746601786, 0, 815, 975, 952, 11, 7.07%, 0, 342, 4, 4.18
1746601822, 0, 815, 975, 952, 11, 7.07%, 0, 343, 4, 3.57
1746601853, 0, 815, 976, 953, 11, 7.07%, 0, 343, 4, 4.69
