# unix_time, cycles_done, cur_path, paths_total, pending_total, pending_favs, map_size, unique_crashes, unique_hangs, max_depth, execs_per_sec
1746612043, 0, 0, 1, 1, 1, 3.78%, 0, 0, 1, 131.15
1746612048, 0, 0, 43, 43, 1, 5.04%, 0, 0, 2, 124.81
1746612053, 0, 0, 69, 69, 1, 5.04%, 0, 0, 2, 124.27
1746612059, 0, 0, 91, 91, 1, 5.05%, 0, 0, 2, 126.47
1746612064, 0, 0, 110, 110, 1, 5.05%, 0, 0, 2, 125.53
1746612069, 0, 0, 119, 119, 1, 5.05%, 0, 0, 2, 133.23
1746612074, 0, 0, 133, 133, 1, 5.05%, 0, 0, 2, 130.26
1746612079, 0, 0, 146, 146, 1, 5.05%, 0, 0, 2, 129.58
1746612084, 0, 0, 157, 157, 1, 5.05%, 0, 0, 2, 131.91
1746612090, 0, 0, 168, 168, 1, 5.07%, 0, 0, 2, 131.56
1746612095, 0, 0, 169, 169, 1, 5.07%, 0, 0, 2, 137.86
1746612100, 0, 0, 178, 178, 1, 5.07%, 0, 0, 2, 133.92
1746612105, 0, 0, 188, 188, 1, 5.07%, 0, 0, 2, 130.91
1746612110, 0, 0, 195, 195, 1, 5.08%, 0, 0, 2, 132.81
1746612115, 0, 0, 205, 205, 1, 5.09%, 0, 0, 2, 130.83
1746612121, 0, 0, 212, 212, 1, 5.09%, 0, 0, 2, 134.35
1746612126, 0, 0, 220, 220, 1, 5.09%, 0, 0, 2, 132.77
1746612131, 0, 0, 224, 224, 1, 5.09%, 0, 0, 2, 132.27
1746612136, 0, 0, 228, 228, 1, 5.09%, 0, 0, 2, 134.43
1746612141, 0, 0, 232, 232, 1, 5.09%, 0, 0, 2, 135.55
1746612146, 0, 0, 235, 235, 1, 5.09%, 0, 0, 2, 135.57
1746612151, 0, 0, 237, 237, 1, 5.11%, 0, 0, 2, 135.57
1746612157, 0, 0, 242, 242, 1, 5.11%, 0, 0, 2, 135.24
1746612162, 0, 0, 243, 243, 1, 5.11%, 0, 0, 2, 138.77
1746612167, 0, 0, 247, 247, 1, 5.11%, 0, 0, 2, 136.26
1746612172, 0, 0, 252, 252, 1, 5.69%, 0, 0, 2, 132.45
1746612177, 0, 0, 254, 254, 1, 5.69%, 0, 0, 2, 135.78
1746612188, 0, 0, 257, 257, 1, 5.69%, 0, 0, 2, 135.71
1746612193, 0, 0, 262, 262, 1, 5.69%, 0, 0, 2, 132.09
1746612198, 0, 0, 263, 263, 1, 5.69%, 0, 0, 2, 135.56
1746612208, 0, 0, 264, 264, 1, 5.69%, 0, 0, 2, 138.70
1746612213, 0, 0, 270, 270, 1, 5.69%, 0, 0, 2, 134.01
1746612219, 0, 0, 274, 274, 1, 5.69%, 0, 0, 2, 135.15
1746612229, 0, 0, 275, 275, 1, 5.69%, 0, 0, 2, 138.36
1746612234, 0, 0, 277, 277, 1, 5.69%, 0, 0, 2, 137.77
1746612239, 0, 0, 279, 279, 1, 5.69%, 0, 0, 2, 138.67
1746612244, 0, 0, 282, 282, 1, 5.69%, 0, 0, 2, 135.18
1746612249, 0, 0, 283, 283, 1, 5.69%, 0, 0, 2, 137.61
1746612254, 0, 0, 284, 284, 1, 5.69%, 0, 0, 2, 137.27
1746612260, 0, 0, 287, 287, 1, 5.69%, 0, 0, 2, 132.94
1746612265, 0, 0, 288, 288, 1, 5.69%, 0, 0, 2, 136.95
1746612280, 0, 0, 290, 290, 1, 5.69%, 0, 0, 2, 138.31
1746612291, 0, 0, 291, 291, 1, 5.69%, 0, 0, 2, 138.18
1746612306, 0, 2, 292, 291, 11, 5.69%, 0, 0, 2, 138.57
1746612311, 0, 2, 293, 292, 11, 5.69%, 0, 0, 3, 137.49
1746612316, 0, 2, 295, 294, 11, 5.69%, 0, 0, 3, 135.98
1746612322, 0, 2, 296, 295, 11, 5.69%, 0, 0, 3, 137.99
1746612327, 0, 2, 297, 296, 11, 5.69%, 0, 0, 3, 137.83
1746612332, 0, 2, 299, 298, 11, 5.69%, 0, 0, 3, 137.48
1746612353, 0, 2, 300, 299, 11, 5.69%, 0, 0, 3, 137.00
1746612358, 0, 2, 304, 303, 11, 5.69%, 0, 0, 3, 134.94
1746612363, 0, 2, 305, 304, 11, 5.69%, 0, 0, 3, 135.80
1746612378, 0, 2, 306, 305, 11, 5.69%, 0, 0, 3, 138.54
1746612389, 0, 2, 307, 306, 11, 5.69%, 0, 0, 3, 138.23
1746612394, 0, 2, 309, 308, 11, 5.69%, 0, 0, 3, 137.12
1746612399, 0, 2, 310, 309, 11, 5.69%, 0, 0, 3, 136.65
1746612404, 0, 2, 312, 311, 11, 5.69%, 0, 0, 3, 135.71
1746612414, 0, 2, 313, 312, 11, 5.69%, 0, 0, 3, 137.72
1746612425, 0, 2, 314, 313, 11, 5.69%, 0, 0, 3, 138.08
1746612471, 0, 2, 315, 314, 11, 5.69%, 0, 0, 3, 136.35
1746612481, 0, 2, 317, 316, 11, 5.69%, 0, 0, 3, 134.84
1746612487, 0, 2, 318, 317, 11, 5.69%, 0, 0, 3, 136.83
1746612502, 0, 2, 320, 319, 11, 5.69%, 0, 0, 3, 133.80
1746612507, 0, 2, 321, 320, 11, 5.69%, 0, 0, 3, 137.36
1746612512, 0, 2, 323, 322, 11, 5.69%, 0, 0, 3, 136.07
1746612533, 0, 2, 324, 323, 11, 5.69%, 0, 0, 3, 138.12
1746612538, 0, 2, 325, 324, 11, 5.69%, 0, 0, 3, 138.07
1746612543, 0, 2, 326, 325, 11, 5.69%, 0, 0, 3, 138.25
1746612548, 0, 67, 326, 324, 10, 5.69%, 0, 0, 3, 93.71
1746612670, 0, 67, 327, 325, 10, 5.69%, 0, 0, 3, 75.95
1746612751, 0, 67, 328, 326, 10, 5.69%, 0, 0, 3, 75.96
1746612791, 0, 67, 341, 339, 10, 5.69%, 0, 0, 3, 78.25
1746612796, 0, 67, 354, 352, 10, 5.69%, 0, 0, 3, 79.96
1746612801, 0, 67, 361, 359, 10, 5.69%, 0, 0, 3, 81.80
1746612807, 0, 67, 375, 373, 10, 5.81%, 0, 0, 3, 79.28
1746612812, 0, 67, 381, 379, 10, 5.81%, 0, 0, 3, 81.35
1746612817, 0, 67, 387, 385, 10, 5.81%, 0, 0, 3, 85.38
1746612822, 0, 67, 394, 392, 10, 5.81%, 0, 0, 3, 83.45
1746612827, 0, 67, 400, 398, 10, 5.81%, 0, 0, 3, 82.99
1746612832, 0, 67, 404, 402, 10, 5.81%, 0, 0, 3, 86.58
1746612838, 0, 67, 408, 406, 10, 5.81%, 0, 0, 3, 83.97
1746612843, 0, 67, 411, 409, 10, 5.81%, 0, 0, 3, 86.05
1746612848, 0, 67, 415, 413, 10, 5.81%, 0, 0, 3, 84.32
1746612853, 0, 67, 416, 414, 10, 5.81%, 0, 0, 3, 88.58
1746612858, 0, 67, 419, 417, 10, 5.81%, 0, 0, 3, 87.62
1746612863, 0, 67, 420, 418, 10, 5.81%, 0, 0, 3, 86.44
1746612868, 0, 67, 423, 421, 10, 6.67%, 0, 0, 3, 84.58
1746612874, 0, 67, 427, 425, 10, 6.67%, 0, 0, 3, 83.54
1746612879, 0, 67, 432, 430, 10, 6.67%, 0, 0, 3, 80.70
1746612884, 0, 67, 435, 433, 10, 6.67%, 0, 0, 3, 82.94
1746612889, 0, 67, 436, 434, 10, 6.67%, 0, 0, 3, 86.24
1746612899, 0, 67, 439, 437, 10, 6.67%, 0, 0, 3, 85.27
1746612904, 0, 67, 440, 438, 10, 6.67%, 0, 0, 3, 85.99
1746612909, 0, 67, 443, 441, 10, 6.67%, 0, 0, 3, 83.32
1746612915, 0, 67, 444, 442, 10, 6.67%, 0, 0, 3, 86.18
1746612920, 0, 67, 447, 445, 10, 6.67%, 0, 0, 3, 84.87
1746612925, 0, 67, 449, 447, 10, 6.67%, 0, 0, 3, 84.68
1746612930, 0, 67, 451, 449, 10, 6.67%, 0, 0, 3, 87.38
1746612940, 0, 67, 452, 450, 10, 6.67%, 0, 0, 3, 86.79
1746612945, 0, 67, 453, 451, 10, 6.67%, 0, 0, 3, 85.98
1746612951, 0, 67, 454, 452, 10, 6.67%, 0, 0, 3, 86.29
1746612971, 0, 67, 455, 453, 10, 6.67%, 0, 0, 3, 86.87
1746612992, 0, 67, 458, 456, 10, 6.67%, 0, 0, 3, 85.79
1746613002, 0, 67, 462, 460, 10, 6.74%, 0, 0, 3, 83.98
1746613012, 0, 67, 464, 462, 10, 6.74%, 0, 0, 3, 84.79
1746613017, 0, 67, 465, 463, 10, 6.74%, 0, 0, 3, 85.44
1746613022, 0, 67, 466, 464, 10, 6.74%, 0, 0, 3, 87.47
1746613028, 0, 67, 468, 466, 10, 6.74%, 0, 0, 3, 85.49
1746613033, 0, 67, 469, 467, 10, 6.74%, 0, 0, 3, 86.43
1746613048, 0, 67, 471, 469, 10, 6.74%, 0, 0, 3, 87.93
1746613058, 0, 67, 472, 470, 10, 6.74%, 0, 0, 3, 85.83
1746613063, 0, 67, 474, 472, 10, 6.74%, 0, 0, 3, 83.67
1746613069, 0, 67, 477, 475, 10, 6.74%, 0, 0, 3, 82.73
1746613074, 0, 67, 479, 477, 10, 6.74%, 0, 0, 3, 85.64
1746613079, 0, 67, 480, 478, 10, 6.74%, 0, 0, 3, 87.01
1746613084, 0, 67, 481, 479, 10, 6.74%, 0, 0, 3, 87.58
1746613089, 0, 67, 483, 481, 10, 6.74%, 0, 0, 3, 85.89
1746613094, 0, 67, 486, 484, 10, 6.75%, 0, 0, 3, 83.24
1746613099, 0, 67, 487, 485, 10, 6.75%, 0, 0, 3, 85.70
1746613110, 0, 67, 488, 486, 10, 6.75%, 0, 0, 3, 85.84
1746613115, 0, 67, 490, 488, 10, 6.75%, 0, 0, 3, 84.50
1746613120, 0, 67, 492, 490, 10, 6.75%, 0, 0, 3, 85.71
1746613125, 0, 67, 493, 491, 10, 6.75%, 0, 0, 3, 83.60
1746613130, 0, 67, 495, 493, 10, 6.75%, 0, 0, 3, 82.66
1746613166, 0, 67, 497, 495, 10, 6.75%, 0, 0, 3, 87.32
1746613177, 0, 67, 499, 497, 10, 6.75%, 0, 0, 3, 86.25
1746613182, 0, 67, 501, 499, 10, 6.75%, 0, 0, 3, 87.08
1746613187, 0, 67, 505, 503, 10, 6.76%, 0, 0, 3, 81.04
1746613192, 0, 233, 506, 503, 10, 6.76%, 0, 0, 3, 84.88
1746613212, 0, 233, 507, 504, 10, 6.76%, 0, 0, 3, 86.05
1746613348, 0, 233, 509, 506, 10, 6.76%, 0, 0, 3, 90.87
1746613353, 0, 233, 514, 511, 10, 6.76%, 0, 0, 3, 93.02
1746613358, 0, 233, 518, 515, 10, 6.76%, 0, 0, 3, 93.86
1746613363, 0, 233, 519, 516, 10, 6.76%, 0, 0, 3, 97.61
1746613373, 0, 233, 522, 519, 10, 6.76%, 0, 0, 3, 97.45
1746613378, 0, 233, 524, 521, 10, 6.77%, 0, 0, 3, 94.61
1746613389, 0, 233, 525, 522, 10, 6.77%, 0, 0, 3, 97.63
1746613394, 0, 233, 528, 525, 10, 6.77%, 0, 0, 3, 94.65
1746613399, 0, 233, 529, 526, 10, 6.77%, 0, 0, 3, 96.06
1746613404, 0, 233, 530, 527, 10, 6.77%, 0, 0, 3, 95.95
1746613409, 0, 233, 533, 530, 10, 6.77%, 0, 0, 3, 96.47
1746613414, 0, 233, 534, 531, 10, 6.77%, 0, 0, 3, 96.27
1746613425, 0, 233, 536, 533, 10, 6.77%, 0, 0, 3, 94.76
1746613435, 0, 233, 537, 534, 10, 6.77%, 0, 0, 3, 96.92
1746613440, 0, 233, 538, 535, 10, 6.77%, 0, 0, 3, 97.11
1746613445, 0, 233, 540, 537, 10, 6.77%, 0, 0, 3, 97.07
1746613450, 0, 233, 542, 539, 10, 6.77%, 0, 0, 3, 94.58
1746613460, 0, 233, 543, 540, 10, 6.77%, 0, 0, 3, 97.06
1746613466, 0, 233, 544, 541, 10, 6.77%, 0, 0, 3, 96.26
1746613481, 0, 233, 545, 542, 10, 6.77%, 0, 0, 3, 96.39
1746613491, 0, 233, 546, 543, 10, 6.77%, 0, 0, 3, 98.15
1746613501, 0, 233, 548, 545, 10, 6.77%, 0, 0, 3, 96.17
1746613507, 0, 233, 550, 547, 10, 6.77%, 0, 0, 3, 96.67
1746613512, 0, 233, 551, 548, 10, 6.77%, 0, 0, 3, 98.52
1746613522, 0, 233, 552, 549, 10, 6.77%, 0, 0, 3, 97.21
1746613527, 0, 233, 553, 550, 10, 6.77%, 0, 0, 3, 98.00
1746613532, 0, 233, 554, 551, 10, 6.77%, 0, 0, 3, 96.39
1746613542, 0, 233, 558, 555, 10, 6.77%, 0, 0, 3, 94.96
1746613553, 0, 233, 560, 557, 10, 6.77%, 0, 0, 3, 97.31
1746613558, 0, 233, 561, 558, 10, 6.77%, 0, 0, 3, 96.37
1746613573, 0, 233, 562, 559, 10, 6.77%, 0, 0, 3, 96.91
1746613589, 0, 233, 564, 561, 10, 6.77%, 0, 0, 3, 95.58
1746613599, 0, 233, 567, 564, 10, 6.77%, 0, 0, 3, 94.23
1746613624, 0, 233, 568, 565, 10, 6.77%, 0, 0, 3, 98.52
1746613635, 0, 233, 569, 566, 10, 6.77%, 0, 0, 3, 98.39
1746613650, 0, 233, 570, 567, 10, 6.77%, 0, 0, 3, 95.38
1746613665, 0, 233, 571, 568, 10, 6.77%, 0, 0, 3, 96.34
1746613670, 0, 233, 573, 570, 10, 6.87%, 0, 0, 3, 95.71
1746613681, 0, 233, 574, 571, 10, 6.87%, 0, 0, 3, 97.13
1746613691, 0, 239, 574, 570, 10, 6.87%, 0, 0, 3, 96.53
1746613801, 0, 239, 575, 571, 10, 6.87%, 0, 0, 3, 104.96
1746613817, 0, 253, 575, 570, 9, 6.87%, 0, 0, 3, 90.06
1746614029, 0, 253, 576, 571, 9, 6.87%, 0, 0, 3, 91.48
1746614044, 0, 278, 576, 570, 8, 6.87%, 0, 0, 3, 102.80
1746614111, 0, 336, 576, 569, 8, 6.87%, 0, 0, 3, 96.27
1746614259, 0, 343, 576, 568, 7, 6.87%, 0, 0, 3, 95.71
1746614552, 0, 422, 576, 567, 6, 6.87%, 0, 0, 3, 52.02
1746614558, 0, 422, 578, 569, 6, 6.87%, 0, 0, 4, 41.40
1746614563, 0, 422, 585, 576, 6, 6.87%, 0, 0, 4, 39.65
1746614568, 0, 422, 588, 579, 6, 6.87%, 0, 0, 4, 38.93
1746614573, 0, 422, 591, 582, 6, 6.87%, 0, 0, 4, 38.76
1746614578, 0, 422, 594, 585, 6, 6.87%, 0, 0, 4, 38.67
1746614583, 0, 422, 596, 587, 6, 6.87%, 0, 0, 4, 38.71
1746614599, 0, 422, 597, 588, 6, 6.87%, 0, 0, 4, 38.60
1746614604, 0, 422, 598, 589, 6, 6.87%, 0, 0, 4, 38.57
1746614661, 0, 422, 600, 591, 6, 6.87%, 0, 0, 4, 38.55
1746614677, 0, 422, 603, 594, 6, 6.87%, 0, 0, 4, 39.64
1746614682, 0, 422, 604, 595, 6, 6.87%, 0, 0, 4, 39.13
1746614733, 0, 422, 606, 597, 6, 6.87%, 0, 0, 4, 39.36
1746614738, 0, 422, 608, 599, 6, 6.87%, 0, 0, 4, 38.95
1746614743, 0, 422, 615, 606, 6, 6.87%, 0, 0, 4, 39.23
1746614748, 0, 422, 616, 607, 6, 6.87%, 0, 0, 4, 38.78
1746614790, 0, 422, 617, 608, 6, 6.87%, 0, 0, 4, 39.60
1746614907, 0, 422, 618, 609, 6, 6.99%, 0, 0, 4, 38.89
1746615160, 0, 422, 619, 610, 6, 6.99%, 0, 0, 4, 40.48
1746615175, 0, 422, 620, 611, 6, 6.99%, 0, 0, 4, 39.30
1746615402, 0, 422, 621, 612, 6, 6.99%, 0, 0, 4, 38.67
1746615423, 0, 422, 622, 613, 6, 6.99%, 0, 0, 4, 39.45
1746615428, 0, 422, 623, 614, 6, 6.99%, 0, 0, 4, 40.53
1746615438, 0, 422, 624, 615, 6, 6.99%, 0, 0, 4, 39.35
1746615613, 0, 422, 625, 616, 6, 6.99%, 0, 0, 4, 40.98
1746615634, 0, 422, 626, 617, 6, 6.99%, 0, 0, 4, 40.03
1746615639, 0, 422, 629, 620, 6, 6.99%, 0, 0, 4, 39.83
1746615788, 0, 422, 630, 621, 6, 6.99%, 0, 0, 4, 39.05
1746615866, 0, 422, 633, 624, 6, 6.99%, 0, 0, 4, 38.87
1746615871, 0, 422, 651, 642, 6, 7.00%, 0, 0, 4, 42.13
1746615876, 0, 422, 666, 657, 6, 7.28%, 0, 0, 4, 43.04
1746615881, 0, 422, 679, 670, 6, 7.32%, 0, 0, 4, 42.57
1746615886, 0, 422, 689, 680, 6, 7.32%, 0, 0, 4, 43.00
1746615891, 0, 422, 697, 688, 6, 7.32%, 0, 0, 4, 45.47
1746615896, 0, 422, 703, 694, 6, 7.32%, 0, 0, 4, 46.21
1746615901, 0, 422, 708, 699, 6, 7.33%, 0, 0, 4, 45.19
1746615907, 0, 422, 718, 709, 6, 7.43%, 0, 0, 4, 42.38
1746615912, 0, 422, 723, 714, 6, 7.43%, 0, 0, 4, 45.42
1746615917, 0, 422, 725, 716, 6, 7.43%, 0, 0, 4, 46.12
1746615922, 0, 422, 729, 720, 6, 7.44%, 0, 0, 4, 43.95
1746615927, 0, 422, 733, 724, 6, 7.44%, 0, 0, 4, 45.38
1746615932, 0, 422, 735, 726, 6, 7.44%, 0, 0, 4, 46.02
1746615937, 0, 422, 737, 728, 6, 7.60%, 0, 0, 4, 44.74
1746615942, 0, 422, 740, 731, 6, 7.60%, 0, 0, 4, 44.71
1746615947, 0, 422, 742, 733, 6, 7.60%, 0, 0, 4, 45.23
1746615952, 0, 422, 745, 736, 6, 7.60%, 0, 0, 4, 45.92
1746615957, 0, 422, 746, 737, 6, 7.60%, 0, 0, 4, 46.92
1746615962, 0, 422, 748, 739, 6, 7.60%, 0, 0, 4, 45.33
1746615967, 0, 422, 752, 743, 6, 7.66%, 0, 0, 4, 43.84
1746615977, 0, 422, 755, 746, 6, 7.66%, 0, 0, 4, 44.62
1746615988, 0, 422, 756, 747, 6, 7.66%, 0, 0, 4, 47.22
1746615993, 0, 422, 758, 749, 6, 7.68%, 0, 0, 4, 45.87
1746615998, 0, 422, 760, 751, 6, 7.69%, 0, 0, 4, 44.42
1746616003, 0, 422, 763, 754, 6, 7.70%, 0, 0, 4, 45.59
1746616008, 0, 422, 766, 757, 6, 7.70%, 0, 0, 4, 44.86
1746616013, 0, 422, 768, 759, 6, 7.70%, 0, 0, 4, 45.04
1746616018, 0, 422, 769, 760, 6, 7.70%, 0, 0, 4, 46.07
1746616023, 0, 422, 770, 761, 6, 7.70%, 0, 0, 4, 46.84
1746616028, 0, 422, 772, 763, 6, 7.70%, 0, 0, 4, 44.50
1746616033, 0, 422, 774, 765, 6, 7.70%, 0, 0, 4, 45.54
1746616043, 0, 422, 775, 766, 6, 7.70%, 0, 0, 4, 46.93
1746616048, 0, 422, 776, 767, 6, 7.70%, 0, 0, 4, 45.24
1746616053, 0, 422, 777, 768, 6, 7.70%, 0, 0, 4, 45.89
1746616059, 0, 422, 779, 770, 6, 7.70%, 0, 0, 4, 46.93
1746616069, 0, 422, 780, 771, 6, 7.70%, 0, 0, 4, 45.65
1746616074, 0, 422, 782, 773, 6, 7.70%, 0, 0, 4, 46.46
1746616079, 0, 422, 783, 774, 6, 7.70%, 0, 0, 4, 46.76
1746616084, 0, 422, 784, 775, 6, 7.70%, 0, 0, 4, 47.22
1746616089, 0, 422, 785, 776, 6, 7.70%, 0, 0, 4, 44.50
1746616094, 0, 422, 786, 777, 6, 7.70%, 0, 0, 4, 46.00
1746616099, 0, 422, 788, 779, 6, 7.70%, 0, 0, 4, 44.84
1746616104, 0, 422, 791, 782, 6, 7.70%, 0, 0, 4, 44.69
1746616119, 0, 422, 792, 783, 6, 7.70%, 0, 0, 4, 46.11
1746616124, 0, 422, 793, 784, 6, 7.70%, 0, 0, 4, 45.82
1746616129, 0, 422, 794, 785, 6, 7.70%, 0, 0, 4, 45.73
1746616145, 0, 422, 796, 787, 6, 7.70%, 0, 0, 4, 46.22
1746616155, 0, 422, 798, 789, 6, 7.71%, 0, 0, 4, 45.70
1746616160, 0, 422, 799, 790, 6, 7.71%, 0, 0, 4, 45.92
1746616165, 0, 422, 800, 791, 6, 7.71%, 0, 0, 4, 46.74
1746616170, 0, 422, 801, 792, 6, 7.71%, 0, 0, 4, 45.51
1746616185, 0, 422, 802, 793, 6, 7.71%, 0, 0, 4, 47.07
1746616190, 0, 422, 803, 794, 6, 7.71%, 0, 0, 4, 46.29
1746616195, 0, 422, 805, 796, 6, 7.71%, 0, 0, 4, 44.57
1746616200, 0, 422, 807, 798, 6, 7.71%, 0, 0, 4, 44.54
1746616221, 0, 422, 808, 799, 6, 7.71%, 0, 0, 4, 46.79
1746616226, 0, 422, 809, 800, 6, 7.72%, 0, 0, 4, 46.43
1746616246, 0, 422, 810, 801, 6, 7.73%, 0, 0, 4, 44.42
1746616256, 0, 422, 812, 803, 6, 7.73%, 0, 0, 4, 46.69
1746616266, 0, 422, 813, 804, 6, 7.73%, 0, 0, 4, 46.27
1746616271, 0, 422, 814, 805, 6, 7.73%, 0, 0, 4, 45.13
1746616281, 0, 422, 815, 806, 6, 7.73%, 0, 0, 4, 45.67
1746616297, 0, 422, 816, 807, 6, 7.73%, 0, 0, 4, 47.02
1746616312, 0, 422, 817, 808, 6, 7.73%, 0, 0, 4, 45.56
1746616322, 0, 422, 818, 809, 6, 7.73%, 0, 0, 4, 46.91
1746616332, 0, 422, 819, 810, 6, 7.73%, 0, 0, 4, 47.49
1746616342, 0, 422, 821, 812, 6, 7.73%, 0, 0, 4, 44.24
1746616367, 0, 422, 822, 813, 6, 7.73%, 0, 0, 4, 45.81
1746616383, 0, 422, 823, 814, 6, 7.73%, 0, 0, 4, 45.44
1746616393, 0, 422, 824, 815, 6, 7.73%, 0, 0, 4, 45.85
1746616403, 0, 422, 825, 816, 6, 7.73%, 0, 0, 4, 46.45
1746616418, 0, 422, 826, 817, 6, 7.73%, 0, 0, 4, 46.98
1746616429, 0, 422, 827, 818, 6, 7.73%, 0, 0, 4, 46.28
1746616439, 0, 501, 827, 817, 20, 7.73%, 0, 0, 4, 46.00
1746617521, 0, 501, 828, 818, 20, 7.73%, 0, 0, 4, 48.13
1746617526, 0, 501, 831, 821, 20, 7.73%, 0, 0, 4, 49.01
1746617531, 0, 501, 832, 822, 20, 7.73%, 0, 0, 4, 48.77
1746617536, 0, 501, 833, 823, 20, 7.73%, 0, 0, 4, 48.89
1746617541, 0, 501, 835, 825, 20, 7.73%, 0, 0, 4, 48.47
1746617546, 0, 501, 836, 826, 20, 7.73%, 0, 0, 4, 48.14
1746617551, 0, 501, 837, 827, 20, 7.73%, 0, 0, 4, 48.27
1746617556, 0, 501, 838, 828, 20, 7.73%, 0, 0, 4, 47.67
1746617571, 0, 501, 841, 831, 20, 7.74%, 0, 0, 4, 47.13
1746617576, 0, 501, 843, 833, 20, 7.74%, 0, 0, 4, 48.27
1746617597, 0, 501, 845, 835, 20, 7.74%, 0, 0, 4, 47.65
1746617617, 0, 501, 846, 836, 20, 7.74%, 0, 0, 4, 47.75
1746617622, 0, 501, 847, 837, 20, 7.74%, 0, 0, 4, 48.36
1746617632, 0, 501, 848, 838, 20, 7.74%, 0, 0, 4, 48.42
1746617642, 0, 501, 849, 839, 20, 7.74%, 0, 0, 4, 48.28
1746617653, 0, 501, 851, 841, 20, 7.74%, 0, 0, 4, 48.73
1746617668, 0, 501, 852, 842, 20, 7.74%, 0, 0, 4, 48.65
1746617683, 0, 501, 853, 843, 20, 7.74%, 0, 0, 4, 46.52
1746617688, 0, 501, 854, 844, 20, 7.74%, 0, 0, 4, 48.08
1746617693, 0, 501, 856, 846, 20, 7.74%, 0, 0, 4, 48.18
1746617713, 0, 501, 857, 847, 20, 7.74%, 0, 0, 4, 48.82
1746617718, 0, 501, 858, 848, 20, 7.74%, 0, 0, 4, 47.94
1746617723, 0, 501, 859, 849, 20, 7.74%, 0, 0, 4, 48.34
1746617733, 0, 501, 860, 850, 20, 7.74%, 0, 0, 4, 48.45
1746617754, 0, 501, 861, 851, 20, 7.74%, 0, 0, 4, 48.06
1746617764, 0, 501, 862, 852, 20, 7.74%, 0, 0, 4, 48.60
1746617784, 0, 501, 863, 853, 20, 7.74%, 0, 0, 4, 49.21
1746617809, 0, 501, 864, 854, 20, 7.74%, 0, 0, 4, 49.28
1746617830, 0, 501, 865, 855, 20, 7.74%, 0, 0, 4, 48.28
1746617835, 0, 501, 866, 856, 20, 7.74%, 0, 0, 4, 49.42
1746617865, 0, 501, 867, 857, 20, 7.74%, 0, 0, 4, 48.71
1746617875, 0, 501, 868, 858, 20, 7.74%, 0, 0, 4, 49.15
1746617885, 0, 501, 869, 859, 20, 7.74%, 0, 0, 4, 48.15
1746617916, 0, 501, 870, 860, 20, 7.74%, 0, 0, 4, 48.42
1746617936, 0, 501, 871, 861, 20, 7.74%, 0, 0, 4, 48.70
1746617962, 0, 501, 872, 862, 20, 7.74%, 0, 0, 4, 49.16
1746617972, 0, 501, 873, 863, 20, 7.74%, 0, 0, 4, 49.84
1746617977, 0, 501, 874, 864, 20, 7.74%, 0, 0, 4, 48.93
1746618007, 0, 501, 876, 866, 20, 7.74%, 0, 0, 4, 47.20
1746618032, 0, 501, 877, 867, 20, 7.74%, 0, 0, 4, 48.71
1746618043, 0, 501, 878, 868, 20, 7.74%, 0, 0, 4, 49.33
1746618053, 0, 501, 879, 869, 20, 7.74%, 0, 0, 4, 48.23
1746618058, 0, 501, 880, 870, 20, 7.74%, 0, 0, 4, 47.32
1746618078, 0, 501, 881, 871, 20, 7.74%, 0, 0, 4, 48.76
1746618093, 0, 501, 882, 872, 20, 7.74%, 0, 0, 4, 48.80
1746618098, 0, 501, 883, 873, 20, 7.74%, 0, 0, 4, 49.38
1746618104, 0, 501, 884, 874, 20, 7.74%, 0, 0, 4, 48.38
1746618109, 0, 501, 885, 875, 20, 7.74%, 0, 0, 4, 48.50
1746618164, 0, 501, 886, 876, 20, 7.74%, 0, 0, 4, 48.21
1746618180, 0, 501, 887, 877, 20, 7.74%, 0, 0, 4, 49.21
1746618200, 0, 544, 887, 876, 21, 7.74%, 0, 0, 4, 54.13
1746618540, 0, 544, 888, 877, 21, 7.74%, 0, 0, 4, 75.52
1746618550, 0, 544, 889, 878, 21, 7.74%, 0, 0, 4, 74.13
1746618555, 0, 544, 890, 879, 21, 7.74%, 0, 0, 4, 73.88
1746618561, 0, 544, 891, 880, 21, 7.74%, 0, 0, 4, 74.53
1746618581, 0, 544, 892, 881, 21, 7.74%, 0, 0, 4, 74.70
1746618617, 0, 544, 893, 882, 21, 7.74%, 0, 0, 4, 75.27
1746618638, 0, 544, 894, 883, 21, 7.74%, 0, 0, 4, 74.67
1746618653, 0, 544, 895, 884, 21, 7.74%, 0, 0, 4, 74.30
1746618710, 0, 544, 896, 885, 21, 7.74%, 0, 0, 4, 72.27
1746618736, 0, 544, 897, 886, 21, 7.74%, 0, 0, 4, 73.84
1746618762, 0, 544, 898, 887, 21, 7.74%, 0, 0, 4, 73.31
1746618767, 0, 544, 899, 888, 21, 7.76%, 0, 0, 4, 72.94
1746618777, 0, 544, 900, 889, 21, 7.76%, 0, 0, 4, 74.61
1746618896, 0, 544, 901, 890, 21, 7.76%, 0, 0, 4, 72.53
1746618932, 0, 544, 902, 891, 21, 7.76%, 0, 0, 4, 73.36
1746618969, 0, 544, 903, 892, 21, 7.76%, 0, 0, 4, 73.80
1746618974, 0, 571, 903, 891, 25, 7.76%, 0, 0, 4, 73.04
1746619733, 0, 571, 906, 894, 25, 7.76%, 0, 0, 4, 50.50
1746619738, 0, 571, 908, 896, 25, 7.76%, 0, 0, 4, 54.42
1746619753, 0, 571, 909, 897, 25, 7.76%, 0, 0, 4, 54.38
1746619758, 0, 571, 910, 898, 25, 7.76%, 0, 0, 4, 55.08
1746619769, 0, 571, 911, 899, 25, 7.76%, 0, 0, 4, 54.66
1746619779, 0, 571, 913, 901, 25, 7.76%, 0, 0, 4, 54.52
1746619794, 0, 571, 914, 902, 25, 7.76%, 0, 0, 4, 55.43
1746619804, 0, 571, 916, 904, 25, 7.76%, 0, 0, 4, 55.18
1746619809, 0, 571, 917, 905, 25, 7.76%, 0, 0, 4, 56.12
1746619819, 0, 571, 918, 906, 25, 7.76%, 0, 0, 4, 55.47
1746619824, 0, 571, 919, 907, 25, 7.76%, 0, 0, 4, 55.70
1746619850, 0, 571, 920, 908, 25, 7.80%, 0, 0, 4, 57.31
1746619865, 0, 571, 921, 909, 25, 7.80%, 0, 0, 4, 56.42
1746619870, 0, 571, 922, 910, 25, 7.80%, 0, 0, 4, 55.76
1746619875, 0, 571, 923, 911, 25, 7.80%, 0, 0, 4, 55.04
1746619885, 0, 571, 924, 912, 25, 7.80%, 0, 0, 4, 56.28
1746619890, 0, 571, 925, 913, 25, 7.80%, 0, 0, 4, 55.48
1746619916, 0, 571, 926, 914, 25, 7.80%, 0, 0, 4, 55.68
1746619941, 0, 571, 928, 916, 25, 7.80%, 0, 0, 4, 54.73
1746619951, 0, 571, 929, 917, 25, 7.80%, 0, 0, 4, 56.57
1746619956, 0, 571, 930, 918, 25, 7.80%, 0, 0, 4, 54.80
1746619972, 0, 571, 931, 919, 25, 7.80%, 0, 0, 4, 55.73
1746619982, 0, 571, 933, 921, 25, 7.96%, 0, 0, 4, 56.40
1746620027, 0, 571, 934, 922, 25, 7.96%, 0, 0, 4, 55.84
1746620042, 0, 571, 935, 923, 25, 7.96%, 0, 0, 4, 55.46
1746620058, 0, 571, 936, 924, 25, 7.96%, 0, 0, 4, 54.93
1746620068, 0, 571, 937, 925, 25, 7.96%, 0, 0, 4, 55.59
1746620078, 0, 571, 938, 926, 25, 7.96%, 0, 0, 4, 55.50
1746620083, 0, 571, 939, 927, 25, 7.96%, 0, 0, 4, 55.32
1746620098, 0, 571, 940, 928, 25, 7.96%, 0, 0, 4, 56.46
1746620180, 0, 571, 941, 929, 25, 7.96%, 0, 0, 4, 55.21
1746620226, 0, 571, 942, 930, 25, 7.96%, 0, 0, 4, 56.01
1746620236, 0, 571, 943, 931, 25, 7.96%, 0, 0, 4, 54.93
1746620292, 0, 571, 944, 932, 25, 7.96%, 0, 0, 4, 57.26
1746620322, 0, 697, 944, 931, 20, 7.96%, 0, 0, 4, 53.17
1746621339, 0, 697, 945, 932, 20, 7.96%, 0, 0, 5, 50.70
1746621411, 0, 736, 945, 931, 19, 7.96%, 0, 0, 5, 43.31
1746621421, 0, 736, 946, 932, 19, 7.96%, 0, 0, 5, 37.92
1746621529, 0, 736, 947, 933, 19, 7.96%, 0, 0, 5, 37.00
1746621612, 0, 736, 949, 935, 19, 7.96%, 0, 0, 5, 37.73
1746622742, 0, 736, 950, 936, 19, 7.96%, 0, 0, 5, 37.09
1746622824, 0, 736, 951, 937, 19, 7.96%, 0, 0, 5, 37.11
1746622845, 0, 736, 952, 938, 19, 7.96%, 0, 0, 5, 37.81
1746622865, 0, 736, 954, 940, 19, 7.96%, 0, 0, 5, 43.98
1746622870, 0, 736, 955, 941, 19, 7.96%, 0, 0, 5, 44.22
1746622875, 0, 736, 957, 943, 19, 7.96%, 0, 0, 5, 44.77
1746622886, 0, 736, 958, 944, 19, 7.96%, 0, 0, 5, 43.12
1746622891, 0, 736, 959, 945, 19, 7.96%, 0, 0, 5, 44.47
1746622896, 0, 736, 960, 946, 19, 7.96%, 0, 0, 5, 44.18
1746622921, 0, 736, 961, 947, 19, 7.96%, 0, 0, 5, 44.18
1746622957, 0, 736, 962, 948, 19, 7.96%, 0, 0, 5, 43.31
1746622982, 0, 736, 963, 949, 19, 8.04%, 0, 0, 5, 44.11
1746623013, 0, 736, 964, 950, 19, 8.04%, 0, 0, 5, 42.92
1746623099, 0, 736, 965, 951, 19, 8.04%, 0, 0, 5, 43.54
1746623109, 0, 736, 966, 952, 19, 8.04%, 0, 0, 5, 44.20
1746623114, 0, 736, 967, 953, 19, 8.04%, 0, 0, 5, 43.35
1746623165, 0, 736, 968, 954, 19, 8.04%, 0, 0, 5, 44.08
1746623216, 0, 736, 970, 956, 19, 8.06%, 0, 0, 5, 41.90
1746623231, 0, 736, 971, 957, 19, 8.06%, 0, 0, 5, 42.53
1746623246, 0, 736, 972, 958, 19, 8.06%, 0, 0, 5, 43.74
1746623287, 0, 736, 973, 959, 19, 8.06%, 0, 0, 5, 44.88
1746623297, 0, 736, 974, 960, 19, 8.06%, 0, 0, 5, 44.33
1746623368, 0, 736, 975, 961, 19, 8.06%, 0, 0, 5, 43.25
1746623404, 0, 778, 975, 960, 20, 8.06%, 0, 0, 5, 43.09
1746623450, 0, 778, 976, 961, 20, 8.06%, 0, 0, 5, 40.58
1746624703, 0, 792, 976, 960, 20, 8.06%, 0, 0, 5, 42.23
1746626010, 0, 792, 977, 961, 20, 8.06%, 0, 0, 5, 43.51
1746626076, 0, 795, 977, 960, 19, 8.06%, 0, 0, 5, 43.99
1746627264, 0, 801, 977, 959, 18, 8.06%, 0, 0, 5, 45.64
1746628216, 0, 801, 978, 960, 18, 8.06%, 0, 0, 5, 53.03
1746628267, 0, 801, 979, 961, 18, 8.06%, 0, 0, 5, 54.59
1746628292, 0, 801, 980, 962, 18, 8.06%, 0, 0, 5, 53.70
1746628379, 0, 801, 981, 963, 18, 8.06%, 0, 0, 5, 53.38
1746628414, 0, 801, 982, 964, 18, 8.06%, 0, 0, 5, 51.94
1746628424, 0, 801, 983, 965, 18, 8.09%, 0, 0, 5, 52.70
1746628511, 0, 801, 984, 966, 18, 8.09%, 0, 0, 5, 54.41
1746628592, 0, 801, 985, 967, 18, 8.09%, 0, 0, 5, 52.57
1746628739, 0, 801, 986, 968, 18, 8.09%, 0, 0, 5, 52.30
1746628760, 0, 801, 987, 969, 18, 8.09%, 0, 0, 5, 52.60
1746628790, 0, 801, 988, 970, 18, 8.09%, 0, 0, 5, 52.55
1746628806, 0, 802, 988, 969, 18, 8.09%, 0, 0, 5, 46.60
1746631270, 0, 802, 989, 970, 18, 8.09%, 0, 0, 5, 39.26
1746631295, 0, 802, 991, 972, 18, 8.09%, 0, 0, 5, 39.31
1746631305, 0, 802, 993, 974, 18, 8.09%, 0, 0, 5, 37.18
1746631326, 0, 802, 995, 976, 18, 8.09%, 0, 0, 5, 38.55
1746631336, 0, 802, 996, 977, 18, 8.09%, 0, 0, 5, 38.77
1746631356, 0, 802, 998, 979, 18, 8.09%, 0, 0, 5, 37.66
1746631428, 0, 802, 999, 980, 18, 8.09%, 0, 0, 5, 39.35
1746631438, 0, 802, 1000, 981, 18, 8.09%, 0, 0, 5, 40.70
1746631459, 0, 802, 1001, 982, 18, 8.09%, 0, 0, 5, 39.87
1746631479, 0, 802, 1002, 983, 18, 8.09%, 0, 0, 5, 39.16
1746631489, 0, 802, 1003, 984, 18, 8.09%, 0, 0, 5, 39.44
1746631566, 0, 802, 1004, 985, 18, 8.09%, 0, 0, 5, 38.70
1746631596, 0, 802, 1006, 987, 18, 8.09%, 0, 0, 5, 38.75
1746631612, 0, 802, 1007, 988, 18, 8.09%, 0, 0, 5, 38.46
1746631617, 0, 802, 1008, 989, 18, 8.09%, 0, 0, 5, 38.69
1746631647, 0, 802, 1009, 990, 18, 8.09%, 0, 0, 5, 39.31
1746631652, 0, 802, 1010, 991, 18, 8.09%, 0, 0, 5, 38.66
1746631693, 0, 802, 1011, 992, 18, 8.10%, 0, 0, 5, 39.75
1746631755, 0, 802, 1012, 993, 18, 8.10%, 0, 0, 5, 38.78
1746631775, 0, 802, 1013, 994, 18, 8.10%, 0, 0, 5, 38.94
1746631780, 0, 802, 1015, 996, 18, 8.10%, 0, 0, 5, 37.94
1746631811, 0, 802, 1016, 997, 18, 8.10%, 0, 0, 5, 38.46
1746631816, 0, 802, 1017, 998, 18, 8.10%, 0, 0, 5, 40.21
1746631826, 0, 802, 1018, 999, 18, 8.10%, 0, 0, 5, 38.61
1746631836, 0, 802, 1019, 1000, 18, 8.10%, 0, 0, 5, 38.93
1746631857, 0, 802, 1020, 1001, 18, 8.10%, 0, 0, 5, 39.04
1746631892, 0, 854, 1020, 1000, 22, 8.10%, 0, 0, 5, 38.95
1746633351, 0, 854, 1021, 1001, 22, 8.10%, 0, 0, 5, 43.40
1746633422, 0, 892, 1021, 1000, 21, 8.10%, 0, 0, 5, 46.11
1746633519, 0, 892, 1022, 1001, 21, 8.10%, 0, 0, 5, 49.11
1746634214, 0, 892, 1023, 1002, 21, 8.10%, 0, 0, 5, 33.82
1746634276, 0, 898, 1023, 1001, 20, 8.10%, 0, 0, 5, 33.59
1746635615, 0, 898, 1024, 1002, 20, 8.10%, 0, 0, 5, 38.36
1746635620, 0, 898, 1025, 1003, 20, 8.10%, 0, 0, 5, 39.44
1746635742, 0, 898, 1026, 1004, 20, 8.10%, 0, 0, 5, 46.70
1746635747, 0, 898, 1027, 1005, 20, 8.10%, 0, 0, 5, 46.79
1746635828, 0, 898, 1028, 1006, 20, 8.10%, 0, 0, 5, 46.15
1746635858, 0, 898, 1029, 1007, 20, 8.11%, 0, 0, 5, 46.46
1746635879, 0, 898, 1030, 1008, 20, 8.11%, 0, 0, 5, 45.68
1746635909, 0, 898, 1031, 1009, 20, 8.11%, 0, 0, 5, 47.89
1746635939, 0, 898, 1033, 1011, 20, 8.11%, 0, 0, 5, 46.91
1746635990, 0, 898, 1034, 1012, 20, 8.11%, 0, 0, 5, 45.27
1746636010, 0, 898, 1035, 1013, 20, 8.11%, 0, 0, 5, 46.10
1746636066, 0, 898, 1036, 1014, 20, 8.11%, 0, 0, 5, 45.19
1746636071, 0, 898, 1038, 1016, 20, 8.11%, 0, 0, 5, 44.39
1746636081, 0, 898, 1039, 1017, 20, 8.11%, 0, 0, 5, 47.53
1746636127, 0, 898, 1040, 1018, 20, 8.11%, 0, 0, 5, 46.92
1746636147, 0, 898, 1041, 1019, 20, 8.11%, 0, 0, 5, 46.81
1746636152, 0, 898, 1042, 1020, 20, 8.11%, 0, 0, 5, 46.72
1746636162, 0, 898, 1043, 1021, 20, 8.11%, 0, 0, 5, 47.32
1746636208, 0, 898, 1044, 1022, 20, 8.11%, 0, 0, 5, 45.31
1746636431, 0, 902, 1044, 1021, 21, 8.11%, 0, 0, 5, 51.43
1746636456, 0, 902, 1045, 1022, 21, 8.11%, 0, 0, 5, 54.80
1746636517, 0, 902, 1046, 1023, 21, 8.11%, 0, 0, 5, 55.01
1746636929, 0, 902, 1047, 1024, 21, 8.12%, 0, 0, 5, 63.13
1746636964, 0, 919, 1047, 1023, 21, 8.12%, 0, 0, 5, 57.46
1746638923, 0, 922, 1047, 1022, 20, 8.12%, 0, 0, 5, 22.82
1746641467, 0, 922, 1048, 1023, 20, 8.12%, 0, 0, 5, 22.01
1746641472, 0, 922, 1049, 1024, 20, 8.12%, 0, 0, 5, 22.51
1746641502, 0, 922, 1050, 1025, 20, 8.12%, 0, 0, 5, 23.57
1746641533, 0, 922, 1052, 1027, 20, 8.12%, 0, 0, 5, 23.22
1746641548, 0, 922, 1053, 1028, 20, 8.12%, 0, 0, 5, 23.13
1746641558, 0, 922, 1054, 1029, 20, 8.12%, 0, 0, 5, 22.22
1746641671, 0, 922, 1055, 1030, 20, 8.12%, 0, 0, 5, 23.44
1746641681, 0, 922, 1056, 1031, 20, 8.12%, 0, 0, 5, 23.41
1746641803, 0, 922, 1057, 1032, 20, 8.12%, 0, 0, 5, 22.67
1746641875, 0, 922, 1058, 1033, 20, 8.12%, 0, 0, 5, 23.20
1746641931, 0, 922, 1059, 1034, 20, 8.13%, 0, 0, 5, 23.31
1746642008, 0, 922, 1060, 1035, 20, 8.13%, 0, 0, 5, 23.77
1746642033, 0, 922, 1061, 1036, 20, 8.13%, 0, 0, 5, 23.33
1746642048, 0, 922, 1062, 1037, 20, 8.13%, 0, 0, 5, 23.51
1746642079, 0, 922, 1063, 1038, 20, 8.13%, 0, 0, 5, 24.67
1746642370, 0, 922, 1064, 1039, 20, 8.13%, 0, 0, 5, 23.34
1746642431, 0, 922, 1065, 1040, 20, 8.13%, 0, 0, 5, 24.09
1746642487, 0, 930, 1065, 1039, 17, 8.13%, 0, 0, 5, 24.88
1746644328, 0, 940, 1065, 1038, 16, 8.13%, 0, 0, 5, 26.05
1746645888, 0, 940, 1066, 1039, 16, 8.13%, 0, 0, 5, 52.95
1746645943, 0, 940, 1067, 1040, 16, 8.13%, 0, 0, 5, 52.48
1746646025, 0, 962, 1067, 1039, 16, 8.13%, 0, 0, 5, 43.25
1746646040, 0, 962, 1068, 1040, 16, 8.13%, 0, 0, 6, 37.40
1746646231, 0, 962, 1069, 1041, 16, 8.13%, 0, 0, 6, 37.26
1746647456, 0, 962, 1070, 1042, 16, 8.17%, 0, 0, 6, 44.69
1746647462, 0, 962, 1071, 1043, 16, 8.18%, 0, 0, 6, 43.45
1746647512, 0, 962, 1072, 1044, 16, 8.18%, 0, 0, 6, 44.67
1746647528, 0, 962, 1073, 1045, 16, 8.18%, 0, 0, 6, 44.66
1746647538, 0, 962, 1074, 1046, 16, 8.18%, 0, 0, 6, 44.03
1746647584, 0, 962, 1075, 1047, 16, 8.18%, 0, 0, 6, 44.43
1746647594, 0, 962, 1076, 1048, 16, 8.18%, 0, 0, 6, 45.04
1746647624, 0, 962, 1077, 1049, 16, 8.18%, 0, 0, 6, 44.01
1746647649, 0, 962, 1078, 1050, 16, 8.18%, 0, 0, 6, 44.02
1746647665, 0, 962, 1079, 1051, 16, 8.18%, 0, 0, 6, 43.97
1746647705, 0, 962, 1080, 1052, 16, 8.18%, 0, 0, 6, 44.47
1746647771, 0, 962, 1081, 1053, 16, 8.18%, 0, 0, 6, 45.22
1746647776, 0, 962, 1082, 1054, 16, 8.18%, 0, 0, 6, 43.78
1746647842, 0, 962, 1083, 1055, 16, 8.18%, 0, 0, 6, 44.43
1746647923, 0, 962, 1084, 1056, 16, 8.18%, 0, 0, 6, 44.28
1746647934, 0, 962, 1085, 1057, 16, 8.18%, 0, 0, 6, 44.65
1746648096, 0, 962, 1087, 1059, 16, 8.19%, 0, 0, 6, 43.67
1746648172, 0, 962, 1088, 1060, 16, 8.19%, 0, 0, 6, 43.92
1746648188, 0, 971, 1088, 1059, 19, 8.19%, 0, 0, 6, 36.81
1746649949, 0, 971, 1089, 1060, 19, 8.19%, 0, 0, 6, 37.27
1746650026, 0, 974, 1089, 1059, 19, 8.19%, 0, 0, 6, 39.67
1746651373, 0, 974, 1090, 1060, 19, 8.19%, 0, 0, 6, 37.01
1746651533, 0, 977, 1090, 1059, 18, 8.19%, 0, 0, 6, 40.25
1746652790, 0, 977, 1091, 1060, 18, 8.19%, 0, 0, 6, 46.60
1746652836, 0, 981, 1091, 1059, 16, 8.19%, 0, 0, 6, 44.86
1746654012, 0, 982, 1091, 1058, 15, 8.19%, 0, 0, 6, 48.55
1746655158, 0, 982, 1092, 1059, 15, 8.21%, 0, 0, 6, 57.23
1746655179, 0, 982, 1093, 1060, 15, 8.21%, 0, 0, 6, 58.48
1746655189, 0, 982, 1094, 1061, 15, 8.21%, 0, 0, 6, 56.98
1746655199, 0, 982, 1095, 1062, 15, 8.24%, 0, 0, 6, 57.52
1746655204, 0, 982, 1096, 1063, 15, 8.24%, 0, 0, 6, 57.60
1746655214, 0, 982, 1097, 1064, 15, 8.24%, 0, 0, 6, 58.80
1746655240, 0, 982, 1099, 1066, 15, 8.24%, 0, 0, 6, 57.17
