# unix_time, cycles_done, cur_path, paths_total, pending_total, pending_favs, map_size, unique_crashes, unique_hangs, max_depth, execs_per_sec
1746611932, 0, 0, 1, 1, 1, 5.02%, 0, 0, 1, 84.21
1746611937, 0, 0, 49, 49, 1, 5.81%, 0, 0, 2, 83.33
1746611942, 0, 0, 86, 86, 1, 6.05%, 0, 0, 2, 49.71
1746611947, 0, 0, 95, 95, 1, 6.05%, 0, 0, 2, 4.24
1746611952, 0, 0, 100, 100, 1, 6.09%, 0, 0, 2, 5.08
1746611958, 0, 0, 103, 103, 1, 6.25%, 0, 0, 2, 5.91
1746611963, 0, 0, 115, 115, 1, 6.32%, 0, 0, 2, 11.49
1746611968, 0, 0, 125, 125, 1, 6.34%, 0, 0, 2, 1.63
1746611974, 0, 0, 138, 138, 1, 6.34%, 0, 0, 2, 48.62
1746611979, 0, 0, 141, 141, 1, 6.36%, 0, 0, 2, 2.99
1746611984, 0, 0, 147, 147, 1, 6.36%, 0, 0, 2, 1.79
1746611989, 0, 0, 152, 152, 1, 6.36%, 0, 0, 2, 8.91
1746611995, 0, 0, 166, 166, 1, 6.36%, 0, 0, 2, 6.97
1746612000, 0, 0, 171, 171, 1, 6.36%, 0, 0, 2, 35.06
1746612005, 0, 0, 176, 176, 1, 6.36%, 0, 0, 2, 5.53
1746612010, 0, 0, 194, 194, 1, 6.36%, 0, 0, 2, 52.62
1746612015, 0, 0, 208, 208, 1, 6.36%, 0, 0, 2, 33.44
1746612020, 0, 0, 213, 213, 1, 6.36%, 0, 0, 2, 59.11
1746612025, 0, 0, 224, 224, 1, 6.36%, 0, 0, 2, 33.16
1746612031, 0, 0, 231, 231, 1, 6.36%, 0, 0, 2, 3.80
1746612036, 0, 0, 246, 246, 1, 6.36%, 0, 0, 2, 25.37
1746612041, 0, 0, 256, 256, 1, 6.36%, 0, 0, 2, 2.25
1746612046, 0, 0, 261, 261, 1, 6.36%, 0, 0, 2, 8.30
1746612051, 0, 0, 269, 269, 1, 6.36%, 0, 0, 2, 43.88
1746612056, 0, 0, 273, 273, 1, 6.36%, 0, 0, 2, 3.36
1746612061, 0, 0, 282, 282, 1, 6.36%, 0, 0, 2, 4.47
1746612067, 0, 0, 288, 288, 1, 6.36%, 0, 0, 2, 2.67
1746612072, 0, 0, 291, 291, 1, 6.36%, 0, 0, 2, 5.08
1746612077, 0, 0, 296, 296, 1, 6.36%, 0, 0, 2, 52.25
1746612083, 0, 0, 310, 310, 1, 6.36%, 0, 0, 2, 5.49
1746612088, 0, 0, 313, 313, 1, 6.36%, 0, 0, 2, 5.36
1746612093, 0, 0, 319, 319, 1, 6.36%, 0, 0, 2, 5.44
1746612098, 0, 0, 323, 323, 1, 6.36%, 0, 0, 2, 31.90
1746612103, 0, 0, 331, 331, 1, 6.36%, 0, 0, 2, 6.06
1746612108, 0, 0, 332, 332, 1, 6.36%, 0, 0, 2, 4.62
1746612114, 0, 0, 338, 338, 1, 6.36%, 0, 0, 2, 1.43
1746612119, 0, 0, 339, 339, 1, 6.36%, 0, 0, 2, 2.32
1746612124, 0, 0, 341, 341, 1, 6.36%, 0, 0, 2, 1.96
1746612129, 0, 0, 348, 348, 1, 6.36%, 0, 0, 2, 3.16
1746612135, 0, 0, 351, 351, 1, 6.36%, 0, 0, 2, 1.44
1746612140, 0, 0, 352, 352, 1, 6.36%, 0, 0, 2, 7.25
1746612145, 0, 0, 353, 353, 1, 6.36%, 0, 0, 2, 5.83
1746612151, 0, 0, 355, 355, 1, 6.36%, 0, 0, 2, 4.17
1746612156, 0, 0, 363, 363, 1, 6.36%, 0, 0, 2, 1.49
1746612161, 0, 0, 365, 365, 1, 6.36%, 0, 0, 2, 57.19
1746612166, 0, 0, 374, 374, 1, 6.36%, 0, 0, 2, 3.88
1746612171, 0, 0, 377, 377, 1, 6.36%, 0, 0, 2, 31.91
1746612176, 0, 0, 378, 378, 1, 6.36%, 0, 0, 2, 2.91
1746612181, 0, 0, 385, 385, 1, 6.63%, 0, 0, 2, 30.70
1746612186, 0, 0, 386, 386, 1, 6.63%, 0, 0, 2, 1.89
1746612192, 0, 0, 392, 392, 1, 6.63%, 0, 0, 2, 3.48
1746612197, 0, 0, 397, 397, 1, 6.63%, 0, 0, 2, 4.33
1746612202, 0, 0, 399, 399, 1, 6.63%, 0, 0, 2, 4.88
1746612207, 0, 0, 404, 404, 1, 6.63%, 0, 0, 2, 26.38
1746612212, 0, 0, 410, 410, 1, 6.63%, 0, 0, 2, 17.92
1746612217, 0, 0, 415, 415, 1, 6.63%, 0, 0, 2, 2.19
1746612222, 0, 0, 418, 418, 1, 6.63%, 0, 0, 2, 3.44
1746612228, 0, 0, 423, 423, 1, 6.63%, 0, 0, 2, 6.80
1746612233, 0, 0, 426, 426, 1, 6.63%, 0, 0, 2, 6.71
1746612238, 0, 0, 431, 431, 1, 6.63%, 0, 0, 2, 4.17
1746612243, 0, 0, 435, 435, 1, 6.63%, 0, 0, 2, 8.14
1746612248, 0, 0, 436, 436, 1, 6.63%, 0, 0, 2, 5.33
1746612254, 0, 0, 442, 442, 1, 6.65%, 0, 0, 2, 2.71
1746612259, 0, 0, 443, 443, 1, 6.65%, 0, 0, 2, 2.36
1746612264, 0, 0, 446, 446, 1, 6.65%, 0, 0, 2, 24.72
1746612270, 0, 0, 448, 448, 1, 6.65%, 0, 0, 2, 1.81
1746612275, 0, 0, 451, 451, 1, 6.65%, 0, 0, 2, 8.38
1746612280, 0, 0, 454, 454, 1, 6.65%, 0, 0, 2, 2.52
1746612285, 0, 0, 459, 459, 1, 6.65%, 0, 0, 2, 2.24
1746612291, 0, 0, 462, 462, 1, 6.65%, 0, 0, 2, 3.29
1746612296, 0, 0, 465, 465, 1, 6.65%, 0, 0, 2, 16.20
1746612301, 0, 0, 467, 467, 1, 6.65%, 0, 0, 2, 2.05
1746612306, 0, 0, 471, 471, 1, 6.65%, 0, 0, 2, 4.51
1746612311, 0, 0, 474, 474, 1, 6.65%, 0, 0, 2, 6.53
1746612317, 0, 0, 479, 479, 1, 6.65%, 0, 0, 2, 12.55
1746612322, 0, 0, 482, 482, 1, 6.65%, 0, 0, 2, 9.96
1746612327, 0, 0, 487, 487, 1, 6.65%, 0, 0, 2, 13.45
1746612332, 0, 0, 489, 489, 1, 6.65%, 0, 0, 2, 28.27
1746612337, 0, 0, 493, 493, 1, 6.65%, 0, 0, 2, 3.07
1746612342, 0, 0, 496, 496, 1, 6.65%, 0, 0, 2, 23.40
1746612347, 0, 0, 499, 499, 1, 6.65%, 0, 0, 2, 28.67
1746612352, 0, 0, 505, 505, 1, 6.79%, 0, 0, 2, 2.40
1746612358, 0, 0, 507, 507, 1, 6.79%, 0, 0, 2, 34.37
1746612363, 0, 0, 510, 510, 1, 6.79%, 0, 0, 2, 5.80
1746612368, 0, 0, 511, 511, 1, 6.79%, 0, 0, 2, 2.59
1746612373, 0, 0, 517, 517, 1, 6.79%, 0, 0, 2, 6.06
1746612378, 0, 0, 522, 522, 1, 6.79%, 0, 0, 2, 42.89
1746612383, 0, 0, 526, 526, 1, 6.79%, 0, 0, 2, 4.08
1746612389, 0, 0, 528, 528, 1, 6.79%, 0, 0, 2, 5.72
1746612394, 0, 0, 534, 534, 1, 6.79%, 0, 0, 2, 38.32
1746612399, 0, 0, 537, 537, 1, 6.79%, 0, 0, 2, 53.14
1746612404, 0, 0, 540, 540, 1, 6.79%, 0, 0, 2, 3.92
1746612409, 0, 0, 542, 542, 1, 6.79%, 0, 0, 2, 3.24
1746612414, 0, 0, 545, 545, 1, 6.79%, 0, 0, 2, 3.16
1746612420, 0, 0, 549, 549, 1, 6.79%, 0, 0, 2, 21.14
1746612425, 0, 0, 552, 552, 1, 6.79%, 0, 0, 2, 3.78
1746612430, 0, 0, 554, 554, 1, 6.79%, 0, 0, 2, 38.75
1746612435, 0, 0, 557, 557, 1, 6.79%, 0, 0, 2, 2.92
1746612440, 0, 0, 559, 559, 1, 6.79%, 0, 0, 2, 1.49
1746612446, 0, 0, 562, 562, 1, 6.79%, 0, 0, 2, 1.43
1746612451, 0, 0, 563, 563, 1, 6.79%, 0, 0, 2, 3.28
1746612456, 0, 0, 565, 565, 1, 6.79%, 0, 0, 2, 4.75
1746612461, 0, 0, 569, 569, 1, 6.79%, 0, 0, 2, 3.55
1746612467, 0, 0, 570, 570, 1, 6.79%, 0, 0, 2, 14.69
1746612472, 0, 0, 572, 572, 1, 6.79%, 0, 0, 2, 1.65
1746612477, 0, 0, 573, 573, 1, 6.79%, 0, 0, 2, 8.68
1746612482, 0, 0, 577, 577, 1, 6.79%, 0, 0, 2, 12.26
1746612487, 0, 0, 580, 580, 1, 6.79%, 0, 0, 2, 3.07
1746612493, 0, 0, 582, 582, 1, 6.79%, 0, 0, 2, 1.74
1746612498, 0, 0, 583, 583, 1, 6.79%, 0, 0, 2, 55.30
1746612503, 0, 0, 589, 589, 1, 6.79%, 0, 0, 2, 8.73
1746612508, 0, 0, 592, 592, 1, 6.79%, 0, 0, 2, 10.68
1746612513, 0, 0, 593, 593, 1, 6.80%, 0, 0, 2, 8.86
1746612518, 0, 0, 596, 596, 1, 6.80%, 0, 0, 2, 23.99
1746612523, 0, 0, 598, 598, 1, 6.80%, 0, 0, 2, 2.29
1746612528, 0, 0, 601, 601, 1, 6.81%, 0, 0, 2, 2.39
1746612539, 0, 0, 605, 605, 1, 6.81%, 0, 0, 2, 23.65
1746612544, 0, 0, 608, 608, 1, 6.81%, 0, 0, 2, 53.56
1746612549, 0, 0, 611, 611, 1, 6.81%, 0, 0, 2, 9.67
1746612560, 0, 0, 613, 613, 1, 6.81%, 0, 0, 2, 34.47
1746612565, 0, 0, 614, 614, 1, 6.81%, 0, 0, 2, 26.56
1746612570, 0, 0, 616, 616, 1, 6.81%, 0, 0, 2, 6.13
1746612576, 0, 0, 618, 618, 1, 6.82%, 0, 0, 2, 34.38
1746612581, 0, 0, 620, 620, 1, 6.82%, 0, 0, 2, 3.32
1746612586, 0, 0, 623, 623, 1, 6.82%, 0, 0, 2, 11.53
1746612591, 0, 0, 625, 625, 1, 6.82%, 0, 0, 2, 31.68
1746612597, 0, 0, 626, 626, 1, 6.82%, 0, 0, 2, 5.39
1746612602, 0, 0, 628, 628, 1, 6.82%, 0, 0, 2, 5.46
1746612607, 0, 0, 629, 629, 1, 6.82%, 0, 0, 2, 7.19
1746612612, 0, 0, 630, 630, 1, 6.82%, 0, 0, 2, 22.83
1746612617, 0, 0, 631, 631, 1, 6.82%, 0, 0, 2, 3.89
1746612623, 0, 0, 634, 634, 1, 6.82%, 0, 0, 2, 4.62
1746612634, 0, 0, 637, 637, 1, 6.82%, 0, 0, 2, 53.92
1746612644, 0, 0, 638, 638, 1, 6.82%, 0, 0, 2, 25.00
1746612649, 0, 0, 639, 639, 1, 6.82%, 0, 0, 2, 4.69
1746612654, 0, 0, 640, 640, 1, 6.82%, 0, 0, 2, 4.48
1746612660, 0, 0, 642, 642, 1, 6.82%, 0, 0, 2, 3.14
1746612670, 0, 0, 644, 644, 1, 6.82%, 0, 0, 2, 6.70
1746612676, 0, 0, 645, 645, 1, 6.82%, 0, 0, 2, 14.03
1746612681, 0, 0, 647, 647, 1, 6.82%, 0, 0, 2, 7.45
1746612686, 0, 0, 648, 648, 1, 6.82%, 0, 0, 2, 2.42
1746612696, 0, 0, 649, 649, 1, 6.82%, 0, 0, 2, 4.23
1746612706, 0, 0, 650, 650, 1, 6.82%, 0, 0, 2, 10.63
1746612711, 0, 0, 652, 652, 1, 6.82%, 0, 0, 2, 20.90
1746612717, 0, 0, 653, 653, 1, 6.82%, 0, 0, 2, 21.48
1746612722, 0, 0, 655, 655, 1, 6.82%, 0, 0, 2, 2.58
1746612727, 0, 0, 656, 656, 1, 6.82%, 0, 0, 2, 2.97
1746612737, 0, 0, 659, 659, 1, 6.82%, 0, 0, 2, 2.79
1746612742, 0, 0, 660, 660, 1, 6.82%, 0, 0, 2, 8.26
1746612753, 0, 0, 663, 663, 1, 6.82%, 0, 0, 2, 24.89
1746612758, 0, 0, 664, 664, 1, 6.82%, 0, 0, 2, 24.67
1746612769, 0, 0, 665, 665, 1, 6.82%, 0, 0, 2, 1.95
1746612774, 0, 0, 666, 666, 1, 6.82%, 0, 0, 2, 8.47
1746612779, 0, 0, 667, 667, 1, 6.82%, 0, 0, 2, 62.97
1746612784, 0, 0, 668, 668, 1, 6.82%, 0, 0, 2, 26.35
1746612789, 0, 0, 669, 669, 1, 6.82%, 0, 0, 2, 10.62
1746612800, 0, 0, 670, 670, 1, 6.82%, 0, 0, 2, 6.72
1746612810, 0, 0, 672, 672, 1, 6.82%, 0, 0, 2, 14.02
1746612816, 0, 0, 673, 673, 1, 6.82%, 0, 0, 2, 1.49
1746612848, 0, 0, 674, 674, 1, 6.82%, 0, 0, 2, 2.57
1746612853, 0, 0, 675, 675, 1, 6.82%, 0, 0, 2, 4.68
1746612868, 0, 0, 676, 676, 1, 6.82%, 0, 0, 2, 18.21
1746612873, 0, 0, 678, 678, 1, 6.82%, 0, 0, 2, 16.04
1746612878, 0, 0, 679, 679, 1, 6.82%, 0, 0, 2, 19.93
1746612884, 0, 0, 680, 680, 1, 6.82%, 0, 0, 2, 2.71
1746612889, 0, 0, 681, 681, 1, 6.82%, 0, 0, 2, 21.14
1746612894, 0, 0, 682, 682, 1, 6.82%, 0, 0, 2, 15.84
1746612910, 0, 0, 684, 684, 1, 6.82%, 0, 0, 2, 11.18
1746612915, 0, 0, 685, 685, 1, 6.82%, 0, 0, 2, 17.70
1746612926, 0, 0, 687, 687, 1, 6.82%, 0, 0, 2, 15.48
1746612936, 0, 0, 688, 688, 1, 6.82%, 0, 0, 2, 19.40
1746612941, 0, 0, 689, 689, 1, 6.82%, 0, 0, 2, 29.72
1746612952, 0, 0, 690, 690, 1, 6.82%, 0, 0, 2, 15.90
1746612978, 0, 0, 691, 691, 1, 6.82%, 0, 0, 2, 2.80
1746613000, 0, 0, 692, 692, 1, 6.82%, 0, 0, 2, 1.44
1746613020, 0, 0, 693, 693, 1, 6.82%, 0, 0, 2, 2.71
1746613046, 0, 0, 695, 695, 1, 6.82%, 0, 0, 2, 32.89
1746613062, 0, 0, 696, 696, 1, 6.82%, 0, 0, 2, 26.19
1746613072, 0, 0, 697, 697, 1, 6.82%, 0, 0, 2, 30.54
1746613093, 0, 0, 698, 698, 1, 6.82%, 0, 0, 2, 4.63
1746613115, 0, 0, 699, 699, 1, 6.82%, 0, 0, 2, 29.17
1746613125, 0, 0, 700, 700, 1, 6.82%, 0, 0, 2, 6.65
1746613167, 0, 0, 702, 702, 1, 6.82%, 0, 0, 2, 22.79
1746613172, 0, 0, 703, 703, 1, 6.82%, 0, 0, 2, 2.56
1746613198, 0, 0, 704, 704, 1, 6.82%, 0, 0, 2, 2.49
1746613203, 0, 0, 706, 706, 1, 6.82%, 0, 0, 2, 22.08
1746613245, 0, 0, 707, 707, 1, 6.82%, 0, 0, 2, 22.89
1746613250, 0, 0, 708, 708, 1, 6.82%, 0, 0, 2, 28.74
1746613255, 0, 0, 709, 709, 1, 6.82%, 0, 0, 2, 10.85
1746613271, 0, 0, 710, 710, 1, 6.82%, 0, 0, 2, 38.68
1746613302, 0, 10, 710, 709, 15, 6.82%, 0, 0, 2, 34.46
1746613317, 0, 10, 711, 710, 15, 6.82%, 0, 0, 3, 11.78
1746613328, 0, 10, 712, 711, 15, 6.82%, 0, 0, 3, 2.20
1746613406, 0, 10, 713, 712, 15, 6.82%, 0, 0, 3, 5.01
1746613422, 0, 10, 714, 713, 15, 6.82%, 0, 0, 3, 37.54
1746613432, 0, 10, 715, 714, 15, 6.82%, 0, 0, 3, 2.41
1746613458, 0, 10, 716, 715, 15, 6.82%, 0, 0, 3, 19.96
1746613463, 0, 10, 717, 716, 15, 6.82%, 0, 0, 3, 37.46
1746613484, 0, 10, 718, 717, 15, 6.82%, 0, 0, 3, 47.92
1746613515, 0, 10, 719, 718, 15, 6.82%, 0, 0, 3, 5.54
1746613583, 0, 10, 720, 719, 15, 6.82%, 0, 0, 3, 2.46
1746613598, 0, 10, 721, 720, 15, 6.82%, 0, 0, 3, 8.61
1746613691, 0, 10, 722, 721, 15, 6.82%, 0, 0, 3, 14.96
1746613696, 0, 10, 723, 722, 15, 6.82%, 0, 0, 3, 21.47
1746613701, 0, 10, 724, 723, 15, 6.82%, 0, 0, 3, 3.26
1746613717, 0, 10, 725, 724, 15, 6.82%, 0, 0, 3, 1.57
1746613743, 0, 10, 726, 725, 15, 6.82%, 0, 0, 3, 46.52
1746613753, 0, 10, 727, 726, 15, 6.82%, 0, 0, 3, 40.00
1746613764, 0, 10, 728, 727, 15, 6.82%, 0, 0, 3, 40.82
1746613774, 0, 10, 729, 728, 15, 6.82%, 0, 0, 3, 8.14
1746613842, 0, 10, 730, 729, 15, 6.82%, 0, 0, 3, 26.52
1746613852, 0, 10, 731, 730, 15, 6.82%, 0, 0, 3, 7.29
1746613873, 0, 17, 732, 730, 14, 6.82%, 0, 0, 3, 55.15
1746613909, 0, 17, 733, 731, 14, 6.82%, 0, 0, 3, 5.09
1746613941, 0, 17, 734, 732, 14, 6.82%, 0, 0, 3, 38.93
1746613957, 0, 17, 735, 733, 14, 6.82%, 0, 0, 3, 52.42
1746613982, 0, 17, 736, 734, 14, 6.82%, 0, 0, 3, 5.03
1746613987, 0, 17, 737, 735, 14, 6.82%, 0, 0, 3, 16.03
1746613998, 0, 17, 738, 736, 14, 6.82%, 0, 0, 3, 11.04
1746614009, 0, 17, 739, 737, 14, 6.82%, 0, 0, 3, 6.60
1746614019, 0, 17, 740, 738, 14, 6.82%, 0, 0, 3, 30.75
1746614034, 0, 17, 741, 739, 14, 6.82%, 0, 0, 3, 25.61
1746614040, 0, 17, 742, 740, 14, 6.82%, 0, 0, 3, 36.16
1746614061, 0, 17, 743, 741, 14, 6.82%, 0, 0, 3, 19.72
1746614066, 0, 17, 744, 742, 14, 6.82%, 0, 0, 3, 24.04
1746614087, 0, 17, 745, 743, 14, 6.82%, 0, 0, 3, 18.76
1746614097, 0, 17, 746, 744, 14, 6.82%, 0, 0, 3, 54.68
1746614103, 0, 17, 747, 745, 14, 6.82%, 0, 0, 3, 17.09
1746614128, 0, 17, 748, 746, 14, 6.82%, 0, 0, 3, 32.83
1746614170, 0, 17, 749, 747, 14, 6.82%, 0, 0, 3, 25.78
1746614195, 0, 17, 750, 748, 14, 6.82%, 0, 0, 3, 56.39
1746614200, 0, 17, 751, 749, 14, 6.82%, 0, 0, 3, 54.95
1746614210, 0, 17, 752, 750, 14, 6.82%, 0, 0, 3, 27.52
1746614221, 0, 17, 753, 751, 14, 6.82%, 0, 0, 3, 3.89
1746614305, 0, 17, 754, 752, 14, 6.82%, 0, 0, 3, 24.38
1746614411, 0, 21, 754, 751, 15, 6.82%, 0, 0, 3, 40.96
1746614447, 0, 21, 755, 752, 15, 6.82%, 0, 0, 3, 29.17
1746614562, 0, 39, 755, 751, 14, 6.82%, 0, 0, 3, 52.19
1746614583, 0, 39, 756, 752, 14, 6.82%, 0, 0, 3, 7.47
1746614722, 0, 52, 756, 751, 14, 6.82%, 0, 0, 3, 21.22
1746614743, 0, 52, 757, 752, 14, 6.82%, 0, 0, 3, 6.24
1746614832, 0, 52, 758, 753, 14, 6.82%, 0, 0, 3, 26.85
1746614858, 0, 52, 759, 754, 14, 6.82%, 0, 0, 3, 23.93
1746615086, 0, 52, 760, 755, 14, 6.82%, 0, 0, 3, 24.39
1746615241, 0, 52, 761, 756, 14, 6.82%, 0, 0, 3, 56.03
1746615246, 0, 52, 762, 757, 14, 6.82%, 0, 0, 3, 5.97
1746615267, 0, 64, 762, 756, 14, 6.82%, 0, 0, 3, 49.06
1746615297, 0, 64, 763, 757, 14, 6.82%, 0, 0, 3, 7.71
1746615370, 0, 64, 764, 758, 14, 6.82%, 0, 0, 3, 3.42
1746615443, 0, 64, 765, 759, 14, 6.82%, 0, 0, 3, 36.55
1746615474, 0, 64, 766, 760, 14, 6.82%, 0, 0, 3, 18.74
1746615489, 0, 64, 767, 761, 14, 6.82%, 0, 0, 3, 2.10
1746615541, 0, 64, 768, 762, 14, 6.82%, 0, 0, 3, 2.60
1746615556, 0, 64, 769, 763, 14, 6.82%, 0, 0, 3, 1.60
1746615562, 0, 64, 770, 764, 14, 6.82%, 0, 0, 3, 3.51
1746615620, 0, 64, 771, 765, 14, 6.82%, 0, 0, 3, 67.63
1746615677, 0, 64, 772, 766, 14, 6.82%, 0, 0, 3, 35.33
1746615692, 0, 64, 773, 767, 14, 6.82%, 0, 0, 3, 22.05
1746615713, 0, 64, 774, 768, 14, 6.82%, 0, 0, 3, 5.07
1746615718, 0, 64, 775, 769, 14, 6.82%, 0, 0, 3, 11.67
1746615739, 0, 64, 776, 770, 14, 6.82%, 0, 0, 3, 24.55
1746615749, 0, 64, 777, 771, 14, 6.82%, 0, 0, 3, 37.16
1746615817, 0, 64, 778, 772, 14, 6.82%, 0, 0, 3, 2.76
1746615864, 0, 139, 778, 771, 12, 6.82%, 0, 0, 3, 36.11
1746615880, 0, 139, 779, 772, 12, 6.82%, 0, 0, 3, 6.26
1746615978, 0, 180, 779, 771, 12, 6.82%, 0, 0, 3, 59.29
1746616057, 0, 212, 779, 770, 12, 6.82%, 0, 0, 3, 7.64
1746616073, 0, 212, 780, 771, 12, 6.82%, 0, 0, 3, 49.79
1746616099, 0, 212, 781, 772, 12, 6.82%, 0, 0, 3, 1.90
1746616259, 0, 212, 783, 774, 12, 6.82%, 0, 0, 3, 48.89
1746616659, 0, 291, 783, 773, 12, 6.82%, 0, 0, 3, 17.58
1746616829, 0, 337, 783, 772, 12, 6.82%, 0, 0, 3, 1.49
1746623616, 0, 512, 784, 772, 11, 6.82%, 0, 0, 3, 32.22
1746623631, 0, 512, 785, 773, 11, 6.82%, 0, 0, 3, 26.86
1746623688, 0, 512, 786, 774, 11, 6.82%, 0, 0, 3, 25.25
1746623714, 0, 512, 787, 775, 11, 6.82%, 0, 0, 3, 1.63
1746623719, 0, 512, 788, 776, 11, 6.82%, 0, 0, 3, 22.75
1746623724, 0, 512, 789, 777, 11, 6.82%, 0, 0, 3, 1.52
1746623797, 0, 512, 790, 778, 11, 6.82%, 0, 0, 3, 17.48
1746623802, 0, 512, 791, 779, 11, 6.82%, 0, 0, 3, 15.28
1746623822, 0, 512, 792, 780, 11, 6.82%, 0, 0, 3, 2.75
1746623828, 0, 512, 793, 781, 11, 6.82%, 0, 0, 3, 21.11
1746623848, 0, 512, 794, 782, 11, 6.82%, 0, 0, 3, 19.01
1746623869, 0, 512, 795, 783, 11, 6.82%, 0, 0, 3, 17.56
1746623879, 0, 512, 796, 784, 11, 6.82%, 0, 0, 3, 25.73
1746623890, 0, 512, 797, 785, 11, 6.82%, 0, 0, 3, 16.82
1746623901, 0, 512, 798, 786, 11, 6.82%, 0, 0, 3, 19.52
1746623916, 0, 512, 800, 788, 11, 6.82%, 0, 0, 3, 18.28
1746623921, 0, 512, 801, 789, 11, 6.82%, 0, 0, 3, 14.37
1746623932, 0, 512, 802, 790, 11, 6.82%, 0, 0, 3, 14.77
1746623963, 0, 512, 803, 791, 11, 6.82%, 0, 0, 3, 20.99
1746624076, 0, 512, 805, 793, 11, 6.82%, 0, 0, 3, 30.56
1746624210, 0, 512, 806, 794, 11, 6.82%, 0, 0, 3, 27.72
1746624220, 0, 512, 807, 795, 11, 6.82%, 0, 0, 3, 26.06
1746624236, 0, 512, 808, 796, 11, 6.82%, 0, 0, 3, 3.76
1746624278, 0, 512, 809, 797, 11, 6.82%, 0, 0, 3, 22.32
1746624288, 0, 512, 810, 798, 11, 6.82%, 0, 0, 3, 18.58
1746624304, 0, 512, 811, 799, 11, 6.82%, 0, 0, 3, 15.37
1746624315, 0, 512, 812, 800, 11, 6.82%, 0, 0, 3, 13.79
1746624336, 0, 512, 813, 801, 11, 6.82%, 0, 0, 3, 4.10
1746624398, 0, 512, 814, 802, 11, 6.82%, 0, 0, 3, 3.55
1746624419, 0, 512, 815, 803, 11, 6.82%, 0, 0, 3, 16.29
1746624434, 0, 512, 816, 804, 11, 6.82%, 0, 0, 3, 24.39
1746624439, 0, 512, 817, 805, 11, 6.82%, 0, 0, 3, 2.43
1746624450, 0, 512, 818, 806, 11, 6.82%, 0, 0, 3, 17.80
1746624476, 0, 512, 819, 807, 11, 6.82%, 0, 0, 3, 19.19
1746624502, 0, 512, 820, 808, 11, 6.82%, 0, 0, 3, 11.04
1746624585, 0, 512, 821, 809, 11, 6.82%, 0, 0, 3, 16.49
1746624621, 0, 512, 822, 810, 11, 6.82%, 0, 0, 3, 18.32
1746624750, 0, 512, 823, 811, 11, 6.82%, 0, 0, 3, 17.61
1746624761, 0, 560, 823, 810, 11, 6.82%, 0, 0, 3, 37.27
1746624889, 0, 611, 823, 809, 10, 6.82%, 0, 0, 3, 15.65
1746625038, 0, 611, 824, 810, 10, 6.82%, 0, 0, 3, 12.38
1746625043, 0, 611, 826, 812, 10, 6.82%, 0, 0, 3, 12.52
1746625048, 0, 611, 828, 814, 10, 6.82%, 0, 0, 3, 12.38
1746625053, 0, 611, 829, 815, 10, 6.82%, 0, 0, 3, 12.38
1746625165, 0, 611, 830, 816, 10, 6.82%, 0, 0, 3, 11.72
1746625201, 0, 611, 831, 817, 10, 6.82%, 0, 0, 3, 11.70
1746625222, 0, 611, 832, 818, 10, 6.82%, 0, 0, 3, 11.20
1746625258, 0, 611, 833, 819, 10, 6.82%, 0, 0, 3, 10.44
1746625309, 0, 611, 834, 820, 10, 6.82%, 0, 0, 3, 14.14
1746625315, 0, 611, 835, 821, 10, 6.82%, 0, 0, 3, 13.39
1746625330, 0, 611, 836, 822, 10, 6.82%, 0, 0, 3, 11.81
1746625335, 0, 611, 838, 824, 10, 6.82%, 0, 0, 3, 15.09
1746625382, 0, 611, 839, 825, 10, 6.82%, 0, 0, 3, 11.92
1746625408, 0, 611, 840, 826, 10, 6.82%, 0, 0, 3, 13.12
1746625419, 0, 611, 841, 827, 10, 6.82%, 0, 0, 3, 1.89
1746625424, 0, 611, 842, 828, 10, 6.82%, 0, 0, 3, 11.28
1746625429, 0, 611, 843, 829, 10, 6.82%, 0, 0, 3, 14.69
1746625444, 0, 611, 844, 830, 10, 6.82%, 0, 0, 3, 15.59
1746625475, 0, 611, 845, 831, 10, 6.82%, 0, 0, 3, 12.99
1746625480, 0, 611, 846, 832, 10, 6.82%, 0, 0, 3, 13.40
1746625486, 0, 611, 847, 833, 10, 6.82%, 0, 0, 3, 14.53
1746625501, 0, 611, 848, 834, 10, 6.82%, 0, 0, 3, 9.59
1746625548, 0, 611, 849, 835, 10, 6.82%, 0, 0, 3, 13.29
1746625553, 0, 611, 850, 836, 10, 6.82%, 0, 0, 3, 5.05
1746625584, 0, 611, 851, 837, 10, 6.82%, 0, 0, 3, 12.78
1746625635, 0, 611, 852, 838, 10, 6.82%, 0, 0, 3, 11.89
1746625671, 0, 611, 853, 839, 10, 6.82%, 0, 0, 3, 13.75
1746625828, 0, 611, 854, 840, 10, 6.82%, 0, 0, 3, 1.94
1746625879, 0, 611, 855, 841, 10, 6.82%, 0, 0, 3, 11.53
1746625967, 0, 611, 856, 842, 10, 6.82%, 0, 0, 3, 14.22
1746626019, 0, 611, 857, 843, 10, 6.82%, 0, 0, 3, 12.94
1746626024, 0, 611, 858, 844, 10, 6.82%, 0, 0, 3, 12.13
1746626035, 0, 611, 859, 845, 10, 6.82%, 0, 0, 3, 10.08
1746626101, 0, 611, 860, 846, 10, 6.82%, 0, 0, 3, 12.11
1746626152, 0, 611, 861, 847, 10, 6.82%, 0, 0, 3, 14.35
1746626174, 0, 611, 862, 848, 10, 6.82%, 0, 0, 3, 12.93
1746626386, 0, 611, 863, 849, 10, 6.82%, 0, 0, 3, 2.30
1746626454, 0, 611, 865, 851, 10, 6.82%, 0, 0, 3, 10.68
1746626459, 0, 611, 866, 852, 10, 6.82%, 0, 0, 3, 13.83
1746626541, 0, 611, 867, 853, 10, 6.82%, 0, 0, 3, 11.50
1746626721, 0, 612, 867, 852, 10, 6.82%, 0, 0, 3, 18.46
1746626860, 0, 622, 867, 851, 9, 6.82%, 0, 0, 3, 4.64
1746627588, 0, 648, 867, 850, 9, 6.82%, 0, 0, 3, 6.15
1746629113, 0, 648, 867, 850, 9, 6.82%, 0, 2, 3, 21.83
1746629134, 0, 648, 867, 850, 9, 6.82%, 0, 3, 3, 3.90
1746629139, 0, 648, 867, 850, 9, 6.82%, 0, 5, 3, 3.49
1746629156, 0, 648, 867, 850, 9, 6.82%, 0, 7, 3, 2.35
1746629166, 0, 648, 867, 850, 9, 6.82%, 0, 10, 3, 2.52
1746629176, 0, 685, 867, 849, 8, 6.82%, 0, 11, 3, 24.11
1746629238, 0, 685, 868, 850, 8, 6.82%, 0, 11, 3, 13.57
1746629248, 0, 685, 868, 850, 8, 6.82%, 0, 12, 3, 11.66
1746629300, 0, 685, 868, 850, 8, 6.82%, 0, 13, 3, 11.64
1746629310, 0, 685, 868, 850, 8, 6.82%, 0, 14, 3, 8.45
1746629357, 0, 685, 868, 850, 8, 6.82%, 0, 15, 3, 21.09
1746629387, 0, 685, 868, 850, 8, 6.82%, 0, 16, 3, 1.39
1746629393, 0, 685, 868, 850, 8, 6.82%, 0, 18, 3, 19.79
1746629403, 0, 685, 868, 850, 8, 6.82%, 0, 19, 3, 7.33
1746629418, 0, 685, 868, 850, 8, 6.82%, 0, 20, 3, 3.50
1746629434, 0, 685, 868, 850, 8, 6.82%, 0, 21, 3, 23.24
1746629439, 0, 685, 868, 850, 8, 6.82%, 0, 22, 3, 4.26
1746629444, 0, 685, 869, 851, 8, 6.82%, 0, 22, 3, 8.36
1746629455, 0, 685, 870, 852, 8, 6.82%, 0, 22, 3, 12.06
1746629476, 0, 685, 870, 852, 8, 6.82%, 0, 23, 3, 4.47
1746629507, 0, 685, 871, 853, 8, 6.82%, 0, 23, 3, 1.91
1746629574, 0, 685, 872, 854, 8, 6.82%, 0, 23, 3, 1.31
1746629616, 0, 685, 873, 855, 8, 6.82%, 0, 23, 3, 16.69
1746629787, 0, 685, 874, 856, 8, 6.82%, 0, 23, 3, 38.29
1746629823, 0, 685, 875, 857, 8, 6.82%, 0, 23, 3, 18.94
1746630035, 0, 690, 875, 856, 8, 6.82%, 0, 23, 3, 16.30
1746630450, 0, 690, 876, 857, 8, 6.82%, 0, 23, 3, 14.65
1746630465, 0, 690, 877, 858, 8, 6.82%, 0, 23, 3, 18.74
1746630481, 0, 690, 878, 859, 8, 6.82%, 0, 23, 3, 14.27
1746630558, 0, 690, 879, 860, 8, 6.82%, 0, 23, 3, 17.94
1746630682, 0, 690, 880, 861, 8, 6.82%, 0, 23, 3, 11.71
1746630739, 0, 690, 881, 862, 8, 6.82%, 0, 23, 3, 1.81
1746630775, 0, 690, 882, 863, 8, 6.83%, 0, 23, 3, 13.95
1746630812, 0, 690, 883, 864, 8, 6.83%, 0, 23, 3, 13.69
1746630899, 0, 690, 884, 865, 8, 6.83%, 0, 23, 3, 13.38
1746630946, 0, 690, 885, 866, 8, 6.83%, 0, 23, 3, 11.48
1746631292, 0, 690, 886, 867, 8, 6.83%, 0, 23, 3, 13.39
1746631364, 0, 690, 887, 868, 8, 6.83%, 0, 23, 3, 4.05
1746631404, 0, 690, 888, 869, 8, 6.83%, 0, 23, 3, 13.45
1746631425, 0, 690, 889, 870, 8, 6.83%, 0, 23, 3, 13.00
1746631436, 0, 690, 890, 871, 8, 6.83%, 0, 23, 3, 11.29
1746631472, 0, 690, 891, 872, 8, 6.83%, 0, 23, 3, 11.90
1746631620, 0, 690, 892, 873, 8, 6.83%, 0, 23, 3, 12.32
1746631641, 0, 690, 893, 874, 8, 6.83%, 0, 23, 3, 11.66
1746631770, 0, 706, 893, 873, 10, 6.83%, 0, 23, 3, 17.42
1746631908, 0, 707, 893, 872, 9, 6.83%, 0, 23, 3, 14.44
1746632611, 0, 738, 893, 871, 9, 6.83%, 0, 23, 3, 12.53
1746632817, 0, 738, 894, 872, 9, 6.83%, 0, 23, 4, 14.52
1746632931, 0, 744, 894, 871, 8, 6.83%, 0, 23, 4, 12.91
1746633785, 0, 744, 895, 872, 8, 6.83%, 0, 23, 4, 4.84
1746633992, 0, 744, 895, 872, 8, 6.83%, 0, 24, 4, 6.55
1746633997, 0, 744, 895, 872, 8, 6.83%, 0, 25, 4, 6.53
1746634035, 0, 744, 895, 872, 8, 6.83%, 0, 26, 4, 6.00
1746634040, 0, 744, 895, 872, 8, 6.83%, 0, 27, 4, 6.24
1746634065, 0, 747, 895, 871, 7, 6.83%, 0, 27, 4, 7.82
1746634487, 0, 756, 895, 870, 6, 6.83%, 0, 27, 4, 2.19
1746634497, 0, 756, 896, 871, 6, 6.83%, 0, 27, 4, 2.00
1746637561, 0, 785, 896, 870, 5, 6.83%, 0, 27, 4, 37.53
1746637757, 0, 875, 896, 869, 4, 6.83%, 0, 27, 4, 11.80
1746637762, 0, 875, 898, 871, 4, 6.83%, 0, 27, 4, 10.34
1746637772, 0, 875, 899, 872, 4, 6.83%, 0, 27, 4, 10.94
1746637778, 0, 875, 900, 873, 4, 6.83%, 0, 27, 4, 11.29
1746637793, 0, 875, 902, 875, 4, 6.83%, 0, 27, 4, 7.87
1746637798, 0, 875, 903, 876, 4, 6.83%, 0, 27, 4, 6.85
1746637803, 0, 875, 904, 877, 4, 6.83%, 0, 27, 4, 6.57
1746637808, 0, 875, 906, 879, 4, 6.83%, 0, 27, 4, 6.20
1746637834, 0, 875, 907, 880, 4, 6.83%, 0, 27, 4, 6.21
1746637870, 0, 875, 909, 882, 4, 6.83%, 0, 27, 4, 7.67
1746637875, 0, 875, 911, 884, 4, 6.83%, 0, 27, 4, 6.69
1746637937, 0, 875, 913, 886, 4, 6.83%, 0, 27, 4, 10.05
1746637942, 0, 875, 914, 887, 4, 6.83%, 0, 27, 4, 8.43
1746637947, 0, 875, 915, 888, 4, 6.83%, 0, 27, 4, 6.93
1746637958, 0, 875, 916, 889, 4, 6.83%, 0, 27, 4, 6.27
1746637999, 0, 875, 917, 890, 4, 6.83%, 0, 27, 4, 7.16
1746638009, 0, 875, 918, 891, 4, 6.83%, 0, 27, 4, 5.68
1746638229, 0, 875, 919, 892, 4, 6.83%, 0, 27, 4, 6.97
1746638775, 0, 875, 920, 893, 4, 6.83%, 0, 27, 4, 12.31
1746638867, 0, 875, 921, 894, 4, 6.83%, 0, 27, 4, 7.23
1746638873, 0, 875, 922, 895, 4, 6.83%, 0, 27, 4, 6.79
1746639006, 0, 875, 923, 896, 4, 6.83%, 0, 27, 4, 12.13
1746639420, 0, 881, 923, 895, 4, 6.83%, 0, 27, 4, 11.43
1746639762, 0, 881, 924, 896, 4, 6.83%, 0, 27, 4, 10.86
1746639773, 0, 881, 925, 897, 4, 6.83%, 0, 27, 4, 10.21
1746639967, 0, 881, 926, 898, 4, 6.83%, 0, 27, 4, 10.99
1746640193, 0, 888, 926, 897, 3, 6.83%, 0, 27, 4, 10.34
1746640240, 0, 888, 927, 898, 3, 6.83%, 0, 27, 4, 6.69
1746640322, 0, 888, 928, 899, 3, 6.83%, 0, 27, 4, 8.06
1746640363, 0, 888, 929, 900, 3, 6.83%, 0, 27, 4, 7.44
1746640383, 0, 888, 930, 901, 3, 6.83%, 0, 27, 4, 8.42
1746640430, 0, 888, 931, 902, 3, 6.83%, 0, 27, 4, 8.98
1746641375, 0, 893, 931, 901, 2, 6.83%, 0, 27, 4, 12.77
1746641756, 0, 900, 931, 900, 1, 6.83%, 0, 27, 4, 12.90
1746643037, 0, 900, 932, 901, 1, 6.83%, 0, 27, 5, 6.83
1746643346, 0, 916, 932, 900, 0, 6.83%, 0, 27, 5, 12.06
1746644455, 0, 916, 933, 901, 0, 6.83%, 0, 27, 5, 5.35
1746644922, 1, 1, 933, 900, 0, 6.83%, 0, 27, 5, 29.87
1746644953, 1, 1, 934, 901, 0, 6.83%, 0, 27, 5, 29.67
1746645084, 1, 1, 935, 902, 0, 6.83%, 0, 27, 5, 2.33
1746645106, 1, 1, 936, 903, 0, 6.83%, 0, 27, 5, 11.48
1746645122, 1, 1, 937, 904, 0, 6.83%, 0, 27, 5, 20.59
1746645153, 1, 1, 938, 905, 0, 6.83%, 0, 27, 5, 2.23
1746645216, 1, 1, 939, 906, 0, 6.83%, 0, 27, 5, 1.47
1746645242, 1, 1, 940, 907, 0, 6.83%, 0, 27, 5, 8.71
1746645279, 1, 1, 941, 908, 0, 6.83%, 0, 27, 5, 3.79
1746645642, 1, 1, 942, 909, 0, 6.83%, 0, 27, 5, 2.59
1746645921, 1, 2, 942, 908, 0, 6.83%, 0, 27, 5, 15.90
1746646026, 1, 3, 942, 907, 0, 6.83%, 0, 27, 5, 35.31
1746646032, 1, 3, 943, 908, 0, 6.83%, 0, 27, 5, 5.13
1746646090, 1, 3, 945, 910, 0, 6.83%, 0, 27, 5, 8.16
1746646167, 1, 3, 946, 911, 0, 6.83%, 0, 27, 5, 36.58
1746646319, 1, 3, 947, 912, 0, 6.83%, 0, 27, 5, 1.92
1746646602, 1, 3, 948, 913, 0, 6.83%, 0, 27, 5, 7.32
1746646717, 1, 3, 949, 914, 0, 6.83%, 0, 27, 5, 19.19
1746646728, 1, 3, 950, 915, 0, 6.83%, 0, 27, 5, 6.57
1746646938, 1, 10, 950, 914, 0, 6.83%, 0, 27, 5, 26.16
1746646960, 1, 11, 950, 914, 0, 6.83%, 0, 27, 5, 5.56
1746647049, 1, 11, 951, 915, 0, 6.83%, 0, 27, 5, 22.15
1746647107, 1, 11, 952, 916, 0, 6.83%, 0, 27, 5, 3.98
1746647413, 1, 14, 952, 915, 0, 6.83%, 0, 27, 5, 5.73
1746647531, 1, 15, 952, 914, 0, 6.83%, 0, 27, 5, 4.09
1746647652, 1, 16, 952, 913, 0, 6.83%, 0, 27, 5, 5.31
1746647773, 1, 17, 952, 912, 0, 6.83%, 0, 27, 5, 14.52
1746647804, 1, 21, 952, 912, 0, 6.83%, 0, 27, 5, 3.77
1746647831, 1, 22, 952, 912, 0, 6.83%, 0, 27, 5, 41.84
1746647947, 1, 24, 952, 911, 0, 6.83%, 0, 27, 5, 1.52
1746648058, 1, 30, 952, 910, 0, 6.83%, 0, 27, 5, 37.26
1746648174, 1, 34, 952, 909, 0, 6.83%, 0, 27, 5, 74.66
1746648284, 1, 43, 952, 908, 0, 6.83%, 0, 27, 5, 35.90
1746648310, 1, 43, 953, 909, 0, 6.83%, 0, 27, 5, 1.69
1746648420, 1, 43, 954, 910, 0, 6.83%, 0, 27, 5, 1.95
1746648436, 1, 43, 955, 911, 0, 6.83%, 0, 27, 5, 6.07
1746648473, 1, 43, 956, 912, 0, 6.83%, 0, 27, 5, 7.53
1746648684, 1, 43, 957, 913, 0, 6.83%, 0, 27, 5, 17.10
1746648940, 1, 43, 958, 914, 0, 6.83%, 0, 27, 5, 8.10
1746649226, 1, 45, 958, 913, 0, 6.83%, 0, 27, 5, 3.08
1746649344, 1, 46, 958, 912, 0, 6.83%, 0, 27, 5, 67.22
1746649453, 1, 47, 958, 911, 0, 6.83%, 0, 27, 5, 9.76
1746649564, 1, 48, 958, 910, 0, 6.83%, 0, 27, 5, 3.38
1746649681, 1, 58, 958, 909, 0, 6.83%, 0, 27, 5, 10.08
1746649796, 1, 63, 958, 908, 0, 6.83%, 0, 27, 5, 1.69
1746649907, 1, 75, 958, 907, 0, 6.83%, 0, 27, 5, 63.31
1746650026, 1, 76, 958, 906, 0, 6.83%, 0, 27, 5, 42.14
1746650114, 1, 76, 959, 907, 0, 6.83%, 0, 27, 5, 1.67
1746650261, 1, 77, 959, 906, 0, 6.83%, 0, 27, 5, 2.34
1746650377, 1, 78, 959, 905, 0, 6.83%, 0, 27, 5, 78.13
1746650397, 1, 78, 960, 906, 0, 6.83%, 0, 27, 5, 17.48
1746650508, 1, 78, 961, 907, 0, 6.83%, 0, 27, 5, 1.48
1746650715, 1, 79, 961, 906, 0, 6.83%, 0, 27, 5, 92.80
1746650835, 1, 90, 961, 905, 0, 6.83%, 0, 27, 5, 39.65
1746650957, 1, 92, 961, 904, 0, 6.83%, 0, 27, 5, 54.97
1746651088, 1, 94, 961, 903, 0, 6.83%, 0, 27, 5, 4.47
1746652286, 1, 97, 961, 902, 0, 6.83%, 0, 27, 5, 9.32
1746652327, 1, 97, 962, 903, 0, 6.83%, 0, 27, 5, 9.46
1746652520, 1, 107, 962, 902, 0, 6.83%, 0, 27, 5, 38.39
1746652647, 1, 126, 962, 901, 0, 6.83%, 0, 27, 5, 7.66
1746652906, 1, 128, 962, 900, 0, 6.83%, 0, 27, 5, 45.17
1746653047, 1, 129, 962, 899, 0, 6.83%, 0, 27, 5, 30.02
1746653169, 1, 130, 962, 898, 0, 6.83%, 0, 27, 5, 22.05
1746653302, 1, 131, 962, 897, 0, 6.83%, 0, 27, 5, 6.71
1746653416, 1, 133, 962, 896, 0, 6.83%, 0, 27, 5, 74.63
1746653538, 1, 135, 962, 895, 0, 6.83%, 0, 27, 5, 63.42
1746653622, 1, 135, 963, 896, 0, 6.83%, 0, 27, 5, 1.61
1746653790, 1, 138, 963, 895, 0, 6.83%, 0, 27, 5, 17.28
1746654283, 1, 142, 963, 894, 0, 6.83%, 0, 27, 5, 45.80
1746654409, 1, 143, 963, 893, 0, 6.83%, 0, 27, 5, 62.34
1746654497, 1, 149, 963, 892, 0, 6.83%, 0, 27, 5, 26.78
1746654586, 1, 161, 963, 891, 0, 6.83%, 0, 27, 5, 30.33
1746654701, 1, 162, 963, 890, 0, 6.83%, 0, 27, 5, 27.44
1746654811, 1, 168, 963, 889, 0, 6.83%, 0, 27, 5, 2.96
