# unix_time, cycles_done, cur_path, paths_total, pending_total, pending_favs, map_size, unique_crashes, unique_hangs, max_depth, execs_per_sec
1746785259, 0, 0, 1, 1, 1, 3.78%, 0, 0, 1, 137.93
1746785264, 0, 0, 44, 44, 1, 5.12%, 0, 0, 2, 143.33
1746785269, 0, 0, 66, 66, 1, 5.13%, 0, 0, 2, 150.97
1746785274, 0, 0, 82, 82, 1, 5.14%, 0, 0, 2, 148.54
1746785279, 0, 0, 94, 94, 1, 5.15%, 0, 0, 2, 148.29
1746785284, 0, 0, 99, 99, 1, 5.15%, 0, 0, 2, 156.12
1746785289, 0, 0, 107, 107, 1, 5.15%, 0, 0, 2, 153.86
1746785295, 0, 0, 115, 115, 1, 5.15%, 0, 0, 2, 153.69
1746785300, 0, 0, 121, 121, 1, 5.16%, 0, 0, 2, 152.31
1746785305, 0, 0, 124, 124, 1, 5.16%, 0, 0, 2, 156.01
1746785310, 0, 0, 130, 130, 1, 5.17%, 0, 0, 2, 155.20
1746785315, 0, 0, 134, 134, 1, 5.17%, 0, 0, 2, 157.62
1746785320, 0, 0, 141, 141, 1, 5.18%, 0, 0, 2, 150.36
1746785325, 0, 0, 142, 142, 1, 5.18%, 0, 0, 2, 158.58
1746785330, 0, 0, 145, 145, 1, 5.18%, 0, 0, 2, 155.65
1746785335, 0, 0, 151, 151, 1, 5.18%, 0, 0, 2, 155.27
1746785340, 0, 0, 152, 152, 1, 5.18%, 0, 0, 2, 158.41
1746785346, 0, 0, 153, 153, 1, 5.18%, 0, 0, 2, 142.21
1746785351, 0, 0, 159, 159, 1, 5.18%, 0, 0, 2, 133.58
1746785356, 0, 0, 160, 160, 1, 5.18%, 0, 0, 2, 139.02
1746785361, 0, 0, 164, 164, 1, 5.18%, 0, 0, 2, 138.25
1746785371, 0, 0, 166, 166, 1, 5.18%, 0, 0, 2, 136.91
1746785376, 0, 0, 169, 169, 1, 5.18%, 0, 0, 2, 137.36
1746785381, 0, 0, 172, 172, 1, 5.19%, 0, 0, 2, 134.77
1746785386, 0, 0, 175, 175, 1, 5.19%, 0, 0, 2, 133.09
1746785391, 0, 0, 176, 176, 1, 5.19%, 0, 0, 2, 138.79
1746785397, 0, 0, 180, 180, 1, 5.19%, 0, 0, 2, 133.74
1746785402, 0, 0, 185, 185, 1, 5.19%, 0, 0, 2, 133.61
1746785407, 0, 0, 186, 186, 1, 5.19%, 0, 0, 2, 138.01
1746785412, 0, 0, 188, 188, 1, 5.19%, 0, 0, 2, 138.85
1746785417, 0, 0, 190, 190, 1, 5.19%, 0, 0, 2, 138.17
1746785422, 0, 0, 191, 191, 1, 5.19%, 0, 0, 2, 139.18
1746785428, 0, 0, 194, 194, 1, 5.22%, 0, 0, 2, 135.27
1746785433, 0, 0, 196, 196, 1, 5.22%, 0, 0, 2, 137.30
1746785438, 0, 0, 200, 200, 1, 5.23%, 0, 0, 2, 133.02
1746785443, 0, 0, 204, 204, 1, 5.23%, 0, 0, 2, 135.83
1746785448, 0, 0, 207, 207, 1, 5.23%, 0, 0, 2, 135.24
1746785453, 0, 0, 210, 210, 1, 5.23%, 0, 0, 2, 137.28
1746785458, 0, 0, 211, 211, 1, 5.23%, 0, 0, 2, 137.93
1746785463, 0, 0, 213, 213, 1, 5.23%, 0, 0, 2, 137.42
1746785469, 0, 0, 216, 216, 1, 5.23%, 0, 0, 2, 132.98
1746785474, 0, 0, 220, 220, 1, 5.23%, 0, 0, 2, 136.56
1746785484, 0, 0, 222, 222, 1, 5.23%, 0, 0, 2, 137.54
1746785489, 0, 0, 225, 225, 1, 5.23%, 0, 0, 2, 136.81
1746785494, 0, 0, 226, 226, 1, 5.23%, 0, 0, 2, 139.20
1746785499, 0, 0, 228, 228, 1, 5.23%, 0, 0, 2, 135.97
1746785504, 0, 1, 228, 227, 13, 5.23%, 0, 0, 2, 139.66
1746785515, 0, 30, 228, 226, 12, 5.23%, 0, 0, 2, 81.17
1746785520, 0, 30, 229, 227, 12, 5.23%, 0, 0, 3, 64.27
1746785525, 0, 30, 232, 230, 12, 5.23%, 0, 0, 3, 60.90
1746785530, 0, 30, 233, 231, 12, 5.23%, 0, 0, 3, 60.25
1746785535, 0, 30, 234, 232, 12, 5.23%, 0, 0, 3, 60.10
1746785576, 0, 30, 236, 234, 12, 5.23%, 0, 0, 3, 60.15
1746785581, 0, 30, 238, 236, 12, 5.23%, 0, 0, 3, 60.17
1746785606, 0, 30, 239, 237, 12, 5.23%, 0, 0, 3, 60.20
1746785657, 0, 30, 240, 238, 12, 5.23%, 0, 0, 3, 60.18
1746785734, 0, 30, 241, 239, 12, 5.23%, 0, 0, 3, 60.02
1746785770, 0, 30, 242, 240, 12, 5.23%, 0, 0, 3, 60.04
1746785796, 0, 30, 243, 241, 12, 5.23%, 0, 0, 3, 60.01
1746785816, 0, 30, 244, 242, 12, 5.23%, 0, 0, 3, 60.00
1746785836, 0, 30, 245, 243, 12, 5.23%, 0, 0, 3, 59.97
1746785847, 0, 30, 264, 262, 12, 5.23%, 0, 0, 3, 60.11
1746785852, 0, 30, 289, 287, 12, 5.26%, 0, 0, 3, 61.61
1746785857, 0, 30, 313, 311, 12, 5.26%, 0, 0, 3, 63.35
1746785862, 0, 30, 331, 329, 12, 5.75%, 0, 0, 3, 64.42
1746785867, 0, 30, 345, 343, 12, 5.75%, 0, 0, 3, 64.65
1746785872, 0, 30, 355, 353, 12, 5.75%, 0, 0, 3, 64.28
1746785878, 0, 30, 366, 364, 12, 5.75%, 0, 0, 3, 65.69
1746785883, 0, 30, 372, 370, 12, 5.75%, 0, 0, 3, 67.13
1746785888, 0, 30, 377, 375, 12, 5.75%, 0, 0, 3, 66.92
1746785893, 0, 30, 387, 385, 12, 5.92%, 0, 0, 3, 63.19
1746785898, 0, 30, 394, 392, 12, 5.92%, 0, 0, 3, 65.99
1746785903, 0, 30, 399, 397, 12, 5.92%, 0, 0, 3, 66.00
1746785908, 0, 30, 404, 402, 12, 5.92%, 0, 0, 3, 65.22
1746785913, 0, 30, 407, 405, 12, 5.94%, 0, 0, 3, 67.91
1746785918, 0, 30, 414, 412, 12, 5.94%, 0, 0, 3, 64.62
1746785924, 0, 30, 419, 417, 12, 5.94%, 0, 0, 3, 64.48
1746785929, 0, 30, 421, 419, 12, 5.94%, 0, 0, 3, 65.87
1746785934, 0, 30, 425, 423, 12, 5.94%, 0, 0, 3, 65.99
1746785939, 0, 30, 427, 425, 12, 5.94%, 0, 0, 3, 68.07
1746785944, 0, 30, 432, 430, 12, 5.94%, 0, 0, 3, 67.94
1746785950, 0, 30, 438, 436, 12, 5.94%, 0, 0, 3, 64.69
1746785955, 0, 30, 441, 439, 12, 5.94%, 0, 0, 3, 66.65
1746785960, 0, 30, 445, 443, 12, 5.94%, 0, 0, 3, 67.45
1746785965, 0, 30, 447, 445, 12, 5.94%, 0, 0, 3, 68.47
1746785970, 0, 30, 449, 447, 12, 5.94%, 0, 0, 3, 67.74
1746785975, 0, 30, 453, 451, 12, 5.94%, 0, 0, 3, 66.88
1746785981, 0, 30, 456, 454, 12, 5.94%, 0, 0, 3, 66.52
1746785986, 0, 30, 461, 459, 12, 5.99%, 0, 0, 3, 67.77
1746785991, 0, 30, 462, 460, 12, 5.99%, 0, 0, 3, 67.10
1746785996, 0, 30, 463, 461, 12, 5.99%, 0, 0, 3, 68.82
1746786001, 0, 30, 464, 462, 12, 5.99%, 0, 0, 3, 68.91
1746786006, 0, 30, 465, 463, 12, 5.99%, 0, 0, 3, 71.02
1746786012, 0, 30, 467, 465, 12, 5.99%, 0, 0, 3, 70.27
1746786017, 0, 30, 468, 466, 12, 5.99%, 0, 0, 3, 67.43
1746786022, 0, 30, 471, 469, 12, 5.99%, 0, 0, 3, 66.86
1746786027, 0, 30, 473, 471, 12, 5.99%, 0, 0, 3, 67.09
1746786032, 0, 30, 475, 473, 12, 5.99%, 0, 0, 3, 66.95
1746786042, 0, 30, 478, 476, 12, 5.99%, 0, 0, 3, 69.18
1746786047, 0, 30, 479, 477, 12, 5.99%, 0, 0, 3, 68.91
1746786053, 0, 30, 481, 479, 12, 5.99%, 0, 0, 3, 68.81
1746786058, 0, 30, 482, 480, 12, 5.99%, 0, 0, 3, 67.45
1746786068, 0, 30, 484, 482, 12, 5.99%, 0, 0, 3, 67.35
1746786073, 0, 30, 485, 483, 12, 5.99%, 0, 0, 3, 70.36
1746786078, 0, 30, 486, 484, 12, 5.99%, 0, 0, 3, 69.25
1746786084, 0, 30, 492, 490, 12, 5.99%, 0, 0, 3, 67.94
1746786089, 0, 30, 495, 493, 12, 5.99%, 0, 0, 3, 65.79
1746786094, 0, 30, 497, 495, 12, 5.99%, 0, 0, 3, 66.88
1746786099, 0, 30, 498, 496, 12, 5.99%, 0, 0, 3, 67.89
1746786104, 0, 30, 499, 497, 12, 5.99%, 0, 0, 3, 69.08
1746786109, 0, 30, 500, 498, 12, 5.99%, 0, 0, 3, 69.21
1746786114, 0, 30, 501, 499, 12, 5.99%, 0, 0, 3, 68.39
1746786130, 0, 30, 503, 501, 12, 5.99%, 0, 0, 3, 67.79
1746786135, 0, 30, 505, 503, 12, 5.99%, 0, 0, 3, 68.87
1746786140, 0, 30, 508, 506, 12, 5.99%, 0, 0, 3, 66.63
1746786145, 0, 30, 509, 507, 12, 5.99%, 0, 0, 3, 68.21
1746786150, 0, 30, 510, 508, 12, 5.99%, 0, 0, 3, 66.63
1746786161, 0, 30, 512, 510, 12, 5.99%, 0, 0, 3, 68.07
1746786171, 0, 30, 514, 512, 12, 5.99%, 0, 0, 3, 69.15
1746786176, 0, 30, 517, 515, 12, 5.99%, 0, 0, 3, 68.70
1746786187, 0, 30, 518, 516, 12, 5.99%, 0, 0, 3, 70.26
1746786197, 0, 30, 520, 518, 12, 5.99%, 0, 0, 3, 68.27
1746786202, 0, 30, 521, 519, 12, 5.99%, 0, 0, 3, 69.54
1746786207, 0, 30, 523, 521, 12, 5.99%, 0, 0, 3, 67.66
1746786217, 0, 30, 524, 522, 12, 5.99%, 0, 0, 3, 65.45
1746786233, 0, 30, 525, 523, 12, 5.99%, 0, 0, 3, 67.59
1746786238, 0, 30, 528, 526, 12, 5.99%, 0, 0, 3, 66.54
1746786243, 0, 86, 530, 527, 16, 5.99%, 0, 0, 3, 74.85
1746786349, 0, 86, 531, 528, 16, 5.99%, 0, 0, 3, 103.64
1746786364, 0, 100, 531, 527, 16, 5.99%, 0, 0, 3, 105.78
1746786481, 0, 146, 531, 526, 15, 5.99%, 0, 0, 3, 97.90
1746786605, 0, 193, 531, 525, 15, 5.99%, 0, 0, 3, 99.69
1746786621, 0, 193, 532, 526, 15, 5.99%, 0, 0, 3, 72.46
1746786631, 0, 193, 534, 528, 15, 5.99%, 0, 0, 3, 72.31
1746786647, 0, 193, 535, 529, 15, 5.99%, 0, 0, 3, 72.26
1746786802, 0, 193, 536, 530, 15, 5.99%, 0, 0, 3, 72.30
1746786859, 0, 193, 537, 531, 15, 5.99%, 0, 0, 3, 71.92
1746786865, 0, 193, 538, 532, 15, 5.99%, 0, 0, 3, 72.23
1746786875, 0, 193, 541, 535, 15, 5.99%, 0, 0, 3, 81.67
1746786880, 0, 193, 542, 536, 15, 5.99%, 0, 0, 3, 81.48
1746786885, 0, 193, 544, 538, 15, 5.99%, 0, 0, 3, 82.25
1746786890, 0, 193, 546, 540, 15, 5.99%, 0, 0, 3, 83.34
1746786895, 0, 193, 547, 541, 15, 5.99%, 0, 0, 3, 82.74
1746786906, 0, 193, 549, 543, 15, 5.99%, 0, 0, 3, 82.50
1746786916, 0, 193, 550, 544, 15, 5.99%, 0, 0, 3, 83.63
1746786926, 0, 193, 551, 545, 15, 5.99%, 0, 0, 3, 81.79
1746786931, 0, 193, 552, 546, 15, 5.99%, 0, 0, 3, 84.34
1746786937, 0, 193, 553, 547, 15, 5.99%, 0, 0, 3, 84.10
1746786942, 0, 193, 554, 548, 15, 5.99%, 0, 0, 3, 84.69
1746786957, 0, 193, 555, 549, 15, 5.99%, 0, 0, 3, 83.70
1746786962, 0, 193, 557, 551, 15, 6.00%, 0, 0, 3, 84.13
1746786978, 0, 193, 558, 552, 15, 6.00%, 0, 0, 3, 80.30
1746786983, 0, 193, 559, 553, 15, 6.00%, 0, 0, 3, 83.09
1746786988, 0, 193, 560, 554, 15, 6.00%, 0, 0, 3, 81.87
1746786998, 0, 193, 561, 555, 15, 6.00%, 0, 0, 3, 83.41
1746787004, 0, 193, 562, 556, 15, 6.00%, 0, 0, 3, 82.22
1746787009, 0, 193, 563, 557, 15, 6.00%, 0, 0, 3, 82.11
1746787014, 0, 193, 564, 558, 15, 6.00%, 0, 0, 3, 82.83
1746787024, 0, 193, 565, 559, 15, 6.00%, 0, 0, 3, 83.35
1746787029, 0, 193, 566, 560, 15, 6.00%, 0, 0, 3, 80.70
1746787045, 0, 193, 567, 561, 15, 6.00%, 0, 0, 3, 83.84
1746787055, 0, 193, 568, 562, 15, 6.00%, 0, 0, 3, 82.13
1746787076, 0, 193, 569, 563, 15, 6.00%, 0, 0, 3, 82.81
1746787102, 0, 193, 570, 564, 15, 6.00%, 0, 0, 3, 84.37
1746787107, 0, 193, 571, 565, 15, 6.00%, 0, 0, 3, 82.97
1746787127, 0, 193, 572, 566, 15, 6.00%, 0, 0, 3, 82.31
1746787132, 0, 193, 573, 567, 15, 6.00%, 0, 0, 3, 82.89
1746787138, 0, 193, 575, 569, 15, 6.00%, 0, 0, 3, 81.41
1746787148, 0, 193, 576, 570, 15, 6.00%, 0, 0, 3, 82.79
1746787153, 0, 193, 577, 571, 15, 6.00%, 0, 0, 3, 84.28
1746787163, 0, 193, 579, 573, 15, 6.00%, 0, 0, 3, 80.05
1746787179, 0, 193, 580, 574, 15, 6.00%, 0, 0, 3, 81.98
1746787215, 0, 193, 581, 575, 15, 6.00%, 0, 0, 3, 84.84
1746787220, 0, 193, 582, 576, 15, 6.00%, 0, 0, 3, 83.73
1746787235, 0, 193, 584, 578, 15, 6.00%, 0, 0, 3, 83.00
1746787256, 0, 193, 586, 580, 15, 6.00%, 0, 0, 3, 81.28
1746787266, 0, 200, 586, 579, 17, 6.00%, 0, 0, 3, 74.10
1746787331, 0, 200, 587, 580, 17, 6.00%, 0, 0, 3, 62.15
1746787663, 0, 200, 588, 581, 17, 6.00%, 0, 0, 3, 66.92
1746787668, 0, 200, 593, 586, 17, 6.00%, 0, 0, 3, 67.56
1746787673, 0, 200, 594, 587, 17, 6.00%, 0, 0, 3, 70.94
1746787683, 0, 200, 596, 589, 17, 6.00%, 0, 0, 3, 70.90
1746787694, 0, 200, 597, 590, 17, 6.00%, 0, 0, 3, 70.53
1746787699, 0, 200, 598, 591, 17, 6.00%, 0, 0, 3, 69.65
1746787709, 0, 200, 599, 592, 17, 6.00%, 0, 0, 3, 70.24
1746787735, 0, 200, 600, 593, 17, 6.00%, 0, 0, 3, 71.22
1746787766, 0, 200, 601, 594, 17, 6.00%, 0, 0, 3, 72.37
1746787771, 0, 200, 602, 595, 17, 6.00%, 0, 0, 3, 71.98
1746787823, 0, 200, 603, 596, 17, 6.00%, 0, 0, 3, 71.93
1746787849, 0, 200, 604, 597, 17, 6.00%, 0, 0, 3, 67.95
1746787890, 0, 200, 605, 598, 17, 6.00%, 0, 0, 3, 71.63
1746787916, 0, 200, 606, 599, 17, 6.00%, 0, 0, 3, 71.15
1746787957, 0, 200, 607, 600, 17, 6.00%, 0, 0, 3, 71.45
1746788019, 0, 200, 608, 601, 17, 6.00%, 0, 0, 3, 70.74
1746788050, 0, 200, 609, 602, 17, 6.00%, 0, 0, 3, 71.08
1746788122, 0, 243, 609, 601, 16, 6.00%, 0, 0, 3, 70.94
1746788473, 0, 285, 609, 600, 16, 6.00%, 0, 0, 3, 65.97
1746788788, 0, 386, 609, 599, 16, 6.00%, 0, 0, 3, 70.03
1746789120, 0, 386, 610, 600, 16, 6.00%, 0, 0, 4, 79.89
1746789140, 0, 432, 610, 599, 15, 6.00%, 0, 0, 4, 69.82
1746789468, 0, 432, 611, 600, 15, 6.00%, 0, 0, 4, 71.02
1746789473, 0, 432, 612, 601, 15, 6.00%, 0, 0, 4, 69.63
1746789499, 0, 432, 613, 602, 15, 6.00%, 0, 0, 4, 71.37
1746789536, 0, 432, 614, 603, 15, 6.00%, 0, 0, 4, 70.23
1746789546, 0, 432, 615, 604, 15, 6.00%, 0, 0, 4, 68.19
1746789587, 0, 432, 616, 605, 15, 6.00%, 0, 0, 4, 72.07
1746789608, 0, 432, 617, 606, 15, 6.00%, 0, 0, 4, 70.87
1746789654, 0, 432, 618, 607, 15, 6.09%, 0, 0, 4, 71.72
1746789665, 0, 432, 619, 608, 15, 6.09%, 0, 0, 4, 70.44
1746789696, 0, 432, 620, 609, 15, 6.09%, 0, 0, 4, 70.52
1746789711, 0, 432, 621, 610, 15, 6.09%, 0, 0, 4, 71.13
1746789784, 0, 432, 622, 611, 15, 6.09%, 0, 0, 4, 70.10
1746789789, 0, 432, 623, 612, 15, 6.09%, 0, 0, 4, 68.53
1746789825, 0, 432, 624, 613, 15, 6.09%, 0, 0, 4, 69.83
1746789918, 0, 433, 625, 613, 13, 6.09%, 0, 0, 4, 66.74
1746789933, 0, 433, 626, 614, 13, 6.09%, 0, 0, 4, 54.83
1746790347, 0, 433, 631, 619, 13, 6.09%, 0, 0, 4, 60.67
1746790352, 0, 433, 634, 622, 13, 6.09%, 0, 0, 4, 63.14
1746790357, 0, 433, 637, 625, 13, 6.09%, 0, 0, 4, 61.09
1746790367, 0, 433, 639, 627, 13, 6.09%, 0, 0, 4, 64.05
1746790372, 0, 433, 640, 628, 13, 6.09%, 0, 0, 4, 62.98
1746790383, 0, 433, 641, 629, 13, 6.09%, 0, 0, 4, 63.79
1746790398, 0, 433, 643, 631, 13, 6.09%, 0, 0, 4, 62.66
1746790403, 0, 433, 644, 632, 13, 6.09%, 0, 0, 4, 62.19
1746790429, 0, 433, 645, 633, 13, 6.09%, 0, 0, 4, 61.07
1746790434, 0, 433, 646, 634, 13, 6.09%, 0, 0, 4, 62.37
1746790444, 0, 433, 647, 635, 13, 6.09%, 0, 0, 4, 62.26
1746790449, 0, 433, 648, 636, 13, 6.09%, 0, 0, 4, 62.08
1746790464, 0, 433, 649, 637, 13, 6.09%, 0, 0, 4, 62.07
1746790469, 0, 433, 650, 638, 13, 6.09%, 0, 0, 4, 61.95
1746790475, 0, 433, 651, 639, 13, 6.09%, 0, 0, 4, 62.52
1746790505, 0, 433, 652, 640, 13, 6.09%, 0, 0, 4, 61.34
1746790520, 0, 433, 653, 641, 13, 6.09%, 0, 0, 4, 62.95
1746790566, 0, 433, 654, 642, 13, 6.09%, 0, 0, 4, 62.69
1746790653, 0, 433, 655, 643, 13, 6.09%, 0, 0, 4, 61.70
1746790674, 0, 433, 656, 644, 13, 6.09%, 0, 0, 4, 63.08
1746790684, 0, 433, 657, 645, 13, 6.09%, 0, 0, 4, 62.21
1746790715, 0, 433, 658, 646, 13, 6.09%, 0, 0, 4, 63.03
1746790720, 0, 433, 659, 647, 13, 6.09%, 0, 0, 4, 61.41
1746790736, 0, 433, 660, 648, 13, 6.09%, 0, 0, 4, 61.80
1746790787, 0, 433, 661, 649, 13, 6.09%, 0, 0, 4, 60.64
1746790802, 0, 433, 662, 650, 13, 6.09%, 0, 0, 4, 62.33
1746790812, 0, 433, 663, 651, 13, 6.09%, 0, 0, 4, 63.01
1746790848, 0, 433, 664, 652, 13, 6.09%, 0, 0, 4, 62.99
1746790868, 0, 445, 664, 651, 14, 6.09%, 0, 0, 4, 58.97
1746791379, 0, 456, 664, 650, 13, 6.09%, 0, 0, 4, 46.18
1746791394, 0, 456, 666, 652, 13, 6.09%, 0, 0, 4, 37.33
1746791400, 0, 456, 667, 653, 13, 6.09%, 0, 0, 4, 37.35
1746791405, 0, 456, 668, 654, 13, 6.09%, 0, 0, 4, 37.26
1746791467, 0, 456, 669, 655, 13, 6.09%, 0, 0, 4, 37.26
1746791575, 0, 456, 670, 656, 13, 6.09%, 0, 0, 4, 37.26
1746792492, 0, 456, 676, 662, 13, 6.09%, 0, 0, 4, 38.14
1746792497, 0, 456, 686, 672, 13, 6.09%, 0, 0, 4, 40.41
1746792503, 0, 456, 692, 678, 13, 6.10%, 0, 0, 4, 39.94
1746792508, 0, 456, 699, 685, 13, 6.10%, 0, 0, 4, 42.37
1746792513, 0, 456, 701, 687, 13, 6.10%, 0, 0, 4, 42.44
1746792518, 0, 456, 704, 690, 13, 6.10%, 0, 0, 4, 41.63
1746792523, 0, 456, 706, 692, 13, 6.10%, 0, 0, 4, 42.37
1746792528, 0, 456, 707, 693, 13, 6.10%, 0, 0, 4, 43.37
1746792533, 0, 456, 708, 694, 13, 6.10%, 0, 0, 4, 43.62
1746792538, 0, 456, 709, 695, 13, 6.10%, 0, 0, 4, 42.75
1746792543, 0, 456, 710, 696, 13, 6.10%, 0, 0, 4, 42.13
1746792548, 0, 456, 712, 698, 13, 6.10%, 0, 0, 4, 42.51
1746792553, 0, 456, 713, 699, 13, 6.10%, 0, 0, 4, 43.63
1746792559, 0, 456, 714, 700, 13, 6.10%, 0, 0, 4, 42.48
1746792564, 0, 456, 718, 704, 13, 6.17%, 0, 0, 4, 41.27
1746792569, 0, 456, 721, 707, 13, 6.17%, 0, 0, 4, 42.25
1746792574, 0, 456, 723, 709, 13, 6.17%, 0, 0, 4, 41.99
1746792589, 0, 456, 724, 710, 13, 6.17%, 0, 0, 4, 42.61
1746792594, 0, 456, 725, 711, 13, 6.17%, 0, 0, 4, 43.75
1746792604, 0, 456, 727, 713, 13, 6.17%, 0, 0, 4, 43.53
1746792624, 0, 456, 729, 715, 13, 6.17%, 0, 0, 4, 41.99
1746792630, 0, 456, 731, 717, 13, 6.17%, 0, 0, 4, 42.30
1746792650, 0, 456, 732, 718, 13, 6.37%, 0, 0, 4, 44.12
1746792660, 0, 456, 733, 719, 13, 6.37%, 0, 0, 4, 42.85
1746792670, 0, 456, 736, 722, 13, 6.37%, 0, 0, 4, 41.30
1746792675, 0, 456, 737, 723, 13, 6.38%, 0, 0, 4, 42.40
1746792706, 0, 456, 738, 724, 13, 6.38%, 0, 0, 4, 42.52
1746792711, 0, 456, 739, 725, 13, 6.38%, 0, 0, 4, 43.11
1746792751, 0, 456, 740, 726, 13, 6.38%, 0, 0, 4, 42.68
1746792757, 0, 456, 741, 727, 13, 6.38%, 0, 0, 4, 41.74
1746792762, 0, 456, 742, 728, 13, 6.38%, 0, 0, 4, 42.41
1746792767, 0, 456, 743, 729, 13, 6.38%, 0, 0, 4, 43.15
1746792792, 0, 456, 744, 730, 13, 6.38%, 0, 0, 4, 42.61
1746792802, 0, 456, 745, 731, 13, 6.38%, 0, 0, 4, 42.47
1746792843, 0, 456, 746, 732, 13, 6.38%, 0, 0, 4, 43.04
1746792853, 0, 456, 747, 733, 13, 6.38%, 0, 0, 4, 42.91
1746792883, 0, 456, 748, 734, 13, 6.38%, 0, 0, 4, 42.37
1746792904, 0, 456, 750, 736, 13, 6.38%, 0, 0, 4, 42.55
1746792955, 0, 456, 751, 737, 13, 6.38%, 0, 0, 4, 43.02
1746792960, 0, 456, 752, 738, 13, 6.38%, 0, 0, 4, 42.61
1746792975, 0, 456, 753, 739, 13, 6.38%, 0, 0, 4, 42.98
1746792980, 0, 456, 754, 740, 13, 6.38%, 0, 0, 4, 42.98
1746792985, 0, 456, 755, 741, 13, 6.38%, 0, 0, 4, 42.71
1746793000, 0, 456, 756, 742, 13, 6.38%, 0, 0, 4, 43.59
1746793005, 0, 456, 757, 743, 13, 6.38%, 0, 0, 4, 41.96
1746793071, 0, 456, 758, 744, 13, 6.38%, 0, 0, 4, 43.14
1746793081, 0, 466, 758, 743, 10, 6.38%, 0, 0, 4, 49.11
1746793393, 0, 533, 758, 742, 10, 6.38%, 0, 0, 4, 74.17
1746793662, 0, 580, 758, 741, 9, 6.38%, 0, 0, 4, 76.82
1746793687, 0, 580, 759, 742, 9, 6.38%, 0, 0, 4, 69.77
1746793948, 0, 580, 760, 743, 9, 6.38%, 0, 0, 4, 77.71
1746793969, 0, 583, 760, 742, 8, 6.38%, 0, 0, 4, 79.50
1746794413, 0, 583, 761, 743, 8, 6.38%, 0, 0, 4, 59.81
1746794428, 0, 583, 762, 744, 8, 6.38%, 0, 0, 4, 67.42
1746794439, 0, 583, 764, 746, 8, 6.40%, 0, 0, 4, 65.79
1746794449, 0, 583, 765, 747, 8, 6.40%, 0, 0, 4, 67.66
1746794501, 0, 583, 767, 749, 8, 6.40%, 0, 0, 4, 63.85
1746794695, 0, 583, 768, 750, 8, 6.40%, 0, 0, 4, 65.86
1746794752, 0, 583, 769, 751, 8, 6.40%, 0, 0, 4, 63.85
1746794794, 0, 583, 770, 752, 8, 6.40%, 0, 0, 4, 66.84
1746794799, 0, 583, 771, 753, 8, 6.40%, 0, 0, 4, 64.74
1746794819, 0, 583, 772, 754, 8, 6.40%, 0, 0, 4, 66.60
1746794892, 0, 583, 773, 755, 8, 6.40%, 0, 0, 4, 64.60
1746794912, 0, 594, 773, 754, 11, 6.40%, 0, 0, 4, 70.39
1746795163, 0, 671, 773, 753, 10, 6.40%, 0, 0, 4, 83.49
1746796158, 0, 676, 773, 752, 9, 6.40%, 0, 0, 4, 44.36
1746797133, 0, 717, 773, 751, 8, 6.40%, 0, 0, 4, 42.99
1746797149, 0, 717, 775, 753, 8, 6.41%, 0, 0, 5, 37.00
1746797154, 0, 717, 776, 754, 8, 6.41%, 0, 0, 5, 37.19
1746797159, 0, 717, 777, 755, 8, 6.41%, 0, 0, 5, 37.01
1746797164, 0, 717, 778, 756, 8, 6.41%, 0, 0, 5, 36.95
1746797340, 0, 717, 780, 758, 8, 6.41%, 0, 0, 5, 37.01
1746797345, 0, 717, 781, 759, 8, 6.41%, 0, 0, 5, 36.47
1746798212, 0, 717, 782, 760, 8, 6.41%, 0, 0, 5, 36.47
1746798268, 0, 717, 784, 762, 8, 6.41%, 0, 0, 5, 39.01
1746798273, 0, 717, 788, 766, 8, 6.41%, 0, 0, 5, 40.50
1746798278, 0, 717, 789, 767, 8, 6.41%, 0, 0, 5, 42.54
1746798283, 0, 717, 792, 770, 8, 6.41%, 0, 0, 5, 41.49
1746798288, 0, 717, 793, 771, 8, 6.41%, 0, 0, 5, 42.00
1746798293, 0, 717, 798, 776, 8, 6.41%, 0, 0, 5, 40.98
1746798299, 0, 717, 799, 777, 8, 6.41%, 0, 0, 5, 42.17
1746798304, 0, 717, 801, 779, 8, 6.42%, 0, 0, 5, 41.38
1746798314, 0, 717, 804, 782, 8, 6.42%, 0, 0, 5, 41.88
1746798319, 0, 717, 805, 783, 8, 6.42%, 0, 0, 5, 42.37
1746798334, 0, 717, 807, 785, 8, 6.42%, 0, 0, 5, 41.43
1746798339, 0, 717, 808, 786, 8, 6.42%, 0, 0, 5, 42.39
1746798355, 0, 717, 809, 787, 8, 6.42%, 0, 0, 5, 42.24
1746798360, 0, 717, 811, 789, 8, 6.43%, 0, 0, 5, 41.33
1746798365, 0, 717, 813, 791, 8, 6.43%, 0, 0, 5, 41.75
1746798370, 0, 717, 815, 793, 8, 6.43%, 0, 0, 5, 41.95
1746798375, 0, 717, 817, 795, 8, 6.43%, 0, 0, 5, 41.62
1746798395, 0, 717, 818, 796, 8, 6.43%, 0, 0, 5, 41.91
1746798400, 0, 717, 820, 798, 8, 6.43%, 0, 0, 5, 42.40
1746798410, 0, 717, 821, 799, 8, 6.43%, 0, 0, 5, 42.76
1746798415, 0, 717, 822, 800, 8, 6.43%, 0, 0, 5, 42.65
1746798426, 0, 717, 823, 801, 8, 6.43%, 0, 0, 5, 42.50
1746798431, 0, 717, 824, 802, 8, 6.43%, 0, 0, 5, 42.23
1746798436, 0, 717, 825, 803, 8, 6.43%, 0, 0, 5, 42.65
1746798446, 0, 717, 826, 804, 8, 6.43%, 0, 0, 5, 42.56
1746798456, 0, 717, 827, 805, 8, 6.43%, 0, 0, 5, 42.78
1746798461, 0, 717, 828, 806, 8, 6.43%, 0, 0, 5, 42.08
1746798481, 0, 717, 829, 807, 8, 6.43%, 0, 0, 5, 41.62
1746798486, 0, 717, 830, 808, 8, 6.43%, 0, 0, 5, 42.67
1746798517, 0, 717, 831, 809, 8, 6.43%, 0, 0, 5, 41.82
1746798522, 0, 717, 832, 810, 8, 6.43%, 0, 0, 5, 41.68
1746798532, 0, 717, 833, 811, 8, 6.43%, 0, 0, 5, 41.60
1746798542, 0, 717, 834, 812, 8, 6.43%, 0, 0, 5, 42.76
1746798588, 0, 717, 835, 813, 8, 6.43%, 0, 0, 5, 41.62
1746798598, 0, 717, 836, 814, 8, 6.43%, 0, 0, 5, 41.70
1746798644, 0, 717, 837, 815, 8, 6.43%, 0, 0, 5, 42.22
1746798649, 0, 717, 839, 817, 8, 6.43%, 0, 0, 5, 41.59
1746798674, 0, 717, 840, 818, 8, 6.43%, 0, 0, 5, 43.15
1746798710, 0, 717, 841, 819, 8, 6.43%, 0, 0, 5, 41.77
1746798735, 0, 717, 842, 820, 8, 6.43%, 0, 0, 5, 41.38
1746798766, 0, 717, 843, 821, 8, 6.43%, 0, 0, 5, 41.61
1746798776, 0, 717, 844, 822, 8, 6.43%, 0, 0, 5, 42.30
1746798786, 0, 717, 845, 823, 8, 6.43%, 0, 0, 5, 42.89
1746798791, 0, 717, 846, 824, 8, 6.43%, 0, 0, 5, 42.02
1746798806, 0, 717, 847, 825, 8, 6.43%, 0, 0, 5, 43.49
1746798822, 0, 717, 848, 826, 8, 6.43%, 0, 0, 5, 40.93
1746798842, 0, 717, 849, 827, 8, 6.43%, 0, 0, 5, 43.08
1746798862, 0, 718, 850, 827, 16, 6.43%, 0, 0, 5, 36.20
1746800491, 0, 718, 851, 828, 16, 6.43%, 0, 0, 5, 34.44
1746800496, 0, 718, 852, 829, 16, 6.43%, 0, 0, 5, 35.78
1746800516, 0, 718, 853, 830, 16, 6.43%, 0, 0, 5, 36.50
1746800521, 0, 718, 854, 831, 16, 6.43%, 0, 0, 5, 36.88
1746800526, 0, 718, 855, 832, 16, 6.43%, 0, 0, 5, 36.21
1746800567, 0, 718, 856, 833, 16, 6.43%, 0, 0, 5, 36.10
1746800572, 0, 718, 857, 834, 16, 6.43%, 0, 0, 5, 36.01
1746800588, 0, 718, 859, 836, 16, 6.43%, 0, 0, 5, 36.00
1746800644, 0, 718, 860, 837, 16, 6.43%, 0, 0, 5, 36.68
1746800660, 0, 718, 862, 839, 16, 6.43%, 0, 0, 5, 36.71
1746800665, 0, 718, 863, 840, 16, 6.43%, 0, 0, 5, 36.33
1746800670, 0, 718, 864, 841, 16, 6.43%, 0, 0, 5, 35.19
1746800701, 0, 718, 865, 842, 16, 6.43%, 0, 0, 5, 35.50
1746800798, 0, 718, 866, 843, 16, 6.43%, 0, 0, 5, 35.79
1746800819, 0, 718, 867, 844, 16, 6.43%, 0, 0, 5, 36.49
1746800962, 0, 718, 868, 845, 16, 6.43%, 0, 0, 5, 36.11
1746801044, 0, 718, 869, 846, 16, 6.43%, 0, 0, 5, 37.18
1746801059, 0, 718, 870, 847, 16, 6.43%, 0, 0, 5, 35.51
1746801075, 0, 718, 871, 848, 16, 6.43%, 0, 0, 5, 36.27
1746801111, 0, 718, 873, 850, 16, 6.44%, 0, 0, 5, 35.55
1746801131, 0, 718, 874, 851, 16, 6.44%, 0, 0, 5, 36.67
1746801152, 0, 718, 875, 852, 16, 6.44%, 0, 0, 5, 35.81
1746801167, 0, 762, 875, 851, 16, 6.44%, 0, 0, 5, 51.25
1746801177, 0, 762, 876, 852, 16, 6.44%, 0, 0, 5, 54.73
1746801499, 0, 762, 877, 853, 16, 6.44%, 0, 0, 5, 54.88
1746801605, 0, 762, 878, 854, 16, 6.44%, 0, 0, 5, 54.32
1746801630, 0, 762, 879, 855, 16, 6.44%, 0, 0, 5, 64.46
1746801636, 0, 762, 881, 857, 16, 6.44%, 0, 0, 5, 61.28
1746801676, 0, 762, 882, 858, 16, 6.44%, 0, 0, 5, 62.70
1746801743, 0, 762, 883, 859, 16, 6.44%, 0, 0, 5, 62.11
1746801748, 0, 762, 884, 860, 16, 6.44%, 0, 0, 5, 62.87
1746801923, 0, 762, 885, 861, 16, 6.44%, 0, 0, 5, 64.10
1746802129, 0, 764, 885, 860, 14, 6.44%, 0, 0, 5, 59.26
1746802682, 0, 778, 885, 859, 13, 6.44%, 0, 0, 5, 57.23
1746802739, 0, 778, 886, 860, 13, 6.44%, 0, 0, 6, 37.39
1746803745, 0, 778, 887, 861, 13, 6.44%, 0, 0, 6, 37.21
1746803817, 0, 784, 887, 860, 14, 6.44%, 0, 0, 6, 42.78
1746804966, 0, 787, 887, 859, 13, 6.44%, 0, 0, 6, 40.68
1746804992, 0, 787, 888, 860, 13, 6.44%, 0, 0, 6, 36.95
1746806048, 0, 787, 889, 861, 13, 6.44%, 0, 0, 6, 36.93
1746806110, 0, 787, 890, 862, 13, 6.44%, 0, 0, 6, 43.27
1746806161, 0, 796, 890, 861, 12, 6.44%, 0, 0, 6, 42.70
1746807041, 0, 796, 891, 862, 12, 6.44%, 0, 0, 6, 48.35
1746807051, 0, 796, 892, 863, 12, 6.44%, 0, 0, 6, 49.87
1746807173, 0, 815, 892, 862, 12, 6.44%, 0, 0, 6, 37.27
1746807421, 0, 815, 893, 863, 12, 6.44%, 0, 0, 6, 33.77
1746808249, 0, 815, 894, 864, 12, 6.44%, 0, 0, 6, 33.75
1746808546, 0, 815, 895, 865, 12, 6.44%, 0, 0, 6, 39.09
1746808587, 0, 815, 896, 866, 12, 6.44%, 0, 0, 6, 39.23
1746808613, 0, 815, 897, 867, 12, 6.44%, 0, 0, 6, 38.61
1746808618, 0, 815, 898, 868, 12, 6.44%, 0, 0, 6, 38.58
1746808643, 0, 815, 899, 869, 12, 6.44%, 0, 0, 6, 39.03
1746808669, 0, 815, 900, 870, 12, 6.44%, 0, 0, 6, 38.77
1746808679, 0, 815, 901, 871, 12, 6.44%, 0, 0, 6, 38.70
1746808725, 0, 815, 902, 872, 12, 6.44%, 0, 0, 6, 39.12
1746808735, 0, 815, 903, 873, 12, 6.44%, 0, 0, 6, 39.45
1746808751, 0, 815, 904, 874, 12, 6.44%, 0, 0, 6, 39.30
1746808766, 0, 815, 905, 875, 12, 6.44%, 0, 0, 6, 38.17
1746808828, 0, 815, 906, 876, 12, 6.44%, 0, 0, 6, 38.64
1746808889, 0, 815, 907, 877, 12, 6.44%, 0, 0, 6, 37.86
1746808910, 0, 815, 908, 878, 12, 6.44%, 0, 0, 6, 38.24
1746808915, 0, 815, 909, 879, 12, 6.44%, 0, 0, 6, 38.40
1746808950, 0, 815, 910, 880, 12, 6.44%, 0, 0, 6, 39.06
1746808986, 0, 815, 911, 881, 12, 6.44%, 0, 0, 6, 37.23
1746808991, 0, 815, 912, 882, 12, 6.44%, 0, 0, 6, 38.67
1746809006, 0, 815, 913, 883, 12, 6.44%, 0, 0, 6, 39.05
1746809058, 0, 815, 914, 884, 12, 6.44%, 0, 0, 6, 39.22
1746809088, 0, 815, 915, 885, 12, 6.44%, 0, 0, 6, 39.70
1746809124, 0, 815, 916, 886, 12, 6.44%, 0, 0, 6, 38.89
1746809150, 0, 815, 917, 887, 12, 6.44%, 0, 0, 6, 38.69
1746809165, 0, 848, 917, 886, 11, 6.44%, 0, 0, 6, 34.04
1746811109, 0, 848, 918, 887, 11, 6.44%, 0, 0, 6, 36.10
1746811170, 0, 871, 918, 886, 10, 6.44%, 0, 0, 6, 30.47
1746811201, 0, 871, 919, 887, 10, 6.44%, 0, 0, 6, 22.76
1746814473, 0, 871, 920, 888, 10, 6.44%, 0, 0, 6, 22.75
1746814962, 0, 871, 925, 893, 10, 6.44%, 0, 0, 6, 23.45
1746814967, 0, 871, 928, 896, 10, 6.44%, 0, 0, 6, 25.31
1746814972, 0, 871, 931, 899, 10, 6.44%, 0, 0, 6, 26.09
1746814978, 0, 871, 934, 902, 10, 6.44%, 0, 0, 6, 25.54
1746814983, 0, 871, 936, 904, 10, 6.44%, 0, 0, 6, 25.78
1746814988, 0, 871, 941, 909, 10, 6.44%, 0, 0, 6, 24.69
1746814998, 0, 871, 944, 912, 10, 6.44%, 0, 0, 6, 25.43
1746815003, 0, 871, 945, 913, 10, 6.44%, 0, 0, 6, 25.91
1746815008, 0, 871, 946, 914, 10, 6.44%, 0, 0, 6, 25.37
1746815019, 0, 871, 948, 916, 10, 6.44%, 0, 0, 6, 26.05
1746815029, 0, 871, 950, 918, 10, 6.44%, 0, 0, 6, 25.58
1746815034, 0, 871, 951, 919, 10, 6.44%, 0, 0, 6, 24.95
1746815039, 0, 871, 952, 920, 10, 6.48%, 0, 0, 6, 24.49
1746815049, 0, 871, 953, 921, 10, 6.48%, 0, 0, 6, 25.73
1746815059, 0, 871, 954, 922, 10, 6.48%, 0, 0, 6, 26.04
1746815064, 0, 871, 956, 924, 10, 6.48%, 0, 0, 6, 25.88
1746815085, 0, 871, 957, 925, 10, 6.48%, 0, 0, 6, 25.50
1746815121, 0, 871, 958, 926, 10, 6.48%, 0, 0, 6, 26.02
1746815126, 0, 871, 959, 927, 10, 6.48%, 0, 0, 6, 25.89
1746815131, 0, 871, 960, 928, 10, 6.48%, 0, 0, 6, 26.36
1746815171, 0, 871, 961, 929, 10, 6.48%, 0, 0, 6, 25.50
1746815197, 0, 871, 962, 930, 10, 6.48%, 0, 0, 6, 25.32
1746815227, 0, 871, 963, 931, 10, 6.48%, 0, 0, 6, 25.76
1746815242, 0, 871, 965, 933, 10, 6.48%, 0, 0, 6, 25.48
1746815253, 0, 871, 966, 934, 10, 6.48%, 0, 0, 6, 25.83
1746815293, 0, 871, 967, 935, 10, 6.48%, 0, 0, 6, 25.88
1746815304, 0, 871, 968, 936, 10, 6.48%, 0, 0, 6, 25.61
1746815329, 0, 871, 969, 937, 10, 6.48%, 0, 0, 6, 25.15
1746815345, 0, 871, 970, 938, 10, 6.48%, 0, 0, 6, 25.08
1746815442, 0, 871, 971, 939, 10, 6.48%, 0, 0, 6, 25.61
1746815502, 0, 871, 972, 940, 10, 6.48%, 0, 0, 6, 25.37
1746815507, 0, 871, 973, 941, 10, 6.48%, 0, 0, 6, 25.76
1746815569, 0, 871, 974, 942, 10, 6.48%, 0, 0, 6, 25.79
1746815828, 0, 871, 975, 943, 10, 6.49%, 0, 0, 6, 26.08
1746815900, 0, 871, 976, 944, 10, 6.49%, 0, 0, 6, 25.42
1746815910, 0, 871, 977, 945, 10, 6.49%, 0, 0, 6, 25.74
1746815941, 0, 871, 978, 946, 10, 6.49%, 0, 0, 6, 25.70
1746816155, 0, 871, 979, 947, 10, 6.49%, 0, 0, 6, 25.22
1746816242, 0, 875, 979, 946, 12, 6.49%, 0, 0, 6, 45.48
1746816692, 0, 875, 980, 947, 12, 6.49%, 0, 0, 6, 62.79
1746816728, 0, 876, 980, 946, 11, 6.49%, 0, 0, 6, 59.89
1746817182, 0, 880, 980, 945, 10, 6.49%, 0, 0, 6, 54.76
1746817945, 0, 885, 980, 944, 9, 6.49%, 0, 0, 6, 45.08
1746818792, 0, 888, 980, 943, 8, 6.49%, 0, 0, 6, 44.37
1746819893, 0, 888, 981, 944, 8, 6.49%, 0, 0, 7, 36.99
1746819965, 0, 890, 981, 943, 8, 6.49%, 0, 0, 7, 45.32
1746820645, 0, 895, 981, 942, 7, 6.49%, 0, 0, 7, 37.88
1746820671, 0, 895, 983, 944, 7, 6.49%, 0, 0, 7, 33.64
1746822318, 0, 936, 983, 943, 7, 6.49%, 0, 0, 7, 35.42
1746825377, 0, 974, 983, 942, 6, 6.49%, 0, 0, 7, 21.71
1746825423, 0, 974, 984, 943, 6, 6.49%, 0, 0, 7, 17.98
1746825428, 0, 974, 985, 944, 6, 6.49%, 0, 0, 7, 17.97
1746825525, 0, 974, 986, 945, 6, 6.49%, 0, 0, 7, 17.99
