# unix_time, cycles_done, cur_path, paths_total, pending_total, pending_favs, map_size, unique_crashes, unique_hangs, max_depth, execs_per_sec
1746712925, 0, 0, 1, 1, 1, 3.78%, 0, 0, 1, 80.81
1746712930, 0, 0, 40, 40, 1, 5.01%, 0, 0, 2, 116.95
1746712935, 0, 0, 66, 66, 1, 5.04%, 0, 0, 2, 123.04
1746712941, 0, 0, 85, 85, 1, 5.05%, 0, 0, 2, 128.90
1746712946, 0, 0, 106, 106, 1, 5.08%, 0, 0, 2, 129.92
1746712951, 0, 0, 121, 121, 1, 5.90%, 0, 0, 2, 126.98
1746712956, 0, 0, 133, 133, 1, 5.90%, 0, 0, 2, 132.07
1746712961, 0, 0, 142, 142, 1, 5.90%, 0, 0, 2, 134.03
1746712966, 0, 0, 151, 151, 1, 5.90%, 0, 0, 2, 136.30
1746712971, 0, 0, 162, 162, 1, 5.91%, 0, 0, 2, 127.33
1746712977, 0, 0, 171, 171, 1, 5.91%, 0, 0, 2, 132.27
1746712982, 0, 0, 177, 177, 1, 5.91%, 0, 0, 2, 133.36
1746712987, 0, 0, 182, 182, 1, 5.91%, 0, 0, 2, 134.12
1746712992, 0, 0, 190, 190, 1, 5.91%, 0, 0, 2, 131.30
1746712997, 0, 0, 197, 197, 1, 5.91%, 0, 0, 2, 133.09
1746713002, 0, 0, 202, 202, 1, 5.91%, 0, 0, 2, 134.83
1746713007, 0, 0, 207, 207, 1, 5.91%, 0, 0, 2, 134.84
1746713013, 0, 0, 211, 211, 1, 5.92%, 0, 0, 2, 133.33
1746713018, 0, 0, 214, 214, 1, 5.92%, 0, 0, 2, 135.45
1746713023, 0, 0, 219, 219, 1, 5.92%, 0, 0, 2, 135.86
1746713028, 0, 0, 224, 224, 1, 5.92%, 0, 0, 2, 134.20
1746713033, 0, 0, 226, 226, 1, 5.92%, 0, 0, 2, 136.56
1746713038, 0, 0, 233, 233, 1, 5.92%, 0, 0, 2, 135.50
1746713049, 0, 0, 238, 238, 1, 5.92%, 0, 0, 2, 134.89
1746713054, 0, 0, 242, 242, 1, 5.92%, 0, 0, 2, 133.97
1746713059, 0, 0, 246, 246, 1, 5.92%, 0, 0, 2, 136.80
1746713064, 0, 2, 248, 247, 9, 5.92%, 0, 0, 2, 138.27
1746713069, 0, 2, 251, 250, 9, 5.92%, 0, 0, 3, 135.93
1746713074, 0, 2, 253, 252, 9, 5.92%, 0, 0, 3, 138.50
1746713080, 0, 2, 258, 257, 9, 5.92%, 0, 0, 3, 133.73
1746713085, 0, 2, 263, 262, 9, 5.92%, 0, 0, 3, 133.60
1746713090, 0, 2, 269, 268, 9, 5.92%, 0, 0, 3, 133.31
1746713095, 0, 2, 271, 270, 9, 5.92%, 0, 0, 3, 135.35
1746713100, 0, 2, 272, 271, 9, 5.92%, 0, 0, 3, 137.51
1746713105, 0, 2, 274, 273, 9, 5.92%, 0, 0, 3, 135.59
1746713110, 0, 2, 275, 274, 9, 5.93%, 0, 0, 3, 136.14
1746713116, 0, 2, 277, 276, 9, 5.94%, 0, 0, 3, 134.91
1746713121, 0, 2, 279, 278, 9, 5.94%, 0, 0, 3, 136.87
1746713131, 0, 2, 282, 281, 9, 5.94%, 0, 0, 3, 135.77
1746713136, 0, 2, 284, 283, 9, 5.94%, 0, 0, 3, 135.94
1746713141, 0, 2, 285, 284, 9, 5.94%, 0, 0, 3, 137.35
1746713146, 0, 2, 288, 287, 9, 6.06%, 0, 0, 3, 133.68
1746713157, 0, 2, 290, 289, 9, 6.06%, 0, 0, 3, 135.55
1746713177, 0, 2, 292, 291, 9, 6.06%, 0, 0, 3, 133.13
1746713182, 0, 2, 293, 292, 9, 6.06%, 0, 0, 3, 136.96
1746713188, 0, 24, 293, 291, 10, 6.06%, 0, 0, 3, 135.32
1746713223, 0, 24, 295, 293, 10, 6.06%, 0, 0, 3, 124.45
1746713229, 0, 24, 298, 296, 10, 6.06%, 0, 0, 3, 123.44
1746713234, 0, 24, 300, 298, 10, 6.06%, 0, 0, 3, 123.45
1746713239, 0, 24, 304, 302, 10, 6.06%, 0, 0, 3, 120.91
1746713244, 0, 24, 305, 303, 10, 6.06%, 0, 0, 3, 123.25
1746713249, 0, 24, 307, 305, 10, 6.06%, 0, 0, 3, 122.51
1746713260, 0, 24, 308, 306, 10, 6.06%, 0, 0, 3, 124.32
1746713265, 0, 24, 310, 308, 10, 6.06%, 0, 0, 3, 121.28
1746713270, 0, 24, 314, 312, 10, 6.06%, 0, 0, 3, 120.35
1746713275, 0, 24, 315, 313, 10, 6.06%, 0, 0, 3, 122.13
1746713280, 0, 24, 316, 314, 10, 6.06%, 0, 0, 3, 121.47
1746713285, 0, 24, 317, 315, 10, 6.07%, 0, 0, 3, 121.34
1746713290, 0, 24, 320, 318, 10, 6.14%, 0, 0, 3, 121.60
1746713295, 0, 24, 322, 320, 10, 6.14%, 0, 0, 3, 124.38
1746713301, 0, 24, 323, 321, 10, 6.14%, 0, 0, 3, 123.52
1746713306, 0, 24, 325, 323, 10, 6.14%, 0, 0, 3, 124.01
1746713316, 0, 24, 326, 324, 10, 6.14%, 0, 0, 3, 125.80
1746713321, 0, 24, 328, 326, 10, 6.14%, 0, 0, 3, 122.27
1746713331, 0, 24, 330, 328, 10, 6.14%, 0, 0, 3, 124.88
1746713342, 0, 24, 331, 329, 10, 6.14%, 0, 0, 3, 123.31
1746713347, 0, 24, 332, 330, 10, 6.14%, 0, 0, 3, 123.71
1746713352, 0, 24, 333, 331, 10, 6.14%, 0, 0, 3, 124.26
1746713357, 0, 75, 333, 330, 12, 6.14%, 0, 0, 3, 106.80
1746713449, 0, 75, 335, 332, 12, 6.14%, 0, 0, 3, 107.32
1746713454, 0, 75, 339, 336, 12, 6.14%, 0, 0, 3, 106.96
1746713459, 0, 75, 343, 340, 12, 6.14%, 0, 0, 3, 109.04
1746713464, 0, 75, 345, 342, 12, 6.14%, 0, 0, 3, 106.75
1746713469, 0, 75, 346, 343, 12, 6.14%, 0, 0, 3, 110.14
1746713474, 0, 75, 349, 346, 12, 6.15%, 0, 0, 3, 107.24
1746713480, 0, 75, 350, 347, 12, 6.15%, 0, 0, 3, 108.13
1746713485, 0, 75, 354, 351, 12, 6.15%, 0, 0, 3, 106.74
1746713490, 0, 75, 359, 356, 12, 6.15%, 0, 0, 3, 105.55
1746713495, 0, 75, 361, 358, 12, 6.15%, 0, 0, 3, 106.89
1746713500, 0, 75, 363, 360, 12, 6.15%, 0, 0, 3, 109.31
1746713505, 0, 75, 366, 363, 12, 6.15%, 0, 0, 3, 107.68
1746713510, 0, 75, 371, 368, 12, 6.15%, 0, 0, 3, 107.87
1746713515, 0, 75, 372, 369, 12, 6.15%, 0, 0, 3, 109.52
1746713520, 0, 75, 373, 370, 12, 6.15%, 0, 0, 3, 110.15
1746713525, 0, 75, 374, 371, 12, 6.15%, 0, 0, 3, 110.43
1746713530, 0, 75, 375, 372, 12, 6.15%, 0, 0, 3, 110.15
1746713535, 0, 75, 378, 375, 12, 6.15%, 0, 0, 3, 109.65
1746713541, 0, 75, 379, 376, 12, 6.16%, 0, 0, 3, 110.71
1746713546, 0, 75, 380, 377, 12, 6.16%, 0, 0, 3, 109.59
1746713551, 0, 75, 382, 379, 12, 6.16%, 0, 0, 3, 109.60
1746713556, 0, 75, 385, 382, 12, 6.16%, 0, 0, 3, 108.65
1746713566, 0, 75, 388, 385, 12, 6.16%, 0, 0, 3, 107.14
1746713571, 0, 75, 390, 387, 12, 6.16%, 0, 0, 3, 108.01
1746713576, 0, 75, 392, 389, 12, 6.16%, 0, 0, 3, 109.45
1746713581, 0, 75, 394, 391, 12, 6.22%, 0, 0, 3, 108.61
1746713586, 0, 75, 395, 392, 12, 6.22%, 0, 0, 3, 107.92
1746713592, 0, 75, 396, 393, 12, 6.22%, 0, 0, 3, 108.59
1746713597, 0, 75, 397, 394, 12, 6.22%, 0, 0, 3, 109.50
1746713602, 0, 232, 399, 395, 12, 6.22%, 0, 0, 3, 101.64
1746713736, 0, 232, 402, 398, 12, 6.22%, 0, 0, 3, 98.24
1746713741, 0, 232, 406, 402, 12, 6.22%, 0, 0, 3, 98.66
1746713746, 0, 232, 409, 405, 12, 6.25%, 0, 0, 3, 100.13
1746713751, 0, 232, 413, 409, 12, 6.25%, 0, 0, 3, 100.89
1746713756, 0, 232, 417, 413, 12, 6.48%, 0, 0, 3, 99.52
1746713761, 0, 232, 418, 414, 12, 6.48%, 0, 0, 3, 102.57
1746713766, 0, 232, 419, 415, 12, 6.48%, 0, 0, 3, 102.05
1746713771, 0, 232, 420, 416, 12, 6.48%, 0, 0, 3, 100.80
1746713776, 0, 232, 421, 417, 12, 6.48%, 0, 0, 3, 102.75
1746713781, 0, 232, 424, 420, 12, 6.48%, 0, 0, 3, 103.90
1746713791, 0, 232, 426, 422, 12, 6.48%, 0, 0, 3, 103.90
1746713796, 0, 232, 427, 423, 12, 6.48%, 0, 0, 3, 102.57
1746713802, 0, 232, 428, 424, 12, 6.48%, 0, 0, 3, 101.62
1746713812, 0, 232, 430, 426, 12, 6.48%, 0, 0, 3, 99.29
1746713817, 0, 232, 431, 427, 12, 6.48%, 0, 0, 3, 101.17
1746713822, 0, 232, 433, 429, 12, 6.49%, 0, 0, 3, 101.89
1746713827, 0, 232, 434, 430, 12, 6.49%, 0, 0, 3, 104.28
1746713832, 0, 232, 437, 433, 12, 6.49%, 0, 0, 3, 101.93
1746713837, 0, 232, 439, 435, 12, 6.49%, 0, 0, 3, 99.05
1746713842, 0, 232, 440, 436, 12, 6.49%, 0, 0, 3, 100.97
1746713847, 0, 232, 442, 438, 12, 6.49%, 0, 0, 3, 102.96
1746713852, 0, 232, 443, 439, 12, 6.49%, 0, 0, 3, 105.47
1746713857, 0, 232, 446, 442, 12, 6.49%, 0, 0, 3, 103.24
1746713862, 0, 232, 447, 443, 12, 6.49%, 0, 0, 3, 102.17
1746713868, 0, 232, 448, 444, 12, 6.49%, 0, 0, 3, 101.19
1746713878, 0, 232, 449, 445, 12, 6.49%, 0, 0, 3, 101.16
1746713883, 0, 232, 450, 446, 12, 6.50%, 0, 0, 3, 103.29
1746713899, 0, 286, 450, 445, 12, 6.50%, 0, 0, 3, 69.75
1746713904, 0, 286, 455, 450, 12, 6.50%, 0, 0, 4, 57.40
1746713909, 0, 286, 460, 455, 12, 6.50%, 0, 0, 4, 55.35
1746713914, 0, 286, 465, 460, 12, 6.50%, 0, 0, 4, 54.09
1746713919, 0, 286, 466, 461, 12, 6.50%, 0, 0, 4, 53.68
1746713924, 0, 286, 468, 463, 12, 6.50%, 0, 0, 4, 53.56
1746713929, 0, 286, 471, 466, 12, 6.51%, 0, 0, 4, 53.69
1746713965, 0, 286, 474, 469, 12, 6.51%, 0, 0, 4, 55.68
1746713971, 0, 286, 477, 472, 12, 6.51%, 0, 0, 4, 57.42
1746713986, 0, 286, 478, 473, 12, 6.51%, 0, 0, 4, 53.51
1746713991, 0, 286, 479, 474, 12, 6.51%, 0, 0, 4, 53.96
1746713996, 0, 286, 480, 475, 12, 6.51%, 0, 0, 4, 54.44
1746714073, 0, 286, 481, 476, 12, 6.51%, 0, 0, 4, 56.62
1746714222, 0, 286, 482, 477, 12, 6.51%, 0, 0, 4, 55.90
1746714263, 0, 286, 483, 478, 12, 6.51%, 0, 0, 4, 54.26
1746714324, 0, 286, 484, 479, 12, 6.51%, 0, 0, 4, 54.95
1746714339, 0, 286, 485, 480, 12, 6.51%, 0, 0, 4, 55.34
1746714345, 0, 286, 487, 482, 12, 6.51%, 0, 0, 4, 56.93
1746714350, 0, 286, 488, 483, 12, 6.51%, 0, 0, 4, 55.23
1746714457, 0, 286, 489, 484, 12, 6.51%, 0, 0, 4, 57.03
1746714462, 0, 286, 491, 486, 12, 6.52%, 0, 0, 4, 57.68
1746714534, 0, 286, 492, 487, 12, 6.52%, 0, 0, 4, 53.24
1746714554, 0, 286, 509, 504, 12, 6.53%, 0, 0, 4, 54.92
1746714560, 0, 286, 529, 524, 12, 6.61%, 0, 0, 4, 55.95
1746714565, 0, 286, 543, 538, 12, 6.61%, 0, 0, 4, 56.32
1746714570, 0, 286, 556, 551, 12, 6.61%, 0, 0, 4, 56.37
1746714575, 0, 286, 573, 568, 12, 6.61%, 0, 0, 4, 55.71
1746714580, 0, 286, 583, 578, 12, 6.61%, 0, 0, 4, 55.93
1746714585, 0, 286, 595, 590, 12, 6.61%, 0, 0, 4, 57.39
1746714590, 0, 286, 604, 599, 12, 6.61%, 0, 0, 4, 57.01
1746714595, 0, 286, 609, 604, 12, 6.62%, 0, 0, 4, 60.70
1746714600, 0, 286, 615, 610, 12, 6.62%, 0, 0, 4, 61.65
1746714605, 0, 286, 624, 619, 12, 6.62%, 0, 0, 4, 58.56
1746714611, 0, 286, 628, 623, 12, 6.62%, 0, 0, 4, 61.03
1746714616, 0, 286, 636, 631, 12, 6.62%, 0, 0, 4, 58.71
1746714621, 0, 286, 643, 638, 12, 6.62%, 0, 0, 4, 59.20
1746714626, 0, 286, 650, 645, 12, 6.62%, 0, 0, 4, 60.90
1746714631, 0, 286, 654, 649, 12, 6.62%, 0, 0, 4, 60.89
1746714636, 0, 286, 656, 651, 12, 6.62%, 0, 0, 4, 60.76
1746714641, 0, 286, 658, 653, 12, 6.62%, 0, 0, 4, 61.49
1746714646, 0, 286, 660, 655, 12, 6.62%, 0, 0, 4, 61.90
1746714652, 0, 286, 666, 661, 12, 6.62%, 0, 0, 4, 59.09
1746714657, 0, 286, 669, 664, 12, 6.62%, 0, 0, 4, 61.27
1746714662, 0, 286, 670, 665, 12, 6.62%, 0, 0, 4, 61.68
1746714667, 0, 286, 674, 669, 12, 6.62%, 0, 0, 4, 61.21
1746714678, 0, 286, 676, 671, 12, 6.62%, 0, 0, 4, 63.47
1746714683, 0, 286, 683, 678, 12, 6.62%, 0, 0, 4, 60.18
1746714688, 0, 286, 686, 681, 12, 6.68%, 0, 0, 4, 60.92
1746714693, 0, 286, 689, 684, 12, 6.68%, 0, 0, 4, 60.88
1746714698, 0, 286, 691, 686, 12, 6.68%, 0, 0, 4, 61.92
1746714703, 0, 286, 692, 687, 12, 6.68%, 0, 0, 4, 62.52
1746714708, 0, 286, 695, 690, 12, 6.68%, 0, 0, 4, 61.15
1746714713, 0, 286, 697, 692, 12, 6.68%, 0, 0, 4, 60.52
1746714723, 0, 286, 700, 695, 12, 6.70%, 0, 0, 4, 61.82
1746714728, 0, 286, 701, 696, 12, 6.70%, 0, 0, 4, 61.83
1746714734, 0, 286, 704, 699, 12, 6.70%, 0, 0, 4, 60.73
1746714739, 0, 286, 708, 703, 12, 6.70%, 0, 0, 4, 60.53
1746714744, 0, 286, 710, 705, 12, 6.70%, 0, 0, 4, 59.83
1746714749, 0, 286, 712, 707, 12, 6.70%, 0, 0, 4, 61.55
1746714759, 0, 286, 713, 708, 12, 6.70%, 0, 0, 4, 61.89
1746714764, 0, 286, 716, 711, 12, 6.70%, 0, 0, 4, 61.32
1746714770, 0, 286, 717, 712, 12, 6.70%, 0, 0, 4, 61.85
1746714780, 0, 286, 720, 715, 12, 6.70%, 0, 0, 4, 61.61
1746714785, 0, 303, 724, 718, 20, 6.72%, 0, 0, 4, 61.53
1746715085, 0, 318, 724, 717, 20, 6.72%, 0, 0, 4, 84.66
1746715222, 0, 374, 724, 716, 19, 6.72%, 0, 0, 4, 95.16
1746715339, 0, 407, 724, 715, 18, 6.72%, 0, 0, 4, 83.10
1746715569, 0, 407, 725, 716, 18, 6.72%, 0, 0, 4, 70.71
1746715635, 0, 413, 725, 715, 17, 6.72%, 0, 0, 4, 54.03
1746715645, 0, 413, 728, 718, 17, 6.72%, 0, 0, 4, 46.55
1746715762, 0, 413, 729, 719, 17, 6.72%, 0, 0, 4, 46.10
1746716629, 0, 413, 735, 725, 17, 6.72%, 0, 0, 4, 48.60
1746716639, 0, 413, 739, 729, 17, 6.72%, 0, 0, 4, 52.44
1746716644, 0, 413, 741, 731, 17, 6.72%, 0, 0, 4, 54.24
1746716649, 0, 413, 744, 734, 17, 6.72%, 0, 0, 4, 53.27
1746716654, 0, 413, 745, 735, 17, 6.72%, 0, 0, 4, 54.20
1746716659, 0, 413, 748, 738, 17, 6.74%, 0, 0, 4, 52.05
1746716664, 0, 413, 749, 739, 17, 6.74%, 0, 0, 4, 55.68
1746716670, 0, 413, 752, 742, 17, 6.74%, 0, 0, 4, 53.28
1746716675, 0, 413, 753, 743, 17, 6.74%, 0, 0, 4, 54.37
1746716680, 0, 413, 756, 746, 17, 6.75%, 0, 0, 4, 52.64
1746716685, 0, 413, 758, 748, 17, 6.75%, 0, 0, 4, 53.08
1746716690, 0, 413, 760, 750, 17, 6.75%, 0, 0, 4, 53.87
1746716700, 0, 413, 762, 752, 17, 6.75%, 0, 0, 4, 53.64
1746716710, 0, 413, 764, 754, 17, 6.75%, 0, 0, 4, 55.89
1746716715, 0, 413, 765, 755, 17, 6.75%, 0, 0, 4, 55.24
1746716720, 0, 413, 766, 756, 17, 6.75%, 0, 0, 4, 54.82
1746716725, 0, 413, 767, 757, 17, 6.75%, 0, 0, 4, 54.32
1746716730, 0, 413, 768, 758, 17, 6.75%, 0, 0, 4, 53.81
1746716735, 0, 413, 771, 761, 17, 6.75%, 0, 0, 4, 51.10
1746716756, 0, 413, 773, 763, 17, 6.75%, 0, 0, 4, 51.60
1746716766, 0, 413, 775, 765, 17, 6.75%, 0, 0, 4, 54.82
1746716776, 0, 413, 776, 766, 17, 6.75%, 0, 0, 4, 52.99
1746716781, 0, 413, 777, 767, 17, 6.75%, 0, 0, 4, 52.69
1746716786, 0, 413, 778, 768, 17, 6.75%, 0, 0, 4, 54.08
1746716791, 0, 413, 779, 769, 17, 6.75%, 0, 0, 4, 52.20
1746716817, 0, 413, 781, 771, 17, 6.75%, 0, 0, 4, 53.64
1746716822, 0, 413, 782, 772, 17, 6.75%, 0, 0, 4, 52.75
1746716827, 0, 413, 783, 773, 17, 6.75%, 0, 0, 4, 53.52
1746716832, 0, 413, 785, 775, 17, 6.75%, 0, 0, 4, 54.84
1746716842, 0, 413, 786, 776, 17, 6.75%, 0, 0, 4, 54.51
1746716853, 0, 413, 788, 778, 17, 6.75%, 0, 0, 4, 53.94
1746716858, 0, 413, 789, 779, 17, 6.75%, 0, 0, 4, 54.37
1746716863, 0, 414, 789, 778, 18, 6.75%, 0, 0, 4, 55.90
1746717148, 0, 428, 789, 777, 17, 6.75%, 0, 0, 4, 65.79
1746717672, 0, 428, 790, 778, 17, 6.75%, 0, 0, 4, 61.38
1746717688, 0, 432, 790, 777, 17, 6.75%, 0, 0, 4, 67.49
1746718028, 0, 432, 791, 778, 17, 6.75%, 0, 0, 4, 77.20
1746718038, 0, 442, 791, 777, 16, 6.75%, 0, 0, 4, 76.00
1746718339, 0, 464, 791, 776, 15, 6.75%, 0, 0, 4, 68.03
1746719004, 0, 518, 791, 775, 15, 6.75%, 0, 0, 4, 47.17
1746719167, 0, 518, 792, 776, 15, 6.75%, 0, 0, 5, 41.36
1746719172, 0, 518, 794, 778, 15, 6.75%, 0, 0, 5, 41.37
1746719182, 0, 518, 796, 780, 15, 6.75%, 0, 0, 5, 41.46
1746719943, 0, 518, 797, 781, 15, 6.75%, 0, 0, 5, 41.59
1746719983, 0, 518, 798, 782, 15, 6.75%, 0, 0, 5, 43.29
1746720192, 0, 518, 800, 784, 15, 6.75%, 0, 0, 5, 47.05
1746720197, 0, 518, 803, 787, 15, 6.75%, 0, 0, 5, 46.97
1746720202, 0, 518, 805, 789, 15, 6.75%, 0, 0, 5, 47.31
1746720212, 0, 518, 808, 792, 15, 6.75%, 0, 0, 5, 46.41
1746720217, 0, 518, 809, 793, 15, 6.75%, 0, 0, 5, 47.79
1746720222, 0, 518, 811, 795, 15, 6.75%, 0, 0, 5, 48.76
1746720227, 0, 518, 813, 797, 15, 6.75%, 0, 0, 5, 48.46
1746720232, 0, 518, 814, 798, 15, 6.75%, 0, 0, 5, 47.77
1746720237, 0, 518, 816, 800, 15, 6.75%, 0, 0, 5, 49.49
1746720248, 0, 518, 820, 804, 15, 6.75%, 0, 0, 5, 47.95
1746720253, 0, 518, 821, 805, 15, 6.75%, 0, 0, 5, 48.32
1746720258, 0, 518, 823, 807, 15, 6.75%, 0, 0, 5, 47.30
1746720263, 0, 518, 825, 809, 15, 6.75%, 0, 0, 5, 47.90
1746720268, 0, 518, 826, 810, 15, 6.75%, 0, 0, 5, 47.69
1746720278, 0, 518, 828, 812, 15, 6.75%, 0, 0, 5, 46.84
1746720288, 0, 518, 829, 813, 15, 6.75%, 0, 0, 5, 47.47
1746720293, 0, 518, 830, 814, 15, 6.75%, 0, 0, 5, 47.79
1746720303, 0, 518, 832, 816, 15, 6.75%, 0, 0, 5, 48.01
1746720313, 0, 518, 833, 817, 15, 6.75%, 0, 0, 5, 49.02
1746720318, 0, 518, 834, 818, 15, 6.75%, 0, 0, 5, 50.04
1746720323, 0, 518, 835, 819, 15, 6.75%, 0, 0, 5, 47.53
1746720328, 0, 518, 836, 820, 15, 6.75%, 0, 0, 5, 48.29
1746720333, 0, 518, 837, 821, 15, 6.75%, 0, 0, 5, 49.26
1746720364, 0, 518, 838, 822, 15, 6.75%, 0, 0, 5, 48.44
1746720374, 0, 518, 839, 823, 15, 6.75%, 0, 0, 5, 46.60
1746720379, 0, 518, 840, 824, 15, 6.75%, 0, 0, 5, 46.14
1746720399, 0, 518, 842, 826, 15, 6.75%, 0, 0, 5, 47.26
1746720409, 0, 518, 843, 827, 15, 6.75%, 0, 0, 5, 49.83
1746720425, 0, 518, 845, 829, 15, 6.75%, 0, 0, 5, 48.30
1746720430, 0, 518, 846, 830, 15, 6.75%, 0, 0, 5, 48.09
1746720435, 0, 518, 847, 831, 15, 6.75%, 0, 0, 5, 47.37
1746720450, 0, 568, 847, 830, 16, 6.75%, 0, 0, 5, 49.11
1746721121, 0, 568, 848, 831, 16, 6.75%, 0, 0, 5, 61.43
1746721142, 0, 596, 848, 830, 15, 6.75%, 0, 0, 5, 61.21
1746721873, 0, 596, 849, 831, 15, 6.75%, 0, 0, 5, 62.30
1746721893, 0, 602, 849, 830, 15, 6.75%, 0, 0, 5, 58.87
1746722748, 0, 602, 850, 831, 15, 6.75%, 0, 0, 5, 56.75
1746722768, 0, 626, 850, 830, 14, 6.75%, 0, 0, 5, 48.42
1746723792, 0, 644, 850, 829, 13, 6.75%, 0, 0, 5, 51.58
1746724445, 0, 655, 850, 828, 13, 6.75%, 0, 0, 5, 58.59
1746725060, 0, 671, 850, 827, 12, 6.75%, 0, 0, 5, 48.96
1746726080, 0, 693, 850, 826, 11, 6.75%, 0, 0, 5, 49.96
1746727330, 0, 693, 851, 827, 11, 6.75%, 0, 0, 5, 47.62
1746727350, 0, 697, 851, 826, 10, 6.75%, 0, 0, 5, 48.34
1746727983, 0, 712, 851, 825, 9, 6.75%, 0, 0, 5, 59.67
1746728553, 0, 718, 851, 824, 8, 6.75%, 0, 0, 5, 57.09
1746729167, 0, 718, 852, 825, 8, 6.76%, 0, 0, 5, 63.78
1746729193, 0, 721, 852, 824, 8, 6.76%, 0, 0, 5, 47.53
1746729203, 0, 721, 853, 825, 8, 6.76%, 0, 0, 5, 33.26
1746729208, 0, 721, 854, 826, 8, 6.76%, 0, 0, 5, 33.01
1746730345, 0, 721, 855, 827, 8, 6.76%, 0, 0, 5, 39.37
1746730361, 0, 721, 856, 828, 8, 6.76%, 0, 0, 5, 49.74
1746730412, 0, 721, 857, 829, 8, 6.76%, 0, 0, 5, 30.91
1746730448, 0, 721, 859, 831, 8, 6.76%, 0, 0, 5, 30.90
1746730656, 0, 721, 860, 832, 8, 6.76%, 0, 0, 5, 39.95
1746730661, 0, 721, 861, 833, 8, 6.76%, 0, 0, 5, 36.82
1746730830, 0, 721, 863, 835, 8, 6.76%, 0, 0, 5, 30.97
1746731105, 0, 721, 865, 837, 8, 6.77%, 0, 0, 5, 35.16
1746731110, 0, 721, 869, 841, 8, 6.77%, 0, 0, 5, 38.00
1746731115, 0, 721, 872, 844, 8, 6.77%, 0, 0, 5, 39.36
1746731121, 0, 721, 874, 846, 8, 6.77%, 0, 0, 5, 37.84
1746731126, 0, 721, 876, 848, 8, 6.77%, 0, 0, 5, 37.72
1746731131, 0, 721, 879, 851, 8, 6.77%, 0, 0, 5, 37.31
1746731136, 0, 721, 882, 854, 8, 6.77%, 0, 0, 5, 37.46
1746731141, 0, 721, 884, 856, 8, 6.77%, 0, 0, 5, 37.92
1746731151, 0, 721, 886, 858, 8, 6.77%, 0, 0, 5, 39.12
1746731156, 0, 721, 888, 860, 8, 6.77%, 0, 0, 5, 39.33
1746731161, 0, 721, 890, 862, 8, 6.77%, 0, 0, 5, 40.64
1746731167, 0, 721, 892, 864, 8, 6.77%, 0, 0, 5, 38.63
1746731172, 0, 721, 894, 866, 8, 6.77%, 0, 0, 5, 38.81
1746731177, 0, 721, 896, 868, 8, 6.77%, 0, 0, 5, 40.68
1746731187, 0, 721, 897, 869, 8, 6.77%, 0, 0, 5, 39.76
1746731192, 0, 721, 899, 871, 8, 6.77%, 0, 0, 5, 39.12
1746731208, 0, 721, 902, 874, 8, 6.77%, 0, 0, 5, 38.55
1746731213, 0, 721, 904, 876, 8, 6.77%, 0, 0, 5, 40.08
1746731228, 0, 721, 906, 878, 8, 6.77%, 0, 0, 5, 39.72
1746731248, 0, 721, 908, 880, 8, 6.77%, 0, 0, 5, 37.77
1746731253, 0, 721, 910, 882, 8, 6.77%, 0, 0, 5, 39.34
1746731269, 0, 721, 912, 884, 8, 6.77%, 0, 0, 5, 39.15
1746731284, 0, 721, 914, 886, 8, 6.77%, 0, 0, 5, 40.32
1746731289, 0, 721, 916, 888, 8, 6.77%, 0, 0, 5, 39.03
1746731300, 0, 721, 918, 890, 8, 6.77%, 0, 0, 5, 41.10
1746731305, 0, 721, 919, 891, 8, 6.77%, 0, 0, 5, 41.10
1746731310, 0, 721, 920, 892, 8, 6.77%, 0, 0, 5, 40.42
1746731330, 0, 721, 921, 893, 8, 6.77%, 0, 0, 5, 39.49
1746731366, 0, 721, 922, 894, 8, 6.77%, 0, 0, 5, 40.30
1746731371, 0, 721, 924, 896, 8, 6.77%, 0, 0, 5, 40.50
1746731376, 0, 721, 925, 897, 8, 6.77%, 0, 0, 5, 40.76
1746731387, 0, 721, 926, 898, 8, 6.77%, 0, 0, 5, 38.73
1746731417, 0, 721, 927, 899, 8, 6.77%, 0, 0, 5, 41.24
1746731422, 0, 721, 928, 900, 8, 6.77%, 0, 0, 5, 40.31
1746731428, 0, 741, 928, 899, 12, 6.77%, 0, 0, 5, 43.23
1746732151, 0, 741, 929, 900, 12, 6.77%, 0, 0, 5, 47.15
1746732516, 0, 751, 929, 899, 12, 6.77%, 0, 0, 5, 57.27
1746733107, 0, 754, 929, 898, 11, 6.77%, 0, 0, 5, 63.25
1746733979, 0, 797, 929, 897, 10, 6.77%, 0, 0, 5, 52.77
1746735149, 0, 801, 929, 896, 10, 6.77%, 0, 0, 5, 45.80
1746735154, 0, 801, 930, 897, 10, 6.77%, 0, 0, 6, 44.02
1746735184, 0, 801, 931, 898, 10, 6.77%, 0, 0, 6, 43.33
1746736172, 0, 801, 933, 900, 10, 6.77%, 0, 0, 6, 51.64
1746736182, 0, 801, 934, 901, 10, 6.77%, 0, 0, 6, 50.17
1746736192, 0, 801, 935, 902, 10, 6.77%, 0, 0, 6, 51.13
1746736349, 0, 801, 936, 903, 10, 6.77%, 0, 0, 6, 52.12
1746736481, 0, 814, 936, 902, 11, 6.77%, 0, 0, 6, 44.52
1746737669, 0, 828, 936, 901, 10, 6.77%, 0, 0, 6, 38.62
1746737715, 0, 828, 937, 902, 10, 6.77%, 0, 0, 6, 33.00
1746739367, 0, 828, 938, 903, 10, 6.77%, 0, 0, 6, 40.95
1746739372, 0, 828, 939, 904, 10, 6.77%, 0, 0, 6, 41.10
1746739428, 0, 828, 941, 906, 10, 6.77%, 0, 0, 6, 40.15
1746739479, 0, 828, 942, 907, 10, 6.77%, 0, 0, 6, 39.09
1746739515, 0, 828, 943, 908, 10, 6.77%, 0, 0, 6, 40.44
1746739520, 0, 828, 944, 909, 10, 6.77%, 0, 0, 6, 40.17
1746739530, 0, 828, 945, 910, 10, 6.77%, 0, 0, 6, 40.91
1746739571, 0, 828, 946, 911, 10, 6.77%, 0, 0, 6, 43.44
1746739576, 0, 828, 947, 912, 10, 6.77%, 0, 0, 6, 41.73
1746739607, 0, 828, 948, 913, 10, 6.77%, 0, 0, 6, 40.66
1746739628, 0, 828, 949, 914, 10, 6.77%, 0, 0, 6, 41.30
1746739658, 0, 828, 950, 915, 10, 6.77%, 0, 0, 6, 40.78
1746739664, 0, 851, 950, 914, 10, 6.77%, 0, 0, 6, 44.91
1746740769, 0, 853, 950, 913, 9, 6.77%, 0, 0, 6, 43.92
1746740821, 0, 853, 951, 914, 9, 6.77%, 0, 0, 6, 30.56
1746742740, 0, 853, 952, 915, 9, 6.77%, 0, 0, 6, 37.45
1746742750, 0, 853, 953, 916, 9, 6.77%, 0, 0, 6, 38.23
1746742786, 0, 853, 954, 917, 9, 6.77%, 0, 0, 6, 37.98
1746742873, 0, 853, 955, 918, 9, 6.77%, 0, 0, 6, 38.21
1746742883, 0, 853, 956, 919, 9, 6.77%, 0, 0, 6, 37.60
1746742893, 0, 853, 957, 920, 9, 6.77%, 0, 0, 6, 39.81
1746742903, 0, 853, 958, 921, 9, 6.77%, 0, 0, 6, 38.25
1746742970, 0, 853, 959, 922, 9, 6.77%, 0, 0, 6, 37.18
1746743026, 0, 853, 960, 923, 9, 6.77%, 0, 0, 6, 38.20
1746743052, 0, 854, 960, 922, 8, 6.77%, 0, 0, 6, 38.79
1746744977, 0, 860, 960, 921, 7, 6.77%, 0, 0, 6, 38.26
1746746740, 0, 864, 960, 920, 6, 6.77%, 0, 0, 6, 37.51
1746748902, 0, 864, 961, 921, 6, 6.77%, 0, 0, 6, 35.01
1746748912, 0, 864, 962, 922, 6, 6.77%, 0, 0, 6, 36.09
1746748963, 0, 864, 963, 923, 6, 6.77%, 0, 0, 6, 36.17
1746749056, 0, 929, 963, 922, 5, 6.77%, 0, 0, 6, 37.40
1746750068, 0, 935, 963, 921, 4, 6.77%, 0, 0, 6, 53.68
1746751024, 0, 939, 963, 920, 3, 6.77%, 0, 0, 6, 37.00
1746753291, 0, 939, 964, 921, 3, 6.77%, 0, 0, 7, 36.57
1746753326, 0, 939, 965, 922, 3, 6.77%, 0, 0, 7, 37.58
1746753372, 0, 945, 965, 921, 3, 6.77%, 0, 0, 7, 36.35
1746754864, 1, 84, 965, 920, 2, 6.77%, 0, 0, 7, 61.54
1746754910, 1, 84, 966, 921, 2, 6.77%, 0, 0, 7, 107.20
1746754915, 1, 84, 968, 923, 2, 6.77%, 0, 0, 7, 107.64
1746754920, 1, 84, 970, 925, 2, 6.77%, 0, 0, 7, 110.32
1746754930, 1, 84, 972, 927, 2, 6.77%, 0, 0, 7, 112.01
1746754935, 1, 84, 975, 930, 2, 6.77%, 0, 0, 7, 105.51
1746754940, 1, 84, 976, 931, 2, 6.77%, 0, 0, 7, 111.16
1746754946, 1, 84, 977, 932, 2, 6.77%, 0, 0, 7, 110.41
1746754956, 1, 84, 978, 933, 2, 6.77%, 0, 0, 7, 113.46
1746754976, 1, 84, 979, 934, 2, 6.77%, 0, 0, 7, 111.19
1746754981, 1, 84, 980, 935, 2, 6.77%, 0, 0, 7, 111.34
1746754986, 1, 84, 982, 937, 2, 6.77%, 0, 0, 7, 111.27
1746754991, 1, 84, 983, 938, 2, 6.77%, 0, 0, 7, 113.02
1746754996, 1, 84, 984, 939, 2, 6.77%, 0, 0, 7, 113.00
1746755016, 1, 84, 985, 940, 2, 6.77%, 0, 0, 7, 110.98
1746755022, 1, 106, 987, 941, 2, 6.77%, 0, 0, 7, 109.15
1746755072, 1, 560, 987, 940, 2, 6.77%, 0, 0, 7, 78.86
1746755617, 1, 560, 988, 941, 2, 6.77%, 0, 0, 7, 68.13
1746755622, 1, 560, 994, 947, 2, 6.77%, 0, 0, 7, 68.76
1746755627, 1, 560, 995, 948, 2, 6.77%, 0, 0, 7, 75.12
1746755632, 1, 560, 997, 950, 2, 6.77%, 0, 0, 7, 71.86
1746755637, 1, 560, 998, 951, 2, 6.77%, 0, 0, 7, 71.26
1746755642, 1, 560, 1001, 954, 2, 6.77%, 0, 0, 7, 69.30
1746755647, 1, 560, 1003, 956, 2, 6.77%, 0, 0, 7, 68.50
1746755652, 1, 560, 1004, 957, 2, 6.77%, 0, 0, 7, 73.34
1746755658, 1, 560, 1005, 958, 2, 6.77%, 0, 0, 7, 76.08
1746755668, 1, 560, 1007, 960, 2, 6.77%, 0, 0, 7, 83.42
1746755673, 1, 560, 1009, 962, 2, 6.77%, 0, 0, 7, 81.27
1746755678, 1, 560, 1011, 964, 2, 6.77%, 0, 0, 7, 80.30
1746755683, 1, 560, 1012, 965, 2, 6.77%, 0, 0, 7, 81.82
1746755688, 1, 560, 1013, 966, 2, 6.77%, 0, 0, 7, 83.54
1746755694, 1, 560, 1014, 967, 2, 6.77%, 0, 0, 7, 84.14
1746755699, 1, 560, 1016, 969, 2, 6.77%, 0, 0, 7, 83.53
1746755709, 1, 560, 1017, 970, 2, 6.77%, 0, 0, 7, 82.22
1746755714, 1, 560, 1018, 971, 2, 6.77%, 0, 0, 7, 85.83
1746755745, 1, 560, 1019, 972, 2, 6.77%, 0, 0, 7, 84.14
1746755750, 1, 560, 1021, 974, 2, 6.77%, 0, 0, 7, 82.09
1746755781, 1, 560, 1022, 975, 2, 6.77%, 0, 0, 7, 80.49
1746755807, 1, 560, 1023, 976, 2, 6.77%, 0, 0, 7, 85.07
1746755812, 1, 560, 1024, 977, 2, 6.77%, 0, 0, 7, 84.96
1746755822, 1, 724, 1024, 976, 1, 6.77%, 0, 0, 7, 83.71
1746756080, 1, 724, 1026, 978, 1, 6.88%, 0, 0, 7, 96.73
1746756085, 1, 724, 1027, 979, 1, 6.89%, 0, 0, 7, 99.64
1746756116, 1, 724, 1028, 980, 1, 6.89%, 0, 0, 7, 99.02
