# unix_time, cycles_done, cur_path, paths_total, pending_total, pending_favs, map_size, unique_crashes, unique_hangs, max_depth, execs_per_sec
1746558729, 0, 0, 1, 1, 1, 5.02%, 0, 0, 1, 73.39
1746558734, 0, 0, 52, 52, 1, 5.81%, 0, 0, 2, 86.28
1746558739, 0, 0, 82, 82, 1, 5.95%, 0, 0, 2, 3.91
1746558744, 0, 0, 88, 88, 1, 6.02%, 0, 0, 2, 59.70
1746558750, 0, 0, 99, 99, 1, 6.25%, 0, 0, 2, 7.12
1746558755, 0, 0, 117, 117, 1, 6.25%, 0, 0, 2, 3.62
1746558760, 0, 0, 121, 121, 1, 6.25%, 0, 0, 2, 9.57
1746558765, 0, 0, 131, 131, 1, 6.26%, 0, 0, 2, 2.36
1746558770, 0, 0, 138, 138, 1, 6.26%, 0, 0, 2, 8.94
1746558775, 0, 0, 142, 142, 1, 6.35%, 0, 0, 2, 4.62
1746558780, 0, 0, 150, 150, 1, 6.35%, 0, 0, 2, 25.89
1746558785, 0, 0, 162, 162, 1, 6.35%, 0, 0, 2, 83.91
1746558791, 0, 0, 167, 167, 1, 6.35%, 0, 0, 2, 4.00
1746558796, 0, 0, 172, 172, 1, 6.35%, 0, 0, 2, 58.25
1746558801, 0, 0, 178, 178, 1, 6.35%, 0, 0, 2, 56.35
1746558806, 0, 0, 184, 184, 1, 6.35%, 0, 0, 2, 8.54
1746558811, 0, 0, 187, 187, 1, 6.35%, 0, 0, 2, 6.12
1746558816, 0, 0, 192, 192, 1, 6.68%, 0, 0, 2, 4.33
1746558822, 0, 0, 200, 200, 1, 6.68%, 0, 0, 2, 4.44
1746558827, 0, 0, 204, 204, 1, 6.68%, 0, 0, 2, 52.34
1746558832, 0, 0, 213, 213, 1, 6.68%, 0, 0, 2, 7.41
1746558837, 0, 0, 222, 222, 1, 6.68%, 0, 0, 2, 42.91
1746558842, 0, 0, 231, 231, 1, 6.68%, 0, 0, 2, 5.09
1746558847, 0, 0, 232, 232, 1, 6.69%, 0, 0, 2, 3.88
1746558852, 0, 0, 233, 233, 1, 6.69%, 0, 0, 2, 3.10
1746558857, 0, 0, 246, 246, 1, 6.69%, 0, 0, 2, 2.50
1746558863, 0, 0, 251, 251, 1, 6.69%, 0, 0, 2, 16.98
1746558868, 0, 0, 261, 261, 1, 6.69%, 0, 0, 2, 5.38
1746558873, 0, 0, 278, 278, 1, 6.70%, 0, 0, 2, 32.95
1746558878, 0, 0, 280, 280, 1, 6.70%, 0, 0, 2, 5.54
1746558883, 0, 0, 288, 288, 1, 6.70%, 0, 0, 2, 13.64
1746558889, 0, 0, 294, 294, 1, 6.70%, 0, 0, 2, 4.52
1746558894, 0, 0, 297, 297, 1, 6.70%, 0, 0, 2, 5.69
1746558899, 0, 0, 301, 301, 1, 6.73%, 0, 0, 2, 1.44
1746558905, 0, 0, 303, 303, 1, 6.73%, 0, 0, 2, 19.39
1746558910, 0, 0, 307, 307, 1, 6.73%, 0, 0, 2, 28.79
1746558915, 0, 0, 314, 314, 1, 6.73%, 0, 0, 2, 5.00
1746558920, 0, 0, 322, 322, 1, 6.73%, 0, 0, 2, 5.71
1746558925, 0, 0, 334, 334, 1, 6.73%, 0, 0, 2, 7.32
1746558930, 0, 0, 337, 337, 1, 6.73%, 0, 0, 2, 2.10
1746558936, 0, 0, 342, 342, 1, 6.73%, 0, 0, 2, 6.20
1746558941, 0, 0, 344, 344, 1, 6.73%, 0, 0, 2, 6.63
1746558946, 0, 0, 350, 350, 1, 6.73%, 0, 0, 2, 7.60
1746558951, 0, 0, 353, 353, 1, 6.73%, 0, 0, 2, 10.99
1746558956, 0, 0, 360, 360, 1, 6.73%, 0, 0, 2, 4.60
1746558961, 0, 0, 363, 363, 1, 6.73%, 0, 0, 2, 2.76
1746558967, 0, 0, 371, 371, 1, 6.73%, 0, 0, 2, 2.69
1746558972, 0, 0, 377, 377, 1, 6.73%, 0, 0, 2, 47.85
1746558977, 0, 0, 381, 381, 1, 6.73%, 0, 0, 2, 4.61
1746558982, 0, 0, 385, 385, 1, 6.73%, 0, 0, 2, 6.35
1746558987, 0, 0, 390, 390, 1, 6.73%, 0, 0, 2, 6.02
1746558992, 0, 0, 395, 395, 1, 6.73%, 0, 0, 2, 5.15
1746558997, 0, 0, 398, 398, 1, 6.73%, 0, 0, 2, 39.72
1746559003, 0, 0, 404, 404, 1, 6.73%, 0, 0, 2, 2.25
1746559008, 0, 0, 407, 407, 1, 6.73%, 0, 0, 2, 17.11
1746559013, 0, 0, 410, 410, 1, 6.73%, 0, 0, 2, 10.90
1746559018, 0, 0, 417, 417, 1, 6.73%, 0, 0, 2, 14.57
1746559023, 0, 0, 422, 422, 1, 6.73%, 0, 0, 2, 42.65
1746559028, 0, 0, 427, 427, 1, 6.73%, 0, 0, 2, 5.21
1746559034, 0, 0, 434, 434, 1, 6.73%, 0, 0, 2, 6.44
1746559039, 0, 0, 438, 438, 1, 6.73%, 0, 0, 2, 27.71
1746559044, 0, 0, 442, 442, 1, 6.73%, 0, 0, 2, 1.75
1746559049, 0, 0, 445, 445, 1, 6.73%, 0, 0, 2, 3.38
1746559054, 0, 0, 452, 452, 1, 6.73%, 0, 0, 2, 30.26
1746559060, 0, 0, 456, 456, 1, 6.73%, 0, 0, 2, 26.81
1746559065, 0, 0, 459, 459, 1, 6.73%, 0, 0, 2, 28.49
1746559070, 0, 0, 464, 464, 1, 6.73%, 0, 0, 2, 3.93
1746559075, 0, 0, 469, 469, 1, 6.73%, 0, 0, 2, 19.24
1746559080, 0, 0, 473, 473, 1, 6.73%, 0, 0, 2, 1.44
1746559086, 0, 0, 474, 474, 1, 6.73%, 0, 0, 2, 1.65
1746559091, 0, 0, 476, 476, 1, 6.73%, 0, 0, 2, 7.98
1746559096, 0, 0, 479, 479, 1, 6.78%, 0, 0, 2, 2.33
1746559101, 0, 0, 482, 482, 1, 6.78%, 0, 0, 2, 8.84
1746559106, 0, 0, 485, 485, 1, 6.78%, 0, 0, 2, 12.41
1746559112, 0, 0, 489, 489, 1, 6.78%, 0, 0, 2, 19.50
1746559117, 0, 0, 492, 492, 1, 6.78%, 0, 0, 2, 2.37
1746559122, 0, 0, 495, 495, 1, 6.78%, 0, 0, 2, 23.25
1746559127, 0, 0, 499, 499, 1, 6.78%, 0, 0, 2, 2.42
1746559132, 0, 0, 500, 500, 1, 6.78%, 0, 0, 2, 2.46
1746559138, 0, 0, 503, 503, 1, 6.78%, 0, 0, 2, 2.75
1746559143, 0, 0, 508, 508, 1, 6.78%, 0, 0, 2, 11.99
1746559148, 0, 0, 514, 514, 1, 6.78%, 0, 0, 2, 2.53
1746559153, 0, 0, 515, 515, 1, 6.78%, 0, 0, 2, 12.14
1746559158, 0, 0, 519, 519, 1, 6.78%, 0, 0, 2, 18.55
1746559163, 0, 0, 523, 523, 1, 6.78%, 0, 0, 2, 30.32
1746559169, 0, 0, 527, 527, 1, 6.78%, 0, 0, 2, 5.39
1746559174, 0, 0, 530, 530, 1, 6.78%, 0, 0, 2, 9.21
1746559179, 0, 0, 533, 533, 1, 6.78%, 0, 0, 2, 8.82
1746559184, 0, 0, 536, 536, 1, 6.78%, 0, 0, 2, 1.93
1746559189, 0, 0, 539, 539, 1, 6.78%, 0, 0, 2, 13.21
1746559194, 0, 0, 543, 543, 1, 6.78%, 0, 0, 2, 2.70
1746559200, 0, 0, 547, 547, 1, 6.78%, 0, 0, 2, 51.93
1746559205, 0, 0, 549, 549, 1, 6.78%, 0, 0, 2, 3.82
1746559210, 0, 0, 550, 550, 1, 6.78%, 0, 0, 2, 1.94
1746559215, 0, 0, 551, 551, 1, 6.78%, 0, 0, 2, 1.60
1746559220, 0, 0, 552, 552, 1, 6.78%, 0, 0, 2, 3.81
1746559225, 0, 0, 555, 555, 1, 6.78%, 0, 0, 2, 37.58
1746559231, 0, 0, 557, 557, 1, 6.78%, 0, 0, 2, 38.36
1746559236, 0, 0, 558, 558, 1, 6.78%, 0, 0, 2, 1.47
1746559241, 0, 0, 559, 559, 1, 6.78%, 0, 0, 2, 1.82
1746559247, 0, 0, 560, 560, 1, 6.78%, 0, 0, 2, 4.34
1746559252, 0, 0, 563, 563, 1, 6.78%, 0, 0, 2, 7.15
1746559257, 0, 0, 566, 566, 1, 6.78%, 0, 0, 2, 1.44
1746559268, 0, 0, 567, 567, 1, 6.78%, 0, 0, 2, 1.67
1746559273, 0, 0, 569, 569, 1, 6.78%, 0, 0, 2, 7.47
1746559278, 0, 0, 570, 570, 1, 6.78%, 0, 0, 2, 33.43
1746559283, 0, 0, 574, 574, 1, 6.78%, 0, 0, 2, 15.45
1746559288, 0, 0, 577, 577, 1, 6.78%, 0, 0, 2, 15.06
1746559294, 0, 0, 578, 578, 1, 6.78%, 0, 0, 2, 2.29
1746559299, 0, 0, 579, 579, 1, 6.78%, 0, 0, 2, 28.63
1746559304, 0, 0, 580, 580, 1, 6.78%, 0, 0, 2, 11.63
1746559309, 0, 0, 582, 582, 1, 6.78%, 0, 0, 2, 13.91
1746559315, 0, 0, 583, 583, 1, 6.78%, 0, 0, 2, 2.43
1746559320, 0, 0, 586, 586, 1, 6.78%, 0, 0, 2, 3.89
1746559325, 0, 0, 587, 587, 1, 6.78%, 0, 0, 2, 6.90
1746559330, 0, 0, 589, 589, 1, 6.78%, 0, 0, 2, 7.99
1746559335, 0, 0, 591, 591, 1, 6.79%, 0, 0, 2, 58.85
1746559341, 0, 0, 593, 593, 1, 6.79%, 0, 0, 2, 3.26
1746559346, 0, 0, 596, 596, 1, 6.80%, 0, 0, 2, 9.66
1746559351, 0, 0, 598, 598, 1, 6.80%, 0, 0, 2, 3.83
1746559356, 0, 0, 600, 600, 1, 6.80%, 0, 0, 2, 3.68
1746559361, 0, 0, 603, 603, 1, 6.80%, 0, 0, 2, 41.99
1746559366, 0, 0, 606, 606, 1, 6.80%, 0, 0, 2, 1.47
1746559377, 0, 0, 607, 607, 1, 6.80%, 0, 0, 2, 54.59
1746559382, 0, 0, 608, 608, 1, 6.80%, 0, 0, 2, 22.80
1746559388, 0, 0, 610, 610, 1, 6.80%, 0, 0, 2, 2.27
1746559393, 0, 0, 612, 612, 1, 6.80%, 0, 0, 2, 18.40
1746559398, 0, 0, 613, 613, 1, 6.80%, 0, 0, 2, 3.27
1746559403, 0, 0, 615, 615, 1, 6.80%, 0, 0, 2, 2.60
1746559413, 0, 0, 616, 616, 1, 6.80%, 0, 0, 2, 2.89
1746559424, 0, 0, 617, 617, 1, 6.80%, 0, 0, 2, 3.89
1746559429, 0, 0, 618, 618, 1, 6.80%, 0, 0, 2, 4.50
1746559434, 0, 0, 620, 620, 1, 6.80%, 0, 0, 2, 3.58
1746559439, 0, 0, 622, 622, 1, 6.80%, 0, 0, 2, 5.97
1746559450, 0, 0, 623, 623, 1, 6.80%, 0, 0, 2, 2.25
1746559455, 0, 0, 624, 624, 1, 6.80%, 0, 0, 2, 43.48
1746559460, 0, 0, 625, 625, 1, 6.80%, 0, 0, 2, 21.39
1746559465, 0, 0, 627, 627, 1, 6.80%, 0, 0, 2, 23.02
1746559470, 0, 0, 628, 628, 1, 6.80%, 0, 0, 2, 2.62
1746559476, 0, 0, 629, 629, 1, 6.80%, 0, 0, 2, 31.10
1746559481, 0, 0, 630, 630, 1, 6.80%, 0, 0, 2, 3.60
1746559486, 0, 0, 631, 631, 1, 6.80%, 0, 0, 2, 13.11
1746559491, 0, 0, 633, 633, 1, 6.80%, 0, 0, 2, 2.42
1746559496, 0, 0, 634, 634, 1, 6.80%, 0, 0, 2, 13.06
1746559501, 0, 0, 635, 635, 1, 6.80%, 0, 0, 2, 2.26
1746559506, 0, 0, 636, 636, 1, 6.80%, 0, 0, 2, 6.36
1746559511, 0, 0, 637, 637, 1, 6.80%, 0, 0, 2, 7.04
1746559516, 0, 0, 639, 639, 1, 6.80%, 0, 0, 2, 63.41
1746559522, 0, 0, 641, 641, 1, 6.80%, 0, 0, 2, 38.01
1746559542, 0, 0, 642, 642, 1, 6.80%, 0, 0, 2, 22.18
1746559553, 0, 0, 643, 643, 1, 6.80%, 0, 0, 2, 23.19
1746559558, 0, 0, 644, 644, 1, 6.80%, 0, 0, 2, 36.53
1746559563, 0, 0, 646, 646, 1, 6.80%, 0, 0, 2, 20.53
1746559568, 0, 0, 647, 647, 1, 6.80%, 0, 0, 2, 14.18
1746559578, 0, 0, 649, 649, 1, 6.80%, 0, 0, 2, 19.36
1746559594, 0, 0, 650, 650, 1, 6.80%, 0, 0, 2, 35.49
1746559599, 0, 0, 652, 652, 1, 6.80%, 0, 0, 2, 30.18
1746559604, 0, 0, 653, 653, 1, 6.80%, 0, 0, 2, 2.59
1746559609, 0, 0, 654, 654, 1, 6.80%, 0, 0, 2, 2.62
1746559625, 0, 0, 655, 655, 1, 6.80%, 0, 0, 2, 1.67
1746559635, 0, 0, 656, 656, 1, 6.80%, 0, 0, 2, 20.25
1746559645, 0, 0, 658, 658, 1, 6.80%, 0, 0, 2, 23.81
1746559650, 0, 0, 659, 659, 1, 6.80%, 0, 0, 2, 34.71
1746559655, 0, 0, 660, 660, 1, 6.80%, 0, 0, 2, 16.86
1746559666, 0, 0, 661, 661, 1, 6.80%, 0, 0, 2, 36.60
1746559697, 0, 0, 662, 662, 1, 6.80%, 0, 0, 2, 53.40
1746559702, 0, 0, 663, 663, 1, 6.80%, 0, 0, 2, 19.64
1746559707, 0, 0, 664, 664, 1, 6.80%, 0, 0, 2, 48.27
1746559712, 0, 0, 665, 665, 1, 6.80%, 0, 0, 2, 31.13
1746559718, 0, 0, 666, 666, 1, 6.80%, 0, 0, 2, 5.55
1746559723, 0, 0, 667, 667, 1, 6.80%, 0, 0, 2, 5.44
1746559749, 0, 0, 668, 668, 1, 6.80%, 0, 0, 2, 54.19
1746559760, 0, 0, 669, 669, 1, 6.80%, 0, 0, 2, 2.17
1746559770, 0, 0, 670, 670, 1, 6.80%, 0, 0, 2, 35.48
1746559785, 0, 0, 671, 671, 1, 6.80%, 0, 0, 2, 4.42
1746559791, 0, 0, 672, 672, 1, 6.80%, 0, 0, 2, 28.00
1746559796, 0, 0, 673, 673, 1, 6.80%, 0, 0, 2, 34.65
1746559811, 0, 0, 674, 674, 1, 6.80%, 0, 0, 2, 2.22
1746559833, 0, 0, 675, 675, 1, 6.80%, 0, 0, 2, 8.96
1746559838, 0, 0, 676, 676, 1, 6.80%, 0, 0, 2, 7.43
1746559848, 0, 0, 678, 678, 1, 6.80%, 0, 0, 2, 6.61
1746559854, 0, 0, 679, 679, 1, 6.80%, 0, 0, 2, 53.95
1746559859, 0, 0, 680, 680, 1, 6.80%, 0, 0, 2, 4.05
1746559869, 0, 0, 681, 681, 1, 6.80%, 0, 0, 2, 4.85
1746559875, 0, 0, 683, 683, 1, 6.80%, 0, 0, 2, 5.92
1746559891, 0, 0, 684, 684, 1, 6.80%, 0, 0, 2, 1.48
1746559922, 0, 0, 685, 685, 1, 6.80%, 0, 0, 2, 32.60
1746559969, 0, 0, 686, 686, 1, 6.80%, 0, 0, 2, 4.46
1746559985, 0, 0, 687, 687, 1, 6.80%, 0, 0, 2, 7.13
1746560016, 0, 0, 688, 688, 1, 6.81%, 0, 0, 2, 23.10
1746560031, 0, 0, 689, 689, 1, 6.81%, 0, 0, 2, 4.13
1746560047, 0, 10, 689, 688, 19, 6.81%, 0, 0, 2, 89.55
1746560083, 0, 10, 690, 689, 19, 6.81%, 0, 0, 3, 34.48
1746560108, 0, 10, 691, 690, 19, 6.81%, 0, 0, 3, 18.10
1746560124, 0, 10, 692, 691, 19, 6.81%, 0, 0, 3, 2.02
1746560130, 0, 10, 693, 692, 19, 6.81%, 0, 0, 3, 8.76
1746560155, 0, 10, 694, 693, 19, 6.81%, 0, 0, 3, 2.19
1746560192, 0, 10, 695, 694, 19, 6.81%, 0, 0, 3, 4.51
1746560217, 0, 10, 696, 695, 19, 6.81%, 0, 0, 3, 2.66
1746560228, 0, 10, 698, 697, 19, 6.81%, 0, 0, 3, 28.82
1746560269, 0, 10, 699, 698, 19, 6.81%, 0, 0, 3, 30.15
1746560279, 0, 10, 700, 699, 19, 6.81%, 0, 0, 3, 42.12
1746560290, 0, 10, 701, 700, 19, 6.81%, 0, 0, 3, 19.29
1746560295, 0, 10, 703, 702, 19, 6.81%, 0, 0, 3, 19.06
1746560315, 0, 10, 704, 703, 19, 6.81%, 0, 0, 3, 3.03
1746560341, 0, 10, 705, 704, 19, 6.81%, 0, 0, 3, 17.92
1746560346, 0, 10, 706, 705, 19, 6.81%, 0, 0, 3, 40.45
1746560362, 0, 10, 707, 706, 19, 6.81%, 0, 0, 3, 32.20
1746560403, 0, 10, 708, 707, 19, 6.81%, 0, 0, 3, 18.56
1746560414, 0, 10, 709, 708, 19, 6.81%, 0, 0, 3, 5.87
1746560456, 0, 10, 710, 709, 19, 6.81%, 0, 0, 3, 35.37
1746560467, 0, 10, 711, 710, 19, 6.81%, 0, 0, 3, 5.33
1746560503, 0, 10, 712, 711, 19, 6.81%, 0, 0, 3, 36.36
1746560545, 0, 10, 713, 712, 19, 6.81%, 0, 0, 3, 21.44
1746560576, 0, 10, 714, 713, 19, 6.81%, 0, 0, 3, 1.90
1746560597, 0, 10, 715, 714, 19, 6.81%, 0, 0, 3, 2.54
1746560602, 0, 17, 715, 713, 17, 6.81%, 0, 0, 3, 44.12
1746560607, 0, 17, 716, 714, 17, 6.81%, 0, 0, 3, 30.06
1746560622, 0, 17, 717, 715, 17, 6.81%, 0, 0, 3, 48.44
1746560633, 0, 17, 718, 716, 17, 6.81%, 0, 0, 3, 6.67
1746560644, 0, 17, 719, 717, 17, 6.81%, 0, 0, 3, 47.62
1746560654, 0, 17, 720, 718, 17, 6.81%, 0, 0, 3, 37.92
1746560696, 0, 17, 721, 719, 17, 6.81%, 0, 0, 3, 26.56
1746560737, 0, 17, 722, 720, 17, 6.81%, 0, 0, 3, 37.95
1746560799, 0, 17, 724, 722, 17, 6.81%, 0, 0, 3, 15.01
1746560810, 0, 17, 725, 723, 17, 6.81%, 0, 0, 3, 1.69
1746560820, 0, 17, 726, 724, 17, 6.81%, 0, 0, 3, 36.36
1746560841, 0, 17, 727, 725, 17, 6.81%, 0, 0, 3, 1.45
1746560883, 0, 17, 728, 726, 17, 6.81%, 0, 0, 3, 43.48
1746560899, 0, 17, 729, 727, 17, 6.81%, 0, 0, 3, 34.01
1746560936, 0, 17, 730, 728, 17, 6.81%, 0, 0, 3, 27.80
1746560941, 0, 17, 731, 729, 17, 6.81%, 0, 0, 3, 25.58
1746560972, 0, 17, 732, 730, 17, 6.81%, 0, 0, 3, 27.57
1746560988, 0, 17, 733, 731, 17, 6.81%, 0, 0, 3, 1.91
1746561024, 0, 17, 734, 732, 17, 6.81%, 0, 0, 3, 28.76
1746561112, 0, 17, 735, 733, 17, 6.81%, 0, 0, 3, 40.39
1746561138, 0, 115, 735, 732, 17, 6.81%, 0, 0, 3, 24.97
1746561164, 0, 115, 736, 733, 17, 6.81%, 0, 0, 3, 6.18
1746561184, 0, 115, 737, 734, 17, 6.81%, 0, 0, 3, 1.60
1746561194, 0, 115, 738, 735, 17, 6.81%, 0, 0, 3, 2.85
1746561220, 0, 115, 739, 736, 17, 6.81%, 0, 0, 3, 4.28
1746561236, 0, 115, 740, 737, 17, 6.81%, 0, 0, 3, 18.53
1746561283, 0, 115, 741, 738, 17, 6.81%, 0, 0, 3, 2.67
1746561372, 0, 115, 742, 739, 17, 6.81%, 0, 0, 3, 65.87
1746561382, 0, 115, 743, 740, 17, 6.81%, 0, 0, 3, 48.25
1746561403, 0, 115, 744, 741, 17, 6.81%, 0, 0, 3, 4.00
1746561429, 0, 115, 745, 742, 17, 6.81%, 0, 0, 3, 26.65
1746561449, 0, 115, 746, 743, 17, 6.81%, 0, 0, 3, 7.24
1746561470, 0, 115, 747, 744, 17, 6.81%, 0, 0, 3, 24.26
1746561538, 0, 115, 748, 745, 17, 6.81%, 0, 0, 3, 33.18
1746561548, 0, 115, 749, 746, 17, 6.81%, 0, 0, 3, 24.75
1746561590, 0, 115, 750, 747, 17, 6.81%, 0, 0, 3, 3.20
1746561605, 0, 115, 751, 748, 17, 6.81%, 0, 0, 3, 25.24
1746561663, 0, 115, 752, 749, 17, 6.81%, 0, 0, 3, 7.91
1746561745, 0, 324, 752, 748, 16, 6.81%, 0, 0, 3, 14.86
1746561787, 0, 324, 753, 749, 16, 6.81%, 0, 0, 3, 38.20
1746561850, 0, 480, 753, 748, 15, 6.81%, 0, 0, 3, 22.95
1746561880, 0, 480, 754, 749, 15, 6.81%, 0, 0, 3, 25.69
1746561927, 0, 480, 755, 750, 15, 6.81%, 0, 0, 3, 24.05
1746562005, 0, 480, 756, 751, 15, 6.81%, 0, 0, 3, 5.59
1746562036, 0, 480, 757, 752, 15, 6.81%, 0, 0, 3, 12.18
1746562250, 0, 480, 758, 753, 15, 6.81%, 0, 0, 3, 2.50
1746562328, 0, 480, 759, 754, 15, 6.81%, 0, 0, 3, 17.13
1746562370, 0, 480, 760, 755, 15, 6.81%, 0, 0, 3, 6.58
1746562416, 0, 480, 761, 756, 15, 6.81%, 0, 0, 3, 6.43
1746562422, 0, 502, 761, 755, 15, 6.81%, 0, 0, 3, 6.17
1746563828, 0, 507, 761, 754, 14, 6.81%, 0, 0, 3, 7.93
1746563966, 0, 538, 761, 753, 14, 6.81%, 0, 0, 3, 23.06
1746563971, 0, 538, 763, 755, 14, 6.81%, 0, 0, 3, 25.02
1746564115, 0, 538, 764, 756, 14, 6.81%, 0, 0, 3, 23.20
1746564172, 0, 538, 765, 757, 14, 6.81%, 0, 0, 3, 18.88
1746564177, 0, 538, 766, 758, 14, 6.81%, 0, 0, 3, 19.45
1746564255, 0, 538, 767, 759, 14, 6.81%, 0, 0, 3, 5.83
1746564291, 0, 538, 769, 761, 14, 6.81%, 0, 0, 3, 22.84
1746564322, 0, 538, 770, 762, 14, 6.81%, 0, 0, 3, 14.95
1746564332, 0, 538, 771, 763, 14, 6.81%, 0, 0, 3, 11.93
1746564363, 0, 538, 772, 764, 14, 6.81%, 0, 0, 3, 14.77
1746564368, 0, 538, 773, 765, 14, 6.81%, 0, 0, 3, 8.76
1746564430, 0, 538, 774, 766, 14, 6.82%, 0, 0, 3, 15.81
1746564502, 0, 538, 775, 767, 14, 6.82%, 0, 0, 3, 17.64
1746564549, 0, 538, 776, 768, 14, 6.82%, 0, 0, 3, 16.71
1746564637, 0, 538, 777, 769, 14, 6.82%, 0, 0, 3, 22.03
1746564653, 0, 538, 778, 770, 14, 6.82%, 0, 0, 3, 17.04
1746564694, 0, 538, 779, 771, 14, 6.82%, 0, 0, 3, 16.41
1746564854, 0, 538, 780, 772, 14, 6.82%, 0, 0, 3, 15.40
1746564890, 0, 538, 781, 773, 14, 6.82%, 0, 0, 3, 7.64
1746564916, 0, 538, 782, 774, 14, 6.82%, 0, 0, 3, 12.51
1746564993, 0, 538, 783, 775, 14, 6.82%, 0, 0, 3, 16.35
1746565004, 0, 538, 784, 776, 14, 6.82%, 0, 0, 3, 7.71
1746565055, 0, 538, 785, 777, 14, 6.82%, 0, 0, 3, 18.25
1746565070, 0, 538, 786, 778, 14, 6.82%, 0, 0, 3, 15.38
1746565106, 0, 538, 787, 779, 14, 6.82%, 0, 0, 3, 3.83
1746565132, 0, 538, 788, 780, 14, 6.82%, 0, 0, 3, 16.15
1746565205, 0, 538, 789, 781, 14, 6.82%, 0, 0, 3, 1.46
1746565267, 0, 538, 790, 782, 14, 6.82%, 0, 0, 3, 18.80
1746565318, 0, 538, 791, 783, 14, 6.82%, 0, 0, 3, 14.16
1746565339, 0, 582, 791, 782, 15, 6.82%, 0, 0, 3, 2.38
1746571569, 0, 582, 792, 783, 15, 6.82%, 0, 0, 3, 2.74
1746571639, 0, 582, 793, 784, 15, 6.82%, 0, 0, 3, 3.95
1746571735, 0, 624, 793, 783, 14, 6.82%, 0, 0, 3, 21.78
1746571766, 0, 624, 794, 784, 14, 6.82%, 0, 0, 3, 14.29
1746571869, 0, 624, 795, 785, 14, 6.82%, 0, 0, 3, 2.04
1746571936, 0, 624, 796, 786, 14, 6.82%, 0, 0, 3, 17.90
1746571946, 0, 624, 797, 787, 14, 6.82%, 0, 0, 3, 15.25
1746572039, 0, 624, 798, 788, 14, 6.82%, 0, 0, 3, 10.17
1746572106, 0, 624, 799, 789, 14, 6.82%, 0, 0, 3, 13.72
1746572128, 0, 624, 800, 790, 14, 6.82%, 0, 0, 3, 1.63
1746572477, 0, 624, 801, 791, 14, 6.82%, 0, 0, 3, 16.64
1746572774, 0, 624, 802, 792, 14, 6.82%, 0, 0, 3, 22.26
1746573007, 0, 648, 802, 791, 12, 6.82%, 0, 0, 3, 21.33
1746573140, 0, 648, 803, 792, 12, 6.82%, 0, 0, 3, 15.72
1746573372, 0, 648, 804, 793, 12, 6.82%, 0, 0, 3, 17.85
1746573382, 0, 648, 805, 794, 12, 6.82%, 0, 0, 3, 16.99
1746573419, 0, 648, 807, 796, 12, 6.82%, 0, 0, 3, 14.29
1746573434, 0, 648, 808, 797, 12, 6.82%, 0, 0, 3, 13.89
1746573455, 0, 648, 809, 798, 12, 6.82%, 0, 0, 3, 16.26
1746573487, 0, 648, 810, 799, 12, 6.82%, 0, 0, 3, 14.24
1746573507, 0, 648, 811, 800, 12, 6.82%, 0, 0, 3, 16.91
1746573544, 0, 648, 812, 801, 12, 6.82%, 0, 0, 3, 17.15
1746573569, 0, 648, 813, 802, 12, 6.82%, 0, 0, 3, 15.60
1746573596, 0, 648, 814, 803, 12, 6.82%, 0, 0, 3, 9.96
1746573673, 0, 648, 815, 804, 12, 6.82%, 0, 0, 3, 1.94
1746573720, 0, 648, 816, 805, 12, 6.82%, 0, 0, 3, 24.98
1746573735, 0, 648, 817, 806, 12, 6.82%, 0, 0, 3, 5.31
1746573756, 0, 648, 818, 807, 12, 6.82%, 0, 0, 3, 16.15
1746573767, 0, 648, 819, 808, 12, 6.82%, 0, 0, 3, 19.92
1746573809, 0, 648, 820, 809, 12, 6.82%, 0, 0, 3, 9.99
1746573881, 0, 648, 821, 810, 12, 6.82%, 0, 0, 3, 10.81
1746573897, 0, 648, 822, 811, 12, 6.82%, 0, 0, 3, 17.12
1746573933, 0, 648, 823, 812, 12, 6.82%, 0, 0, 3, 9.38
1746573943, 0, 648, 826, 815, 12, 6.82%, 0, 0, 3, 15.02
1746573974, 0, 648, 827, 816, 12, 6.82%, 0, 0, 3, 17.38
1746574030, 0, 648, 828, 817, 12, 6.82%, 0, 0, 3, 15.88
1746574061, 0, 648, 829, 818, 12, 6.82%, 0, 0, 3, 12.13
1746574072, 0, 648, 830, 819, 12, 6.82%, 0, 0, 3, 10.21
1746574087, 0, 648, 831, 820, 12, 6.82%, 0, 0, 3, 1.58
1746574093, 0, 648, 832, 821, 12, 6.82%, 0, 0, 3, 1.64
1746574248, 0, 648, 833, 822, 12, 6.82%, 0, 0, 3, 14.42
1746574285, 0, 648, 834, 823, 12, 6.82%, 0, 0, 3, 9.18
1746574316, 0, 679, 834, 822, 12, 6.82%, 0, 0, 3, 2.14
1746576201, 0, 679, 835, 823, 12, 6.82%, 0, 0, 3, 2.03
1746577213, 0, 679, 836, 824, 12, 6.82%, 0, 0, 3, 2.83
1746577265, 0, 699, 836, 823, 12, 6.82%, 0, 0, 3, 6.52
1746577321, 0, 699, 837, 824, 12, 6.82%, 0, 0, 4, 12.31
1746577347, 0, 699, 838, 825, 12, 6.82%, 0, 0, 4, 13.34
1746577352, 0, 699, 840, 827, 12, 6.82%, 0, 0, 4, 13.81
1746577362, 0, 699, 841, 828, 12, 6.82%, 0, 0, 4, 12.66
1746577526, 0, 699, 842, 829, 12, 6.82%, 0, 0, 4, 11.90
1746577567, 0, 699, 843, 830, 12, 6.82%, 0, 0, 4, 13.32
1746577572, 0, 699, 844, 831, 12, 6.82%, 0, 0, 4, 13.69
1746577592, 0, 699, 845, 832, 12, 6.82%, 0, 0, 4, 11.14
1746577648, 0, 699, 846, 833, 12, 6.82%, 0, 0, 4, 11.72
1746577679, 0, 699, 847, 834, 12, 6.82%, 0, 0, 4, 12.45
1746577710, 0, 699, 848, 835, 12, 6.82%, 0, 0, 4, 13.53
1746577808, 0, 699, 849, 836, 12, 6.82%, 0, 0, 4, 11.47
1746577957, 0, 699, 850, 837, 12, 6.82%, 0, 0, 4, 10.24
1746577967, 0, 699, 852, 839, 12, 6.82%, 0, 0, 4, 8.57
1746578094, 0, 699, 853, 840, 12, 6.82%, 0, 0, 4, 13.34
1746578227, 0, 699, 854, 841, 12, 6.82%, 0, 0, 4, 17.52
1746578311, 0, 699, 855, 842, 12, 6.82%, 0, 0, 4, 16.36
1746578461, 0, 699, 856, 843, 12, 6.82%, 0, 0, 4, 9.89
1746578625, 0, 699, 857, 844, 12, 6.82%, 0, 0, 4, 1.95
1746578750, 0, 699, 858, 845, 12, 6.82%, 0, 0, 4, 20.99
1746578755, 0, 699, 859, 846, 12, 6.82%, 0, 0, 4, 2.88
1746578786, 0, 699, 860, 847, 12, 6.82%, 0, 0, 4, 1.94
1746578832, 0, 699, 861, 848, 12, 6.82%, 0, 0, 4, 13.72
1746578946, 0, 699, 862, 849, 12, 6.82%, 0, 0, 4, 9.88
1746579024, 0, 713, 862, 848, 11, 6.82%, 0, 0, 4, 15.65
1746579132, 0, 713, 863, 849, 11, 6.82%, 0, 0, 4, 15.86
1746579321, 0, 719, 863, 848, 11, 6.82%, 0, 0, 4, 14.89
1746580699, 0, 719, 864, 849, 11, 6.82%, 0, 0, 4, 9.41
1746580787, 0, 719, 865, 850, 11, 6.82%, 0, 0, 4, 8.87
1746580907, 0, 719, 866, 851, 11, 6.82%, 0, 0, 4, 8.71
1746581162, 0, 719, 867, 852, 11, 6.82%, 0, 0, 4, 10.91
1746581198, 0, 719, 868, 853, 11, 6.82%, 0, 0, 4, 8.21
1746581208, 0, 719, 869, 854, 11, 6.82%, 0, 0, 4, 12.93
1746581312, 0, 719, 870, 855, 11, 6.83%, 0, 0, 4, 9.53
1746581359, 0, 719, 871, 856, 11, 6.83%, 0, 0, 4, 4.06
1746581622, 0, 719, 872, 857, 11, 6.83%, 0, 0, 4, 1.66
1746581766, 0, 719, 873, 858, 11, 6.83%, 0, 0, 4, 6.55
1746582418, 0, 719, 874, 859, 11, 6.83%, 0, 0, 4, 3.66
1746582501, 0, 719, 875, 860, 11, 6.83%, 0, 0, 4, 6.88
1746582620, 0, 752, 876, 860, 11, 6.83%, 0, 0, 4, 12.84
1746582671, 0, 752, 877, 861, 11, 6.83%, 0, 0, 4, 13.69
1746583096, 0, 753, 877, 860, 10, 6.83%, 0, 0, 4, 38.89
1746583117, 0, 753, 878, 861, 10, 6.83%, 0, 0, 4, 3.25
1746583273, 0, 764, 878, 860, 9, 6.83%, 0, 0, 4, 23.79
1746583618, 0, 765, 878, 859, 8, 6.83%, 0, 0, 4, 22.84
1746583920, 0, 793, 878, 858, 7, 6.83%, 0, 0, 4, 15.25
1746584085, 0, 793, 879, 859, 7, 6.83%, 0, 0, 4, 14.37
1746584121, 0, 793, 880, 860, 7, 6.83%, 0, 0, 4, 15.90
1746584213, 0, 834, 880, 859, 6, 6.83%, 0, 0, 4, 2.18
1746587149, 0, 860, 880, 858, 5, 6.83%, 0, 0, 4, 12.56
1746587383, 0, 860, 881, 859, 5, 6.83%, 0, 0, 5, 14.71
1746587486, 0, 860, 882, 860, 5, 6.83%, 0, 0, 5, 16.13
1746587620, 0, 862, 882, 859, 4, 6.83%, 0, 0, 5, 17.38
1746587661, 0, 862, 883, 860, 4, 6.83%, 0, 0, 5, 14.26
1746587819, 0, 862, 884, 861, 4, 6.83%, 0, 0, 5, 14.23
1746587968, 0, 869, 884, 860, 7, 6.83%, 0, 0, 5, 10.82
1746589487, 0, 877, 884, 859, 6, 6.83%, 0, 0, 5, 10.24
1746589492, 0, 877, 885, 860, 6, 6.83%, 0, 0, 5, 10.34
1746589518, 0, 877, 887, 862, 6, 6.83%, 0, 0, 5, 9.17
1746589523, 0, 877, 888, 863, 6, 6.83%, 0, 0, 5, 8.81
1746589528, 0, 877, 890, 865, 6, 6.83%, 0, 0, 5, 10.44
1746589553, 0, 877, 891, 866, 6, 6.83%, 0, 0, 5, 9.96
1746589559, 0, 877, 892, 867, 6, 6.83%, 0, 0, 5, 9.02
1746589564, 0, 877, 894, 869, 6, 6.83%, 0, 0, 5, 8.30
1746589840, 0, 877, 895, 870, 6, 6.83%, 0, 0, 5, 11.76
1746590285, 0, 877, 896, 871, 6, 6.83%, 0, 0, 5, 10.74
1746590332, 0, 877, 897, 872, 6, 6.83%, 0, 0, 5, 7.93
1746590420, 0, 877, 898, 873, 6, 6.83%, 0, 0, 5, 10.91
1746590644, 0, 877, 899, 874, 6, 6.83%, 0, 0, 5, 12.54
1746591041, 0, 877, 900, 875, 6, 6.83%, 0, 0, 5, 13.15
1746591124, 0, 877, 901, 876, 6, 6.83%, 0, 0, 5, 1.62
1746591166, 0, 877, 902, 877, 6, 6.83%, 0, 0, 5, 11.95
1746591475, 0, 877, 903, 878, 6, 6.83%, 0, 0, 5, 12.60
1746591762, 0, 882, 903, 877, 5, 6.83%, 0, 0, 5, 13.29
1746592137, 0, 883, 903, 876, 4, 6.83%, 0, 0, 5, 18.86
1746592147, 0, 883, 904, 877, 4, 6.83%, 0, 0, 6, 14.89
1746592496, 0, 884, 904, 876, 3, 6.83%, 0, 0, 6, 13.08
1746593344, 0, 884, 905, 877, 3, 6.83%, 0, 0, 6, 9.38
1746593417, 0, 884, 906, 878, 3, 6.83%, 0, 0, 6, 23.18
1746593499, 0, 884, 907, 879, 3, 6.83%, 0, 0, 6, 11.06
1746594052, 0, 887, 907, 878, 2, 6.83%, 0, 0, 6, 12.52
1746594899, 1, 105, 907, 877, 1, 6.83%, 0, 0, 6, 78.02
1746594930, 1, 105, 908, 878, 1, 6.83%, 0, 0, 6, 3.41
1746594935, 1, 105, 909, 879, 1, 6.83%, 0, 0, 6, 2.64
1746595119, 1, 105, 910, 880, 1, 6.83%, 0, 0, 6, 3.91
1746595270, 1, 105, 911, 881, 1, 6.83%, 0, 0, 6, 3.53
1746595452, 1, 105, 912, 882, 1, 6.83%, 0, 0, 6, 18.56
1746595484, 1, 105, 913, 883, 1, 6.83%, 0, 0, 6, 9.15
1746595705, 1, 105, 914, 884, 1, 6.83%, 0, 0, 6, 3.66
1746595716, 1, 105, 915, 885, 1, 6.83%, 0, 0, 6, 4.49
1746595759, 1, 491, 915, 884, 1, 6.83%, 0, 0, 6, 4.04
1746597679, 1, 751, 915, 883, 1, 6.83%, 0, 0, 6, 30.43
1746597961, 1, 795, 915, 882, 1, 6.83%, 0, 0, 6, 20.98
1746598316, 1, 798, 915, 881, 0, 6.83%, 0, 0, 6, 12.46
1746599224, 1, 799, 915, 880, 0, 6.83%, 0, 0, 6, 1.64
1746599298, 1, 799, 916, 881, 0, 6.83%, 0, 0, 6, 2.69
1746599308, 1, 799, 917, 882, 0, 6.83%, 0, 0, 6, 2.70
1746599324, 1, 799, 918, 883, 0, 6.83%, 0, 0, 6, 2.60
1746599423, 1, 799, 919, 884, 0, 6.83%, 0, 0, 6, 2.17
1746599456, 1, 799, 920, 885, 0, 6.83%, 0, 0, 6, 1.84
1746599531, 1, 799, 921, 886, 0, 6.83%, 0, 0, 6, 1.81
1746599580, 1, 799, 922, 887, 0, 6.83%, 0, 0, 6, 1.66
1746599668, 1, 799, 923, 888, 0, 6.83%, 0, 0, 6, 1.62
1746599743, 1, 799, 924, 889, 0, 6.83%, 0, 0, 6, 2.60
1746600217, 1, 799, 925, 890, 0, 6.83%, 0, 0, 6, 3.14
1746600411, 1, 799, 926, 891, 0, 6.83%, 0, 0, 6, 1.67
1746600572, 1, 799, 927, 892, 0, 6.83%, 0, 0, 6, 1.93
1746600751, 1, 799, 928, 893, 0, 6.83%, 0, 0, 6, 2.83
