# unix_time, cycles_done, cur_path, paths_total, pending_total, pending_favs, map_size, unique_crashes, unique_hangs, max_depth, execs_per_sec
1747409971, 0, 0, 1, 1, 1, 0.03%, 0, 0, 1, 800.00
1747409976, 1, 8, 13, 6, 0, 0.05%, 0, 0, 5, 2711.25
1747409981, 1, 15, 18, 9, 0, 0.05%, 0, 0, 7, 2991.69
1747409986, 1, 17, 20, 10, 0, 0.05%, 0, 0, 8, 2955.42
1747409991, 3, 16, 20, 7, 0, 0.05%, 0, 0, 8, 3007.47
1747409996, 3, 19, 20, 6, 0, 0.05%, 0, 0, 8, 2735.62
1747410001, 4, 20, 23, 7, 0, 0.05%, 0, 0, 8, 2861.05
1747410006, 5, 21, 24, 7, 0, 0.05%, 0, 0, 8, 3001.85
1747410011, 8, 22, 24, 5, 0, 0.05%, 0, 0, 8, 3021.80
1747410016, 8, 23, 25, 5, 0, 0.05%, 0, 0, 8, 3030.01
1747410022, 8, 23, 26, 6, 0, 0.05%, 0, 0, 8, 3038.59
1747410027, 9, 2, 26, 5, 0, 0.05%, 0, 0, 8, 3047.42
1747410032, 11, 25, 27, 5, 0, 0.05%, 0, 0, 9, 3008.65
1747410042, 11, 26, 27, 4, 0, 0.05%, 0, 0, 9, 3033.37
1747410047, 12, 24, 27, 3, 0, 0.05%, 0, 0, 9, 3059.27
1747410052, 15, 10, 27, 2, 0, 0.05%, 0, 0, 9, 3061.08
1747410057, 19, 3, 27, 1, 0, 0.05%, 0, 0, 9, 3069.80
1747410062, 20, 18, 27, 1, 0, 0.05%, 0, 0, 9, 2999.55
1747410067, 24, 4, 27, 0, 0, 0.05%, 0, 0, 9, 3056.72
1747410072, 30, 23, 27, 0, 0, 0.05%, 0, 0, 9, 3074.67
1747410077, 33, 25, 27, 0, 0, 0.05%, 0, 0, 9, 3071.18
1747410083, 38, 0, 27, 0, 0, 0.05%, 0, 0, 9, 3073.67
1747410088, 42, 18, 27, 0, 0, 0.05%, 0, 0, 9, 3083.14
1747410093, 44, 10, 27, 0, 0, 0.05%, 0, 0, 9, 3060.80
1747410098, 49, 3, 27, 0, 0, 0.05%, 0, 0, 9, 3040.73
1747410103, 54, 24, 27, 0, 0, 0.05%, 0, 0, 9, 3027.88
1747410108, 60, 7, 27, 0, 0, 0.05%, 0, 0, 9, 3060.34
1747410113, 66, 7, 27, 0, 0, 0.05%, 0, 0, 9, 3090.10
1747410118, 72, 4, 27, 0, 0, 0.05%, 0, 0, 9, 3093.15
1747410123, 76, 2, 27, 0, 0, 0.05%, 0, 0, 9, 3074.49
1747410129, 79, 20, 27, 0, 0, 0.05%, 0, 0, 9, 3055.44
1747410134, 85, 4, 27, 0, 0, 0.05%, 0, 0, 9, 3063.66
1747410139, 93, 3, 27, 0, 0, 0.05%, 0, 0, 9, 3042.50
1747410144, 97, 20, 27, 0, 0, 0.05%, 0, 0, 9, 3048.11
1747410149, 105, 7, 27, 0, 0, 0.05%, 0, 0, 9, 3062.87
1747410154, 110, 26, 27, 0, 0, 0.05%, 0, 0, 9, 3035.45
1747410159, 115, 21, 27, 0, 0, 0.05%, 0, 0, 9, 3023.49
1747410164, 121, 2, 27, 0, 0, 0.05%, 0, 0, 9, 3019.73
1747410169, 128, 2, 27, 0, 0, 0.05%, 0, 0, 9, 3013.85
1747410174, 131, 16, 27, 0, 0, 0.05%, 0, 0, 9, 3002.06
1747410179, 140, 7, 27, 0, 0, 0.05%, 0, 0, 9, 3024.66
1747410184, 146, 0, 27, 0, 0, 0.05%, 0, 0, 9, 2952.77
1747410189, 151, 7, 27, 0, 0, 0.05%, 0, 0, 9, 2937.87
1747410194, 158, 7, 27, 0, 0, 0.05%, 0, 0, 9, 2953.47
1747410199, 162, 7, 27, 0, 0, 0.05%, 0, 0, 9, 2937.27
1747410204, 168, 18, 27, 0, 0, 0.05%, 0, 0, 9, 2935.07
1747410209, 174, 19, 27, 0, 0, 0.05%, 0, 0, 9, 2936.30
1747410214, 178, 26, 27, 0, 0, 0.05%, 0, 0, 9, 2911.69
1747410220, 185, 4, 27, 0, 0, 0.05%, 0, 0, 9, 2909.94
1747410225, 191, 4, 27, 0, 0, 0.05%, 0, 0, 9, 2906.26
1747410230, 196, 22, 27, 0, 0, 0.05%, 0, 0, 9, 2909.83
1747410235, 205, 4, 27, 0, 0, 0.05%, 0, 0, 9, 2924.46
1747410240, 209, 22, 27, 0, 0, 0.05%, 0, 0, 9, 2925.06
1747410245, 216, 24, 27, 0, 0, 0.05%, 0, 0, 9, 2910.73
1747410250, 222, 20, 27, 0, 0, 0.05%, 0, 0, 9, 2896.77
1747410255, 227, 15, 27, 0, 0, 0.05%, 0, 0, 9, 2908.27
1747410260, 232, 9, 27, 0, 0, 0.05%, 0, 0, 9, 2902.92
1747410265, 237, 7, 27, 0, 0, 0.05%, 0, 0, 9, 2888.18
1747410270, 243, 4, 27, 0, 0, 0.05%, 0, 0, 9, 2879.40
1747410276, 248, 7, 27, 0, 0, 0.05%, 0, 0, 9, 2881.87
1747410281, 253, 4, 27, 0, 0, 0.05%, 0, 0, 9, 2878.73
1747410286, 259, 7, 27, 0, 0, 0.05%, 0, 0, 9, 2894.70
1747410291, 264, 26, 27, 0, 0, 0.05%, 0, 0, 9, 2890.36
1747410296, 270, 14, 27, 0, 0, 0.05%, 0, 0, 9, 2886.60
1747410301, 274, 27, 28, 1, 0, 0.05%, 0, 0, 9, 2504.07
1747410306, 274, 27, 29, 2, 0, 0.05%, 0, 0, 9, 2361.13
1747410311, 274, 27, 30, 3, 0, 0.05%, 0, 0, 9, 2551.99
1747410316, 274, 29, 30, 2, 0, 0.05%, 0, 0, 9, 2214.91
1747410326, 276, 28, 30, 1, 0, 0.05%, 0, 0, 9, 2486.75
1747410337, 278, 10, 30, 0, 0, 0.05%, 0, 0, 9, 2431.60
1747410342, 282, 7, 30, 0, 0, 0.05%, 0, 0, 9, 2762.29
1747410347, 285, 3, 30, 0, 0, 0.05%, 0, 0, 9, 2790.08
1747410352, 289, 7, 30, 0, 0, 0.05%, 0, 0, 9, 2840.21
1747410357, 294, 28, 30, 0, 0, 0.05%, 0, 0, 9, 2777.43
1747410362, 300, 25, 30, 0, 0, 0.05%, 0, 0, 9, 2849.50
1747410367, 306, 7, 31, 1, 0, 0.05%, 0, 0, 10, 2861.06
1747410372, 306, 30, 32, 2, 0, 0.05%, 0, 0, 11, 2800.34
1747410382, 308, 10, 32, 1, 0, 0.05%, 0, 0, 11, 2803.55
1747410388, 308, 31, 33, 2, 0, 0.05%, 0, 0, 12, 2627.80
1747410398, 308, 32, 33, 1, 0, 0.05%, 0, 0, 12, 2489.63
1747410408, 311, 26, 33, 0, 0, 0.05%, 0, 0, 12, 2793.14
1747410413, 313, 2, 33, 0, 0, 0.05%, 0, 0, 12, 2829.76
1747410418, 318, 2, 33, 0, 0, 0.05%, 0, 0, 12, 2805.34
1747410423, 321, 13, 33, 0, 0, 0.05%, 0, 0, 12, 2778.25
1747410428, 325, 32, 33, 0, 0, 0.05%, 0, 0, 12, 2777.46
1747410433, 329, 19, 33, 0, 0, 0.05%, 0, 0, 12, 2823.27
1747410439, 332, 28, 33, 0, 0, 0.05%, 0, 0, 12, 2796.28
1747410444, 337, 23, 33, 0, 0, 0.05%, 0, 0, 12, 2811.29
1747410449, 341, 25, 33, 0, 0, 0.05%, 0, 0, 12, 2770.62
1747410454, 346, 16, 33, 0, 0, 0.05%, 0, 0, 12, 2770.56
1747410459, 351, 2, 33, 0, 0, 0.05%, 0, 0, 12, 2808.42
1747410464, 353, 26, 33, 0, 0, 0.05%, 0, 0, 12, 2827.22
1747410469, 358, 20, 33, 0, 0, 0.05%, 0, 0, 12, 2835.83
1747410474, 361, 20, 33, 0, 0, 0.05%, 0, 0, 12, 2794.04
1747410479, 366, 4, 33, 0, 0, 0.05%, 0, 0, 12, 2812.39
1747410485, 372, 12, 33, 0, 0, 0.05%, 0, 0, 12, 2814.43
1747410490, 374, 3, 33, 0, 0, 0.05%, 0, 0, 12, 2766.62
1747410495, 377, 7, 33, 0, 0, 0.05%, 0, 0, 12, 2799.91
1747410500, 380, 30, 33, 0, 0, 0.05%, 0, 0, 12, 2801.82
1747410505, 382, 27, 33, 0, 0, 0.05%, 0, 0, 12, 2649.41
1747410510, 385, 4, 33, 0, 0, 0.05%, 0, 0, 12, 2684.94
1747410515, 387, 31, 33, 0, 0, 0.05%, 0, 0, 12, 2753.74
1747410520, 389, 4, 34, 1, 0, 0.05%, 0, 0, 12, 2709.34
1747410526, 390, 33, 35, 2, 0, 0.05%, 0, 0, 12, 2205.89
1747410541, 390, 34, 35, 1, 0, 0.05%, 0, 0, 12, 1746.27
1747410551, 391, 20, 35, 0, 0, 0.05%, 0, 0, 12, 2105.67
1747410556, 392, 29, 35, 0, 0, 0.05%, 0, 0, 12, 2588.77
1747410561, 393, 32, 35, 0, 0, 0.05%, 0, 0, 12, 2678.33
1747410566, 396, 4, 35, 0, 0, 0.05%, 0, 0, 12, 2694.47
1747410571, 401, 7, 35, 0, 0, 0.05%, 0, 0, 12, 2803.58
1747410577, 403, 35, 36, 1, 0, 0.05%, 0, 0, 12, 2482.60
1747410582, 403, 35, 37, 2, 0, 0.05%, 0, 0, 12, 1588.66
1747410602, 403, 36, 37, 1, 0, 0.05%, 0, 0, 12, 1575.49
1747410622, 406, 17, 37, 0, 0, 0.05%, 0, 0, 12, 2325.89
1747410627, 407, 30, 37, 0, 0, 0.05%, 0, 0, 12, 2550.49
1747410633, 412, 7, 37, 0, 0, 0.05%, 0, 0, 12, 2708.27
1747410638, 413, 2, 37, 0, 0, 0.05%, 0, 0, 12, 2763.15
1747410643, 413, 31, 37, 0, 0, 0.05%, 0, 0, 12, 2726.71
1747410648, 415, 33, 37, 0, 0, 0.05%, 0, 0, 12, 2704.89
1747410653, 418, 31, 37, 0, 0, 0.05%, 0, 0, 12, 2597.47
1747410658, 422, 33, 37, 0, 0, 0.05%, 0, 0, 12, 2714.42
1747410663, 425, 19, 37, 0, 0, 0.05%, 0, 0, 12, 2663.05
1747410668, 426, 34, 37, 0, 0, 0.05%, 0, 0, 12, 2406.21
1747410673, 428, 31, 37, 0, 0, 0.05%, 0, 0, 12, 2581.23
1747410678, 432, 20, 37, 0, 0, 0.05%, 0, 0, 12, 2749.47
1747410683, 435, 0, 37, 0, 0, 0.05%, 0, 0, 12, 2743.61
1747410688, 437, 33, 37, 0, 0, 0.05%, 0, 0, 12, 2749.55
1747410693, 438, 31, 37, 0, 0, 0.05%, 0, 0, 12, 2749.49
1747410698, 439, 36, 37, 0, 0, 0.05%, 0, 0, 12, 2620.23
1747410704, 442, 30, 37, 0, 0, 0.05%, 0, 0, 12, 2751.56
1747410709, 445, 32, 37, 0, 0, 0.05%, 0, 0, 12, 2794.49
1747410714, 447, 30, 37, 0, 0, 0.05%, 0, 0, 12, 2824.87
1747410719, 448, 13, 37, 0, 0, 0.05%, 0, 0, 12, 2740.23
1747410724, 450, 32, 37, 0, 0, 0.05%, 0, 0, 12, 2710.91
1747410729, 454, 7, 37, 0, 0, 0.05%, 0, 0, 12, 2721.08
1747410734, 457, 27, 37, 0, 0, 0.05%, 0, 0, 12, 2708.97
1747410739, 458, 30, 37, 0, 0, 0.05%, 0, 0, 12, 2699.72
1747410744, 460, 31, 37, 0, 0, 0.05%, 0, 0, 12, 2476.31
1747410749, 463, 1, 37, 0, 0, 0.05%, 0, 0, 12, 2422.63
1747410754, 465, 3, 37, 0, 0, 0.05%, 0, 0, 12, 2529.18
1747410759, 468, 33, 37, 0, 0, 0.05%, 0, 0, 12, 2670.27
1747410764, 470, 7, 37, 0, 0, 0.05%, 0, 0, 12, 2705.42
1747410769, 473, 33, 37, 0, 0, 0.05%, 0, 0, 12, 2722.56
1747410774, 476, 0, 37, 0, 0, 0.05%, 0, 0, 12, 2690.16
1747410780, 480, 3, 37, 0, 0, 0.05%, 0, 0, 12, 2700.58
1747410785, 482, 31, 37, 0, 0, 0.05%, 0, 0, 12, 2731.48
1747410790, 484, 28, 37, 0, 0, 0.05%, 0, 0, 12, 2810.87
1747410795, 487, 32, 37, 0, 0, 0.05%, 0, 0, 12, 2811.59
1747410800, 490, 18, 37, 0, 0, 0.05%, 0, 0, 12, 2780.81
1747410805, 492, 0, 37, 0, 0, 0.05%, 0, 0, 12, 2739.40
1747410810, 494, 26, 37, 0, 0, 0.05%, 0, 0, 12, 2774.81
1747410815, 496, 31, 37, 0, 0, 0.05%, 0, 0, 12, 2803.25
1747410820, 500, 7, 37, 0, 0, 0.05%, 0, 0, 12, 2858.14
1747410825, 503, 31, 37, 0, 0, 0.05%, 0, 0, 12, 2873.82
1747410831, 505, 33, 37, 0, 0, 0.05%, 0, 0, 12, 2719.99
1747410836, 508, 23, 37, 0, 0, 0.05%, 0, 0, 12, 2721.48
1747410841, 513, 3, 37, 0, 0, 0.05%, 0, 0, 12, 2652.74
1747410846, 516, 24, 37, 0, 0, 0.05%, 0, 0, 12, 2623.68
1747410851, 518, 20, 37, 0, 0, 0.05%, 0, 0, 12, 2583.94
1747410856, 522, 27, 37, 0, 0, 0.05%, 0, 0, 12, 2669.03
1747410861, 524, 13, 37, 0, 0, 0.05%, 0, 0, 12, 2668.04
1747410866, 525, 31, 37, 0, 0, 0.05%, 0, 0, 12, 2402.85
1747410871, 527, 33, 37, 0, 0, 0.05%, 0, 0, 12, 2554.41
1747410876, 532, 30, 37, 0, 0, 0.05%, 0, 0, 12, 2764.53
1747410881, 534, 0, 38, 1, 0, 0.05%, 0, 0, 12, 2754.16
1747410886, 536, 2, 38, 1, 0, 0.05%, 0, 0, 12, 2515.56
1747410891, 537, 37, 38, 1, 0, 0.05%, 0, 0, 12, 2431.49
1747410922, 540, 29, 38, 0, 0, 0.05%, 0, 0, 12, 2493.34
1747410927, 542, 37, 39, 1, 0, 0.05%, 0, 0, 12, 2543.22
1747410932, 542, 38, 41, 3, 0, 0.05%, 0, 0, 12, 1298.02
1747411009, 542, 41, 42, 3, 1, 0.05%, 0, 0, 12, 1732.64
1747411264, 543, 36, 42, 2, 0, 0.05%, 0, 0, 12, 2118.04
1747411269, 544, 39, 42, 2, 0, 0.05%, 0, 0, 12, 1752.08
1747411320, 544, 40, 42, 1, 0, 0.05%, 0, 0, 12, 1635.61
1747411391, 545, 36, 42, 0, 0, 0.05%, 0, 0, 12, 2062.55
1747411396, 546, 31, 42, 0, 0, 0.05%, 0, 0, 12, 2329.53
1747411401, 546, 41, 42, 0, 0, 0.05%, 0, 0, 12, 2253.77
1747411406, 547, 39, 42, 0, 0, 0.05%, 0, 0, 12, 2419.57
1747411411, 549, 4, 42, 0, 0, 0.05%, 0, 0, 12, 2392.48
1747411416, 549, 41, 42, 0, 0, 0.05%, 0, 0, 12, 2326.18
1747411421, 550, 34, 42, 0, 0, 0.05%, 0, 0, 12, 2415.04
1747411426, 551, 41, 42, 0, 0, 0.05%, 0, 0, 12, 2221.44
1747411431, 554, 4, 42, 0, 0, 0.05%, 0, 0, 12, 2355.55
1747411437, 554, 31, 42, 0, 0, 0.05%, 0, 0, 12, 2482.48
1747411442, 555, 41, 42, 0, 0, 0.05%, 0, 0, 12, 2392.07
1747411447, 557, 3, 42, 0, 0, 0.05%, 0, 0, 12, 2296.82
1747411452, 559, 41, 42, 0, 0, 0.05%, 0, 0, 12, 2190.62
1747411457, 561, 36, 42, 0, 0, 0.05%, 0, 0, 12, 2297.74
1747411462, 562, 35, 42, 0, 0, 0.05%, 0, 0, 12, 2277.55
1747411467, 563, 14, 42, 0, 0, 0.05%, 0, 0, 12, 2228.21
1747411472, 564, 34, 42, 0, 0, 0.05%, 0, 0, 12, 2137.88
1747411477, 565, 41, 42, 0, 0, 0.05%, 0, 0, 12, 2013.01
1747411482, 566, 38, 42, 0, 0, 0.05%, 0, 0, 12, 2368.75
1747411487, 568, 7, 42, 0, 0, 0.05%, 0, 0, 12, 2209.69
1747411492, 569, 24, 42, 0, 0, 0.05%, 0, 0, 12, 2250.65
1747411497, 571, 41, 42, 0, 0, 0.05%, 0, 0, 12, 2290.46
1747411502, 573, 28, 42, 0, 0, 0.05%, 0, 0, 12, 2385.67
1747411507, 574, 41, 42, 0, 0, 0.05%, 0, 0, 12, 2323.88
1747411512, 577, 14, 42, 0, 0, 0.05%, 0, 0, 12, 2311.22
1747411518, 578, 7, 42, 0, 0, 0.05%, 0, 0, 12, 2483.06
1747411523, 579, 11, 42, 0, 0, 0.05%, 0, 0, 12, 2514.60
1747411528, 581, 25, 42, 0, 0, 0.05%, 0, 0, 12, 2483.50
1747411533, 582, 35, 42, 0, 0, 0.05%, 0, 0, 12, 2480.25
1747411538, 583, 23, 42, 0, 0, 0.05%, 0, 0, 12, 2572.88
1747411543, 585, 2, 42, 0, 0, 0.05%, 0, 0, 12, 2351.52
1747411548, 587, 7, 42, 0, 0, 0.05%, 0, 0, 12, 2349.56
1747411553, 588, 38, 42, 0, 0, 0.05%, 0, 0, 12, 2297.14
1747411558, 589, 32, 42, 0, 0, 0.05%, 0, 0, 12, 2520.30
1747411563, 590, 3, 42, 0, 0, 0.05%, 0, 0, 12, 2438.22
1747411568, 591, 28, 42, 0, 0, 0.05%, 0, 0, 12, 2442.10
1747411573, 592, 37, 42, 0, 0, 0.05%, 0, 0, 12, 2196.33
1747411578, 594, 19, 42, 0, 0, 0.05%, 0, 0, 12, 2336.44
1747411583, 596, 41, 42, 0, 0, 0.05%, 0, 0, 12, 2262.55
1747411588, 598, 30, 42, 0, 0, 0.05%, 0, 0, 12, 2544.73
1747411594, 598, 38, 42, 0, 0, 0.05%, 0, 0, 12, 2488.81
1747411599, 600, 24, 42, 0, 0, 0.05%, 0, 0, 12, 2383.39
1747411604, 602, 14, 42, 0, 0, 0.05%, 0, 0, 12, 2344.82
1747411609, 603, 11, 42, 0, 0, 0.05%, 0, 0, 12, 2390.83
1747411614, 603, 36, 42, 0, 0, 0.05%, 0, 0, 12, 2548.76
1747411619, 605, 2, 42, 0, 0, 0.05%, 0, 0, 12, 2433.97
1747411624, 605, 38, 42, 0, 0, 0.05%, 0, 0, 12, 2289.14
1747411629, 607, 39, 42, 0, 0, 0.05%, 0, 0, 12, 2361.15
1747411634, 609, 4, 42, 0, 0, 0.05%, 0, 0, 12, 2343.82
1747411639, 612, 0, 42, 0, 0, 0.05%, 0, 0, 12, 2264.53
1747411644, 613, 41, 42, 0, 0, 0.05%, 0, 0, 12, 2314.64
1747411649, 615, 10, 42, 0, 0, 0.05%, 0, 0, 12, 2415.55
1747411654, 616, 41, 42, 0, 0, 0.05%, 0, 0, 12, 2338.04
1747411659, 618, 41, 42, 0, 0, 0.05%, 0, 0, 12, 2335.53
1747411665, 619, 37, 42, 0, 0, 0.05%, 0, 0, 12, 2454.29
1747411670, 620, 40, 42, 0, 0, 0.05%, 0, 0, 12, 2318.28
1747411675, 621, 25, 42, 0, 0, 0.05%, 0, 0, 12, 2537.56
1747411680, 623, 41, 42, 0, 0, 0.05%, 0, 0, 12, 2160.26
1747411685, 624, 41, 42, 0, 0, 0.05%, 0, 0, 12, 2383.22
1747411690, 626, 33, 42, 0, 0, 0.05%, 0, 0, 12, 2520.04
1747411695, 627, 41, 42, 0, 0, 0.05%, 0, 0, 12, 2397.16
1747411700, 630, 22, 42, 0, 0, 0.05%, 0, 0, 12, 2468.55
1747411705, 631, 39, 42, 0, 0, 0.05%, 0, 0, 12, 2400.23
1747411711, 633, 30, 42, 0, 0, 0.05%, 0, 0, 12, 2501.13
1747411716, 633, 40, 42, 0, 0, 0.05%, 0, 0, 12, 2489.16
1747411721, 634, 32, 42, 0, 0, 0.05%, 0, 0, 12, 2546.69
1747411726, 635, 33, 42, 0, 0, 0.05%, 0, 0, 12, 2585.51
1747411731, 637, 41, 42, 0, 0, 0.05%, 0, 0, 12, 2384.92
1747411736, 638, 41, 42, 0, 0, 0.05%, 0, 0, 12, 2497.83
1747411741, 639, 33, 42, 0, 0, 0.05%, 0, 0, 12, 2610.74
1747411746, 641, 0, 42, 0, 0, 0.05%, 0, 0, 12, 2469.19
1747411751, 641, 36, 42, 0, 0, 0.05%, 0, 0, 12, 2496.18
1747411756, 642, 27, 42, 0, 0, 0.05%, 0, 0, 12, 2472.39
1747411761, 643, 36, 42, 0, 0, 0.05%, 0, 0, 12, 2427.28
1747411766, 645, 36, 42, 0, 0, 0.05%, 0, 0, 12, 2431.66
1747411771, 646, 34, 42, 0, 0, 0.05%, 0, 0, 12, 2555.04
1747411776, 646, 39, 42, 0, 0, 0.05%, 0, 0, 12, 2336.96
1747411781, 648, 0, 42, 0, 0, 0.05%, 0, 0, 12, 2422.62
1747411786, 649, 7, 42, 0, 0, 0.05%, 0, 0, 12, 2328.22
1747411791, 652, 3, 42, 0, 0, 0.05%, 0, 0, 12, 2317.48
1747411796, 653, 2, 42, 0, 0, 0.05%, 0, 0, 12, 2285.48
1747411801, 654, 37, 42, 0, 0, 0.05%, 0, 0, 12, 2364.21
1747411806, 656, 7, 42, 0, 0, 0.05%, 0, 0, 12, 2430.21
1747411811, 658, 22, 42, 0, 0, 0.05%, 0, 0, 12, 2489.47
1747411816, 659, 41, 42, 0, 0, 0.05%, 0, 0, 12, 2346.31
1747411821, 660, 41, 42, 0, 0, 0.05%, 0, 0, 12, 2304.59
1747411827, 661, 35, 42, 0, 0, 0.05%, 0, 0, 12, 2440.42
1747411832, 663, 7, 42, 0, 0, 0.05%, 0, 0, 12, 2407.03
1747411837, 663, 41, 42, 0, 0, 0.05%, 0, 0, 12, 2293.51
1747411842, 664, 30, 42, 0, 0, 0.05%, 0, 0, 12, 2336.04
1747411847, 665, 27, 42, 0, 0, 0.05%, 0, 0, 12, 2482.84
1747411852, 666, 7, 42, 0, 0, 0.05%, 0, 0, 12, 2479.85
1747411857, 667, 41, 42, 0, 0, 0.05%, 0, 0, 12, 2404.71
1747411862, 670, 4, 42, 0, 0, 0.05%, 0, 0, 12, 2447.22
1747411867, 671, 41, 42, 0, 0, 0.05%, 0, 0, 12, 2331.48
1747411872, 672, 31, 43, 1, 0, 0.05%, 0, 0, 12, 2672.43
1747411877, 674, 35, 43, 1, 0, 0.05%, 0, 0, 12, 2477.62
1747411882, 675, 32, 43, 1, 0, 0.05%, 0, 0, 12, 2532.74
1747411887, 675, 38, 43, 1, 0, 0.05%, 0, 0, 12, 2149.19
1747411892, 676, 41, 43, 1, 0, 0.05%, 0, 0, 12, 2008.37
1747411898, 678, 27, 43, 1, 0, 0.05%, 0, 0, 12, 2392.88
1747411903, 679, 31, 43, 1, 0, 0.05%, 0, 0, 12, 2577.82
1747411908, 680, 31, 43, 1, 0, 0.05%, 0, 0, 12, 2600.21
1747411913, 681, 31, 44, 2, 0, 0.05%, 0, 0, 12, 2662.57
1747411918, 682, 40, 44, 2, 0, 0.05%, 0, 0, 12, 2597.63
1747411923, 682, 42, 44, 2, 0, 0.05%, 0, 0, 12, 1615.39
1747411954, 685, 7, 44, 1, 0, 0.05%, 0, 0, 12, 2422.93
1747411959, 685, 32, 44, 1, 0, 0.05%, 0, 0, 12, 2579.94
1747411964, 686, 8, 44, 1, 0, 0.05%, 0, 0, 12, 2546.67
1747411969, 687, 43, 44, 1, 0, 0.05%, 0, 0, 12, 517.87
1747412066, 688, 16, 44, 0, 0, 0.05%, 0, 0, 12, 1966.93
1747412071, 690, 27, 44, 0, 0, 0.05%, 0, 0, 12, 2481.84
1747412076, 692, 18, 44, 0, 0, 0.05%, 0, 0, 12, 2575.69
1747412081, 694, 16, 44, 0, 0, 0.05%, 0, 0, 12, 2646.55
1747412086, 696, 3, 44, 0, 0, 0.05%, 0, 0, 12, 2506.44
1747412091, 698, 28, 44, 0, 0, 0.05%, 0, 0, 12, 2647.83
1747412096, 700, 13, 44, 0, 0, 0.05%, 0, 0, 12, 2669.27
1747412101, 702, 3, 44, 0, 0, 0.05%, 0, 0, 12, 2593.08
1747412106, 702, 40, 44, 0, 0, 0.05%, 0, 0, 12, 2504.47
1747412111, 704, 33, 44, 0, 0, 0.05%, 0, 0, 12, 2531.99
1747412116, 705, 42, 44, 0, 0, 0.05%, 0, 0, 12, 2432.07
1747412121, 708, 7, 44, 0, 0, 0.05%, 0, 0, 12, 2632.92
1747412127, 710, 29, 44, 0, 0, 0.05%, 0, 0, 12, 2486.65
1747412132, 710, 43, 44, 0, 0, 0.05%, 0, 0, 12, 2312.36
1747412137, 712, 3, 44, 0, 0, 0.05%, 0, 0, 12, 2516.15
1747412142, 714, 40, 44, 0, 0, 0.05%, 0, 0, 12, 2494.50
1747412147, 715, 40, 44, 0, 0, 0.05%, 0, 0, 12, 2373.23
1747412152, 717, 18, 44, 0, 0, 0.05%, 0, 0, 12, 2584.39
1747412157, 718, 24, 44, 0, 0, 0.05%, 0, 0, 12, 2624.26
1747412162, 720, 31, 44, 0, 0, 0.05%, 0, 0, 12, 2656.56
1747412167, 722, 7, 44, 0, 0, 0.05%, 0, 0, 12, 2650.96
1747412172, 723, 43, 44, 0, 0, 0.05%, 0, 0, 12, 2446.04
1747412177, 726, 34, 44, 0, 0, 0.05%, 0, 0, 12, 2614.19
1747412182, 727, 0, 44, 0, 0, 0.05%, 0, 0, 12, 2394.93
1747412188, 727, 41, 44, 0, 0, 0.05%, 0, 0, 12, 2512.07
1747412193, 729, 3, 44, 0, 0, 0.05%, 0, 0, 12, 2357.53
1747412198, 731, 17, 44, 0, 0, 0.05%, 0, 0, 12, 2410.78
1747412203, 732, 31, 44, 0, 0, 0.05%, 0, 0, 12, 2556.27
1747412208, 733, 4, 44, 0, 0, 0.05%, 0, 0, 12, 2386.58
1747412213, 733, 43, 44, 0, 0, 0.05%, 0, 0, 12, 2230.07
1747412218, 735, 27, 44, 0, 0, 0.05%, 0, 0, 12, 2261.64
1747412223, 737, 2, 44, 0, 0, 0.05%, 0, 0, 12, 2343.61
1747412228, 737, 42, 44, 0, 0, 0.05%, 0, 0, 12, 2442.96
1747412233, 739, 23, 44, 0, 0, 0.05%, 0, 0, 12, 2633.00
1747412238, 740, 41, 44, 0, 0, 0.05%, 0, 0, 12, 2637.11
1747412243, 742, 37, 44, 0, 0, 0.05%, 0, 0, 12, 2644.89
1747412248, 743, 32, 44, 0, 0, 0.05%, 0, 0, 12, 2579.53
1747412253, 744, 3, 44, 0, 0, 0.05%, 0, 0, 12, 2554.70
1747412258, 745, 42, 44, 0, 0, 0.05%, 0, 0, 12, 2519.66
1747412264, 747, 39, 44, 0, 0, 0.05%, 0, 0, 12, 2310.96
1747412269, 749, 7, 44, 0, 0, 0.05%, 0, 0, 12, 2348.99
1747412274, 750, 30, 44, 0, 0, 0.05%, 0, 0, 12, 2536.11
1747412279, 751, 42, 44, 0, 0, 0.05%, 0, 0, 12, 2590.94
1747412284, 752, 31, 44, 0, 0, 0.05%, 0, 0, 12, 2682.54
1747412289, 754, 34, 44, 0, 0, 0.05%, 0, 0, 12, 2633.00
1747412294, 755, 32, 44, 0, 0, 0.05%, 0, 0, 12, 2714.79
1747412299, 756, 27, 44, 0, 0, 0.05%, 0, 0, 12, 2654.30
1747412304, 758, 4, 44, 0, 0, 0.05%, 0, 0, 12, 2675.84
1747412309, 758, 39, 44, 0, 0, 0.05%, 0, 0, 12, 2510.75
1747412314, 759, 30, 44, 0, 0, 0.05%, 0, 0, 12, 2525.20
1747412319, 760, 28, 44, 0, 0, 0.05%, 0, 0, 12, 2564.07
1747412324, 761, 20, 44, 0, 0, 0.05%, 0, 0, 12, 2540.46
1747412329, 761, 39, 44, 0, 0, 0.05%, 0, 0, 12, 2475.81
1747412334, 762, 33, 44, 0, 0, 0.05%, 0, 0, 12, 2476.52
1747412339, 763, 35, 44, 0, 0, 0.05%, 0, 0, 12, 2381.01
1747412344, 764, 36, 44, 0, 0, 0.05%, 0, 0, 12, 2519.29
1747412349, 766, 21, 44, 0, 0, 0.05%, 0, 0, 12, 2658.56
1747412354, 767, 12, 44, 0, 0, 0.05%, 0, 0, 12, 2613.13
1747412359, 769, 41, 44, 0, 0, 0.05%, 0, 0, 12, 2586.90
1747412364, 772, 12, 44, 0, 0, 0.05%, 0, 0, 12, 2672.34
1747412370, 772, 43, 44, 0, 0, 0.05%, 0, 0, 12, 2381.04
1747412375, 774, 28, 44, 0, 0, 0.05%, 0, 0, 12, 2236.48
1747412380, 774, 35, 44, 0, 0, 0.05%, 0, 0, 12, 2204.68
1747412385, 775, 42, 44, 0, 0, 0.05%, 0, 0, 12, 2274.24
1747412390, 776, 32, 44, 0, 0, 0.05%, 0, 0, 12, 2511.23
1747412395, 778, 18, 44, 0, 0, 0.05%, 0, 0, 12, 2624.43
1747412400, 781, 0, 44, 0, 0, 0.05%, 0, 0, 12, 2596.04
1747412405, 782, 43, 44, 0, 0, 0.05%, 0, 0, 12, 2444.19
1747412410, 784, 9, 44, 0, 0, 0.05%, 0, 0, 12, 2557.61
1747412415, 785, 35, 44, 0, 0, 0.05%, 0, 0, 12, 2590.95
1747412420, 786, 30, 44, 0, 0, 0.05%, 0, 0, 12, 2665.28
1747412426, 787, 18, 44, 0, 0, 0.05%, 0, 0, 12, 2537.06
1747412431, 789, 32, 44, 0, 0, 0.05%, 0, 0, 12, 2572.25
1747412436, 790, 27, 44, 0, 0, 0.05%, 0, 0, 12, 2652.26
1747412441, 791, 41, 44, 0, 0, 0.05%, 0, 0, 12, 2730.86
1747412446, 794, 10, 44, 0, 0, 0.05%, 0, 0, 12, 2652.59
1747412451, 795, 7, 44, 0, 0, 0.05%, 0, 0, 12, 2588.35
1747412456, 796, 0, 44, 0, 0, 0.05%, 0, 0, 12, 2544.84
1747412461, 796, 32, 44, 0, 0, 0.05%, 0, 0, 12, 2627.00
1747412467, 798, 15, 44, 0, 0, 0.05%, 0, 0, 12, 2584.40
1747412472, 801, 2, 44, 0, 0, 0.05%, 0, 0, 12, 2579.74
1747412477, 803, 25, 44, 0, 0, 0.05%, 0, 0, 12, 2653.70
1747412482, 804, 37, 44, 0, 0, 0.05%, 0, 0, 12, 2551.95
1747412487, 807, 2, 44, 0, 0, 0.05%, 0, 0, 12, 2568.03
1747412492, 809, 7, 44, 0, 0, 0.05%, 0, 0, 12, 2634.19
1747412497, 813, 4, 44, 0, 0, 0.05%, 0, 0, 12, 2620.55
1747412502, 815, 23, 44, 0, 0, 0.05%, 0, 0, 12, 2740.63
1747412507, 816, 30, 44, 0, 0, 0.05%, 0, 0, 12, 2673.04
1747412512, 818, 7, 44, 0, 0, 0.05%, 0, 0, 12, 2422.78
1747412518, 819, 4, 44, 0, 0, 0.05%, 0, 0, 12, 2405.96
1747412523, 820, 8, 44, 0, 0, 0.05%, 0, 0, 12, 2552.31
1747412528, 821, 43, 44, 0, 0, 0.05%, 0, 0, 12, 2577.80
1747412533, 822, 36, 44, 0, 0, 0.05%, 0, 0, 12, 2564.98
1747412538, 823, 27, 44, 0, 0, 0.05%, 0, 0, 12, 2596.79
1747412543, 826, 3, 44, 0, 0, 0.05%, 0, 0, 12, 2642.16
1747412548, 828, 2, 44, 0, 0, 0.05%, 0, 0, 12, 2475.54
1747412553, 829, 4, 44, 0, 0, 0.05%, 0, 0, 12, 2570.03
1747412558, 830, 27, 44, 0, 0, 0.05%, 0, 0, 12, 2601.82
1747412563, 833, 4, 44, 0, 0, 0.05%, 0, 0, 12, 2485.57
1747412568, 834, 19, 44, 0, 0, 0.05%, 0, 0, 12, 2507.07
1747412573, 835, 7, 44, 0, 0, 0.05%, 0, 0, 12, 2566.54
1747412579, 836, 32, 44, 0, 0, 0.05%, 0, 0, 12, 2546.86
1747412584, 837, 28, 44, 0, 0, 0.05%, 0, 0, 12, 2630.13
1747412589, 837, 40, 44, 0, 0, 0.05%, 0, 0, 12, 2453.66
1747412594, 839, 7, 44, 0, 0, 0.05%, 0, 0, 12, 2549.72
1747412599, 841, 43, 44, 0, 0, 0.05%, 0, 0, 12, 2424.84
1747412604, 843, 9, 44, 0, 0, 0.05%, 0, 0, 12, 2533.86
1747412609, 844, 31, 44, 0, 0, 0.05%, 0, 0, 12, 2690.94
1747412614, 846, 19, 44, 0, 0, 0.05%, 0, 0, 12, 2657.32
1747412619, 847, 7, 44, 0, 0, 0.05%, 0, 0, 12, 2656.90
1747412624, 849, 34, 44, 0, 0, 0.05%, 0, 0, 12, 2510.53
1747412629, 851, 7, 44, 0, 0, 0.05%, 0, 0, 12, 2553.37
1747412634, 851, 39, 44, 0, 0, 0.05%, 0, 0, 12, 2430.30
1747412639, 852, 7, 44, 0, 0, 0.05%, 0, 0, 12, 2459.61
1747412645, 852, 31, 44, 0, 0, 0.05%, 0, 0, 12, 2647.21
1747412650, 853, 12, 44, 0, 0, 0.05%, 0, 0, 12, 2566.74
1747412655, 854, 18, 44, 0, 0, 0.05%, 0, 0, 12, 2549.15
1747412660, 855, 28, 44, 0, 0, 0.05%, 0, 0, 12, 2604.37
1747412665, 856, 9, 44, 0, 0, 0.05%, 0, 0, 12, 2703.62
1747412670, 858, 41, 44, 0, 0, 0.05%, 0, 0, 12, 2639.51
1747412675, 860, 3, 44, 0, 0, 0.05%, 0, 0, 12, 2457.80
1747412680, 861, 7, 44, 0, 0, 0.05%, 0, 0, 12, 2547.39
1747412685, 863, 13, 44, 0, 0, 0.05%, 0, 0, 12, 2645.82
1747412691, 864, 29, 44, 0, 0, 0.05%, 0, 0, 12, 2672.69
1747412696, 866, 7, 44, 0, 0, 0.05%, 0, 0, 12, 2663.94
1747412701, 869, 2, 44, 0, 0, 0.05%, 0, 0, 12, 2460.48
1747412706, 869, 39, 44, 0, 0, 0.05%, 0, 0, 12, 2503.79
1747412711, 870, 28, 44, 0, 0, 0.05%, 0, 0, 12, 2518.89
1747412716, 873, 27, 44, 0, 0, 0.05%, 0, 0, 12, 2631.99
1747412721, 875, 32, 44, 0, 0, 0.05%, 0, 0, 12, 2710.70
1747412726, 878, 19, 44, 0, 0, 0.05%, 0, 0, 12, 2658.37
1747412731, 879, 38, 44, 0, 0, 0.05%, 0, 0, 12, 2491.82
1747412736, 880, 32, 44, 0, 0, 0.05%, 0, 0, 12, 2533.54
1747412741, 882, 4, 44, 0, 0, 0.05%, 0, 0, 12, 2664.87
1747412746, 882, 38, 44, 0, 0, 0.05%, 0, 0, 12, 2496.37
1747412751, 884, 20, 44, 0, 0, 0.05%, 0, 0, 12, 2482.68
1747412756, 885, 19, 44, 0, 0, 0.05%, 0, 0, 12, 2610.35
1747412761, 885, 39, 44, 0, 0, 0.05%, 0, 0, 12, 2450.89
1747412767, 886, 23, 44, 0, 0, 0.05%, 0, 0, 12, 2566.80
1747412772, 887, 20, 44, 0, 0, 0.05%, 0, 0, 12, 2656.70
1747412777, 889, 2, 44, 0, 0, 0.05%, 0, 0, 12, 2553.49
1747412782, 891, 27, 44, 0, 0, 0.05%, 0, 0, 12, 2605.39
1747412787, 891, 39, 44, 0, 0, 0.05%, 0, 0, 12, 2487.94
1747412792, 894, 41, 44, 0, 0, 0.05%, 0, 0, 12, 2633.34
1747412797, 896, 13, 44, 0, 0, 0.05%, 0, 0, 12, 2620.49
1747412802, 898, 25, 44, 0, 0, 0.05%, 0, 0, 12, 2666.72
1747412807, 899, 30, 44, 0, 0, 0.05%, 0, 0, 12, 2672.02
1747412812, 901, 22, 44, 0, 0, 0.05%, 0, 0, 12, 2579.93
1747412817, 902, 7, 44, 0, 0, 0.05%, 0, 0, 12, 2635.15
1747412822, 903, 17, 44, 0, 0, 0.05%, 0, 0, 12, 2633.23
1747412827, 905, 18, 44, 0, 0, 0.05%, 0, 0, 12, 2530.39
1747412832, 905, 37, 44, 0, 0, 0.05%, 0, 0, 12, 2466.12
1747412838, 906, 40, 44, 0, 0, 0.05%, 0, 0, 12, 2479.14
1747412843, 908, 38, 44, 0, 0, 0.05%, 0, 0, 12, 2404.54
1747412848, 909, 26, 44, 0, 0, 0.05%, 0, 0, 12, 2627.07
1747412853, 910, 42, 44, 0, 0, 0.05%, 0, 0, 12, 2434.62
1747412858, 911, 15, 44, 0, 0, 0.05%, 0, 0, 12, 2446.05
1747412863, 914, 15, 44, 0, 0, 0.05%, 0, 0, 12, 2608.01
1747412868, 916, 16, 44, 0, 0, 0.05%, 0, 0, 12, 2659.22
1747412873, 917, 7, 44, 0, 0, 0.05%, 0, 0, 12, 2611.53
1747412878, 917, 40, 44, 0, 0, 0.05%, 0, 0, 12, 2486.93
1747412883, 918, 31, 44, 0, 0, 0.05%, 0, 0, 12, 2585.10
1747412888, 920, 27, 44, 0, 0, 0.05%, 0, 0, 12, 2607.38
1747412893, 921, 36, 44, 0, 0, 0.05%, 0, 0, 12, 2602.13
1747412898, 923, 42, 44, 0, 0, 0.05%, 0, 0, 12, 2427.19
1747412903, 925, 37, 44, 0, 0, 0.05%, 0, 0, 12, 2615.73
1747412908, 926, 24, 44, 0, 0, 0.05%, 0, 0, 12, 2631.94
1747412914, 927, 33, 44, 0, 0, 0.05%, 0, 0, 12, 2327.88
1747412919, 929, 7, 44, 0, 0, 0.05%, 0, 0, 12, 2518.64
1747412924, 929, 31, 44, 0, 0, 0.05%, 0, 0, 12, 2528.45
1747412929, 930, 29, 44, 0, 0, 0.05%, 0, 0, 12, 2472.41
1747412934, 931, 17, 44, 0, 0, 0.05%, 0, 0, 12, 2497.08
1747412939, 933, 31, 44, 0, 0, 0.05%, 0, 0, 12, 2531.99
1747412944, 933, 39, 44, 0, 0, 0.05%, 0, 0, 12, 2543.10
1747412949, 935, 20, 44, 0, 0, 0.05%, 0, 0, 12, 2538.21
1747412954, 935, 32, 44, 0, 0, 0.05%, 0, 0, 12, 2632.12
1747412959, 936, 7, 44, 0, 0, 0.05%, 0, 0, 12, 2487.96
1747412964, 939, 20, 44, 0, 0, 0.05%, 0, 0, 12, 2678.90
1747412969, 940, 31, 44, 0, 0, 0.05%, 0, 0, 12, 2610.59
1747412975, 942, 23, 44, 0, 0, 0.05%, 0, 0, 12, 2582.10
1747412980, 943, 37, 44, 0, 0, 0.05%, 0, 0, 12, 2457.21
1747412985, 944, 30, 44, 0, 0, 0.05%, 0, 0, 12, 2723.82
1747412990, 945, 31, 44, 0, 0, 0.05%, 0, 0, 12, 2732.32
1747412995, 946, 19, 44, 0, 0, 0.05%, 0, 0, 12, 2595.52
1747413000, 947, 40, 44, 0, 0, 0.05%, 0, 0, 12, 2413.67
1747413005, 949, 41, 44, 0, 0, 0.05%, 0, 0, 12, 2432.40
1747413010, 951, 34, 44, 0, 0, 0.05%, 0, 0, 12, 2606.13
1747413015, 952, 22, 44, 0, 0, 0.05%, 0, 0, 12, 2593.39
1747413020, 954, 40, 44, 0, 0, 0.05%, 0, 0, 12, 2486.58
1747413025, 957, 2, 44, 0, 0, 0.05%, 0, 0, 12, 2555.23
1747413030, 959, 2, 44, 0, 0, 0.05%, 0, 0, 12, 2611.86
1747413035, 960, 42, 44, 0, 0, 0.05%, 0, 0, 12, 2574.83
1747413040, 961, 30, 44, 0, 0, 0.05%, 0, 0, 12, 2515.68
1747413045, 962, 7, 44, 0, 0, 0.05%, 0, 0, 12, 2615.99
1747413050, 963, 29, 44, 0, 0, 0.05%, 0, 0, 12, 2657.71
1747413055, 964, 7, 44, 0, 0, 0.05%, 0, 0, 12, 2579.95
1747413061, 966, 7, 44, 0, 0, 0.05%, 0, 0, 12, 2693.52
1747413066, 966, 31, 44, 0, 0, 0.05%, 0, 0, 12, 2668.30
1747413071, 967, 32, 44, 0, 0, 0.05%, 0, 0, 12, 2601.27
1747413076, 968, 39, 44, 0, 0, 0.05%, 0, 0, 12, 2415.96
1747413081, 969, 40, 44, 0, 0, 0.05%, 0, 0, 12, 2473.30
1747413086, 970, 35, 44, 0, 0, 0.05%, 0, 0, 12, 2524.24
1747413091, 973, 29, 44, 0, 0, 0.05%, 0, 0, 12, 2570.56
1747413096, 974, 23, 44, 0, 0, 0.05%, 0, 0, 12, 2700.16
1747413101, 976, 0, 44, 0, 0, 0.05%, 0, 0, 12, 2434.09
1747413106, 976, 27, 44, 0, 0, 0.05%, 0, 0, 12, 2400.79
1747413111, 978, 19, 44, 0, 0, 0.05%, 0, 0, 12, 2580.84
1747413116, 980, 22, 44, 0, 0, 0.05%, 0, 0, 12, 2529.45
1747413122, 982, 34, 44, 0, 0, 0.05%, 0, 0, 12, 2573.51
1747413127, 984, 39, 44, 0, 0, 0.05%, 0, 0, 12, 2584.72
1747413132, 986, 28, 44, 0, 0, 0.05%, 0, 0, 12, 2547.79
1747413137, 986, 33, 44, 0, 0, 0.05%, 0, 0, 12, 2629.39
1747413142, 987, 35, 44, 0, 0, 0.05%, 0, 0, 12, 2480.67
1747413147, 991, 26, 44, 0, 0, 0.05%, 0, 0, 12, 2594.23
1747413152, 993, 29, 44, 0, 0, 0.05%, 0, 0, 12, 2560.39
1747413157, 994, 9, 44, 0, 0, 0.05%, 0, 0, 12, 2557.83
1747413162, 995, 40, 44, 0, 0, 0.05%, 0, 0, 12, 2439.26
1747413167, 996, 35, 44, 0, 0, 0.05%, 0, 0, 12, 2486.44
1747413172, 997, 42, 44, 0, 0, 0.05%, 0, 0, 12, 2451.24
1747413177, 999, 31, 44, 0, 0, 0.05%, 0, 0, 12, 2641.94
1747413182, 1000, 43, 44, 0, 0, 0.05%, 0, 0, 12, 2347.25
1747413187, 1003, 41, 44, 0, 0, 0.05%, 0, 0, 12, 2507.52
1747413192, 1006, 0, 44, 0, 0, 0.05%, 0, 0, 12, 2532.77
1747413198, 1007, 15, 44, 0, 0, 0.05%, 0, 0, 12, 2621.83
1747413203, 1008, 30, 44, 0, 0, 0.05%, 0, 0, 12, 2731.63
1747413208, 1009, 30, 44, 0, 0, 0.05%, 0, 0, 12, 2725.24
1747413213, 1011, 38, 44, 0, 0, 0.05%, 0, 0, 12, 2542.54
1747413218, 1013, 7, 44, 0, 0, 0.05%, 0, 0, 12, 2428.73
1747413223, 1016, 34, 44, 0, 0, 0.05%, 0, 0, 12, 2590.68
1747413228, 1017, 42, 44, 0, 0, 0.05%, 0, 0, 12, 2528.74
1747413233, 1019, 4, 44, 0, 0, 0.05%, 0, 0, 12, 2687.44
1747413238, 1020, 41, 44, 0, 0, 0.05%, 0, 0, 12, 2602.35
1747413243, 1023, 7, 44, 0, 0, 0.05%, 0, 0, 12, 2621.44
1747413248, 1024, 13, 44, 0, 0, 0.05%, 0, 0, 12, 2542.17
1747413253, 1025, 34, 44, 0, 0, 0.05%, 0, 0, 12, 2628.97
1747413259, 1026, 19, 44, 0, 0, 0.05%, 0, 0, 12, 2493.40
1747413264, 1028, 7, 44, 0, 0, 0.05%, 0, 0, 12, 2564.48
1747413269, 1029, 2, 44, 0, 0, 0.05%, 0, 0, 12, 2529.60
1747413274, 1030, 33, 44, 0, 0, 0.05%, 0, 0, 12, 2529.64
1747413279, 1031, 30, 44, 0, 0, 0.05%, 0, 0, 12, 2551.40
1747413284, 1032, 41, 44, 0, 0, 0.05%, 0, 0, 12, 2329.27
1747413289, 1034, 11, 44, 0, 0, 0.05%, 0, 0, 12, 2525.66
1747413294, 1036, 30, 44, 0, 0, 0.05%, 0, 0, 12, 2576.43
1747413299, 1037, 27, 44, 0, 0, 0.05%, 0, 0, 12, 2636.64
1747413305, 1040, 7, 44, 0, 0, 0.05%, 0, 0, 12, 2624.27
1747413310, 1041, 36, 44, 0, 0, 0.05%, 0, 0, 12, 2515.31
1747413315, 1042, 32, 44, 0, 0, 0.05%, 0, 0, 12, 2586.91
1747413320, 1044, 4, 44, 0, 0, 0.05%, 0, 0, 12, 2611.08
1747413325, 1045, 0, 44, 0, 0, 0.05%, 0, 0, 12, 2632.11
1747413330, 1047, 7, 44, 0, 0, 0.05%, 0, 0, 12, 2587.96
1747413335, 1047, 32, 44, 0, 0, 0.05%, 0, 0, 12, 2550.40
1747413340, 1049, 40, 44, 0, 0, 0.05%, 0, 0, 12, 2564.63
1747413345, 1050, 31, 44, 0, 0, 0.05%, 0, 0, 12, 2657.04
1747413350, 1052, 34, 44, 0, 0, 0.05%, 0, 0, 12, 2599.27
1747413356, 1054, 22, 44, 0, 0, 0.05%, 0, 0, 12, 2676.87
1747413361, 1056, 11, 44, 0, 0, 0.05%, 0, 0, 12, 2570.61
1747413366, 1057, 35, 44, 0, 0, 0.05%, 0, 0, 12, 2577.04
1747413371, 1058, 43, 44, 0, 0, 0.05%, 0, 0, 12, 2380.31
1747413376, 1059, 29, 44, 0, 0, 0.05%, 0, 0, 12, 2514.30
1747413381, 1060, 8, 44, 0, 0, 0.05%, 0, 0, 12, 2498.85
1747413386, 1062, 33, 44, 0, 0, 0.05%, 0, 0, 12, 2605.49
1747413391, 1063, 35, 44, 0, 0, 0.05%, 0, 0, 12, 2489.83
1747413396, 1066, 7, 44, 0, 0, 0.05%, 0, 0, 12, 2667.95
1747413401, 1068, 31, 44, 0, 0, 0.05%, 0, 0, 12, 2689.68
1747413406, 1069, 27, 44, 0, 0, 0.05%, 0, 0, 12, 2651.57
1747413412, 1070, 27, 44, 0, 0, 0.05%, 0, 0, 12, 2647.11
1747413417, 1071, 3, 44, 0, 0, 0.05%, 0, 0, 12, 2421.32
1747413422, 1073, 28, 44, 0, 0, 0.05%, 0, 0, 12, 2575.70
1747413427, 1074, 33, 44, 0, 0, 0.05%, 0, 0, 12, 2551.27
1747413432, 1076, 7, 44, 0, 0, 0.05%, 0, 0, 12, 2570.55
1747413437, 1078, 7, 44, 0, 0, 0.05%, 0, 0, 12, 2598.65
1747413442, 1078, 40, 44, 0, 0, 0.05%, 0, 0, 12, 2408.59
1747413447, 1079, 30, 44, 0, 0, 0.05%, 0, 0, 12, 2698.92
1747413452, 1082, 7, 44, 0, 0, 0.05%, 0, 0, 12, 2683.38
1747413457, 1083, 31, 44, 0, 0, 0.05%, 0, 0, 12, 2674.13
1747413462, 1086, 7, 44, 0, 0, 0.05%, 0, 0, 12, 2627.50
1747413467, 1087, 41, 44, 0, 0, 0.05%, 0, 0, 12, 2595.83
1747413472, 1089, 19, 44, 0, 0, 0.05%, 0, 0, 12, 2694.25
1747413477, 1092, 7, 44, 0, 0, 0.05%, 0, 0, 12, 2683.37
1747413482, 1095, 17, 44, 0, 0, 0.05%, 0, 0, 12, 2626.23
1747413487, 1097, 3, 44, 0, 0, 0.05%, 0, 0, 12, 2708.67
1747413492, 1098, 21, 44, 0, 0, 0.05%, 0, 0, 12, 2761.96
1747413497, 1099, 28, 44, 0, 0, 0.05%, 0, 0, 12, 2701.95
1747413502, 1099, 41, 44, 0, 0, 0.05%, 0, 0, 12, 2753.06
1747413507, 1100, 28, 44, 0, 0, 0.05%, 0, 0, 12, 2726.94
1747413513, 1101, 27, 44, 0, 0, 0.05%, 0, 0, 12, 2734.71
1747413518, 1103, 12, 44, 0, 0, 0.05%, 0, 0, 12, 2848.18
1747413523, 1104, 29, 44, 0, 0, 0.05%, 0, 0, 12, 2638.08
1747413528, 1105, 30, 44, 0, 0, 0.05%, 0, 0, 12, 2705.32
1747413533, 1106, 31, 44, 0, 0, 0.05%, 0, 0, 12, 2809.05
1747413538, 1108, 28, 44, 0, 0, 0.05%, 0, 0, 12, 2801.55
1747413543, 1110, 36, 44, 0, 0, 0.05%, 0, 0, 12, 2696.53
1747413548, 1111, 32, 44, 0, 0, 0.05%, 0, 0, 12, 2804.73
1747413553, 1112, 29, 44, 0, 0, 0.05%, 0, 0, 12, 2721.99
1747413558, 1114, 32, 44, 0, 0, 0.05%, 0, 0, 12, 2766.69
1747413563, 1116, 39, 44, 0, 0, 0.05%, 0, 0, 12, 2698.85
1747413568, 1117, 43, 44, 0, 0, 0.05%, 0, 0, 12, 2491.83
