# unix_time, cycles_done, cur_path, paths_total, pending_total, pending_favs, map_size, unique_crashes, unique_hangs, max_depth, execs_per_sec
1746611932, 0, 0, 1, 1, 1, 5.34%, 0, 0, 1, 40.00
1746611937, 0, 0, 24, 24, 1, 5.45%, 0, 0, 2, 40.41
1746611942, 0, 0, 47, 47, 1, 5.45%, 0, 0, 2, 40.31
1746611947, 0, 0, 70, 70, 1, 5.45%, 0, 0, 2, 39.82
1746611953, 0, 0, 91, 91, 1, 5.69%, 0, 0, 2, 41.63
1746611958, 0, 0, 109, 109, 1, 5.95%, 0, 0, 2, 42.34
1746611963, 0, 0, 122, 122, 1, 5.96%, 0, 0, 2, 39.52
1746611968, 0, 0, 136, 136, 1, 5.97%, 0, 0, 2, 38.83
1746611973, 0, 0, 145, 145, 1, 5.97%, 0, 0, 2, 37.85
1746611978, 0, 0, 157, 157, 1, 5.98%, 0, 0, 2, 35.69
1746611983, 0, 0, 166, 166, 1, 5.98%, 0, 0, 2, 35.69
1746611988, 0, 0, 174, 174, 1, 5.98%, 0, 0, 2, 36.51
1746611994, 0, 0, 182, 182, 1, 5.98%, 0, 0, 2, 34.30
1746611999, 0, 0, 189, 189, 1, 5.98%, 0, 0, 2, 34.42
1746612004, 0, 0, 195, 195, 1, 5.98%, 0, 0, 2, 36.62
1746612009, 0, 0, 204, 204, 1, 5.98%, 0, 0, 2, 36.68
1746612014, 0, 0, 208, 208, 1, 6.69%, 0, 0, 2, 32.06
1746612019, 0, 0, 215, 215, 1, 6.69%, 0, 0, 2, 32.20
1746612024, 0, 0, 217, 217, 1, 6.69%, 0, 0, 2, 34.88
1746612030, 0, 0, 224, 224, 1, 6.69%, 0, 0, 2, 37.18
1746612035, 0, 0, 230, 230, 1, 6.69%, 0, 0, 2, 36.64
1746612040, 0, 0, 234, 234, 1, 6.69%, 0, 0, 2, 35.55
1746612045, 0, 0, 240, 240, 1, 6.69%, 0, 0, 2, 33.93
1746612050, 0, 0, 243, 243, 1, 6.70%, 0, 0, 2, 29.93
1746612055, 0, 0, 248, 248, 1, 6.70%, 0, 0, 2, 33.89
1746612061, 0, 0, 252, 252, 1, 6.70%, 0, 0, 2, 33.54
1746612066, 0, 0, 257, 257, 1, 6.70%, 0, 0, 2, 32.82
1746612071, 0, 0, 260, 260, 1, 6.70%, 0, 0, 2, 33.68
1746612076, 0, 0, 262, 262, 1, 6.70%, 0, 0, 2, 30.77
1746612081, 0, 0, 266, 266, 1, 6.70%, 0, 0, 2, 33.65
1746612086, 0, 0, 268, 268, 1, 6.70%, 0, 0, 2, 33.28
1746612091, 0, 0, 269, 269, 1, 6.70%, 0, 0, 2, 34.50
1746612096, 0, 0, 272, 272, 1, 6.71%, 0, 0, 2, 33.92
1746612101, 0, 0, 273, 273, 1, 6.71%, 0, 0, 2, 35.59
1746612107, 0, 0, 274, 274, 1, 6.71%, 0, 0, 2, 34.49
1746612112, 0, 0, 277, 277, 1, 6.73%, 0, 0, 2, 31.71
1746612117, 0, 0, 279, 279, 1, 6.73%, 0, 0, 2, 34.37
1746612122, 0, 0, 281, 281, 1, 6.73%, 0, 0, 2, 35.55
1746612127, 0, 0, 283, 283, 1, 6.73%, 0, 0, 2, 34.42
1746612132, 0, 0, 284, 284, 1, 6.73%, 0, 0, 2, 34.74
1746612137, 0, 0, 287, 287, 1, 6.73%, 0, 0, 2, 34.45
1746612142, 0, 0, 289, 289, 1, 6.73%, 0, 0, 2, 33.56
1746612148, 0, 0, 293, 293, 1, 6.73%, 0, 0, 2, 35.13
1746612153, 0, 0, 296, 296, 1, 6.73%, 0, 0, 2, 35.21
1746612158, 0, 0, 299, 299, 1, 6.74%, 0, 0, 2, 28.91
1746612163, 0, 0, 303, 303, 1, 6.74%, 0, 0, 2, 33.04
1746612173, 0, 0, 305, 305, 1, 6.74%, 0, 0, 2, 35.31
1746612178, 0, 0, 310, 310, 1, 6.74%, 0, 0, 2, 34.17
1746612184, 0, 0, 312, 312, 1, 6.74%, 0, 0, 2, 34.61
1746612189, 0, 0, 315, 315, 1, 6.74%, 0, 0, 2, 33.44
1746612194, 0, 1, 317, 316, 13, 6.74%, 0, 0, 2, 34.76
1746612199, 0, 1, 319, 318, 13, 6.74%, 0, 0, 3, 33.20
1746612204, 0, 1, 323, 322, 13, 6.74%, 0, 0, 3, 32.16
1746612209, 0, 1, 324, 323, 13, 6.74%, 0, 0, 3, 33.68
1746612214, 0, 1, 325, 324, 13, 6.74%, 0, 0, 3, 34.00
1746612220, 0, 1, 327, 326, 13, 6.74%, 0, 0, 3, 32.96
1746612235, 0, 1, 332, 331, 13, 6.74%, 0, 0, 3, 32.49
1746612245, 0, 1, 333, 332, 13, 6.74%, 0, 0, 3, 29.69
1746612250, 0, 1, 334, 333, 13, 6.74%, 0, 0, 3, 33.36
1746612256, 0, 1, 335, 334, 13, 6.74%, 0, 0, 3, 33.56
1746612266, 0, 1, 336, 335, 13, 6.74%, 0, 0, 3, 35.20
1746612271, 0, 1, 337, 336, 13, 6.74%, 0, 0, 3, 34.49
1746612281, 0, 1, 338, 337, 13, 6.74%, 0, 0, 3, 34.81
1746612286, 0, 1, 341, 340, 13, 6.74%, 0, 0, 3, 32.43
1746612292, 0, 1, 343, 342, 13, 6.74%, 0, 0, 3, 31.68
1746612297, 0, 1, 347, 346, 13, 6.74%, 0, 0, 3, 32.87
1746612302, 0, 1, 349, 348, 13, 6.74%, 0, 0, 3, 33.49
1746612307, 0, 1, 351, 350, 13, 6.74%, 0, 0, 3, 32.62
1746612317, 0, 1, 352, 351, 13, 6.74%, 0, 0, 3, 34.05
1746612322, 0, 1, 353, 352, 13, 6.74%, 0, 0, 3, 33.89
1746612328, 0, 1, 356, 355, 13, 6.74%, 0, 0, 3, 33.34
1746612333, 0, 1, 359, 358, 13, 6.74%, 0, 0, 3, 32.01
1746612343, 0, 1, 361, 360, 13, 6.76%, 0, 0, 3, 27.09
1746612348, 0, 1, 362, 361, 13, 6.76%, 0, 0, 3, 33.56
1746612353, 0, 1, 364, 363, 13, 6.77%, 0, 0, 3, 33.59
1746612358, 0, 1, 365, 364, 13, 6.77%, 0, 0, 3, 33.63
1746612369, 0, 1, 367, 366, 13, 6.77%, 0, 0, 3, 34.13
1746612374, 0, 1, 369, 368, 13, 6.77%, 0, 0, 3, 33.94
1746612379, 0, 1, 371, 370, 13, 6.77%, 0, 0, 3, 33.32
1746612384, 0, 1, 372, 371, 13, 6.77%, 0, 0, 3, 33.91
1746612394, 0, 1, 373, 372, 13, 6.77%, 0, 0, 3, 33.34
1746612404, 0, 1, 374, 373, 13, 6.77%, 0, 0, 3, 33.83
1746612409, 0, 15, 377, 375, 14, 6.77%, 0, 0, 3, 36.06
1746612414, 0, 15, 378, 376, 14, 6.77%, 0, 0, 3, 36.74
1746612420, 0, 15, 379, 377, 14, 6.77%, 0, 0, 3, 38.07
1746612425, 0, 15, 380, 378, 14, 6.77%, 0, 0, 3, 37.41
1746612430, 0, 15, 381, 379, 14, 6.77%, 0, 0, 3, 36.98
1746612435, 0, 15, 382, 380, 14, 6.77%, 0, 0, 3, 36.95
1746612440, 0, 15, 384, 382, 14, 6.77%, 0, 0, 3, 35.85
1746612445, 0, 15, 386, 384, 14, 6.77%, 0, 0, 3, 29.92
1746612450, 0, 15, 387, 385, 14, 6.77%, 0, 0, 3, 36.22
1746612456, 0, 15, 389, 387, 14, 6.77%, 0, 0, 3, 36.27
1746612466, 0, 15, 390, 388, 14, 6.77%, 0, 0, 3, 35.82
1746612471, 0, 15, 392, 390, 14, 6.77%, 0, 0, 3, 35.51
1746612481, 0, 15, 394, 392, 14, 6.77%, 0, 0, 3, 35.96
1746612492, 0, 15, 395, 393, 14, 6.77%, 0, 0, 3, 37.00
1746612502, 0, 15, 396, 394, 14, 6.77%, 0, 0, 3, 36.39
1746612512, 0, 15, 398, 396, 14, 6.77%, 0, 0, 3, 36.70
1746612517, 0, 15, 400, 398, 14, 6.77%, 0, 0, 3, 38.79
1746612533, 0, 15, 401, 399, 14, 6.77%, 0, 0, 3, 38.21
1746612538, 0, 15, 402, 400, 14, 6.77%, 0, 0, 3, 37.47
1746612548, 0, 29, 402, 399, 12, 6.77%, 0, 0, 3, 38.51
1746612558, 0, 62, 403, 399, 12, 6.77%, 0, 0, 3, 37.51
1746612569, 0, 90, 403, 398, 11, 6.77%, 0, 0, 3, 38.92
1746612579, 0, 111, 403, 397, 10, 6.77%, 0, 0, 3, 39.76
1746612584, 0, 111, 404, 398, 10, 6.77%, 0, 0, 3, 36.78
1746612594, 0, 111, 405, 399, 10, 6.77%, 0, 0, 3, 39.19
1746612599, 0, 111, 408, 402, 10, 6.77%, 0, 0, 3, 37.33
1746612609, 0, 111, 412, 406, 10, 6.77%, 0, 0, 3, 34.46
1746612620, 0, 111, 413, 407, 10, 6.77%, 0, 0, 3, 36.77
1746612635, 0, 111, 414, 408, 10, 6.77%, 0, 0, 3, 38.62
1746612645, 0, 111, 415, 409, 10, 6.77%, 0, 0, 3, 37.76
1746612650, 0, 111, 416, 410, 10, 6.77%, 0, 0, 3, 38.99
1746612661, 0, 111, 417, 411, 10, 6.77%, 0, 0, 3, 35.93
1746612666, 0, 111, 418, 412, 10, 6.77%, 0, 0, 3, 36.48
1746612681, 0, 111, 420, 414, 10, 6.77%, 0, 0, 3, 35.85
1746612686, 0, 111, 421, 415, 10, 6.77%, 0, 0, 3, 33.01
1746612697, 0, 111, 423, 417, 10, 6.77%, 0, 0, 3, 36.18
1746612702, 0, 111, 424, 418, 10, 6.77%, 0, 0, 3, 37.81
1746612712, 0, 111, 425, 419, 10, 6.77%, 0, 0, 3, 37.97
1746612717, 0, 117, 425, 418, 9, 6.77%, 0, 0, 3, 39.12
1746612722, 0, 117, 426, 419, 9, 6.77%, 0, 0, 3, 36.91
1746612728, 0, 117, 428, 421, 9, 6.77%, 0, 0, 3, 34.69
1746612733, 0, 117, 429, 422, 9, 6.77%, 0, 0, 3, 37.23
1746612738, 0, 117, 430, 423, 9, 6.77%, 0, 0, 3, 36.39
1746612748, 0, 117, 432, 425, 9, 6.77%, 0, 0, 3, 35.92
1746612753, 0, 117, 433, 426, 9, 6.77%, 0, 0, 3, 37.50
1746612758, 0, 117, 434, 427, 9, 6.77%, 0, 0, 3, 38.15
1746612763, 0, 117, 435, 428, 9, 6.77%, 0, 0, 3, 38.08
1746612799, 0, 117, 436, 429, 9, 6.77%, 0, 0, 3, 38.08
1746612815, 0, 117, 437, 430, 9, 6.77%, 0, 0, 3, 37.61
1746612851, 0, 123, 438, 430, 8, 6.77%, 0, 0, 3, 40.88
1746612856, 0, 123, 439, 431, 8, 6.77%, 0, 0, 3, 38.17
1746612866, 0, 123, 440, 432, 8, 6.77%, 0, 0, 3, 35.86
1746612871, 0, 123, 442, 434, 8, 6.77%, 0, 0, 3, 36.65
1746612881, 0, 123, 443, 435, 8, 6.77%, 0, 0, 3, 36.17
1746612907, 0, 123, 444, 436, 8, 6.77%, 0, 0, 3, 35.94
1746612912, 0, 123, 445, 437, 8, 6.77%, 0, 0, 3, 34.18
1746612933, 0, 123, 446, 438, 8, 6.77%, 0, 0, 3, 35.94
1746612938, 0, 123, 447, 439, 8, 6.77%, 0, 0, 3, 33.48
1746612943, 0, 123, 448, 440, 8, 7.41%, 0, 0, 3, 35.62
1746612948, 0, 123, 449, 441, 8, 7.41%, 0, 0, 3, 36.06
1746612953, 0, 123, 450, 442, 8, 7.41%, 0, 0, 3, 37.05
1746612963, 0, 123, 451, 443, 8, 7.41%, 0, 0, 3, 36.42
1746612979, 0, 123, 453, 445, 8, 7.41%, 0, 0, 3, 37.55
1746612984, 0, 123, 454, 446, 8, 7.41%, 0, 0, 3, 38.28
1746612989, 0, 276, 456, 447, 8, 7.41%, 0, 0, 3, 34.91
1746612994, 0, 276, 462, 453, 8, 7.41%, 0, 0, 3, 20.48
1746613000, 0, 276, 468, 459, 8, 7.41%, 0, 0, 3, 14.06
1746613005, 0, 276, 475, 466, 8, 7.42%, 0, 0, 3, 13.53
1746613010, 0, 276, 479, 470, 8, 7.42%, 0, 0, 3, 18.27
1746613015, 0, 276, 485, 476, 8, 7.42%, 0, 0, 3, 13.56
1746613020, 0, 276, 490, 481, 8, 7.42%, 0, 0, 3, 11.89
1746613025, 0, 276, 494, 485, 8, 7.42%, 0, 0, 3, 14.67
1746613030, 0, 276, 499, 490, 8, 7.42%, 0, 0, 3, 13.54
1746613035, 0, 276, 504, 495, 8, 7.42%, 0, 0, 3, 10.68
1746613041, 0, 276, 505, 496, 8, 7.42%, 0, 0, 3, 12.12
1746613046, 0, 276, 508, 499, 8, 7.42%, 0, 0, 3, 9.20
1746613051, 0, 276, 511, 502, 8, 7.42%, 0, 0, 3, 19.79
1746613056, 0, 276, 513, 504, 8, 7.42%, 0, 0, 3, 23.09
1746613061, 0, 276, 514, 505, 8, 7.42%, 0, 0, 3, 21.24
1746613066, 0, 276, 520, 511, 8, 7.42%, 0, 0, 3, 14.98
1746613071, 0, 276, 528, 519, 8, 7.42%, 0, 0, 3, 15.51
1746613076, 0, 276, 534, 525, 8, 7.42%, 0, 0, 3, 12.95
1746613082, 0, 276, 540, 531, 8, 7.42%, 0, 0, 3, 12.04
1746613087, 0, 276, 546, 537, 8, 7.42%, 0, 0, 3, 12.88
1746613092, 0, 276, 550, 541, 8, 7.42%, 0, 0, 3, 12.48
1746613097, 0, 276, 556, 547, 8, 7.42%, 0, 0, 3, 12.34
1746613102, 0, 276, 562, 553, 8, 7.42%, 0, 0, 3, 12.67
1746613107, 0, 276, 568, 559, 8, 7.42%, 0, 0, 3, 13.25
1746613112, 0, 276, 574, 565, 8, 7.42%, 0, 0, 3, 12.98
1746613117, 0, 276, 580, 571, 8, 7.42%, 0, 0, 3, 13.11
1746613133, 0, 276, 581, 572, 8, 7.42%, 0, 0, 3, 16.81
1746613138, 0, 276, 585, 576, 8, 7.42%, 0, 0, 3, 13.34
1746613143, 0, 276, 587, 578, 8, 7.42%, 0, 0, 3, 20.24
1746613148, 0, 276, 589, 580, 8, 7.44%, 0, 0, 3, 18.48
1746613153, 0, 276, 594, 585, 8, 7.45%, 0, 0, 3, 13.32
1746613158, 0, 276, 598, 589, 8, 7.45%, 0, 0, 3, 11.30
1746613163, 0, 276, 602, 593, 8, 7.45%, 0, 0, 3, 12.34
1746613168, 0, 276, 607, 598, 8, 7.45%, 0, 0, 3, 12.41
1746613173, 0, 276, 610, 601, 8, 7.45%, 0, 0, 3, 13.76
1746613179, 0, 276, 612, 603, 8, 7.45%, 0, 0, 3, 22.79
1746613184, 0, 276, 613, 604, 8, 7.45%, 0, 0, 3, 22.89
1746613189, 0, 276, 615, 606, 8, 7.45%, 0, 0, 3, 15.42
1746613194, 0, 276, 619, 610, 8, 7.45%, 0, 0, 3, 12.34
1746613199, 0, 276, 623, 614, 8, 7.45%, 0, 0, 3, 9.53
1746613204, 0, 276, 627, 618, 8, 7.45%, 0, 0, 3, 10.41
1746613209, 0, 276, 631, 622, 8, 7.45%, 0, 0, 3, 9.56
1746613215, 0, 276, 635, 626, 8, 7.45%, 0, 0, 3, 9.33
1746613220, 0, 276, 640, 631, 8, 7.45%, 0, 0, 3, 11.45
1746613225, 0, 276, 644, 635, 8, 7.45%, 0, 0, 3, 11.18
1746613230, 0, 276, 645, 636, 8, 7.45%, 0, 0, 3, 20.67
1746613235, 0, 320, 648, 638, 15, 7.45%, 0, 0, 4, 20.71
1746613240, 0, 320, 651, 641, 15, 7.46%, 0, 0, 4, 19.19
1746613245, 0, 320, 653, 643, 15, 7.46%, 0, 0, 4, 22.37
1746613250, 0, 320, 655, 645, 15, 7.46%, 0, 0, 4, 21.53
1746613255, 0, 320, 658, 648, 15, 7.46%, 0, 0, 4, 18.97
1746613261, 0, 320, 664, 654, 15, 7.46%, 0, 0, 4, 17.33
1746613266, 0, 320, 667, 657, 15, 7.46%, 0, 0, 4, 12.49
1746613271, 0, 320, 670, 660, 15, 7.46%, 0, 0, 4, 12.53
1746613281, 0, 320, 671, 661, 15, 7.46%, 0, 0, 4, 14.58
1746613286, 0, 320, 674, 664, 15, 7.46%, 0, 0, 4, 17.76
1746613291, 0, 320, 675, 665, 15, 7.46%, 0, 0, 4, 24.40
1746613301, 0, 320, 676, 666, 15, 7.46%, 0, 0, 4, 29.70
1746613307, 0, 320, 677, 667, 15, 7.46%, 0, 0, 4, 28.38
1746613312, 0, 320, 679, 669, 15, 7.46%, 0, 0, 4, 25.36
1746613317, 0, 320, 680, 670, 15, 7.46%, 0, 0, 4, 25.47
1746613327, 0, 320, 683, 673, 15, 7.46%, 0, 0, 4, 24.09
1746613332, 0, 320, 684, 674, 15, 7.46%, 0, 0, 4, 29.77
1746613338, 0, 320, 685, 675, 15, 7.46%, 0, 0, 4, 28.23
1746613348, 0, 320, 686, 676, 15, 7.46%, 0, 0, 4, 29.92
1746613353, 0, 320, 687, 677, 15, 7.46%, 0, 0, 4, 30.71
1746613358, 0, 320, 689, 679, 15, 7.46%, 0, 0, 4, 27.94
1746613368, 0, 320, 690, 680, 15, 7.46%, 0, 0, 4, 28.14
1746613373, 0, 320, 691, 681, 15, 7.46%, 0, 0, 4, 30.23
1746613389, 0, 320, 692, 682, 15, 7.46%, 0, 0, 4, 32.27
1746613399, 0, 320, 694, 684, 15, 7.46%, 0, 0, 4, 29.05
1746613404, 0, 320, 695, 685, 15, 7.49%, 0, 0, 4, 26.33
1746613420, 0, 320, 697, 687, 15, 7.49%, 0, 0, 4, 28.61
1746613425, 0, 320, 699, 689, 15, 7.49%, 0, 0, 4, 26.70
1746613450, 0, 320, 702, 692, 15, 7.49%, 0, 0, 4, 21.81
1746613476, 0, 320, 703, 693, 15, 7.49%, 0, 0, 4, 26.73
1746613486, 0, 320, 704, 694, 15, 7.49%, 0, 0, 4, 29.37
1746613507, 0, 320, 705, 695, 15, 7.49%, 0, 0, 4, 28.42
1746613527, 0, 320, 707, 697, 15, 7.49%, 0, 0, 4, 34.28
1746613532, 0, 348, 708, 697, 16, 7.49%, 0, 0, 4, 24.47
1746613537, 0, 348, 709, 698, 16, 7.49%, 0, 0, 4, 21.36
1746613547, 0, 348, 710, 699, 16, 7.49%, 0, 0, 4, 23.04
1746613573, 0, 348, 711, 700, 16, 7.49%, 0, 0, 4, 22.75
1746613593, 0, 434, 712, 700, 16, 7.49%, 0, 0, 4, 31.93
1746613598, 0, 434, 713, 701, 16, 7.49%, 0, 0, 4, 33.37
1746613609, 0, 455, 713, 700, 16, 7.49%, 0, 0, 4, 31.56
1746613619, 0, 455, 715, 702, 16, 7.49%, 0, 0, 4, 23.80
1746613665, 0, 493, 717, 703, 16, 7.49%, 0, 0, 4, 21.94
1746613675, 0, 493, 720, 706, 16, 7.49%, 0, 0, 4, 12.65
1746613680, 0, 493, 721, 707, 16, 7.49%, 0, 0, 4, 16.16
1746613685, 0, 493, 724, 710, 16, 7.49%, 0, 0, 4, 11.83
1746613690, 0, 493, 727, 713, 16, 7.49%, 0, 0, 4, 10.79
1746613695, 0, 493, 729, 715, 16, 7.49%, 0, 0, 4, 15.13
1746613710, 0, 493, 731, 717, 16, 7.49%, 0, 0, 4, 16.44
1746613716, 0, 493, 733, 719, 16, 7.49%, 0, 0, 4, 13.70
1746613721, 0, 493, 737, 723, 16, 7.49%, 0, 0, 4, 12.87
1746613726, 0, 493, 739, 725, 16, 7.49%, 0, 0, 4, 12.77
1746613746, 0, 493, 741, 727, 16, 7.49%, 0, 0, 4, 14.39
1746613757, 0, 493, 745, 731, 16, 7.49%, 0, 0, 4, 16.01
1746613762, 0, 493, 748, 734, 16, 7.49%, 0, 0, 4, 11.90
1746613767, 0, 493, 749, 735, 16, 7.49%, 0, 0, 4, 11.50
1746613772, 0, 493, 751, 737, 16, 7.49%, 0, 0, 4, 11.85
1746613787, 0, 493, 752, 738, 16, 7.49%, 0, 0, 4, 16.24
1746613792, 0, 493, 754, 740, 16, 7.49%, 0, 0, 4, 11.85
1746613797, 0, 493, 755, 741, 16, 7.49%, 0, 0, 4, 10.46
1746613802, 0, 493, 756, 742, 16, 7.49%, 0, 0, 4, 17.97
1746613807, 0, 493, 757, 743, 16, 7.62%, 0, 0, 4, 21.78
1746613812, 0, 493, 759, 745, 16, 7.62%, 0, 0, 4, 24.24
1746613817, 0, 493, 760, 746, 16, 7.62%, 0, 0, 4, 23.87
1746613823, 0, 493, 762, 748, 16, 7.62%, 0, 0, 4, 27.93
1746613828, 0, 493, 764, 750, 16, 7.62%, 0, 0, 4, 25.58
1746613833, 0, 493, 766, 752, 16, 7.62%, 0, 0, 4, 20.41
1746613848, 0, 493, 768, 754, 16, 7.62%, 0, 0, 4, 22.51
1746613853, 0, 493, 769, 755, 16, 7.62%, 0, 0, 4, 21.59
1746613859, 0, 493, 770, 756, 16, 7.62%, 0, 0, 4, 21.60
1746613864, 0, 493, 771, 757, 16, 7.62%, 0, 0, 4, 26.61
1746613869, 0, 493, 772, 758, 16, 7.62%, 0, 0, 4, 21.49
1746613874, 0, 493, 774, 760, 16, 7.62%, 0, 0, 4, 17.75
1746613879, 0, 493, 775, 761, 16, 7.62%, 0, 0, 4, 24.19
1746613895, 0, 493, 776, 762, 16, 7.62%, 0, 0, 4, 28.53
1746613900, 0, 493, 778, 764, 16, 7.62%, 0, 0, 4, 25.20
1746613905, 0, 493, 780, 766, 16, 7.62%, 0, 0, 4, 25.93
1746613910, 0, 493, 781, 767, 16, 7.62%, 0, 0, 4, 26.43
1746613920, 0, 493, 782, 768, 16, 7.63%, 0, 0, 4, 24.98
1746613946, 0, 493, 783, 769, 16, 7.63%, 0, 0, 4, 28.52
1746613951, 0, 493, 784, 770, 16, 7.63%, 0, 0, 4, 24.60
1746613961, 0, 493, 785, 771, 16, 7.63%, 0, 0, 4, 24.84
1746613976, 0, 493, 786, 772, 16, 7.63%, 0, 0, 4, 23.58
1746613997, 0, 493, 787, 773, 16, 7.63%, 0, 0, 4, 27.29
1746614023, 0, 493, 788, 774, 16, 7.63%, 0, 0, 4, 26.14
1746614033, 0, 493, 789, 775, 16, 7.63%, 0, 0, 4, 26.03
1746614038, 0, 493, 790, 776, 16, 7.63%, 0, 0, 4, 25.98
1746614058, 0, 493, 791, 777, 16, 7.63%, 0, 0, 4, 27.20
1746614063, 0, 547, 791, 776, 18, 7.63%, 0, 0, 4, 25.90
1746614099, 0, 547, 792, 777, 18, 7.63%, 0, 0, 4, 13.25
1746614104, 0, 547, 796, 781, 18, 7.63%, 0, 0, 4, 9.97
1746614109, 0, 547, 798, 783, 18, 7.63%, 0, 0, 4, 11.55
1746614114, 0, 547, 799, 784, 18, 7.63%, 0, 0, 4, 13.70
1746614135, 0, 547, 800, 785, 18, 7.63%, 0, 0, 4, 14.59
1746614150, 0, 547, 803, 788, 18, 7.63%, 0, 0, 4, 12.24
1746614176, 0, 547, 805, 790, 18, 7.63%, 0, 0, 4, 12.31
1746614181, 0, 547, 806, 791, 18, 7.63%, 0, 0, 4, 13.99
1746614191, 0, 578, 806, 790, 17, 7.63%, 0, 0, 4, 22.90
1746614206, 0, 578, 807, 791, 17, 7.63%, 0, 0, 4, 13.03
1746614211, 0, 578, 809, 793, 17, 7.63%, 0, 0, 4, 10.77
1746614263, 0, 578, 810, 794, 17, 7.63%, 0, 0, 4, 13.06
1746614278, 0, 578, 811, 795, 17, 7.63%, 0, 0, 4, 12.28
1746614314, 0, 588, 811, 794, 16, 7.63%, 0, 0, 4, 25.55
1746614319, 0, 588, 813, 796, 16, 7.63%, 0, 0, 4, 13.80
1746614329, 0, 588, 815, 798, 16, 7.63%, 0, 0, 4, 10.36
1746614335, 0, 588, 816, 799, 16, 7.63%, 0, 0, 4, 8.28
1746614340, 0, 588, 818, 801, 16, 7.63%, 0, 0, 4, 11.23
1746614345, 0, 588, 819, 802, 16, 7.63%, 0, 0, 4, 8.53
1746614350, 0, 588, 820, 803, 16, 7.63%, 0, 0, 4, 12.02
1746614371, 0, 588, 821, 804, 16, 7.63%, 0, 0, 4, 10.29
1746614376, 0, 588, 822, 805, 16, 7.63%, 0, 0, 4, 8.69
1746614381, 0, 588, 823, 806, 16, 7.63%, 0, 0, 4, 8.88
1746614386, 0, 588, 825, 808, 16, 7.63%, 0, 0, 4, 7.88
1746614396, 0, 588, 826, 809, 16, 7.63%, 0, 0, 4, 7.45
1746614401, 0, 588, 828, 811, 16, 7.63%, 0, 0, 4, 7.26
1746614411, 0, 588, 829, 812, 16, 7.63%, 0, 0, 4, 7.48
1746614447, 0, 588, 831, 814, 16, 7.63%, 0, 0, 4, 9.68
1746614452, 0, 588, 832, 815, 16, 7.63%, 0, 0, 4, 8.28
1746614478, 0, 588, 833, 816, 16, 7.63%, 0, 0, 4, 10.09
1746614488, 0, 613, 833, 815, 16, 7.63%, 0, 0, 4, 21.81
1746614514, 0, 613, 834, 816, 16, 7.63%, 0, 0, 4, 8.77
1746614545, 0, 613, 835, 817, 16, 7.63%, 0, 0, 4, 7.23
1746614550, 0, 613, 836, 818, 16, 7.63%, 0, 0, 4, 6.83
1746614596, 0, 613, 837, 819, 16, 7.63%, 0, 0, 4, 7.94
1746614621, 0, 613, 838, 820, 16, 7.63%, 0, 0, 4, 9.15
1746614642, 0, 613, 839, 821, 16, 7.63%, 0, 0, 4, 9.92
1746614673, 0, 613, 840, 822, 16, 7.63%, 0, 0, 4, 15.13
1746614678, 0, 613, 841, 823, 16, 7.63%, 0, 0, 4, 20.92
1746614689, 0, 637, 841, 822, 16, 7.63%, 0, 0, 4, 26.48
1746614775, 0, 637, 842, 823, 16, 7.63%, 0, 0, 4, 16.06
1746614805, 0, 647, 842, 822, 15, 7.63%, 0, 0, 4, 23.53
1746614836, 0, 647, 843, 823, 15, 7.63%, 0, 0, 5, 23.12
1746614856, 0, 648, 843, 822, 14, 7.63%, 0, 0, 5, 30.47
1746614912, 0, 654, 843, 821, 13, 7.63%, 0, 0, 5, 24.17
1746614943, 0, 654, 844, 822, 13, 7.63%, 0, 0, 5, 23.50
1746614963, 0, 668, 844, 821, 12, 7.63%, 0, 0, 5, 20.57
1746615019, 0, 679, 844, 820, 12, 7.63%, 0, 0, 5, 25.31
1746615034, 0, 679, 845, 821, 12, 7.63%, 0, 0, 5, 10.74
1746615055, 0, 679, 847, 823, 12, 7.63%, 0, 0, 5, 12.45
1746615096, 0, 679, 848, 824, 12, 7.63%, 0, 0, 5, 14.43
1746615116, 0, 679, 849, 825, 12, 7.63%, 0, 0, 5, 17.77
1746615131, 0, 687, 849, 824, 11, 7.63%, 0, 0, 5, 27.53
1746615152, 0, 694, 849, 823, 10, 7.63%, 0, 0, 5, 6.09
1746615157, 0, 694, 852, 826, 10, 7.63%, 0, 0, 5, 11.11
1746615162, 0, 694, 853, 827, 10, 7.63%, 0, 0, 5, 8.90
1746615178, 0, 694, 854, 828, 10, 7.63%, 0, 0, 5, 9.32
1746615183, 0, 694, 855, 829, 10, 7.63%, 0, 0, 5, 7.47
1746615209, 0, 694, 856, 830, 10, 7.64%, 0, 0, 5, 21.28
1746615214, 0, 694, 857, 831, 10, 7.64%, 0, 0, 5, 18.95
1746615219, 0, 694, 859, 833, 10, 7.64%, 0, 0, 5, 14.36
1746615239, 0, 694, 860, 834, 10, 7.64%, 0, 0, 5, 10.34
1746615245, 0, 694, 862, 836, 10, 7.64%, 0, 0, 5, 7.97
1746615260, 0, 694, 863, 837, 10, 7.64%, 0, 0, 5, 6.74
1746615265, 0, 694, 864, 838, 10, 7.64%, 0, 0, 5, 6.68
1746615276, 0, 694, 865, 839, 10, 7.64%, 0, 0, 5, 6.54
1746615296, 0, 694, 866, 840, 10, 7.64%, 0, 0, 5, 6.38
1746615359, 0, 694, 867, 841, 10, 7.64%, 0, 0, 5, 15.62
1746615410, 0, 694, 868, 842, 10, 7.64%, 0, 0, 5, 11.35
1746615436, 0, 694, 869, 843, 10, 7.64%, 0, 0, 5, 8.84
1746615446, 0, 694, 870, 844, 10, 7.64%, 0, 0, 5, 20.24
1746615461, 0, 699, 872, 845, 12, 7.64%, 0, 0, 5, 22.82
1746615471, 0, 699, 873, 846, 12, 7.64%, 0, 0, 5, 24.42
1746615476, 0, 699, 876, 849, 12, 7.64%, 0, 0, 5, 21.10
1746615517, 0, 707, 876, 848, 11, 7.64%, 0, 0, 5, 29.15
1746615589, 0, 756, 877, 848, 10, 7.64%, 0, 0, 5, 18.58
1746615594, 0, 756, 880, 851, 10, 7.65%, 0, 0, 5, 11.05
1746615599, 0, 756, 882, 853, 10, 7.66%, 0, 0, 5, 8.52
1746615610, 0, 756, 884, 855, 10, 7.66%, 0, 0, 5, 7.16
1746615615, 0, 756, 886, 857, 10, 7.66%, 0, 0, 5, 6.79
1746615620, 0, 756, 887, 858, 10, 7.66%, 0, 0, 5, 6.44
1746615630, 0, 756, 888, 859, 10, 8.22%, 0, 0, 5, 11.58
1746615641, 0, 756, 889, 860, 10, 8.22%, 0, 0, 5, 7.61
1746615651, 0, 756, 891, 862, 10, 8.22%, 0, 0, 5, 6.52
1746615656, 0, 756, 892, 863, 10, 8.22%, 0, 0, 5, 6.42
1746615666, 0, 756, 893, 864, 10, 8.22%, 0, 0, 5, 10.07
1746615677, 0, 756, 894, 865, 10, 8.24%, 0, 0, 5, 7.11
1746615682, 0, 756, 895, 866, 10, 8.24%, 0, 0, 5, 6.86
1746615687, 0, 756, 897, 868, 10, 8.24%, 0, 0, 5, 6.50
1746615692, 0, 756, 899, 870, 10, 8.24%, 0, 0, 5, 6.15
1746615702, 0, 756, 900, 871, 10, 8.24%, 0, 0, 5, 6.62
1746615707, 0, 756, 901, 872, 10, 8.24%, 0, 0, 5, 6.69
1746615712, 0, 756, 902, 873, 10, 8.24%, 0, 0, 5, 6.91
1746615733, 0, 756, 903, 874, 10, 8.24%, 0, 0, 5, 12.27
1746615743, 0, 756, 904, 875, 10, 8.24%, 0, 0, 5, 8.68
1746615753, 0, 756, 906, 877, 10, 8.24%, 0, 0, 5, 7.79
1746615810, 0, 756, 907, 878, 10, 8.24%, 0, 0, 5, 7.18
1746615820, 0, 756, 908, 879, 10, 8.24%, 0, 0, 5, 7.22
1746615825, 0, 756, 910, 881, 10, 8.24%, 0, 0, 5, 6.85
1746615835, 0, 756, 911, 882, 10, 8.24%, 0, 0, 5, 7.12
1746615841, 0, 756, 912, 883, 10, 8.24%, 0, 0, 5, 6.86
1746615887, 0, 756, 914, 885, 10, 8.24%, 0, 0, 5, 6.41
1746615934, 0, 756, 915, 886, 10, 8.24%, 0, 0, 5, 8.78
1746615939, 0, 756, 916, 887, 10, 8.25%, 0, 0, 5, 7.45
1746615944, 0, 756, 917, 888, 10, 8.25%, 0, 0, 5, 7.15
1746615954, 0, 756, 918, 889, 10, 8.25%, 0, 0, 5, 14.40
1746615960, 0, 756, 919, 890, 10, 8.25%, 0, 0, 5, 9.68
1746615996, 0, 756, 920, 891, 10, 8.25%, 0, 0, 5, 6.59
1746616011, 0, 756, 921, 892, 10, 8.25%, 0, 0, 5, 6.78
1746616016, 0, 756, 922, 893, 10, 8.25%, 0, 0, 5, 6.10
1746616027, 0, 756, 923, 894, 10, 8.25%, 0, 0, 5, 6.05
1746616063, 0, 756, 924, 895, 10, 8.25%, 0, 0, 5, 8.51
1746616068, 0, 756, 927, 898, 10, 8.25%, 0, 0, 5, 7.56
1746616073, 0, 756, 928, 899, 10, 8.25%, 0, 0, 5, 7.18
1746616084, 0, 756, 929, 900, 10, 8.25%, 0, 0, 5, 7.30
1746616089, 0, 756, 930, 901, 10, 8.25%, 0, 0, 5, 7.24
1746616094, 0, 756, 931, 902, 10, 8.25%, 0, 0, 5, 7.34
1746616099, 0, 756, 932, 903, 10, 8.25%, 0, 0, 5, 6.55
1746616104, 0, 756, 933, 904, 10, 8.25%, 0, 0, 5, 6.66
1746616125, 0, 756, 934, 905, 10, 8.25%, 0, 0, 5, 6.70
1746616130, 0, 756, 935, 906, 10, 8.25%, 0, 0, 5, 6.50
1746616140, 0, 756, 936, 907, 10, 8.25%, 0, 0, 5, 6.68
1746616197, 0, 756, 937, 908, 10, 8.25%, 0, 0, 5, 18.19
1746616207, 0, 761, 937, 907, 16, 8.25%, 0, 0, 5, 21.51
1746616212, 0, 761, 940, 910, 16, 8.25%, 0, 0, 5, 23.32
1746616217, 0, 761, 941, 911, 16, 8.25%, 0, 0, 5, 26.43
1746616227, 0, 761, 949, 919, 16, 8.25%, 0, 0, 5, 22.32
1746616232, 0, 761, 950, 920, 16, 8.25%, 0, 0, 5, 25.93
1746616253, 0, 781, 950, 919, 18, 8.25%, 0, 0, 5, 26.15
1746616258, 0, 781, 952, 921, 18, 8.25%, 0, 0, 5, 13.55
1746616263, 0, 781, 953, 922, 18, 8.25%, 0, 0, 5, 9.17
1746616294, 0, 781, 954, 923, 18, 8.25%, 0, 0, 5, 7.03
1746616314, 0, 781, 955, 924, 18, 8.25%, 0, 0, 5, 7.33
1746616371, 0, 781, 956, 925, 18, 8.25%, 0, 0, 5, 7.55
1746616447, 0, 781, 957, 926, 18, 8.25%, 0, 0, 5, 6.76
1746616519, 0, 781, 958, 927, 18, 8.25%, 0, 0, 5, 10.18
1746616550, 0, 781, 959, 928, 18, 8.25%, 0, 0, 5, 7.00
1746616565, 0, 781, 960, 929, 18, 8.25%, 0, 0, 5, 6.71
1746616575, 0, 781, 961, 930, 18, 8.25%, 0, 0, 5, 18.30
1746616601, 0, 781, 962, 931, 18, 8.25%, 0, 0, 5, 7.46
1746616673, 0, 781, 963, 932, 18, 8.25%, 0, 0, 5, 16.20
1746616693, 0, 811, 963, 931, 20, 8.25%, 0, 0, 5, 18.72
1746616703, 0, 811, 964, 932, 20, 8.25%, 0, 0, 5, 11.81
1746616831, 0, 820, 964, 931, 19, 8.25%, 0, 0, 5, 18.66
1746616975, 0, 820, 965, 932, 19, 8.25%, 0, 0, 5, 17.62
1746616995, 0, 820, 966, 933, 19, 8.25%, 0, 0, 5, 25.61
1746617021, 0, 826, 966, 932, 18, 8.25%, 0, 0, 5, 21.43
1746617026, 0, 826, 967, 933, 18, 8.25%, 0, 0, 5, 11.34
1746617031, 0, 826, 968, 934, 18, 8.25%, 0, 0, 5, 14.68
1746617042, 0, 826, 969, 935, 18, 8.25%, 0, 0, 5, 13.05
1746617180, 0, 844, 969, 934, 17, 8.25%, 0, 0, 5, 21.43
1746617282, 0, 855, 969, 933, 16, 8.25%, 0, 0, 5, 27.20
1746617288, 0, 855, 970, 934, 16, 8.25%, 0, 0, 6, 18.12
1746617318, 0, 855, 971, 935, 16, 8.25%, 0, 0, 6, 12.08
1746617385, 0, 855, 972, 936, 16, 8.25%, 0, 0, 6, 16.72
1746617411, 0, 856, 972, 935, 14, 8.25%, 0, 0, 6, 24.17
1746617467, 0, 856, 974, 937, 14, 8.25%, 0, 0, 6, 25.64
1746617482, 0, 867, 974, 936, 14, 8.25%, 0, 0, 6, 21.10
1746617533, 0, 867, 975, 937, 14, 8.25%, 0, 0, 6, 15.95
1746617650, 0, 867, 976, 938, 14, 8.25%, 0, 0, 6, 16.96
1746617656, 0, 867, 977, 939, 14, 8.25%, 0, 0, 6, 16.71
1746617681, 0, 879, 977, 938, 14, 8.25%, 0, 0, 6, 18.76
1746617686, 0, 879, 978, 939, 14, 8.25%, 0, 0, 6, 11.11
1746617988, 0, 881, 978, 938, 13, 8.25%, 0, 0, 6, 19.16
1746618003, 0, 881, 980, 940, 13, 8.25%, 0, 0, 6, 7.84
1746618019, 0, 881, 981, 941, 13, 8.25%, 0, 0, 6, 10.45
1746618034, 0, 881, 982, 942, 13, 8.25%, 0, 0, 6, 7.26
1746618065, 0, 881, 983, 943, 13, 8.25%, 0, 0, 6, 6.93
1746618179, 0, 881, 984, 944, 13, 8.25%, 0, 0, 6, 7.68
1746618184, 0, 881, 985, 945, 13, 8.25%, 0, 0, 6, 7.20
1746618189, 0, 881, 986, 946, 13, 8.25%, 0, 0, 6, 7.46
1746618194, 0, 881, 989, 949, 13, 8.25%, 0, 0, 6, 7.14
1746618199, 0, 881, 992, 952, 13, 8.25%, 0, 0, 6, 7.44
1746618204, 0, 881, 993, 953, 13, 8.25%, 0, 0, 6, 7.52
1746618230, 0, 881, 994, 954, 13, 8.25%, 0, 0, 6, 6.52
1746618276, 0, 881, 995, 955, 13, 8.26%, 0, 0, 6, 10.01
1746618317, 0, 881, 996, 956, 13, 8.26%, 0, 0, 6, 9.90
1746618327, 0, 881, 997, 957, 13, 8.26%, 0, 0, 6, 6.63
1746618358, 0, 881, 998, 958, 13, 8.26%, 0, 0, 6, 7.71
1746618379, 0, 881, 999, 959, 13, 8.26%, 0, 0, 6, 6.63
1746618497, 0, 881, 1000, 960, 13, 8.26%, 0, 0, 6, 5.86
1746618533, 0, 890, 1000, 959, 14, 8.26%, 0, 0, 6, 16.94
1746618569, 0, 890, 1001, 960, 14, 8.30%, 0, 0, 6, 8.63
1746618738, 0, 890, 1002, 961, 14, 8.30%, 0, 0, 6, 6.66
1746618840, 0, 890, 1003, 962, 14, 8.30%, 0, 0, 6, 6.77
1746618866, 0, 890, 1004, 963, 14, 8.30%, 0, 0, 6, 15.63
1746618933, 0, 890, 1005, 964, 14, 8.30%, 0, 0, 6, 5.84
1746618995, 0, 890, 1006, 965, 14, 8.30%, 0, 0, 6, 6.93
1746619005, 0, 890, 1007, 966, 14, 8.30%, 0, 0, 6, 5.86
1746619083, 0, 890, 1008, 967, 14, 8.30%, 0, 0, 6, 5.15
1746619093, 0, 890, 1009, 968, 14, 8.30%, 0, 0, 6, 6.31
1746619108, 0, 893, 1009, 967, 14, 8.30%, 0, 0, 6, 17.72
1746619123, 0, 893, 1010, 968, 14, 8.30%, 0, 0, 6, 7.05
1746619134, 0, 893, 1013, 971, 14, 8.30%, 0, 0, 6, 5.86
1746619139, 0, 893, 1016, 974, 14, 8.30%, 0, 0, 6, 5.58
1746619144, 0, 893, 1018, 976, 14, 8.43%, 0, 0, 6, 5.24
1746619149, 0, 893, 1020, 978, 14, 8.43%, 0, 0, 6, 5.30
1746619154, 0, 893, 1023, 981, 14, 8.43%, 0, 0, 6, 5.15
1746619160, 0, 893, 1024, 982, 14, 8.43%, 0, 0, 6, 5.47
1746619181, 0, 893, 1025, 983, 14, 8.43%, 0, 0, 6, 6.39
1746619186, 0, 893, 1027, 985, 14, 8.43%, 0, 0, 6, 5.89
1746619191, 0, 893, 1029, 987, 14, 8.43%, 0, 0, 6, 5.40
1746619196, 0, 893, 1031, 989, 14, 8.43%, 0, 0, 6, 5.30
1746619222, 0, 893, 1032, 990, 14, 8.43%, 0, 0, 6, 6.12
1746619227, 0, 893, 1033, 991, 14, 8.43%, 0, 0, 6, 5.44
1746619232, 0, 893, 1036, 994, 14, 8.43%, 0, 0, 6, 4.99
1746619237, 0, 893, 1037, 995, 14, 8.43%, 0, 0, 6, 4.97
1746619242, 0, 893, 1038, 996, 14, 8.43%, 0, 0, 6, 21.77
1746619294, 0, 893, 1039, 997, 14, 8.43%, 0, 0, 6, 7.42
1746619392, 0, 893, 1040, 998, 14, 8.43%, 0, 0, 6, 5.98
1746619397, 0, 893, 1041, 999, 14, 8.43%, 0, 0, 6, 6.06
1746619407, 0, 893, 1042, 1000, 14, 8.43%, 0, 0, 6, 5.65
1746619418, 0, 893, 1043, 1001, 14, 8.43%, 0, 0, 6, 5.60
1746619423, 0, 893, 1045, 1003, 14, 8.43%, 0, 0, 6, 5.51
1746619428, 0, 893, 1047, 1005, 14, 8.43%, 0, 0, 6, 5.43
1746619433, 0, 893, 1048, 1006, 14, 8.43%, 0, 0, 6, 5.43
1746619438, 0, 893, 1050, 1008, 14, 8.43%, 0, 0, 6, 5.52
1746619454, 0, 893, 1051, 1009, 14, 8.43%, 0, 0, 6, 5.40
1746619459, 0, 893, 1052, 1010, 14, 8.43%, 0, 0, 6, 5.37
1746619464, 0, 893, 1053, 1011, 14, 8.43%, 0, 0, 6, 5.36
1746619469, 0, 893, 1055, 1013, 14, 8.43%, 0, 0, 6, 5.26
1746619500, 0, 893, 1056, 1014, 14, 8.43%, 0, 0, 6, 5.25
1746619516, 0, 893, 1058, 1016, 14, 8.43%, 0, 0, 6, 7.35
1746619572, 0, 893, 1059, 1017, 14, 8.43%, 0, 0, 6, 6.08
1746619587, 0, 893, 1060, 1018, 14, 8.44%, 0, 0, 6, 6.01
1746619592, 0, 893, 1061, 1019, 14, 8.44%, 0, 0, 6, 5.20
1746619598, 0, 893, 1062, 1020, 14, 8.44%, 0, 0, 6, 5.00
1746619603, 0, 893, 1064, 1022, 14, 8.44%, 0, 0, 6, 4.81
1746619608, 0, 893, 1065, 1023, 14, 8.44%, 0, 0, 6, 4.88
1746619613, 0, 893, 1067, 1025, 14, 8.44%, 0, 0, 6, 5.14
1746619618, 0, 893, 1069, 1027, 14, 8.64%, 0, 0, 6, 5.01
1746619623, 0, 893, 1071, 1029, 14, 8.64%, 0, 0, 6, 5.03
1746619629, 0, 893, 1072, 1030, 14, 8.64%, 0, 0, 6, 4.86
1746619634, 0, 893, 1074, 1032, 14, 8.64%, 0, 0, 6, 5.12
1746619742, 0, 893, 1075, 1033, 14, 8.64%, 0, 0, 6, 5.40
1746619758, 0, 893, 1076, 1034, 14, 8.64%, 0, 0, 6, 5.30
1746619763, 0, 893, 1078, 1036, 14, 8.64%, 0, 0, 6, 4.02
1746619768, 0, 893, 1079, 1037, 14, 8.64%, 0, 0, 6, 4.21
1746619778, 0, 893, 1080, 1038, 14, 8.64%, 0, 0, 6, 4.43
1746619783, 0, 893, 1082, 1040, 14, 8.64%, 0, 0, 6, 4.22
1746619788, 0, 893, 1083, 1041, 14, 8.64%, 0, 0, 6, 4.37
1746619794, 0, 893, 1084, 1042, 14, 8.64%, 0, 0, 6, 4.03
1746619799, 0, 893, 1085, 1043, 14, 8.64%, 0, 0, 6, 4.51
1746619809, 0, 893, 1086, 1044, 14, 8.64%, 0, 0, 6, 7.22
1746619814, 0, 893, 1087, 1045, 14, 9.00%, 0, 0, 6, 14.21
1746619830, 0, 893, 1088, 1046, 14, 9.00%, 0, 0, 6, 16.79
1746619845, 0, 893, 1089, 1047, 14, 9.04%, 0, 0, 6, 28.94
1746619855, 0, 893, 1090, 1048, 14, 9.04%, 0, 0, 6, 15.29
1746619860, 0, 893, 1091, 1049, 14, 9.04%, 0, 0, 6, 13.71
1746619891, 0, 893, 1092, 1050, 14, 9.04%, 0, 0, 6, 15.22
1746619901, 0, 893, 1093, 1051, 14, 9.04%, 0, 0, 6, 16.60
1746619906, 0, 893, 1094, 1052, 14, 9.04%, 0, 0, 6, 15.07
1746619972, 0, 893, 1095, 1053, 14, 9.04%, 0, 0, 6, 17.73
1746619977, 0, 893, 1096, 1054, 14, 9.04%, 0, 0, 6, 10.65
1746619993, 0, 893, 1097, 1055, 14, 9.04%, 0, 0, 6, 14.37
1746620060, 0, 893, 1098, 1056, 14, 9.04%, 0, 0, 6, 16.99
1746620085, 0, 893, 1099, 1057, 14, 9.04%, 0, 0, 6, 14.19
1746620121, 0, 893, 1100, 1058, 14, 9.04%, 0, 0, 6, 15.39
1746620142, 0, 893, 1101, 1059, 14, 9.04%, 0, 0, 6, 16.83
1746620152, 0, 893, 1102, 1060, 14, 9.04%, 0, 0, 6, 14.20
1746620167, 0, 893, 1103, 1061, 14, 9.05%, 0, 0, 6, 28.17
1746620178, 0, 896, 1103, 1060, 17, 9.05%, 0, 0, 6, 18.72
1746620373, 0, 896, 1104, 1061, 17, 9.05%, 0, 0, 6, 6.89
1746620409, 0, 896, 1105, 1062, 17, 9.05%, 0, 0, 6, 6.30
1746620532, 0, 896, 1106, 1063, 17, 9.05%, 0, 0, 6, 6.94
1746620732, 0, 944, 1106, 1062, 17, 9.05%, 0, 0, 6, 22.63
1746620743, 0, 944, 1107, 1063, 17, 9.05%, 0, 0, 6, 23.04
1746620773, 0, 949, 1108, 1063, 16, 9.05%, 0, 0, 6, 26.86
1746620819, 0, 960, 1108, 1062, 15, 9.05%, 0, 0, 6, 24.92
1746621250, 0, 961, 1108, 1061, 14, 9.05%, 0, 0, 6, 21.12
1746621266, 0, 961, 1109, 1062, 14, 9.05%, 0, 0, 6, 7.54
1746621291, 0, 961, 1110, 1063, 14, 9.05%, 0, 0, 6, 6.78
1746621322, 0, 961, 1111, 1064, 14, 9.05%, 0, 0, 6, 6.49
1746621327, 0, 961, 1112, 1065, 14, 9.05%, 0, 0, 6, 6.81
1746621435, 0, 961, 1113, 1066, 14, 9.05%, 0, 0, 6, 6.86
1746621616, 0, 961, 1114, 1067, 14, 9.05%, 0, 0, 6, 6.24
1746621703, 0, 961, 1115, 1068, 14, 9.05%, 0, 0, 6, 5.64
1746621714, 0, 961, 1116, 1069, 14, 9.05%, 0, 0, 6, 4.89
1746621739, 0, 971, 1116, 1068, 11, 9.05%, 0, 0, 6, 20.62
1746621745, 0, 971, 1117, 1069, 11, 9.05%, 0, 0, 7, 12.57
1746621775, 0, 971, 1119, 1071, 11, 9.05%, 0, 0, 7, 17.13
1746621883, 0, 979, 1119, 1070, 11, 9.05%, 0, 0, 7, 18.32
1746622295, 0, 990, 1119, 1069, 10, 9.05%, 0, 0, 7, 16.80
1746622300, 0, 990, 1120, 1070, 10, 9.05%, 0, 0, 7, 10.26
1746622557, 0, 990, 1121, 1071, 10, 9.05%, 0, 0, 7, 7.37
1746622562, 0, 990, 1122, 1072, 10, 9.05%, 0, 0, 7, 7.20
1746622634, 0, 990, 1123, 1073, 10, 9.06%, 0, 0, 7, 7.08
1746622639, 0, 990, 1124, 1074, 10, 9.06%, 0, 0, 7, 7.10
1746622712, 0, 995, 1124, 1073, 11, 9.06%, 0, 0, 7, 20.75
1746622727, 0, 995, 1125, 1074, 11, 9.06%, 0, 0, 7, 7.27
1746622768, 0, 995, 1127, 1076, 11, 9.06%, 0, 0, 7, 6.12
1746622799, 0, 995, 1128, 1077, 11, 9.06%, 0, 0, 7, 5.98
1746622984, 0, 995, 1129, 1078, 11, 9.06%, 0, 0, 7, 5.92
1746622989, 0, 995, 1132, 1081, 11, 9.06%, 0, 0, 7, 5.90
1746622994, 0, 995, 1135, 1084, 11, 9.06%, 0, 0, 7, 5.87
1746623000, 0, 995, 1138, 1087, 11, 9.06%, 0, 0, 7, 5.86
1746623005, 0, 995, 1141, 1090, 11, 9.06%, 0, 0, 7, 5.91
1746623010, 0, 995, 1142, 1091, 11, 9.06%, 0, 0, 7, 5.93
1746623277, 0, 995, 1143, 1092, 11, 9.06%, 0, 0, 7, 5.30
1746623308, 0, 1020, 1143, 1091, 11, 9.06%, 0, 0, 7, 18.48
1746623442, 0, 1020, 1144, 1092, 11, 9.06%, 0, 0, 7, 7.49
1746623912, 0, 1033, 1144, 1091, 11, 9.06%, 0, 0, 7, 16.72
1746623933, 0, 1033, 1145, 1092, 11, 9.06%, 0, 0, 7, 5.79
1746623943, 0, 1033, 1147, 1094, 11, 9.06%, 0, 0, 7, 4.79
1746623948, 0, 1033, 1148, 1095, 11, 9.06%, 0, 0, 7, 29.17
1746623974, 0, 1033, 1149, 1096, 11, 9.06%, 0, 0, 7, 5.46
1746623979, 0, 1033, 1151, 1098, 11, 9.06%, 0, 0, 7, 4.83
1746623984, 0, 1033, 1153, 1100, 11, 9.06%, 0, 0, 7, 4.72
1746624015, 0, 1033, 1155, 1102, 11, 9.06%, 0, 0, 7, 5.26
1746624020, 0, 1033, 1157, 1104, 11, 9.06%, 0, 0, 7, 4.80
1746624025, 0, 1033, 1159, 1106, 11, 9.06%, 0, 0, 7, 4.64
1746624030, 0, 1033, 1160, 1107, 11, 9.06%, 0, 0, 7, 22.66
1746624036, 0, 1033, 1161, 1108, 11, 9.06%, 0, 0, 7, 11.40
1746624180, 0, 1033, 1162, 1109, 11, 9.06%, 0, 0, 7, 5.84
1746624185, 0, 1033, 1163, 1110, 11, 9.06%, 0, 0, 7, 5.35
1746624205, 0, 1033, 1164, 1111, 11, 9.06%, 0, 0, 7, 4.98
1746624215, 0, 1033, 1166, 1113, 11, 9.06%, 0, 0, 7, 4.92
1746624220, 0, 1033, 1168, 1115, 11, 9.06%, 0, 0, 7, 4.81
1746624225, 0, 1033, 1169, 1116, 11, 9.06%, 0, 0, 7, 4.79
1746624230, 0, 1033, 1171, 1118, 11, 9.06%, 0, 0, 7, 4.78
1746624251, 0, 1033, 1172, 1119, 11, 9.07%, 0, 0, 7, 4.81
1746624261, 0, 1033, 1173, 1120, 11, 9.07%, 0, 0, 7, 4.76
1746624266, 0, 1033, 1174, 1121, 11, 9.07%, 0, 0, 7, 4.79
1746624271, 0, 1033, 1175, 1122, 11, 9.07%, 0, 0, 7, 4.79
1746624276, 0, 1033, 1176, 1123, 11, 9.07%, 0, 0, 7, 4.67
1746624394, 0, 1033, 1177, 1124, 11, 9.07%, 0, 0, 7, 5.07
1746624405, 0, 1033, 1179, 1126, 11, 9.07%, 0, 0, 7, 4.69
1746624410, 0, 1033, 1180, 1127, 11, 9.07%, 0, 0, 7, 4.48
1746624415, 0, 1033, 1182, 1129, 11, 9.07%, 0, 0, 7, 4.56
1746624575, 0, 1033, 1183, 1130, 11, 9.11%, 0, 0, 7, 3.63
1746624590, 0, 1033, 1184, 1131, 11, 9.32%, 0, 0, 7, 2.92
1746624600, 0, 1033, 1185, 1132, 11, 9.32%, 0, 0, 7, 3.50
1746624646, 0, 1033, 1186, 1133, 11, 9.32%, 0, 0, 7, 20.53
1746624672, 0, 1033, 1187, 1134, 11, 9.32%, 0, 0, 7, 14.60
1746624697, 0, 1033, 1188, 1135, 11, 9.33%, 0, 0, 7, 15.03
1746624723, 0, 1033, 1189, 1136, 11, 9.34%, 0, 0, 7, 18.28
1746624733, 0, 1033, 1190, 1137, 11, 9.34%, 0, 0, 7, 26.29
1746624871, 0, 1033, 1191, 1138, 11, 9.34%, 0, 0, 7, 16.70
1746624922, 0, 1102, 1191, 1137, 13, 9.34%, 0, 0, 7, 15.27
1746624943, 0, 1102, 1192, 1138, 13, 9.34%, 0, 0, 7, 6.20
1746624948, 0, 1102, 1194, 1140, 13, 9.34%, 0, 0, 7, 4.37
1746624954, 0, 1102, 1195, 1141, 13, 9.34%, 0, 0, 7, 3.96
1746624959, 0, 1102, 1197, 1143, 13, 9.34%, 0, 0, 7, 3.67
1746624964, 0, 1102, 1198, 1144, 13, 9.34%, 0, 0, 7, 3.57
1746624969, 0, 1102, 1199, 1145, 13, 9.34%, 0, 0, 7, 3.71
1746624974, 0, 1102, 1201, 1147, 13, 9.34%, 0, 0, 7, 3.70
1746624979, 0, 1102, 1202, 1148, 13, 9.51%, 0, 0, 7, 3.55
1746624984, 0, 1102, 1204, 1150, 13, 9.51%, 0, 0, 7, 3.58
1746624989, 0, 1102, 1206, 1152, 13, 9.51%, 0, 0, 7, 3.60
1746624995, 0, 1102, 1207, 1153, 13, 9.51%, 0, 0, 7, 3.67
1746625000, 0, 1102, 1208, 1154, 13, 9.51%, 0, 0, 7, 3.63
1746625010, 0, 1102, 1209, 1155, 13, 9.51%, 0, 0, 7, 3.64
1746625025, 0, 1102, 1210, 1156, 13, 9.51%, 0, 0, 7, 3.47
1746625031, 0, 1102, 1211, 1157, 13, 9.51%, 0, 0, 7, 3.44
1746625036, 0, 1102, 1212, 1158, 13, 9.51%, 0, 0, 7, 3.44
1746625041, 0, 1102, 1214, 1160, 13, 9.51%, 0, 0, 7, 3.50
1746625046, 0, 1102, 1215, 1161, 13, 9.51%, 0, 0, 7, 3.47
1746625051, 0, 1102, 1216, 1162, 13, 9.51%, 0, 0, 7, 3.56
1746625056, 0, 1102, 1217, 1163, 13, 9.77%, 0, 0, 7, 3.59
1746625062, 0, 1102, 1218, 1164, 13, 9.77%, 0, 0, 7, 3.55
1746625067, 0, 1102, 1219, 1165, 13, 9.77%, 0, 0, 7, 3.55
1746625072, 0, 1102, 1221, 1167, 13, 9.77%, 0, 0, 7, 3.51
1746625098, 0, 1102, 1222, 1168, 13, 9.77%, 0, 0, 7, 5.54
1746625103, 0, 1102, 1223, 1169, 13, 9.77%, 0, 0, 7, 4.45
1746625108, 0, 1102, 1225, 1171, 13, 9.77%, 0, 0, 7, 3.92
1746625113, 0, 1102, 1226, 1172, 13, 9.77%, 0, 0, 7, 3.79
1746625118, 0, 1102, 1227, 1173, 13, 9.77%, 0, 0, 7, 3.70
1746625123, 0, 1102, 1229, 1175, 13, 9.77%, 0, 0, 7, 3.68
1746625128, 0, 1102, 1231, 1177, 13, 9.79%, 0, 0, 7, 3.46
1746625133, 0, 1102, 1232, 1178, 13, 9.89%, 0, 0, 7, 3.49
1746625138, 0, 1102, 1233, 1179, 13, 9.89%, 0, 0, 7, 3.61
1746625149, 0, 1102, 1234, 1180, 13, 9.89%, 0, 0, 7, 3.68
1746625154, 0, 1102, 1235, 1181, 13, 9.89%, 0, 0, 7, 3.65
1746625164, 0, 1102, 1236, 1182, 13, 9.89%, 0, 0, 7, 3.49
1746625169, 0, 1102, 1237, 1183, 13, 9.95%, 0, 0, 7, 3.41
1746625174, 0, 1102, 1238, 1184, 13, 9.95%, 0, 0, 7, 3.41
1746625185, 0, 1102, 1239, 1185, 13, 9.95%, 0, 0, 7, 3.49
1746625190, 0, 1102, 1240, 1186, 13, 9.95%, 0, 0, 7, 3.57
1746625195, 0, 1102, 1241, 1187, 13, 9.98%, 0, 0, 7, 3.56
1746625200, 0, 1102, 1242, 1188, 13, 9.99%, 0, 0, 7, 3.48
1746625205, 0, 1102, 1243, 1189, 13, 9.99%, 0, 0, 7, 3.55
1746625210, 0, 1102, 1245, 1191, 13, 9.99%, 0, 0, 7, 3.41
1746625215, 0, 1102, 1246, 1192, 13, 9.99%, 0, 0, 7, 3.47
1746625236, 0, 1102, 1247, 1193, 13, 9.99%, 0, 0, 7, 6.13
1746625246, 0, 1102, 1248, 1194, 13, 9.99%, 0, 0, 7, 4.33
1746625252, 0, 1102, 1249, 1195, 13, 9.99%, 0, 0, 7, 4.02
1746625257, 0, 1102, 1250, 1196, 13, 9.99%, 0, 0, 7, 3.93
1746625262, 0, 1102, 1252, 1198, 13, 9.99%, 0, 0, 7, 3.50
1746625267, 0, 1102, 1254, 1200, 13, 10.02%, 0, 0, 7, 3.48
1746625282, 0, 1102, 1255, 1201, 13, 10.02%, 0, 0, 7, 3.71
1746625287, 0, 1102, 1256, 1202, 13, 10.02%, 0, 0, 7, 3.70
1746625303, 0, 1102, 1257, 1203, 13, 10.02%, 0, 0, 7, 3.45
1746625308, 0, 1102, 1258, 1204, 13, 10.02%, 0, 0, 7, 3.37
1746625313, 0, 1102, 1259, 1205, 13, 10.02%, 0, 0, 7, 3.34
1746625323, 0, 1102, 1261, 1207, 13, 10.02%, 0, 0, 7, 3.52
1746625333, 0, 1102, 1263, 1209, 13, 10.02%, 0, 0, 7, 3.50
1746625339, 0, 1102, 1265, 1211, 13, 10.02%, 0, 0, 7, 3.46
1746625344, 0, 1102, 1266, 1212, 13, 10.02%, 0, 0, 7, 3.45
1746625349, 0, 1102, 1267, 1213, 13, 10.02%, 0, 0, 7, 3.39
1746625359, 0, 1102, 1268, 1214, 13, 10.02%, 0, 0, 7, 6.15
1746625369, 0, 1102, 1269, 1215, 13, 10.03%, 0, 0, 7, 9.07
1746625374, 0, 1102, 1271, 1217, 13, 10.03%, 0, 0, 7, 5.28
1746625380, 0, 1102, 1272, 1218, 13, 10.04%, 0, 0, 7, 3.92
1746625385, 0, 1102, 1274, 1220, 13, 10.04%, 0, 0, 7, 3.51
1746625390, 0, 1102, 1275, 1221, 13, 10.04%, 0, 0, 7, 3.29
1746625400, 0, 1102, 1277, 1223, 13, 10.04%, 0, 0, 7, 6.82
1746625406, 0, 1102, 1279, 1225, 13, 10.04%, 0, 0, 7, 4.40
1746625411, 0, 1102, 1280, 1226, 13, 10.04%, 0, 0, 7, 3.48
1746625554, 0, 1102, 1281, 1227, 13, 10.04%, 0, 0, 7, 4.87
1746625559, 0, 1102, 1283, 1229, 13, 10.04%, 0, 0, 7, 4.19
1746625564, 0, 1102, 1284, 1230, 13, 10.04%, 0, 0, 7, 4.70
1746625569, 0, 1102, 1285, 1231, 13, 10.04%, 0, 0, 7, 4.57
1746625575, 0, 1102, 1287, 1233, 13, 10.04%, 0, 0, 7, 4.01
1746625580, 0, 1102, 1289, 1235, 13, 10.04%, 0, 0, 7, 3.81
1746625585, 0, 1102, 1290, 1236, 13, 10.04%, 0, 0, 7, 3.93
1746625590, 0, 1102, 1292, 1238, 13, 10.04%, 0, 0, 7, 3.76
1746625606, 0, 1102, 1293, 1239, 13, 10.04%, 0, 0, 7, 4.03
1746625611, 0, 1102, 1294, 1240, 13, 10.04%, 0, 0, 7, 4.35
1746625616, 0, 1102, 1295, 1241, 13, 10.04%, 0, 0, 7, 3.86
1746625621, 0, 1102, 1296, 1242, 13, 10.04%, 0, 0, 7, 3.67
1746625627, 0, 1102, 1297, 1243, 13, 10.04%, 0, 0, 7, 3.71
1746625647, 0, 1102, 1298, 1244, 13, 10.04%, 0, 0, 7, 4.57
1746625663, 0, 1102, 1299, 1245, 13, 10.04%, 0, 0, 7, 3.94
1746625694, 0, 1102, 1300, 1246, 13, 10.04%, 0, 0, 7, 3.45
1746625699, 0, 1102, 1301, 1247, 13, 10.04%, 0, 0, 7, 3.41
1746625880, 0, 1102, 1302, 1248, 13, 10.05%, 0, 0, 7, 3.59
1746625901, 0, 1102, 1303, 1249, 13, 10.05%, 0, 0, 7, 3.44
1746625954, 0, 1102, 1304, 1250, 13, 10.05%, 0, 0, 7, 1.97
1746625959, 0, 1102, 1305, 1251, 13, 10.05%, 0, 0, 7, 1.90
1746626002, 0, 1102, 1306, 1252, 13, 10.05%, 0, 0, 7, 2.08
1746626023, 0, 1102, 1307, 1253, 13, 10.05%, 0, 0, 7, 2.07
1746626039, 0, 1102, 1308, 1254, 13, 10.05%, 0, 0, 7, 2.05
1746626050, 0, 1102, 1309, 1255, 13, 10.05%, 0, 0, 7, 2.05
1746626055, 0, 1102, 1310, 1256, 13, 10.05%, 0, 0, 7, 2.04
1746626061, 0, 1102, 1311, 1257, 13, 10.05%, 0, 0, 7, 2.04
1746626098, 0, 1102, 1312, 1258, 13, 10.05%, 0, 0, 7, 2.06
1746626103, 0, 1102, 1313, 1259, 13, 10.05%, 0, 0, 7, 2.07
1746626114, 0, 1102, 1314, 1260, 13, 10.05%, 0, 0, 7, 2.07
1746626130, 0, 1102, 1315, 1261, 13, 10.05%, 0, 0, 7, 2.01
1746626219, 0, 1102, 1316, 1262, 13, 10.05%, 0, 0, 7, 2.75
1746626224, 0, 1102, 1317, 1263, 13, 10.05%, 0, 0, 7, 2.35
1746626267, 0, 1102, 1318, 1264, 13, 10.05%, 0, 0, 7, 1.85
1746626283, 0, 1102, 1319, 1265, 13, 10.05%, 0, 0, 7, 1.86
1746626288, 0, 1102, 1320, 1266, 13, 10.05%, 0, 0, 7, 1.85
1746626315, 0, 1102, 1321, 1267, 13, 10.05%, 0, 0, 7, 1.88
1746626336, 0, 1102, 1322, 1268, 13, 10.05%, 0, 0, 7, 3.49
1746626341, 0, 1102, 1323, 1269, 13, 10.05%, 0, 0, 7, 2.74
1746626357, 0, 1102, 1324, 1270, 13, 10.05%, 0, 0, 7, 2.06
1746626362, 0, 1102, 1325, 1271, 13, 10.05%, 0, 0, 7, 2.10
1746626367, 0, 1102, 1326, 1272, 13, 10.05%, 0, 0, 7, 2.13
1746626378, 0, 1102, 1327, 1273, 13, 10.05%, 0, 0, 7, 2.14
1746626398, 0, 1102, 1328, 1274, 13, 10.05%, 0, 0, 7, 1.99
1746626404, 0, 1102, 1329, 1275, 13, 10.05%, 0, 0, 7, 1.97
1746626409, 0, 1102, 1330, 1276, 13, 10.05%, 0, 0, 7, 1.97
1746626414, 0, 1102, 1331, 1277, 13, 10.05%, 0, 0, 7, 1.98
1746626419, 0, 1102, 1332, 1278, 13, 10.06%, 0, 0, 7, 1.98
1746626547, 0, 1102, 1334, 1280, 13, 10.06%, 0, 0, 7, 2.91
1746626563, 0, 1102, 1335, 1281, 13, 10.06%, 0, 0, 7, 2.52
1746626619, 0, 1102, 1336, 1282, 13, 10.06%, 0, 0, 7, 2.53
1746626635, 0, 1102, 1337, 1283, 13, 10.22%, 0, 0, 7, 2.03
1746626682, 0, 1102, 1338, 1284, 13, 10.22%, 0, 0, 7, 1.91
1746626703, 0, 1102, 1339, 1285, 13, 10.22%, 0, 0, 7, 2.13
1746626724, 0, 1102, 1340, 1286, 13, 10.22%, 0, 0, 7, 2.18
1746626755, 0, 1102, 1341, 1287, 13, 10.22%, 0, 0, 7, 1.98
1746626776, 0, 1102, 1342, 1288, 13, 10.22%, 0, 0, 7, 1.90
1746626802, 0, 1102, 1343, 1289, 13, 10.22%, 0, 0, 7, 1.97
1746626850, 0, 1102, 1344, 1290, 13, 10.22%, 0, 0, 7, 1.86
1746626866, 0, 1102, 1345, 1291, 13, 10.22%, 0, 0, 7, 1.91
1746626887, 0, 1102, 1346, 1292, 13, 10.22%, 0, 0, 7, 1.99
1746626903, 0, 1102, 1347, 1293, 13, 10.22%, 0, 0, 7, 2.03
1746626908, 0, 1102, 1348, 1294, 13, 10.22%, 0, 0, 7, 2.01
1746626924, 0, 1102, 1349, 1295, 13, 10.22%, 0, 0, 7, 2.04
1746626930, 0, 1102, 1350, 1296, 13, 10.22%, 0, 0, 7, 2.01
1746626940, 0, 1102, 1351, 1297, 13, 10.22%, 0, 0, 7, 2.00
1746626961, 0, 1102, 1352, 1298, 13, 10.22%, 0, 0, 7, 2.00
1746627182, 0, 1102, 1353, 1299, 13, 10.22%, 0, 0, 7, 2.88
1746627193, 0, 1102, 1354, 1300, 13, 10.22%, 0, 0, 7, 2.53
1746627203, 0, 1102, 1355, 1301, 13, 10.22%, 0, 0, 7, 2.19
1746627208, 0, 1102, 1356, 1302, 13, 10.22%, 0, 0, 7, 2.12
1746627218, 0, 1102, 1357, 1303, 13, 10.22%, 0, 0, 7, 2.31
1746627229, 0, 1102, 1358, 1304, 13, 10.22%, 0, 0, 7, 2.15
1746627239, 0, 1102, 1359, 1305, 13, 10.22%, 0, 0, 7, 2.20
1746627255, 0, 1102, 1360, 1306, 13, 10.22%, 0, 0, 7, 2.37
1746627270, 0, 1102, 1361, 1307, 13, 10.22%, 0, 0, 7, 2.47
1746627281, 0, 1102, 1362, 1308, 13, 10.22%, 0, 0, 7, 2.36
1746627333, 0, 1102, 1363, 1309, 13, 10.22%, 0, 0, 7, 2.56
1746627344, 0, 1102, 1364, 1310, 13, 10.22%, 0, 0, 7, 2.22
1746627360, 0, 1102, 1365, 1311, 13, 10.22%, 0, 0, 7, 1.95
1746627391, 0, 1102, 1366, 1312, 13, 10.22%, 0, 0, 7, 2.13
1746627396, 0, 1102, 1367, 1313, 13, 10.22%, 0, 0, 7, 2.04
1746627417, 0, 1102, 1368, 1314, 13, 10.22%, 0, 0, 7, 1.86
1746627422, 0, 1102, 1369, 1315, 13, 10.22%, 0, 0, 7, 1.80
1746627454, 0, 1102, 1370, 1316, 13, 10.22%, 0, 0, 7, 2.07
1746627470, 0, 1102, 1371, 1317, 13, 10.22%, 0, 0, 7, 2.03
1746627500, 0, 1102, 1373, 1319, 13, 10.22%, 0, 0, 7, 2.25
1746627516, 0, 1102, 1374, 1320, 13, 10.22%, 0, 0, 7, 2.28
1746627526, 0, 1102, 1375, 1321, 13, 10.22%, 0, 0, 7, 2.15
1746627532, 0, 1102, 1376, 1322, 13, 10.22%, 0, 0, 7, 2.18
1746627553, 0, 1102, 1377, 1323, 13, 10.22%, 0, 0, 7, 2.03
1746627569, 0, 1102, 1378, 1324, 13, 10.22%, 0, 0, 7, 1.90
1746627642, 0, 1102, 1379, 1325, 13, 10.22%, 0, 0, 7, 1.99
1746627674, 0, 1102, 1380, 1326, 13, 10.22%, 0, 0, 7, 2.03
1746627695, 0, 1102, 1381, 1327, 13, 10.22%, 0, 0, 7, 2.03
1746627705, 0, 1102, 1382, 1328, 13, 10.22%, 0, 0, 7, 1.87
1746627779, 0, 1102, 1383, 1329, 13, 10.22%, 0, 0, 7, 2.10
1746627867, 0, 1102, 1384, 1330, 13, 10.22%, 0, 0, 7, 2.74
1746627940, 0, 1108, 1384, 1329, 20, 10.22%, 0, 0, 7, 16.69
1746628428, 0, 1115, 1384, 1328, 19, 10.22%, 0, 0, 7, 19.82
1746628469, 0, 1115, 1385, 1329, 19, 10.22%, 0, 0, 7, 5.99
1746628500, 0, 1115, 1386, 1330, 19, 10.22%, 0, 0, 7, 5.01
1746628890, 0, 1115, 1387, 1331, 19, 10.22%, 0, 0, 7, 2.87
1746628901, 0, 1115, 1388, 1332, 19, 10.22%, 0, 0, 7, 2.85
1746628906, 0, 1115, 1390, 1334, 19, 10.22%, 0, 0, 7, 2.84
1746628932, 0, 1115, 1391, 1335, 19, 10.22%, 0, 0, 7, 2.84
1746629103, 0, 1115, 1392, 1336, 19, 10.22%, 0, 0, 7, 3.98
1746629232, 0, 1122, 1393, 1336, 18, 10.22%, 0, 0, 8, 16.07
1746629237, 0, 1122, 1394, 1337, 18, 10.22%, 0, 0, 8, 9.90
1746629242, 0, 1122, 1395, 1338, 18, 10.22%, 0, 0, 8, 7.86
1746629252, 0, 1122, 1396, 1339, 18, 10.22%, 0, 0, 8, 6.68
1746629433, 0, 1122, 1397, 1340, 18, 10.22%, 0, 0, 8, 6.64
1746629753, 0, 1178, 1397, 1339, 18, 10.22%, 0, 0, 8, 19.56
1746629778, 0, 1178, 1398, 1340, 18, 10.22%, 0, 0, 8, 5.02
1746629783, 0, 1178, 1399, 1341, 18, 10.22%, 0, 0, 8, 4.48
1746629788, 0, 1178, 1400, 1342, 18, 10.22%, 0, 0, 8, 4.33
1746629793, 0, 1178, 1401, 1343, 18, 10.22%, 0, 0, 8, 28.47
1746629824, 0, 1178, 1402, 1344, 18, 10.22%, 0, 0, 8, 4.48
1746630041, 0, 1178, 1404, 1346, 18, 10.22%, 0, 0, 8, 4.29
1746630046, 0, 1178, 1405, 1347, 18, 10.22%, 0, 0, 8, 4.25
1746630077, 0, 1178, 1406, 1348, 18, 10.22%, 0, 0, 8, 4.25
1746630134, 0, 1178, 1407, 1349, 18, 10.22%, 0, 0, 8, 5.52
1746630222, 0, 1178, 1408, 1350, 18, 10.22%, 0, 0, 8, 4.48
1746630412, 0, 1195, 1408, 1349, 18, 10.22%, 0, 0, 8, 24.43
1746630438, 0, 1195, 1409, 1350, 18, 10.22%, 0, 0, 8, 4.90
1746630530, 0, 1195, 1410, 1351, 18, 10.26%, 0, 0, 8, 4.47
1746630612, 0, 1195, 1411, 1352, 18, 10.26%, 0, 0, 8, 4.61
1746630633, 0, 1195, 1413, 1354, 18, 10.26%, 0, 0, 8, 3.71
1746630695, 0, 1195, 1414, 1355, 18, 10.26%, 0, 0, 8, 3.70
1746630705, 0, 1195, 1415, 1356, 18, 10.26%, 0, 0, 8, 7.86
1746630711, 0, 1195, 1416, 1357, 18, 10.26%, 0, 0, 8, 4.71
1746630716, 0, 1195, 1417, 1358, 18, 10.26%, 0, 0, 8, 3.56
1746630866, 0, 1195, 1418, 1359, 18, 10.26%, 0, 0, 8, 4.63
1746630907, 0, 1195, 1419, 1360, 18, 10.26%, 0, 0, 8, 3.81
1746630933, 0, 1195, 1420, 1361, 18, 10.26%, 0, 0, 8, 4.35
1746631045, 0, 1195, 1421, 1362, 18, 10.26%, 0, 0, 8, 3.60
1746631314, 0, 1195, 1422, 1363, 18, 10.26%, 0, 0, 8, 5.00
1746631351, 0, 1195, 1423, 1364, 18, 10.26%, 0, 0, 8, 3.20
1746631392, 0, 1195, 1424, 1365, 18, 10.26%, 0, 0, 8, 3.50
1746631799, 0, 1195, 1425, 1366, 18, 10.26%, 0, 0, 8, 4.00
1746631804, 0, 1195, 1426, 1367, 18, 10.26%, 0, 0, 8, 3.46
1746631825, 0, 1195, 1427, 1368, 18, 10.26%, 0, 0, 8, 3.48
1746631882, 0, 1195, 1428, 1369, 18, 10.26%, 0, 0, 8, 3.93
1746631902, 0, 1195, 1429, 1370, 18, 10.26%, 0, 0, 8, 3.75
1746631908, 0, 1195, 1430, 1371, 18, 10.26%, 0, 0, 8, 3.64
1746631918, 0, 1195, 1431, 1372, 18, 10.26%, 0, 0, 8, 3.61
1746631928, 0, 1195, 1432, 1373, 18, 10.26%, 0, 0, 8, 3.56
1746631933, 0, 1195, 1433, 1374, 18, 10.26%, 0, 0, 8, 3.54
1746631949, 0, 1195, 1434, 1375, 18, 10.26%, 0, 0, 8, 3.39
1746631954, 0, 1195, 1435, 1376, 18, 10.26%, 0, 0, 8, 3.27
1746631959, 0, 1195, 1436, 1377, 18, 10.26%, 0, 0, 8, 3.34
1746631995, 0, 1195, 1437, 1378, 18, 10.26%, 0, 0, 8, 3.37
1746632021, 0, 1195, 1438, 1379, 18, 10.26%, 0, 0, 8, 3.08
1746632154, 0, 1195, 1439, 1380, 18, 10.26%, 0, 0, 8, 3.93
1746632190, 0, 1216, 1439, 1379, 19, 10.26%, 0, 0, 8, 13.33
1746632226, 0, 1216, 1440, 1380, 19, 10.26%, 0, 0, 8, 3.83
1746632278, 0, 1216, 1441, 1381, 19, 10.26%, 0, 0, 8, 3.48
1746632283, 0, 1216, 1442, 1382, 19, 10.26%, 0, 0, 8, 3.44
1746632356, 0, 1216, 1443, 1383, 19, 10.26%, 0, 0, 8, 3.41
1746632366, 0, 1216, 1444, 1384, 19, 10.26%, 0, 0, 8, 3.39
1746632377, 0, 1216, 1445, 1385, 19, 10.26%, 0, 0, 8, 3.44
1746632408, 0, 1216, 1446, 1386, 19, 10.26%, 0, 0, 8, 4.67
1746632423, 0, 1216, 1447, 1387, 19, 10.26%, 0, 0, 8, 3.43
1746632454, 0, 1216, 1448, 1388, 19, 10.26%, 0, 0, 8, 3.24
1746632459, 0, 1216, 1449, 1389, 19, 10.26%, 0, 0, 8, 3.23
1746632479, 0, 1216, 1450, 1390, 19, 10.26%, 0, 0, 8, 3.32
1746632505, 0, 1216, 1451, 1391, 19, 10.26%, 0, 0, 8, 3.67
1746632510, 0, 1216, 1452, 1392, 19, 10.26%, 0, 0, 8, 20.53
1746632665, 0, 1216, 1453, 1393, 19, 10.26%, 0, 0, 8, 4.99
1746633067, 0, 1216, 1454, 1394, 19, 10.26%, 0, 0, 8, 3.47
1746633072, 0, 1216, 1456, 1396, 19, 10.26%, 0, 0, 8, 3.47
1746633077, 0, 1216, 1458, 1398, 19, 10.26%, 0, 0, 8, 3.47
1746633082, 0, 1216, 1460, 1400, 19, 10.26%, 0, 0, 8, 3.47
1746633087, 0, 1216, 1461, 1401, 19, 10.26%, 0, 0, 8, 3.48
1746633092, 0, 1216, 1463, 1403, 19, 10.26%, 0, 0, 8, 3.48
1746633098, 0, 1216, 1464, 1404, 19, 10.26%, 0, 0, 8, 3.47
1746633181, 0, 1216, 1465, 1405, 19, 10.26%, 0, 0, 8, 3.10
1746633417, 0, 1216, 1466, 1406, 19, 10.26%, 0, 0, 8, 3.35
1746633499, 0, 1216, 1467, 1407, 19, 10.26%, 0, 0, 8, 3.47
1746633627, 0, 1216, 1468, 1408, 19, 10.26%, 0, 0, 8, 4.45
1746633643, 0, 1216, 1469, 1409, 19, 10.26%, 0, 0, 8, 3.82
1746633700, 0, 1216, 1470, 1410, 19, 10.26%, 0, 0, 8, 3.71
1746633725, 0, 1216, 1471, 1411, 19, 10.26%, 0, 0, 8, 3.53
1746634019, 0, 1216, 1472, 1412, 19, 10.26%, 0, 0, 8, 2.65
1746634045, 0, 1257, 1472, 1411, 21, 10.26%, 0, 0, 8, 11.32
1746634071, 0, 1257, 1473, 1412, 21, 10.26%, 0, 0, 8, 4.99
1746634138, 0, 1257, 1474, 1413, 21, 10.26%, 0, 0, 8, 3.30
1746634184, 0, 1257, 1475, 1414, 21, 10.26%, 0, 0, 8, 3.40
1746634220, 0, 1257, 1476, 1415, 21, 10.26%, 0, 0, 8, 3.26
1746634235, 0, 1257, 1477, 1416, 21, 10.26%, 0, 0, 8, 3.23
1746634271, 0, 1257, 1478, 1417, 21, 10.26%, 0, 0, 8, 4.11
1746634322, 0, 1257, 1479, 1418, 21, 10.26%, 0, 0, 8, 3.31
1746634348, 0, 1257, 1480, 1419, 21, 10.26%, 0, 0, 8, 5.25
1746634358, 0, 1257, 1481, 1420, 21, 10.27%, 0, 0, 8, 3.27
1746634363, 0, 1257, 1482, 1421, 21, 10.29%, 0, 0, 8, 21.39
1746634373, 0, 1257, 1483, 1422, 21, 10.29%, 0, 0, 8, 5.54
1746634631, 0, 1257, 1484, 1423, 21, 10.29%, 0, 0, 8, 3.33
1746634869, 0, 1257, 1485, 1424, 21, 10.29%, 0, 0, 8, 3.34
1746634905, 0, 1257, 1486, 1425, 21, 10.29%, 0, 0, 8, 3.18
1746635081, 0, 1257, 1487, 1426, 21, 10.29%, 0, 0, 8, 3.36
1746635230, 0, 1257, 1488, 1427, 21, 10.29%, 0, 0, 8, 3.14
1746635329, 0, 1257, 1489, 1428, 21, 10.29%, 0, 0, 8, 3.23
1746635339, 0, 1257, 1490, 1429, 21, 10.29%, 0, 0, 8, 3.10
1746635359, 0, 1257, 1491, 1430, 21, 10.29%, 0, 0, 8, 3.09
1746635365, 0, 1257, 1492, 1431, 21, 10.29%, 0, 0, 8, 3.21
1746635375, 0, 1257, 1493, 1432, 21, 10.29%, 0, 0, 8, 3.08
1746635617, 0, 1257, 1494, 1433, 21, 10.29%, 0, 0, 8, 3.42
1746635648, 0, 1257, 1495, 1434, 21, 10.29%, 0, 0, 8, 3.73
1746635669, 0, 1257, 1496, 1435, 21, 10.29%, 0, 0, 8, 3.08
1746635900, 0, 1257, 1497, 1436, 21, 10.29%, 0, 0, 8, 5.34
1746635911, 0, 1257, 1498, 1437, 21, 10.29%, 0, 0, 8, 4.57
1746635941, 0, 1257, 1499, 1438, 21, 10.30%, 0, 0, 8, 2.32
1746635983, 0, 1257, 1500, 1439, 21, 10.30%, 0, 0, 8, 21.85
1746636003, 0, 1257, 1501, 1440, 21, 10.30%, 0, 0, 8, 10.91
1746636035, 0, 1257, 1502, 1441, 21, 10.30%, 0, 0, 8, 10.45
1746636045, 0, 1257, 1503, 1442, 21, 10.30%, 0, 0, 8, 10.36
1746636071, 0, 1257, 1504, 1443, 21, 10.30%, 0, 0, 8, 2.47
1746636184, 0, 1257, 1505, 1444, 21, 10.30%, 0, 0, 8, 11.51
1746636246, 0, 1257, 1506, 1445, 21, 10.30%, 0, 0, 8, 2.80
1746636267, 0, 1257, 1507, 1446, 21, 10.30%, 0, 0, 8, 2.28
1746636278, 0, 1257, 1508, 1447, 21, 10.30%, 0, 0, 8, 12.35
1746636293, 0, 1260, 1508, 1446, 23, 10.30%, 0, 0, 8, 13.04
1746636416, 0, 1260, 1509, 1447, 23, 10.30%, 0, 0, 8, 3.57
1746636493, 0, 1260, 1510, 1448, 23, 10.30%, 0, 0, 8, 4.61
1746637163, 0, 1260, 1511, 1449, 23, 10.30%, 0, 0, 8, 3.47
1746637527, 0, 1260, 1512, 1450, 23, 10.30%, 0, 0, 8, 3.49
1746637672, 0, 1260, 1513, 1451, 23, 10.30%, 0, 0, 8, 3.79
1746637954, 0, 1260, 1514, 1452, 23, 10.30%, 0, 0, 8, 3.62
1746638001, 0, 1260, 1515, 1453, 23, 10.30%, 0, 0, 8, 3.62
1746638053, 0, 1272, 1515, 1452, 23, 10.30%, 0, 0, 8, 11.77
1746638259, 0, 1272, 1516, 1453, 23, 10.30%, 0, 0, 8, 3.56
1746639031, 0, 1272, 1517, 1454, 23, 10.30%, 0, 0, 8, 5.47
1746639082, 0, 1272, 1518, 1455, 23, 10.30%, 0, 0, 8, 4.61
1746639149, 0, 1272, 1519, 1456, 23, 10.30%, 0, 0, 8, 4.28
1746639251, 0, 1274, 1519, 1455, 21, 10.30%, 0, 0, 8, 15.02
1746639456, 0, 1274, 1520, 1456, 21, 10.30%, 0, 0, 8, 4.08
1746640878, 0, 1294, 1520, 1455, 22, 10.30%, 0, 0, 8, 10.75
1746641317, 0, 1294, 1521, 1456, 22, 10.30%, 0, 0, 8, 4.33
1746642277, 0, 1294, 1522, 1457, 22, 10.30%, 0, 0, 8, 3.66
1746642601, 0, 1295, 1522, 1456, 20, 10.30%, 0, 0, 8, 14.16
1746643018, 0, 1295, 1523, 1457, 20, 10.30%, 0, 0, 8, 5.73
1746643416, 0, 1295, 1524, 1458, 20, 10.30%, 0, 0, 8, 3.71
1746643544, 0, 1295, 1525, 1459, 20, 10.30%, 0, 0, 8, 3.51
1746644034, 0, 1295, 1526, 1460, 20, 10.30%, 0, 0, 8, 3.91
1746644121, 0, 1295, 1527, 1461, 20, 10.30%, 0, 0, 8, 3.43
1746644305, 0, 1295, 1528, 1462, 20, 10.30%, 0, 0, 8, 10.92
1746644341, 0, 1301, 1528, 1461, 20, 10.30%, 0, 0, 8, 14.08
1746644372, 0, 1301, 1529, 1462, 20, 10.30%, 0, 0, 8, 4.18
1746644490, 0, 1301, 1530, 1463, 20, 10.30%, 0, 0, 8, 3.44
1746645072, 0, 1301, 1531, 1464, 20, 10.30%, 0, 0, 8, 3.47
1746645098, 0, 1301, 1532, 1465, 20, 10.30%, 0, 0, 8, 3.45
1746645103, 0, 1301, 1533, 1466, 20, 10.30%, 0, 0, 8, 3.38
1746645488, 0, 1301, 1534, 1467, 20, 10.30%, 0, 0, 8, 3.60
1746645654, 0, 1301, 1535, 1468, 20, 10.30%, 0, 0, 8, 3.52
1746645906, 0, 1301, 1536, 1469, 20, 10.30%, 0, 0, 8, 3.16
1746645993, 0, 1331, 1536, 1468, 19, 10.30%, 0, 0, 8, 15.64
1746646251, 0, 1331, 1537, 1469, 19, 10.30%, 0, 0, 8, 3.49
1746646822, 0, 1331, 1538, 1470, 19, 10.30%, 0, 0, 8, 3.51
1746646827, 0, 1331, 1539, 1471, 19, 10.30%, 0, 0, 8, 3.51
1746646833, 0, 1331, 1541, 1473, 19, 10.30%, 0, 0, 8, 3.51
1746646838, 0, 1331, 1543, 1475, 19, 10.30%, 0, 0, 8, 3.51
1746646843, 0, 1331, 1545, 1477, 19, 10.30%, 0, 0, 8, 3.51
1746646848, 0, 1331, 1546, 1478, 19, 10.30%, 0, 0, 8, 3.50
1746646853, 0, 1331, 1547, 1479, 19, 10.30%, 0, 0, 8, 3.52
1746646858, 0, 1331, 1549, 1481, 19, 10.30%, 0, 0, 8, 3.51
1746647779, 0, 1349, 1549, 1480, 19, 10.30%, 0, 0, 8, 10.22
1746648941, 0, 1349, 1550, 1481, 19, 10.32%, 0, 0, 8, 3.35
1746648976, 0, 1349, 1551, 1482, 19, 10.32%, 0, 0, 8, 3.40
1746649022, 0, 1349, 1552, 1483, 19, 10.32%, 0, 0, 8, 3.44
1746649243, 0, 1349, 1553, 1484, 19, 10.32%, 0, 0, 8, 3.22
1746649304, 0, 1349, 1554, 1485, 19, 10.32%, 0, 0, 8, 3.24
1746649541, 0, 1393, 1554, 1484, 19, 10.32%, 0, 0, 8, 13.79
1746649685, 0, 1393, 1555, 1485, 19, 10.32%, 0, 0, 9, 6.71
1746649726, 0, 1393, 1556, 1486, 19, 10.32%, 0, 0, 9, 6.76
1746650071, 0, 1396, 1556, 1485, 18, 10.32%, 0, 0, 9, 16.47
1746650272, 0, 1396, 1557, 1486, 18, 10.32%, 0, 0, 9, 6.62
1746650601, 0, 1404, 1557, 1485, 18, 10.32%, 0, 0, 9, 18.26
1746650632, 0, 1404, 1558, 1486, 18, 10.32%, 0, 0, 9, 4.48
1746650668, 0, 1404, 1559, 1487, 18, 10.32%, 0, 0, 9, 25.50
1746650698, 0, 1404, 1561, 1489, 18, 10.32%, 0, 0, 9, 4.62
1746650920, 0, 1404, 1564, 1492, 18, 10.32%, 0, 0, 9, 4.64
1746650925, 0, 1404, 1566, 1494, 18, 10.32%, 0, 0, 9, 4.71
1746650930, 0, 1404, 1567, 1495, 18, 10.32%, 0, 0, 9, 4.64
1746651268, 0, 1485, 1567, 1494, 17, 10.32%, 0, 0, 9, 3.51
1746651356, 0, 1485, 1568, 1495, 17, 10.32%, 0, 0, 9, 2.99
1746652069, 0, 1485, 1569, 1496, 17, 10.32%, 0, 0, 9, 2.92
1746652529, 0, 1485, 1570, 1497, 17, 10.32%, 0, 0, 9, 3.00
1746652601, 0, 1485, 1571, 1498, 17, 10.32%, 0, 0, 9, 4.07
1746652724, 0, 1485, 1572, 1499, 17, 10.32%, 0, 0, 9, 4.75
1746652786, 0, 1485, 1573, 1500, 17, 10.32%, 0, 0, 9, 4.00
1746652801, 0, 1485, 1574, 1501, 17, 10.32%, 0, 0, 9, 4.18
1746653042, 0, 1491, 1574, 1500, 17, 10.32%, 0, 0, 9, 17.82
1746653170, 0, 1491, 1575, 1501, 17, 10.32%, 0, 0, 9, 4.52
1746653241, 0, 1491, 1576, 1502, 17, 10.32%, 0, 0, 9, 25.22
1746653262, 0, 1491, 1577, 1503, 17, 10.32%, 0, 0, 9, 17.71
1746653679, 0, 1491, 1579, 1505, 17, 10.32%, 0, 0, 9, 4.56
1746653684, 0, 1491, 1581, 1507, 17, 10.32%, 0, 0, 9, 4.53
1746653715, 0, 1491, 1582, 1508, 17, 10.32%, 0, 0, 9, 4.43
1746653761, 0, 1491, 1583, 1509, 17, 10.32%, 0, 0, 9, 4.23
1746654023, 0, 1491, 1584, 1510, 17, 10.32%, 0, 0, 9, 4.12
1746654423, 0, 1491, 1585, 1511, 17, 10.32%, 0, 0, 9, 20.21
1746654485, 0, 1500, 1585, 1510, 17, 10.32%, 0, 0, 9, 15.36
1746654552, 0, 1500, 1586, 1511, 17, 10.32%, 0, 0, 9, 4.33
1746654619, 0, 1500, 1587, 1512, 17, 10.32%, 0, 0, 9, 24.75
1746654670, 0, 1500, 1588, 1513, 17, 10.32%, 0, 0, 9, 4.43
1746654711, 0, 1500, 1590, 1515, 17, 10.32%, 0, 0, 9, 4.08
1746654752, 0, 1500, 1591, 1516, 17, 10.32%, 0, 0, 9, 8.63
1746655075, 0, 1500, 1592, 1517, 17, 10.33%, 0, 0, 9, 4.67
