# unix_time, cycles_done, cur_path, paths_total, pending_total, pending_favs, map_size, unique_crashes, unique_hangs, max_depth, execs_per_sec
1746558786, 0, 0, 1, 1, 1, 4.97%, 0, 0, 1, 66.67
1746558792, 0, 0, 47, 47, 1, 5.11%, 0, 0, 2, 77.97
1746558797, 0, 0, 87, 87, 1, 6.35%, 0, 0, 2, 63.21
1746558802, 0, 0, 108, 108, 1, 6.75%, 0, 0, 2, 48.77
1746558807, 0, 0, 124, 124, 1, 6.78%, 0, 0, 2, 37.49
1746558812, 0, 0, 147, 147, 1, 6.80%, 0, 0, 2, 41.62
1746558817, 0, 0, 168, 168, 1, 6.80%, 0, 0, 2, 40.73
1746558822, 0, 0, 187, 187, 1, 6.80%, 0, 0, 2, 40.51
1746558828, 0, 0, 208, 208, 1, 6.80%, 0, 0, 2, 38.08
1746558833, 0, 0, 223, 223, 1, 6.80%, 0, 0, 2, 30.89
1746558838, 0, 0, 240, 240, 1, 6.80%, 0, 0, 2, 34.37
1746558843, 0, 0, 258, 258, 1, 6.80%, 0, 0, 2, 39.94
1746558848, 0, 0, 273, 273, 1, 6.80%, 0, 0, 2, 35.16
1746558853, 0, 0, 292, 292, 1, 6.80%, 0, 0, 2, 39.73
1746558858, 0, 0, 304, 304, 1, 6.81%, 0, 0, 2, 32.81
1746558863, 0, 0, 316, 316, 1, 6.81%, 0, 0, 2, 28.85
1746558868, 0, 0, 328, 328, 1, 6.81%, 0, 0, 2, 26.47
1746558874, 0, 0, 342, 342, 1, 6.81%, 0, 0, 2, 31.85
1746558879, 0, 0, 354, 354, 1, 6.81%, 0, 0, 2, 30.08
1746558884, 0, 0, 367, 367, 1, 6.81%, 0, 0, 2, 31.23
1746558889, 0, 0, 382, 382, 1, 6.81%, 0, 0, 2, 37.79
1746558894, 0, 0, 397, 397, 1, 6.81%, 0, 0, 2, 35.62
1746558899, 0, 0, 410, 410, 1, 6.81%, 0, 0, 2, 36.86
1746558904, 0, 0, 423, 423, 1, 6.81%, 0, 0, 2, 37.98
1746558909, 0, 0, 433, 433, 1, 6.81%, 0, 0, 2, 28.37
1746558914, 0, 0, 444, 444, 1, 6.81%, 0, 0, 2, 29.97
1746558919, 0, 0, 454, 454, 1, 6.81%, 0, 0, 2, 29.40
1746558925, 0, 0, 462, 462, 1, 6.81%, 0, 0, 2, 24.43
1746558930, 0, 0, 472, 472, 1, 6.81%, 0, 0, 2, 32.78
1746558935, 0, 0, 483, 483, 1, 6.81%, 0, 0, 2, 32.77
1746558940, 0, 0, 492, 492, 1, 6.81%, 0, 0, 2, 32.68
1746558945, 0, 0, 499, 499, 1, 6.81%, 0, 0, 2, 37.26
1746558950, 0, 0, 509, 509, 1, 6.81%, 0, 0, 2, 34.99
1746558955, 0, 0, 518, 518, 1, 6.81%, 0, 0, 2, 31.65
1746558961, 0, 0, 527, 527, 1, 6.81%, 0, 0, 2, 31.35
1746558966, 0, 0, 533, 533, 1, 6.81%, 0, 0, 2, 28.39
1746558971, 0, 0, 542, 542, 1, 6.81%, 0, 0, 2, 32.94
1746558976, 0, 0, 549, 549, 1, 6.81%, 0, 0, 2, 29.16
1746558981, 0, 0, 553, 553, 1, 6.81%, 0, 0, 2, 30.71
1746558986, 0, 0, 559, 559, 1, 6.81%, 0, 0, 2, 29.83
1746558991, 0, 0, 566, 566, 1, 6.81%, 0, 0, 2, 33.37
1746558996, 0, 0, 571, 571, 1, 6.81%, 0, 0, 2, 30.16
1746559001, 0, 0, 579, 579, 1, 6.81%, 0, 0, 2, 27.14
1746559006, 0, 0, 583, 583, 1, 6.81%, 0, 0, 2, 34.55
1746559012, 0, 0, 591, 591, 1, 6.81%, 0, 0, 2, 35.74
1746559017, 0, 0, 597, 597, 1, 6.81%, 0, 0, 2, 38.46
1746559022, 0, 0, 604, 604, 1, 6.81%, 0, 0, 2, 35.89
1746559027, 0, 0, 607, 607, 1, 6.81%, 0, 0, 2, 42.66
1746559032, 0, 0, 613, 613, 1, 6.81%, 0, 0, 2, 41.07
1746559037, 0, 0, 617, 617, 1, 6.81%, 0, 0, 2, 42.57
1746559042, 0, 0, 623, 623, 1, 6.81%, 0, 0, 2, 36.27
1746559047, 0, 0, 624, 624, 1, 6.81%, 0, 0, 2, 45.32
1746559053, 0, 0, 628, 628, 1, 6.81%, 0, 0, 2, 35.91
1746559058, 0, 0, 632, 632, 1, 6.81%, 0, 0, 2, 36.57
1746559063, 0, 0, 635, 635, 1, 6.81%, 0, 0, 2, 41.01
1746559068, 0, 0, 638, 638, 1, 6.81%, 0, 0, 2, 43.01
1746559073, 0, 0, 640, 640, 1, 6.81%, 0, 0, 2, 41.31
1746559078, 0, 0, 642, 642, 1, 6.81%, 0, 0, 2, 43.09
1746559083, 0, 0, 644, 644, 1, 6.81%, 0, 0, 2, 43.42
1746559088, 0, 0, 647, 647, 1, 6.81%, 0, 0, 2, 43.99
1746559093, 0, 0, 652, 652, 1, 6.81%, 0, 0, 2, 36.25
1746559098, 0, 0, 654, 654, 1, 6.81%, 0, 0, 2, 37.80
1746559104, 0, 0, 657, 657, 1, 6.81%, 0, 0, 2, 42.65
1746559109, 0, 0, 659, 659, 1, 6.81%, 0, 0, 2, 43.40
1746559114, 0, 0, 661, 661, 1, 6.81%, 0, 0, 2, 38.85
1746559119, 0, 0, 664, 664, 1, 6.81%, 0, 0, 2, 38.53
1746559124, 0, 0, 666, 666, 1, 6.81%, 0, 0, 2, 43.90
1746559134, 0, 0, 669, 669, 1, 6.81%, 0, 0, 2, 40.29
1746559140, 0, 0, 671, 671, 1, 6.81%, 0, 0, 2, 39.16
1746559145, 0, 0, 673, 673, 1, 6.81%, 0, 0, 2, 41.76
1746559150, 0, 0, 674, 674, 1, 6.81%, 0, 0, 2, 49.42
1746559155, 0, 0, 677, 677, 1, 6.81%, 0, 0, 2, 46.46
1746559160, 0, 0, 678, 678, 1, 6.81%, 0, 0, 2, 44.21
1746559170, 0, 0, 681, 681, 1, 6.81%, 0, 0, 2, 41.54
1746559175, 0, 0, 682, 682, 1, 6.81%, 0, 0, 2, 47.30
1746559181, 0, 0, 683, 683, 1, 6.81%, 0, 0, 2, 45.39
1746559186, 0, 0, 687, 687, 1, 6.81%, 0, 0, 2, 40.97
1746559191, 0, 0, 689, 689, 1, 6.81%, 0, 0, 2, 41.12
1746559196, 0, 0, 690, 690, 1, 6.81%, 0, 0, 2, 44.72
1746559201, 0, 0, 691, 691, 1, 6.81%, 0, 0, 2, 46.21
1746559206, 0, 0, 692, 692, 1, 6.81%, 0, 0, 2, 42.49
1746559216, 0, 0, 694, 694, 1, 6.81%, 0, 0, 2, 43.88
1746559221, 0, 0, 695, 695, 1, 6.81%, 0, 0, 2, 40.87
1746559226, 0, 0, 697, 697, 1, 6.81%, 0, 0, 2, 46.76
1746559242, 0, 0, 698, 698, 1, 6.81%, 0, 0, 2, 47.35
1746559247, 0, 0, 699, 699, 1, 6.81%, 0, 0, 2, 47.12
1746559252, 0, 0, 700, 700, 1, 6.81%, 0, 0, 2, 50.73
1746559257, 0, 0, 702, 702, 1, 6.81%, 0, 0, 2, 43.68
1746559267, 0, 0, 704, 704, 1, 6.81%, 0, 0, 2, 46.46
1746559272, 0, 0, 705, 705, 1, 6.81%, 0, 0, 2, 47.79
1746559277, 0, 0, 707, 707, 1, 6.81%, 0, 0, 2, 41.47
1746559287, 0, 0, 708, 708, 1, 6.81%, 0, 0, 2, 42.88
1746559292, 0, 0, 709, 709, 1, 6.81%, 0, 0, 2, 46.90
1746559303, 0, 0, 711, 711, 1, 6.81%, 0, 0, 2, 44.96
1746559308, 0, 0, 712, 712, 1, 6.81%, 0, 0, 2, 45.29
1746559313, 0, 0, 713, 713, 1, 6.81%, 0, 0, 2, 45.33
1746559338, 0, 66, 713, 712, 26, 6.81%, 0, 0, 2, 53.84
1746559349, 0, 66, 714, 713, 26, 6.81%, 0, 0, 3, 42.62
1746559374, 0, 79, 714, 712, 26, 6.81%, 0, 0, 3, 53.47
1746559405, 0, 84, 714, 711, 25, 6.81%, 0, 0, 3, 41.72
1746559410, 0, 84, 715, 712, 25, 6.81%, 0, 0, 3, 32.15
1746559415, 0, 84, 716, 713, 25, 6.81%, 0, 0, 3, 29.91
1746559421, 0, 84, 719, 716, 25, 6.81%, 0, 0, 3, 38.31
1746559436, 0, 88, 721, 717, 24, 6.81%, 0, 0, 3, 35.25
1746559441, 0, 88, 726, 722, 24, 6.81%, 0, 0, 3, 32.65
1746559446, 0, 88, 728, 724, 24, 6.81%, 0, 0, 3, 31.09
1746559451, 0, 88, 730, 726, 24, 6.81%, 0, 0, 3, 26.53
1746559456, 0, 88, 731, 727, 24, 6.81%, 0, 0, 3, 28.88
1746559461, 0, 88, 732, 728, 24, 6.81%, 0, 0, 3, 29.02
1746559466, 0, 88, 734, 730, 24, 6.82%, 0, 0, 3, 28.08
1746559472, 0, 88, 735, 731, 24, 6.82%, 0, 0, 3, 28.97
1746559508, 0, 88, 736, 732, 24, 6.82%, 0, 0, 3, 28.00
1746559513, 0, 88, 738, 734, 24, 6.82%, 0, 0, 3, 30.69
1746559533, 0, 88, 739, 735, 24, 6.82%, 0, 0, 3, 33.26
1746559538, 0, 88, 740, 736, 24, 6.82%, 0, 0, 3, 34.32
1746559543, 0, 88, 741, 737, 24, 6.82%, 0, 0, 3, 33.89
1746559548, 0, 88, 742, 738, 24, 6.82%, 0, 0, 3, 31.58
1746559559, 0, 88, 743, 739, 24, 6.82%, 0, 0, 3, 32.13
1746559574, 0, 88, 744, 740, 24, 6.82%, 0, 0, 3, 32.63
1746559579, 0, 88, 745, 741, 24, 6.82%, 0, 0, 3, 30.69
1746559584, 0, 88, 747, 743, 24, 6.82%, 0, 0, 3, 29.04
1746559589, 0, 88, 748, 744, 24, 6.82%, 0, 0, 3, 29.13
1746559595, 0, 88, 749, 745, 24, 6.82%, 0, 0, 3, 31.41
1746559600, 0, 88, 750, 746, 24, 6.82%, 0, 0, 3, 31.59
1746559605, 0, 88, 751, 747, 24, 6.82%, 0, 0, 3, 28.83
1746559660, 0, 88, 753, 749, 24, 6.82%, 0, 0, 3, 31.26
1746559681, 0, 88, 754, 750, 24, 6.82%, 0, 0, 3, 33.04
1746559701, 0, 88, 755, 751, 24, 6.82%, 0, 0, 3, 29.27
1746559758, 0, 88, 756, 752, 24, 6.82%, 0, 0, 3, 33.32
1746559793, 0, 88, 759, 755, 24, 6.82%, 0, 0, 3, 28.24
1746559799, 0, 88, 760, 756, 24, 6.82%, 0, 0, 3, 29.59
1746559804, 0, 88, 761, 757, 24, 6.82%, 0, 0, 3, 29.68
1746559870, 0, 88, 762, 758, 24, 6.82%, 0, 0, 3, 31.84
1746559921, 0, 88, 763, 759, 24, 6.82%, 0, 0, 3, 32.36
1746559937, 0, 88, 765, 761, 24, 6.82%, 0, 0, 3, 28.37
1746559947, 0, 88, 766, 762, 24, 6.82%, 0, 0, 3, 31.74
1746559962, 0, 88, 767, 763, 24, 6.82%, 0, 0, 3, 31.26
1746559988, 0, 88, 768, 764, 24, 6.82%, 0, 0, 3, 30.81
1746560013, 0, 88, 769, 765, 24, 6.82%, 0, 0, 3, 30.84
1746560028, 0, 88, 770, 766, 24, 6.82%, 0, 0, 3, 32.14
1746560049, 0, 88, 771, 767, 24, 6.82%, 0, 0, 3, 29.49
1746560059, 0, 112, 771, 766, 24, 6.82%, 0, 0, 3, 20.48
1746560249, 0, 129, 771, 765, 24, 6.82%, 0, 0, 3, 42.53
1746560275, 0, 146, 771, 764, 23, 6.82%, 0, 0, 3, 30.22
1746560321, 0, 147, 771, 763, 21, 6.82%, 0, 0, 3, 34.66
1746560346, 0, 170, 771, 762, 19, 6.82%, 0, 0, 3, 29.04
1746560418, 0, 189, 771, 761, 19, 6.82%, 0, 0, 3, 42.07
1746560423, 0, 189, 772, 762, 19, 6.82%, 0, 0, 3, 47.08
1746560484, 0, 211, 772, 761, 20, 6.82%, 0, 0, 3, 29.68
1746560525, 0, 235, 772, 760, 19, 6.82%, 0, 0, 3, 35.15
1746560581, 0, 235, 773, 761, 19, 6.82%, 0, 0, 3, 33.30
1746560586, 0, 235, 774, 762, 19, 6.82%, 0, 0, 3, 34.36
1746560606, 0, 235, 775, 763, 19, 6.82%, 0, 0, 3, 32.79
1746560693, 0, 327, 775, 762, 18, 6.82%, 0, 0, 3, 26.26
1746560785, 0, 386, 775, 761, 18, 6.82%, 0, 0, 3, 36.00
1746560795, 0, 386, 776, 762, 18, 7.26%, 0, 0, 3, 37.61
1746560816, 0, 455, 776, 761, 14, 7.26%, 0, 0, 3, 33.02
1746560897, 0, 455, 777, 762, 14, 7.26%, 0, 0, 3, 28.63
1746560918, 0, 455, 778, 763, 14, 7.26%, 0, 0, 3, 30.13
1746560923, 0, 455, 779, 764, 14, 7.26%, 0, 0, 3, 27.21
1746561020, 0, 563, 779, 763, 13, 7.26%, 0, 0, 3, 23.24
1746561092, 0, 591, 779, 762, 13, 7.26%, 0, 0, 3, 39.79
1746561117, 0, 591, 780, 763, 13, 7.26%, 0, 0, 3, 39.88
1746561153, 0, 610, 780, 762, 11, 7.26%, 0, 0, 3, 35.92
1746561178, 0, 631, 780, 761, 10, 7.26%, 0, 0, 3, 29.35
1746561204, 0, 646, 780, 760, 9, 7.26%, 0, 0, 3, 33.49
1746561296, 0, 649, 780, 759, 9, 7.26%, 0, 0, 3, 27.70
1746561357, 0, 651, 780, 758, 8, 7.26%, 0, 0, 3, 31.94
1746561403, 0, 726, 780, 757, 7, 7.26%, 0, 0, 3, 34.24
1746561413, 0, 726, 781, 758, 7, 7.26%, 0, 0, 4, 30.47
1746561418, 0, 726, 782, 759, 7, 7.26%, 0, 0, 4, 30.08
1746561515, 0, 734, 782, 758, 6, 7.26%, 0, 0, 4, 33.26
1746561623, 0, 737, 782, 757, 5, 7.26%, 0, 0, 4, 34.43
1746561628, 0, 737, 783, 758, 5, 7.26%, 0, 0, 4, 33.96
1746561659, 0, 737, 784, 759, 5, 7.26%, 0, 0, 4, 32.28
1746561725, 0, 753, 784, 758, 5, 7.26%, 0, 0, 4, 29.70
1746561970, 0, 765, 784, 757, 4, 7.26%, 0, 0, 4, 26.58
1746562093, 0, 775, 785, 757, 4, 7.28%, 0, 0, 4, 23.70
1746562098, 0, 775, 789, 761, 4, 7.28%, 0, 0, 4, 16.54
1746562103, 0, 775, 794, 766, 4, 7.47%, 0, 0, 4, 15.60
1746562113, 0, 775, 796, 768, 4, 7.47%, 0, 0, 4, 15.37
1746562123, 0, 775, 797, 769, 4, 7.47%, 0, 0, 4, 15.97
1746562128, 0, 775, 799, 771, 4, 7.47%, 0, 0, 4, 15.24
1746562149, 0, 775, 801, 773, 4, 7.47%, 0, 0, 4, 15.83
1746562185, 0, 775, 803, 775, 4, 7.47%, 0, 0, 4, 17.40
1746562210, 0, 775, 805, 777, 4, 7.47%, 0, 0, 4, 16.65
1746562277, 0, 775, 806, 778, 4, 7.47%, 0, 0, 4, 14.14
1746562297, 0, 775, 807, 779, 4, 7.47%, 0, 0, 4, 13.21
1746562323, 0, 775, 808, 780, 4, 7.47%, 0, 0, 4, 15.86
1746562389, 0, 775, 810, 782, 4, 7.47%, 0, 0, 4, 17.94
1746562440, 0, 775, 811, 783, 4, 7.47%, 0, 0, 4, 13.09
1746562455, 0, 775, 812, 784, 4, 7.47%, 0, 0, 4, 15.17
1746562460, 0, 775, 813, 785, 4, 7.47%, 0, 0, 4, 15.86
1746562542, 0, 775, 814, 786, 4, 7.47%, 0, 0, 4, 13.11
1746562547, 0, 775, 815, 787, 4, 7.47%, 0, 0, 4, 15.35
1746562557, 0, 775, 816, 788, 4, 7.47%, 0, 0, 4, 22.26
1746562567, 0, 775, 817, 789, 4, 7.47%, 0, 0, 4, 22.92
1746562578, 0, 775, 818, 790, 4, 7.47%, 0, 0, 4, 25.28
1746562613, 0, 775, 819, 791, 4, 7.47%, 0, 0, 4, 22.34
1746562619, 0, 775, 820, 792, 4, 7.47%, 0, 0, 4, 22.76
1746562634, 0, 775, 821, 793, 4, 7.47%, 0, 0, 4, 22.58
1746562675, 0, 775, 822, 794, 4, 7.47%, 0, 0, 4, 21.89
1746562680, 0, 775, 823, 795, 4, 7.47%, 0, 0, 4, 20.87
1746562757, 0, 775, 824, 796, 4, 7.47%, 0, 0, 4, 23.32
1746562783, 0, 775, 825, 797, 4, 7.47%, 0, 0, 4, 22.49
1746562788, 0, 775, 826, 798, 4, 7.47%, 0, 0, 4, 21.80
1746562808, 0, 775, 827, 799, 4, 7.54%, 0, 0, 4, 21.02
1746562875, 0, 775, 828, 800, 4, 7.56%, 0, 0, 4, 20.87
1746562906, 0, 775, 829, 801, 4, 7.56%, 0, 0, 4, 21.39
1746562941, 0, 775, 830, 802, 4, 7.56%, 0, 0, 4, 20.89
1746562977, 0, 775, 832, 804, 4, 7.56%, 0, 0, 4, 22.42
1746563024, 0, 775, 833, 805, 4, 7.56%, 0, 0, 4, 22.23
1746563055, 0, 775, 834, 806, 4, 7.56%, 0, 0, 4, 23.27
1746563090, 0, 775, 835, 807, 4, 7.56%, 0, 0, 4, 23.04
1746563182, 0, 775, 836, 808, 4, 7.56%, 0, 0, 4, 20.38
1746563274, 0, 778, 837, 808, 6, 7.56%, 0, 0, 4, 14.86
1746563290, 0, 778, 838, 809, 6, 7.56%, 0, 0, 4, 12.66
1746563382, 0, 778, 839, 810, 6, 7.56%, 0, 0, 4, 14.73
1746563397, 0, 789, 839, 809, 6, 7.56%, 0, 0, 4, 20.96
1746563418, 0, 789, 840, 810, 6, 7.56%, 0, 0, 5, 16.30
1746563443, 0, 789, 841, 811, 6, 7.56%, 0, 0, 5, 17.48
1746563474, 0, 789, 842, 812, 6, 7.56%, 0, 0, 5, 15.73
1746563484, 0, 789, 844, 814, 6, 7.56%, 0, 0, 5, 19.30
1746563627, 0, 789, 845, 815, 6, 7.56%, 0, 0, 5, 15.78
1746563648, 0, 789, 846, 816, 6, 7.56%, 0, 0, 5, 17.98
1746563694, 0, 789, 847, 817, 6, 7.56%, 0, 0, 5, 15.50
1746563806, 0, 790, 847, 816, 5, 7.56%, 0, 0, 5, 21.97
1746563826, 0, 790, 848, 817, 5, 7.56%, 0, 0, 5, 12.99
1746563831, 0, 790, 849, 818, 5, 7.56%, 0, 0, 5, 16.41
1746563852, 0, 790, 850, 819, 5, 7.56%, 0, 0, 5, 15.30
1746563882, 0, 790, 851, 820, 5, 7.56%, 0, 0, 5, 17.11
1746563903, 0, 790, 852, 821, 5, 7.56%, 0, 0, 5, 20.23
1746563985, 0, 790, 854, 823, 5, 7.56%, 0, 0, 5, 12.69
1746564138, 0, 790, 855, 824, 5, 7.56%, 0, 0, 5, 14.99
1746564174, 0, 790, 856, 825, 5, 7.56%, 0, 0, 5, 21.60
1746564230, 0, 790, 857, 826, 5, 7.56%, 0, 0, 5, 14.87
1746564251, 0, 790, 858, 827, 5, 7.56%, 0, 0, 5, 22.37
1746564271, 0, 790, 859, 828, 5, 7.56%, 0, 0, 5, 23.25
1746564307, 0, 790, 860, 829, 5, 7.56%, 0, 0, 5, 24.11
1746564328, 0, 790, 861, 830, 5, 7.56%, 0, 0, 5, 22.89
1746564446, 0, 790, 862, 831, 5, 7.56%, 0, 0, 5, 21.59
1746564568, 0, 790, 863, 832, 5, 7.56%, 0, 0, 5, 25.46
1746564782, 0, 790, 864, 833, 5, 7.56%, 0, 0, 5, 23.57
1746564849, 0, 790, 865, 834, 5, 7.56%, 0, 0, 5, 22.19
1746564911, 0, 790, 866, 835, 5, 7.56%, 0, 0, 5, 22.79
1746564926, 0, 790, 867, 836, 5, 7.56%, 0, 0, 5, 22.13
1746564931, 0, 804, 867, 835, 6, 7.56%, 0, 0, 5, 17.83
1746564947, 0, 804, 869, 837, 6, 7.56%, 0, 0, 5, 13.56
1746564952, 0, 804, 870, 838, 6, 7.56%, 0, 0, 5, 15.69
1746564993, 0, 804, 871, 839, 6, 7.56%, 0, 0, 5, 14.01
1746565125, 0, 804, 872, 840, 6, 7.56%, 0, 0, 5, 12.44
1746565365, 0, 804, 873, 841, 6, 7.56%, 0, 0, 5, 13.12
1746565407, 0, 818, 873, 840, 7, 7.56%, 0, 0, 5, 19.16
1746565422, 0, 818, 874, 841, 7, 7.56%, 0, 0, 5, 16.25
1746565468, 0, 818, 875, 842, 7, 7.56%, 0, 0, 5, 16.46
1746565606, 0, 818, 877, 844, 7, 7.56%, 0, 0, 5, 15.31
1746565617, 0, 818, 878, 845, 7, 7.56%, 0, 0, 5, 17.22
1746565693, 0, 826, 880, 846, 7, 7.56%, 0, 0, 5, 21.04
1746565698, 0, 826, 884, 850, 7, 7.56%, 0, 0, 5, 14.31
1746565714, 0, 826, 885, 851, 7, 7.56%, 0, 0, 5, 12.38
1746565719, 0, 826, 888, 854, 7, 7.56%, 0, 0, 5, 11.04
1746565724, 0, 826, 889, 855, 7, 7.56%, 0, 0, 5, 10.64
1746565729, 0, 826, 890, 856, 7, 7.56%, 0, 0, 5, 15.46
1746565750, 0, 826, 891, 857, 7, 7.56%, 0, 0, 5, 11.97
1746565755, 0, 826, 894, 860, 7, 7.56%, 0, 0, 5, 13.58
1746565780, 0, 826, 895, 861, 7, 7.56%, 0, 0, 5, 13.45
1746565791, 0, 826, 896, 862, 7, 7.56%, 0, 0, 5, 16.87
1746565801, 0, 826, 898, 864, 7, 7.56%, 0, 0, 5, 14.13
1746565806, 0, 826, 899, 865, 7, 7.57%, 0, 0, 5, 13.49
1746565811, 0, 826, 900, 866, 7, 7.57%, 0, 0, 5, 18.84
1746565878, 0, 826, 901, 867, 7, 7.57%, 0, 0, 5, 13.79
1746565919, 0, 826, 902, 868, 7, 7.57%, 0, 0, 5, 10.44
1746566031, 0, 826, 903, 869, 7, 7.57%, 0, 0, 5, 15.46
1746566036, 0, 826, 904, 870, 7, 7.57%, 0, 0, 5, 15.73
1746566041, 0, 826, 905, 871, 7, 7.57%, 0, 0, 5, 12.06
1746566051, 0, 826, 906, 872, 7, 7.57%, 0, 0, 5, 16.34
1746566103, 0, 826, 908, 874, 7, 7.57%, 0, 0, 5, 10.77
1746566108, 0, 826, 910, 876, 7, 7.57%, 0, 0, 5, 10.51
1746566113, 0, 826, 911, 877, 7, 7.57%, 0, 0, 5, 10.33
1746566128, 0, 826, 912, 878, 7, 7.57%, 0, 0, 5, 15.46
1746566210, 0, 826, 915, 881, 7, 7.57%, 0, 0, 5, 11.15
1746566215, 0, 826, 916, 882, 7, 7.57%, 0, 0, 5, 10.81
1746566220, 0, 826, 917, 883, 7, 7.57%, 0, 0, 5, 10.65
1746566251, 0, 827, 918, 883, 11, 7.57%, 0, 0, 5, 18.95
1746566313, 0, 827, 919, 884, 11, 7.57%, 0, 0, 5, 13.93
1746566318, 0, 827, 920, 885, 11, 7.57%, 0, 0, 5, 14.78
1746566348, 0, 827, 921, 886, 11, 7.57%, 0, 0, 5, 17.98
1746566613, 0, 827, 922, 887, 11, 7.57%, 0, 0, 5, 16.11
1746566735, 0, 827, 923, 888, 11, 7.57%, 0, 0, 5, 23.14
1746566776, 0, 857, 923, 887, 11, 7.57%, 0, 0, 5, 20.15
1746567032, 0, 872, 923, 886, 10, 7.57%, 0, 0, 5, 18.88
1746567047, 0, 872, 924, 887, 10, 7.57%, 0, 0, 6, 13.85
1746567073, 0, 872, 925, 888, 10, 7.57%, 0, 0, 6, 15.06
1746567216, 0, 872, 927, 890, 10, 7.57%, 0, 0, 6, 13.46
1746567221, 0, 872, 928, 891, 10, 7.57%, 0, 0, 6, 13.26
1746567227, 0, 872, 934, 897, 10, 7.57%, 0, 0, 6, 13.40
1746567523, 0, 874, 934, 896, 9, 7.57%, 0, 0, 6, 21.67
1746567554, 0, 874, 935, 897, 9, 7.57%, 0, 0, 6, 16.52
1746567799, 0, 875, 935, 896, 8, 7.57%, 0, 0, 6, 19.45
1746567820, 0, 875, 936, 897, 8, 7.57%, 0, 0, 6, 15.58
1746567830, 0, 875, 937, 898, 8, 7.57%, 0, 0, 6, 15.26
1746567912, 0, 875, 943, 904, 8, 7.57%, 0, 0, 6, 14.30
1746567963, 0, 875, 944, 905, 8, 7.57%, 0, 0, 6, 17.12
1746567968, 0, 875, 945, 906, 8, 7.57%, 0, 0, 6, 19.96
1746568004, 0, 875, 946, 907, 8, 7.57%, 0, 0, 6, 16.12
1746568085, 0, 882, 947, 907, 8, 7.57%, 0, 0, 6, 20.72
1746568090, 0, 882, 949, 909, 8, 7.57%, 0, 0, 6, 17.07
1746568121, 0, 882, 951, 911, 8, 7.57%, 0, 0, 6, 13.43
1746568126, 0, 882, 952, 912, 8, 7.57%, 0, 0, 6, 12.05
1746568131, 0, 882, 953, 913, 8, 7.57%, 0, 0, 6, 13.76
1746568151, 0, 882, 954, 914, 8, 7.57%, 0, 0, 6, 13.63
1746568182, 0, 882, 955, 915, 8, 7.57%, 0, 0, 6, 15.57
1746568263, 0, 882, 956, 916, 8, 7.57%, 0, 0, 6, 11.99
1746568289, 0, 882, 959, 919, 8, 7.57%, 0, 0, 6, 11.63
1746568304, 0, 882, 960, 920, 8, 7.57%, 0, 0, 6, 13.51
1746568381, 0, 882, 961, 921, 8, 7.57%, 0, 0, 6, 14.42
1746568469, 0, 882, 962, 922, 8, 7.57%, 0, 0, 6, 18.57
1746568566, 0, 898, 962, 921, 9, 7.57%, 0, 0, 6, 24.20
1746568648, 0, 898, 963, 922, 9, 7.57%, 0, 0, 6, 14.09
1746568960, 0, 898, 964, 923, 9, 7.57%, 0, 0, 6, 10.27
1746568966, 0, 898, 965, 924, 9, 7.57%, 0, 0, 6, 10.04
1746569084, 0, 898, 966, 925, 9, 7.57%, 0, 0, 6, 17.90
1746569105, 0, 904, 966, 924, 8, 7.57%, 0, 0, 6, 22.07
1746569125, 0, 904, 967, 925, 8, 7.57%, 0, 0, 6, 11.31
1746569212, 0, 904, 968, 926, 8, 7.57%, 0, 0, 6, 16.75
1746569325, 0, 904, 970, 928, 8, 7.57%, 0, 0, 6, 10.41
1746569341, 0, 904, 971, 929, 8, 7.57%, 0, 0, 6, 10.28
1746569637, 0, 909, 971, 928, 7, 7.57%, 0, 0, 6, 23.05
1746569657, 0, 909, 972, 929, 7, 7.57%, 0, 0, 6, 11.94
1746569703, 0, 909, 973, 930, 7, 7.57%, 0, 0, 6, 12.84
1746570183, 0, 920, 973, 929, 6, 7.57%, 0, 0, 6, 21.24
1746570199, 0, 920, 974, 930, 6, 7.57%, 0, 0, 6, 13.77
1746570654, 0, 935, 974, 929, 5, 7.57%, 0, 0, 6, 23.91
1746570935, 0, 936, 974, 928, 4, 7.57%, 0, 0, 6, 28.37
1746571217, 0, 944, 974, 927, 4, 7.57%, 0, 0, 6, 23.63
1746571494, 0, 954, 974, 926, 4, 7.57%, 0, 0, 6, 18.13
1746571515, 0, 954, 975, 927, 4, 7.57%, 0, 0, 7, 9.93
1746571535, 0, 954, 976, 928, 4, 7.57%, 0, 0, 7, 10.56
1746571561, 0, 954, 977, 929, 4, 7.57%, 0, 0, 7, 10.25
1746571566, 0, 954, 978, 930, 4, 7.57%, 0, 0, 7, 11.40
1746571741, 0, 954, 979, 931, 4, 7.57%, 0, 0, 7, 15.51
1746572042, 0, 957, 979, 930, 4, 7.57%, 0, 0, 7, 19.11
1746572242, 0, 957, 980, 931, 4, 7.57%, 0, 0, 7, 14.92
1746572514, 0, 960, 980, 930, 3, 7.57%, 0, 0, 7, 18.08
1746572719, 0, 960, 981, 931, 3, 7.57%, 0, 0, 7, 13.91
1746572989, 1, 2, 981, 930, 2, 7.57%, 0, 0, 7, 30.61
1746573015, 1, 2, 982, 931, 2, 7.57%, 0, 0, 7, 41.19
1746573045, 1, 2, 983, 932, 2, 7.57%, 0, 0, 7, 45.19
1746573060, 1, 2, 984, 933, 2, 7.57%, 0, 0, 7, 43.55
1746573132, 1, 2, 985, 934, 2, 7.57%, 0, 0, 7, 40.93
1746573183, 1, 2, 986, 935, 2, 7.57%, 0, 0, 7, 37.14
1746573219, 1, 2, 987, 936, 2, 7.57%, 0, 0, 7, 45.52
1746573286, 1, 110, 987, 935, 2, 7.57%, 0, 0, 7, 35.61
1746573331, 1, 275, 987, 934, 2, 7.57%, 0, 0, 7, 27.59
1746573373, 1, 344, 987, 933, 2, 7.57%, 0, 0, 7, 28.18
1746573403, 1, 363, 987, 932, 1, 7.57%, 0, 0, 7, 21.10
1746573485, 1, 363, 988, 933, 1, 7.57%, 0, 0, 7, 27.50
1746573500, 1, 391, 988, 932, 1, 7.57%, 0, 0, 7, 39.54
1746573516, 1, 496, 988, 931, 1, 7.57%, 0, 0, 7, 35.28
1746573750, 1, 664, 988, 930, 1, 7.57%, 0, 0, 7, 24.32
1746573832, 1, 779, 988, 929, 1, 7.57%, 0, 0, 7, 23.93
1746573893, 1, 780, 988, 928, 0, 7.57%, 0, 0, 7, 31.71
1746574021, 1, 781, 988, 927, 0, 7.57%, 0, 0, 7, 25.29
1746574067, 1, 781, 989, 928, 0, 7.57%, 0, 0, 7, 26.29
1746574174, 1, 781, 990, 929, 0, 7.57%, 0, 0, 7, 24.37
1746574215, 1, 783, 990, 928, 0, 7.57%, 0, 0, 7, 30.73
1746574338, 1, 784, 990, 927, 0, 7.57%, 0, 0, 7, 30.43
1746574414, 1, 784, 991, 928, 0, 7.57%, 0, 0, 7, 18.76
1746574813, 1, 785, 991, 927, 0, 7.57%, 0, 0, 7, 21.32
1746575279, 1, 787, 992, 927, 0, 7.57%, 0, 0, 7, 19.22
1746575284, 1, 787, 993, 928, 0, 7.57%, 0, 0, 7, 15.81
1746575330, 1, 787, 995, 930, 0, 7.57%, 0, 0, 7, 13.97
1746575376, 1, 787, 996, 931, 0, 7.57%, 0, 0, 7, 15.14
1746575381, 1, 787, 997, 932, 0, 7.57%, 0, 0, 7, 16.80
1746575800, 1, 789, 997, 931, 0, 7.57%, 0, 0, 7, 27.38
1746575805, 1, 791, 997, 931, 0, 7.57%, 0, 0, 7, 21.89
1746576010, 1, 791, 998, 932, 0, 7.57%, 0, 0, 7, 13.44
1746576275, 1, 797, 998, 931, 0, 7.57%, 0, 0, 7, 18.65
1746576301, 1, 797, 999, 932, 0, 7.57%, 0, 0, 7, 15.78
1746576724, 1, 797, 1000, 933, 0, 7.57%, 0, 0, 7, 24.12
1746576750, 1, 797, 1001, 934, 0, 7.57%, 0, 0, 7, 23.16
1746576806, 1, 797, 1002, 935, 0, 7.57%, 0, 0, 7, 24.18
1746576960, 1, 798, 1002, 934, 0, 7.57%, 0, 0, 7, 21.81
1746577174, 1, 798, 1003, 935, 0, 7.57%, 0, 0, 7, 14.68
1746577441, 1, 816, 1003, 934, 0, 7.57%, 0, 0, 7, 27.10
1746577850, 1, 816, 1004, 935, 0, 7.57%, 0, 0, 7, 14.98
1746578105, 1, 818, 1004, 934, 0, 7.57%, 0, 0, 7, 25.80
1746578110, 1, 819, 1004, 934, 0, 7.57%, 0, 0, 7, 24.74
1746578514, 1, 822, 1004, 933, 0, 7.57%, 0, 0, 7, 18.62
1746579354, 1, 822, 1005, 934, 0, 7.57%, 0, 0, 7, 23.37
1746579395, 1, 822, 1006, 935, 0, 7.57%, 0, 0, 7, 21.19
1746579462, 1, 823, 1006, 934, 0, 7.57%, 0, 0, 7, 21.43
1746579866, 1, 823, 1007, 935, 0, 7.57%, 0, 0, 7, 11.36
1746580030, 1, 827, 1007, 934, 0, 7.57%, 0, 0, 7, 24.79
1746580035, 1, 829, 1007, 934, 0, 7.57%, 0, 0, 7, 23.88
1746580295, 1, 829, 1008, 935, 0, 7.57%, 0, 0, 7, 19.83
1746580372, 1, 835, 1008, 934, 0, 7.57%, 0, 0, 7, 22.07
1746580423, 1, 835, 1009, 935, 0, 7.57%, 0, 0, 7, 16.82
1746580510, 1, 835, 1010, 936, 0, 7.57%, 0, 0, 7, 12.99
1746580531, 1, 835, 1011, 937, 0, 7.57%, 0, 0, 7, 13.48
1746580582, 1, 835, 1012, 938, 0, 7.57%, 0, 0, 7, 16.03
1746580623, 1, 835, 1013, 939, 0, 7.57%, 0, 0, 7, 15.29
1746580730, 1, 1012, 1013, 938, 1, 7.57%, 0, 0, 7, 19.03
1746581048, 1, 1012, 1015, 940, 1, 7.57%, 0, 0, 7, 21.61
1746581272, 1, 1012, 1016, 941, 1, 7.57%, 0, 0, 7, 25.69
1746581519, 1, 1015, 1016, 940, 0, 7.57%, 0, 0, 7, 25.61
1746581734, 2, 8, 1016, 939, 0, 7.57%, 0, 0, 7, 42.53
1746581739, 2, 8, 1017, 940, 0, 7.57%, 0, 0, 7, 37.61
1746581749, 2, 8, 1018, 941, 0, 7.57%, 0, 0, 7, 37.48
1746581770, 2, 8, 1019, 942, 0, 7.57%, 0, 0, 7, 34.29
1746581775, 2, 8, 1020, 943, 0, 7.57%, 0, 0, 7, 33.98
1746581780, 2, 8, 1021, 944, 0, 7.57%, 0, 0, 7, 6.69
1746581785, 2, 8, 1022, 945, 0, 7.57%, 0, 0, 7, 31.07
1746581800, 2, 8, 1024, 947, 0, 7.57%, 0, 0, 7, 38.62
1746581826, 2, 8, 1025, 948, 0, 7.57%, 0, 0, 7, 37.81
1746581867, 2, 8, 1026, 949, 0, 7.57%, 0, 0, 7, 36.94
1746581882, 2, 8, 1027, 950, 0, 7.57%, 0, 0, 7, 33.92
1746581923, 2, 8, 1028, 951, 0, 7.64%, 0, 0, 7, 3.57
1746581949, 2, 8, 1029, 952, 0, 7.64%, 0, 0, 7, 36.66
1746581959, 2, 8, 1030, 953, 0, 7.64%, 0, 0, 7, 34.22
1746581984, 2, 8, 1031, 954, 0, 7.64%, 0, 0, 7, 35.88
1746582000, 2, 8, 1032, 955, 0, 7.65%, 0, 0, 7, 6.70
1746582036, 2, 8, 1034, 957, 0, 7.65%, 0, 0, 7, 32.29
1746582071, 2, 18, 1034, 956, 3, 7.65%, 0, 0, 7, 40.47
1746582102, 2, 28, 1034, 955, 3, 7.65%, 0, 0, 7, 42.12
1746582107, 2, 28, 1035, 956, 3, 7.65%, 0, 0, 7, 31.90
1746582117, 2, 28, 1036, 957, 3, 7.65%, 0, 0, 7, 35.38
1746582153, 2, 28, 1037, 958, 3, 7.65%, 0, 0, 7, 6.31
1746582178, 2, 28, 1038, 959, 3, 7.65%, 0, 0, 7, 36.00
1746582291, 2, 28, 1039, 960, 3, 7.65%, 0, 0, 7, 33.24
1746582352, 2, 28, 1040, 961, 3, 7.65%, 0, 0, 7, 36.51
1746582362, 2, 28, 1041, 962, 3, 7.65%, 0, 0, 7, 28.68
1746582408, 2, 28, 1042, 963, 3, 7.65%, 0, 0, 7, 9.17
1746582490, 2, 28, 1043, 964, 3, 7.65%, 0, 0, 7, 43.59
1746582536, 2, 57, 1043, 963, 3, 7.65%, 0, 0, 7, 51.71
1746582577, 2, 122, 1043, 962, 3, 7.65%, 0, 0, 7, 50.58
1746582582, 2, 122, 1044, 963, 3, 7.65%, 0, 0, 7, 40.45
1746582587, 2, 122, 1045, 964, 3, 7.65%, 0, 0, 7, 33.20
1746582607, 2, 122, 1046, 965, 3, 7.65%, 0, 0, 7, 42.50
1746582628, 2, 122, 1047, 966, 3, 7.65%, 0, 0, 7, 31.72
1746582658, 2, 122, 1048, 967, 3, 7.65%, 0, 0, 7, 37.44
1746582668, 2, 122, 1049, 968, 3, 7.65%, 0, 0, 7, 2.56
1746582679, 2, 122, 1050, 969, 3, 7.65%, 0, 0, 7, 34.87
1746582709, 2, 122, 1051, 970, 3, 7.65%, 0, 0, 7, 3.69
1746582811, 2, 122, 1052, 971, 3, 7.65%, 0, 0, 7, 35.31
1746582837, 2, 122, 1053, 972, 3, 7.65%, 0, 0, 7, 32.62
1746582868, 2, 122, 1054, 973, 3, 7.65%, 0, 0, 7, 38.11
1746582990, 2, 122, 1055, 974, 3, 7.65%, 0, 0, 7, 3.62
1746583041, 2, 156, 1055, 973, 3, 7.65%, 0, 0, 7, 44.69
1746583067, 2, 164, 1055, 972, 3, 7.65%, 0, 0, 7, 34.36
1746583087, 2, 189, 1055, 971, 3, 7.65%, 0, 0, 7, 38.07
1746583097, 2, 284, 1055, 971, 3, 7.65%, 0, 0, 7, 40.99
1746583118, 2, 354, 1055, 970, 3, 7.65%, 0, 0, 7, 48.02
1746583163, 2, 439, 1055, 969, 3, 7.65%, 0, 0, 7, 29.49
1746583306, 2, 439, 1056, 970, 3, 7.65%, 0, 0, 7, 20.14
1746583357, 2, 439, 1057, 971, 3, 7.65%, 0, 0, 7, 22.99
1746583373, 2, 439, 1058, 972, 3, 7.65%, 0, 0, 7, 25.94
1746583434, 2, 499, 1058, 971, 3, 7.65%, 0, 0, 7, 24.91
1746583552, 2, 539, 1058, 970, 3, 7.65%, 0, 0, 7, 25.58
1746583623, 2, 597, 1058, 969, 3, 7.65%, 0, 0, 7, 27.82
1746583808, 2, 766, 1058, 968, 3, 7.65%, 0, 0, 7, 25.43
1746584068, 2, 867, 1058, 967, 3, 7.65%, 0, 0, 7, 25.85
1746584554, 2, 872, 1058, 966, 3, 7.65%, 0, 0, 7, 25.43
1746584564, 2, 989, 1058, 966, 3, 7.65%, 0, 0, 7, 20.52
1746585514, 2, 989, 1059, 967, 3, 7.65%, 0, 0, 7, 21.61
1746585638, 2, 1000, 1059, 966, 3, 7.65%, 0, 0, 7, 21.83
1746585683, 2, 1000, 1060, 967, 3, 7.65%, 0, 0, 7, 12.58
1746585704, 2, 1000, 1061, 968, 3, 7.65%, 0, 0, 7, 12.86
1746586211, 2, 1031, 1061, 967, 3, 7.65%, 0, 0, 7, 2.52
1746586976, 2, 1031, 1062, 968, 3, 7.65%, 0, 0, 7, 4.38
1746587077, 2, 1031, 1063, 969, 3, 7.65%, 0, 0, 7, 3.00
1746587087, 2, 1031, 1064, 970, 3, 7.65%, 0, 0, 7, 2.78
1746587103, 2, 1031, 1065, 971, 3, 7.65%, 0, 0, 7, 2.92
1746587257, 2, 1031, 1066, 972, 3, 7.65%, 0, 0, 7, 2.86
1746587262, 2, 1031, 1067, 973, 3, 7.65%, 0, 0, 7, 2.96
1746587268, 2, 1031, 1068, 974, 3, 7.65%, 0, 0, 7, 2.88
1746587278, 2, 1031, 1069, 975, 3, 7.65%, 0, 0, 7, 2.93
1746587288, 2, 1031, 1070, 976, 3, 7.65%, 0, 0, 7, 2.89
1746587294, 2, 1031, 1071, 977, 3, 7.65%, 0, 0, 7, 2.84
1746587299, 2, 1031, 1073, 979, 3, 7.65%, 0, 0, 7, 3.75
1746587304, 2, 1031, 1074, 980, 3, 7.65%, 0, 0, 7, 3.22
1746587325, 2, 1031, 1075, 981, 3, 7.65%, 0, 0, 7, 3.65
1746587363, 2, 1031, 1076, 982, 3, 7.65%, 0, 0, 7, 2.99
1746587373, 2, 1031, 1077, 983, 3, 7.65%, 0, 0, 7, 2.99
1746587399, 2, 1031, 1078, 984, 3, 7.65%, 0, 0, 7, 2.56
1746587452, 2, 1031, 1079, 985, 3, 7.65%, 0, 0, 7, 3.91
1746587462, 2, 1031, 1080, 986, 3, 7.65%, 0, 0, 7, 3.20
1746587467, 2, 1031, 1081, 987, 3, 7.65%, 0, 0, 7, 3.00
1746587478, 2, 1031, 1082, 988, 3, 7.65%, 0, 0, 7, 2.94
1746587483, 2, 1031, 1083, 989, 3, 7.65%, 0, 0, 7, 2.92
1746587547, 2, 1031, 1084, 990, 3, 7.65%, 0, 0, 7, 3.37
1746587727, 2, 1031, 1085, 991, 3, 7.65%, 0, 0, 7, 4.53
1746587841, 2, 1031, 1086, 992, 3, 7.65%, 0, 0, 7, 3.51
1746588148, 2, 1031, 1087, 993, 3, 7.65%, 0, 0, 7, 4.34
1746588272, 2, 1031, 1088, 994, 3, 7.65%, 0, 0, 7, 2.96
1746588727, 2, 1031, 1089, 995, 3, 7.65%, 0, 0, 7, 3.77
1746588774, 2, 1031, 1090, 996, 3, 7.65%, 0, 0, 7, 3.44
1746588794, 2, 1031, 1091, 997, 3, 7.65%, 0, 0, 7, 2.94
1746588993, 2, 1031, 1092, 998, 3, 7.65%, 0, 0, 7, 3.54
1746589039, 2, 1031, 1093, 999, 3, 7.65%, 0, 0, 7, 3.72
1746589183, 2, 1031, 1094, 1000, 3, 7.65%, 0, 0, 7, 3.20
1746589683, 2, 1031, 1095, 1001, 3, 7.65%, 0, 0, 7, 3.29
1746589694, 2, 1031, 1096, 1002, 3, 7.65%, 0, 0, 7, 2.94
1746589756, 2, 1031, 1097, 1003, 3, 7.65%, 0, 0, 7, 2.93
1746589793, 2, 1031, 1098, 1004, 3, 7.65%, 0, 0, 7, 3.44
1746589860, 2, 1031, 1099, 1005, 3, 7.65%, 0, 0, 7, 3.81
1746589943, 2, 1031, 1100, 1006, 3, 7.65%, 0, 0, 7, 3.52
1746590005, 2, 1031, 1101, 1007, 3, 7.65%, 0, 0, 7, 3.44
1746590078, 2, 1031, 1102, 1008, 3, 7.65%, 0, 0, 7, 3.68
1746590160, 2, 1031, 1103, 1009, 3, 7.65%, 0, 0, 7, 4.03
1746590181, 2, 1031, 1104, 1010, 3, 7.65%, 0, 0, 7, 3.27
1746590264, 2, 1031, 1105, 1011, 3, 7.65%, 0, 0, 7, 3.30
1746590301, 2, 1031, 1106, 1012, 3, 7.65%, 0, 0, 7, 3.68
1746590536, 2, 1031, 1107, 1013, 3, 7.65%, 0, 0, 7, 3.91
1746590615, 2, 1031, 1108, 1014, 3, 7.65%, 0, 0, 7, 3.48
1746590762, 2, 1031, 1109, 1015, 3, 7.65%, 0, 0, 7, 3.45
1746590773, 2, 1031, 1110, 1016, 3, 7.65%, 0, 0, 7, 3.72
1746590851, 2, 1031, 1111, 1017, 3, 7.65%, 0, 0, 7, 3.73
1746590929, 2, 1031, 1112, 1018, 3, 7.65%, 0, 0, 7, 3.36
1746591487, 2, 1031, 1113, 1019, 3, 7.65%, 0, 0, 7, 2.91
1746592645, 2, 1031, 1114, 1020, 3, 7.65%, 0, 0, 7, 2.96
1746592777, 2, 1031, 1115, 1021, 3, 7.65%, 0, 0, 7, 3.04
1746593509, 2, 1031, 1116, 1022, 3, 7.65%, 0, 0, 7, 2.91
1746593571, 2, 1031, 1117, 1023, 3, 7.65%, 0, 0, 7, 3.36
1746595591, 2, 1031, 1118, 1024, 3, 7.65%, 0, 0, 7, 2.98
1746595843, 2, 1031, 1119, 1025, 3, 7.65%, 0, 0, 7, 3.16
1746596157, 2, 1031, 1120, 1026, 3, 7.65%, 0, 0, 7, 2.88
1746596231, 2, 1031, 1121, 1027, 3, 7.65%, 0, 0, 7, 3.01
1746596838, 2, 1031, 1122, 1028, 3, 7.65%, 0, 0, 7, 2.80
1746596859, 2, 1031, 1123, 1029, 3, 7.65%, 0, 0, 7, 3.04
1746596885, 2, 1031, 1124, 1030, 3, 7.65%, 0, 0, 7, 2.99
1746597135, 2, 1031, 1125, 1031, 3, 7.65%, 0, 0, 7, 2.96
1746597219, 2, 1031, 1126, 1032, 3, 7.65%, 0, 0, 7, 2.74
1746597344, 2, 1031, 1127, 1033, 3, 7.65%, 0, 0, 7, 2.95
1746597548, 2, 1031, 1128, 1034, 3, 7.65%, 0, 0, 7, 2.59
1746597746, 2, 1031, 1129, 1035, 3, 7.65%, 0, 0, 7, 2.99
1746598088, 2, 1031, 1130, 1036, 3, 7.65%, 0, 0, 7, 2.99
1746598382, 2, 1031, 1131, 1037, 3, 7.65%, 0, 0, 7, 3.02
1746598438, 2, 1031, 1132, 1038, 3, 7.65%, 0, 0, 7, 3.00
1746598640, 2, 1031, 1133, 1039, 3, 7.65%, 0, 0, 7, 2.84
1746598671, 2, 1031, 1134, 1040, 3, 7.65%, 0, 0, 7, 2.84
1746598733, 2, 1031, 1135, 1041, 3, 7.65%, 0, 0, 7, 2.98
1746599491, 2, 1031, 1136, 1042, 3, 7.65%, 0, 0, 7, 3.00
1746599792, 2, 1031, 1137, 1043, 3, 7.65%, 0, 0, 7, 2.94
1746599944, 2, 1031, 1138, 1044, 3, 7.65%, 0, 0, 7, 2.71
1746600173, 2, 1031, 1139, 1045, 3, 7.65%, 0, 0, 7, 2.73
1746600287, 2, 1031, 1140, 1046, 3, 7.65%, 0, 0, 7, 2.69
1746600298, 2, 1031, 1141, 1047, 3, 7.65%, 0, 0, 7, 2.66
1746600432, 2, 1031, 1142, 1048, 3, 7.65%, 0, 0, 7, 2.97
1746600558, 2, 1031, 1143, 1049, 3, 7.65%, 0, 0, 7, 2.69
1746601780, 2, 1031, 1144, 1050, 3, 7.65%, 0, 0, 7, 2.70
