# unix_time, cycles_done, cur_path, paths_total, pending_total, pending_favs, map_size, unique_crashes, unique_hangs, max_depth, execs_per_sec
1746712460, 0, 0, 1, 1, 1, 3.78%, 0, 0, 1, 93.02
1746712465, 0, 0, 45, 45, 1, 4.91%, 0, 0, 2, 130.19
1746712471, 0, 0, 71, 71, 1, 4.93%, 0, 0, 2, 137.24
1746712476, 0, 0, 90, 90, 1, 4.93%, 0, 0, 2, 138.58
1746712481, 0, 0, 106, 106, 1, 4.96%, 0, 0, 2, 142.11
1746712486, 0, 0, 121, 121, 1, 4.97%, 0, 0, 2, 140.61
1746712491, 0, 0, 134, 134, 1, 4.97%, 0, 0, 2, 143.63
1746712496, 0, 0, 143, 143, 1, 4.97%, 0, 0, 2, 145.56
1746712502, 0, 0, 152, 152, 1, 4.97%, 0, 0, 2, 142.80
1746712507, 0, 0, 161, 161, 1, 4.97%, 0, 0, 2, 140.54
1746712512, 0, 0, 170, 170, 1, 4.97%, 0, 0, 2, 141.59
1746712517, 0, 0, 177, 177, 1, 4.97%, 0, 0, 2, 143.73
1746712522, 0, 0, 185, 185, 1, 4.97%, 0, 0, 2, 142.89
1746712527, 0, 0, 192, 192, 1, 4.97%, 0, 0, 2, 144.54
1746712533, 0, 0, 196, 196, 1, 4.97%, 0, 0, 2, 146.68
1746712538, 0, 0, 203, 203, 1, 4.97%, 0, 0, 2, 146.12
1746712543, 0, 0, 209, 209, 1, 4.98%, 0, 0, 2, 142.87
1746712548, 0, 0, 217, 217, 1, 4.98%, 0, 0, 2, 143.66
1746712553, 0, 0, 220, 220, 1, 4.98%, 0, 0, 2, 149.73
1746712558, 0, 0, 224, 224, 1, 4.99%, 0, 0, 2, 147.91
1746712563, 0, 0, 227, 227, 1, 4.99%, 0, 0, 2, 145.89
1746712568, 0, 0, 231, 231, 1, 4.99%, 0, 0, 2, 143.41
1746712574, 0, 0, 237, 237, 1, 5.00%, 0, 0, 2, 141.37
1746712579, 0, 0, 241, 241, 1, 5.00%, 0, 0, 2, 140.33
1746712584, 0, 0, 247, 247, 1, 5.00%, 0, 0, 2, 138.83
1746712589, 0, 0, 253, 253, 1, 5.00%, 0, 0, 2, 140.91
1746712594, 0, 1, 254, 253, 14, 5.00%, 0, 0, 3, 145.20
1746712599, 0, 10, 254, 252, 13, 5.00%, 0, 0, 3, 147.59
1746712609, 0, 10, 257, 255, 13, 5.00%, 0, 0, 3, 144.70
1746712615, 0, 10, 261, 259, 13, 5.00%, 0, 0, 3, 144.98
1746712620, 0, 10, 264, 262, 13, 5.00%, 0, 0, 3, 143.41
1746712630, 0, 10, 265, 263, 13, 5.00%, 0, 0, 3, 140.83
1746712635, 0, 10, 268, 266, 13, 5.00%, 0, 0, 3, 141.24
1746712640, 0, 10, 270, 268, 13, 5.00%, 0, 0, 3, 142.35
1746712645, 0, 10, 272, 270, 13, 5.75%, 0, 0, 3, 145.01
1746712651, 0, 10, 275, 273, 13, 5.75%, 0, 0, 3, 142.38
1746712656, 0, 10, 276, 274, 13, 5.75%, 0, 0, 3, 143.80
1746712666, 0, 10, 279, 277, 13, 5.75%, 0, 0, 3, 147.89
1746712671, 0, 10, 280, 278, 13, 5.75%, 0, 0, 3, 145.00
1746712676, 0, 10, 285, 283, 13, 5.75%, 0, 0, 3, 141.81
1746712682, 0, 10, 286, 284, 13, 5.75%, 0, 0, 3, 145.24
1746712687, 0, 10, 287, 285, 13, 5.75%, 0, 0, 3, 147.42
1746712692, 0, 10, 288, 286, 13, 5.75%, 0, 0, 3, 146.36
1746712697, 0, 10, 289, 287, 13, 5.75%, 0, 0, 3, 146.81
1746712702, 0, 10, 290, 288, 13, 5.75%, 0, 0, 3, 145.99
1746712707, 0, 10, 292, 290, 13, 5.75%, 0, 0, 3, 145.22
1746712713, 0, 10, 293, 291, 13, 5.75%, 0, 0, 3, 140.70
1746712718, 0, 10, 294, 292, 13, 5.75%, 0, 0, 3, 140.21
1746712723, 0, 49, 295, 292, 9, 5.75%, 0, 0, 3, 132.51
1746712764, 0, 49, 297, 294, 9, 5.75%, 0, 0, 3, 120.22
1746712769, 0, 49, 303, 300, 9, 5.75%, 0, 0, 3, 123.47
1746712774, 0, 49, 307, 304, 9, 5.75%, 0, 0, 3, 126.41
1746712779, 0, 49, 309, 306, 9, 5.75%, 0, 0, 3, 128.72
1746712784, 0, 49, 310, 307, 9, 5.75%, 0, 0, 3, 132.35
1746712789, 0, 49, 311, 308, 9, 5.75%, 0, 0, 3, 130.68
1746712794, 0, 49, 312, 309, 9, 5.75%, 0, 0, 3, 131.37
1746712800, 0, 49, 315, 312, 9, 5.75%, 0, 0, 3, 127.38
1746712805, 0, 49, 316, 313, 9, 5.75%, 0, 0, 3, 130.59
1746712810, 0, 49, 318, 315, 9, 5.75%, 0, 0, 3, 125.97
1746712815, 0, 49, 321, 318, 9, 5.75%, 0, 0, 3, 127.75
1746712820, 0, 49, 324, 321, 9, 5.75%, 0, 0, 3, 125.32
1746712825, 0, 49, 326, 323, 9, 5.76%, 0, 0, 3, 124.66
1746712830, 0, 49, 327, 324, 9, 5.76%, 0, 0, 3, 128.30
1746712836, 0, 49, 330, 327, 9, 5.76%, 0, 0, 3, 127.07
1746712841, 0, 49, 331, 328, 9, 5.76%, 0, 0, 3, 127.80
1746712846, 0, 49, 335, 332, 9, 5.76%, 0, 0, 3, 122.75
1746712866, 0, 49, 336, 333, 9, 5.76%, 0, 0, 3, 131.75
1746712871, 0, 49, 342, 339, 9, 5.76%, 0, 0, 3, 124.40
1746712877, 0, 49, 343, 340, 9, 5.76%, 0, 0, 3, 132.40
1746712887, 0, 49, 345, 342, 9, 5.76%, 0, 0, 3, 130.32
1746712892, 0, 49, 347, 344, 9, 5.76%, 0, 0, 3, 131.64
1746712897, 0, 88, 347, 343, 8, 5.76%, 0, 0, 3, 114.90
1746712989, 0, 88, 349, 345, 8, 5.76%, 0, 0, 3, 106.30
1746712994, 0, 88, 352, 348, 8, 5.76%, 0, 0, 3, 106.51
1746712999, 0, 88, 353, 349, 8, 5.76%, 0, 0, 3, 108.03
1746713004, 0, 88, 354, 350, 8, 5.76%, 0, 0, 3, 108.43
1746713009, 0, 88, 356, 352, 8, 5.76%, 0, 0, 3, 107.24
1746713014, 0, 88, 358, 354, 8, 5.76%, 0, 0, 3, 109.38
1746713020, 0, 88, 359, 355, 8, 5.76%, 0, 0, 3, 111.23
1746713025, 0, 88, 362, 358, 8, 5.76%, 0, 0, 3, 109.31
1746713030, 0, 88, 364, 360, 8, 5.76%, 0, 0, 3, 107.89
1746713040, 0, 88, 365, 361, 8, 5.76%, 0, 0, 3, 110.90
1746713045, 0, 88, 369, 365, 8, 5.76%, 0, 0, 3, 107.23
1746713060, 0, 88, 371, 367, 8, 5.76%, 0, 0, 3, 111.36
1746713065, 0, 88, 374, 370, 8, 5.76%, 0, 0, 3, 108.87
1746713070, 0, 88, 375, 371, 8, 5.76%, 0, 0, 3, 108.27
1746713075, 0, 88, 376, 372, 8, 5.76%, 0, 0, 3, 112.23
1746713080, 0, 88, 378, 374, 8, 5.76%, 0, 0, 3, 107.23
1746713091, 0, 88, 379, 375, 8, 5.76%, 0, 0, 3, 109.00
1746713096, 0, 88, 380, 376, 8, 5.76%, 0, 0, 3, 108.45
1746713101, 0, 88, 381, 377, 8, 5.76%, 0, 0, 3, 107.90
1746713106, 0, 88, 382, 378, 8, 5.76%, 0, 0, 3, 109.03
1746713111, 0, 88, 383, 379, 8, 5.76%, 0, 0, 3, 110.81
1746713116, 0, 88, 384, 380, 8, 5.76%, 0, 0, 3, 109.70
1746713121, 0, 88, 386, 382, 8, 5.76%, 0, 0, 3, 108.52
1746713136, 0, 118, 386, 381, 8, 5.76%, 0, 0, 3, 111.43
1746713233, 0, 121, 386, 380, 8, 5.76%, 0, 0, 3, 86.74
1746713284, 0, 121, 388, 382, 8, 5.76%, 0, 0, 3, 69.86
1746713488, 0, 121, 389, 383, 8, 5.76%, 0, 0, 3, 68.97
1746713519, 0, 121, 398, 392, 8, 5.76%, 0, 0, 3, 71.30
1746713524, 0, 121, 411, 405, 8, 5.76%, 0, 0, 3, 72.28
1746713529, 0, 121, 421, 415, 8, 5.76%, 0, 0, 3, 72.93
1746713534, 0, 121, 431, 425, 8, 5.76%, 0, 0, 3, 75.45
1746713539, 0, 121, 438, 432, 8, 5.76%, 0, 0, 3, 76.99
1746713545, 0, 121, 444, 438, 8, 5.76%, 0, 0, 3, 75.41
1746713550, 0, 121, 449, 443, 8, 5.76%, 0, 0, 3, 76.89
1746713555, 0, 121, 453, 447, 8, 5.76%, 0, 0, 3, 78.60
1746713560, 0, 121, 459, 453, 8, 5.76%, 0, 0, 3, 77.12
1746713565, 0, 121, 464, 458, 8, 5.76%, 0, 0, 3, 76.30
1746713570, 0, 121, 470, 464, 8, 5.76%, 0, 0, 3, 72.76
1746713576, 0, 121, 474, 468, 8, 5.76%, 0, 0, 3, 74.73
1746713581, 0, 121, 475, 469, 8, 5.76%, 0, 0, 3, 76.11
1746713586, 0, 121, 480, 474, 8, 5.76%, 0, 0, 3, 76.08
1746713591, 0, 121, 486, 480, 8, 5.76%, 0, 0, 3, 74.14
1746713596, 0, 121, 492, 486, 8, 6.09%, 0, 0, 3, 74.18
1746713601, 0, 121, 496, 490, 8, 6.09%, 0, 0, 3, 75.20
1746713606, 0, 121, 503, 497, 8, 6.14%, 0, 0, 3, 75.69
1746713612, 0, 121, 508, 502, 8, 6.15%, 0, 0, 3, 73.42
1746713617, 0, 121, 513, 507, 8, 6.15%, 0, 0, 3, 75.19
1746713622, 0, 121, 516, 510, 8, 6.15%, 0, 0, 3, 76.88
1746713627, 0, 121, 520, 514, 8, 6.15%, 0, 0, 3, 77.49
1746713632, 0, 121, 522, 516, 8, 6.15%, 0, 0, 3, 77.79
1746713637, 0, 121, 523, 517, 8, 6.15%, 0, 0, 3, 78.43
1746713643, 0, 121, 525, 519, 8, 6.15%, 0, 0, 3, 78.56
1746713648, 0, 121, 529, 523, 8, 6.15%, 0, 0, 3, 78.55
1746713653, 0, 121, 531, 525, 8, 6.15%, 0, 0, 3, 78.84
1746713658, 0, 121, 534, 528, 8, 6.15%, 0, 0, 3, 75.53
1746713663, 0, 121, 536, 530, 8, 6.15%, 0, 0, 3, 79.57
1746713668, 0, 121, 539, 533, 8, 6.15%, 0, 0, 3, 78.69
1746713673, 0, 121, 540, 534, 8, 6.15%, 0, 0, 3, 77.72
1746713678, 0, 121, 541, 535, 8, 6.15%, 0, 0, 3, 77.63
1746713684, 0, 121, 542, 536, 8, 6.15%, 0, 0, 3, 80.10
1746713694, 0, 121, 546, 540, 8, 6.15%, 0, 0, 3, 78.51
1746713699, 0, 121, 549, 543, 8, 6.15%, 0, 0, 3, 79.18
1746713704, 0, 121, 552, 546, 8, 6.15%, 0, 0, 3, 76.27
1746713709, 0, 121, 553, 547, 8, 6.15%, 0, 0, 3, 76.69
1746713714, 0, 121, 554, 548, 8, 6.15%, 0, 0, 3, 78.35
1746713720, 0, 121, 556, 550, 8, 6.15%, 0, 0, 3, 77.61
1746713725, 0, 121, 557, 551, 8, 6.15%, 0, 0, 3, 78.11
1746713730, 0, 121, 559, 553, 8, 6.15%, 0, 0, 3, 75.83
1746713735, 0, 121, 562, 556, 8, 6.15%, 0, 0, 3, 75.99
1746713740, 0, 121, 564, 558, 8, 6.15%, 0, 0, 3, 75.44
1746713751, 0, 150, 564, 557, 10, 6.15%, 0, 0, 3, 96.62
1746713817, 0, 200, 564, 556, 10, 6.15%, 0, 0, 3, 100.35
1746713955, 0, 200, 565, 557, 10, 6.15%, 0, 0, 3, 95.35
1746713966, 0, 205, 565, 556, 9, 6.15%, 0, 0, 3, 92.30
1746714170, 0, 205, 568, 559, 9, 6.41%, 0, 0, 3, 87.22
1746714176, 0, 205, 569, 560, 9, 6.41%, 0, 0, 3, 90.70
1746714181, 0, 205, 570, 561, 9, 6.67%, 0, 0, 3, 91.60
1746714186, 0, 205, 571, 562, 9, 6.67%, 0, 0, 3, 92.45
1746714191, 0, 205, 572, 563, 9, 6.67%, 0, 0, 3, 91.29
1746714196, 0, 205, 573, 564, 9, 6.67%, 0, 0, 3, 90.10
1746714201, 0, 205, 574, 565, 9, 6.67%, 0, 0, 3, 88.67
1746714211, 0, 205, 577, 568, 9, 6.67%, 0, 0, 3, 87.99
1746714222, 0, 205, 579, 570, 9, 6.67%, 0, 0, 3, 88.62
1746714232, 0, 205, 581, 572, 9, 6.67%, 0, 0, 3, 88.76
1746714247, 0, 205, 582, 573, 9, 6.67%, 0, 0, 3, 91.45
1746714268, 0, 205, 585, 576, 9, 6.74%, 0, 0, 3, 89.02
1746714278, 0, 205, 586, 577, 9, 6.74%, 0, 0, 3, 91.90
1746714283, 0, 205, 588, 579, 9, 6.74%, 0, 0, 3, 90.32
1746714288, 0, 205, 590, 581, 9, 6.74%, 0, 0, 3, 88.99
1746714299, 0, 205, 591, 582, 9, 6.74%, 0, 0, 3, 93.09
1746714319, 0, 205, 592, 583, 9, 6.74%, 0, 0, 3, 90.43
1746714324, 0, 205, 593, 584, 9, 6.74%, 0, 0, 3, 92.19
1746714329, 0, 205, 594, 585, 9, 6.74%, 0, 0, 3, 92.81
1746714335, 0, 205, 595, 586, 9, 6.74%, 0, 0, 3, 93.20
1746714340, 0, 205, 597, 588, 9, 6.76%, 0, 0, 3, 88.92
1746714350, 0, 305, 597, 587, 13, 6.76%, 0, 0, 3, 89.40
1746714616, 0, 305, 598, 588, 13, 6.76%, 0, 0, 4, 82.27
1746714626, 0, 319, 598, 587, 12, 6.76%, 0, 0, 4, 90.43
1746714734, 0, 319, 599, 588, 12, 6.76%, 0, 0, 4, 101.03
1746714744, 0, 322, 599, 587, 11, 6.76%, 0, 0, 4, 83.19
1746715010, 0, 322, 600, 588, 11, 6.76%, 0, 0, 4, 76.30
1746715025, 0, 366, 600, 587, 11, 6.76%, 0, 0, 4, 73.14
1746715362, 0, 366, 602, 589, 11, 6.76%, 0, 0, 4, 75.88
1746715372, 0, 366, 604, 591, 11, 6.76%, 0, 0, 4, 76.12
1746715377, 0, 366, 605, 592, 11, 6.76%, 0, 0, 4, 80.01
1746715388, 0, 366, 606, 593, 11, 6.76%, 0, 0, 4, 81.55
1746715393, 0, 366, 607, 594, 11, 6.76%, 0, 0, 4, 80.15
1746715408, 0, 366, 608, 595, 11, 6.77%, 0, 0, 4, 77.87
1746715413, 0, 366, 610, 597, 11, 6.77%, 0, 0, 4, 77.87
1746715486, 0, 366, 612, 599, 11, 6.77%, 0, 0, 4, 79.24
1746715501, 0, 366, 613, 600, 11, 6.77%, 0, 0, 4, 79.20
1746715522, 0, 366, 614, 601, 11, 6.77%, 0, 0, 4, 78.82
1746715537, 0, 366, 615, 602, 11, 6.77%, 0, 0, 4, 79.03
1746715542, 0, 366, 616, 603, 11, 6.77%, 0, 0, 4, 78.78
1746715558, 0, 366, 618, 605, 11, 6.77%, 0, 0, 4, 76.94
1746715568, 0, 496, 618, 604, 11, 6.77%, 0, 0, 4, 59.56
1746715573, 0, 496, 621, 607, 11, 6.77%, 0, 0, 4, 48.92
1746715578, 0, 496, 622, 608, 11, 6.77%, 0, 0, 4, 46.49
1746715598, 0, 496, 625, 611, 11, 6.78%, 0, 0, 4, 46.61
1746715695, 0, 496, 627, 613, 11, 6.78%, 0, 0, 4, 45.79
1746715700, 0, 496, 628, 614, 11, 6.78%, 0, 0, 4, 45.76
1746715772, 0, 496, 629, 615, 11, 6.78%, 0, 0, 4, 46.10
1746716174, 0, 496, 630, 616, 11, 6.78%, 0, 0, 4, 46.42
1746716346, 0, 496, 633, 619, 11, 6.79%, 0, 0, 4, 46.10
1746716397, 0, 496, 645, 631, 11, 6.80%, 0, 0, 4, 48.59
1746716402, 0, 496, 657, 643, 11, 6.82%, 0, 0, 4, 47.14
1746716408, 0, 496, 667, 653, 11, 6.82%, 0, 0, 4, 48.26
1746716413, 0, 496, 672, 658, 11, 6.83%, 0, 0, 4, 50.62
1746716418, 0, 496, 675, 661, 11, 6.83%, 0, 0, 4, 51.79
1746716423, 0, 496, 680, 666, 11, 6.83%, 0, 0, 4, 50.88
1746716428, 0, 496, 682, 668, 11, 6.83%, 0, 0, 4, 52.33
1746716433, 0, 496, 687, 673, 11, 6.83%, 0, 0, 4, 50.14
1746716438, 0, 496, 691, 677, 11, 6.84%, 0, 0, 4, 50.89
1746716443, 0, 496, 694, 680, 11, 6.85%, 0, 0, 4, 51.61
1746716448, 0, 496, 698, 684, 11, 6.85%, 0, 0, 4, 48.76
1746716453, 0, 496, 699, 685, 11, 6.85%, 0, 0, 4, 51.16
1746716458, 0, 496, 700, 686, 11, 6.85%, 0, 0, 4, 53.16
1746716463, 0, 496, 704, 690, 11, 6.85%, 0, 0, 4, 52.28
1746716468, 0, 496, 707, 693, 11, 6.85%, 0, 0, 4, 52.33
1746716473, 0, 496, 708, 694, 11, 6.85%, 0, 0, 4, 52.91
1746716478, 0, 496, 711, 697, 11, 6.93%, 0, 0, 4, 52.63
1746716483, 0, 496, 713, 699, 11, 6.94%, 0, 0, 4, 51.50
1746716488, 0, 496, 714, 700, 11, 6.94%, 0, 0, 4, 52.09
1746716493, 0, 496, 716, 702, 11, 6.94%, 0, 0, 4, 52.44
1746716498, 0, 496, 717, 703, 11, 6.94%, 0, 0, 4, 54.17
1746716509, 0, 496, 718, 704, 11, 6.94%, 0, 0, 4, 53.13
1746716514, 0, 496, 720, 706, 11, 6.94%, 0, 0, 4, 52.57
1746716519, 0, 496, 724, 710, 11, 7.00%, 0, 0, 4, 50.93
1746716524, 0, 496, 725, 711, 11, 7.00%, 0, 0, 4, 52.25
1746716529, 0, 496, 726, 712, 11, 7.00%, 0, 0, 4, 52.25
1746716534, 0, 496, 728, 714, 11, 7.00%, 0, 0, 4, 51.78
1746716539, 0, 496, 730, 716, 11, 7.00%, 0, 0, 4, 52.38
1746716544, 0, 496, 733, 719, 11, 7.00%, 0, 0, 4, 50.56
1746716549, 0, 496, 735, 721, 11, 7.00%, 0, 0, 4, 51.58
1746716559, 0, 496, 738, 724, 11, 7.00%, 0, 0, 4, 54.00
1746716569, 0, 496, 739, 725, 11, 7.00%, 0, 0, 4, 54.89
1746716574, 0, 496, 740, 726, 11, 7.00%, 0, 0, 4, 54.25
1746716584, 0, 496, 745, 731, 11, 7.00%, 0, 0, 4, 50.86
1746716589, 0, 496, 747, 733, 11, 7.00%, 0, 0, 4, 50.82
1746716605, 0, 496, 749, 735, 11, 7.03%, 0, 0, 4, 51.86
1746716610, 0, 496, 750, 736, 11, 7.03%, 0, 0, 4, 52.10
1746716615, 0, 496, 752, 738, 11, 7.03%, 0, 0, 4, 52.42
1746716620, 0, 496, 755, 741, 11, 7.03%, 0, 0, 4, 53.39
1746716625, 0, 496, 756, 742, 11, 7.03%, 0, 0, 4, 53.09
1746716630, 0, 496, 758, 744, 11, 7.04%, 0, 0, 4, 52.85
1746716640, 0, 496, 759, 745, 11, 7.04%, 0, 0, 4, 52.94
1746716645, 0, 496, 760, 746, 11, 7.04%, 0, 0, 4, 52.91
1746716651, 0, 524, 761, 746, 22, 7.04%, 0, 0, 4, 52.52
1746717362, 0, 524, 762, 747, 22, 7.04%, 0, 0, 4, 58.20
1746717367, 0, 524, 764, 749, 22, 7.04%, 0, 0, 4, 60.26
1746717378, 0, 524, 765, 750, 22, 7.04%, 0, 0, 4, 57.55
1746717429, 0, 524, 766, 751, 22, 7.04%, 0, 0, 4, 55.83
1746717439, 0, 524, 767, 752, 22, 7.04%, 0, 0, 4, 56.12
1746717444, 0, 524, 768, 753, 22, 7.04%, 0, 0, 4, 56.27
1746717475, 0, 524, 769, 754, 22, 7.04%, 0, 0, 4, 58.15
1746717536, 0, 524, 771, 756, 22, 7.04%, 0, 0, 4, 58.30
1746717551, 0, 524, 772, 757, 22, 7.04%, 0, 0, 4, 57.21
1746717561, 0, 524, 773, 758, 22, 7.04%, 0, 0, 4, 59.45
1746717602, 0, 524, 774, 759, 22, 7.04%, 0, 0, 4, 57.68
1746717608, 0, 524, 775, 760, 22, 7.04%, 0, 0, 4, 56.76
1746717618, 0, 524, 776, 761, 22, 7.05%, 0, 0, 4, 56.85
1746717633, 0, 524, 777, 762, 22, 7.05%, 0, 0, 4, 58.35
1746717643, 0, 565, 777, 761, 22, 7.05%, 0, 0, 4, 56.64
1746717668, 0, 565, 778, 762, 22, 7.05%, 0, 0, 4, 53.53
1746717735, 0, 565, 779, 763, 22, 7.05%, 0, 0, 4, 53.35
1746718161, 0, 565, 780, 764, 22, 7.05%, 0, 0, 4, 53.31
1746718192, 0, 565, 781, 765, 22, 7.05%, 0, 0, 4, 55.57
1746718197, 0, 565, 782, 766, 22, 7.05%, 0, 0, 4, 60.12
1746718202, 0, 565, 784, 768, 22, 7.05%, 0, 0, 4, 62.70
1746718212, 0, 565, 787, 771, 22, 7.05%, 0, 0, 4, 61.01
1746718217, 0, 565, 789, 773, 22, 7.05%, 0, 0, 4, 61.82
1746718223, 0, 565, 791, 775, 22, 7.06%, 0, 0, 4, 61.52
1746718228, 0, 565, 792, 776, 22, 7.06%, 0, 0, 4, 63.20
1746718233, 0, 565, 795, 779, 22, 7.06%, 0, 0, 4, 59.96
1746718238, 0, 565, 797, 781, 22, 7.06%, 0, 0, 4, 60.80
1746718243, 0, 565, 798, 782, 22, 7.06%, 0, 0, 4, 61.84
1746718248, 0, 565, 799, 783, 22, 7.06%, 0, 0, 4, 61.67
1746718258, 0, 565, 802, 786, 22, 7.07%, 0, 0, 4, 61.05
1746718263, 0, 565, 804, 788, 22, 7.07%, 0, 0, 4, 62.82
1746718274, 0, 565, 805, 789, 22, 7.07%, 0, 0, 4, 62.55
1746718284, 0, 565, 807, 791, 22, 7.07%, 0, 0, 4, 61.23
1746718294, 0, 565, 808, 792, 22, 7.07%, 0, 0, 4, 61.76
1746718305, 0, 565, 809, 793, 22, 7.07%, 0, 0, 4, 62.90
1746718320, 0, 565, 811, 795, 22, 7.07%, 0, 0, 4, 58.76
1746718360, 0, 565, 812, 796, 22, 7.07%, 0, 0, 4, 63.06
1746718402, 0, 565, 813, 797, 22, 7.07%, 0, 0, 4, 62.65
1746718422, 0, 565, 815, 799, 22, 7.07%, 0, 0, 4, 60.37
1746718448, 0, 565, 816, 800, 22, 7.07%, 0, 0, 4, 64.02
1746718458, 0, 569, 816, 799, 20, 7.07%, 0, 0, 4, 61.33
1746719031, 0, 576, 816, 798, 19, 7.07%, 0, 0, 4, 58.90
1746719521, 0, 576, 817, 799, 19, 7.07%, 0, 0, 4, 63.77
1746719531, 0, 591, 817, 798, 18, 7.07%, 0, 0, 4, 63.48
1746719910, 0, 591, 818, 799, 18, 7.07%, 0, 0, 4, 67.44
1746719926, 0, 661, 818, 798, 17, 7.07%, 0, 0, 4, 54.68
1746720678, 0, 661, 819, 799, 17, 7.08%, 0, 0, 5, 52.96
1746720683, 0, 661, 820, 800, 17, 7.08%, 0, 0, 5, 55.38
1746720688, 0, 661, 821, 801, 17, 7.08%, 0, 0, 5, 55.37
1746720693, 0, 661, 822, 802, 17, 7.08%, 0, 0, 5, 54.81
1746720698, 0, 661, 824, 804, 17, 7.08%, 0, 0, 5, 55.04
1746720739, 0, 661, 825, 805, 17, 7.08%, 0, 0, 5, 55.06
1746720749, 0, 661, 826, 806, 17, 7.08%, 0, 0, 5, 55.67
1746720754, 0, 661, 828, 808, 17, 7.18%, 0, 0, 5, 52.41
1746720795, 0, 661, 829, 809, 17, 7.18%, 0, 0, 5, 54.48
1746720856, 0, 661, 830, 810, 17, 7.19%, 0, 0, 5, 57.44
1746720861, 0, 661, 831, 811, 17, 7.19%, 0, 0, 5, 55.33
1746720871, 0, 661, 832, 812, 17, 7.19%, 0, 0, 5, 54.78
1746720967, 0, 676, 832, 811, 12, 7.19%, 0, 0, 5, 43.70
1746722210, 0, 676, 834, 813, 12, 7.19%, 0, 0, 5, 43.31
1746722215, 0, 676, 836, 815, 12, 7.19%, 0, 0, 5, 44.36
1746722226, 0, 676, 838, 817, 12, 7.19%, 0, 0, 5, 43.44
1746722241, 0, 676, 840, 819, 12, 7.19%, 0, 0, 5, 43.20
1746722261, 0, 676, 841, 820, 12, 7.19%, 0, 0, 5, 44.92
1746722281, 0, 676, 842, 821, 12, 7.19%, 0, 0, 5, 45.39
1746722291, 0, 676, 843, 822, 12, 7.19%, 0, 0, 5, 45.55
1746722302, 0, 676, 844, 823, 12, 7.19%, 0, 0, 5, 44.39
1746722307, 0, 676, 845, 824, 12, 7.19%, 0, 0, 5, 43.88
1746722322, 0, 676, 846, 825, 12, 7.19%, 0, 0, 5, 43.69
1746722327, 0, 676, 847, 826, 12, 7.19%, 0, 0, 5, 42.71
1746722337, 0, 676, 850, 829, 12, 7.22%, 0, 0, 5, 45.08
1746722352, 0, 676, 851, 830, 12, 7.22%, 0, 0, 5, 44.40
1746722368, 0, 676, 852, 831, 12, 7.22%, 0, 0, 5, 43.85
1746722373, 0, 676, 853, 832, 12, 7.22%, 0, 0, 5, 43.85
1746722378, 0, 676, 854, 833, 12, 7.22%, 0, 0, 5, 44.01
1746722393, 0, 676, 855, 834, 12, 7.22%, 0, 0, 5, 44.44
1746722398, 0, 676, 856, 835, 12, 7.22%, 0, 0, 5, 44.18
1746722403, 0, 676, 857, 836, 12, 7.22%, 0, 0, 5, 43.90
1746722439, 0, 676, 859, 838, 12, 7.22%, 0, 0, 5, 44.27
1746722444, 0, 676, 860, 839, 12, 7.22%, 0, 0, 5, 43.77
1746722459, 0, 676, 861, 840, 12, 7.22%, 0, 0, 5, 44.14
1746722485, 0, 676, 862, 841, 12, 7.22%, 0, 0, 5, 44.76
1746722490, 0, 702, 862, 840, 17, 7.22%, 0, 0, 5, 47.24
1746723216, 0, 746, 862, 839, 16, 7.22%, 0, 0, 5, 55.07
1746723297, 0, 746, 863, 840, 16, 7.22%, 0, 0, 5, 34.83
1746723445, 0, 746, 864, 841, 16, 7.22%, 0, 0, 5, 34.93
1746723470, 0, 746, 865, 842, 16, 7.22%, 0, 0, 5, 34.99
1746724421, 0, 746, 866, 843, 16, 7.22%, 0, 0, 5, 34.93
1746724548, 0, 746, 867, 844, 16, 7.22%, 0, 0, 5, 34.43
1746724825, 0, 746, 868, 845, 16, 7.22%, 0, 0, 5, 35.02
1746724836, 0, 746, 869, 846, 16, 7.22%, 0, 0, 5, 38.59
1746724846, 0, 746, 870, 847, 16, 7.23%, 0, 0, 5, 39.46
1746724851, 0, 746, 873, 850, 16, 7.23%, 0, 0, 5, 38.17
1746724856, 0, 746, 874, 851, 16, 7.23%, 0, 0, 5, 38.58
1746724861, 0, 746, 877, 854, 16, 7.23%, 0, 0, 5, 38.83
1746724877, 0, 746, 878, 855, 16, 7.23%, 0, 0, 5, 38.98
1746724882, 0, 746, 879, 856, 16, 7.23%, 0, 0, 5, 39.05
1746724887, 0, 746, 882, 859, 16, 7.23%, 0, 0, 5, 37.74
1746724892, 0, 746, 885, 862, 16, 7.23%, 0, 0, 5, 39.49
1746724897, 0, 746, 886, 863, 16, 7.23%, 0, 0, 5, 39.24
1746724902, 0, 746, 889, 866, 16, 7.23%, 0, 0, 5, 37.29
1746724908, 0, 746, 890, 867, 16, 7.23%, 0, 0, 5, 38.30
1746724913, 0, 746, 891, 868, 16, 7.23%, 0, 0, 5, 38.39
1746724923, 0, 746, 893, 870, 16, 7.23%, 0, 0, 5, 38.75
1746724933, 0, 746, 894, 871, 16, 7.23%, 0, 0, 5, 38.82
1746724938, 0, 746, 895, 872, 16, 7.23%, 0, 0, 5, 39.26
1746724943, 0, 746, 896, 873, 16, 7.23%, 0, 0, 5, 39.66
1746724954, 0, 746, 898, 875, 16, 7.23%, 0, 0, 5, 39.50
1746724964, 0, 746, 900, 877, 16, 7.23%, 0, 0, 5, 38.84
1746724969, 0, 746, 902, 879, 16, 7.23%, 0, 0, 5, 38.69
1746724989, 0, 746, 903, 880, 16, 7.23%, 0, 0, 5, 38.68
1746724999, 0, 746, 904, 881, 16, 7.23%, 0, 0, 5, 39.73
1746725041, 0, 746, 905, 882, 16, 7.23%, 0, 0, 5, 39.16
1746725046, 0, 746, 908, 885, 16, 7.23%, 0, 0, 5, 39.13
1746725051, 0, 746, 909, 886, 16, 7.23%, 0, 0, 5, 38.46
1746725061, 0, 746, 910, 887, 16, 7.23%, 0, 0, 5, 39.28
1746725071, 0, 746, 911, 888, 16, 7.23%, 0, 0, 5, 38.69
1746725092, 0, 746, 913, 890, 16, 7.23%, 0, 0, 5, 38.04
1746725102, 0, 746, 914, 891, 16, 7.23%, 0, 0, 5, 39.58
1746725132, 0, 746, 915, 892, 16, 7.23%, 0, 0, 5, 38.74
1746725143, 0, 746, 917, 894, 16, 7.23%, 0, 0, 5, 38.73
1746725153, 0, 747, 917, 893, 18, 7.23%, 0, 0, 5, 42.66
1746725163, 0, 747, 918, 894, 18, 7.23%, 0, 0, 5, 44.47
1746726075, 0, 755, 918, 893, 17, 7.23%, 0, 0, 5, 51.94
1746727013, 0, 760, 918, 892, 16, 7.23%, 0, 0, 5, 48.36
1746727843, 0, 788, 918, 891, 15, 7.23%, 0, 0, 5, 59.34
1746728251, 0, 799, 918, 890, 14, 7.23%, 0, 0, 5, 51.06
1746729396, 0, 799, 919, 891, 14, 7.23%, 0, 0, 5, 42.43
1746729411, 0, 799, 920, 892, 14, 7.23%, 0, 0, 5, 47.37
1746729416, 0, 799, 921, 893, 14, 7.23%, 0, 0, 5, 46.43
1746729421, 0, 799, 923, 895, 14, 7.23%, 0, 0, 5, 47.16
1746729437, 0, 799, 924, 896, 14, 7.23%, 0, 0, 5, 45.35
1746729442, 0, 799, 925, 897, 14, 7.23%, 0, 0, 5, 44.96
1746729462, 0, 799, 926, 898, 14, 7.23%, 0, 0, 5, 45.22
1746729482, 0, 799, 928, 900, 14, 7.23%, 0, 0, 5, 45.16
1746729508, 0, 799, 930, 902, 14, 7.23%, 0, 0, 5, 46.48
1746729599, 0, 799, 931, 903, 14, 7.23%, 0, 0, 5, 45.98
1746729665, 0, 800, 931, 902, 14, 7.23%, 0, 0, 5, 47.79
1746730377, 0, 804, 931, 901, 13, 7.23%, 0, 0, 5, 54.83
1746731283, 0, 804, 932, 902, 13, 7.32%, 0, 0, 5, 51.44
1746731303, 0, 804, 933, 903, 13, 7.32%, 0, 0, 5, 52.56
1746731349, 0, 811, 933, 902, 14, 7.32%, 0, 0, 5, 51.73
1746732093, 0, 819, 933, 901, 13, 7.32%, 0, 0, 5, 50.52
1746732850, 0, 823, 933, 900, 12, 7.32%, 0, 0, 5, 54.66
1746732967, 0, 823, 934, 901, 12, 7.32%, 0, 0, 6, 49.19
1746733614, 0, 829, 934, 900, 12, 7.32%, 0, 0, 6, 53.65
1746734424, 0, 849, 934, 899, 11, 7.32%, 0, 0, 6, 54.82
1746735217, 0, 849, 935, 900, 11, 7.32%, 0, 0, 6, 40.17
1746735719, 0, 867, 935, 899, 10, 7.32%, 0, 0, 6, 42.78
1746737351, 0, 867, 936, 900, 10, 7.32%, 0, 0, 6, 39.96
1746737366, 0, 867, 937, 901, 10, 7.32%, 0, 0, 6, 38.93
1746737371, 0, 867, 938, 902, 10, 7.32%, 0, 0, 6, 38.63
1746737448, 0, 867, 939, 903, 10, 7.32%, 0, 0, 6, 38.66
1746737463, 0, 867, 940, 904, 10, 7.32%, 0, 0, 6, 39.48
1746737489, 0, 867, 941, 905, 10, 7.32%, 0, 0, 6, 39.27
1746737499, 0, 867, 942, 906, 10, 7.32%, 0, 0, 6, 38.95
1746737601, 0, 867, 943, 907, 10, 7.32%, 0, 0, 6, 39.53
1746737647, 0, 869, 943, 906, 9, 7.32%, 0, 0, 6, 36.79
1746737718, 0, 869, 945, 908, 9, 7.32%, 0, 0, 6, 33.41
1746737915, 0, 869, 946, 909, 9, 7.32%, 0, 0, 6, 33.50
1746739387, 0, 869, 947, 910, 9, 7.32%, 0, 0, 6, 37.74
1746739412, 0, 869, 948, 911, 9, 7.32%, 0, 0, 6, 37.54
1746739417, 0, 869, 949, 912, 9, 7.32%, 0, 0, 6, 37.14
1746739443, 0, 869, 950, 913, 9, 7.32%, 0, 0, 6, 37.22
1746739459, 0, 869, 951, 914, 9, 7.32%, 0, 0, 6, 38.08
1746739469, 0, 869, 952, 915, 9, 7.32%, 0, 0, 6, 37.55
1746739474, 0, 869, 953, 916, 9, 7.33%, 0, 0, 6, 37.86
1746739510, 0, 869, 954, 917, 9, 7.33%, 0, 0, 6, 38.04
1746739515, 0, 869, 955, 918, 9, 7.33%, 0, 0, 6, 38.99
1746739525, 0, 869, 956, 919, 9, 7.35%, 0, 0, 6, 38.53
1746739540, 0, 869, 957, 920, 9, 7.35%, 0, 0, 6, 38.63
1746739627, 0, 869, 958, 921, 9, 7.35%, 0, 0, 6, 38.95
1746739642, 0, 869, 959, 922, 9, 7.35%, 0, 0, 6, 38.49
1746739648, 0, 869, 960, 923, 9, 7.35%, 0, 0, 6, 38.24
1746739663, 0, 869, 961, 924, 9, 7.35%, 0, 0, 6, 39.94
1746739693, 0, 885, 961, 923, 8, 7.35%, 0, 0, 6, 37.85
1746741218, 0, 893, 961, 922, 7, 7.35%, 0, 0, 6, 39.06
1746742705, 0, 893, 962, 923, 7, 7.35%, 0, 0, 6, 33.36
1746742903, 0, 893, 963, 924, 7, 7.35%, 0, 0, 6, 38.32
1746742934, 0, 914, 963, 923, 7, 7.35%, 0, 0, 6, 36.66
1746742960, 0, 914, 965, 925, 7, 7.53%, 0, 0, 6, 24.46
1746742980, 0, 914, 966, 926, 7, 7.53%, 0, 0, 6, 24.38
1746743026, 0, 914, 967, 927, 7, 7.54%, 0, 0, 6, 23.73
1746743031, 0, 914, 968, 928, 7, 7.54%, 0, 0, 6, 23.88
1746743051, 0, 914, 969, 929, 7, 7.54%, 0, 0, 6, 23.69
1746743315, 0, 914, 970, 930, 7, 7.54%, 0, 0, 6, 24.26
1746743458, 0, 914, 971, 931, 7, 7.54%, 0, 0, 6, 23.74
1746743478, 0, 914, 972, 932, 7, 7.54%, 0, 0, 6, 23.70
1746745446, 0, 914, 973, 933, 7, 7.54%, 0, 0, 6, 24.23
1746746506, 0, 914, 975, 935, 7, 7.54%, 0, 0, 6, 24.13
1746746511, 0, 914, 979, 939, 7, 7.54%, 0, 0, 6, 26.70
1746746517, 0, 914, 983, 943, 7, 7.54%, 0, 0, 6, 27.24
1746746522, 0, 914, 987, 947, 7, 7.54%, 0, 0, 6, 26.80
1746746532, 0, 914, 990, 950, 7, 7.56%, 0, 0, 6, 28.65
1746746537, 0, 914, 991, 951, 7, 7.56%, 0, 0, 6, 29.66
1746746542, 0, 914, 993, 953, 7, 7.56%, 0, 0, 6, 29.14
1746746547, 0, 914, 996, 956, 7, 7.56%, 0, 0, 6, 27.81
1746746552, 0, 914, 997, 957, 7, 7.56%, 0, 0, 6, 28.01
1746746557, 0, 914, 998, 958, 7, 7.56%, 0, 0, 6, 28.78
1746746562, 0, 914, 999, 959, 7, 7.56%, 0, 0, 6, 27.75
1746746567, 0, 914, 1001, 961, 7, 7.56%, 0, 0, 6, 28.21
1746746572, 0, 914, 1003, 963, 7, 7.56%, 0, 0, 6, 28.63
1746746582, 0, 914, 1004, 964, 7, 7.56%, 0, 0, 6, 28.81
1746746588, 0, 914, 1006, 966, 7, 7.56%, 0, 0, 6, 28.27
1746746593, 0, 914, 1009, 969, 7, 7.56%, 0, 0, 6, 28.55
1746746598, 0, 914, 1012, 972, 7, 7.56%, 0, 0, 6, 27.68
1746746608, 0, 914, 1013, 973, 7, 7.56%, 0, 0, 6, 28.89
1746746618, 0, 914, 1016, 976, 7, 7.56%, 0, 0, 6, 28.86
1746746623, 0, 914, 1019, 979, 7, 7.56%, 0, 0, 6, 28.70
1746746628, 0, 914, 1020, 980, 7, 7.56%, 0, 0, 6, 28.12
1746746633, 0, 914, 1021, 981, 7, 7.57%, 0, 0, 6, 28.44
1746746649, 0, 914, 1022, 982, 7, 7.57%, 0, 0, 6, 27.88
1746746659, 0, 914, 1023, 983, 7, 7.57%, 0, 0, 6, 28.72
1746746664, 0, 914, 1024, 984, 7, 7.57%, 0, 0, 6, 28.24
1746746669, 0, 914, 1025, 985, 7, 7.57%, 0, 0, 6, 29.22
1746746679, 0, 914, 1027, 987, 7, 7.57%, 0, 0, 6, 27.97
1746746690, 0, 914, 1029, 989, 7, 7.57%, 0, 0, 6, 27.90
1746746695, 0, 914, 1030, 990, 7, 7.57%, 0, 0, 6, 28.41
1746746715, 0, 914, 1031, 991, 7, 7.57%, 0, 0, 6, 27.52
1746746736, 0, 914, 1032, 992, 7, 7.57%, 0, 0, 6, 28.09
1746746746, 0, 914, 1034, 994, 7, 7.57%, 0, 0, 6, 27.79
1746746766, 0, 914, 1035, 995, 7, 7.57%, 0, 0, 6, 28.40
1746746777, 0, 914, 1036, 996, 7, 7.57%, 0, 0, 6, 28.92
1746746854, 0, 914, 1037, 997, 7, 7.57%, 0, 0, 6, 29.18
1746746859, 0, 914, 1038, 998, 7, 7.57%, 0, 0, 6, 28.23
1746746879, 0, 914, 1039, 999, 7, 7.57%, 0, 0, 6, 28.76
1746746884, 0, 914, 1040, 1000, 7, 7.57%, 0, 0, 6, 28.47
1746746910, 0, 914, 1041, 1001, 7, 7.57%, 0, 0, 6, 29.38
1746746935, 0, 914, 1042, 1002, 7, 7.58%, 0, 0, 6, 28.50
1746746960, 0, 914, 1043, 1003, 7, 7.58%, 0, 0, 6, 28.18
1746747017, 0, 914, 1044, 1004, 7, 7.62%, 0, 0, 6, 29.44
1746747027, 0, 914, 1045, 1005, 7, 7.62%, 0, 0, 6, 28.50
1746747037, 0, 914, 1046, 1006, 7, 7.62%, 0, 0, 6, 29.06
1746747103, 0, 924, 1046, 1005, 10, 7.62%, 0, 0, 6, 31.71
1746748803, 0, 924, 1047, 1006, 10, 7.62%, 0, 0, 6, 39.04
1746748808, 0, 924, 1048, 1007, 10, 7.62%, 0, 0, 6, 39.41
1746748813, 0, 924, 1049, 1008, 10, 7.62%, 0, 0, 6, 38.33
1746748834, 0, 924, 1050, 1009, 10, 7.62%, 0, 0, 6, 39.12
1746748885, 0, 924, 1051, 1010, 10, 7.62%, 0, 0, 6, 39.20
1746748921, 0, 924, 1052, 1011, 10, 7.62%, 0, 0, 6, 39.77
1746748926, 0, 924, 1053, 1012, 10, 7.62%, 0, 0, 6, 38.84
1746748941, 0, 924, 1054, 1013, 10, 7.62%, 0, 0, 6, 38.48
1746749048, 0, 924, 1055, 1014, 10, 7.62%, 0, 0, 6, 39.59
1746749105, 0, 931, 1055, 1013, 9, 7.62%, 0, 0, 6, 38.42
1746749135, 0, 931, 1056, 1014, 9, 7.62%, 0, 0, 6, 30.66
1746749394, 0, 931, 1057, 1015, 9, 7.62%, 0, 0, 6, 31.24
1746751045, 0, 931, 1058, 1016, 9, 7.62%, 0, 0, 6, 36.95
1746751050, 0, 931, 1059, 1017, 9, 7.65%, 0, 0, 6, 37.20
1746751091, 0, 931, 1060, 1018, 9, 7.65%, 0, 0, 6, 37.58
1746751096, 0, 931, 1061, 1019, 9, 7.66%, 0, 0, 6, 38.35
1746751173, 0, 931, 1062, 1020, 9, 7.66%, 0, 0, 6, 36.85
1746751188, 0, 931, 1064, 1022, 9, 7.66%, 0, 0, 6, 36.89
1746751275, 0, 931, 1065, 1023, 9, 7.66%, 0, 0, 6, 36.58
1746751372, 0, 955, 1065, 1022, 11, 7.66%, 0, 0, 6, 36.14
1746751443, 0, 955, 1068, 1025, 11, 7.66%, 0, 0, 7, 34.65
1746751626, 0, 955, 1069, 1026, 11, 7.66%, 0, 0, 7, 34.62
1746752074, 0, 955, 1070, 1027, 11, 7.66%, 0, 0, 7, 35.34
1746752979, 0, 955, 1071, 1028, 11, 7.66%, 0, 0, 7, 39.59
1746752984, 0, 955, 1074, 1031, 11, 7.66%, 0, 0, 7, 39.70
1746753010, 0, 955, 1075, 1032, 11, 7.66%, 0, 0, 7, 40.26
1746753097, 0, 955, 1076, 1033, 11, 7.66%, 0, 0, 7, 39.17
1746753138, 0, 955, 1077, 1034, 11, 7.66%, 0, 0, 7, 39.40
1746753148, 0, 955, 1078, 1035, 11, 7.66%, 0, 0, 7, 39.71
1746753163, 0, 955, 1079, 1036, 11, 7.66%, 0, 0, 7, 39.15
1746753188, 0, 955, 1080, 1037, 11, 7.66%, 0, 0, 7, 39.70
1746753204, 0, 955, 1081, 1038, 11, 7.66%, 0, 0, 7, 40.15
1746753285, 0, 970, 1081, 1037, 11, 7.66%, 0, 0, 7, 36.56
