# unix_time, cycles_done, cur_path, paths_total, pending_total, pending_favs, map_size, unique_crashes, unique_hangs, max_depth, execs_per_sec
1746612044, 0, 0, 1, 1, 1, 3.78%, 0, 0, 1, 77.67
1746612049, 0, 0, 38, 38, 1, 4.93%, 0, 0, 2, 113.02
1746612054, 0, 0, 63, 63, 1, 4.95%, 0, 0, 2, 124.82
1746612059, 0, 0, 80, 80, 1, 4.95%, 0, 0, 2, 130.41
1746612064, 0, 0, 99, 99, 1, 4.97%, 0, 0, 2, 125.43
1746612069, 0, 0, 116, 116, 1, 5.02%, 0, 0, 2, 128.12
1746612074, 0, 0, 125, 125, 1, 5.03%, 0, 0, 2, 132.08
1746612079, 0, 0, 133, 133, 1, 5.03%, 0, 0, 2, 131.14
1746612084, 0, 0, 147, 147, 1, 5.06%, 0, 0, 2, 129.25
1746612090, 0, 0, 153, 153, 1, 5.06%, 0, 0, 2, 136.49
1746612095, 0, 0, 161, 161, 1, 5.06%, 0, 0, 2, 136.77
1746612100, 0, 0, 167, 167, 1, 5.06%, 0, 0, 2, 133.68
1746612105, 0, 0, 178, 178, 1, 5.06%, 0, 0, 2, 130.46
1746612110, 0, 0, 184, 184, 1, 5.06%, 0, 0, 2, 133.18
1746612115, 0, 0, 193, 193, 1, 5.06%, 0, 0, 2, 134.00
1746612120, 0, 0, 199, 199, 1, 5.08%, 0, 0, 2, 134.47
1746612126, 0, 0, 205, 205, 1, 5.08%, 0, 0, 2, 134.01
1746612131, 0, 0, 209, 209, 1, 5.08%, 0, 0, 2, 135.39
1746612136, 0, 0, 215, 215, 1, 5.08%, 0, 0, 2, 135.37
1746612141, 0, 0, 219, 219, 1, 5.08%, 0, 0, 2, 137.43
1746612146, 0, 0, 224, 224, 1, 5.09%, 0, 0, 2, 134.70
1746612151, 0, 0, 228, 228, 1, 5.09%, 0, 0, 2, 136.86
1746612156, 0, 0, 233, 233, 1, 5.09%, 0, 0, 2, 134.07
1746612162, 0, 0, 236, 236, 1, 5.09%, 0, 0, 2, 138.06
1746612167, 0, 0, 239, 239, 1, 5.09%, 0, 0, 2, 137.50
1746612172, 0, 0, 242, 242, 1, 5.09%, 0, 0, 2, 135.03
1746612177, 0, 0, 247, 247, 1, 5.09%, 0, 0, 2, 135.37
1746612182, 0, 1, 249, 248, 14, 5.09%, 0, 0, 2, 137.43
1746612187, 0, 1, 253, 252, 14, 5.09%, 0, 0, 3, 135.03
1746612192, 0, 1, 255, 254, 14, 5.09%, 0, 0, 3, 138.71
1746612197, 0, 1, 258, 257, 14, 5.09%, 0, 0, 3, 138.45
1746612203, 0, 1, 261, 260, 14, 5.09%, 0, 0, 3, 137.62
1746612208, 0, 1, 262, 261, 14, 5.09%, 0, 0, 3, 139.45
1746612213, 0, 1, 264, 263, 14, 5.09%, 0, 0, 3, 138.24
1746612223, 0, 1, 265, 264, 14, 5.09%, 0, 0, 3, 139.59
1746612228, 0, 1, 269, 268, 14, 5.09%, 0, 0, 3, 135.21
1746612234, 0, 1, 272, 271, 14, 5.09%, 0, 0, 3, 135.60
1746612239, 0, 1, 273, 272, 14, 5.09%, 0, 0, 3, 138.32
1746612244, 0, 1, 274, 273, 14, 5.09%, 0, 0, 3, 140.00
1746612249, 0, 1, 276, 275, 14, 5.09%, 0, 0, 3, 138.51
1746612254, 0, 1, 277, 276, 14, 5.09%, 0, 0, 3, 139.22
1746612265, 0, 1, 278, 277, 14, 5.09%, 0, 0, 3, 138.18
1746612275, 0, 1, 280, 279, 14, 5.09%, 0, 0, 3, 138.70
1746612280, 0, 1, 281, 280, 14, 5.09%, 0, 0, 3, 139.52
1746612285, 0, 1, 284, 283, 14, 5.09%, 0, 0, 3, 137.93
1746612290, 0, 1, 287, 286, 14, 5.15%, 0, 0, 3, 137.93
1746612295, 0, 1, 289, 288, 14, 5.15%, 0, 0, 3, 137.36
1746612301, 0, 1, 290, 289, 14, 5.15%, 0, 0, 3, 138.35
1746612306, 0, 19, 291, 289, 14, 5.15%, 0, 0, 3, 139.65
1746612316, 0, 45, 291, 288, 13, 5.15%, 0, 0, 3, 135.79
1746612383, 0, 45, 300, 297, 13, 5.16%, 0, 0, 3, 109.22
1746612388, 0, 45, 305, 302, 13, 5.17%, 0, 0, 3, 113.09
1746612393, 0, 45, 311, 308, 13, 5.17%, 0, 0, 3, 111.16
1746612398, 0, 45, 315, 312, 13, 5.17%, 0, 0, 3, 114.01
1746612403, 0, 45, 319, 316, 13, 5.17%, 0, 0, 3, 113.44
1746612409, 0, 45, 324, 321, 13, 5.17%, 0, 0, 3, 112.14
1746612414, 0, 45, 328, 325, 13, 5.17%, 0, 0, 3, 113.36
1746612419, 0, 45, 329, 326, 13, 5.18%, 0, 0, 3, 116.03
1746612424, 0, 45, 331, 328, 13, 5.18%, 0, 0, 3, 115.34
1746612429, 0, 45, 335, 332, 13, 5.18%, 0, 0, 3, 111.32
1746612434, 0, 45, 339, 336, 13, 5.18%, 0, 0, 3, 112.98
1746612439, 0, 45, 340, 337, 13, 5.18%, 0, 0, 3, 116.57
1746612449, 0, 45, 341, 338, 13, 5.18%, 0, 0, 3, 117.32
1746612454, 0, 45, 342, 339, 13, 5.18%, 0, 0, 3, 114.11
1746612460, 0, 45, 343, 340, 13, 5.18%, 0, 0, 3, 117.40
1746612465, 0, 45, 344, 341, 13, 5.18%, 0, 0, 3, 116.86
1746612470, 0, 45, 347, 344, 13, 5.18%, 0, 0, 3, 114.25
1746612475, 0, 45, 348, 345, 13, 5.18%, 0, 0, 3, 117.31
1746612480, 0, 45, 349, 346, 13, 5.18%, 0, 0, 3, 116.53
1746612486, 0, 45, 350, 347, 13, 5.18%, 0, 0, 3, 116.96
1746612491, 0, 45, 351, 348, 13, 5.18%, 0, 0, 3, 115.75
1746612501, 0, 45, 352, 349, 13, 5.18%, 0, 0, 3, 117.10
1746612506, 0, 45, 353, 350, 13, 5.18%, 0, 0, 3, 117.30
1746612511, 0, 45, 354, 351, 13, 5.18%, 0, 0, 3, 115.39
1746612516, 0, 45, 356, 353, 13, 5.18%, 0, 0, 3, 116.25
1746612521, 0, 45, 358, 355, 13, 5.18%, 0, 0, 3, 114.87
1746612527, 0, 68, 360, 356, 15, 5.18%, 0, 0, 3, 111.77
1746612609, 0, 68, 361, 357, 15, 5.18%, 0, 0, 3, 115.97
1746612614, 0, 104, 362, 357, 15, 5.18%, 0, 0, 3, 100.11
1746612720, 0, 104, 363, 358, 15, 5.18%, 0, 0, 3, 97.69
1746612725, 0, 104, 367, 362, 15, 5.18%, 0, 0, 3, 103.57
1746612730, 0, 104, 371, 366, 15, 5.18%, 0, 0, 3, 103.09
1746612735, 0, 104, 374, 369, 15, 5.18%, 0, 0, 3, 103.93
1746612740, 0, 104, 376, 371, 15, 5.18%, 0, 0, 3, 104.94
1746612745, 0, 104, 378, 373, 15, 5.18%, 0, 0, 3, 105.31
1746612751, 0, 104, 380, 375, 15, 5.18%, 0, 0, 3, 104.75
1746612756, 0, 104, 384, 379, 15, 5.19%, 0, 0, 3, 103.08
1746612761, 0, 104, 385, 380, 15, 5.19%, 0, 0, 3, 105.94
1746612771, 0, 104, 388, 383, 15, 5.19%, 0, 0, 3, 103.85
1746612776, 0, 104, 389, 384, 15, 5.19%, 0, 0, 3, 105.29
1746612786, 0, 104, 390, 385, 15, 5.19%, 0, 0, 3, 106.90
1746612791, 0, 104, 392, 387, 15, 5.19%, 0, 0, 3, 105.48
1746612796, 0, 104, 396, 391, 15, 5.19%, 0, 0, 3, 102.81
1746612806, 0, 104, 397, 392, 15, 5.19%, 0, 0, 3, 104.57
1746612811, 0, 104, 399, 394, 15, 5.19%, 0, 0, 3, 101.81
1746612821, 0, 104, 401, 396, 15, 5.19%, 0, 0, 3, 105.01
1746612827, 0, 104, 402, 397, 15, 5.19%, 0, 0, 3, 106.08
1746612842, 0, 104, 403, 398, 15, 5.19%, 0, 0, 3, 106.49
1746612847, 0, 104, 405, 400, 15, 5.19%, 0, 0, 3, 104.27
1746612852, 0, 104, 406, 401, 15, 5.19%, 0, 0, 3, 102.67
1746612862, 0, 104, 407, 402, 15, 5.19%, 0, 0, 3, 105.92
1746612867, 0, 104, 409, 404, 15, 5.19%, 0, 0, 3, 103.85
1746612872, 0, 104, 411, 406, 15, 5.19%, 0, 0, 3, 105.57
1746612882, 0, 153, 411, 405, 11, 5.19%, 0, 0, 3, 102.99
1746612985, 0, 192, 411, 404, 11, 5.19%, 0, 0, 3, 101.81
1746613088, 0, 283, 411, 403, 10, 5.19%, 0, 0, 3, 84.06
1746613094, 0, 283, 415, 407, 10, 5.19%, 0, 0, 4, 73.45
1746613099, 0, 283, 417, 409, 10, 5.19%, 0, 0, 4, 71.16
1746613124, 0, 283, 419, 411, 10, 5.19%, 0, 0, 4, 70.53
1746613160, 0, 283, 420, 412, 10, 5.19%, 0, 0, 4, 70.55
1746613307, 0, 283, 421, 413, 10, 5.19%, 0, 0, 4, 70.54
1746613409, 0, 283, 428, 420, 10, 5.30%, 0, 0, 4, 73.06
1746613414, 0, 283, 438, 430, 10, 5.30%, 0, 0, 4, 76.80
1746613420, 0, 283, 447, 439, 10, 5.30%, 0, 0, 4, 77.20
1746613425, 0, 283, 457, 449, 10, 5.30%, 0, 0, 4, 76.48
1746613430, 0, 283, 465, 457, 10, 5.30%, 0, 0, 4, 76.62
1746613435, 0, 283, 467, 459, 10, 5.30%, 0, 0, 4, 79.35
1746613440, 0, 283, 470, 462, 10, 5.41%, 0, 0, 4, 80.51
1746613445, 0, 283, 476, 468, 10, 5.62%, 0, 0, 4, 76.45
1746613450, 0, 283, 478, 470, 10, 5.62%, 0, 0, 4, 79.57
1746613455, 0, 283, 483, 475, 10, 5.62%, 0, 0, 4, 78.82
1746613461, 0, 283, 484, 476, 10, 5.62%, 0, 0, 4, 79.75
1746613466, 0, 283, 490, 482, 10, 5.62%, 0, 0, 4, 76.16
1746613471, 0, 283, 496, 488, 10, 5.62%, 0, 0, 4, 76.48
1746613476, 0, 283, 499, 491, 10, 5.62%, 0, 0, 4, 79.39
1746613481, 0, 283, 503, 495, 10, 5.62%, 0, 0, 4, 78.74
1746613486, 0, 283, 508, 500, 10, 5.62%, 0, 0, 4, 76.16
1746613492, 0, 283, 512, 504, 10, 5.62%, 0, 0, 4, 79.38
1746613497, 0, 283, 513, 505, 10, 5.62%, 0, 0, 4, 80.84
1746613502, 0, 283, 514, 506, 10, 5.62%, 0, 0, 4, 79.27
1746613507, 0, 283, 516, 508, 10, 5.62%, 0, 0, 4, 78.93
1746613512, 0, 283, 520, 512, 10, 5.62%, 0, 0, 4, 78.07
1746613517, 0, 283, 521, 513, 10, 5.62%, 0, 0, 4, 81.52
1746613523, 0, 283, 524, 516, 10, 5.62%, 0, 0, 4, 79.59
1746613528, 0, 283, 526, 518, 10, 5.62%, 0, 0, 4, 78.89
1746613533, 0, 283, 529, 521, 10, 5.62%, 0, 0, 4, 76.55
1746613538, 0, 283, 530, 522, 10, 5.62%, 0, 0, 4, 79.60
1746613543, 0, 283, 531, 523, 10, 5.62%, 0, 0, 4, 80.12
1746613548, 0, 283, 533, 525, 10, 5.62%, 0, 0, 4, 79.95
1746613553, 0, 283, 535, 527, 10, 5.62%, 0, 0, 4, 79.80
1746613559, 0, 283, 539, 531, 10, 5.62%, 0, 0, 4, 79.29
1746613564, 0, 283, 542, 534, 10, 5.62%, 0, 0, 4, 79.09
1746613569, 0, 283, 545, 537, 10, 5.62%, 0, 0, 4, 79.94
1746613574, 0, 283, 547, 539, 10, 5.62%, 0, 0, 4, 79.29
1746613579, 0, 283, 548, 540, 10, 5.62%, 0, 0, 4, 80.80
1746613584, 0, 283, 550, 542, 10, 5.62%, 0, 0, 4, 78.90
1746613600, 0, 283, 551, 543, 10, 5.62%, 0, 0, 4, 80.63
1746613605, 0, 283, 552, 544, 10, 5.62%, 0, 0, 4, 79.55
1746613610, 0, 283, 553, 545, 10, 5.62%, 0, 0, 4, 80.71
1746613615, 0, 283, 555, 547, 10, 5.62%, 0, 0, 4, 78.25
1746613631, 0, 291, 555, 546, 10, 5.62%, 0, 0, 4, 78.63
1746613857, 0, 294, 555, 545, 10, 5.62%, 0, 0, 4, 87.04
1746614016, 0, 361, 555, 544, 9, 5.62%, 0, 0, 4, 95.74
1746614132, 0, 362, 555, 543, 8, 5.62%, 0, 0, 4, 96.00
1746614243, 0, 369, 555, 542, 7, 5.62%, 0, 0, 4, 98.16
1746614364, 0, 417, 555, 541, 6, 5.62%, 0, 0, 4, 93.77
1746614690, 0, 417, 556, 542, 6, 5.62%, 0, 0, 5, 76.99
1746614700, 0, 417, 559, 545, 6, 5.62%, 0, 0, 5, 78.38
1746614705, 0, 417, 560, 546, 6, 5.62%, 0, 0, 5, 79.75
1746614710, 0, 417, 561, 547, 6, 5.62%, 0, 0, 5, 78.87
1746614726, 0, 417, 562, 548, 6, 5.62%, 0, 0, 5, 81.18
1746614731, 0, 417, 563, 549, 6, 5.62%, 0, 0, 5, 80.86
1746614736, 0, 417, 564, 550, 6, 5.62%, 0, 0, 5, 81.04
1746614751, 0, 417, 566, 552, 6, 5.62%, 0, 0, 5, 80.35
1746614757, 0, 417, 567, 553, 6, 5.62%, 0, 0, 5, 81.13
1746614762, 0, 417, 568, 554, 6, 5.62%, 0, 0, 5, 80.60
1746614767, 0, 417, 569, 555, 6, 5.62%, 0, 0, 5, 79.01
1746614782, 0, 417, 570, 556, 6, 5.62%, 0, 0, 5, 79.78
1746614788, 0, 417, 572, 558, 6, 5.62%, 0, 0, 5, 79.21
1746614808, 0, 417, 573, 559, 6, 5.62%, 0, 0, 5, 80.25
1746614813, 0, 417, 575, 561, 6, 5.62%, 0, 0, 5, 78.68
1746614824, 0, 417, 577, 563, 6, 5.62%, 0, 0, 5, 78.23
1746614834, 0, 417, 580, 566, 6, 5.62%, 0, 0, 5, 80.04
1746614849, 0, 417, 581, 567, 6, 5.62%, 0, 0, 5, 79.34
1746614885, 0, 417, 582, 568, 6, 5.62%, 0, 0, 5, 79.87
1746614896, 0, 423, 582, 567, 5, 5.62%, 0, 0, 5, 64.93
1746614901, 0, 423, 584, 569, 5, 5.62%, 0, 0, 5, 59.27
1746614942, 0, 423, 585, 570, 5, 5.62%, 0, 0, 5, 58.01
1746615385, 0, 423, 586, 571, 5, 5.62%, 0, 0, 5, 57.69
1746615442, 0, 423, 591, 576, 5, 5.62%, 0, 0, 5, 61.03
1746615447, 0, 423, 599, 584, 5, 5.62%, 0, 0, 5, 61.55
1746615452, 0, 423, 605, 590, 5, 5.62%, 0, 0, 5, 63.89
1746615458, 0, 423, 609, 594, 5, 5.62%, 0, 0, 5, 63.82
1746615463, 0, 423, 614, 599, 5, 5.62%, 0, 0, 5, 63.95
1746615468, 0, 423, 616, 601, 5, 5.62%, 0, 0, 5, 64.82
1746615473, 0, 423, 620, 605, 5, 5.62%, 0, 0, 5, 63.09
1746615478, 0, 423, 624, 609, 5, 5.67%, 0, 0, 5, 62.57
1746615483, 0, 423, 627, 612, 5, 5.67%, 0, 0, 5, 63.09
1746615489, 0, 423, 630, 615, 5, 5.68%, 0, 0, 5, 62.32
1746615494, 0, 423, 631, 616, 5, 5.68%, 0, 0, 5, 63.72
1746615509, 0, 423, 634, 619, 5, 5.68%, 0, 0, 5, 64.69
1746615514, 0, 423, 636, 621, 5, 5.68%, 0, 0, 5, 64.62
1746615519, 0, 423, 638, 623, 5, 5.68%, 0, 0, 5, 64.56
1746615525, 0, 423, 641, 626, 5, 5.68%, 0, 0, 5, 64.50
1746615530, 0, 423, 644, 629, 5, 5.68%, 0, 0, 5, 64.33
1746615535, 0, 423, 645, 630, 5, 5.68%, 0, 0, 5, 64.87
1746615550, 0, 423, 646, 631, 5, 5.69%, 0, 0, 5, 65.99
1746615556, 0, 423, 647, 632, 5, 5.69%, 0, 0, 5, 66.25
1746615561, 0, 423, 648, 633, 5, 5.69%, 0, 0, 5, 63.98
1746615566, 0, 423, 649, 634, 5, 5.69%, 0, 0, 5, 64.63
1746615571, 0, 423, 650, 635, 5, 5.69%, 0, 0, 5, 64.79
1746615576, 0, 423, 653, 638, 5, 5.69%, 0, 0, 5, 65.14
1746615586, 0, 423, 655, 640, 5, 5.69%, 0, 0, 5, 64.12
1746615591, 0, 423, 656, 641, 5, 5.69%, 0, 0, 5, 64.98
1746615596, 0, 423, 657, 642, 5, 5.69%, 0, 0, 5, 64.88
1746615612, 0, 423, 659, 644, 5, 5.69%, 0, 0, 5, 63.78
1746615617, 0, 423, 660, 645, 5, 6.01%, 0, 0, 5, 64.27
1746615622, 0, 423, 661, 646, 5, 6.01%, 0, 0, 5, 65.13
1746615627, 0, 423, 662, 647, 5, 6.01%, 0, 0, 5, 65.72
1746615637, 0, 423, 664, 649, 5, 6.01%, 0, 0, 5, 64.90
1746615663, 0, 423, 665, 650, 5, 6.01%, 0, 0, 5, 63.57
1746615673, 0, 423, 666, 651, 5, 6.01%, 0, 0, 5, 65.34
1746615694, 0, 423, 668, 653, 5, 6.01%, 0, 0, 5, 64.86
1746615704, 0, 450, 668, 652, 9, 6.01%, 0, 0, 5, 60.04
1746616470, 0, 450, 669, 653, 9, 6.01%, 0, 0, 5, 52.98
1746616475, 0, 450, 671, 655, 9, 6.01%, 0, 0, 5, 55.26
1746616481, 0, 450, 672, 656, 9, 6.01%, 0, 0, 5, 57.48
1746616486, 0, 450, 673, 657, 9, 6.01%, 0, 0, 5, 58.33
1746616496, 0, 450, 674, 658, 9, 6.01%, 0, 0, 5, 57.66
1746616501, 0, 450, 676, 660, 9, 6.01%, 0, 0, 5, 58.18
1746616506, 0, 450, 677, 661, 9, 6.06%, 0, 0, 5, 58.16
1746616511, 0, 450, 678, 662, 9, 6.06%, 0, 0, 5, 57.79
1746616516, 0, 450, 679, 663, 9, 6.06%, 0, 0, 5, 58.15
1746616537, 0, 450, 681, 665, 9, 6.06%, 0, 0, 5, 57.08
1746616547, 0, 450, 683, 667, 9, 6.06%, 0, 0, 5, 57.42
1746616552, 0, 450, 684, 668, 9, 6.06%, 0, 0, 5, 57.65
1746616557, 0, 450, 685, 669, 9, 6.06%, 0, 0, 5, 57.55
1746616562, 0, 450, 688, 672, 9, 6.06%, 0, 0, 5, 56.74
1746616582, 0, 450, 689, 673, 9, 6.06%, 0, 0, 5, 58.22
1746616598, 0, 450, 690, 674, 9, 6.06%, 0, 0, 5, 58.20
1746616618, 0, 450, 691, 675, 9, 6.06%, 0, 0, 5, 57.55
1746616629, 0, 450, 692, 676, 9, 6.06%, 0, 0, 5, 57.45
1746616634, 0, 450, 693, 677, 9, 6.06%, 0, 0, 5, 57.38
1746616644, 0, 450, 694, 678, 9, 6.06%, 0, 0, 5, 58.21
1746616664, 0, 450, 695, 679, 9, 6.06%, 0, 0, 5, 58.65
1746616685, 0, 463, 696, 679, 10, 6.06%, 0, 0, 5, 57.27
1746617277, 0, 494, 696, 678, 10, 6.06%, 0, 0, 5, 58.78
1746618041, 0, 494, 697, 679, 10, 6.06%, 0, 0, 5, 59.11
1746618051, 0, 494, 698, 680, 10, 6.06%, 0, 0, 5, 57.56
1746618057, 0, 494, 699, 681, 10, 6.06%, 0, 0, 5, 57.74
1746618062, 0, 494, 700, 682, 10, 6.06%, 0, 0, 5, 58.68
1746618077, 0, 494, 701, 683, 10, 6.06%, 0, 0, 5, 58.01
1746618108, 0, 494, 702, 684, 10, 6.06%, 0, 0, 5, 58.16
1746618123, 0, 494, 703, 685, 10, 6.06%, 0, 0, 5, 59.14
1746618149, 0, 494, 704, 686, 10, 6.06%, 0, 0, 5, 57.99
1746618169, 0, 494, 705, 687, 10, 6.06%, 0, 0, 5, 57.52
1746618174, 0, 494, 706, 688, 10, 6.06%, 0, 0, 5, 56.62
1746618184, 0, 494, 707, 689, 10, 6.06%, 0, 0, 5, 57.48
1746618214, 0, 494, 708, 690, 10, 6.06%, 0, 0, 5, 57.44
1746618281, 0, 494, 709, 691, 10, 6.06%, 0, 0, 5, 58.44
1746618317, 0, 578, 709, 690, 10, 6.06%, 0, 0, 5, 47.05
1746618484, 0, 578, 710, 691, 10, 6.06%, 0, 0, 6, 43.07
1746619489, 0, 578, 712, 693, 10, 6.06%, 0, 0, 6, 46.15
1746619504, 0, 578, 713, 694, 10, 6.06%, 0, 0, 6, 49.71
1746619509, 0, 578, 716, 697, 10, 6.06%, 0, 0, 6, 49.97
1746619519, 0, 578, 718, 699, 10, 6.06%, 0, 0, 6, 49.23
1746619525, 0, 578, 719, 700, 10, 6.06%, 0, 0, 6, 49.44
1746619530, 0, 578, 720, 701, 10, 6.06%, 0, 0, 6, 49.92
1746619535, 0, 578, 721, 702, 10, 6.06%, 0, 0, 6, 49.70
1746619545, 0, 578, 722, 703, 10, 6.06%, 0, 0, 6, 50.18
1746619550, 0, 578, 725, 706, 10, 6.06%, 0, 0, 6, 49.72
1746619555, 0, 578, 726, 707, 10, 6.06%, 0, 0, 6, 49.39
1746619560, 0, 578, 727, 708, 10, 6.06%, 0, 0, 6, 48.36
1746619565, 0, 578, 728, 709, 10, 6.06%, 0, 0, 6, 48.97
1746619575, 0, 578, 730, 711, 10, 6.06%, 0, 0, 6, 48.81
1746619601, 0, 578, 731, 712, 10, 6.06%, 0, 0, 6, 49.92
1746619606, 0, 578, 732, 713, 10, 6.06%, 0, 0, 6, 50.42
1746619616, 0, 578, 734, 715, 10, 6.06%, 0, 0, 6, 49.14
1746619626, 0, 578, 735, 716, 10, 6.06%, 0, 0, 6, 49.58
1746619631, 0, 578, 737, 718, 10, 6.06%, 0, 0, 6, 47.69
1746619636, 0, 578, 738, 719, 10, 6.06%, 0, 0, 6, 48.10
1746619641, 0, 578, 739, 720, 10, 6.06%, 0, 0, 6, 47.59
1746619656, 0, 578, 740, 721, 10, 6.06%, 0, 0, 6, 49.80
1746619661, 0, 578, 741, 722, 10, 6.06%, 0, 0, 6, 48.60
1746619676, 0, 578, 742, 723, 10, 6.06%, 0, 0, 6, 49.09
1746619686, 0, 578, 743, 724, 10, 6.06%, 0, 0, 6, 48.69
1746619697, 0, 578, 744, 725, 10, 6.06%, 0, 0, 6, 49.15
1746619702, 0, 578, 745, 726, 10, 6.06%, 0, 0, 6, 48.56
1746619707, 0, 578, 747, 728, 10, 6.06%, 0, 0, 6, 49.04
1746619722, 0, 578, 748, 729, 10, 6.06%, 0, 0, 6, 49.18
1746619742, 0, 584, 749, 729, 9, 6.06%, 0, 0, 6, 51.67
1746620304, 0, 628, 749, 728, 8, 6.06%, 0, 0, 6, 63.94
1746621299, 0, 629, 749, 727, 7, 6.06%, 0, 0, 6, 49.88
1746622227, 0, 629, 750, 728, 7, 6.06%, 0, 0, 6, 53.22
1746622237, 0, 629, 752, 730, 7, 6.06%, 0, 0, 6, 53.53
1746622263, 0, 629, 753, 731, 7, 6.06%, 0, 0, 6, 53.99
1746622273, 0, 629, 754, 732, 7, 6.06%, 0, 0, 6, 52.04
1746622288, 0, 629, 755, 733, 7, 6.06%, 0, 0, 6, 53.80
1746622294, 0, 629, 756, 734, 7, 6.06%, 0, 0, 6, 54.19
1746622314, 0, 629, 757, 735, 7, 6.06%, 0, 0, 6, 54.14
1746622517, 0, 629, 758, 736, 7, 6.06%, 0, 0, 6, 53.30
1746622527, 0, 631, 758, 735, 7, 6.06%, 0, 0, 6, 58.78
1746623011, 0, 631, 759, 736, 7, 6.27%, 0, 0, 6, 68.07
1746623031, 0, 635, 759, 735, 4, 6.27%, 0, 0, 6, 62.78
1746623526, 0, 676, 759, 734, 4, 6.27%, 0, 0, 6, 48.26
1746623571, 0, 676, 760, 735, 4, 6.27%, 0, 0, 6, 37.97
1746623576, 0, 676, 761, 736, 4, 6.27%, 0, 0, 6, 38.20
1746623581, 0, 676, 762, 737, 4, 6.27%, 0, 0, 6, 37.77
1746623647, 0, 676, 763, 738, 4, 6.27%, 0, 0, 6, 37.91
1746624881, 0, 676, 764, 739, 4, 6.27%, 0, 0, 6, 41.62
1746624886, 0, 676, 767, 742, 4, 6.27%, 0, 0, 6, 44.67
1746624891, 0, 676, 771, 746, 4, 6.27%, 0, 0, 6, 45.69
1746624897, 0, 676, 772, 747, 4, 6.27%, 0, 0, 6, 46.35
1746624902, 0, 676, 773, 748, 4, 6.27%, 0, 0, 6, 45.78
1746624907, 0, 676, 775, 750, 4, 6.27%, 0, 0, 6, 45.50
1746624912, 0, 676, 776, 751, 4, 6.27%, 0, 0, 6, 45.39
1746624917, 0, 676, 780, 755, 4, 6.27%, 0, 0, 6, 45.02
1746624922, 0, 676, 782, 757, 4, 6.27%, 0, 0, 6, 45.27
1746624927, 0, 676, 783, 758, 4, 6.27%, 0, 0, 6, 45.78
1746624932, 0, 676, 784, 759, 4, 6.27%, 0, 0, 6, 45.26
1746624937, 0, 676, 785, 760, 4, 6.27%, 0, 0, 6, 46.97
1746624942, 0, 676, 787, 762, 4, 6.27%, 0, 0, 6, 46.44
1746624952, 0, 676, 788, 763, 4, 6.27%, 0, 0, 6, 46.37
1746624957, 0, 676, 790, 765, 4, 6.27%, 0, 0, 6, 45.47
1746624973, 0, 676, 792, 767, 4, 6.28%, 0, 0, 6, 46.33
1746624998, 0, 676, 793, 768, 4, 6.28%, 0, 0, 6, 46.45
1746625003, 0, 676, 794, 769, 4, 6.28%, 0, 0, 6, 46.56
1746625013, 0, 676, 796, 771, 4, 6.28%, 0, 0, 6, 46.42
1746625034, 0, 676, 797, 772, 4, 6.28%, 0, 0, 6, 46.55
1746625039, 0, 676, 798, 773, 4, 6.28%, 0, 0, 6, 45.91
1746625064, 0, 676, 799, 774, 4, 6.28%, 0, 0, 6, 46.49
1746625074, 0, 676, 800, 775, 4, 6.28%, 0, 0, 6, 46.18
1746625100, 0, 676, 801, 776, 4, 6.28%, 0, 0, 6, 46.68
1746625135, 0, 676, 802, 777, 4, 6.28%, 0, 0, 6, 47.38
1746625150, 0, 676, 803, 778, 4, 6.28%, 0, 0, 6, 46.38
1746625155, 0, 715, 803, 777, 10, 6.28%, 0, 0, 6, 45.51
1746626216, 0, 758, 803, 776, 9, 6.28%, 0, 0, 6, 45.26
1746626388, 0, 758, 804, 777, 9, 6.28%, 0, 0, 7, 36.66
1746626444, 0, 758, 805, 778, 9, 6.32%, 0, 0, 7, 37.10
1746627574, 0, 758, 807, 780, 9, 6.33%, 0, 0, 7, 35.71
1746627630, 0, 758, 808, 781, 9, 6.51%, 0, 0, 7, 45.28
1746627635, 0, 758, 809, 782, 9, 6.57%, 0, 0, 7, 45.18
1746627650, 0, 758, 810, 783, 9, 6.57%, 0, 0, 7, 45.37
1746627655, 0, 758, 811, 784, 9, 6.57%, 0, 0, 7, 45.76
1746627686, 0, 758, 812, 785, 9, 6.57%, 0, 0, 7, 46.68
1746627696, 0, 758, 813, 786, 9, 6.57%, 0, 0, 7, 45.05
1746627701, 0, 758, 814, 787, 9, 6.57%, 0, 0, 7, 45.43
1746627706, 0, 758, 815, 788, 9, 6.57%, 0, 0, 7, 45.32
1746627711, 0, 758, 816, 789, 9, 6.57%, 0, 0, 7, 45.44
1746627716, 0, 758, 817, 790, 9, 6.57%, 0, 0, 7, 44.82
1746627746, 0, 758, 818, 791, 9, 6.57%, 0, 0, 7, 45.81
1746627762, 0, 758, 819, 792, 9, 6.57%, 0, 0, 7, 46.06
1746627777, 0, 758, 820, 793, 9, 6.57%, 0, 0, 7, 46.40
1746627792, 0, 758, 821, 794, 9, 6.57%, 0, 0, 7, 44.84
1746627797, 0, 758, 822, 795, 9, 6.59%, 0, 0, 7, 45.09
1746627822, 0, 758, 823, 796, 9, 6.59%, 0, 0, 7, 46.04
1746627858, 0, 758, 825, 798, 9, 6.59%, 0, 0, 7, 44.95
1746627873, 0, 758, 826, 799, 9, 6.59%, 0, 0, 7, 44.90
1746627888, 0, 758, 827, 800, 9, 6.59%, 0, 0, 7, 44.97
1746627893, 0, 785, 827, 799, 10, 6.59%, 0, 0, 7, 41.80
1746628896, 0, 785, 828, 800, 10, 6.59%, 0, 0, 7, 38.37
1746629241, 0, 791, 828, 799, 9, 6.59%, 0, 0, 7, 44.27
1746629287, 0, 791, 829, 800, 9, 6.59%, 0, 0, 7, 35.91
1746630785, 0, 798, 829, 799, 8, 6.59%, 0, 0, 7, 40.25
1746630795, 0, 798, 831, 801, 8, 6.59%, 0, 0, 7, 34.88
1746630811, 0, 798, 832, 802, 8, 6.59%, 0, 0, 7, 35.84
1746630826, 0, 798, 833, 803, 8, 6.59%, 0, 0, 7, 34.57
1746630846, 0, 798, 834, 804, 8, 6.59%, 0, 0, 7, 34.32
1746630852, 0, 798, 836, 806, 8, 6.59%, 0, 0, 7, 34.31
1746632053, 0, 798, 837, 807, 8, 6.59%, 0, 0, 7, 34.19
1746632517, 0, 798, 838, 808, 8, 6.59%, 0, 0, 7, 37.91
1746632522, 0, 798, 839, 809, 8, 6.59%, 0, 0, 7, 41.11
1746632533, 0, 798, 842, 812, 8, 6.59%, 0, 0, 7, 42.28
1746632538, 0, 798, 843, 813, 8, 6.59%, 0, 0, 7, 41.81
1746632543, 0, 798, 844, 814, 8, 6.59%, 0, 0, 7, 41.40
1746632568, 0, 798, 845, 815, 8, 6.59%, 0, 0, 7, 41.92
1746632573, 0, 798, 846, 816, 8, 6.59%, 0, 0, 7, 42.01
1746632578, 0, 798, 847, 817, 8, 6.59%, 0, 0, 7, 41.94
1746632583, 0, 798, 848, 818, 8, 6.59%, 0, 0, 7, 41.52
1746632675, 0, 798, 849, 819, 8, 6.59%, 0, 0, 7, 42.37
1746632690, 0, 798, 850, 820, 8, 6.59%, 0, 0, 7, 42.74
1746632700, 0, 798, 851, 821, 8, 6.59%, 0, 0, 7, 42.37
1746632751, 0, 798, 852, 822, 8, 6.59%, 0, 0, 7, 42.29
1746632766, 0, 798, 853, 823, 8, 6.59%, 0, 0, 7, 42.17
1746632807, 0, 811, 853, 822, 8, 6.59%, 0, 0, 7, 41.79
1746632873, 0, 811, 855, 824, 8, 6.59%, 0, 0, 8, 33.92
1746632878, 0, 811, 856, 825, 8, 6.59%, 0, 0, 8, 33.91
1746632950, 0, 811, 857, 826, 8, 6.59%, 0, 0, 8, 34.25
1746634411, 0, 811, 859, 828, 8, 6.59%, 0, 0, 8, 41.70
1746634421, 0, 811, 860, 829, 8, 6.59%, 0, 0, 8, 43.80
1746634432, 0, 811, 861, 830, 8, 6.59%, 0, 0, 8, 44.24
1746634437, 0, 811, 862, 831, 8, 6.59%, 0, 0, 8, 44.07
1746634447, 0, 811, 863, 832, 8, 6.59%, 0, 0, 8, 44.57
1746634457, 0, 811, 864, 833, 8, 6.59%, 0, 0, 8, 43.70
1746634462, 0, 811, 865, 834, 8, 6.59%, 0, 0, 8, 44.51
1746634472, 0, 811, 866, 835, 8, 6.59%, 0, 0, 8, 43.63
1746634482, 0, 811, 867, 836, 8, 6.59%, 0, 0, 8, 44.48
1746634493, 0, 811, 868, 837, 8, 6.59%, 0, 0, 8, 43.76
1746634503, 0, 811, 869, 838, 8, 6.60%, 0, 0, 8, 44.05
1746634523, 0, 811, 870, 839, 8, 6.60%, 0, 0, 8, 44.68
1746634543, 0, 811, 872, 841, 8, 6.60%, 0, 0, 8, 43.64
1746634548, 0, 811, 873, 842, 8, 6.60%, 0, 0, 8, 44.73
1746634589, 0, 811, 874, 843, 8, 6.60%, 0, 0, 8, 43.26
1746634635, 0, 811, 875, 844, 8, 6.60%, 0, 0, 8, 44.41
1746634640, 0, 811, 876, 845, 8, 6.60%, 0, 0, 8, 43.16
1746634645, 0, 811, 877, 846, 8, 6.60%, 0, 0, 8, 44.28
1746634660, 0, 811, 878, 847, 8, 6.60%, 0, 0, 8, 44.22
1746634690, 0, 818, 878, 846, 9, 6.60%, 0, 0, 8, 43.39
1746635754, 0, 823, 878, 845, 9, 6.60%, 0, 0, 8, 47.35
1746635816, 0, 823, 879, 846, 9, 6.60%, 0, 0, 8, 34.50
1746635831, 0, 823, 880, 847, 9, 6.60%, 0, 0, 8, 34.35
1746636495, 0, 823, 881, 848, 9, 6.60%, 0, 0, 8, 34.32
1746637126, 0, 823, 882, 849, 9, 6.61%, 0, 0, 8, 38.18
1746637309, 0, 823, 883, 850, 9, 6.61%, 0, 0, 8, 44.83
1746637314, 0, 823, 884, 851, 9, 6.61%, 0, 0, 8, 43.68
1746637350, 0, 823, 885, 852, 9, 6.61%, 0, 0, 8, 44.06
1746637380, 0, 823, 886, 853, 9, 6.61%, 0, 0, 8, 44.39
1746637391, 0, 823, 887, 854, 9, 6.61%, 0, 0, 8, 44.07
1746637467, 0, 823, 888, 855, 9, 6.61%, 0, 0, 8, 44.76
1746637507, 0, 823, 889, 856, 9, 6.61%, 0, 0, 8, 43.91
1746637563, 0, 823, 890, 857, 9, 6.62%, 0, 0, 8, 44.41
1746637568, 0, 824, 890, 856, 10, 6.62%, 0, 0, 8, 41.06
1746637665, 0, 824, 891, 857, 10, 6.62%, 0, 0, 8, 34.83
1746639293, 0, 829, 891, 856, 9, 6.62%, 0, 0, 8, 41.28
1746640809, 0, 838, 891, 855, 9, 6.62%, 0, 0, 8, 37.18
1746640820, 0, 838, 892, 856, 9, 6.62%, 0, 0, 8, 32.26
1746641131, 0, 838, 893, 857, 9, 6.62%, 0, 0, 8, 32.86
1746642698, 0, 838, 894, 858, 9, 6.62%, 0, 0, 8, 32.93
1746642933, 0, 838, 895, 859, 9, 6.62%, 0, 0, 8, 36.31
1746642943, 0, 838, 896, 860, 9, 6.62%, 0, 0, 8, 39.90
1746642948, 0, 838, 897, 861, 9, 6.62%, 0, 0, 8, 40.41
1746642959, 0, 838, 899, 863, 9, 6.62%, 0, 0, 8, 39.82
1746642964, 0, 838, 900, 864, 9, 6.62%, 0, 0, 8, 40.01
1746642969, 0, 838, 901, 865, 9, 6.62%, 0, 0, 8, 40.21
1746642979, 0, 838, 902, 866, 9, 6.62%, 0, 0, 8, 38.96
1746643091, 0, 838, 903, 867, 9, 6.62%, 0, 0, 8, 41.59
1746643152, 0, 838, 904, 868, 9, 6.62%, 0, 0, 8, 40.16
1746643168, 0, 838, 905, 869, 9, 6.62%, 0, 0, 8, 40.02
1746643239, 0, 839, 905, 868, 9, 6.62%, 0, 0, 8, 39.84
1746644975, 0, 860, 905, 867, 8, 6.62%, 0, 0, 8, 38.66
1746646573, 0, 865, 905, 866, 7, 6.62%, 0, 0, 8, 41.48
1746648026, 0, 881, 905, 865, 6, 6.62%, 0, 0, 8, 42.65
1746648092, 0, 881, 907, 867, 6, 6.62%, 0, 0, 9, 34.71
1746648164, 0, 881, 908, 868, 6, 6.62%, 0, 0, 9, 34.71
1746648266, 0, 881, 909, 869, 6, 6.62%, 0, 0, 9, 36.03
1746648276, 0, 881, 910, 870, 6, 6.62%, 0, 0, 9, 35.63
1746649140, 0, 881, 911, 871, 6, 6.62%, 0, 0, 9, 34.71
1746649145, 0, 881, 913, 873, 6, 6.62%, 0, 0, 9, 34.70
1746649562, 0, 881, 914, 874, 6, 6.62%, 0, 0, 9, 44.34
1746649602, 0, 881, 915, 875, 6, 6.62%, 0, 0, 9, 45.36
1746649653, 0, 883, 915, 874, 6, 6.62%, 0, 0, 9, 44.31
1746649734, 0, 883, 917, 876, 6, 6.62%, 0, 0, 9, 29.66
1746649744, 0, 883, 918, 877, 6, 6.62%, 0, 0, 9, 29.57
1746650484, 0, 883, 919, 878, 6, 6.62%, 0, 0, 9, 29.76
1746651054, 0, 883, 920, 879, 6, 6.62%, 0, 0, 9, 32.90
1746651569, 0, 883, 921, 880, 6, 6.62%, 0, 0, 9, 29.60
1746651666, 0, 883, 922, 881, 6, 6.62%, 0, 0, 9, 41.60
1746651671, 0, 883, 923, 882, 6, 6.65%, 0, 0, 9, 42.34
1746651681, 0, 883, 924, 883, 6, 6.65%, 0, 0, 9, 42.10
1746651686, 0, 883, 925, 884, 6, 6.65%, 0, 0, 9, 42.40
1746651691, 0, 883, 926, 885, 6, 6.65%, 0, 0, 9, 43.45
1746651696, 0, 883, 927, 886, 6, 6.65%, 0, 0, 9, 43.60
1746651711, 0, 883, 928, 887, 6, 6.66%, 0, 0, 9, 41.38
1746651716, 0, 883, 929, 888, 6, 6.66%, 0, 0, 9, 42.45
1746651727, 0, 883, 930, 889, 6, 6.66%, 0, 0, 9, 42.66
1746651732, 0, 883, 931, 890, 6, 6.66%, 0, 0, 9, 41.61
1746651747, 0, 883, 932, 891, 6, 6.66%, 0, 0, 9, 44.08
1746651752, 0, 883, 934, 893, 6, 6.66%, 0, 0, 9, 43.02
1746651767, 0, 883, 935, 894, 6, 6.66%, 0, 0, 9, 41.79
1746651798, 0, 883, 936, 895, 6, 6.66%, 0, 0, 9, 44.25
1746651803, 0, 883, 937, 896, 6, 6.66%, 0, 0, 9, 42.41
1746651833, 0, 883, 938, 897, 6, 6.66%, 0, 0, 9, 43.19
1746651843, 0, 883, 939, 898, 6, 6.66%, 0, 0, 9, 44.48
1746651859, 0, 883, 940, 899, 6, 6.66%, 0, 0, 9, 42.97
1746651879, 0, 888, 940, 898, 8, 6.66%, 0, 0, 9, 39.77
1746653232, 0, 888, 941, 899, 8, 6.67%, 0, 0, 9, 38.49
1746653414, 0, 888, 942, 900, 8, 6.67%, 0, 0, 9, 44.14
1746653455, 0, 889, 942, 899, 9, 6.67%, 0, 0, 9, 39.63
1746653521, 0, 889, 943, 900, 9, 6.91%, 0, 0, 9, 32.74
1746653526, 0, 889, 945, 902, 9, 6.91%, 0, 0, 9, 32.78
1746653613, 0, 889, 946, 903, 9, 6.91%, 0, 0, 9, 32.65
1746653711, 0, 889, 948, 905, 9, 6.91%, 0, 0, 9, 34.10
1746653721, 0, 889, 949, 906, 9, 6.91%, 0, 0, 9, 34.15
1746654213, 0, 889, 950, 907, 9, 6.91%, 0, 0, 9, 32.59
1746654925, 0, 889, 951, 908, 9, 6.91%, 0, 0, 9, 40.92
1746655135, 0, 889, 952, 909, 9, 6.91%, 0, 0, 9, 47.02
1746655170, 0, 910, 952, 908, 9, 6.91%, 0, 0, 9, 49.97
