# unix_time, cycles_done, cur_path, paths_total, pending_total, pending_favs, map_size, unique_crashes, unique_hangs, max_depth, execs_per_sec
1746611823, 0, 0, 1, 1, 1, 5.40%, 0, 0, 1, 70.80
1746611829, 0, 0, 51, 51, 1, 5.71%, 0, 0, 2, 83.95
1746611834, 0, 0, 94, 94, 1, 6.15%, 0, 0, 2, 85.63
1746611839, 0, 0, 125, 125, 1, 6.18%, 0, 0, 2, 79.58
1746611844, 0, 0, 148, 148, 1, 6.28%, 0, 0, 2, 78.69
1746611849, 0, 0, 169, 169, 1, 6.28%, 0, 0, 2, 80.56
1746611854, 0, 0, 189, 189, 1, 6.28%, 0, 0, 2, 79.54
1746611860, 0, 0, 204, 204, 1, 6.28%, 0, 0, 2, 77.54
1746611865, 0, 0, 220, 220, 1, 6.28%, 0, 0, 2, 80.44
1746611870, 0, 0, 232, 232, 1, 6.29%, 0, 0, 2, 77.96
1746611875, 0, 0, 242, 242, 1, 6.30%, 0, 0, 2, 72.23
1746611880, 0, 0, 252, 252, 1, 6.30%, 0, 0, 2, 76.40
1746611885, 0, 0, 260, 260, 1, 6.30%, 0, 0, 2, 78.76
1746611890, 0, 0, 262, 262, 1, 6.30%, 0, 0, 2, 80.09
1746611896, 0, 0, 270, 270, 1, 6.30%, 0, 0, 2, 78.42
1746611901, 0, 0, 273, 273, 1, 6.30%, 0, 0, 2, 80.65
1746611906, 0, 0, 277, 277, 1, 6.30%, 0, 0, 2, 81.11
1746611911, 0, 0, 282, 282, 1, 6.30%, 0, 0, 2, 79.75
1746611916, 0, 0, 288, 288, 1, 6.30%, 0, 0, 2, 79.05
1746611921, 0, 0, 293, 293, 1, 6.30%, 0, 0, 2, 80.25
1746611927, 0, 0, 298, 298, 1, 6.30%, 0, 0, 2, 79.94
1746611932, 0, 0, 306, 306, 1, 6.30%, 0, 0, 2, 66.07
1746611937, 0, 0, 313, 313, 1, 6.30%, 0, 0, 2, 68.68
1746611942, 0, 0, 315, 315, 1, 6.30%, 0, 0, 2, 67.62
1746611947, 0, 0, 318, 318, 1, 6.30%, 0, 0, 2, 69.75
1746611953, 0, 0, 324, 324, 1, 6.31%, 0, 0, 2, 67.87
1746611958, 0, 0, 328, 328, 1, 6.31%, 0, 0, 2, 68.10
1746611963, 0, 0, 330, 330, 1, 6.31%, 0, 0, 2, 70.14
1746611968, 0, 0, 335, 335, 1, 6.31%, 0, 0, 2, 70.64
1746611978, 0, 0, 339, 339, 1, 6.31%, 0, 0, 2, 67.83
1746611984, 0, 0, 340, 340, 1, 6.31%, 0, 0, 2, 69.06
1746611989, 0, 0, 343, 343, 1, 6.31%, 0, 0, 2, 69.84
1746611994, 0, 0, 346, 346, 1, 6.31%, 0, 0, 2, 70.66
1746611999, 0, 0, 347, 347, 1, 6.31%, 0, 0, 2, 70.32
1746612009, 0, 0, 348, 348, 1, 6.31%, 0, 0, 2, 70.21
1746612014, 0, 0, 351, 351, 1, 6.31%, 0, 0, 2, 69.56
1746612020, 0, 0, 353, 353, 1, 6.31%, 0, 0, 2, 70.56
1746612025, 0, 0, 355, 355, 1, 6.31%, 0, 0, 2, 73.51
1746612030, 0, 0, 358, 358, 1, 6.31%, 0, 0, 2, 72.17
1746612035, 0, 0, 361, 361, 1, 6.31%, 0, 0, 2, 70.07
1746612040, 0, 0, 364, 364, 1, 6.31%, 0, 0, 2, 70.97
1746612045, 0, 0, 366, 366, 1, 6.31%, 0, 0, 2, 69.41
1746612050, 0, 0, 368, 368, 1, 6.31%, 0, 0, 2, 67.66
1746612060, 0, 0, 369, 369, 1, 6.31%, 0, 0, 2, 68.91
1746612066, 0, 0, 371, 371, 1, 6.31%, 0, 0, 2, 69.79
1746612076, 0, 0, 373, 373, 1, 6.31%, 0, 0, 2, 66.39
1746612081, 0, 0, 375, 375, 1, 6.31%, 0, 0, 2, 67.52
1746612086, 0, 0, 376, 376, 1, 6.31%, 0, 0, 2, 68.41
1746612091, 0, 1, 376, 375, 20, 6.31%, 0, 0, 2, 66.20
1746612097, 0, 1, 378, 377, 20, 6.31%, 0, 0, 3, 65.16
1746612102, 0, 1, 380, 379, 20, 6.31%, 0, 0, 3, 66.72
1746612107, 0, 1, 382, 381, 20, 6.31%, 0, 0, 3, 63.82
1746612112, 0, 1, 383, 382, 20, 6.31%, 0, 0, 3, 63.74
1746612117, 0, 1, 384, 383, 20, 6.31%, 0, 0, 3, 66.29
1746612123, 0, 1, 386, 385, 20, 6.31%, 0, 0, 3, 64.91
1746612128, 0, 1, 390, 389, 20, 6.31%, 0, 0, 3, 61.24
1746612143, 0, 1, 392, 391, 20, 6.31%, 0, 0, 3, 65.88
1746612153, 0, 1, 393, 392, 20, 6.31%, 0, 0, 3, 64.59
1746612164, 0, 1, 394, 393, 20, 6.31%, 0, 0, 3, 67.61
1746612174, 0, 1, 397, 396, 20, 6.31%, 0, 0, 3, 65.80
1746612179, 0, 1, 398, 397, 20, 6.31%, 0, 0, 3, 67.22
1746612189, 0, 1, 400, 399, 20, 6.80%, 0, 0, 3, 63.27
1746612200, 0, 1, 402, 401, 20, 6.80%, 0, 0, 3, 66.63
1746612205, 0, 1, 404, 403, 20, 6.80%, 0, 0, 3, 67.57
1746612210, 0, 1, 405, 404, 20, 6.80%, 0, 0, 3, 67.83
1746612220, 0, 1, 406, 405, 20, 6.80%, 0, 0, 3, 66.71
1746612225, 0, 1, 407, 406, 20, 6.80%, 0, 0, 3, 66.53
1746612230, 0, 1, 408, 407, 20, 6.80%, 0, 0, 3, 64.19
1746612236, 0, 1, 409, 408, 20, 6.80%, 0, 0, 3, 65.93
1746612241, 0, 1, 412, 411, 20, 6.80%, 0, 0, 3, 66.59
1746612246, 0, 1, 413, 412, 20, 6.80%, 0, 0, 3, 65.67
1746612261, 0, 1, 414, 413, 20, 6.80%, 0, 0, 3, 62.48
1746612266, 0, 1, 415, 414, 20, 6.81%, 0, 0, 3, 59.50
1746612271, 0, 1, 418, 417, 20, 6.81%, 0, 0, 3, 63.60
1746612287, 0, 1, 419, 418, 20, 6.81%, 0, 0, 3, 61.06
1746612297, 0, 1, 421, 420, 20, 6.81%, 0, 0, 3, 64.96
1746612302, 0, 1, 422, 421, 20, 6.81%, 0, 0, 3, 63.14
1746612307, 0, 1, 423, 422, 20, 6.81%, 0, 0, 3, 64.73
1746612312, 0, 1, 424, 423, 20, 6.81%, 0, 0, 3, 64.39
1746612323, 0, 1, 425, 424, 20, 6.81%, 0, 0, 3, 64.08
1746612328, 0, 1, 426, 425, 20, 6.81%, 0, 0, 3, 64.51
1746612333, 0, 1, 428, 427, 20, 6.81%, 0, 0, 3, 62.50
1746612343, 0, 1, 429, 428, 20, 6.81%, 0, 0, 3, 66.76
1746612348, 0, 24, 430, 428, 9, 6.81%, 0, 0, 3, 69.58
1746612354, 0, 24, 431, 429, 9, 6.81%, 0, 0, 3, 70.21
1746612359, 0, 24, 432, 430, 9, 6.81%, 0, 0, 3, 70.45
1746612369, 0, 24, 434, 432, 9, 6.81%, 0, 0, 3, 67.68
1746612384, 0, 24, 435, 433, 9, 6.81%, 0, 0, 3, 69.83
1746612394, 0, 24, 438, 436, 9, 6.81%, 0, 0, 3, 68.17
1746612400, 0, 24, 439, 437, 9, 6.81%, 0, 0, 3, 70.34
1746612405, 0, 24, 442, 440, 9, 6.81%, 0, 0, 3, 69.36
1746612415, 0, 24, 444, 442, 9, 6.95%, 0, 0, 3, 65.67
1746612420, 0, 24, 445, 443, 9, 6.95%, 0, 0, 3, 69.09
1746612425, 0, 24, 446, 444, 9, 6.95%, 0, 0, 3, 66.34
1746612430, 0, 24, 448, 446, 9, 6.95%, 0, 0, 3, 68.27
1746612435, 0, 24, 449, 447, 9, 6.95%, 0, 0, 3, 69.72
1746612451, 0, 24, 450, 448, 9, 6.95%, 0, 0, 3, 68.77
1746612456, 0, 24, 451, 449, 9, 6.95%, 0, 0, 3, 69.61
1746612461, 0, 24, 452, 450, 9, 6.95%, 0, 0, 3, 71.06
1746612518, 0, 24, 454, 452, 9, 6.95%, 0, 0, 3, 69.89
1746612528, 0, 24, 455, 453, 9, 6.95%, 0, 0, 3, 70.54
1746612534, 0, 24, 456, 454, 9, 6.95%, 0, 0, 3, 70.13
1746612539, 0, 24, 457, 455, 9, 6.95%, 0, 0, 3, 69.96
1746612570, 0, 24, 458, 456, 9, 6.95%, 0, 0, 3, 69.87
1746612585, 0, 24, 459, 457, 9, 6.95%, 0, 0, 3, 70.02
1746612590, 0, 39, 460, 457, 9, 6.95%, 0, 0, 3, 71.32
1746612606, 0, 75, 460, 456, 8, 6.95%, 0, 0, 3, 75.41
1746612616, 0, 272, 462, 457, 7, 6.95%, 0, 0, 3, 63.31
1746612621, 0, 272, 465, 460, 7, 6.95%, 0, 0, 3, 54.32
1746612631, 0, 272, 467, 462, 7, 6.95%, 0, 0, 3, 53.71
1746612636, 0, 272, 469, 464, 7, 6.95%, 0, 0, 3, 58.71
1746612641, 0, 272, 472, 467, 7, 6.95%, 0, 0, 3, 59.57
1746612647, 0, 272, 474, 469, 7, 6.95%, 0, 0, 3, 58.53
1746612652, 0, 272, 476, 471, 7, 6.95%, 0, 0, 3, 61.75
1746612657, 0, 272, 477, 472, 7, 6.95%, 0, 0, 3, 62.18
1746612667, 0, 272, 478, 473, 7, 6.95%, 0, 0, 3, 61.32
1746612672, 0, 272, 479, 474, 7, 6.95%, 0, 0, 3, 61.45
1746612677, 0, 272, 480, 475, 7, 6.95%, 0, 0, 3, 60.83
1746612682, 0, 272, 483, 478, 7, 6.95%, 0, 0, 3, 57.51
1746612687, 0, 272, 484, 479, 7, 6.95%, 0, 0, 3, 59.98
1746612692, 0, 272, 485, 480, 7, 6.95%, 0, 0, 3, 60.90
1746612697, 0, 272, 487, 482, 7, 6.96%, 0, 0, 3, 60.36
1746612707, 0, 272, 488, 483, 7, 6.96%, 0, 0, 3, 61.43
1746612718, 0, 272, 489, 484, 7, 6.96%, 0, 0, 3, 60.31
1746612723, 0, 272, 490, 485, 7, 6.96%, 0, 0, 3, 62.40
1746612733, 0, 272, 493, 488, 7, 6.96%, 0, 0, 3, 61.01
1746612738, 0, 272, 494, 489, 7, 6.96%, 0, 0, 3, 62.34
1746612743, 0, 272, 496, 491, 7, 6.96%, 0, 0, 3, 61.71
1746612753, 0, 272, 497, 492, 7, 6.96%, 0, 0, 3, 60.41
1746612764, 0, 272, 498, 493, 7, 6.96%, 0, 0, 3, 60.23
1746612769, 0, 272, 499, 494, 7, 6.96%, 0, 0, 3, 61.73
1746612779, 0, 272, 501, 496, 7, 6.96%, 0, 0, 3, 61.00
1746612784, 0, 272, 502, 497, 7, 6.96%, 0, 0, 3, 59.33
1746612794, 0, 272, 503, 498, 7, 6.96%, 0, 0, 3, 61.10
1746612805, 0, 272, 507, 502, 7, 6.96%, 0, 0, 3, 61.61
1746612810, 0, 272, 508, 503, 7, 6.96%, 0, 0, 3, 60.36
1746612825, 0, 272, 509, 504, 7, 6.96%, 0, 0, 3, 59.62
1746612830, 0, 272, 510, 505, 7, 6.97%, 0, 0, 3, 59.45
1746612841, 0, 272, 512, 507, 7, 6.97%, 0, 0, 3, 60.63
1746612846, 0, 272, 514, 509, 7, 6.97%, 0, 0, 3, 59.53
1746612851, 0, 272, 516, 511, 7, 6.97%, 0, 0, 3, 58.64
1746612856, 0, 272, 519, 514, 7, 6.97%, 0, 0, 3, 59.34
1746612866, 0, 272, 520, 515, 7, 6.97%, 0, 0, 3, 59.88
1746612886, 0, 272, 522, 517, 7, 6.97%, 0, 0, 3, 61.65
1746612907, 0, 272, 525, 520, 7, 6.97%, 0, 0, 3, 60.12
1746612912, 0, 336, 525, 519, 8, 6.97%, 0, 0, 3, 57.35
1746612922, 0, 336, 526, 520, 8, 6.97%, 0, 0, 3, 56.59
1746612927, 0, 336, 528, 522, 8, 6.97%, 0, 0, 3, 62.82
1746612948, 0, 336, 529, 523, 8, 6.97%, 0, 0, 3, 62.11
1746612963, 0, 336, 530, 524, 8, 6.97%, 0, 0, 3, 63.35
1746612968, 0, 336, 531, 525, 8, 6.97%, 0, 0, 3, 61.14
1746612974, 0, 336, 532, 526, 8, 6.97%, 0, 0, 3, 62.14
1746612984, 0, 336, 533, 527, 8, 6.97%, 0, 0, 3, 62.08
1746612989, 0, 336, 534, 528, 8, 6.97%, 0, 0, 3, 62.23
1746612994, 0, 336, 535, 529, 8, 6.97%, 0, 0, 3, 62.09
1746612999, 0, 336, 536, 530, 8, 6.97%, 0, 0, 3, 62.23
1746613009, 0, 336, 537, 531, 8, 6.97%, 0, 0, 3, 59.39
1746613040, 0, 336, 538, 532, 8, 6.97%, 0, 0, 3, 61.19
1746613081, 0, 336, 539, 533, 8, 6.97%, 0, 0, 3, 62.46
1746613102, 0, 336, 540, 534, 8, 6.97%, 0, 0, 3, 61.94
1746613112, 0, 336, 541, 535, 8, 6.97%, 0, 0, 3, 62.82
1746613143, 0, 336, 542, 536, 8, 6.97%, 0, 0, 3, 61.79
1746613164, 0, 336, 543, 537, 8, 6.97%, 0, 0, 3, 62.35
1746613184, 0, 392, 543, 536, 8, 6.97%, 0, 0, 3, 61.67
1746613194, 0, 392, 544, 537, 8, 6.97%, 0, 0, 4, 50.57
1746613215, 0, 392, 545, 538, 8, 6.97%, 0, 0, 4, 59.50
1746613220, 0, 392, 546, 539, 8, 6.97%, 0, 0, 4, 60.83
1746613225, 0, 392, 548, 541, 8, 6.97%, 0, 0, 4, 58.35
1746613265, 0, 392, 549, 542, 8, 6.97%, 0, 0, 4, 57.74
1746613301, 0, 392, 551, 544, 8, 6.97%, 0, 0, 4, 59.64
1746613311, 0, 392, 552, 545, 8, 6.97%, 0, 0, 4, 61.95
1746613321, 0, 392, 553, 546, 8, 6.97%, 0, 0, 4, 60.07
1746613367, 0, 392, 554, 547, 8, 6.97%, 0, 0, 4, 61.71
1746613398, 0, 392, 555, 548, 8, 6.97%, 0, 0, 4, 60.78
1746613403, 0, 392, 556, 549, 8, 6.97%, 0, 0, 4, 61.01
1746613424, 0, 392, 557, 550, 8, 6.97%, 0, 0, 4, 61.96
1746613469, 0, 392, 558, 551, 8, 6.97%, 0, 0, 4, 59.52
1746613480, 0, 396, 558, 550, 9, 6.97%, 0, 0, 4, 58.12
1746613530, 0, 396, 559, 551, 9, 6.97%, 0, 0, 4, 57.39
1746613541, 0, 414, 559, 550, 9, 6.97%, 0, 0, 4, 53.17
1746613546, 0, 414, 567, 558, 9, 6.97%, 0, 0, 4, 28.48
1746613551, 0, 414, 574, 565, 9, 6.97%, 0, 0, 4, 19.58
1746613556, 0, 414, 576, 567, 9, 6.97%, 0, 0, 4, 25.04
1746613561, 0, 414, 583, 574, 9, 6.97%, 0, 0, 4, 19.14
1746613566, 0, 414, 584, 575, 9, 7.01%, 0, 0, 4, 24.40
1746613571, 0, 414, 588, 579, 9, 7.17%, 0, 0, 4, 18.85
1746613576, 0, 414, 590, 581, 9, 7.17%, 0, 0, 4, 22.21
1746613587, 0, 414, 596, 587, 9, 7.17%, 0, 0, 4, 29.88
1746613592, 0, 414, 604, 595, 9, 7.17%, 0, 0, 4, 26.23
1746613597, 0, 414, 605, 596, 9, 7.17%, 0, 0, 4, 26.00
1746613602, 0, 414, 613, 604, 9, 7.17%, 0, 0, 4, 20.57
1746613607, 0, 414, 621, 612, 9, 7.17%, 0, 0, 4, 18.55
1746613612, 0, 414, 627, 618, 9, 7.17%, 0, 0, 4, 17.44
1746613617, 0, 414, 628, 619, 9, 7.17%, 0, 0, 4, 16.79
1746613622, 0, 414, 631, 622, 9, 7.17%, 0, 0, 4, 16.58
1746613628, 0, 414, 638, 629, 9, 7.17%, 0, 0, 4, 17.46
1746613633, 0, 414, 644, 635, 9, 7.17%, 0, 0, 4, 16.49
1746613638, 0, 414, 647, 638, 9, 7.17%, 0, 0, 4, 16.13
1746613643, 0, 414, 648, 639, 9, 7.17%, 0, 0, 4, 16.27
1746613653, 0, 414, 650, 641, 9, 7.17%, 0, 0, 4, 21.68
1746613658, 0, 414, 653, 644, 9, 7.17%, 0, 0, 4, 28.14
1746613669, 0, 414, 656, 647, 9, 7.17%, 0, 0, 4, 20.88
1746613674, 0, 414, 661, 652, 9, 7.17%, 0, 0, 4, 18.35
1746613679, 0, 414, 662, 653, 9, 7.17%, 0, 0, 4, 17.29
1746613684, 0, 414, 665, 656, 9, 7.17%, 0, 0, 4, 30.40
1746613689, 0, 414, 667, 658, 9, 7.17%, 0, 0, 4, 33.04
1746613699, 0, 414, 670, 661, 9, 7.17%, 0, 0, 4, 21.94
1746613704, 0, 414, 672, 663, 9, 7.17%, 0, 0, 4, 19.69
1746613709, 0, 414, 673, 664, 9, 7.17%, 0, 0, 4, 18.59
1746613714, 0, 414, 676, 667, 9, 7.17%, 0, 0, 4, 27.68
1746613725, 0, 414, 677, 668, 9, 7.17%, 0, 0, 4, 39.40
1746613730, 0, 414, 680, 671, 9, 7.22%, 0, 0, 4, 36.38
1746613735, 0, 414, 682, 673, 9, 7.22%, 0, 0, 4, 39.58
1746613740, 0, 414, 685, 676, 9, 7.23%, 0, 0, 4, 38.58
1746613745, 0, 414, 686, 677, 9, 7.23%, 0, 0, 4, 41.45
1746613756, 0, 414, 688, 679, 9, 7.23%, 0, 0, 4, 40.48
1746613761, 0, 414, 691, 682, 9, 7.23%, 0, 0, 4, 34.40
1746613766, 0, 414, 694, 685, 9, 7.23%, 0, 0, 4, 39.54
1746613776, 0, 414, 695, 686, 9, 7.23%, 0, 0, 4, 42.26
1746613781, 0, 414, 699, 690, 9, 7.23%, 0, 0, 4, 36.81
1746613791, 0, 414, 701, 692, 9, 7.23%, 0, 0, 4, 40.66
1746613807, 0, 414, 702, 693, 9, 7.23%, 0, 0, 4, 42.39
1746613812, 0, 414, 704, 695, 9, 7.23%, 0, 0, 4, 40.50
1746613827, 0, 414, 705, 696, 9, 7.23%, 0, 0, 4, 42.44
1746613848, 0, 414, 706, 697, 9, 7.23%, 0, 0, 4, 43.04
1746613853, 0, 414, 708, 699, 9, 7.23%, 0, 0, 4, 42.28
1746613858, 0, 414, 709, 700, 9, 7.23%, 0, 0, 4, 40.12
1746613863, 0, 414, 710, 701, 9, 7.23%, 0, 0, 4, 41.35
1746613868, 0, 414, 712, 703, 9, 7.23%, 0, 0, 4, 38.67
1746613873, 0, 414, 713, 704, 9, 7.23%, 0, 0, 4, 39.49
1746613878, 0, 414, 714, 705, 9, 7.23%, 0, 0, 4, 40.86
1746613884, 0, 414, 716, 707, 9, 7.23%, 0, 0, 4, 36.96
1746613889, 0, 414, 718, 709, 9, 7.23%, 0, 0, 4, 39.25
1746613894, 0, 414, 719, 710, 9, 7.23%, 0, 0, 4, 42.04
1746613904, 0, 414, 720, 711, 9, 7.23%, 0, 0, 4, 42.06
1746613909, 0, 414, 721, 712, 9, 7.23%, 0, 0, 4, 42.73
1746613929, 0, 414, 722, 713, 9, 7.23%, 0, 0, 4, 42.70
1746613945, 0, 414, 725, 716, 9, 7.23%, 0, 0, 4, 40.89
1746613950, 0, 414, 727, 718, 9, 7.23%, 0, 0, 4, 43.29
1746613965, 0, 414, 728, 719, 9, 7.23%, 0, 0, 4, 45.29
1746613970, 0, 414, 729, 720, 9, 7.23%, 0, 0, 4, 42.85
1746613975, 0, 414, 730, 721, 9, 7.23%, 0, 0, 4, 41.78
1746613986, 0, 414, 731, 722, 9, 7.23%, 0, 0, 4, 41.73
1746613991, 0, 414, 732, 723, 9, 7.23%, 0, 0, 4, 37.28
1746613996, 0, 414, 734, 725, 9, 7.23%, 0, 0, 4, 40.08
1746614001, 0, 414, 735, 726, 9, 7.23%, 0, 0, 4, 40.60
1746614011, 0, 414, 736, 727, 9, 7.23%, 0, 0, 4, 40.62
1746614016, 0, 414, 737, 728, 9, 7.23%, 0, 0, 4, 40.93
1746614022, 0, 414, 738, 729, 9, 7.23%, 0, 0, 4, 41.78
1746614032, 0, 414, 740, 731, 9, 7.23%, 0, 0, 4, 35.44
1746614037, 0, 414, 741, 732, 9, 7.23%, 0, 0, 4, 39.26
1746614042, 0, 414, 742, 733, 9, 7.23%, 0, 0, 4, 40.52
1746614058, 0, 414, 743, 734, 9, 7.23%, 0, 0, 4, 45.63
1746614063, 0, 414, 744, 735, 9, 7.23%, 0, 0, 4, 41.63
1746614104, 0, 414, 745, 736, 9, 7.23%, 0, 0, 4, 45.18
1746614109, 0, 414, 748, 739, 9, 7.23%, 0, 0, 4, 41.32
1746614114, 0, 414, 749, 740, 9, 7.23%, 0, 0, 4, 43.46
1746614119, 0, 414, 750, 741, 9, 7.23%, 0, 0, 4, 43.37
1746614124, 0, 435, 750, 740, 16, 7.23%, 0, 0, 4, 45.34
1746614155, 0, 453, 750, 739, 16, 7.23%, 0, 0, 4, 44.39
1746614160, 0, 453, 751, 740, 16, 7.23%, 0, 0, 4, 44.33
1746614165, 0, 453, 754, 743, 16, 7.23%, 0, 0, 4, 42.77
1746614230, 0, 453, 755, 744, 16, 7.23%, 0, 0, 4, 47.07
1746614251, 0, 453, 757, 746, 16, 7.23%, 0, 0, 4, 46.50
1746614256, 0, 453, 758, 747, 16, 7.23%, 0, 0, 4, 48.55
1746614266, 0, 453, 759, 748, 16, 7.23%, 0, 0, 4, 51.07
1746614276, 0, 453, 760, 749, 16, 7.23%, 0, 0, 4, 50.46
1746614281, 0, 453, 761, 750, 16, 7.23%, 0, 0, 4, 51.77
1746614287, 0, 453, 762, 751, 16, 7.23%, 0, 0, 4, 51.92
1746614297, 0, 453, 763, 752, 16, 7.23%, 0, 0, 4, 49.26
1746614302, 0, 453, 764, 753, 16, 7.23%, 0, 0, 4, 49.37
1746614357, 0, 453, 765, 754, 16, 7.23%, 0, 0, 4, 52.71
1746614363, 0, 453, 766, 755, 16, 7.23%, 0, 0, 4, 51.17
1746614398, 0, 453, 767, 756, 16, 7.43%, 0, 0, 4, 52.15
1746614403, 0, 453, 769, 758, 16, 7.43%, 0, 0, 4, 46.87
1746614408, 0, 453, 770, 759, 16, 7.43%, 0, 0, 4, 48.39
1746614413, 0, 453, 771, 760, 16, 7.43%, 0, 0, 4, 49.66
1746614418, 0, 453, 772, 761, 16, 7.43%, 0, 0, 4, 51.02
1746614428, 0, 453, 773, 762, 16, 7.43%, 0, 0, 4, 50.05
1746614439, 0, 453, 774, 763, 16, 7.43%, 0, 0, 4, 50.84
1746614499, 0, 453, 775, 764, 16, 7.43%, 0, 0, 4, 50.48
1746614550, 0, 453, 776, 765, 16, 7.43%, 0, 0, 4, 48.98
1746614555, 0, 453, 777, 766, 16, 7.43%, 0, 0, 4, 52.21
1746614565, 0, 481, 779, 767, 15, 7.43%, 0, 0, 4, 36.66
1746614570, 0, 481, 782, 770, 15, 7.43%, 0, 0, 4, 29.44
1746614576, 0, 481, 784, 772, 15, 7.43%, 0, 0, 4, 28.46
1746614591, 0, 481, 785, 773, 15, 7.43%, 0, 0, 4, 26.48
1746614596, 0, 481, 786, 774, 15, 7.43%, 0, 0, 4, 25.49
1746614616, 0, 481, 787, 775, 15, 7.43%, 0, 0, 4, 41.88
1746614626, 0, 481, 788, 776, 15, 7.43%, 0, 0, 4, 37.52
1746614636, 0, 486, 788, 775, 15, 7.43%, 0, 0, 4, 38.21
1746614677, 0, 486, 789, 776, 15, 7.43%, 0, 0, 4, 31.42
1746614697, 0, 525, 790, 776, 16, 7.43%, 0, 0, 4, 46.92
1746614708, 0, 525, 792, 778, 16, 7.43%, 0, 0, 4, 48.86
1746614718, 0, 525, 793, 779, 16, 7.43%, 0, 0, 4, 53.28
1746614733, 0, 534, 793, 778, 16, 7.43%, 0, 0, 4, 37.05
1746614738, 0, 534, 795, 780, 16, 7.43%, 0, 0, 4, 28.50
1746614754, 0, 534, 796, 781, 16, 7.43%, 0, 0, 4, 25.23
1746614759, 0, 534, 797, 782, 16, 7.43%, 0, 0, 4, 25.24
1746614769, 0, 534, 798, 783, 16, 7.43%, 0, 0, 4, 31.29
1746614774, 0, 534, 799, 784, 16, 7.43%, 0, 0, 4, 36.28
1746614790, 0, 583, 799, 783, 16, 7.43%, 0, 0, 4, 46.18
1746614800, 0, 583, 801, 785, 16, 7.43%, 0, 0, 5, 26.47
1746614810, 0, 583, 802, 786, 16, 7.43%, 0, 0, 5, 20.02
1746614830, 0, 583, 803, 787, 16, 7.43%, 0, 0, 5, 24.90
1746614836, 0, 583, 804, 788, 16, 7.43%, 0, 0, 5, 19.81
1746614851, 0, 583, 805, 789, 16, 7.43%, 0, 0, 5, 16.76
1746614923, 0, 583, 806, 790, 16, 7.43%, 0, 0, 5, 38.78
1746614928, 0, 583, 807, 791, 16, 7.43%, 0, 0, 5, 39.60
1746614933, 0, 583, 808, 792, 16, 7.43%, 0, 0, 5, 40.42
1746614948, 0, 583, 809, 793, 16, 7.43%, 0, 0, 5, 37.68
1746614989, 0, 583, 810, 794, 16, 7.43%, 0, 0, 5, 42.18
1746614999, 0, 583, 811, 795, 16, 7.43%, 0, 0, 5, 41.22
1746615020, 0, 583, 812, 796, 16, 7.43%, 0, 0, 5, 40.75
1746615030, 0, 583, 813, 797, 16, 7.43%, 0, 0, 5, 42.42
1746615040, 0, 583, 814, 798, 16, 7.43%, 0, 0, 5, 43.22
1746615045, 0, 583, 815, 799, 16, 7.43%, 0, 0, 5, 38.85
1746615061, 0, 583, 816, 800, 16, 7.43%, 0, 0, 5, 42.06
1746615153, 0, 583, 817, 801, 16, 7.43%, 0, 0, 5, 40.35
1746615189, 0, 583, 818, 802, 16, 7.43%, 0, 0, 5, 42.20
1746615230, 0, 583, 819, 803, 16, 7.43%, 0, 0, 5, 43.77
1746615296, 0, 629, 819, 802, 15, 7.43%, 0, 0, 5, 29.40
1746615347, 0, 629, 820, 803, 15, 7.43%, 0, 0, 5, 16.99
1746615424, 0, 629, 821, 804, 15, 7.43%, 0, 0, 5, 38.43
1746615440, 0, 670, 821, 803, 15, 7.43%, 0, 0, 5, 44.22
1746615588, 0, 684, 821, 802, 15, 7.43%, 0, 0, 5, 32.99
1746615593, 0, 684, 822, 803, 15, 7.43%, 0, 0, 5, 18.66
1746615603, 0, 684, 824, 805, 15, 7.43%, 0, 0, 5, 16.30
1746615613, 0, 684, 826, 807, 15, 7.44%, 0, 0, 5, 16.80
1746615639, 0, 684, 827, 808, 15, 7.44%, 0, 0, 5, 18.13
1746615660, 0, 684, 828, 809, 15, 7.44%, 0, 0, 5, 14.65
1746615665, 0, 684, 829, 810, 15, 7.44%, 0, 0, 5, 14.18
1746615670, 0, 684, 832, 813, 15, 7.44%, 0, 0, 5, 13.81
1746615675, 0, 684, 833, 814, 15, 7.44%, 0, 0, 5, 13.71
1746615690, 0, 684, 834, 815, 15, 7.44%, 0, 0, 5, 29.23
1746615695, 0, 684, 835, 816, 15, 7.44%, 0, 0, 5, 23.24
1746615731, 0, 684, 836, 817, 15, 7.44%, 0, 0, 5, 18.63
1746615742, 0, 684, 837, 818, 15, 7.44%, 0, 0, 5, 15.69
1746615762, 0, 711, 837, 817, 16, 7.44%, 0, 0, 5, 35.33
1746615767, 0, 711, 838, 818, 16, 7.44%, 0, 0, 5, 30.22
1746615875, 0, 711, 839, 819, 16, 7.44%, 0, 0, 5, 26.47
1746615890, 0, 711, 840, 820, 16, 7.44%, 0, 0, 5, 44.20
1746615895, 0, 711, 841, 821, 16, 7.44%, 0, 0, 5, 41.80
1746615946, 0, 720, 841, 820, 16, 7.44%, 0, 0, 5, 42.36
1746615992, 0, 721, 841, 819, 16, 7.44%, 0, 0, 5, 39.27
1746615997, 0, 721, 842, 820, 16, 7.44%, 0, 0, 5, 21.74
1746616002, 0, 721, 843, 821, 16, 7.44%, 0, 0, 5, 24.28
1746616007, 0, 721, 844, 822, 16, 7.44%, 0, 0, 5, 18.54
1746616012, 0, 721, 846, 824, 16, 7.44%, 0, 0, 5, 21.82
1746616023, 0, 721, 847, 825, 16, 7.44%, 0, 0, 5, 17.26
1746616074, 0, 721, 850, 828, 16, 7.44%, 0, 0, 5, 14.82
1746616079, 0, 721, 856, 834, 16, 7.44%, 0, 0, 5, 14.54
1746616130, 0, 721, 857, 835, 16, 7.44%, 0, 0, 5, 20.95
1746616212, 0, 730, 857, 834, 16, 7.44%, 0, 0, 5, 35.22
1746616237, 0, 730, 859, 836, 16, 7.44%, 0, 0, 5, 29.48
1746616248, 0, 730, 860, 837, 16, 7.44%, 0, 0, 5, 33.24
1746616283, 0, 739, 860, 836, 16, 7.44%, 0, 0, 5, 29.77
1746616457, 0, 739, 861, 837, 16, 7.44%, 0, 0, 5, 15.73
1746616483, 0, 766, 861, 836, 16, 7.44%, 0, 0, 5, 41.45
1746616488, 0, 766, 865, 840, 16, 7.44%, 0, 0, 5, 28.19
1746616493, 0, 766, 869, 844, 16, 7.44%, 0, 0, 5, 28.50
1746616503, 0, 766, 870, 845, 16, 7.44%, 0, 0, 5, 29.04
1746616539, 0, 766, 871, 846, 16, 7.44%, 0, 0, 5, 24.10
1746616544, 0, 766, 873, 848, 16, 7.46%, 0, 0, 5, 23.81
1746616549, 0, 766, 874, 849, 16, 7.46%, 0, 0, 5, 24.49
1746616554, 0, 766, 877, 852, 16, 7.46%, 0, 0, 5, 24.07
1746616626, 0, 766, 879, 854, 16, 7.46%, 0, 0, 5, 23.86
1746616681, 0, 766, 880, 855, 16, 7.46%, 0, 0, 5, 46.45
1746616702, 0, 769, 881, 855, 17, 7.46%, 0, 0, 5, 45.77
1746616707, 0, 769, 884, 858, 17, 7.46%, 0, 0, 5, 40.08
1746616712, 0, 769, 885, 859, 17, 7.46%, 0, 0, 5, 45.57
1746616758, 0, 780, 885, 858, 17, 7.46%, 0, 0, 5, 40.38
1746616804, 0, 780, 886, 859, 17, 7.46%, 0, 0, 5, 34.65
1746616834, 0, 781, 886, 858, 16, 7.46%, 0, 0, 5, 38.12
1746616906, 0, 786, 886, 857, 15, 7.46%, 0, 0, 5, 49.87
1746616911, 0, 786, 887, 858, 15, 7.46%, 0, 0, 5, 34.81
1746616916, 0, 786, 888, 859, 15, 7.46%, 0, 0, 5, 32.36
1746616921, 0, 786, 889, 860, 15, 7.46%, 0, 0, 5, 43.08
1746616926, 0, 786, 890, 861, 15, 7.46%, 0, 0, 5, 33.48
1746616936, 0, 786, 891, 862, 15, 7.46%, 0, 0, 5, 26.20
1746616977, 0, 786, 892, 863, 15, 7.46%, 0, 0, 5, 49.41
1746617008, 0, 788, 893, 863, 14, 7.46%, 0, 0, 5, 40.33
1746617064, 0, 788, 894, 864, 14, 7.46%, 0, 0, 5, 40.39
1746617104, 0, 796, 895, 864, 14, 7.46%, 0, 0, 5, 38.79
1746617176, 0, 821, 895, 863, 14, 7.46%, 0, 0, 5, 46.12
1746617237, 0, 821, 896, 864, 14, 7.46%, 0, 0, 6, 15.96
1746617252, 0, 821, 898, 866, 14, 7.46%, 0, 0, 6, 14.17
1746617349, 0, 824, 898, 865, 13, 7.46%, 0, 0, 6, 41.44
1746617507, 0, 827, 898, 864, 12, 7.46%, 0, 0, 6, 33.04
1746617677, 0, 828, 898, 863, 11, 7.46%, 0, 0, 6, 39.38
1746617851, 0, 833, 898, 862, 10, 7.46%, 0, 0, 6, 29.70
1746618019, 0, 842, 898, 861, 10, 7.46%, 0, 0, 6, 40.13
1746618024, 0, 842, 899, 862, 10, 7.46%, 0, 0, 6, 22.68
1746618106, 0, 842, 900, 863, 10, 7.46%, 0, 0, 6, 14.61
1746618233, 0, 858, 900, 862, 10, 7.46%, 0, 0, 6, 42.89
1746618305, 0, 858, 901, 863, 10, 7.46%, 0, 0, 6, 51.83
1746618325, 0, 862, 901, 862, 9, 7.46%, 0, 0, 6, 36.12
1746618457, 0, 862, 902, 863, 9, 7.46%, 0, 0, 6, 25.51
1746618498, 0, 862, 903, 864, 9, 7.46%, 0, 0, 6, 29.93
1746618523, 0, 863, 903, 863, 8, 7.46%, 0, 0, 6, 36.04
1746618579, 0, 863, 907, 867, 8, 7.46%, 0, 0, 6, 21.19
1746618615, 0, 863, 908, 868, 8, 7.46%, 0, 0, 6, 21.99
1746618691, 0, 863, 909, 869, 8, 7.46%, 0, 0, 6, 46.04
1746618712, 0, 863, 910, 870, 8, 7.46%, 0, 0, 6, 46.06
1746618717, 0, 863, 911, 871, 8, 7.46%, 0, 0, 6, 50.02
1746618762, 0, 863, 912, 872, 8, 7.46%, 0, 0, 6, 46.07
1746618818, 0, 863, 913, 873, 8, 7.46%, 0, 0, 6, 47.26
1746618828, 0, 863, 914, 874, 8, 7.46%, 0, 0, 6, 47.36
1746618844, 0, 863, 915, 875, 8, 7.46%, 0, 0, 6, 45.70
1746619001, 0, 863, 916, 876, 8, 7.46%, 0, 0, 6, 47.73
1746619021, 0, 872, 916, 875, 7, 7.46%, 0, 0, 6, 36.55
1746619026, 0, 872, 919, 878, 7, 7.46%, 0, 0, 6, 24.56
1746619037, 0, 872, 921, 880, 7, 7.46%, 0, 0, 6, 29.53
1746619083, 0, 872, 922, 881, 7, 7.46%, 0, 0, 6, 20.79
1746619144, 0, 872, 923, 882, 7, 7.46%, 0, 0, 6, 21.87
1746619165, 0, 872, 926, 885, 7, 7.46%, 0, 0, 6, 20.25
1746619170, 0, 872, 929, 888, 7, 7.46%, 0, 0, 6, 19.10
1746619236, 0, 884, 930, 888, 7, 7.46%, 0, 0, 6, 41.58
1746619287, 0, 892, 930, 887, 6, 7.46%, 0, 0, 6, 54.60
1746619368, 0, 894, 930, 886, 5, 7.46%, 0, 0, 6, 36.95
1746619399, 0, 894, 931, 887, 5, 7.46%, 0, 0, 6, 25.54
1746619439, 0, 898, 931, 886, 4, 7.46%, 0, 0, 6, 40.97
1746619659, 0, 917, 931, 885, 3, 7.46%, 0, 0, 6, 34.59
1746619869, 1, 143, 931, 884, 2, 7.46%, 0, 0, 6, 54.79
1746619889, 1, 162, 931, 883, 2, 7.46%, 0, 0, 6, 62.78
1746619900, 1, 162, 932, 884, 2, 7.46%, 0, 0, 6, 64.13
1746619910, 1, 162, 933, 885, 2, 7.46%, 0, 0, 6, 66.75
1746619940, 1, 162, 934, 886, 2, 7.46%, 0, 0, 6, 66.66
1746619951, 1, 162, 935, 887, 2, 7.46%, 0, 0, 6, 68.50
1746619961, 1, 162, 936, 888, 2, 7.46%, 0, 0, 6, 67.14
1746620033, 1, 254, 936, 887, 2, 7.46%, 0, 0, 6, 66.06
1746620048, 1, 280, 936, 886, 2, 7.46%, 0, 0, 6, 58.13
1746620064, 1, 280, 937, 887, 2, 7.46%, 0, 0, 6, 57.29
1746620074, 1, 281, 937, 886, 1, 7.46%, 0, 0, 6, 58.97
1746620099, 1, 375, 937, 885, 1, 7.46%, 0, 0, 6, 55.89
1746620135, 1, 509, 937, 884, 1, 7.46%, 0, 0, 6, 42.97
1746620175, 1, 510, 937, 883, 0, 7.46%, 0, 0, 6, 51.89
1746620206, 1, 511, 937, 882, 0, 7.46%, 0, 0, 6, 44.20
1746620241, 1, 513, 937, 881, 0, 7.46%, 0, 0, 6, 50.38
1746620409, 1, 514, 937, 880, 0, 7.46%, 0, 0, 6, 60.98
1746620430, 1, 516, 937, 879, 0, 7.46%, 0, 0, 6, 45.97
1746620465, 1, 519, 937, 878, 0, 7.46%, 0, 0, 6, 47.35
1746620542, 1, 520, 937, 877, 0, 7.46%, 0, 0, 6, 51.54
1746620547, 1, 520, 938, 878, 0, 7.46%, 0, 0, 6, 57.99
1746620562, 1, 521, 938, 877, 0, 7.46%, 0, 0, 6, 56.89
1746620593, 1, 523, 938, 876, 0, 7.46%, 0, 0, 6, 56.18
1746620613, 1, 527, 938, 875, 0, 7.46%, 0, 0, 6, 64.63
1746620628, 1, 529, 938, 874, 0, 7.46%, 0, 0, 6, 48.02
1746620664, 1, 532, 938, 873, 0, 7.46%, 0, 0, 6, 48.79
1746620878, 1, 533, 938, 872, 0, 7.46%, 0, 0, 6, 40.67
1746620924, 1, 539, 938, 871, 0, 7.46%, 0, 0, 6, 39.39
1746620965, 1, 547, 938, 870, 0, 7.46%, 0, 0, 6, 45.69
1746621011, 1, 548, 938, 869, 0, 7.46%, 0, 0, 6, 52.39
1746621093, 1, 549, 938, 868, 0, 7.46%, 0, 0, 6, 48.32
1746621143, 1, 551, 940, 869, 0, 7.46%, 0, 0, 6, 45.64
1746621189, 1, 552, 940, 868, 0, 7.46%, 0, 0, 6, 51.98
1746621235, 1, 556, 940, 867, 0, 7.46%, 0, 0, 6, 55.81
1746621397, 1, 556, 942, 869, 0, 7.46%, 0, 0, 6, 54.89
1746621423, 1, 556, 943, 870, 0, 7.46%, 0, 0, 6, 51.80
1746621459, 1, 560, 943, 869, 0, 7.46%, 0, 0, 6, 37.90
1746621607, 1, 566, 943, 868, 0, 7.46%, 0, 0, 6, 30.84
1746621750, 1, 567, 943, 867, 0, 7.46%, 0, 0, 6, 41.09
1746621898, 1, 568, 943, 866, 0, 7.46%, 0, 0, 6, 28.50
1746621944, 1, 568, 944, 867, 0, 7.46%, 0, 0, 6, 16.56
1746622046, 1, 576, 944, 866, 0, 7.46%, 0, 0, 6, 37.58
1746622159, 1, 585, 944, 865, 0, 7.46%, 0, 0, 6, 45.32
1746622308, 1, 588, 944, 864, 0, 7.46%, 0, 0, 6, 40.90
1746622456, 1, 594, 944, 863, 0, 7.46%, 0, 0, 6, 39.61
1746622573, 1, 597, 944, 862, 0, 7.46%, 0, 0, 6, 37.80
1746622609, 1, 597, 945, 863, 0, 7.46%, 0, 0, 6, 40.66
1746622640, 1, 598, 945, 862, 0, 7.46%, 0, 0, 6, 47.27
1746622721, 1, 603, 945, 861, 0, 7.46%, 0, 0, 6, 36.64
1746622798, 1, 608, 945, 860, 0, 7.46%, 0, 0, 6, 34.87
1746622911, 1, 609, 945, 859, 0, 7.46%, 0, 0, 6, 40.04
1746623028, 1, 616, 945, 858, 0, 7.46%, 0, 0, 6, 32.88
1746623141, 1, 623, 945, 857, 0, 7.46%, 0, 0, 6, 44.17
1746623294, 1, 625, 945, 856, 0, 7.46%, 0, 0, 6, 28.49
1746623442, 1, 626, 945, 855, 0, 7.46%, 0, 0, 6, 36.01
1746623591, 1, 629, 945, 854, 0, 7.46%, 0, 0, 6, 45.98
1746623596, 1, 631, 945, 854, 0, 7.46%, 0, 0, 6, 43.98
1746623673, 1, 631, 946, 855, 0, 7.46%, 0, 0, 6, 25.14
1746623749, 1, 632, 946, 854, 0, 7.46%, 0, 0, 6, 36.78
1746623898, 1, 636, 946, 853, 0, 7.46%, 0, 0, 6, 42.29
1746624016, 1, 642, 946, 852, 0, 7.46%, 0, 0, 6, 38.47
1746624021, 1, 642, 947, 853, 0, 7.46%, 0, 0, 6, 24.03
1746624077, 1, 642, 948, 854, 0, 7.46%, 0, 0, 6, 16.53
1746624168, 1, 643, 948, 853, 0, 7.46%, 0, 0, 6, 40.07
1746624322, 1, 653, 948, 852, 0, 7.46%, 0, 0, 6, 37.81
1746624439, 1, 664, 948, 851, 0, 7.46%, 0, 0, 6, 34.45
1746624562, 1, 673, 948, 850, 0, 7.46%, 0, 0, 6, 43.57
1746624608, 1, 674, 948, 849, 0, 7.46%, 0, 0, 6, 46.51
1746624649, 1, 678, 948, 848, 0, 7.46%, 0, 0, 6, 44.34
1746624817, 1, 688, 948, 847, 0, 7.46%, 0, 0, 6, 34.81
1746624899, 1, 689, 948, 846, 0, 7.46%, 0, 0, 6, 35.17
1746625053, 1, 694, 948, 845, 0, 7.46%, 0, 0, 6, 35.52
1746625135, 1, 695, 948, 844, 0, 7.46%, 0, 0, 6, 34.72
1746625278, 1, 708, 948, 843, 0, 7.46%, 0, 0, 6, 46.69
1746625319, 1, 716, 948, 842, 0, 7.46%, 0, 0, 6, 57.10
1746625339, 1, 716, 949, 843, 0, 7.46%, 0, 0, 6, 30.43
1746625385, 1, 718, 949, 842, 0, 7.46%, 0, 0, 6, 41.81
1746625441, 1, 722, 949, 841, 0, 7.46%, 0, 0, 6, 31.33
1746625594, 1, 725, 949, 840, 0, 7.46%, 0, 0, 6, 42.91
1746625696, 1, 729, 949, 839, 0, 7.46%, 0, 0, 6, 44.40
1746625845, 1, 729, 950, 840, 0, 7.46%, 0, 0, 6, 44.22
1746625860, 1, 735, 950, 839, 0, 7.46%, 0, 0, 6, 43.29
1746625901, 1, 744, 950, 838, 0, 7.46%, 0, 0, 6, 44.89
1746625983, 1, 748, 950, 837, 0, 7.46%, 0, 0, 6, 41.96
1746626064, 1, 749, 950, 836, 0, 7.46%, 0, 0, 6, 45.41
1746626105, 1, 765, 950, 835, 0, 7.46%, 0, 0, 6, 44.39
1746626145, 1, 767, 950, 834, 0, 7.46%, 0, 0, 6, 51.28
1746626248, 1, 767, 951, 835, 0, 7.46%, 0, 0, 6, 30.82
1746626310, 1, 770, 952, 835, 0, 7.46%, 0, 0, 6, 45.56
1746626422, 1, 774, 952, 834, 0, 7.46%, 0, 0, 6, 48.87
1746626529, 1, 774, 953, 835, 0, 7.46%, 0, 0, 6, 24.43
1746626600, 1, 779, 953, 834, 0, 7.46%, 0, 0, 6, 48.52
1746626681, 1, 782, 953, 833, 0, 7.46%, 0, 0, 6, 49.60
1746626701, 1, 782, 954, 834, 0, 7.46%, 0, 0, 6, 32.27
1746626762, 1, 782, 955, 835, 0, 7.46%, 0, 0, 6, 46.40
1746626782, 1, 786, 955, 834, 0, 7.46%, 0, 0, 6, 53.03
1746626787, 1, 791, 955, 834, 0, 7.46%, 0, 0, 6, 53.04
1746626823, 1, 802, 955, 833, 0, 7.46%, 0, 0, 6, 38.05
1746626976, 1, 804, 955, 832, 0, 7.46%, 0, 0, 6, 29.99
1746627134, 1, 806, 955, 831, 0, 7.46%, 0, 0, 6, 35.70
1746627216, 1, 806, 956, 832, 0, 7.46%, 0, 0, 6, 14.42
1746627360, 1, 808, 956, 831, 0, 7.46%, 0, 0, 6, 45.90
1746627421, 1, 808, 957, 832, 0, 7.46%, 0, 0, 6, 14.95
1746627472, 1, 808, 958, 833, 0, 7.46%, 0, 0, 6, 21.76
1746627564, 1, 817, 958, 832, 0, 7.46%, 0, 0, 6, 28.99
1746627631, 1, 817, 959, 833, 0, 7.46%, 0, 0, 6, 15.03
1746627641, 1, 817, 960, 834, 0, 7.46%, 0, 0, 6, 13.74
1746627794, 1, 818, 960, 833, 0, 7.46%, 0, 0, 6, 37.36
1746627820, 1, 818, 964, 837, 0, 7.46%, 0, 0, 6, 31.55
1746627866, 1, 819, 964, 836, 0, 7.46%, 0, 0, 6, 37.53
1746628015, 1, 820, 964, 835, 0, 7.46%, 0, 0, 6, 44.90
1746628112, 1, 824, 964, 834, 0, 7.46%, 0, 0, 6, 46.72
1746628117, 1, 828, 964, 834, 0, 7.46%, 0, 0, 6, 46.08
1746628122, 1, 829, 964, 834, 0, 7.46%, 0, 0, 6, 30.65
1746628305, 1, 830, 964, 833, 0, 7.46%, 0, 0, 6, 43.08
1746628494, 1, 832, 964, 832, 0, 7.46%, 0, 0, 6, 37.35
1746628684, 1, 838, 964, 831, 0, 7.46%, 0, 0, 6, 33.32
1746628842, 1, 840, 964, 830, 0, 7.46%, 0, 0, 6, 34.54
1746628893, 1, 840, 965, 831, 0, 7.46%, 0, 0, 6, 24.56
1746629138, 1, 842, 965, 830, 0, 7.46%, 0, 0, 6, 44.01
1746629143, 1, 845, 965, 830, 0, 7.46%, 0, 0, 6, 26.88
1746629374, 1, 848, 965, 829, 0, 7.46%, 0, 0, 6, 37.18
1746629435, 1, 848, 966, 830, 0, 7.46%, 0, 0, 6, 15.93
1746629609, 1, 849, 966, 829, 0, 7.46%, 0, 0, 6, 32.84
1746629840, 1, 851, 966, 828, 0, 7.46%, 0, 0, 6, 41.35
1746630075, 1, 854, 966, 827, 0, 7.46%, 0, 0, 6, 35.24
1746630310, 1, 856, 966, 826, 0, 7.46%, 0, 0, 6, 30.10
1746630448, 1, 856, 967, 827, 0, 7.46%, 0, 0, 6, 17.54
1746630550, 1, 856, 968, 828, 0, 7.46%, 0, 0, 6, 45.30
1746630560, 1, 858, 969, 828, 0, 7.46%, 0, 0, 6, 45.70
1746630571, 1, 860, 969, 828, 0, 7.46%, 0, 0, 6, 43.64
1746630805, 1, 861, 969, 827, 0, 7.46%, 0, 0, 6, 34.23
1746631020, 1, 862, 969, 826, 0, 7.46%, 0, 0, 6, 49.10
1746631025, 1, 863, 969, 826, 0, 7.46%, 0, 0, 6, 50.02
1746631030, 1, 864, 969, 826, 0, 7.46%, 0, 0, 6, 37.55
1746631245, 1, 864, 970, 827, 0, 7.46%, 0, 0, 6, 45.28
1746631265, 1, 865, 970, 826, 0, 7.46%, 0, 0, 6, 44.25
1746631485, 1, 870, 970, 825, 0, 7.46%, 0, 0, 6, 49.56
1746631714, 1, 872, 970, 824, 0, 7.46%, 0, 0, 6, 48.04
1746631719, 1, 881, 970, 824, 0, 7.46%, 0, 0, 6, 41.53
1746631770, 1, 883, 970, 823, 0, 7.46%, 0, 0, 6, 52.26
1746631826, 1, 884, 970, 822, 0, 7.46%, 0, 0, 6, 55.17
1746631831, 1, 892, 970, 822, 0, 7.46%, 0, 0, 6, 55.93
1746631836, 1, 894, 970, 822, 0, 7.46%, 0, 0, 6, 53.29
1746631842, 1, 900, 970, 822, 0, 7.46%, 0, 0, 6, 45.31
1746632214, 1, 901, 970, 821, 0, 7.46%, 0, 0, 6, 43.37
1746632439, 1, 903, 970, 820, 0, 7.46%, 0, 0, 6, 36.74
1746632653, 1, 905, 970, 819, 0, 7.46%, 0, 0, 6, 46.04
1746632868, 1, 908, 970, 818, 0, 7.46%, 0, 0, 6, 46.07
1746632878, 1, 908, 971, 819, 0, 7.46%, 0, 0, 7, 28.01
1746632888, 1, 908, 972, 820, 0, 7.46%, 0, 0, 7, 26.67
1746633072, 1, 908, 973, 821, 0, 7.46%, 0, 0, 7, 22.37
1746633082, 1, 914, 973, 820, 0, 7.46%, 0, 0, 7, 44.43
1746633093, 1, 914, 974, 821, 0, 7.46%, 0, 0, 7, 21.37
1746633128, 1, 914, 975, 822, 0, 7.46%, 0, 0, 7, 23.15
1746633674, 1, 914, 976, 823, 0, 7.46%, 0, 0, 7, 15.05
1746633679, 1, 914, 977, 824, 0, 7.46%, 0, 0, 7, 15.26
1746633715, 1, 923, 977, 823, 0, 7.46%, 0, 0, 7, 45.39
1746633955, 1, 924, 977, 822, 0, 7.46%, 0, 0, 7, 34.32
1746634189, 1, 925, 977, 821, 0, 7.46%, 0, 0, 7, 37.69
1746634424, 1, 927, 977, 820, 0, 7.46%, 0, 0, 7, 34.18
1746634654, 1, 930, 977, 819, 0, 7.46%, 0, 0, 7, 38.66
1746634731, 1, 933, 978, 819, 0, 7.46%, 0, 0, 7, 44.14
1746634736, 1, 933, 979, 820, 0, 7.46%, 0, 0, 7, 42.24
1746634761, 1, 933, 981, 822, 0, 7.46%, 0, 0, 7, 42.39
1746634828, 1, 933, 982, 823, 0, 7.46%, 0, 0, 7, 49.32
1746634848, 1, 933, 983, 824, 0, 7.47%, 0, 0, 7, 44.91
1746635388, 1, 933, 984, 825, 0, 7.47%, 0, 0, 7, 44.45
1746635484, 1, 933, 985, 826, 0, 7.47%, 0, 0, 7, 48.83
1746635489, 1, 933, 986, 827, 0, 7.47%, 0, 0, 7, 49.99
1746635499, 1, 933, 987, 828, 0, 7.47%, 0, 0, 7, 52.54
1746635505, 1, 933, 988, 829, 0, 7.47%, 0, 0, 7, 52.71
1746635510, 1, 933, 989, 830, 0, 7.47%, 0, 0, 7, 52.88
1746635515, 1, 933, 992, 833, 0, 7.47%, 0, 0, 7, 50.92
1746635525, 1, 933, 993, 834, 0, 7.47%, 0, 0, 7, 52.36
1746635530, 1, 933, 994, 835, 0, 7.47%, 0, 0, 7, 52.36
1746635560, 1, 933, 995, 836, 0, 7.47%, 0, 0, 7, 51.44
1746635565, 1, 933, 996, 837, 0, 7.47%, 0, 0, 7, 52.21
1746635576, 1, 933, 997, 838, 0, 7.47%, 0, 0, 7, 50.55
1746635601, 1, 933, 998, 839, 0, 7.47%, 0, 0, 7, 50.06
1746635616, 1, 933, 999, 840, 0, 7.47%, 0, 0, 7, 51.36
1746635631, 1, 933, 1001, 842, 0, 7.47%, 0, 0, 7, 52.98
1746635656, 1, 933, 1002, 843, 0, 7.47%, 0, 0, 7, 50.91
1746635732, 1, 933, 1003, 844, 0, 7.47%, 0, 0, 7, 52.54
1746635768, 1, 933, 1004, 845, 0, 7.47%, 0, 0, 7, 52.56
1746635798, 1, 962, 1004, 844, 1, 7.47%, 0, 0, 7, 39.49
1746635884, 1, 982, 1004, 843, 1, 7.47%, 0, 0, 7, 52.99
1746635899, 1, 982, 1005, 844, 1, 7.47%, 0, 0, 7, 40.48
1746636532, 1, 982, 1006, 845, 1, 7.47%, 0, 0, 7, 43.94
1746636634, 1, 982, 1007, 846, 1, 7.47%, 0, 0, 7, 52.14
1746636679, 1, 982, 1008, 847, 1, 7.47%, 0, 0, 7, 51.32
1746636766, 1, 982, 1009, 848, 1, 7.47%, 0, 0, 7, 52.44
1746636807, 1, 982, 1010, 849, 1, 7.47%, 0, 0, 7, 52.62
1746636938, 1, 991, 1010, 848, 1, 7.47%, 0, 0, 7, 40.87
1746638136, 1, 991, 1011, 849, 1, 7.47%, 0, 0, 7, 49.41
1746638207, 1, 991, 1012, 850, 1, 7.47%, 0, 0, 7, 51.10
1746638212, 1, 991, 1014, 852, 1, 7.47%, 0, 0, 7, 47.77
1746638237, 1, 991, 1016, 854, 1, 7.47%, 0, 0, 7, 49.69
1746638242, 1, 991, 1017, 855, 1, 7.47%, 0, 0, 7, 49.57
1746638247, 1, 991, 1018, 856, 1, 7.47%, 0, 0, 7, 50.26
1746638328, 1, 991, 1019, 857, 1, 7.47%, 0, 0, 7, 50.05
1746638354, 1, 991, 1020, 858, 1, 7.47%, 0, 0, 7, 50.93
1746638369, 1, 991, 1021, 859, 1, 7.47%, 0, 0, 7, 50.70
1746638420, 1, 991, 1022, 860, 1, 7.47%, 0, 0, 7, 49.25
1746638455, 1, 1004, 1022, 859, 1, 7.47%, 0, 0, 7, 44.30
1746639107, 1, 1004, 1023, 860, 1, 7.47%, 0, 0, 7, 46.36
1746639240, 1, 1008, 1023, 859, 0, 7.47%, 0, 0, 7, 42.32
1746640477, 1, 1009, 1023, 858, 0, 7.47%, 0, 0, 7, 48.93
1746640482, 1, 1009, 1024, 859, 0, 7.47%, 0, 0, 7, 36.20
1746640533, 1, 1009, 1031, 866, 0, 7.47%, 0, 0, 7, 31.68
1746640539, 1, 1009, 1033, 868, 0, 7.47%, 0, 0, 7, 32.11
1746642095, 1, 1009, 1034, 869, 0, 7.47%, 0, 0, 7, 48.26
1746642130, 1, 1009, 1035, 870, 0, 7.47%, 0, 0, 7, 48.87
1746642242, 1, 1010, 1035, 869, 0, 7.47%, 0, 0, 7, 38.32
1746642441, 1, 1010, 1036, 870, 0, 7.47%, 0, 0, 7, 45.10
1746643855, 1, 1010, 1037, 871, 0, 7.47%, 0, 0, 7, 46.43
1746643886, 1, 1010, 1038, 872, 0, 7.47%, 0, 0, 7, 48.16
1746644013, 1, 1014, 1038, 871, 0, 7.47%, 0, 0, 7, 39.28
1746645512, 1, 1023, 1038, 870, 0, 7.47%, 0, 0, 7, 40.68
1746647211, 1, 1026, 1038, 869, 0, 7.47%, 0, 0, 7, 39.79
1746648692, 1, 1030, 1038, 868, 0, 7.47%, 0, 0, 7, 37.97
1746650208, 1, 1037, 1038, 867, 0, 7.47%, 0, 0, 7, 32.42
1746650213, 1, 1037, 1039, 868, 0, 7.47%, 0, 0, 7, 26.01
1746650218, 1, 1037, 1040, 869, 0, 7.47%, 0, 0, 7, 29.07
1746650392, 1, 1037, 1041, 870, 0, 7.47%, 0, 0, 7, 26.10
1746650802, 1, 1037, 1042, 871, 0, 7.47%, 0, 0, 7, 32.88
1746653017, 1, 1037, 1043, 872, 0, 7.47%, 0, 0, 7, 35.94
1746653211, 1, 1037, 1044, 873, 0, 7.47%, 0, 0, 7, 24.54
1746653374, 1, 1039, 1044, 872, 0, 7.47%, 0, 0, 7, 31.73
1746653497, 1, 1039, 1045, 873, 0, 7.47%, 0, 0, 8, 31.72
