# unix_time, cycles_done, cur_path, paths_total, pending_total, pending_favs, map_size, unique_crashes, unique_hangs, max_depth, execs_per_sec
1746558726, 0, 0, 1, 1, 1, 4.55%, 0, 0, 1, 42.11
1746558731, 0, 0, 28, 28, 1, 4.78%, 0, 0, 2, 45.66
1746558736, 0, 0, 54, 54, 1, 4.78%, 0, 0, 2, 47.32
1746558741, 0, 0, 81, 81, 1, 4.78%, 0, 0, 2, 48.16
1746558747, 0, 0, 96, 96, 1, 5.46%, 0, 0, 2, 34.24
1746558752, 0, 0, 111, 111, 1, 5.47%, 0, 0, 2, 29.51
1746558757, 0, 0, 127, 127, 1, 5.47%, 0, 0, 2, 31.64
1746558762, 0, 0, 141, 141, 1, 5.47%, 0, 0, 2, 32.08
1746558767, 0, 0, 154, 154, 1, 5.47%, 0, 0, 2, 28.74
1746558772, 0, 0, 168, 168, 1, 5.47%, 0, 0, 2, 29.02
1746558777, 0, 0, 183, 183, 1, 5.47%, 0, 0, 2, 32.76
1746558782, 0, 0, 197, 197, 1, 5.47%, 0, 0, 2, 30.19
1746558787, 0, 0, 208, 208, 1, 5.47%, 0, 0, 2, 24.83
1746558792, 0, 0, 219, 219, 1, 5.47%, 0, 0, 2, 25.48
1746558797, 0, 0, 228, 228, 1, 5.47%, 0, 0, 2, 24.28
1746558802, 0, 0, 237, 237, 1, 5.47%, 0, 0, 2, 25.55
1746558807, 0, 0, 246, 246, 1, 5.47%, 0, 0, 2, 26.64
1746558812, 0, 0, 254, 254, 1, 5.47%, 0, 0, 2, 23.53
1746558818, 0, 0, 260, 260, 1, 5.47%, 0, 0, 2, 24.53
1746558823, 0, 0, 271, 271, 1, 5.47%, 0, 0, 2, 25.97
1746558828, 0, 0, 279, 279, 1, 6.85%, 0, 0, 2, 24.55
1746558833, 0, 0, 286, 286, 1, 6.85%, 0, 0, 2, 26.02
1746558838, 0, 0, 293, 293, 1, 6.85%, 0, 0, 2, 22.36
1746558843, 0, 0, 300, 300, 1, 6.85%, 0, 0, 2, 23.81
1746558848, 0, 0, 308, 308, 1, 6.85%, 0, 0, 2, 25.48
1746558853, 0, 0, 315, 315, 1, 6.85%, 0, 0, 2, 22.84
1746558858, 0, 0, 321, 321, 1, 6.85%, 0, 0, 2, 24.77
1746558864, 0, 0, 327, 327, 1, 6.85%, 0, 0, 2, 26.56
1746558869, 0, 0, 332, 332, 1, 6.85%, 0, 0, 2, 25.24
1746558874, 0, 0, 337, 337, 1, 6.85%, 0, 0, 2, 26.55
1746558879, 0, 0, 345, 345, 1, 6.85%, 0, 0, 2, 30.49
1746558884, 0, 0, 349, 349, 1, 6.85%, 0, 0, 2, 28.00
1746558889, 0, 0, 354, 354, 1, 6.85%, 0, 0, 2, 25.87
1746558894, 0, 0, 357, 357, 1, 6.85%, 0, 0, 2, 25.47
1746558899, 0, 0, 362, 362, 1, 6.85%, 0, 0, 2, 25.12
1746558904, 0, 0, 367, 367, 1, 6.85%, 0, 0, 2, 22.78
1746558909, 0, 0, 370, 370, 1, 6.85%, 0, 0, 2, 24.68
1746558915, 0, 0, 375, 375, 1, 6.85%, 0, 0, 2, 26.79
1746558920, 0, 0, 379, 379, 1, 6.85%, 0, 0, 2, 25.46
1746558925, 0, 0, 382, 382, 1, 6.86%, 0, 0, 2, 24.42
1746558930, 0, 0, 386, 386, 1, 6.86%, 0, 0, 2, 27.40
1746558935, 0, 0, 389, 389, 1, 6.86%, 0, 0, 2, 27.25
1746558940, 0, 0, 391, 391, 1, 6.86%, 0, 0, 2, 24.93
1746558945, 0, 0, 394, 394, 1, 6.86%, 0, 0, 2, 25.93
1746558950, 0, 0, 398, 398, 1, 6.86%, 0, 0, 2, 23.07
1746558956, 0, 0, 401, 401, 1, 6.86%, 0, 0, 2, 26.39
1746558961, 0, 0, 404, 404, 1, 6.86%, 0, 0, 2, 25.38
1746558966, 0, 0, 407, 407, 1, 6.86%, 0, 0, 2, 25.79
1746558971, 0, 0, 410, 410, 1, 6.86%, 0, 0, 2, 28.31
1746558976, 0, 0, 413, 413, 1, 6.86%, 0, 0, 2, 25.36
1746558981, 0, 0, 414, 414, 1, 6.86%, 0, 0, 2, 28.12
1746558986, 0, 0, 416, 416, 1, 6.86%, 0, 0, 2, 27.08
1746558992, 0, 0, 417, 417, 1, 6.86%, 0, 0, 2, 28.52
1746558997, 0, 0, 419, 419, 1, 6.86%, 0, 0, 2, 27.92
1746559002, 0, 0, 422, 422, 1, 6.86%, 0, 0, 2, 25.89
1746559007, 0, 0, 424, 424, 1, 6.86%, 0, 0, 2, 25.51
1746559012, 0, 0, 426, 426, 1, 6.86%, 0, 0, 2, 27.25
1746559017, 0, 0, 428, 428, 1, 6.86%, 0, 0, 2, 26.62
1746559022, 0, 0, 430, 430, 1, 6.86%, 0, 0, 2, 25.35
1746559027, 0, 0, 433, 433, 1, 6.86%, 0, 0, 2, 26.22
1746559032, 0, 0, 434, 434, 1, 6.86%, 0, 0, 2, 27.34
1746559037, 0, 0, 435, 435, 1, 6.86%, 0, 0, 2, 26.87
1746559042, 0, 0, 437, 437, 1, 6.86%, 0, 0, 2, 23.18
1746559047, 0, 0, 439, 439, 1, 7.78%, 0, 0, 2, 24.33
1746559052, 0, 0, 440, 440, 1, 7.78%, 0, 0, 2, 26.89
1746559057, 0, 0, 441, 441, 1, 7.78%, 0, 0, 2, 28.21
1746559063, 0, 0, 443, 443, 1, 7.78%, 0, 0, 2, 26.78
1746559073, 0, 0, 444, 444, 1, 7.78%, 0, 0, 2, 27.79
1746559083, 0, 0, 445, 445, 1, 7.78%, 0, 0, 2, 27.64
1746559088, 0, 0, 446, 446, 1, 7.78%, 0, 0, 2, 27.79
1746559103, 0, 73, 446, 445, 7, 7.78%, 0, 0, 2, 35.33
1746559113, 0, 73, 447, 446, 7, 7.78%, 0, 0, 3, 28.96
1746559118, 0, 73, 450, 449, 7, 7.78%, 0, 0, 3, 29.71
1746559139, 0, 73, 451, 450, 7, 7.78%, 0, 0, 3, 30.69
1746559144, 0, 73, 452, 451, 7, 7.78%, 0, 0, 3, 30.08
1746559154, 0, 73, 454, 453, 7, 7.78%, 0, 0, 3, 27.50
1746559159, 0, 73, 455, 454, 7, 7.78%, 0, 0, 3, 26.43
1746559169, 0, 73, 456, 455, 7, 7.78%, 0, 0, 3, 29.44
1746559179, 0, 73, 457, 456, 7, 7.78%, 0, 0, 3, 29.08
1746559185, 0, 73, 460, 459, 7, 7.78%, 0, 0, 3, 23.88
1746559195, 0, 73, 462, 461, 7, 7.78%, 0, 0, 3, 28.81
1746559200, 0, 73, 463, 462, 7, 7.98%, 0, 0, 3, 25.26
1746559210, 0, 73, 465, 464, 7, 7.98%, 0, 0, 3, 26.62
1746559230, 0, 73, 466, 465, 7, 7.98%, 0, 0, 3, 27.91
1746559241, 0, 73, 467, 466, 7, 7.98%, 0, 0, 3, 27.85
1746559251, 0, 73, 468, 467, 7, 7.98%, 0, 0, 3, 29.65
1746559266, 0, 73, 469, 468, 7, 7.98%, 0, 0, 3, 27.75
1746559281, 0, 79, 470, 468, 8, 7.98%, 0, 0, 3, 30.58
1746559297, 0, 138, 470, 467, 7, 7.98%, 0, 0, 3, 31.51
1746559302, 0, 138, 471, 468, 7, 7.98%, 0, 0, 3, 29.39
1746559307, 0, 138, 472, 469, 7, 7.98%, 0, 0, 3, 29.67
1746559322, 0, 138, 473, 470, 7, 7.98%, 0, 0, 3, 31.29
1746559343, 0, 138, 474, 471, 7, 7.98%, 0, 0, 3, 29.53
1746559348, 0, 138, 475, 472, 7, 7.98%, 0, 0, 3, 28.20
1746559358, 0, 138, 477, 474, 7, 8.62%, 0, 0, 3, 29.43
1746559364, 0, 138, 478, 475, 7, 8.62%, 0, 0, 3, 28.98
1746559374, 0, 138, 481, 478, 7, 8.62%, 0, 0, 3, 25.80
1746559384, 0, 138, 483, 480, 7, 8.62%, 0, 0, 3, 29.19
1746559389, 0, 138, 486, 483, 7, 8.62%, 0, 0, 3, 26.29
1746559394, 0, 138, 488, 485, 7, 8.62%, 0, 0, 3, 26.56
1746559404, 0, 138, 489, 486, 7, 8.62%, 0, 0, 3, 27.54
1746559409, 0, 138, 490, 487, 7, 8.62%, 0, 0, 3, 27.08
1746559425, 0, 138, 491, 488, 7, 8.62%, 0, 0, 3, 31.38
1746559476, 0, 138, 492, 489, 7, 8.67%, 0, 0, 3, 27.54
1746559491, 0, 138, 493, 490, 7, 8.67%, 0, 0, 3, 28.86
1746559497, 0, 138, 494, 491, 7, 8.67%, 0, 0, 3, 29.21
1746559527, 0, 138, 495, 492, 7, 8.67%, 0, 0, 3, 26.72
1746559533, 0, 190, 496, 492, 7, 8.67%, 0, 0, 3, 20.02
1746559553, 0, 190, 497, 493, 7, 8.67%, 0, 0, 3, 21.91
1746559558, 0, 190, 498, 494, 7, 8.67%, 0, 0, 3, 22.88
1746559568, 0, 195, 498, 493, 6, 8.67%, 0, 0, 3, 26.66
1746559578, 0, 215, 498, 492, 6, 8.67%, 0, 0, 3, 19.64
1746559594, 0, 215, 501, 495, 6, 8.67%, 0, 0, 3, 14.41
1746559635, 0, 215, 502, 496, 6, 8.67%, 0, 0, 3, 17.09
1746559645, 0, 215, 505, 499, 6, 8.67%, 0, 0, 3, 17.22
1746559665, 0, 215, 506, 500, 6, 8.67%, 0, 0, 3, 20.24
1746559670, 0, 215, 507, 501, 6, 8.67%, 0, 0, 3, 21.04
1746559680, 0, 215, 508, 502, 6, 8.67%, 0, 0, 3, 19.82
1746559685, 0, 215, 509, 503, 6, 8.67%, 0, 0, 3, 18.18
1746559690, 0, 215, 510, 504, 6, 8.67%, 0, 0, 3, 19.82
1746559700, 0, 215, 511, 505, 6, 8.67%, 0, 0, 3, 20.05
1746559726, 0, 215, 512, 506, 6, 8.67%, 0, 0, 3, 21.54
1746559731, 0, 215, 513, 507, 6, 8.67%, 0, 0, 3, 20.05
1746559746, 0, 215, 514, 508, 6, 8.67%, 0, 0, 3, 20.91
1746559752, 0, 215, 515, 509, 6, 8.67%, 0, 0, 3, 19.78
1746559762, 0, 215, 517, 511, 6, 8.67%, 0, 0, 3, 17.28
1746559782, 0, 215, 518, 512, 6, 8.67%, 0, 0, 3, 20.88
1746559787, 0, 215, 519, 513, 6, 8.68%, 0, 0, 3, 20.22
1746559803, 0, 215, 520, 514, 6, 8.68%, 0, 0, 3, 21.23
1746559813, 0, 215, 521, 515, 6, 8.68%, 0, 0, 3, 20.88
1746559823, 0, 215, 522, 516, 6, 8.68%, 0, 0, 3, 19.27
1746559829, 0, 215, 523, 517, 6, 8.68%, 0, 0, 3, 20.72
1746559834, 0, 215, 524, 518, 6, 8.68%, 0, 0, 3, 21.09
1746559839, 0, 215, 526, 520, 6, 8.68%, 0, 0, 3, 19.53
1746559854, 0, 215, 527, 521, 6, 8.68%, 0, 0, 3, 21.32
1746559885, 0, 215, 528, 522, 6, 8.68%, 0, 0, 3, 20.07
1746559905, 0, 244, 528, 521, 8, 8.68%, 0, 0, 3, 28.70
1746559915, 0, 382, 529, 521, 8, 8.68%, 0, 0, 3, 19.12
1746560032, 0, 382, 530, 522, 8, 8.68%, 0, 0, 3, 15.36
1746560037, 0, 382, 531, 523, 8, 8.68%, 0, 0, 3, 15.27
1746560099, 0, 382, 532, 524, 8, 8.68%, 0, 0, 3, 14.67
1746560130, 0, 382, 534, 526, 8, 8.68%, 0, 0, 3, 15.15
1746560187, 0, 382, 535, 527, 8, 8.68%, 0, 0, 3, 15.52
1746560212, 0, 431, 535, 526, 7, 8.68%, 0, 0, 3, 17.12
1746560217, 0, 431, 536, 527, 7, 8.68%, 0, 0, 3, 16.40
1746560238, 0, 431, 537, 528, 7, 8.68%, 0, 0, 3, 16.53
1746560263, 0, 437, 537, 527, 7, 8.68%, 0, 0, 3, 20.57
1746560269, 0, 437, 540, 530, 7, 8.68%, 0, 0, 3, 11.24
1746560274, 0, 437, 545, 535, 7, 8.69%, 0, 0, 3, 9.94
1746560289, 0, 437, 546, 536, 7, 8.69%, 0, 0, 3, 9.69
1746560294, 0, 437, 549, 539, 7, 8.85%, 0, 0, 3, 8.42
1746560299, 0, 437, 551, 541, 7, 8.85%, 0, 0, 3, 7.30
1746560304, 0, 437, 555, 545, 7, 8.85%, 0, 0, 3, 6.63
1746560309, 0, 437, 558, 548, 7, 8.85%, 0, 0, 3, 7.16
1746560314, 0, 437, 562, 552, 7, 8.89%, 0, 0, 3, 7.02
1746560320, 0, 437, 565, 555, 7, 8.89%, 0, 0, 3, 6.12
1746560325, 0, 437, 568, 558, 7, 8.89%, 0, 0, 3, 6.04
1746560330, 0, 437, 572, 562, 7, 8.89%, 0, 0, 3, 6.67
1746560335, 0, 437, 576, 566, 7, 8.89%, 0, 0, 3, 7.08
1746560340, 0, 437, 579, 569, 7, 8.89%, 0, 0, 3, 6.94
1746560345, 0, 437, 582, 572, 7, 8.89%, 0, 0, 3, 7.73
1746560350, 0, 437, 585, 575, 7, 8.89%, 0, 0, 3, 6.66
1746560356, 0, 437, 588, 578, 7, 8.91%, 0, 0, 3, 7.19
1746560361, 0, 437, 592, 582, 7, 8.91%, 0, 0, 3, 6.95
1746560366, 0, 437, 595, 585, 7, 8.98%, 0, 0, 3, 6.54
1746560371, 0, 437, 598, 588, 7, 8.98%, 0, 0, 3, 6.40
1746560376, 0, 437, 601, 591, 7, 9.00%, 0, 0, 3, 5.90
1746560381, 0, 437, 603, 593, 7, 9.00%, 0, 0, 3, 5.78
1746560387, 0, 437, 606, 596, 7, 9.00%, 0, 0, 3, 6.05
1746560392, 0, 437, 610, 600, 7, 9.00%, 0, 0, 3, 5.94
1746560397, 0, 437, 613, 603, 7, 9.00%, 0, 0, 3, 6.32
1746560402, 0, 437, 616, 606, 7, 9.00%, 0, 0, 3, 6.64
1746560423, 0, 437, 620, 610, 7, 9.00%, 0, 0, 3, 7.85
1746560428, 0, 437, 622, 612, 7, 9.00%, 0, 0, 3, 7.86
1746560433, 0, 437, 626, 616, 7, 9.00%, 0, 0, 3, 6.74
1746560438, 0, 437, 629, 619, 7, 9.01%, 0, 0, 3, 6.22
1746560443, 0, 437, 632, 622, 7, 9.01%, 0, 0, 3, 6.06
1746560448, 0, 437, 635, 625, 7, 9.01%, 0, 0, 3, 5.78
1746560453, 0, 437, 638, 628, 7, 9.01%, 0, 0, 3, 5.86
1746560458, 0, 437, 642, 632, 7, 9.03%, 0, 0, 3, 7.91
1746560463, 0, 437, 643, 633, 7, 9.03%, 0, 0, 3, 7.86
1746560469, 0, 437, 647, 637, 7, 9.03%, 0, 0, 3, 7.29
1746560474, 0, 437, 649, 639, 7, 9.03%, 0, 0, 3, 7.05
1746560479, 0, 437, 652, 642, 7, 9.03%, 0, 0, 3, 5.88
1746560484, 0, 437, 654, 644, 7, 9.03%, 0, 0, 3, 5.84
1746560490, 0, 437, 657, 647, 7, 9.03%, 0, 0, 3, 5.40
1746560495, 0, 437, 660, 650, 7, 9.03%, 0, 0, 3, 5.73
1746560500, 0, 437, 663, 653, 7, 9.03%, 0, 0, 3, 5.94
1746560505, 0, 437, 666, 656, 7, 9.03%, 0, 0, 3, 6.06
1746560510, 0, 437, 670, 660, 7, 9.03%, 0, 0, 3, 8.06
1746560521, 0, 437, 671, 661, 7, 9.03%, 0, 0, 3, 11.39
1746560526, 0, 437, 673, 663, 7, 9.03%, 0, 0, 3, 12.22
1746560531, 0, 437, 676, 666, 7, 9.03%, 0, 0, 3, 8.64
1746560536, 0, 437, 679, 669, 7, 9.03%, 0, 0, 3, 7.70
1746560541, 0, 437, 682, 672, 7, 9.03%, 0, 0, 3, 6.27
1746560547, 0, 437, 684, 674, 7, 9.03%, 0, 0, 3, 7.60
1746560552, 0, 437, 687, 677, 7, 9.04%, 0, 0, 3, 8.49
1746560557, 0, 437, 690, 680, 7, 9.04%, 0, 0, 3, 7.72
1746560562, 0, 437, 693, 683, 7, 9.05%, 0, 0, 3, 6.85
1746560567, 0, 437, 695, 685, 7, 9.05%, 0, 0, 3, 5.61
1746560572, 0, 437, 698, 688, 7, 9.05%, 0, 0, 3, 5.29
1746560577, 0, 437, 700, 690, 7, 9.05%, 0, 0, 3, 5.21
1746560583, 0, 437, 704, 694, 7, 9.05%, 0, 0, 3, 5.82
1746560588, 0, 437, 707, 697, 7, 9.05%, 0, 0, 3, 6.01
1746560593, 0, 437, 711, 701, 7, 9.05%, 0, 0, 3, 6.45
1746560598, 0, 437, 714, 704, 7, 9.06%, 0, 0, 3, 7.05
1746560603, 0, 437, 716, 706, 7, 9.06%, 0, 0, 3, 6.74
1746560609, 0, 437, 718, 708, 7, 9.06%, 0, 0, 3, 5.88
1746560614, 0, 437, 720, 710, 7, 9.06%, 0, 0, 3, 7.94
1746560619, 0, 437, 722, 712, 7, 9.06%, 0, 0, 3, 6.09
1746560624, 0, 437, 724, 714, 7, 9.06%, 0, 0, 3, 7.58
1746560629, 0, 437, 727, 717, 7, 9.06%, 0, 0, 3, 7.53
1746560634, 0, 437, 729, 719, 7, 9.06%, 0, 0, 3, 8.49
1746560726, 0, 437, 730, 720, 7, 9.06%, 0, 0, 3, 10.77
1746560732, 0, 437, 731, 721, 7, 9.06%, 0, 0, 3, 10.29
1746560737, 0, 437, 734, 724, 7, 9.06%, 0, 0, 3, 8.64
1746560742, 0, 437, 735, 725, 7, 9.06%, 0, 0, 3, 9.16
1746560747, 0, 437, 738, 728, 7, 9.06%, 0, 0, 3, 8.88
1746560752, 0, 437, 739, 729, 7, 9.06%, 0, 0, 3, 11.03
1746560763, 0, 437, 742, 732, 7, 9.06%, 0, 0, 3, 9.05
1746560768, 0, 437, 747, 737, 7, 9.06%, 0, 0, 3, 8.24
1746560773, 0, 437, 750, 740, 7, 9.06%, 0, 0, 3, 7.41
1746560778, 0, 437, 753, 743, 7, 9.06%, 0, 0, 3, 7.05
1746560783, 0, 437, 756, 746, 7, 9.06%, 0, 0, 3, 6.71
1746560788, 0, 437, 759, 749, 7, 9.06%, 0, 0, 3, 5.90
1746560793, 0, 437, 762, 752, 7, 9.06%, 0, 0, 3, 5.93
1746560799, 0, 437, 765, 755, 7, 9.06%, 0, 0, 3, 6.46
1746560804, 0, 437, 769, 759, 7, 9.06%, 0, 0, 3, 6.75
1746560809, 0, 437, 772, 762, 7, 9.06%, 0, 0, 3, 6.26
1746560814, 0, 437, 776, 766, 7, 9.07%, 0, 0, 3, 6.44
1746560819, 0, 437, 779, 769, 7, 9.07%, 0, 0, 3, 6.12
1746560825, 0, 437, 781, 771, 7, 9.07%, 0, 0, 3, 6.20
1746560830, 0, 437, 784, 774, 7, 9.07%, 0, 0, 3, 6.41
1746560835, 0, 437, 786, 776, 7, 9.07%, 0, 0, 3, 6.42
1746560840, 0, 437, 788, 778, 7, 9.07%, 0, 0, 3, 6.83
1746560845, 0, 437, 790, 780, 7, 9.07%, 0, 0, 3, 6.13
1746560850, 0, 437, 792, 782, 7, 9.07%, 0, 0, 3, 6.69
1746560855, 0, 437, 793, 783, 7, 9.07%, 0, 0, 3, 6.60
1746560866, 0, 437, 797, 787, 7, 9.07%, 0, 0, 3, 7.10
1746560871, 0, 437, 801, 791, 7, 9.07%, 0, 0, 3, 6.73
1746560876, 0, 437, 802, 792, 7, 9.07%, 0, 0, 3, 7.95
1746560896, 0, 437, 804, 794, 7, 9.07%, 0, 0, 3, 8.23
1746560901, 0, 437, 808, 798, 7, 9.07%, 0, 0, 3, 6.82
1746560907, 0, 437, 810, 800, 7, 9.07%, 0, 0, 3, 6.46
1746560912, 0, 437, 814, 804, 7, 9.07%, 0, 0, 3, 6.89
1746560917, 0, 437, 817, 807, 7, 9.07%, 0, 0, 3, 7.88
1746560922, 0, 437, 819, 809, 7, 9.07%, 0, 0, 3, 7.78
1746560927, 0, 437, 820, 810, 7, 9.07%, 0, 0, 3, 7.59
1746560932, 0, 437, 821, 811, 7, 9.07%, 0, 0, 3, 7.25
1746560937, 0, 437, 824, 814, 7, 9.07%, 0, 0, 3, 7.13
1746560942, 0, 437, 826, 816, 7, 9.07%, 0, 0, 3, 6.48
1746560958, 0, 437, 828, 818, 7, 9.07%, 0, 0, 3, 7.24
1746560963, 0, 437, 831, 821, 7, 9.07%, 0, 0, 3, 6.40
1746560968, 0, 437, 832, 822, 7, 9.07%, 0, 0, 3, 5.91
1746560973, 0, 437, 834, 824, 7, 9.07%, 0, 0, 3, 5.74
1746560989, 0, 437, 835, 825, 7, 9.07%, 0, 0, 3, 6.16
1746560994, 0, 437, 839, 829, 7, 9.07%, 0, 0, 3, 6.13
1746560999, 0, 437, 841, 831, 7, 9.07%, 0, 0, 3, 5.73
1746561004, 0, 437, 842, 832, 7, 9.07%, 0, 0, 3, 4.88
1746561009, 0, 437, 844, 834, 7, 9.07%, 0, 0, 3, 4.77
1746561015, 0, 437, 846, 836, 7, 9.07%, 0, 0, 3, 4.71
1746561025, 0, 437, 851, 841, 7, 9.07%, 0, 0, 3, 7.11
1746561030, 0, 437, 854, 844, 7, 9.07%, 0, 0, 3, 6.47
1746561036, 0, 437, 857, 847, 7, 9.07%, 0, 0, 3, 6.49
1746561041, 0, 437, 860, 850, 7, 9.07%, 0, 0, 3, 6.80
1746561046, 0, 437, 863, 853, 7, 9.07%, 0, 0, 3, 6.57
1746561051, 0, 437, 866, 856, 7, 9.07%, 0, 0, 3, 7.03
1746561056, 0, 437, 867, 857, 7, 9.07%, 0, 0, 3, 9.89
1746561092, 0, 437, 868, 858, 7, 9.07%, 0, 0, 3, 13.51
1746561097, 0, 437, 869, 859, 7, 9.07%, 0, 0, 3, 9.00
1746561102, 0, 437, 870, 860, 7, 9.07%, 0, 0, 3, 7.00
1746561138, 0, 437, 871, 861, 7, 9.07%, 0, 0, 3, 4.79
1746561144, 0, 437, 873, 863, 7, 9.07%, 0, 0, 3, 4.17
1746561170, 0, 437, 875, 865, 7, 9.07%, 0, 0, 3, 11.55
1746561175, 0, 437, 876, 866, 7, 9.07%, 0, 0, 3, 8.43
1746561180, 0, 437, 877, 867, 7, 9.07%, 0, 0, 3, 7.88
1746561185, 0, 437, 880, 870, 7, 9.07%, 0, 0, 3, 6.63
1746561195, 0, 437, 881, 871, 7, 9.07%, 0, 0, 3, 8.78
1746561200, 0, 437, 882, 872, 7, 9.07%, 0, 0, 3, 9.23
1746561231, 0, 437, 884, 874, 7, 9.07%, 0, 0, 3, 9.40
1746561241, 0, 437, 885, 875, 7, 9.07%, 0, 0, 3, 10.47
1746561247, 0, 437, 887, 877, 7, 9.07%, 0, 0, 3, 11.32
1746561252, 0, 437, 888, 878, 7, 9.07%, 0, 0, 3, 9.80
1746561257, 0, 437, 891, 881, 7, 9.07%, 0, 0, 3, 7.42
1746561262, 0, 437, 894, 884, 7, 9.07%, 0, 0, 3, 7.53
1746561267, 0, 437, 895, 885, 7, 9.07%, 0, 0, 3, 6.44
1746561273, 0, 437, 898, 888, 7, 9.07%, 0, 0, 3, 6.74
1746561278, 0, 437, 899, 889, 7, 9.07%, 0, 0, 3, 6.50
1746561283, 0, 437, 902, 892, 7, 9.07%, 0, 0, 3, 6.98
1746561288, 0, 437, 903, 893, 7, 9.07%, 0, 0, 3, 7.20
1746561299, 0, 437, 904, 894, 7, 9.07%, 0, 0, 3, 8.32
1746561304, 0, 437, 906, 896, 7, 9.07%, 0, 0, 3, 7.42
1746561309, 0, 437, 908, 898, 7, 9.07%, 0, 0, 3, 7.03
1746561314, 0, 437, 909, 899, 7, 9.07%, 0, 0, 3, 7.44
1746561324, 0, 437, 911, 901, 7, 9.07%, 0, 0, 3, 6.08
1746561329, 0, 437, 913, 903, 7, 9.07%, 0, 0, 3, 6.11
1746561335, 0, 437, 916, 906, 7, 9.08%, 0, 0, 3, 5.60
1746561340, 0, 437, 918, 908, 7, 9.08%, 0, 0, 3, 5.31
1746561345, 0, 437, 920, 910, 7, 9.08%, 0, 0, 3, 5.37
1746561350, 0, 437, 922, 912, 7, 9.08%, 0, 0, 3, 4.98
1746561355, 0, 437, 924, 914, 7, 9.08%, 0, 0, 3, 5.13
1746561361, 0, 437, 926, 916, 7, 9.08%, 0, 0, 3, 5.68
1746561376, 0, 437, 927, 917, 7, 9.08%, 0, 0, 3, 10.22
1746561402, 0, 437, 928, 918, 7, 9.08%, 0, 0, 3, 8.83
1746561443, 0, 437, 931, 921, 7, 9.08%, 0, 0, 3, 10.33
1746561458, 0, 437, 933, 923, 7, 9.08%, 0, 0, 3, 11.08
1746561468, 0, 437, 935, 925, 7, 9.08%, 0, 0, 3, 7.90
1746561479, 0, 437, 936, 926, 7, 9.08%, 0, 0, 3, 6.78
1746561484, 0, 437, 938, 928, 7, 9.08%, 0, 0, 3, 8.40
1746561489, 0, 437, 939, 929, 7, 9.12%, 0, 0, 3, 8.30
1746561494, 0, 437, 940, 930, 7, 9.12%, 0, 0, 3, 8.65
1746561509, 0, 437, 942, 932, 7, 9.12%, 0, 0, 3, 8.24
1746561520, 0, 437, 943, 933, 7, 9.12%, 0, 0, 3, 7.67
1746561535, 0, 437, 945, 935, 7, 9.12%, 0, 0, 3, 7.08
1746561541, 0, 437, 946, 936, 7, 9.12%, 0, 0, 3, 5.71
1746561546, 0, 437, 948, 938, 7, 9.12%, 0, 0, 3, 4.89
1746561551, 0, 437, 949, 939, 7, 9.12%, 0, 0, 3, 4.49
1746561556, 0, 437, 953, 943, 7, 9.12%, 0, 0, 3, 6.78
1746561561, 0, 437, 955, 945, 7, 9.12%, 0, 0, 3, 7.14
1746561566, 0, 437, 956, 946, 7, 9.12%, 0, 0, 3, 8.40
1746561572, 0, 437, 958, 948, 7, 9.13%, 0, 0, 3, 12.47
1746561587, 0, 437, 960, 950, 7, 9.13%, 0, 0, 3, 12.64
1746561592, 0, 437, 961, 951, 7, 9.13%, 0, 0, 3, 12.37
1746561597, 0, 437, 962, 952, 7, 9.13%, 0, 0, 3, 15.27
1746561602, 0, 437, 963, 953, 7, 9.13%, 0, 0, 3, 12.13
1746561608, 0, 437, 965, 955, 7, 9.13%, 0, 0, 3, 9.78
1746561613, 0, 437, 966, 956, 7, 9.13%, 0, 0, 3, 11.86
1746561618, 0, 437, 967, 957, 7, 9.13%, 0, 0, 3, 11.26
1746561623, 0, 437, 968, 958, 7, 9.13%, 0, 0, 3, 12.96
1746561628, 0, 437, 969, 959, 7, 9.13%, 0, 0, 3, 13.60
1746561638, 0, 437, 970, 960, 7, 9.13%, 0, 0, 3, 13.73
1746561643, 0, 437, 971, 961, 7, 9.14%, 0, 0, 3, 12.19
1746561648, 0, 437, 974, 964, 7, 9.14%, 0, 0, 3, 10.28
1746561653, 0, 437, 976, 966, 7, 9.14%, 0, 0, 3, 11.90
1746561658, 0, 437, 977, 967, 7, 9.14%, 0, 0, 3, 9.95
1746561664, 0, 437, 978, 968, 7, 9.14%, 0, 0, 3, 10.35
1746561669, 0, 437, 979, 969, 7, 9.14%, 0, 0, 3, 13.56
1746561674, 0, 437, 980, 970, 7, 9.14%, 0, 0, 3, 12.88
1746561679, 0, 437, 981, 971, 7, 9.14%, 0, 0, 3, 13.10
1746561684, 0, 437, 983, 973, 7, 9.14%, 0, 0, 3, 14.83
1746561689, 0, 437, 984, 974, 7, 9.14%, 0, 0, 3, 14.36
1746561699, 0, 437, 986, 976, 7, 9.14%, 0, 0, 3, 11.30
1746561710, 0, 437, 988, 978, 7, 9.14%, 0, 0, 3, 13.29
1746561715, 0, 437, 989, 979, 7, 9.14%, 0, 0, 3, 14.74
1746561725, 0, 437, 990, 980, 7, 9.14%, 0, 0, 3, 14.28
1746561735, 0, 437, 991, 981, 7, 9.14%, 0, 0, 3, 15.44
1746561746, 0, 437, 994, 984, 7, 9.14%, 0, 0, 3, 12.44
1746561756, 0, 437, 995, 985, 7, 9.14%, 0, 0, 3, 14.01
1746561776, 0, 437, 997, 987, 7, 9.14%, 0, 0, 3, 13.30
1746561787, 0, 437, 998, 988, 7, 9.14%, 0, 0, 3, 15.67
1746561797, 0, 437, 999, 989, 7, 9.14%, 0, 0, 3, 13.40
1746561807, 0, 437, 1000, 990, 7, 9.14%, 0, 0, 3, 14.76
1746561823, 0, 437, 1002, 992, 7, 9.14%, 0, 0, 3, 13.33
1746561828, 0, 437, 1003, 993, 7, 9.14%, 0, 0, 3, 12.54
1746561833, 0, 437, 1004, 994, 7, 9.14%, 0, 0, 3, 13.76
1746561843, 0, 437, 1005, 995, 7, 9.14%, 0, 0, 3, 13.86
1746561854, 0, 437, 1006, 996, 7, 9.14%, 0, 0, 3, 14.96
1746561874, 0, 437, 1008, 998, 7, 9.14%, 0, 0, 3, 10.66
1746561879, 0, 437, 1009, 999, 7, 9.14%, 0, 0, 3, 11.10
1746561885, 0, 437, 1010, 1000, 7, 9.14%, 0, 0, 3, 13.51
1746561895, 0, 437, 1011, 1001, 7, 9.14%, 0, 0, 3, 13.51
1746561900, 0, 437, 1012, 1002, 7, 9.14%, 0, 0, 3, 13.05
1746561910, 0, 437, 1013, 1003, 7, 9.14%, 0, 0, 3, 13.63
1746561946, 0, 437, 1014, 1004, 7, 9.14%, 0, 0, 3, 15.24
1746561951, 0, 437, 1015, 1005, 7, 9.14%, 0, 0, 3, 14.10
1746561956, 0, 437, 1016, 1006, 7, 9.14%, 0, 0, 3, 13.25
1746561962, 0, 453, 1016, 1005, 22, 9.14%, 0, 0, 3, 15.41
1746562018, 0, 473, 1016, 1004, 22, 9.14%, 0, 0, 3, 17.30
1746562126, 0, 476, 1016, 1003, 22, 9.14%, 0, 0, 3, 15.87
1746562131, 0, 476, 1018, 1005, 22, 9.14%, 0, 0, 4, 11.53
1746562141, 0, 476, 1019, 1006, 22, 9.14%, 0, 0, 4, 11.07
1746562146, 0, 476, 1022, 1009, 22, 9.14%, 0, 0, 4, 9.32
1746562151, 0, 476, 1025, 1012, 22, 9.14%, 0, 0, 4, 8.34
1746562157, 0, 476, 1029, 1016, 22, 9.14%, 0, 0, 4, 8.09
1746562162, 0, 476, 1032, 1019, 22, 9.14%, 0, 0, 4, 8.21
1746562167, 0, 476, 1036, 1023, 22, 9.14%, 0, 0, 4, 8.43
1746562172, 0, 476, 1039, 1026, 22, 9.14%, 0, 0, 4, 8.18
1746562177, 0, 476, 1040, 1027, 22, 9.14%, 0, 0, 4, 13.03
1746562193, 0, 476, 1041, 1028, 22, 9.14%, 0, 0, 4, 9.22
1746562198, 0, 476, 1043, 1030, 22, 9.14%, 0, 0, 4, 8.05
1746562203, 0, 476, 1047, 1034, 22, 9.14%, 0, 0, 4, 7.89
1746562208, 0, 476, 1051, 1038, 22, 9.14%, 0, 0, 4, 7.63
1746562213, 0, 476, 1053, 1040, 22, 9.14%, 0, 0, 4, 9.29
1746562228, 0, 476, 1056, 1043, 22, 9.14%, 0, 0, 4, 9.27
1746562234, 0, 476, 1059, 1046, 22, 9.14%, 0, 0, 4, 8.18
1746562239, 0, 476, 1061, 1048, 22, 9.14%, 0, 0, 4, 7.96
1746562244, 0, 476, 1064, 1051, 22, 9.14%, 0, 0, 4, 7.81
1746562249, 0, 476, 1067, 1054, 22, 9.14%, 0, 0, 4, 7.87
1746562254, 0, 476, 1070, 1057, 22, 9.14%, 0, 0, 4, 8.57
1746562259, 0, 476, 1071, 1058, 22, 9.14%, 0, 0, 4, 8.44
1746562342, 0, 476, 1072, 1059, 22, 9.14%, 0, 0, 4, 9.50
1746562352, 0, 476, 1073, 1060, 22, 9.14%, 0, 0, 4, 8.92
1746562357, 0, 476, 1074, 1061, 22, 9.14%, 0, 0, 4, 8.74
1746562362, 0, 476, 1075, 1062, 22, 9.14%, 0, 0, 4, 8.91
1746562367, 0, 476, 1076, 1063, 22, 9.14%, 0, 0, 4, 8.47
1746562372, 0, 476, 1077, 1064, 22, 9.14%, 0, 0, 4, 8.06
1746562398, 0, 476, 1081, 1068, 22, 9.14%, 0, 0, 4, 8.42
1746562403, 0, 476, 1084, 1071, 22, 9.14%, 0, 0, 4, 8.34
1746562408, 0, 476, 1085, 1072, 22, 9.14%, 0, 0, 4, 8.21
1746562413, 0, 476, 1087, 1074, 22, 9.14%, 0, 0, 4, 8.38
1746562418, 0, 476, 1089, 1076, 22, 9.14%, 0, 0, 4, 8.33
1746562423, 0, 476, 1091, 1078, 22, 9.14%, 0, 0, 4, 8.50
1746562429, 0, 476, 1093, 1080, 22, 9.14%, 0, 0, 4, 8.29
1746562449, 0, 476, 1094, 1081, 22, 9.14%, 0, 0, 4, 8.73
1746562454, 0, 476, 1095, 1082, 22, 9.14%, 0, 0, 4, 7.45
1746562516, 0, 476, 1096, 1083, 22, 9.14%, 0, 0, 4, 8.17
1746562521, 0, 476, 1098, 1085, 22, 9.14%, 0, 0, 4, 7.70
1746562526, 0, 476, 1099, 1086, 22, 9.14%, 0, 0, 4, 7.72
1746562531, 0, 476, 1100, 1087, 22, 9.14%, 0, 0, 4, 7.82
1746562536, 0, 476, 1101, 1088, 22, 9.14%, 0, 0, 4, 8.12
1746562541, 0, 476, 1102, 1089, 22, 9.14%, 0, 0, 4, 8.16
1746562546, 0, 476, 1104, 1091, 22, 9.14%, 0, 0, 4, 8.19
1746562603, 0, 476, 1105, 1092, 22, 9.14%, 0, 0, 4, 9.98
1746562608, 0, 476, 1106, 1093, 22, 9.14%, 0, 0, 4, 9.38
1746562623, 0, 476, 1107, 1094, 22, 9.14%, 0, 0, 4, 8.61
1746562628, 0, 476, 1108, 1095, 22, 9.14%, 0, 0, 4, 8.68
1746562633, 0, 476, 1109, 1096, 22, 9.14%, 0, 0, 4, 7.72
1746562639, 0, 476, 1110, 1097, 22, 9.14%, 0, 0, 4, 7.89
1746562654, 0, 476, 1113, 1100, 22, 9.14%, 0, 0, 4, 7.39
1746562659, 0, 476, 1115, 1102, 22, 9.14%, 0, 0, 4, 8.38
1746562664, 0, 476, 1116, 1103, 22, 9.14%, 0, 0, 4, 8.02
1746562669, 0, 476, 1117, 1104, 22, 9.14%, 0, 0, 4, 10.81
1746562685, 0, 476, 1118, 1105, 22, 9.14%, 0, 0, 4, 13.93
1746562700, 0, 496, 1118, 1104, 24, 9.14%, 0, 0, 4, 17.31
1746562731, 0, 518, 1118, 1103, 23, 9.14%, 0, 0, 4, 14.07
1746562761, 0, 518, 1119, 1104, 23, 9.14%, 0, 0, 4, 11.27
1746562766, 0, 518, 1120, 1105, 23, 9.14%, 0, 0, 4, 10.17
1746562782, 0, 518, 1121, 1106, 23, 9.14%, 0, 0, 4, 11.59
1746562792, 0, 518, 1122, 1107, 23, 9.14%, 0, 0, 4, 9.10
1746563058, 0, 518, 1123, 1108, 23, 9.14%, 0, 0, 4, 9.19
1746563063, 0, 518, 1124, 1109, 23, 9.14%, 0, 0, 4, 9.85
1746563155, 0, 518, 1128, 1113, 23, 9.14%, 0, 0, 4, 11.06
1746563165, 0, 518, 1129, 1114, 23, 9.14%, 0, 0, 4, 9.41
1746563170, 0, 518, 1130, 1115, 23, 9.14%, 0, 0, 4, 12.88
1746563176, 0, 518, 1131, 1116, 23, 9.14%, 0, 0, 4, 12.79
1746563181, 0, 518, 1132, 1117, 23, 9.14%, 0, 0, 4, 12.52
1746563196, 0, 518, 1133, 1118, 23, 9.14%, 0, 0, 4, 13.92
1746563201, 0, 518, 1134, 1119, 23, 9.14%, 0, 0, 4, 12.93
1746563206, 0, 518, 1135, 1120, 23, 9.14%, 0, 0, 4, 12.47
1746563217, 0, 518, 1137, 1122, 23, 9.15%, 0, 0, 4, 12.29
1746563232, 0, 518, 1139, 1124, 23, 9.15%, 0, 0, 4, 12.37
1746563243, 0, 518, 1141, 1126, 23, 9.15%, 0, 0, 4, 11.51
1746563258, 0, 518, 1142, 1127, 23, 9.15%, 0, 0, 4, 13.97
1746563263, 0, 518, 1144, 1129, 23, 9.15%, 0, 0, 4, 11.32
1746563288, 0, 518, 1145, 1130, 23, 9.15%, 0, 0, 4, 10.91
1746563293, 0, 518, 1146, 1131, 23, 9.15%, 0, 0, 4, 12.07
1746563298, 0, 518, 1147, 1132, 23, 9.15%, 0, 0, 4, 11.43
1746563309, 0, 518, 1148, 1133, 23, 9.15%, 0, 0, 4, 15.03
1746563314, 0, 518, 1149, 1134, 23, 9.15%, 0, 0, 4, 10.52
1746563324, 0, 518, 1150, 1135, 23, 9.15%, 0, 0, 4, 10.42
1746563334, 0, 518, 1151, 1136, 23, 9.15%, 0, 0, 4, 13.61
1746563339, 0, 518, 1152, 1137, 23, 9.15%, 0, 0, 4, 13.58
1746563370, 0, 518, 1153, 1138, 23, 9.15%, 0, 0, 4, 12.77
1746563395, 0, 518, 1154, 1139, 23, 9.15%, 0, 0, 4, 12.40
1746563401, 0, 518, 1155, 1140, 23, 9.15%, 0, 0, 4, 13.64
1746563406, 0, 518, 1156, 1141, 23, 9.15%, 0, 0, 4, 12.11
1746563431, 0, 518, 1157, 1142, 23, 9.15%, 0, 0, 4, 13.63
1746563441, 0, 518, 1158, 1143, 23, 9.15%, 0, 0, 4, 12.48
1746563467, 0, 518, 1159, 1144, 23, 9.15%, 0, 0, 4, 14.62
1746563483, 0, 518, 1160, 1145, 23, 9.15%, 0, 0, 4, 12.41
1746563493, 0, 518, 1162, 1147, 23, 9.15%, 0, 0, 4, 11.70
1746563514, 0, 518, 1163, 1148, 23, 9.15%, 0, 0, 4, 12.93
1746563524, 0, 518, 1164, 1149, 23, 9.15%, 0, 0, 4, 12.62
1746563544, 0, 518, 1165, 1150, 23, 9.15%, 0, 0, 4, 14.33
1746563554, 0, 518, 1166, 1151, 23, 9.15%, 0, 0, 4, 14.06
1746563575, 0, 518, 1167, 1152, 23, 9.15%, 0, 0, 4, 11.98
1746563621, 0, 518, 1168, 1153, 23, 9.15%, 0, 0, 4, 14.06
1746563636, 0, 518, 1169, 1154, 23, 9.15%, 0, 0, 4, 13.06
1746563646, 0, 518, 1170, 1155, 23, 9.15%, 0, 0, 4, 14.29
1746563651, 0, 518, 1171, 1156, 23, 9.15%, 0, 0, 4, 13.57
1746563656, 0, 518, 1172, 1157, 23, 9.15%, 0, 0, 4, 12.68
1746563672, 0, 532, 1172, 1156, 27, 9.15%, 0, 0, 4, 14.32
1746563682, 0, 532, 1173, 1157, 27, 9.15%, 0, 0, 4, 13.19
1746563692, 0, 532, 1174, 1158, 27, 9.15%, 0, 0, 4, 14.18
1746563708, 0, 532, 1175, 1159, 27, 9.15%, 0, 0, 4, 13.94
1746563795, 0, 532, 1176, 1160, 27, 9.15%, 0, 0, 4, 13.44
1746563800, 0, 532, 1178, 1162, 27, 9.15%, 0, 0, 4, 12.50
1746563871, 0, 532, 1179, 1163, 27, 9.15%, 0, 0, 4, 12.92
1746563995, 0, 639, 1179, 1162, 27, 9.15%, 0, 0, 4, 13.88
1746564010, 0, 639, 1181, 1164, 27, 9.15%, 0, 0, 4, 11.12
1746564015, 0, 639, 1183, 1166, 27, 9.15%, 0, 0, 4, 10.27
1746564020, 0, 639, 1184, 1167, 27, 9.15%, 0, 0, 4, 10.48
1746564051, 0, 639, 1185, 1168, 27, 9.15%, 0, 0, 4, 10.64
1746564061, 0, 639, 1186, 1169, 27, 9.15%, 0, 0, 4, 10.72
1746564066, 0, 639, 1187, 1170, 27, 9.15%, 0, 0, 4, 10.28
1746564164, 0, 639, 1188, 1171, 27, 9.15%, 0, 0, 4, 12.29
1746564200, 0, 639, 1190, 1173, 27, 9.15%, 0, 0, 4, 9.66
1746564205, 0, 639, 1191, 1174, 27, 9.15%, 0, 0, 4, 10.22
1746564276, 0, 639, 1193, 1176, 27, 9.15%, 0, 0, 4, 10.03
1746564297, 0, 639, 1194, 1177, 27, 9.15%, 0, 0, 4, 12.46
1746564455, 0, 639, 1196, 1179, 27, 9.15%, 0, 0, 4, 11.77
1746564460, 0, 639, 1197, 1180, 27, 9.15%, 0, 0, 4, 10.61
1746564471, 0, 639, 1199, 1182, 27, 9.15%, 0, 0, 4, 10.29
1746564491, 0, 639, 1201, 1184, 27, 9.15%, 0, 0, 4, 10.43
1746564496, 0, 639, 1202, 1185, 27, 9.15%, 0, 0, 4, 13.13
1746564506, 0, 639, 1203, 1186, 27, 9.15%, 0, 0, 4, 14.14
1746564517, 0, 639, 1204, 1187, 27, 9.15%, 0, 0, 4, 14.28
1746564542, 0, 639, 1205, 1188, 27, 9.15%, 0, 0, 4, 12.33
1746564558, 0, 639, 1206, 1189, 27, 9.15%, 0, 0, 4, 12.83
1746564573, 0, 639, 1207, 1190, 27, 9.15%, 0, 0, 4, 13.95
1746564583, 0, 639, 1209, 1192, 27, 9.15%, 0, 0, 4, 11.42
1746564640, 0, 639, 1210, 1193, 27, 9.15%, 0, 0, 4, 13.32
1746564645, 0, 639, 1211, 1194, 27, 9.15%, 0, 0, 4, 14.22
1746564650, 0, 639, 1212, 1195, 27, 9.15%, 0, 0, 4, 13.20
1746564655, 0, 639, 1213, 1196, 27, 9.15%, 0, 0, 4, 12.67
1746564686, 0, 639, 1214, 1197, 27, 9.15%, 0, 0, 4, 13.29
1746564722, 0, 639, 1215, 1198, 27, 9.15%, 0, 0, 4, 14.30
1746564732, 0, 639, 1216, 1199, 27, 9.15%, 0, 0, 4, 12.00
1746564779, 0, 639, 1217, 1200, 27, 9.17%, 0, 0, 4, 13.76
1746564809, 0, 639, 1218, 1201, 27, 9.17%, 0, 0, 4, 14.81
1746564825, 0, 639, 1219, 1202, 27, 9.17%, 0, 0, 4, 12.81
1746564845, 0, 639, 1220, 1203, 27, 9.17%, 0, 0, 4, 14.40
1746564856, 0, 639, 1221, 1204, 27, 9.17%, 0, 0, 4, 12.50
1746564912, 0, 639, 1222, 1205, 27, 9.17%, 0, 0, 4, 13.19
1746564922, 0, 639, 1223, 1206, 27, 9.17%, 0, 0, 4, 13.88
1746564952, 0, 642, 1223, 1205, 27, 9.17%, 0, 0, 4, 12.52
1746564968, 0, 642, 1224, 1206, 27, 9.17%, 0, 0, 4, 10.49
1746564983, 0, 642, 1226, 1208, 27, 9.17%, 0, 0, 4, 7.09
1746564988, 0, 642, 1227, 1209, 27, 9.17%, 0, 0, 4, 6.37
1746564994, 0, 642, 1230, 1212, 27, 9.17%, 0, 0, 4, 6.10
1746564999, 0, 642, 1233, 1215, 27, 9.17%, 0, 0, 4, 6.09
1746565024, 0, 642, 1234, 1216, 27, 9.17%, 0, 0, 4, 7.54
1746565039, 0, 642, 1236, 1218, 27, 9.17%, 0, 0, 4, 5.77
1746565045, 0, 642, 1239, 1221, 27, 9.17%, 0, 0, 4, 5.73
1746565050, 0, 642, 1242, 1224, 27, 9.17%, 0, 0, 4, 6.26
1746565055, 0, 642, 1243, 1225, 27, 9.17%, 0, 0, 4, 8.73
1746565070, 0, 642, 1245, 1227, 27, 9.17%, 0, 0, 4, 9.88
1746565091, 0, 642, 1247, 1229, 27, 9.17%, 0, 0, 4, 5.88
1746565096, 0, 642, 1250, 1232, 27, 9.17%, 0, 0, 4, 7.18
1746565102, 0, 642, 1251, 1233, 27, 9.17%, 0, 0, 4, 8.05
1746565235, 0, 642, 1252, 1234, 27, 9.17%, 0, 0, 4, 7.26
1746565296, 0, 642, 1254, 1236, 27, 9.17%, 0, 0, 4, 6.46
1746565302, 0, 642, 1255, 1237, 27, 9.17%, 0, 0, 4, 6.47
1746565307, 0, 642, 1256, 1238, 27, 9.17%, 0, 0, 4, 6.02
1746565322, 0, 642, 1257, 1239, 27, 9.17%, 0, 0, 4, 5.85
1746565327, 0, 642, 1258, 1240, 27, 9.17%, 0, 0, 4, 5.72
1746565342, 0, 642, 1260, 1242, 27, 9.17%, 0, 0, 4, 5.66
1746565353, 0, 642, 1262, 1244, 27, 9.17%, 0, 0, 4, 6.21
1746565358, 0, 642, 1263, 1245, 27, 9.17%, 0, 0, 4, 5.82
1746565363, 0, 642, 1264, 1246, 27, 9.17%, 0, 0, 4, 5.51
1746565368, 0, 642, 1266, 1248, 27, 9.17%, 0, 0, 4, 6.27
1746565374, 0, 642, 1270, 1252, 27, 9.17%, 0, 0, 4, 7.34
1746565379, 0, 642, 1272, 1254, 27, 9.17%, 0, 0, 4, 7.06
1746565384, 0, 642, 1274, 1256, 27, 9.17%, 0, 0, 4, 6.98
1746565456, 0, 642, 1275, 1257, 27, 9.17%, 0, 0, 4, 5.69
1746565507, 0, 642, 1277, 1259, 27, 9.17%, 0, 0, 4, 7.34
1746565621, 0, 642, 1279, 1261, 27, 9.17%, 0, 0, 4, 4.71
1746565817, 0, 727, 1279, 1260, 26, 9.17%, 0, 0, 4, 10.84
1746565823, 0, 727, 1280, 1261, 26, 9.17%, 0, 0, 4, 10.75
1746565895, 0, 727, 1281, 1262, 26, 9.17%, 0, 0, 4, 7.78
1746565900, 0, 727, 1282, 1263, 26, 9.17%, 0, 0, 4, 6.83
1746565905, 0, 727, 1283, 1264, 26, 9.17%, 0, 0, 4, 9.11
1746566049, 0, 727, 1284, 1265, 26, 9.17%, 0, 0, 4, 7.72
1746566054, 0, 727, 1285, 1266, 26, 9.17%, 0, 0, 4, 7.80
1746566059, 0, 727, 1286, 1267, 26, 9.17%, 0, 0, 4, 7.93
1746566069, 0, 727, 1287, 1268, 26, 9.17%, 0, 0, 4, 7.43
1746566074, 0, 727, 1288, 1269, 26, 9.17%, 0, 0, 4, 6.91
1746566085, 0, 727, 1289, 1270, 26, 9.17%, 0, 0, 4, 6.45
1746566254, 0, 727, 1290, 1271, 26, 9.17%, 0, 0, 4, 8.98
1746566275, 0, 727, 1291, 1272, 26, 9.18%, 0, 0, 4, 7.33
1746566291, 0, 727, 1292, 1273, 26, 9.18%, 0, 0, 4, 6.45
1746566347, 0, 727, 1294, 1275, 26, 9.18%, 0, 0, 4, 10.01
1746566383, 0, 727, 1295, 1276, 26, 9.18%, 0, 0, 4, 9.48
1746566398, 0, 727, 1296, 1277, 26, 9.18%, 0, 0, 4, 8.29
1746566450, 0, 891, 1296, 1276, 26, 9.18%, 0, 0, 4, 13.14
1746566763, 0, 891, 1297, 1277, 26, 9.18%, 0, 0, 4, 6.93
1746567031, 0, 926, 1297, 1276, 26, 9.18%, 0, 0, 4, 8.87
1746567186, 0, 926, 1298, 1277, 26, 9.18%, 0, 0, 4, 7.66
1746567495, 0, 926, 1299, 1278, 26, 9.18%, 0, 0, 4, 5.35
1746567506, 0, 926, 1300, 1279, 26, 9.18%, 0, 0, 4, 5.75
1746568015, 0, 926, 1301, 1280, 26, 9.18%, 0, 0, 4, 5.66
1746568020, 0, 926, 1302, 1281, 26, 9.18%, 0, 0, 4, 5.70
1746568056, 0, 938, 1302, 1280, 25, 9.18%, 0, 0, 4, 8.27
1746568061, 0, 938, 1303, 1281, 25, 9.18%, 0, 0, 4, 6.40
1746568175, 0, 938, 1304, 1282, 25, 9.18%, 0, 0, 4, 3.57
1746568236, 0, 938, 1305, 1283, 25, 9.18%, 0, 0, 4, 4.52
1746568251, 0, 938, 1306, 1284, 25, 9.18%, 0, 0, 4, 4.55
1746568740, 0, 938, 1307, 1285, 25, 9.18%, 0, 0, 4, 4.96
1746569202, 0, 938, 1308, 1286, 25, 9.18%, 0, 0, 4, 5.22
1746569332, 0, 952, 1308, 1285, 24, 9.18%, 0, 0, 4, 8.24
1746569457, 0, 952, 1309, 1286, 24, 9.18%, 0, 0, 4, 3.27
1746569493, 0, 952, 1310, 1287, 24, 9.18%, 0, 0, 4, 5.90
1746569519, 0, 952, 1311, 1288, 24, 9.18%, 0, 0, 4, 3.38
1746569529, 0, 952, 1312, 1289, 24, 9.18%, 0, 0, 4, 2.82
1746569762, 0, 952, 1313, 1290, 24, 9.18%, 0, 0, 4, 3.36
1746569788, 0, 952, 1314, 1291, 24, 9.18%, 0, 0, 4, 3.38
1746569953, 0, 952, 1316, 1293, 24, 9.18%, 0, 0, 4, 2.69
1746570623, 0, 983, 1316, 1292, 23, 9.18%, 0, 0, 4, 8.85
1746570716, 0, 983, 1317, 1293, 23, 9.18%, 0, 0, 4, 4.12
1746570737, 0, 983, 1318, 1294, 23, 9.18%, 0, 0, 4, 8.17
1746570768, 0, 983, 1319, 1295, 23, 9.18%, 0, 0, 4, 3.99
1746570947, 0, 983, 1320, 1296, 23, 9.18%, 0, 0, 4, 5.29
1746571014, 0, 983, 1321, 1297, 23, 9.18%, 0, 0, 4, 4.39
1746571040, 0, 983, 1322, 1298, 23, 9.18%, 0, 0, 4, 3.99
1746571400, 0, 983, 1323, 1299, 23, 9.18%, 0, 0, 4, 5.40
1746571483, 0, 983, 1324, 1300, 23, 9.18%, 0, 0, 4, 6.34
1746571627, 0, 983, 1325, 1301, 23, 9.18%, 0, 0, 4, 4.66
1746571714, 0, 983, 1326, 1302, 23, 9.19%, 0, 0, 4, 5.32
1746571735, 0, 993, 1327, 1302, 23, 9.19%, 0, 0, 4, 7.10
1746571802, 0, 993, 1328, 1303, 23, 9.19%, 0, 0, 4, 3.90
1746571807, 0, 993, 1329, 1304, 23, 9.19%, 0, 0, 4, 3.79
1746571863, 0, 993, 1330, 1305, 23, 9.19%, 0, 0, 4, 4.75
1746571868, 0, 993, 1331, 1306, 23, 9.19%, 0, 0, 4, 3.93
1746571879, 0, 993, 1332, 1307, 23, 9.19%, 0, 0, 4, 3.98
1746571889, 0, 993, 1333, 1308, 23, 9.19%, 0, 0, 4, 3.78
1746571899, 0, 993, 1334, 1309, 23, 9.19%, 0, 0, 4, 3.59
1746571935, 0, 993, 1335, 1310, 23, 9.19%, 0, 0, 4, 5.73
1746571940, 0, 993, 1336, 1311, 23, 9.19%, 0, 0, 4, 4.51
1746572399, 0, 993, 1337, 1312, 23, 9.19%, 0, 0, 4, 4.00
1746572404, 0, 993, 1339, 1314, 23, 9.19%, 0, 0, 4, 3.68
1746572409, 0, 993, 1340, 1315, 23, 9.19%, 0, 0, 4, 3.62
1746572450, 0, 993, 1341, 1316, 23, 9.19%, 0, 0, 4, 3.54
1746572747, 0, 993, 1342, 1317, 23, 9.20%, 0, 0, 4, 7.26
1746572752, 0, 993, 1343, 1318, 23, 9.20%, 0, 0, 4, 5.86
1746572758, 0, 993, 1344, 1319, 23, 9.20%, 0, 0, 4, 5.36
1746572768, 0, 993, 1345, 1320, 23, 9.20%, 0, 0, 4, 5.18
1746572953, 0, 993, 1346, 1321, 23, 9.20%, 0, 0, 4, 7.56
1746572974, 0, 993, 1347, 1322, 23, 9.20%, 0, 0, 4, 4.74
1746573026, 0, 993, 1348, 1323, 23, 9.20%, 0, 0, 4, 5.90
1746573061, 0, 1010, 1348, 1322, 22, 9.20%, 0, 0, 4, 10.67
1746573801, 0, 1010, 1349, 1323, 22, 9.20%, 0, 0, 4, 8.20
1746573936, 0, 1018, 1349, 1322, 21, 9.20%, 0, 0, 4, 11.57
1746573997, 0, 1018, 1350, 1323, 21, 9.20%, 0, 0, 5, 8.87
1746574012, 0, 1018, 1351, 1324, 21, 9.20%, 0, 0, 5, 9.14
1746574366, 0, 1018, 1352, 1325, 21, 9.20%, 0, 0, 5, 8.19
1746574376, 0, 1018, 1353, 1326, 21, 9.20%, 0, 0, 5, 10.24
1746574392, 0, 1018, 1354, 1327, 21, 9.20%, 0, 0, 5, 11.91
1746574433, 0, 1021, 1354, 1326, 20, 9.20%, 0, 0, 5, 15.09
1746574453, 0, 1021, 1356, 1328, 20, 9.20%, 0, 0, 5, 8.57
1746574484, 0, 1021, 1357, 1329, 20, 9.20%, 0, 0, 5, 8.10
1746574504, 0, 1021, 1358, 1330, 20, 9.20%, 0, 0, 5, 8.15
1746574627, 0, 1021, 1359, 1331, 20, 9.20%, 0, 0, 5, 8.13
1746574873, 0, 1021, 1360, 1332, 20, 9.20%, 0, 0, 5, 8.17
1746574883, 0, 1021, 1362, 1334, 20, 9.20%, 0, 0, 5, 8.51
1746574898, 0, 1021, 1363, 1335, 20, 9.21%, 0, 0, 5, 12.31
1746574950, 0, 1023, 1363, 1334, 19, 9.21%, 0, 0, 5, 13.86
1746575210, 0, 1023, 1364, 1335, 19, 9.21%, 0, 0, 5, 9.93
1746575282, 0, 1023, 1365, 1336, 19, 9.21%, 0, 0, 5, 8.31
1746575364, 0, 1023, 1366, 1337, 19, 9.21%, 0, 0, 5, 8.69
1746575390, 0, 1023, 1367, 1338, 19, 9.21%, 0, 0, 5, 7.99
1746575416, 0, 1023, 1368, 1339, 19, 9.21%, 0, 0, 5, 12.39
1746575457, 0, 1061, 1368, 1338, 19, 9.21%, 0, 0, 5, 13.45
1746575529, 0, 1061, 1369, 1339, 19, 9.21%, 0, 0, 5, 7.34
1746575909, 0, 1061, 1370, 1340, 19, 9.21%, 0, 0, 5, 7.21
1746575950, 0, 1061, 1371, 1341, 19, 9.21%, 0, 0, 5, 14.11
1746575986, 0, 1061, 1372, 1342, 19, 9.21%, 0, 0, 5, 14.23
1746576011, 0, 1061, 1373, 1343, 19, 9.22%, 0, 0, 5, 14.73
1746576160, 0, 1088, 1373, 1342, 18, 9.22%, 0, 0, 5, 13.65
1746576610, 0, 1088, 1375, 1344, 18, 9.22%, 0, 0, 5, 10.60
1746576620, 0, 1088, 1376, 1345, 18, 9.22%, 0, 0, 5, 11.80
1746576666, 0, 1119, 1376, 1344, 18, 9.22%, 0, 0, 5, 14.12
1746576727, 0, 1119, 1377, 1345, 18, 9.22%, 0, 0, 5, 10.48
1746576778, 0, 1119, 1378, 1346, 18, 9.22%, 0, 0, 5, 11.76
1746577111, 0, 1121, 1378, 1345, 20, 9.22%, 0, 0, 5, 13.19
1746577127, 0, 1121, 1379, 1346, 20, 9.22%, 0, 0, 5, 8.20
1746577137, 0, 1121, 1380, 1347, 20, 9.22%, 0, 0, 5, 6.64
1746577173, 0, 1121, 1381, 1348, 20, 9.22%, 0, 0, 5, 6.70
1746577193, 0, 1121, 1382, 1349, 20, 9.23%, 0, 0, 5, 7.37
1746577198, 0, 1121, 1383, 1350, 20, 9.23%, 0, 0, 5, 5.65
1746577204, 0, 1121, 1386, 1353, 20, 9.23%, 0, 0, 5, 6.24
1746577209, 0, 1121, 1387, 1354, 20, 9.23%, 0, 0, 5, 7.53
1746577390, 0, 1121, 1388, 1355, 20, 9.23%, 0, 0, 5, 5.68
1746577395, 0, 1121, 1392, 1359, 20, 9.23%, 0, 0, 5, 7.23
1746577400, 0, 1121, 1393, 1360, 20, 9.23%, 0, 0, 5, 7.11
1746577523, 0, 1121, 1394, 1361, 20, 9.23%, 0, 0, 5, 8.70
1746577714, 0, 1135, 1394, 1360, 21, 9.23%, 0, 0, 5, 10.95
1746577807, 0, 1135, 1395, 1361, 21, 9.23%, 0, 0, 5, 8.98
1746577971, 0, 1135, 1396, 1362, 21, 9.23%, 0, 0, 5, 8.50
1746578523, 0, 1135, 1397, 1363, 21, 9.23%, 0, 0, 5, 7.91
1746578620, 0, 1152, 1397, 1362, 20, 9.23%, 0, 0, 5, 12.10
1746578841, 0, 1152, 1398, 1363, 20, 9.23%, 0, 0, 5, 8.28
1746579148, 0, 1169, 1398, 1362, 19, 9.23%, 0, 0, 5, 14.05
1746579159, 0, 1169, 1399, 1363, 19, 9.23%, 0, 0, 5, 12.69
1746579184, 0, 1169, 1400, 1364, 19, 9.23%, 0, 0, 5, 13.06
1746579251, 0, 1169, 1401, 1365, 19, 9.23%, 0, 0, 5, 12.45
1746579256, 0, 1169, 1402, 1366, 19, 9.23%, 0, 0, 5, 11.91
1746579271, 0, 1169, 1403, 1367, 19, 9.23%, 0, 0, 5, 12.86
1746579420, 0, 1169, 1404, 1368, 19, 9.23%, 0, 0, 5, 15.63
1746579460, 0, 1194, 1405, 1368, 19, 9.23%, 0, 0, 5, 13.79
1746579471, 0, 1194, 1406, 1369, 19, 9.23%, 0, 0, 5, 12.86
1746579481, 0, 1194, 1409, 1372, 19, 9.23%, 0, 0, 5, 11.47
1746579502, 0, 1194, 1412, 1375, 19, 9.23%, 0, 0, 5, 11.14
1746579507, 0, 1194, 1413, 1376, 19, 9.23%, 0, 0, 5, 11.91
1746579527, 0, 1194, 1415, 1378, 19, 9.23%, 0, 0, 5, 10.41
1746579532, 0, 1194, 1416, 1379, 19, 9.23%, 0, 0, 5, 11.10
1746579670, 0, 1194, 1418, 1381, 19, 9.23%, 0, 0, 5, 10.93
1746579680, 0, 1194, 1420, 1383, 19, 9.23%, 0, 0, 5, 10.68
1746579685, 0, 1194, 1421, 1384, 19, 9.23%, 0, 0, 5, 10.50
1746579691, 0, 1194, 1427, 1390, 19, 9.23%, 0, 0, 5, 11.24
1746579696, 0, 1194, 1428, 1391, 19, 9.23%, 0, 0, 5, 10.50
1746579957, 0, 1194, 1429, 1392, 19, 9.23%, 0, 0, 5, 10.38
1746579962, 0, 1194, 1430, 1393, 19, 9.23%, 0, 0, 5, 10.00
1746580003, 0, 1234, 1430, 1392, 21, 9.23%, 0, 0, 5, 11.35
1746580019, 0, 1234, 1431, 1393, 21, 9.23%, 0, 0, 5, 9.80
1746580034, 0, 1234, 1432, 1394, 21, 9.23%, 0, 0, 5, 6.33
1746580080, 0, 1234, 1433, 1395, 21, 9.23%, 0, 0, 5, 6.09
1746580250, 0, 1234, 1434, 1396, 21, 9.23%, 0, 0, 5, 10.75
1746580388, 0, 1234, 1435, 1397, 21, 9.23%, 0, 0, 5, 4.92
1746580445, 0, 1234, 1436, 1398, 21, 9.23%, 0, 0, 5, 6.13
1746580578, 0, 1234, 1437, 1399, 21, 9.23%, 0, 0, 5, 9.67
1746580594, 0, 1234, 1438, 1400, 21, 9.23%, 0, 0, 5, 6.11
1746580861, 0, 1237, 1438, 1399, 20, 9.23%, 0, 0, 5, 10.79
1746581677, 0, 1280, 1438, 1398, 20, 9.23%, 0, 0, 5, 12.65
1746581703, 0, 1280, 1439, 1399, 20, 9.23%, 0, 0, 5, 6.12
1746581708, 0, 1280, 1440, 1400, 20, 9.23%, 0, 0, 5, 5.79
1746581739, 0, 1280, 1441, 1401, 20, 9.23%, 0, 0, 5, 5.92
1746581990, 0, 1280, 1442, 1402, 20, 9.23%, 0, 0, 5, 5.56
1746582303, 0, 1280, 1443, 1403, 20, 9.23%, 0, 0, 5, 5.57
1746582364, 0, 1284, 1443, 1402, 20, 9.23%, 0, 0, 5, 12.46
1746582390, 0, 1284, 1444, 1403, 20, 9.23%, 0, 0, 5, 7.27
1746582395, 0, 1284, 1445, 1404, 20, 9.23%, 0, 0, 5, 8.99
1746582657, 0, 1284, 1447, 1406, 20, 9.23%, 0, 0, 5, 6.71
1746582887, 0, 1284, 1448, 1407, 20, 9.23%, 0, 0, 5, 10.64
1746583011, 0, 1292, 1448, 1406, 19, 9.23%, 0, 0, 5, 14.72
1746583057, 0, 1292, 1449, 1407, 19, 9.23%, 0, 0, 5, 8.38
1746583083, 0, 1292, 1450, 1408, 19, 9.23%, 0, 0, 5, 8.28
1746583231, 0, 1292, 1451, 1409, 19, 9.23%, 0, 0, 5, 8.08
1746583653, 0, 1298, 1451, 1408, 20, 9.23%, 0, 0, 5, 15.06
1746584313, 0, 1310, 1451, 1407, 20, 9.23%, 0, 0, 5, 11.90
1746584344, 0, 1310, 1452, 1408, 20, 9.23%, 0, 0, 5, 5.32
1746585543, 0, 1324, 1452, 1407, 20, 9.23%, 0, 0, 5, 8.69
1746585579, 0, 1324, 1453, 1408, 20, 9.23%, 0, 0, 5, 4.73
1746586296, 0, 1324, 1454, 1409, 20, 9.23%, 0, 0, 5, 6.40
1746586379, 0, 1324, 1455, 1410, 20, 9.23%, 0, 0, 5, 4.18
1746586677, 0, 1341, 1456, 1410, 20, 9.23%, 0, 0, 5, 6.92
1746586682, 0, 1341, 1457, 1411, 20, 9.23%, 0, 0, 5, 4.78
1746586714, 0, 1341, 1458, 1412, 20, 9.23%, 0, 0, 5, 5.09
1746586724, 0, 1341, 1459, 1413, 20, 9.23%, 0, 0, 5, 4.00
1746586750, 0, 1341, 1461, 1415, 20, 9.23%, 0, 0, 5, 3.36
1746586755, 0, 1341, 1462, 1416, 20, 9.24%, 0, 0, 5, 3.17
1746586760, 0, 1341, 1463, 1417, 20, 9.24%, 0, 0, 5, 3.16
1746586776, 0, 1341, 1464, 1418, 20, 9.24%, 0, 0, 5, 3.23
1746586781, 0, 1341, 1465, 1419, 20, 9.24%, 0, 0, 5, 3.26
1746586843, 0, 1341, 1466, 1420, 20, 9.24%, 0, 0, 5, 3.71
1746586848, 0, 1341, 1467, 1421, 20, 9.24%, 0, 0, 5, 3.24
1746586854, 0, 1341, 1468, 1422, 20, 9.24%, 0, 0, 5, 3.04
1746586859, 0, 1341, 1469, 1423, 20, 9.24%, 0, 0, 5, 3.11
1746586869, 0, 1341, 1470, 1424, 20, 9.24%, 0, 0, 5, 3.20
1746586874, 0, 1341, 1471, 1425, 20, 9.24%, 0, 0, 5, 3.15
1746586920, 0, 1341, 1472, 1426, 20, 9.24%, 0, 0, 5, 5.55
1746586935, 0, 1341, 1474, 1428, 20, 9.28%, 0, 0, 5, 3.47
1746586946, 0, 1341, 1475, 1429, 20, 9.28%, 0, 0, 5, 3.00
1746586951, 0, 1341, 1477, 1431, 20, 9.28%, 0, 0, 5, 2.88
1746586956, 0, 1341, 1478, 1432, 20, 9.28%, 0, 0, 5, 2.83
1746586962, 0, 1341, 1479, 1433, 20, 9.28%, 0, 0, 5, 2.99
1746586967, 0, 1341, 1480, 1434, 20, 9.28%, 0, 0, 5, 3.07
1746586977, 0, 1341, 1481, 1435, 20, 9.28%, 0, 0, 5, 3.30
1746587008, 0, 1341, 1482, 1436, 20, 9.28%, 0, 0, 5, 4.10
1746587388, 0, 1341, 1483, 1437, 20, 9.28%, 0, 0, 5, 3.26
1746587398, 0, 1341, 1485, 1439, 20, 9.28%, 0, 0, 5, 3.20
1746587414, 0, 1341, 1486, 1440, 20, 9.28%, 0, 0, 5, 3.22
1746587419, 0, 1341, 1487, 1441, 20, 9.28%, 0, 0, 5, 3.24
1746587430, 0, 1341, 1488, 1442, 20, 9.30%, 0, 0, 5, 2.95
1746587636, 0, 1341, 1489, 1443, 20, 9.30%, 0, 0, 5, 3.94
1746587811, 0, 1341, 1490, 1444, 20, 9.30%, 0, 0, 5, 3.39
1746588011, 0, 1341, 1491, 1445, 20, 9.30%, 0, 0, 5, 3.04
1746588032, 0, 1341, 1492, 1446, 20, 9.30%, 0, 0, 5, 3.21
1746588351, 0, 1341, 1493, 1447, 20, 9.30%, 0, 0, 5, 3.45
1746588366, 0, 1341, 1494, 1448, 20, 9.30%, 0, 0, 5, 3.33
1746588397, 0, 1341, 1495, 1449, 20, 9.30%, 0, 0, 5, 3.30
1746588475, 0, 1341, 1496, 1450, 20, 9.30%, 0, 0, 5, 3.74
1746588511, 0, 1341, 1497, 1451, 20, 9.30%, 0, 0, 5, 9.23
1746588537, 0, 1341, 1498, 1452, 20, 9.30%, 0, 0, 5, 6.78
1746588625, 0, 1345, 1498, 1451, 25, 9.30%, 0, 0, 5, 6.81
1746589274, 0, 1345, 1499, 1452, 25, 9.30%, 0, 0, 5, 3.38
1746589280, 0, 1345, 1500, 1453, 25, 9.30%, 0, 0, 5, 3.19
1746589573, 0, 1345, 1501, 1454, 25, 9.30%, 0, 0, 5, 3.12
1746590207, 0, 1345, 1502, 1455, 25, 9.30%, 0, 0, 5, 3.78
1746590233, 0, 1345, 1503, 1456, 25, 9.30%, 0, 0, 5, 3.61
1746590259, 0, 1345, 1504, 1457, 25, 9.30%, 0, 0, 5, 3.51
1746590352, 0, 1345, 1505, 1458, 25, 9.30%, 0, 0, 5, 7.21
1746590413, 0, 1372, 1505, 1457, 24, 9.30%, 0, 0, 5, 7.57
1746590485, 0, 1372, 1506, 1458, 24, 9.30%, 0, 0, 6, 5.01
1746590638, 0, 1372, 1507, 1459, 24, 9.30%, 0, 0, 6, 9.10
1746590685, 0, 1372, 1508, 1460, 24, 9.30%, 0, 0, 6, 7.18
1746590824, 0, 1372, 1509, 1461, 24, 9.30%, 0, 0, 6, 8.09
1746591018, 0, 1377, 1509, 1460, 23, 9.30%, 0, 0, 6, 14.01
1746591038, 0, 1377, 1510, 1461, 23, 9.30%, 0, 0, 6, 7.39
1746591558, 0, 1381, 1510, 1460, 22, 9.30%, 0, 0, 6, 12.80
1746592101, 0, 1393, 1510, 1459, 21, 9.30%, 0, 0, 6, 14.10
1746592553, 0, 1402, 1510, 1458, 19, 9.30%, 0, 0, 6, 13.85
1746592645, 0, 1402, 1511, 1459, 19, 9.30%, 0, 0, 6, 14.06
1746592824, 0, 1414, 1511, 1458, 19, 9.30%, 0, 0, 6, 17.11
1746593363, 0, 1419, 1511, 1457, 18, 9.30%, 0, 0, 6, 15.05
1746593368, 0, 1419, 1512, 1458, 18, 9.30%, 0, 0, 6, 13.38
1746593404, 0, 1419, 1513, 1459, 18, 9.30%, 0, 0, 6, 11.83
1746593424, 0, 1419, 1514, 1460, 18, 9.30%, 0, 0, 6, 11.23
1746593558, 0, 1419, 1515, 1461, 18, 9.30%, 0, 0, 6, 11.15
1746593753, 0, 1419, 1517, 1463, 18, 9.30%, 0, 0, 6, 12.22
1746593882, 0, 1427, 1517, 1462, 18, 9.30%, 0, 0, 6, 14.15
1746594395, 0, 1439, 1517, 1461, 17, 9.30%, 0, 0, 6, 13.17
1746594477, 0, 1439, 1518, 1462, 17, 9.30%, 0, 0, 6, 6.41
1746594709, 0, 1439, 1521, 1465, 17, 9.30%, 0, 0, 6, 5.64
1746595084, 0, 1441, 1521, 1464, 16, 9.30%, 0, 0, 6, 13.27
1746595768, 0, 1443, 1521, 1463, 15, 9.30%, 0, 0, 6, 12.97
1746595824, 0, 1443, 1522, 1464, 15, 9.30%, 0, 0, 6, 8.43
1746595850, 0, 1443, 1523, 1465, 15, 9.30%, 0, 0, 6, 6.76
1746595983, 0, 1443, 1524, 1466, 15, 9.30%, 0, 0, 6, 8.67
1746595988, 0, 1443, 1525, 1467, 15, 9.30%, 0, 0, 6, 8.19
1746596240, 0, 1443, 1526, 1468, 15, 9.30%, 0, 0, 6, 6.67
1746596424, 0, 1447, 1526, 1467, 15, 9.30%, 0, 0, 6, 13.11
1746596445, 0, 1447, 1527, 1468, 15, 9.30%, 0, 0, 6, 6.98
1746596450, 0, 1447, 1528, 1469, 15, 9.30%, 0, 0, 6, 6.54
1746597120, 0, 1448, 1528, 1468, 14, 9.30%, 0, 0, 6, 13.82
1746597150, 0, 1448, 1529, 1469, 14, 9.30%, 0, 0, 6, 10.67
1746597176, 0, 1448, 1530, 1470, 14, 9.30%, 0, 0, 6, 10.33
1746597391, 0, 1448, 1532, 1472, 14, 9.30%, 0, 0, 6, 7.86
1746597755, 0, 1454, 1532, 1471, 14, 9.30%, 0, 0, 6, 14.33
1746598511, 0, 1454, 1533, 1472, 14, 9.30%, 0, 0, 6, 7.67
1746598537, 0, 1470, 1533, 1471, 13, 9.30%, 0, 0, 6, 13.93
1746598583, 0, 1470, 1534, 1472, 13, 9.30%, 0, 0, 6, 4.59
1746598644, 0, 1470, 1535, 1473, 13, 9.30%, 0, 0, 6, 4.56
1746598650, 0, 1470, 1536, 1474, 13, 9.30%, 0, 0, 6, 4.63
1746598690, 0, 1470, 1537, 1475, 13, 9.30%, 0, 0, 6, 4.92
1746598721, 0, 1470, 1538, 1476, 13, 9.30%, 0, 0, 6, 6.79
1746598992, 0, 1470, 1539, 1477, 13, 9.30%, 0, 0, 6, 4.81
1746599018, 0, 1470, 1540, 1478, 13, 9.30%, 0, 0, 6, 4.83
1746599064, 0, 1470, 1541, 1479, 13, 9.30%, 0, 0, 6, 4.99
1746599069, 0, 1470, 1543, 1481, 13, 9.30%, 0, 0, 6, 5.22
1746599171, 0, 1470, 1544, 1482, 13, 9.30%, 0, 0, 6, 4.75
1746599599, 0, 1470, 1545, 1483, 13, 9.31%, 0, 0, 6, 4.35
1746599614, 0, 1470, 1546, 1484, 13, 9.31%, 0, 0, 6, 4.38
1746599722, 0, 1487, 1546, 1483, 13, 9.31%, 0, 0, 6, 10.71
1746599769, 0, 1487, 1547, 1484, 13, 9.31%, 0, 0, 6, 4.45
1746599774, 0, 1487, 1548, 1485, 13, 9.31%, 0, 0, 6, 4.35
1746599784, 0, 1487, 1549, 1486, 13, 9.31%, 0, 0, 6, 4.30
1746599881, 0, 1487, 1550, 1487, 13, 9.31%, 0, 0, 6, 5.36
1746600195, 0, 1487, 1551, 1488, 13, 9.31%, 0, 0, 6, 4.26
1746600215, 0, 1487, 1552, 1489, 13, 9.31%, 0, 0, 6, 4.46
1746600220, 0, 1487, 1553, 1490, 13, 9.31%, 0, 0, 6, 4.17
1746600231, 0, 1487, 1555, 1492, 13, 9.31%, 0, 0, 6, 4.13
1746600277, 0, 1487, 1556, 1493, 13, 9.31%, 0, 0, 6, 4.16
1746600667, 0, 1487, 1557, 1494, 13, 9.31%, 0, 0, 6, 3.06
1746601069, 0, 1487, 1558, 1495, 13, 9.31%, 0, 0, 6, 3.29
1746601188, 0, 1506, 1558, 1494, 14, 9.31%, 0, 0, 6, 7.46
1746601725, 0, 1506, 1559, 1495, 14, 9.31%, 0, 0, 7, 5.13
