# unix_time, cycles_done, cur_path, paths_total, pending_total, pending_favs, map_size, unique_crashes, unique_hangs, max_depth, execs_per_sec
1748451632, 0, 0, 1, 1, 1, 0.03%, 0, 0, 1, 800.00
1748451637, 0, 0, 14, 14, 1, 0.05%, 0, 0, 2, 822.18
1748451642, 0, 0, 17, 17, 1, 0.05%, 0, 0, 2, 814.15
1748451647, 0, 0, 18, 18, 1, 0.05%, 0, 0, 2, 811.65
1748451652, 0, 0, 19, 19, 1, 0.05%, 0, 0, 2, 802.11
1748451673, 0, 2, 20, 19, 3, 0.05%, 0, 0, 2, 805.11
1748451678, 0, 4, 22, 20, 2, 0.05%, 0, 0, 3, 807.64
1748451683, 1, 8, 23, 19, 0, 0.05%, 0, 0, 3, 798.01
1748451688, 1, 12, 24, 19, 0, 0.05%, 0, 0, 3, 759.22
1748451693, 1, 25, 27, 20, 1, 0.05%, 0, 0, 3, 754.41
1748451698, 1, 25, 29, 22, 1, 0.05%, 0, 0, 4, 768.02
1748451703, 1, 27, 31, 23, 1, 0.05%, 0, 0, 5, 767.20
1748451718, 1, 29, 32, 23, 1, 0.05%, 0, 0, 6, 758.82
1748451728, 1, 31, 33, 23, 1, 0.05%, 0, 0, 7, 764.75
1748451733, 1, 31, 34, 24, 1, 0.06%, 0, 0, 7, 780.74
1748451738, 1, 31, 35, 25, 1, 0.06%, 0, 0, 7, 778.91
1748451749, 1, 31, 37, 27, 1, 0.06%, 0, 0, 7, 771.89
1748451764, 1, 32, 37, 26, 2, 0.06%, 0, 0, 7, 792.61
1748451769, 1, 32, 38, 27, 2, 0.07%, 0, 0, 8, 804.06
1748451779, 1, 37, 40, 28, 1, 0.07%, 0, 0, 9, 658.29
1748451785, 1, 37, 43, 31, 1, 0.07%, 0, 0, 9, 693.31
1748451790, 1, 37, 44, 32, 1, 0.07%, 0, 0, 9, 712.75
1748451800, 1, 37, 45, 33, 1, 0.08%, 0, 0, 9, 700.71
1748451826, 1, 38, 45, 32, 3, 0.08%, 0, 0, 9, 604.20
1748451841, 1, 40, 45, 31, 2, 0.08%, 0, 0, 9, 682.80
1748451861, 1, 44, 46, 31, 1, 0.08%, 0, 0, 10, 542.01
1748451877, 1, 45, 46, 30, 1, 0.08%, 0, 0, 10, 623.47
1748451882, 1, 45, 47, 31, 1, 0.08%, 0, 0, 11, 543.92
1748451897, 1, 46, 47, 30, 1, 0.08%, 0, 0, 11, 583.18
1748451902, 1, 46, 48, 31, 1, 0.08%, 0, 0, 12, 489.06
1748451907, 1, 46, 49, 32, 1, 0.08%, 0, 0, 12, 609.34
1748451912, 1, 46, 50, 33, 1, 0.08%, 0, 0, 12, 630.88
1748451918, 1, 46, 51, 34, 1, 0.08%, 0, 0, 12, 638.60
1748451953, 1, 48, 52, 34, 1, 0.09%, 0, 0, 13, 506.40
1748451958, 1, 48, 53, 35, 1, 0.09%, 0, 0, 13, 39.47
1748451968, 1, 48, 54, 36, 1, 0.09%, 0, 0, 13, 498.61
1748451979, 1, 48, 55, 37, 1, 0.09%, 0, 0, 13, 608.53
1748451984, 1, 48, 57, 39, 1, 0.09%, 0, 0, 13, 43.05
1748452000, 1, 48, 58, 40, 1, 0.10%, 0, 0, 13, 604.59
1748452021, 1, 53, 58, 39, 2, 0.10%, 0, 0, 13, 489.92
1748452046, 1, 57, 58, 38, 1, 0.10%, 0, 0, 13, 478.94
1748452051, 1, 57, 59, 39, 1, 0.10%, 0, 0, 14, 393.30
1748452066, 1, 57, 60, 40, 1, 0.10%, 0, 0, 14, 568.66
1748452081, 1, 57, 62, 42, 1, 0.11%, 0, 0, 14, 605.25
1748452107, 1, 61, 62, 41, 1, 0.11%, 0, 0, 14, 530.41
1748452112, 1, 61, 63, 42, 1, 0.11%, 0, 0, 15, 429.31
1748452127, 1, 61, 64, 43, 1, 0.11%, 0, 0, 15, 567.17
1748452137, 1, 61, 65, 44, 1, 0.11%, 0, 0, 15, 595.22
1748452152, 1, 62, 65, 43, 2, 0.11%, 0, 0, 15, 545.36
1748452183, 1, 64, 65, 42, 1, 0.11%, 0, 0, 15, 572.43
1748452188, 1, 64, 66, 43, 1, 0.11%, 0, 0, 16, 475.64
1748452219, 1, 65, 66, 42, 1, 0.11%, 0, 0, 16, 573.73
1748452224, 1, 65, 67, 43, 1, 0.11%, 0, 0, 17, 486.87
1748452239, 1, 65, 70, 46, 1, 0.11%, 0, 0, 17, 456.74
1748452244, 1, 65, 72, 48, 1, 0.11%, 0, 0, 17, 565.84
1748452259, 1, 65, 73, 49, 1, 0.12%, 0, 0, 17, 592.99
1748452270, 1, 72, 73, 48, 1, 0.12%, 0, 0, 17, 503.35
1748452280, 1, 72, 74, 49, 1, 0.12%, 0, 0, 18, 303.13
1748452295, 1, 72, 76, 51, 1, 0.13%, 0, 0, 18, 422.35
1748452306, 1, 72, 78, 53, 1, 0.13%, 0, 0, 18, 520.71
1748452316, 1, 72, 79, 54, 1, 0.14%, 0, 0, 18, 523.05
1748452331, 1, 77, 80, 54, 2, 0.14%, 0, 0, 19, 395.69
1748452346, 1, 77, 81, 55, 2, 0.14%, 0, 0, 19, 335.02
1748452361, 1, 77, 82, 56, 2, 0.14%, 0, 0, 19, 364.64
1748452366, 1, 77, 84, 58, 2, 0.15%, 0, 0, 19, 474.88
1748452371, 1, 77, 85, 59, 2, 0.16%, 0, 0, 19, 507.18
1748452376, 1, 77, 86, 60, 2, 0.16%, 0, 0, 19, 512.35
1748452397, 1, 81, 86, 59, 4, 0.16%, 0, 0, 19, 424.00
1748452437, 1, 81, 87, 60, 4, 0.17%, 0, 0, 20, 491.83
1748452468, 1, 83, 87, 59, 4, 0.17%, 0, 0, 20, 437.96
1748452534, 1, 83, 88, 60, 4, 0.17%, 0, 0, 20, 395.61
1748452539, 1, 83, 89, 61, 4, 0.17%, 0, 0, 20, 429.91
1748452544, 1, 83, 90, 62, 4, 0.17%, 0, 0, 20, 440.55
1748452575, 1, 83, 91, 63, 4, 0.18%, 0, 0, 20, 444.04
1748452585, 1, 85, 92, 63, 4, 0.19%, 0, 0, 20, 406.88
1748452657, 1, 86, 92, 62, 3, 0.19%, 0, 0, 20, 297.48
1748452728, 1, 86, 93, 63, 3, 0.19%, 0, 0, 21, 372.85
1748452753, 1, 88, 93, 62, 3, 0.19%, 0, 0, 21, 370.57
1748452758, 1, 88, 94, 63, 3, 0.19%, 0, 0, 21, 255.47
1748452844, 1, 91, 94, 62, 2, 0.19%, 0, 0, 21, 409.11
1748452850, 1, 91, 95, 63, 2, 0.20%, 0, 0, 21, 234.86
1748452961, 1, 91, 97, 65, 2, 0.21%, 0, 0, 21, 308.60
1748453002, 1, 93, 97, 64, 3, 0.21%, 0, 0, 21, 293.51
1748453032, 1, 93, 98, 65, 3, 0.21%, 0, 0, 22, 154.28
1748453077, 1, 93, 99, 66, 3, 0.21%, 0, 0, 22, 199.62
1748453093, 1, 95, 99, 65, 3, 0.21%, 0, 0, 22, 371.37
1748453225, 1, 96, 99, 64, 2, 0.21%, 0, 0, 22, 219.76
1748453231, 1, 96, 100, 65, 2, 0.22%, 0, 0, 22, 205.21
1748453388, 1, 96, 103, 68, 2, 0.23%, 0, 0, 22, 81.28
1748453414, 1, 98, 103, 67, 4, 0.23%, 0, 0, 22, 331.82
1748453495, 1, 98, 105, 69, 4, 0.23%, 0, 0, 23, 159.12
1748453501, 1, 98, 106, 70, 4, 0.23%, 0, 0, 23, 376.08
1748453542, 1, 100, 106, 69, 5, 0.23%, 0, 0, 23, 269.84
1748453613, 1, 100, 107, 70, 5, 0.23%, 0, 0, 23, 366.87
1748453705, 1, 100, 109, 72, 5, 0.24%, 0, 0, 23, 95.23
1748453710, 1, 100, 110, 73, 5, 0.24%, 0, 0, 23, 295.82
1748453715, 1, 100, 111, 74, 5, 0.24%, 0, 0, 23, 338.50
1748453730, 1, 100, 112, 75, 5, 0.24%, 0, 0, 23, 359.71
1748453740, 1, 100, 114, 77, 5, 0.25%, 0, 0, 23, 337.38
1748453751, 1, 100, 115, 78, 5, 0.26%, 0, 0, 23, 349.79
1748453761, 1, 100, 116, 79, 5, 0.27%, 0, 0, 23, 353.48
1748453802, 1, 104, 116, 78, 5, 0.27%, 0, 0, 23, 285.08
1748453903, 1, 111, 116, 77, 4, 0.27%, 0, 0, 23, 285.40
1748454097, 1, 111, 117, 78, 4, 0.28%, 0, 0, 24, 342.81
1748454102, 1, 111, 118, 79, 4, 0.28%, 0, 0, 24, 340.78
1748454143, 1, 111, 119, 80, 4, 0.29%, 0, 0, 24, 351.54
1748454158, 1, 113, 119, 79, 4, 0.29%, 0, 0, 24, 297.06
1748454382, 1, 115, 119, 78, 3, 0.29%, 0, 0, 24, 313.18
1748454393, 1, 115, 120, 79, 3, 0.29%, 0, 0, 24, 180.09
1748454556, 1, 115, 122, 81, 3, 0.29%, 0, 0, 24, 98.23
1748454576, 1, 116, 122, 80, 3, 0.29%, 0, 0, 24, 259.60
1748454587, 1, 116, 123, 81, 3, 0.29%, 0, 0, 25, 181.46
1748454827, 1, 116, 124, 82, 3, 0.29%, 0, 0, 25, 332.17
1748454862, 1, 118, 124, 81, 3, 0.29%, 0, 0, 25, 276.54
1748454872, 1, 118, 126, 83, 3, 0.31%, 0, 0, 25, 462.67
1748454954, 1, 118, 127, 84, 3, 0.31%, 0, 0, 25, 89.09
1748455113, 1, 118, 129, 86, 3, 0.32%, 0, 0, 25, 86.21
1748455143, 1, 121, 129, 85, 5, 0.32%, 0, 0, 25, 224.43
1748455205, 1, 121, 130, 86, 5, 0.32%, 0, 0, 25, 110.23
