# unix_time, cycles_done, cur_path, paths_total, pending_total, pending_favs, map_size, unique_crashes, unique_hangs, max_depth, execs_per_sec
1746558789, 0, 0, 1, 1, 1, 4.91%, 0, 0, 1, 76.92
1746558794, 0, 0, 47, 47, 1, 5.91%, 0, 0, 2, 80.95
1746558799, 0, 0, 90, 90, 1, 6.12%, 0, 0, 2, 73.40
1746558804, 0, 0, 108, 108, 1, 6.89%, 0, 0, 2, 45.07
1746558809, 0, 0, 135, 135, 1, 7.19%, 0, 0, 2, 54.21
1746558814, 0, 0, 166, 166, 1, 7.19%, 0, 0, 2, 61.59
1746558819, 0, 0, 190, 190, 1, 7.21%, 0, 0, 2, 54.29
1746558824, 0, 0, 209, 209, 1, 7.23%, 0, 0, 2, 49.55
1746558829, 0, 0, 229, 229, 1, 7.24%, 0, 0, 2, 11.70
1746558834, 0, 0, 250, 250, 1, 7.43%, 0, 0, 2, 36.53
1746558839, 0, 0, 268, 268, 1, 7.44%, 0, 0, 2, 34.79
1746558845, 0, 0, 285, 285, 1, 7.44%, 0, 0, 2, 41.34
1746558850, 0, 0, 300, 300, 1, 7.69%, 0, 0, 2, 42.25
1746558855, 0, 0, 312, 312, 1, 7.69%, 0, 0, 2, 38.33
1746558860, 0, 0, 328, 328, 1, 7.85%, 0, 0, 2, 37.61
1746558865, 0, 0, 339, 339, 1, 8.13%, 0, 0, 2, 36.32
1746558870, 0, 0, 350, 350, 1, 8.13%, 0, 0, 2, 39.85
1746558875, 0, 0, 362, 362, 1, 8.13%, 0, 0, 2, 41.19
1746558880, 0, 0, 373, 373, 1, 8.13%, 0, 0, 2, 40.95
1746558886, 0, 0, 383, 383, 1, 8.16%, 0, 0, 2, 33.06
1746558891, 0, 0, 394, 394, 1, 8.16%, 0, 0, 2, 30.59
1746558896, 0, 0, 405, 405, 1, 8.16%, 0, 0, 2, 35.36
1746558901, 0, 0, 411, 411, 1, 8.16%, 0, 0, 2, 33.62
1746558906, 0, 0, 419, 419, 1, 8.16%, 0, 0, 2, 38.44
1746558911, 0, 0, 429, 429, 1, 8.16%, 0, 0, 2, 44.70
1746558916, 0, 0, 436, 436, 1, 8.17%, 0, 0, 2, 31.43
1746558921, 0, 0, 443, 443, 1, 8.17%, 0, 0, 2, 36.04
1746558926, 0, 0, 451, 451, 1, 8.17%, 0, 0, 2, 37.54
1746558931, 0, 0, 463, 463, 1, 8.17%, 0, 0, 2, 35.80
1746558937, 0, 0, 472, 472, 1, 8.17%, 0, 0, 2, 40.91
1746558942, 0, 0, 478, 478, 1, 8.17%, 0, 0, 2, 36.84
1746558947, 0, 0, 485, 485, 1, 8.17%, 0, 0, 2, 41.04
1746558952, 0, 0, 495, 495, 1, 8.17%, 0, 0, 2, 43.70
1746558957, 0, 0, 501, 501, 1, 8.17%, 0, 0, 2, 27.63
1746558962, 0, 0, 506, 506, 1, 8.17%, 0, 0, 2, 31.70
1746558967, 0, 0, 511, 511, 1, 8.17%, 0, 0, 2, 37.45
1746558972, 0, 0, 516, 516, 1, 8.17%, 0, 0, 2, 40.05
1746558977, 0, 0, 521, 521, 1, 8.17%, 0, 0, 2, 7.17
1746558982, 0, 0, 524, 524, 1, 8.17%, 0, 0, 2, 36.54
1746558987, 0, 0, 529, 529, 1, 8.17%, 0, 0, 2, 34.91
1746558992, 0, 0, 534, 534, 1, 8.17%, 0, 0, 2, 36.42
1746558998, 0, 0, 539, 539, 1, 8.22%, 0, 0, 2, 37.92
1746559003, 0, 0, 546, 546, 1, 8.22%, 0, 0, 2, 38.62
1746559008, 0, 0, 554, 554, 1, 8.22%, 0, 0, 2, 30.06
1746559013, 0, 0, 558, 558, 1, 8.22%, 0, 0, 2, 37.11
1746559018, 0, 0, 561, 561, 1, 8.22%, 0, 0, 2, 47.65
1746559023, 0, 0, 564, 564, 1, 8.25%, 0, 0, 2, 44.88
1746559028, 0, 0, 567, 567, 1, 8.25%, 0, 0, 2, 50.28
1746559033, 0, 0, 571, 571, 1, 8.25%, 0, 0, 2, 41.85
1746559038, 0, 0, 576, 576, 1, 8.25%, 0, 0, 2, 46.74
1746559043, 0, 0, 579, 579, 1, 8.25%, 0, 0, 2, 48.58
1746559048, 0, 0, 585, 585, 1, 8.26%, 0, 0, 2, 45.43
1746559054, 0, 0, 589, 589, 1, 8.26%, 0, 0, 2, 47.35
1746559059, 0, 0, 595, 595, 1, 8.26%, 0, 0, 2, 38.79
1746559064, 0, 0, 600, 600, 1, 8.26%, 0, 0, 2, 39.04
1746559069, 0, 0, 604, 604, 1, 8.26%, 0, 0, 2, 43.35
1746559074, 0, 0, 607, 607, 1, 8.26%, 0, 0, 2, 59.26
1746559084, 0, 0, 610, 610, 1, 8.26%, 0, 0, 2, 31.88
1746559089, 0, 0, 614, 614, 1, 8.26%, 0, 0, 2, 42.46
1746559095, 0, 0, 617, 617, 1, 8.26%, 0, 0, 2, 39.25
1746559100, 0, 0, 619, 619, 1, 8.26%, 0, 0, 2, 39.26
1746559105, 0, 0, 623, 623, 1, 8.26%, 0, 0, 2, 43.27
1746559110, 0, 0, 626, 626, 1, 8.26%, 0, 0, 2, 45.63
1746559115, 0, 0, 630, 630, 1, 8.26%, 0, 0, 2, 38.80
1746559120, 0, 0, 631, 631, 1, 8.26%, 0, 0, 2, 46.43
1746559125, 0, 0, 634, 634, 1, 8.26%, 0, 0, 2, 73.17
1746559130, 0, 0, 636, 636, 1, 8.26%, 0, 0, 2, 52.51
1746559135, 0, 0, 637, 637, 1, 8.26%, 0, 0, 2, 52.71
1746559140, 0, 0, 640, 640, 1, 8.26%, 0, 0, 2, 42.04
1746559146, 0, 0, 643, 643, 1, 8.26%, 0, 0, 2, 41.38
1746559151, 0, 0, 646, 646, 1, 8.26%, 0, 0, 2, 44.54
1746559156, 0, 0, 648, 648, 1, 8.27%, 0, 0, 2, 52.27
1746559161, 0, 0, 651, 651, 1, 8.27%, 0, 0, 2, 62.24
1746559166, 0, 0, 654, 654, 1, 8.27%, 0, 0, 2, 52.89
1746559171, 0, 0, 655, 655, 1, 8.27%, 0, 0, 2, 48.21
1746559176, 0, 0, 657, 657, 1, 8.27%, 0, 0, 2, 49.88
1746559181, 0, 0, 659, 659, 1, 8.27%, 0, 0, 2, 53.38
1746559186, 0, 0, 660, 660, 1, 8.27%, 0, 0, 2, 57.37
1746559191, 0, 0, 664, 664, 1, 8.27%, 0, 0, 2, 41.74
1746559197, 0, 0, 665, 665, 1, 8.27%, 0, 0, 2, 44.08
1746559202, 0, 0, 667, 667, 1, 8.27%, 0, 0, 2, 50.50
1746559212, 0, 0, 669, 669, 1, 8.27%, 0, 0, 2, 52.29
1746559217, 0, 0, 672, 672, 1, 8.27%, 0, 0, 2, 8.35
1746559222, 0, 0, 673, 673, 1, 8.27%, 0, 0, 2, 56.81
1746559227, 0, 0, 674, 674, 1, 8.27%, 0, 0, 2, 53.12
1746559237, 0, 0, 676, 676, 1, 8.27%, 0, 0, 2, 40.69
1746559242, 0, 0, 677, 677, 1, 8.27%, 0, 0, 2, 47.16
1746559248, 0, 0, 680, 680, 1, 8.29%, 0, 0, 2, 40.87
1746559253, 0, 0, 681, 681, 1, 8.29%, 0, 0, 2, 44.87
1746559258, 0, 0, 682, 682, 1, 8.29%, 0, 0, 2, 48.87
1746559263, 0, 0, 683, 683, 1, 8.29%, 0, 0, 2, 50.88
1746559273, 0, 0, 684, 684, 1, 8.29%, 0, 0, 2, 49.86
1746559278, 0, 0, 686, 686, 1, 8.29%, 0, 0, 2, 46.24
1746559288, 0, 0, 687, 687, 1, 8.29%, 0, 0, 2, 48.76
1746559294, 0, 0, 688, 688, 1, 8.29%, 0, 0, 2, 52.03
1746559299, 0, 79, 688, 687, 27, 8.29%, 0, 0, 2, 59.07
1746559319, 0, 166, 691, 689, 26, 8.29%, 0, 0, 3, 47.62
1746559324, 0, 166, 694, 692, 26, 8.29%, 0, 0, 3, 38.62
1746559329, 0, 166, 696, 694, 26, 8.29%, 0, 0, 3, 30.47
1746559334, 0, 166, 697, 695, 26, 8.29%, 0, 0, 3, 35.50
1746559345, 0, 166, 698, 696, 26, 8.29%, 0, 0, 3, 18.08
1746559350, 0, 166, 699, 697, 26, 8.29%, 0, 0, 3, 24.94
1746559355, 0, 166, 700, 698, 26, 8.29%, 0, 0, 3, 17.03
1746559365, 0, 166, 703, 701, 26, 8.29%, 0, 0, 3, 34.15
1746559370, 0, 166, 706, 704, 26, 8.32%, 0, 0, 3, 39.26
1746559375, 0, 166, 710, 708, 26, 8.32%, 0, 0, 3, 39.91
1746559380, 0, 166, 711, 709, 26, 8.32%, 0, 0, 3, 39.02
1746559385, 0, 166, 712, 710, 26, 8.32%, 0, 0, 3, 38.76
1746559391, 0, 166, 715, 713, 26, 8.32%, 0, 0, 3, 32.83
1746559396, 0, 166, 718, 716, 26, 8.32%, 0, 0, 3, 36.66
1746559401, 0, 166, 720, 718, 26, 8.32%, 0, 0, 3, 38.77
1746559406, 0, 166, 722, 720, 26, 8.32%, 0, 0, 3, 36.94
1746559411, 0, 166, 726, 724, 26, 8.32%, 0, 0, 3, 36.92
1746559416, 0, 166, 727, 725, 26, 8.32%, 0, 0, 3, 33.80
1746559421, 0, 166, 729, 727, 26, 8.32%, 0, 0, 3, 38.59
1746559426, 0, 166, 731, 729, 26, 8.33%, 0, 0, 3, 33.11
1746559431, 0, 166, 733, 731, 26, 8.33%, 0, 0, 3, 35.24
1746559437, 0, 166, 734, 732, 26, 8.33%, 0, 0, 3, 40.73
1746559442, 0, 166, 735, 733, 26, 8.33%, 0, 0, 3, 37.72
1746559452, 0, 166, 737, 735, 26, 8.33%, 0, 0, 3, 38.59
1746559457, 0, 166, 739, 737, 26, 8.34%, 0, 0, 3, 36.96
1746559462, 0, 166, 740, 738, 26, 8.34%, 0, 0, 3, 36.60
1746559473, 0, 166, 741, 739, 26, 8.34%, 0, 0, 3, 41.13
1746559478, 0, 166, 742, 740, 26, 8.34%, 0, 0, 3, 41.29
1746559483, 0, 166, 743, 741, 26, 8.34%, 0, 0, 3, 35.05
1746559493, 0, 166, 744, 742, 26, 8.34%, 0, 0, 3, 8.51
1746559498, 0, 166, 746, 744, 26, 8.34%, 0, 0, 3, 29.20
1746559508, 0, 166, 749, 747, 26, 8.34%, 0, 0, 3, 32.88
1746559513, 0, 166, 750, 748, 26, 8.34%, 0, 0, 3, 37.13
1746559519, 0, 166, 753, 751, 26, 8.34%, 0, 0, 3, 34.54
1746559524, 0, 166, 755, 753, 26, 8.34%, 0, 0, 3, 34.39
1746559529, 0, 166, 757, 755, 26, 8.34%, 0, 0, 3, 35.47
1746559534, 0, 166, 759, 757, 26, 8.34%, 0, 0, 3, 39.79
1746559539, 0, 166, 760, 758, 26, 8.34%, 0, 0, 3, 39.76
1746559544, 0, 166, 761, 759, 26, 8.34%, 0, 0, 3, 38.18
1746559554, 0, 166, 762, 760, 26, 8.34%, 0, 0, 3, 37.14
1746559560, 0, 166, 763, 761, 26, 8.34%, 0, 0, 3, 38.29
1746559570, 0, 166, 766, 764, 26, 8.34%, 0, 0, 3, 40.94
1746559580, 0, 166, 767, 765, 26, 8.34%, 0, 0, 3, 36.17
1746559585, 0, 166, 768, 766, 26, 8.34%, 0, 0, 3, 37.59
1746559590, 0, 166, 769, 767, 26, 8.34%, 0, 0, 3, 37.89
1746559600, 0, 166, 770, 768, 26, 8.34%, 0, 0, 3, 42.28
1746559605, 0, 166, 771, 769, 26, 8.34%, 0, 0, 3, 41.63
1746559621, 0, 166, 772, 770, 26, 8.34%, 0, 0, 3, 42.27
1746559626, 0, 166, 773, 771, 26, 8.34%, 0, 0, 3, 41.19
1746559631, 0, 166, 774, 772, 26, 8.34%, 0, 0, 3, 40.03
1746559636, 0, 166, 775, 773, 26, 8.34%, 0, 0, 3, 40.85
1746559641, 0, 166, 776, 774, 26, 8.38%, 0, 0, 3, 42.19
1746559657, 0, 166, 778, 776, 26, 8.38%, 0, 0, 3, 43.65
1746559667, 0, 166, 779, 777, 26, 8.38%, 0, 0, 3, 39.87
1746559672, 0, 166, 780, 778, 26, 8.38%, 0, 0, 3, 38.82
1746559677, 0, 166, 781, 779, 26, 8.38%, 0, 0, 3, 38.36
1746559682, 0, 166, 784, 782, 26, 8.38%, 0, 0, 3, 33.08
1746559687, 0, 166, 785, 783, 26, 8.38%, 0, 0, 3, 38.56
1746559693, 0, 166, 787, 785, 26, 8.38%, 0, 0, 3, 38.24
1746559718, 0, 166, 789, 787, 26, 8.38%, 0, 0, 3, 31.94
1746559723, 0, 166, 790, 788, 26, 8.38%, 0, 0, 3, 36.82
1746559728, 0, 166, 791, 789, 26, 8.38%, 0, 0, 3, 39.61
1746559749, 0, 166, 793, 791, 26, 8.38%, 0, 0, 3, 44.56
1746559780, 0, 166, 794, 792, 26, 8.38%, 0, 0, 3, 40.14
1746559790, 0, 166, 796, 794, 26, 8.38%, 0, 0, 3, 38.60
1746559800, 0, 166, 797, 795, 26, 8.38%, 0, 0, 3, 36.26
1746559815, 0, 200, 797, 794, 29, 8.38%, 0, 0, 3, 36.30
1746559836, 0, 200, 799, 796, 29, 8.38%, 0, 0, 3, 25.17
1746559872, 0, 200, 801, 798, 29, 8.38%, 0, 0, 3, 46.08
1746559882, 0, 200, 802, 799, 29, 8.38%, 0, 0, 3, 46.47
1746559887, 0, 200, 803, 800, 29, 8.38%, 0, 0, 3, 42.33
1746559897, 0, 200, 804, 801, 29, 8.38%, 0, 0, 3, 42.01
1746559907, 0, 200, 805, 802, 29, 8.38%, 0, 0, 3, 41.70
1746559922, 0, 200, 806, 803, 29, 8.38%, 0, 0, 3, 46.79
1746559938, 0, 200, 807, 804, 29, 8.38%, 0, 0, 3, 43.33
1746559958, 0, 200, 808, 805, 29, 8.38%, 0, 0, 3, 40.60
1746559963, 0, 200, 809, 806, 29, 8.38%, 0, 0, 3, 43.62
1746559984, 0, 200, 810, 807, 29, 8.38%, 0, 0, 3, 44.47
1746560004, 0, 200, 811, 808, 29, 8.38%, 0, 0, 3, 45.78
1746560009, 0, 200, 812, 809, 29, 8.38%, 0, 0, 3, 45.67
1746560015, 0, 200, 814, 811, 29, 8.38%, 0, 0, 3, 41.77
1746560020, 0, 200, 815, 812, 29, 8.38%, 0, 0, 3, 42.92
1746560025, 0, 200, 816, 813, 29, 8.38%, 0, 0, 3, 49.83
1746560030, 0, 200, 817, 814, 29, 8.38%, 0, 0, 3, 44.30
1746560040, 0, 200, 818, 815, 29, 8.38%, 0, 0, 3, 43.97
1746560050, 0, 200, 819, 816, 29, 8.38%, 0, 0, 3, 43.03
1746560055, 0, 200, 820, 817, 29, 8.38%, 0, 0, 3, 41.62
1746560065, 0, 200, 821, 818, 29, 8.38%, 0, 0, 3, 45.26
1746560076, 0, 200, 822, 819, 29, 8.38%, 0, 0, 3, 43.26
1746560086, 0, 200, 823, 820, 29, 8.38%, 0, 0, 3, 47.16
1746560091, 0, 200, 824, 821, 29, 8.38%, 0, 0, 3, 62.30
1746560101, 0, 200, 825, 822, 29, 8.38%, 0, 0, 3, 40.28
1746560117, 0, 200, 827, 824, 29, 8.38%, 0, 0, 3, 8.73
1746560122, 0, 200, 829, 826, 29, 8.38%, 0, 0, 3, 47.23
1746560132, 0, 200, 830, 827, 29, 8.38%, 0, 0, 3, 46.18
1746560137, 0, 200, 831, 828, 29, 8.38%, 0, 0, 3, 33.82
1746560142, 0, 200, 832, 829, 29, 8.38%, 0, 0, 3, 52.23
1746560162, 0, 200, 834, 831, 29, 8.38%, 0, 0, 3, 47.04
1746560203, 0, 207, 834, 830, 28, 8.38%, 0, 0, 3, 36.90
1746560224, 0, 207, 835, 831, 28, 8.38%, 0, 0, 3, 40.68
1746560239, 0, 207, 836, 832, 28, 8.38%, 0, 0, 3, 40.53
1746560255, 0, 207, 837, 833, 28, 8.38%, 0, 0, 3, 39.87
1746560265, 0, 207, 838, 834, 28, 8.38%, 0, 0, 3, 43.90
1746560270, 0, 207, 839, 835, 28, 8.38%, 0, 0, 3, 37.51
1746560286, 0, 207, 840, 836, 28, 8.38%, 0, 0, 3, 40.95
1746560296, 0, 207, 841, 837, 28, 8.38%, 0, 0, 3, 41.75
1746560301, 0, 207, 842, 838, 28, 8.38%, 0, 0, 3, 41.39
1746560311, 0, 207, 844, 840, 28, 8.38%, 0, 0, 3, 41.89
1746560347, 0, 207, 846, 842, 28, 8.38%, 0, 0, 3, 43.96
1746560352, 0, 207, 847, 843, 28, 8.38%, 0, 0, 3, 41.77
1746560357, 0, 207, 848, 844, 28, 8.38%, 0, 0, 3, 42.90
1746560373, 0, 207, 849, 845, 28, 8.38%, 0, 0, 3, 45.03
1746560378, 0, 207, 850, 846, 28, 8.38%, 0, 0, 3, 43.75
1746560393, 0, 207, 851, 847, 28, 8.38%, 0, 0, 3, 43.48
1746560419, 0, 207, 852, 848, 28, 8.38%, 0, 0, 3, 51.74
1746560435, 0, 207, 853, 849, 28, 8.38%, 0, 0, 3, 42.93
1746560440, 0, 207, 854, 850, 28, 8.38%, 0, 0, 3, 40.32
1746560496, 0, 207, 855, 851, 28, 8.38%, 0, 0, 3, 45.03
1746560511, 0, 207, 856, 852, 28, 8.38%, 0, 0, 3, 40.10
1746560537, 0, 207, 857, 853, 28, 8.38%, 0, 0, 3, 40.59
1746560578, 0, 207, 858, 854, 28, 8.38%, 0, 0, 3, 44.67
1746560603, 0, 217, 858, 853, 27, 8.38%, 0, 0, 3, 41.14
1746560639, 0, 217, 859, 854, 27, 8.38%, 0, 0, 3, 44.41
1746560679, 0, 260, 859, 853, 27, 8.38%, 0, 0, 3, 52.46
1746560690, 0, 260, 860, 854, 27, 8.38%, 0, 0, 3, 57.49
1746560705, 0, 260, 861, 855, 27, 8.38%, 0, 0, 3, 52.26
1746560740, 0, 260, 862, 856, 27, 8.38%, 0, 0, 3, 59.98
1746560751, 0, 260, 864, 858, 27, 8.38%, 0, 0, 3, 61.70
1746560766, 0, 260, 865, 859, 27, 8.38%, 0, 0, 3, 74.36
1746560776, 0, 260, 866, 860, 27, 8.38%, 0, 0, 3, 57.70
1746560812, 0, 260, 867, 861, 27, 8.38%, 0, 0, 3, 54.89
1746560822, 0, 260, 868, 862, 27, 8.38%, 0, 0, 3, 57.78
1746560832, 0, 260, 869, 863, 27, 8.38%, 0, 0, 3, 47.58
1746560847, 0, 272, 870, 863, 26, 8.38%, 0, 0, 3, 48.06
1746560863, 0, 425, 870, 862, 26, 8.38%, 0, 0, 3, 43.11
1746560873, 0, 425, 871, 863, 26, 8.38%, 0, 0, 3, 48.05
1746560888, 0, 431, 871, 862, 25, 8.38%, 0, 0, 3, 29.61
1746560899, 0, 431, 872, 863, 25, 8.38%, 0, 0, 3, 16.73
1746560904, 0, 431, 873, 864, 25, 8.38%, 0, 0, 3, 15.22
1746560930, 0, 431, 875, 866, 25, 8.38%, 0, 0, 3, 15.67
1746560945, 0, 431, 876, 867, 25, 8.39%, 0, 0, 3, 16.10
1746560955, 0, 431, 877, 868, 25, 8.39%, 0, 0, 3, 17.73
1746560970, 0, 431, 880, 871, 25, 8.39%, 0, 0, 3, 19.55
1746560986, 0, 431, 881, 872, 25, 8.41%, 0, 0, 3, 24.52
1746561011, 0, 434, 881, 871, 21, 8.41%, 0, 0, 3, 37.92
1746561027, 0, 434, 882, 872, 21, 8.41%, 0, 0, 3, 42.19
1746561042, 0, 434, 883, 873, 21, 8.41%, 0, 0, 3, 45.12
1746561068, 0, 434, 884, 874, 21, 8.41%, 0, 0, 3, 41.77
1746561083, 0, 434, 885, 875, 21, 8.41%, 0, 0, 3, 43.91
1746561124, 0, 434, 886, 876, 21, 8.41%, 0, 0, 3, 46.23
1746561150, 0, 434, 887, 877, 21, 8.42%, 0, 0, 3, 42.32
1746561155, 0, 434, 888, 878, 21, 8.42%, 0, 0, 3, 44.04
1746561241, 0, 434, 889, 879, 21, 8.43%, 0, 0, 3, 34.48
1746561297, 0, 434, 890, 880, 21, 8.43%, 0, 0, 3, 43.22
1746561308, 0, 434, 891, 881, 21, 8.43%, 0, 0, 3, 42.44
1746561395, 0, 539, 891, 880, 21, 8.43%, 0, 0, 3, 37.89
1746561415, 0, 539, 893, 882, 21, 8.43%, 0, 0, 3, 17.89
1746561435, 0, 539, 894, 883, 21, 8.44%, 0, 0, 3, 20.78
1746561441, 0, 539, 895, 884, 21, 8.44%, 0, 0, 3, 17.60
1746561446, 0, 539, 896, 885, 21, 8.44%, 0, 0, 3, 17.28
1746561456, 0, 539, 899, 888, 21, 8.44%, 0, 0, 3, 17.70
1746561461, 0, 539, 900, 889, 21, 8.44%, 0, 0, 3, 16.01
1746561487, 0, 539, 901, 890, 21, 8.44%, 0, 0, 3, 19.53
1746561512, 0, 539, 902, 891, 21, 8.44%, 0, 0, 3, 21.26
1746561528, 0, 539, 903, 892, 21, 8.44%, 0, 0, 3, 17.94
1746561579, 0, 539, 904, 893, 21, 8.44%, 0, 0, 3, 26.15
1746561589, 0, 539, 905, 894, 21, 8.44%, 0, 0, 3, 28.52
1746561594, 0, 539, 907, 896, 21, 8.44%, 0, 0, 3, 30.28
1746561599, 0, 539, 908, 897, 21, 8.44%, 0, 0, 3, 27.97
1746561620, 0, 539, 910, 899, 21, 8.44%, 0, 0, 3, 29.88
1746561635, 0, 539, 911, 900, 21, 8.44%, 0, 0, 3, 31.01
1746561645, 0, 539, 913, 902, 21, 8.44%, 0, 0, 3, 36.31
1746561661, 0, 539, 914, 903, 21, 8.65%, 0, 0, 3, 32.87
1746561666, 0, 539, 915, 904, 21, 8.65%, 0, 0, 3, 31.25
1746561671, 0, 539, 917, 906, 21, 8.65%, 0, 0, 3, 25.65
1746561676, 0, 539, 918, 907, 21, 8.65%, 0, 0, 3, 27.30
1746561707, 0, 539, 919, 908, 21, 8.65%, 0, 0, 3, 34.70
1746561717, 0, 539, 920, 909, 21, 8.65%, 0, 0, 3, 30.48
1746561722, 0, 539, 921, 910, 21, 8.65%, 0, 0, 3, 30.78
1746561733, 0, 539, 922, 911, 21, 8.65%, 0, 0, 3, 30.51
1746561738, 0, 539, 924, 913, 21, 8.65%, 0, 0, 3, 28.42
1746561768, 0, 539, 925, 914, 21, 8.65%, 0, 0, 3, 33.06
1746561819, 0, 539, 926, 915, 21, 8.65%, 0, 0, 3, 32.40
1746561829, 0, 539, 927, 916, 21, 8.65%, 0, 0, 3, 29.80
1746561835, 0, 539, 928, 917, 21, 8.65%, 0, 0, 3, 27.35
1746561876, 0, 539, 929, 918, 21, 8.65%, 0, 0, 3, 27.21
1746561881, 0, 539, 930, 919, 21, 8.65%, 0, 0, 3, 30.90
1746561886, 0, 539, 931, 920, 21, 8.65%, 0, 0, 3, 33.34
1746561901, 0, 539, 932, 921, 21, 8.65%, 0, 0, 3, 32.32
1746561906, 0, 539, 934, 923, 21, 8.74%, 0, 0, 3, 27.47
1746561947, 0, 539, 935, 924, 21, 8.74%, 0, 0, 3, 31.23
1746561978, 0, 539, 936, 925, 21, 8.74%, 0, 0, 3, 34.19
1746562039, 0, 539, 937, 926, 21, 8.74%, 0, 0, 3, 33.44
1746562065, 0, 539, 938, 927, 21, 8.74%, 0, 0, 3, 33.31
1746562075, 0, 539, 939, 928, 21, 8.74%, 0, 0, 3, 31.60
1746562085, 0, 579, 941, 929, 22, 8.74%, 0, 0, 3, 31.01
1746562106, 0, 599, 943, 930, 22, 8.74%, 0, 0, 3, 44.90
1746562121, 0, 599, 944, 931, 22, 8.74%, 0, 0, 3, 45.33
1746562136, 0, 605, 944, 930, 21, 8.74%, 0, 0, 3, 36.91
1746562162, 0, 605, 945, 931, 21, 8.74%, 0, 0, 3, 23.40
1746562223, 0, 693, 945, 930, 21, 8.74%, 0, 0, 3, 36.95
1746562274, 0, 693, 946, 931, 21, 8.74%, 0, 0, 4, 39.91
1746562295, 0, 711, 947, 931, 20, 8.74%, 0, 0, 4, 40.11
1746562300, 0, 711, 949, 933, 20, 8.74%, 0, 0, 4, 31.78
1746562310, 0, 711, 951, 935, 20, 8.74%, 0, 0, 4, 32.79
1746562315, 0, 711, 952, 936, 20, 8.74%, 0, 0, 4, 32.67
1746562320, 0, 711, 953, 937, 20, 8.74%, 0, 0, 4, 35.21
1746562325, 0, 711, 954, 938, 20, 8.74%, 0, 0, 4, 40.49
1746562341, 0, 711, 955, 939, 20, 8.74%, 0, 0, 4, 39.21
1746562346, 0, 711, 956, 940, 20, 8.74%, 0, 0, 4, 41.72
1746562356, 0, 711, 957, 941, 20, 8.74%, 0, 0, 4, 42.25
1746562366, 0, 711, 958, 942, 20, 8.74%, 0, 0, 4, 41.32
1746562417, 0, 711, 959, 943, 20, 8.74%, 0, 0, 4, 35.88
1746562433, 0, 711, 960, 944, 20, 8.74%, 0, 0, 4, 39.71
1746562438, 0, 711, 961, 945, 20, 8.74%, 0, 0, 4, 41.70
1746562484, 0, 711, 962, 946, 20, 8.74%, 0, 0, 4, 40.08
1746562520, 0, 711, 963, 947, 20, 8.74%, 0, 0, 4, 52.72
1746562530, 0, 711, 964, 948, 20, 8.74%, 0, 0, 4, 43.15
1746562545, 0, 711, 965, 949, 20, 8.74%, 0, 0, 4, 43.24
1746562556, 0, 711, 966, 950, 20, 8.74%, 0, 0, 4, 39.29
1746562571, 0, 711, 967, 951, 20, 8.74%, 0, 0, 4, 36.78
1746562658, 0, 711, 968, 952, 20, 8.74%, 0, 0, 4, 40.46
1746562725, 0, 714, 968, 951, 17, 8.74%, 0, 0, 4, 21.66
1746562822, 0, 714, 969, 952, 17, 8.74%, 0, 0, 4, 17.36
1746562847, 0, 723, 969, 951, 16, 8.74%, 0, 0, 4, 29.72
1746562878, 0, 723, 970, 952, 16, 8.74%, 0, 0, 4, 44.04
1746562888, 0, 723, 971, 953, 16, 8.74%, 0, 0, 4, 37.17
1746562919, 0, 740, 974, 955, 15, 8.74%, 0, 0, 4, 52.72
1746562940, 0, 770, 975, 955, 15, 8.74%, 0, 0, 4, 34.96
1746562955, 0, 770, 976, 956, 15, 8.74%, 0, 0, 4, 27.60
1746562960, 0, 770, 978, 958, 15, 8.74%, 0, 0, 4, 27.14
1746563006, 0, 859, 978, 957, 15, 8.74%, 0, 0, 4, 25.04
1746563047, 0, 859, 979, 958, 15, 8.74%, 0, 0, 4, 20.18
1746563067, 0, 859, 980, 959, 15, 8.74%, 0, 0, 4, 16.62
1746563088, 0, 859, 981, 960, 15, 8.74%, 0, 0, 4, 19.66
1746563109, 0, 859, 983, 962, 15, 8.74%, 0, 0, 4, 16.66
1746563119, 0, 859, 984, 963, 15, 8.74%, 0, 0, 4, 17.71
1746563134, 0, 859, 985, 964, 15, 8.74%, 0, 0, 4, 19.33
1746563155, 0, 880, 986, 964, 14, 8.74%, 0, 0, 4, 24.24
1746563160, 0, 880, 989, 967, 14, 8.75%, 0, 0, 4, 16.01
1746563165, 0, 880, 990, 968, 14, 8.75%, 0, 0, 4, 15.39
1746563170, 0, 880, 991, 969, 14, 8.75%, 0, 0, 4, 14.93
1746563175, 0, 880, 992, 970, 14, 8.75%, 0, 0, 4, 13.64
1746563181, 0, 880, 994, 972, 14, 8.75%, 0, 0, 4, 19.27
1746563191, 0, 880, 995, 973, 14, 8.75%, 0, 0, 4, 15.45
1746563196, 0, 880, 996, 974, 14, 8.75%, 0, 0, 4, 14.19
1746563201, 0, 880, 997, 975, 14, 8.76%, 0, 0, 4, 14.18
1746563222, 0, 880, 998, 976, 14, 8.76%, 0, 0, 4, 14.24
1746563227, 0, 880, 999, 977, 14, 8.76%, 0, 0, 4, 19.01
1746563232, 0, 880, 1000, 978, 14, 8.76%, 0, 0, 4, 18.36
1746563237, 0, 880, 1001, 979, 14, 8.76%, 0, 0, 4, 15.77
1746563242, 0, 880, 1003, 981, 14, 8.76%, 0, 0, 4, 14.98
1746563252, 0, 880, 1005, 983, 14, 8.76%, 0, 0, 4, 18.18
1746563257, 0, 880, 1007, 985, 14, 8.76%, 0, 0, 4, 16.02
1746563263, 0, 880, 1010, 988, 14, 8.76%, 0, 0, 4, 14.19
1746563268, 0, 880, 1012, 990, 14, 8.76%, 0, 0, 4, 14.98
1746563278, 0, 880, 1013, 991, 14, 8.76%, 0, 0, 4, 31.34
1746563283, 0, 880, 1014, 992, 14, 8.76%, 0, 0, 4, 27.94
1746563288, 0, 880, 1015, 993, 14, 8.76%, 0, 0, 4, 27.22
1746563319, 0, 880, 1017, 995, 14, 8.76%, 0, 0, 4, 26.66
1746563324, 0, 880, 1018, 996, 14, 8.76%, 0, 0, 4, 27.28
1746563345, 0, 880, 1019, 997, 14, 8.76%, 0, 0, 4, 29.77
1746563350, 0, 880, 1021, 999, 14, 8.76%, 0, 0, 4, 29.41
1746563390, 0, 880, 1022, 1000, 14, 8.76%, 0, 0, 4, 27.94
1746563421, 0, 880, 1023, 1001, 14, 8.76%, 0, 0, 4, 30.60
1746563442, 0, 880, 1024, 1002, 14, 8.76%, 0, 0, 4, 25.91
1746563483, 0, 880, 1025, 1003, 14, 8.76%, 0, 0, 4, 28.41
1746563493, 0, 880, 1026, 1004, 14, 8.79%, 0, 0, 4, 30.25
1746563498, 0, 880, 1028, 1006, 14, 8.79%, 0, 0, 4, 27.03
1746563519, 0, 880, 1029, 1007, 14, 8.79%, 0, 0, 4, 29.62
1746563570, 0, 880, 1031, 1009, 14, 8.79%, 0, 0, 4, 24.43
1746563662, 0, 880, 1032, 1010, 14, 8.79%, 0, 0, 4, 26.45
1746563672, 0, 880, 1033, 1011, 14, 8.79%, 0, 0, 4, 26.74
1746563677, 0, 880, 1034, 1012, 14, 8.79%, 0, 0, 4, 30.14
1746563682, 0, 880, 1035, 1013, 14, 8.79%, 0, 0, 4, 30.11
1746563687, 0, 888, 1035, 1012, 16, 8.79%, 0, 0, 4, 23.80
1746563692, 0, 888, 1037, 1014, 16, 8.79%, 0, 0, 4, 12.72
1746563697, 0, 888, 1038, 1015, 16, 8.79%, 0, 0, 4, 9.26
1746563713, 0, 888, 1039, 1016, 16, 8.79%, 0, 0, 4, 6.10
1746563734, 0, 888, 1040, 1017, 16, 8.79%, 0, 0, 4, 6.70
1746563759, 0, 888, 1041, 1018, 16, 8.79%, 0, 0, 4, 7.11
1746563806, 0, 888, 1042, 1019, 16, 8.79%, 0, 0, 4, 7.96
1746563872, 0, 888, 1043, 1020, 16, 8.79%, 0, 0, 4, 6.64
1746563991, 0, 888, 1045, 1022, 16, 8.79%, 0, 0, 4, 8.13
1746564105, 0, 888, 1046, 1023, 16, 8.79%, 0, 0, 4, 6.21
1746564130, 0, 888, 1049, 1026, 16, 8.79%, 0, 0, 4, 6.84
1746564135, 0, 888, 1050, 1027, 16, 8.79%, 0, 0, 4, 6.86
1746564156, 0, 888, 1051, 1028, 16, 8.79%, 0, 0, 4, 5.96
1746564172, 0, 888, 1051, 1028, 16, 8.79%, 0, 1, 4, 6.09
1746564213, 0, 888, 1052, 1029, 16, 8.79%, 0, 1, 4, 6.96
1746564234, 0, 888, 1053, 1030, 16, 8.79%, 0, 1, 4, 6.27
1746564249, 0, 888, 1054, 1031, 16, 8.79%, 0, 1, 4, 5.84
1746564259, 0, 888, 1055, 1032, 16, 8.79%, 0, 1, 4, 5.68
1746564270, 0, 888, 1056, 1033, 16, 8.79%, 0, 1, 4, 5.55
1746564290, 0, 891, 1056, 1032, 16, 8.79%, 0, 1, 4, 22.23
1746564361, 0, 891, 1057, 1033, 16, 8.79%, 0, 1, 4, 12.56
1746564510, 0, 895, 1057, 1032, 15, 8.79%, 0, 1, 4, 27.06
1746564689, 0, 913, 1057, 1031, 14, 8.79%, 0, 1, 4, 28.14
1746564694, 0, 913, 1060, 1034, 14, 8.80%, 0, 1, 4, 18.46
1746564699, 0, 913, 1062, 1036, 14, 8.80%, 0, 1, 4, 14.03
1746564710, 0, 913, 1063, 1037, 14, 8.80%, 0, 1, 4, 11.27
1746564715, 0, 913, 1066, 1040, 14, 8.82%, 0, 1, 4, 10.52
1746564720, 0, 913, 1068, 1042, 14, 8.82%, 0, 1, 4, 10.43
1746564741, 0, 913, 1069, 1043, 14, 8.82%, 0, 1, 4, 11.39
1746564746, 0, 913, 1070, 1044, 14, 8.82%, 0, 1, 4, 10.85
1746564751, 0, 913, 1071, 1045, 14, 8.82%, 0, 1, 4, 15.32
1746564807, 0, 913, 1072, 1046, 14, 8.82%, 0, 1, 4, 14.80
1746564874, 0, 913, 1073, 1047, 14, 8.82%, 0, 1, 4, 11.55
1746564879, 0, 913, 1075, 1049, 14, 8.82%, 0, 1, 4, 11.21
1746564894, 0, 913, 1076, 1050, 14, 8.82%, 0, 1, 4, 10.07
1746564900, 0, 913, 1077, 1051, 14, 8.82%, 0, 1, 4, 10.48
1746564910, 0, 913, 1079, 1053, 14, 8.82%, 0, 1, 4, 10.46
1746564915, 0, 913, 1082, 1056, 14, 8.82%, 0, 1, 4, 10.29
1746564920, 0, 913, 1083, 1057, 14, 8.82%, 0, 1, 4, 10.46
1746564941, 0, 913, 1084, 1058, 14, 8.82%, 0, 1, 4, 10.32
1746565064, 0, 913, 1085, 1059, 14, 8.82%, 0, 1, 4, 17.58
1746565111, 0, 913, 1086, 1060, 14, 8.82%, 0, 1, 4, 10.21
1746565121, 0, 913, 1087, 1061, 14, 8.82%, 0, 1, 4, 10.79
1746565137, 0, 913, 1088, 1062, 14, 8.82%, 0, 1, 4, 10.29
1746565178, 0, 913, 1089, 1063, 14, 8.82%, 0, 1, 4, 12.17
1746565244, 0, 913, 1090, 1064, 14, 8.82%, 0, 1, 4, 10.90
1746565249, 0, 913, 1091, 1065, 14, 8.82%, 0, 1, 4, 10.98
1746565254, 0, 913, 1093, 1067, 14, 8.82%, 0, 1, 4, 10.77
1746565260, 0, 913, 1095, 1069, 14, 8.82%, 0, 1, 4, 10.09
1746565280, 0, 933, 1095, 1068, 17, 8.82%, 0, 1, 4, 25.98
1746565285, 0, 933, 1096, 1069, 17, 8.82%, 0, 1, 4, 17.43
1746565295, 0, 933, 1097, 1070, 17, 8.82%, 0, 1, 4, 12.24
1746565300, 0, 933, 1100, 1073, 17, 8.83%, 0, 1, 4, 10.37
1746565321, 0, 933, 1103, 1076, 17, 8.83%, 0, 1, 4, 10.61
1746565341, 0, 933, 1105, 1078, 17, 8.83%, 0, 1, 4, 11.46
1746565449, 0, 933, 1106, 1079, 17, 8.83%, 0, 1, 4, 10.35
1746565459, 0, 933, 1107, 1080, 17, 8.83%, 0, 1, 4, 9.82
1746565572, 0, 933, 1108, 1081, 17, 8.83%, 0, 1, 4, 14.60
1746565607, 0, 933, 1109, 1082, 17, 8.83%, 0, 1, 4, 10.16
1746565623, 0, 933, 1110, 1083, 17, 8.83%, 0, 1, 4, 10.70
1746565714, 0, 933, 1114, 1087, 17, 8.83%, 0, 1, 4, 11.08
1746565730, 0, 961, 1114, 1086, 19, 8.83%, 0, 1, 4, 27.54
1746565761, 0, 961, 1115, 1087, 19, 8.84%, 0, 1, 5, 20.57
1746565766, 0, 961, 1118, 1090, 19, 8.84%, 0, 1, 5, 20.70
1746565776, 0, 961, 1119, 1091, 19, 8.84%, 0, 1, 5, 24.61
1746565797, 0, 961, 1122, 1094, 19, 8.84%, 0, 1, 5, 22.11
1746565802, 0, 961, 1123, 1095, 19, 8.84%, 0, 1, 5, 30.32
1746565812, 0, 961, 1124, 1096, 19, 8.84%, 0, 1, 5, 33.13
1746565843, 0, 961, 1125, 1097, 19, 8.84%, 0, 1, 5, 32.56
1746565920, 0, 965, 1125, 1096, 20, 8.84%, 0, 1, 5, 25.44
1746565935, 0, 965, 1126, 1097, 20, 8.84%, 0, 1, 5, 15.98
1746565971, 0, 965, 1127, 1098, 20, 8.84%, 0, 1, 5, 15.26
1746566057, 0, 971, 1127, 1097, 19, 8.84%, 0, 1, 5, 43.13
1746566103, 0, 977, 1127, 1096, 18, 8.84%, 0, 1, 5, 45.08
1746566165, 0, 977, 1128, 1097, 18, 8.84%, 0, 1, 5, 40.27
1746566211, 0, 979, 1128, 1096, 17, 8.84%, 0, 1, 5, 27.14
1746566216, 0, 979, 1129, 1097, 17, 8.84%, 0, 1, 5, 20.60
1746566226, 0, 979, 1130, 1098, 17, 8.84%, 0, 1, 5, 18.62
1746566277, 0, 979, 1131, 1099, 17, 8.84%, 0, 1, 5, 16.78
1746566379, 0, 980, 1131, 1098, 17, 8.84%, 0, 1, 5, 28.76
1746566404, 0, 980, 1132, 1099, 17, 8.84%, 0, 1, 5, 23.75
1746566440, 0, 980, 1134, 1101, 17, 8.84%, 0, 1, 5, 17.23
1746566537, 0, 986, 1134, 1100, 16, 8.84%, 0, 1, 5, 20.64
1746566614, 0, 986, 1135, 1101, 16, 8.84%, 0, 1, 5, 16.32
1746566660, 0, 991, 1135, 1100, 19, 8.84%, 0, 1, 5, 23.95
1746566665, 0, 991, 1136, 1101, 19, 8.84%, 0, 1, 5, 15.81
1746566732, 0, 991, 1137, 1102, 19, 8.84%, 0, 1, 5, 13.59
1746566799, 0, 1015, 1138, 1102, 19, 8.84%, 0, 1, 5, 23.01
1746566809, 0, 1015, 1139, 1103, 19, 8.84%, 0, 1, 5, 18.37
1746566845, 0, 1015, 1140, 1104, 19, 8.84%, 0, 1, 5, 17.81
1746566850, 0, 1015, 1141, 1105, 19, 8.84%, 0, 1, 5, 21.80
1746566881, 0, 1015, 1142, 1106, 19, 8.84%, 0, 1, 5, 29.49
1746566896, 0, 1015, 1143, 1107, 19, 8.84%, 0, 1, 5, 32.12
1746566921, 0, 1015, 1144, 1108, 19, 8.84%, 0, 1, 5, 33.82
1746566926, 0, 1015, 1145, 1109, 19, 8.84%, 0, 1, 5, 35.04
1746566993, 0, 1015, 1146, 1110, 19, 8.84%, 0, 1, 5, 31.32
1746567050, 0, 1015, 1147, 1111, 19, 8.84%, 0, 1, 5, 30.76
1746567218, 0, 1015, 1148, 1112, 19, 8.84%, 0, 1, 5, 35.14
1746567249, 0, 1015, 1149, 1113, 19, 8.84%, 0, 1, 5, 32.14
1746567264, 0, 1015, 1150, 1114, 19, 8.84%, 0, 1, 5, 32.31
1746567289, 0, 1015, 1151, 1115, 19, 8.84%, 0, 1, 5, 31.67
1746567340, 0, 1015, 1152, 1116, 19, 8.84%, 0, 1, 5, 32.08
1746567371, 0, 1037, 1152, 1115, 19, 8.84%, 0, 1, 5, 8.70
1746567788, 0, 1037, 1153, 1116, 19, 8.84%, 0, 1, 5, 7.58
1746567916, 0, 1037, 1154, 1117, 19, 8.84%, 0, 1, 5, 5.67
1746567952, 0, 1057, 1154, 1116, 18, 8.84%, 0, 1, 5, 21.14
1746568019, 0, 1057, 1155, 1117, 18, 8.84%, 0, 1, 5, 11.53
1746568039, 0, 1057, 1156, 1118, 18, 8.84%, 0, 1, 5, 27.96
1746568091, 0, 1057, 1157, 1119, 18, 8.84%, 0, 1, 5, 15.69
1746568142, 0, 1057, 1158, 1120, 18, 8.84%, 0, 1, 5, 11.49
1746568152, 0, 1057, 1160, 1122, 18, 8.84%, 0, 1, 5, 11.16
1746568322, 0, 1057, 1161, 1123, 18, 8.84%, 0, 1, 5, 13.13
1746568347, 0, 1057, 1162, 1124, 18, 8.84%, 0, 1, 5, 11.20
1746568450, 0, 1057, 1163, 1125, 18, 8.84%, 0, 1, 5, 11.59
1746568501, 0, 1061, 1163, 1124, 19, 8.84%, 0, 1, 5, 25.28
1746568522, 0, 1061, 1164, 1125, 19, 8.84%, 0, 1, 5, 10.93
1746568527, 0, 1061, 1165, 1126, 19, 8.84%, 0, 1, 5, 12.13
1746568547, 0, 1061, 1166, 1127, 19, 8.84%, 0, 1, 5, 11.00
1746568578, 0, 1061, 1167, 1128, 19, 8.84%, 0, 1, 5, 11.64
1746568599, 0, 1061, 1168, 1129, 19, 8.84%, 0, 1, 5, 24.34
1746568721, 0, 1061, 1169, 1130, 19, 8.84%, 0, 1, 5, 10.42
1746568932, 0, 1061, 1171, 1132, 19, 8.84%, 0, 1, 5, 10.18
1746568937, 0, 1061, 1172, 1133, 19, 8.84%, 0, 1, 5, 11.40
1746568942, 0, 1061, 1173, 1134, 19, 8.84%, 0, 1, 5, 27.29
1746569050, 0, 1061, 1175, 1136, 19, 8.84%, 0, 1, 5, 10.68
1746569086, 0, 1065, 1175, 1135, 19, 8.84%, 0, 1, 5, 21.27
1746569106, 0, 1065, 1177, 1137, 19, 8.84%, 0, 1, 5, 10.42
1746569111, 0, 1065, 1179, 1139, 19, 8.84%, 0, 1, 5, 11.11
1746569137, 0, 1065, 1180, 1140, 19, 8.84%, 0, 1, 5, 10.37
1746569163, 0, 1065, 1181, 1141, 19, 8.84%, 0, 1, 5, 11.48
1746569229, 0, 1065, 1182, 1142, 19, 8.84%, 0, 1, 5, 12.85
1746569265, 0, 1065, 1183, 1143, 19, 8.84%, 0, 1, 5, 10.94
1746569322, 0, 1065, 1184, 1144, 19, 8.84%, 0, 1, 5, 10.24
1746569327, 0, 1065, 1187, 1147, 19, 8.84%, 0, 1, 5, 10.24
1746569333, 0, 1065, 1188, 1148, 19, 8.84%, 0, 1, 5, 10.19
1746569338, 0, 1065, 1190, 1150, 19, 8.84%, 0, 1, 5, 10.09
1746569358, 0, 1065, 1191, 1151, 19, 8.84%, 0, 1, 5, 14.27
1746569660, 0, 1065, 1192, 1152, 19, 8.84%, 0, 1, 5, 25.50
1746569701, 0, 1065, 1193, 1153, 19, 8.84%, 0, 1, 5, 26.68
1746569732, 0, 1065, 1194, 1154, 19, 8.84%, 0, 1, 5, 23.28
1746569747, 0, 1065, 1195, 1155, 19, 8.84%, 0, 1, 5, 21.63
1746569804, 0, 1065, 1196, 1156, 19, 8.84%, 0, 1, 5, 26.12
1746569891, 0, 1065, 1197, 1157, 19, 8.84%, 0, 1, 5, 26.52
1746570049, 0, 1065, 1198, 1158, 19, 8.84%, 0, 1, 5, 25.05
1746570105, 0, 1067, 1198, 1157, 19, 8.84%, 0, 1, 5, 24.53
1746570690, 0, 1093, 1198, 1156, 19, 8.84%, 0, 1, 5, 25.01
1746570909, 0, 1093, 1199, 1157, 19, 8.84%, 0, 1, 5, 11.00
1746571278, 0, 1108, 1199, 1156, 19, 8.84%, 0, 1, 5, 25.82
1746571283, 0, 1108, 1200, 1157, 19, 8.84%, 0, 1, 5, 16.67
1746571299, 0, 1108, 1201, 1158, 19, 8.84%, 0, 1, 5, 14.90
1746571314, 0, 1108, 1202, 1159, 19, 8.84%, 0, 1, 5, 10.44
1746571335, 0, 1108, 1203, 1160, 19, 8.84%, 0, 1, 5, 11.55
1746571350, 0, 1108, 1204, 1161, 19, 8.84%, 0, 1, 5, 23.35
1746571518, 0, 1108, 1205, 1162, 19, 8.84%, 0, 1, 5, 15.12
1746571565, 0, 1108, 1206, 1163, 19, 8.84%, 0, 1, 5, 10.45
1746571570, 0, 1108, 1207, 1164, 19, 8.84%, 0, 1, 5, 11.31
1746571642, 0, 1108, 1208, 1165, 19, 8.84%, 0, 1, 5, 10.86
1746571657, 0, 1108, 1209, 1166, 19, 8.84%, 0, 1, 5, 27.78
1746571698, 0, 1114, 1209, 1165, 18, 8.84%, 0, 1, 5, 24.17
1746571795, 0, 1133, 1209, 1164, 17, 8.84%, 0, 1, 5, 29.27
1746571944, 0, 1133, 1210, 1165, 17, 8.84%, 0, 1, 6, 31.37
1746571985, 0, 1134, 1210, 1164, 16, 8.84%, 0, 1, 6, 23.69
1746571990, 0, 1134, 1211, 1165, 16, 8.84%, 0, 1, 6, 19.15
1746572056, 0, 1134, 1212, 1166, 16, 8.84%, 0, 1, 6, 17.73
1746572112, 0, 1136, 1212, 1165, 15, 8.84%, 0, 1, 6, 25.21
1746572214, 0, 1136, 1213, 1166, 15, 8.84%, 0, 1, 6, 17.14
1746572245, 0, 1139, 1214, 1166, 14, 8.84%, 0, 1, 6, 24.40
1746572317, 0, 1139, 1215, 1167, 14, 8.84%, 0, 1, 6, 32.65
1746572373, 0, 1149, 1215, 1166, 13, 8.84%, 0, 1, 6, 26.68
1746572409, 0, 1149, 1216, 1167, 13, 8.84%, 0, 1, 6, 19.53
1746572476, 0, 1156, 1216, 1166, 13, 8.84%, 0, 1, 6, 26.44
1746572676, 0, 1156, 1217, 1167, 13, 8.84%, 0, 1, 6, 11.03
1746573029, 0, 1160, 1217, 1166, 12, 8.84%, 0, 1, 6, 23.55
1746573076, 0, 1160, 1218, 1167, 12, 8.84%, 0, 1, 6, 16.96
1746573554, 0, 1169, 1218, 1166, 11, 8.84%, 0, 1, 6, 25.84
1746574132, 0, 1173, 1218, 1165, 11, 8.84%, 0, 1, 6, 25.87
1746574142, 0, 1173, 1219, 1166, 11, 8.84%, 0, 1, 6, 13.84
1746574157, 0, 1173, 1220, 1167, 11, 8.84%, 0, 1, 6, 14.04
1746574183, 0, 1173, 1222, 1169, 11, 8.84%, 0, 1, 6, 12.89
1746574368, 0, 1173, 1228, 1175, 11, 8.84%, 0, 1, 6, 11.09
1746574373, 0, 1173, 1229, 1176, 11, 8.84%, 0, 1, 6, 10.77
1746574558, 0, 1173, 1230, 1177, 11, 8.84%, 0, 1, 6, 10.87
1746574711, 0, 1188, 1230, 1176, 11, 8.84%, 0, 1, 6, 24.97
1746574732, 0, 1188, 1231, 1177, 11, 8.84%, 0, 1, 6, 10.72
1746574752, 0, 1188, 1232, 1178, 11, 8.84%, 0, 1, 6, 11.19
1746575294, 0, 1198, 1232, 1177, 10, 8.84%, 0, 1, 6, 22.52
1746575873, 0, 1199, 1232, 1176, 9, 8.84%, 0, 1, 6, 21.74
1746575919, 0, 1199, 1233, 1177, 9, 8.84%, 0, 1, 6, 11.67
1746576247, 0, 1205, 1233, 1176, 8, 8.84%, 0, 1, 6, 19.73
1746576257, 0, 1205, 1236, 1179, 8, 8.84%, 0, 1, 6, 13.05
1746576278, 0, 1205, 1237, 1180, 8, 8.84%, 0, 1, 6, 16.41
1746576288, 0, 1205, 1238, 1181, 8, 8.84%, 0, 1, 6, 13.13
1746576293, 0, 1205, 1239, 1182, 8, 8.84%, 0, 1, 6, 13.30
1746576386, 0, 1205, 1244, 1187, 8, 8.84%, 0, 1, 6, 12.11
1746576607, 0, 1210, 1244, 1186, 8, 8.84%, 0, 1, 6, 24.39
1746576637, 0, 1210, 1246, 1188, 8, 8.84%, 0, 1, 7, 18.23
1746576730, 0, 1215, 1246, 1187, 9, 8.84%, 0, 1, 7, 28.87
1746576832, 0, 1228, 1246, 1186, 8, 8.84%, 0, 1, 7, 22.50
1746576858, 0, 1228, 1247, 1187, 8, 8.84%, 0, 1, 7, 14.24
1746577401, 0, 1241, 1247, 1186, 7, 8.84%, 0, 1, 7, 19.93
1746577447, 0, 1241, 1248, 1187, 7, 8.84%, 0, 1, 7, 14.21
1746577745, 0, 1241, 1249, 1188, 7, 8.84%, 0, 1, 7, 29.79
1746577780, 0, 1244, 1249, 1187, 6, 8.84%, 0, 1, 7, 28.91
1746577785, 0, 1244, 1250, 1188, 6, 8.84%, 0, 1, 8, 22.22
1746577790, 0, 1244, 1251, 1189, 6, 8.84%, 0, 1, 8, 19.61
1746577811, 0, 1244, 1252, 1190, 6, 8.84%, 0, 1, 8, 19.29
1746577903, 0, 1245, 1252, 1189, 7, 8.84%, 0, 1, 8, 27.69
1746578026, 0, 1249, 1252, 1188, 6, 8.84%, 0, 1, 8, 25.38
1746578031, 0, 1249, 1254, 1190, 6, 8.84%, 0, 1, 9, 21.53
1746578067, 0, 1249, 1255, 1191, 6, 8.84%, 0, 1, 9, 20.93
1746578128, 0, 1249, 1256, 1192, 6, 8.84%, 0, 1, 9, 30.96
1746578174, 0, 1249, 1257, 1193, 6, 8.85%, 0, 1, 9, 30.74
1746578256, 0, 1249, 1258, 1194, 6, 8.85%, 0, 1, 9, 33.07
1746578343, 0, 1249, 1259, 1195, 6, 8.85%, 0, 1, 9, 33.49
1746578475, 0, 1251, 1259, 1194, 7, 8.85%, 0, 1, 9, 26.56
1746578486, 0, 1251, 1260, 1195, 7, 8.85%, 0, 1, 9, 18.52
1746578613, 0, 1252, 1260, 1194, 6, 8.85%, 0, 1, 9, 26.01
1746578705, 0, 1252, 1261, 1195, 6, 8.85%, 0, 1, 10, 30.65
1746578786, 0, 1256, 1263, 1196, 6, 8.85%, 0, 1, 10, 19.21
1746578797, 0, 1256, 1265, 1198, 6, 8.85%, 0, 1, 10, 9.81
1746578812, 0, 1256, 1266, 1199, 6, 8.85%, 0, 1, 10, 10.39
1746578879, 0, 1256, 1268, 1201, 6, 8.85%, 0, 1, 10, 10.35
1746578889, 0, 1256, 1269, 1202, 6, 8.85%, 0, 1, 10, 9.25
1746578925, 0, 1256, 1270, 1203, 6, 8.85%, 0, 1, 10, 9.15
1746578930, 0, 1256, 1271, 1204, 6, 8.85%, 0, 1, 10, 9.03
1746579047, 0, 1256, 1272, 1205, 6, 8.85%, 0, 1, 10, 11.33
1746579058, 0, 1256, 1273, 1206, 6, 8.85%, 0, 1, 10, 11.11
1746579073, 0, 1256, 1275, 1208, 6, 8.85%, 0, 1, 10, 9.04
1746579241, 0, 1259, 1275, 1207, 12, 8.85%, 0, 1, 10, 19.97
1746579379, 0, 1262, 1275, 1206, 11, 8.85%, 0, 1, 10, 21.11
1746579476, 0, 1262, 1276, 1207, 11, 8.85%, 0, 1, 11, 12.52
1746579650, 0, 1262, 1277, 1208, 11, 8.85%, 0, 1, 11, 24.29
1746579701, 0, 1263, 1277, 1207, 11, 8.85%, 0, 1, 11, 21.54
1746579885, 0, 1263, 1278, 1208, 11, 8.85%, 0, 1, 11, 10.93
1746580003, 0, 1270, 1278, 1207, 9, 8.85%, 0, 1, 11, 22.92
1746580008, 0, 1270, 1279, 1208, 9, 8.85%, 0, 1, 11, 13.17
1746580090, 0, 1270, 1280, 1209, 9, 8.85%, 0, 1, 11, 10.35
1746580137, 0, 1270, 1281, 1210, 9, 8.85%, 0, 1, 11, 8.98
1746580142, 0, 1270, 1282, 1211, 9, 8.85%, 0, 1, 11, 8.88
1746580433, 0, 1275, 1282, 1210, 8, 8.85%, 0, 1, 11, 22.03
1746580510, 0, 1275, 1283, 1211, 8, 8.85%, 0, 1, 12, 13.88
1746580648, 0, 1277, 1283, 1210, 7, 8.85%, 0, 1, 12, 21.50
1746580658, 0, 1277, 1285, 1212, 7, 8.85%, 0, 1, 12, 12.41
1746580674, 0, 1277, 1286, 1213, 7, 8.85%, 0, 1, 12, 13.58
1746580771, 0, 1277, 1287, 1214, 7, 8.85%, 0, 1, 12, 11.58
1746580776, 0, 1277, 1290, 1217, 7, 8.85%, 0, 1, 12, 11.59
1746580781, 0, 1277, 1291, 1218, 7, 8.85%, 0, 1, 12, 11.74
1746580827, 0, 1277, 1292, 1219, 7, 8.85%, 0, 1, 12, 12.77
1746580873, 0, 1277, 1293, 1220, 7, 8.85%, 0, 1, 12, 17.52
1746580960, 0, 1285, 1293, 1219, 9, 8.85%, 0, 1, 12, 22.85
1746580970, 0, 1285, 1294, 1220, 9, 8.85%, 0, 1, 13, 12.59
1746581269, 0, 1291, 1294, 1219, 8, 8.85%, 0, 1, 13, 18.48
1746581392, 0, 1291, 1297, 1222, 8, 8.85%, 0, 1, 13, 12.27
1746581571, 1, 282, 1297, 1221, 7, 8.85%, 0, 1, 13, 38.24
1746581587, 1, 282, 1298, 1222, 7, 8.85%, 0, 1, 13, 49.28
1746581607, 1, 333, 1298, 1221, 7, 8.85%, 0, 1, 13, 55.80
1746581628, 1, 397, 1298, 1220, 7, 8.85%, 0, 1, 13, 54.05
1746581653, 1, 397, 1299, 1221, 7, 8.85%, 0, 1, 13, 48.49
1746581668, 1, 482, 1299, 1220, 7, 8.85%, 0, 1, 13, 35.74
1746581714, 1, 482, 1300, 1221, 7, 8.85%, 0, 1, 13, 37.67
1746581735, 1, 659, 1300, 1220, 7, 8.85%, 0, 1, 13, 21.99
1746581903, 1, 712, 1300, 1219, 7, 8.85%, 0, 1, 13, 21.91
1746581980, 1, 800, 1300, 1218, 6, 8.85%, 0, 1, 13, 36.06
1746581985, 1, 800, 1301, 1219, 6, 8.85%, 0, 1, 13, 31.40
1746581995, 1, 800, 1302, 1220, 6, 8.85%, 0, 1, 13, 27.98
1746582026, 1, 800, 1305, 1223, 6, 8.85%, 0, 1, 13, 28.71
1746582031, 1, 800, 1309, 1227, 6, 8.85%, 0, 1, 13, 24.36
1746582103, 1, 862, 1309, 1226, 6, 8.85%, 0, 1, 13, 31.73
1746582350, 1, 869, 1309, 1225, 6, 8.85%, 0, 1, 13, 34.94
1746582432, 1, 869, 1310, 1226, 6, 8.85%, 0, 1, 13, 37.39
1746582462, 1, 869, 1311, 1227, 6, 8.85%, 0, 1, 13, 38.40
1746582503, 1, 869, 1312, 1228, 6, 8.85%, 0, 1, 13, 36.32
1746582584, 1, 921, 1312, 1227, 5, 8.85%, 0, 1, 13, 29.10
1746582794, 1, 960, 1312, 1226, 5, 8.85%, 0, 1, 13, 30.77
1746582846, 1, 975, 1312, 1225, 4, 8.85%, 0, 1, 13, 34.77
1746582927, 1, 1092, 1312, 1224, 4, 8.85%, 0, 1, 13, 24.83
1746583517, 1, 1157, 1312, 1223, 4, 8.85%, 0, 1, 13, 20.89
1746583533, 1, 1157, 1313, 1224, 4, 8.85%, 0, 1, 13, 11.13
1746583538, 1, 1157, 1315, 1226, 4, 8.85%, 0, 1, 13, 10.37
1746583558, 1, 1157, 1316, 1227, 4, 8.85%, 0, 1, 13, 11.57
1746583922, 1, 1157, 1317, 1228, 4, 8.85%, 0, 1, 13, 9.86
1746584046, 1, 1157, 1318, 1229, 4, 8.85%, 0, 1, 13, 12.27
1746584076, 1, 1204, 1318, 1228, 4, 8.85%, 0, 1, 13, 21.15
1746584112, 1, 1204, 1319, 1229, 4, 8.85%, 0, 1, 13, 13.03
1746584450, 1, 1232, 1319, 1228, 3, 8.85%, 0, 1, 13, 25.55
1746584485, 1, 1232, 1320, 1229, 3, 8.85%, 0, 1, 13, 14.59
1746584501, 1, 1232, 1321, 1230, 3, 8.85%, 0, 1, 13, 12.45
1746584614, 1, 1232, 1322, 1231, 3, 8.85%, 0, 1, 13, 10.81
1746584619, 1, 1232, 1323, 1232, 3, 8.85%, 0, 1, 13, 14.25
1746584824, 1, 1235, 1323, 1231, 3, 8.85%, 0, 1, 13, 25.22
1746585186, 1, 1307, 1323, 1230, 2, 8.85%, 0, 1, 13, 31.93
1746585349, 1, 1320, 1323, 1229, 1, 8.85%, 0, 1, 13, 24.56
1746585728, 1, 1320, 1324, 1230, 1, 8.85%, 0, 1, 13, 25.90
1746585799, 2, 12, 1324, 1229, 0, 8.85%, 0, 1, 13, 43.24
1746585804, 2, 12, 1325, 1230, 0, 8.85%, 0, 1, 13, 46.71
1746585810, 2, 12, 1327, 1232, 0, 8.85%, 0, 1, 13, 38.14
1746585830, 2, 12, 1328, 1233, 0, 8.85%, 0, 1, 13, 44.01
1746585927, 2, 12, 1329, 1234, 0, 8.85%, 0, 1, 13, 43.42
1746585938, 2, 12, 1330, 1235, 0, 8.93%, 0, 1, 13, 8.70
1746585949, 2, 12, 1331, 1236, 0, 8.93%, 0, 1, 13, 38.17
1746586020, 2, 12, 1332, 1237, 0, 8.93%, 0, 1, 13, 47.84
1746586025, 2, 12, 1333, 1238, 0, 8.93%, 0, 1, 13, 43.65
1746586041, 2, 12, 1334, 1239, 0, 8.93%, 0, 1, 13, 43.74
1746586061, 2, 12, 1335, 1240, 0, 8.93%, 0, 1, 13, 42.43
1746586066, 2, 12, 1336, 1241, 0, 8.93%, 0, 1, 13, 1.86
1746586086, 2, 12, 1337, 1242, 0, 8.93%, 0, 1, 13, 43.08
1746586102, 2, 12, 1338, 1243, 0, 8.93%, 0, 1, 13, 5.45
1746586153, 2, 12, 1339, 1244, 0, 8.93%, 0, 1, 13, 30.82
1746586184, 2, 169, 1339, 1243, 1, 8.93%, 0, 1, 13, 41.89
1746586250, 2, 256, 1339, 1242, 1, 8.93%, 0, 1, 13, 35.84
1746586276, 2, 330, 1339, 1241, 1, 8.93%, 0, 1, 13, 39.57
1746586312, 2, 330, 1340, 1242, 1, 8.93%, 0, 1, 13, 39.12
1746586347, 2, 413, 1340, 1241, 1, 8.93%, 0, 1, 13, 35.26
1746586414, 2, 413, 1341, 1242, 1, 8.93%, 0, 1, 13, 35.47
1746586440, 2, 519, 1341, 1241, 1, 8.93%, 0, 1, 13, 29.71
1746586639, 2, 680, 1341, 1240, 1, 8.93%, 0, 1, 13, 24.35
1746586746, 2, 974, 1341, 1239, 1, 8.93%, 0, 1, 13, 27.57
1746586828, 2, 1150, 1341, 1238, 1, 8.93%, 0, 1, 13, 24.52
1746586833, 2, 1150, 1343, 1240, 1, 8.93%, 0, 1, 13, 12.98
1746586971, 2, 1150, 1344, 1241, 1, 8.93%, 0, 1, 13, 26.68
1746587007, 2, 1335, 1344, 1240, 1, 8.93%, 0, 1, 13, 3.86
1746587637, 2, 1335, 1345, 1241, 1, 8.93%, 0, 1, 13, 1.98
1746587653, 2, 1335, 1346, 1242, 1, 8.93%, 0, 1, 13, 1.84
1746587669, 2, 1335, 1347, 1243, 1, 8.93%, 0, 1, 13, 1.98
1746587674, 2, 1335, 1348, 1244, 1, 8.93%, 0, 1, 13, 2.16
1746587737, 2, 1335, 1349, 1245, 1, 8.93%, 0, 1, 13, 2.77
1746587764, 2, 1335, 1350, 1246, 1, 8.93%, 0, 1, 13, 2.84
1746587842, 2, 1335, 1351, 1247, 1, 8.93%, 0, 1, 13, 2.39
1746587864, 2, 1335, 1352, 1248, 1, 8.93%, 0, 1, 13, 2.43
1746588044, 2, 1335, 1354, 1250, 1, 8.93%, 0, 1, 13, 4.17
1746588049, 2, 1335, 1355, 1251, 1, 8.93%, 0, 1, 13, 1.93
1746588085, 2, 1335, 1357, 1253, 1, 8.93%, 0, 1, 13, 3.11
1746588106, 2, 1335, 1358, 1254, 1, 8.93%, 0, 1, 13, 2.24
1746588203, 2, 1335, 1359, 1255, 1, 8.93%, 0, 1, 13, 3.27
1746588213, 2, 1335, 1360, 1256, 1, 8.93%, 0, 1, 13, 4.38
1746588219, 2, 1335, 1361, 1257, 1, 8.93%, 0, 1, 13, 4.56
1746588229, 2, 1335, 1362, 1258, 1, 8.93%, 0, 1, 13, 4.75
1746588234, 2, 1335, 1363, 1259, 1, 8.93%, 0, 1, 13, 5.21
1746588250, 2, 1335, 1364, 1260, 1, 8.93%, 0, 1, 13, 1.87
1746588255, 2, 1335, 1366, 1262, 1, 8.93%, 0, 1, 13, 28.82
1746588260, 2, 1335, 1367, 1263, 1, 8.93%, 0, 1, 13, 4.34
1746588266, 2, 1335, 1368, 1264, 1, 8.93%, 0, 1, 13, 1.98
1746588271, 2, 1335, 1369, 1265, 1, 8.93%, 0, 1, 13, 4.69
1746588277, 2, 1335, 1370, 1266, 1, 8.93%, 0, 1, 13, 2.05
1746588298, 2, 1335, 1371, 1267, 1, 8.93%, 0, 1, 13, 2.29
1746592821, 2, 1335, 1372, 1268, 1, 8.93%, 0, 1, 13, 3.03
1746592895, 2, 1335, 1373, 1269, 1, 8.93%, 0, 1, 13, 2.81
1746593617, 2, 1335, 1374, 1270, 1, 8.93%, 0, 1, 13, 3.57
1746593691, 2, 1335, 1375, 1271, 1, 8.93%, 0, 1, 13, 3.75
1746593717, 2, 1335, 1376, 1272, 1, 8.93%, 0, 1, 13, 3.74
1746593849, 2, 1335, 1377, 1273, 1, 8.93%, 0, 1, 13, 4.10
1746593981, 2, 1335, 1378, 1274, 1, 8.93%, 0, 1, 13, 3.51
1746594040, 2, 1335, 1379, 1275, 1, 8.93%, 0, 1, 13, 3.42
1746594366, 2, 1335, 1380, 1276, 1, 8.93%, 0, 1, 13, 3.64
1746595133, 2, 1335, 1381, 1277, 1, 8.93%, 0, 1, 13, 3.59
1746595213, 2, 1335, 1382, 1278, 1, 8.93%, 0, 1, 13, 3.29
1746595293, 2, 1335, 1383, 1279, 1, 8.93%, 0, 1, 13, 3.18
1746595600, 2, 1335, 1384, 1280, 1, 8.93%, 0, 1, 13, 3.09
1746595794, 2, 1335, 1385, 1281, 1, 8.93%, 0, 1, 13, 3.10
1746597813, 2, 1335, 1386, 1282, 1, 8.93%, 0, 1, 13, 3.62
1746600175, 2, 1335, 1387, 1283, 1, 8.93%, 0, 1, 13, 3.16
1746600586, 2, 1335, 1388, 1284, 1, 8.93%, 0, 1, 13, 2.33
1746600754, 2, 1335, 1389, 1285, 1, 8.93%, 0, 1, 13, 2.63
1746601257, 2, 1335, 1390, 1286, 1, 8.93%, 0, 1, 13, 3.13
1746601508, 2, 1335, 1391, 1287, 1, 8.93%, 0, 1, 13, 2.85
1746601603, 2, 1335, 1392, 1288, 1, 8.93%, 0, 1, 13, 3.08
1746601854, 2, 1335, 1393, 1289, 1, 8.93%, 0, 1, 13, 2.96
1746601937, 2, 1335, 1394, 1290, 1, 8.93%, 0, 1, 13, 3.20
