# unix_time, cycles_done, cur_path, paths_total, pending_total, pending_favs, map_size, unique_crashes, unique_hangs, max_depth, execs_per_sec
1746558726, 0, 0, 1, 1, 1, 4.97%, 0, 0, 1, 82.47
1746558731, 0, 0, 54, 54, 1, 5.11%, 0, 0, 2, 91.15
1746558736, 0, 0, 92, 92, 1, 6.67%, 0, 0, 2, 65.22
1746558741, 0, 0, 115, 115, 1, 6.76%, 0, 0, 2, 46.79
1746558746, 0, 0, 140, 140, 1, 6.78%, 0, 0, 2, 51.37
1746558751, 0, 0, 164, 164, 1, 6.78%, 0, 0, 2, 47.93
1746558756, 0, 0, 187, 187, 1, 6.78%, 0, 0, 2, 45.37
1746558761, 0, 0, 208, 208, 1, 6.78%, 0, 0, 2, 43.07
1746558767, 0, 0, 232, 232, 1, 6.78%, 0, 0, 2, 45.54
1746558772, 0, 0, 252, 252, 1, 6.79%, 0, 0, 2, 43.04
1746558777, 0, 0, 268, 268, 1, 6.79%, 0, 0, 2, 35.04
1746558782, 0, 0, 283, 283, 1, 6.79%, 0, 0, 2, 34.01
1746558787, 0, 0, 298, 298, 1, 6.79%, 0, 0, 2, 33.54
1746558792, 0, 0, 313, 313, 1, 6.80%, 0, 0, 2, 34.40
1746558797, 0, 0, 328, 328, 1, 6.80%, 0, 0, 2, 34.80
1746558802, 0, 0, 341, 341, 1, 6.80%, 0, 0, 2, 35.07
1746558807, 0, 0, 354, 354, 1, 6.80%, 0, 0, 2, 28.82
1746558813, 0, 0, 367, 367, 1, 6.80%, 0, 0, 2, 30.45
1746558818, 0, 0, 379, 379, 1, 6.81%, 0, 0, 2, 32.79
1746558823, 0, 0, 392, 392, 1, 6.81%, 0, 0, 2, 32.83
1746558828, 0, 0, 406, 406, 1, 6.81%, 0, 0, 2, 33.86
1746558833, 0, 0, 417, 417, 1, 6.81%, 0, 0, 2, 35.11
1746558838, 0, 0, 426, 426, 1, 6.81%, 0, 0, 2, 31.35
1746558843, 0, 0, 437, 437, 1, 6.81%, 0, 0, 2, 30.49
1746558849, 0, 0, 448, 448, 1, 6.81%, 0, 0, 2, 25.46
1746558854, 0, 0, 457, 457, 1, 6.81%, 0, 0, 2, 28.72
1746558859, 0, 0, 467, 467, 1, 6.81%, 0, 0, 2, 29.98
1746558864, 0, 0, 478, 478, 1, 6.81%, 0, 0, 2, 38.23
1746558869, 0, 0, 488, 488, 1, 6.81%, 0, 0, 2, 38.15
1746558874, 0, 0, 494, 494, 1, 6.81%, 0, 0, 2, 36.93
1746558879, 0, 0, 504, 504, 1, 6.81%, 0, 0, 2, 34.23
1746558885, 0, 0, 512, 512, 1, 6.81%, 0, 0, 2, 30.91
1746558890, 0, 0, 520, 520, 1, 6.81%, 0, 0, 2, 27.57
1746558895, 0, 0, 528, 528, 1, 6.81%, 0, 0, 2, 33.98
1746558900, 0, 0, 535, 535, 1, 6.81%, 0, 0, 2, 36.06
1746558905, 0, 0, 543, 543, 1, 6.81%, 0, 0, 2, 36.08
1746558910, 0, 0, 549, 549, 1, 6.81%, 0, 0, 2, 33.65
1746558915, 0, 0, 557, 557, 1, 6.81%, 0, 0, 2, 38.70
1746558920, 0, 0, 563, 563, 1, 6.81%, 0, 0, 2, 38.06
1746558925, 0, 0, 570, 570, 1, 6.81%, 0, 0, 2, 31.97
1746558930, 0, 0, 577, 577, 1, 6.81%, 0, 0, 2, 32.70
1746558935, 0, 0, 581, 581, 1, 6.81%, 0, 0, 2, 40.27
1746558941, 0, 0, 585, 585, 1, 6.82%, 0, 0, 2, 43.18
1746558946, 0, 0, 591, 591, 1, 6.82%, 0, 0, 2, 34.10
1746558951, 0, 0, 593, 593, 1, 6.82%, 0, 0, 2, 45.81
1746558956, 0, 0, 597, 597, 1, 6.82%, 0, 0, 2, 37.02
1746558961, 0, 0, 604, 604, 1, 6.82%, 0, 0, 2, 35.74
1746558966, 0, 0, 608, 608, 1, 6.82%, 0, 0, 2, 38.55
1746558972, 0, 0, 612, 612, 1, 6.82%, 0, 0, 2, 38.35
1746558977, 0, 0, 617, 617, 1, 6.82%, 0, 0, 2, 38.88
1746558982, 0, 0, 622, 622, 1, 6.82%, 0, 0, 2, 42.32
1746558987, 0, 0, 628, 628, 1, 6.82%, 0, 0, 2, 39.64
1746558992, 0, 0, 631, 631, 1, 6.82%, 0, 0, 2, 36.95
1746558997, 0, 0, 634, 634, 1, 6.82%, 0, 0, 2, 44.12
1746559002, 0, 0, 636, 636, 1, 6.82%, 0, 0, 2, 42.74
1746559007, 0, 0, 638, 638, 1, 6.82%, 0, 0, 2, 43.53
1746559012, 0, 0, 642, 642, 1, 6.82%, 0, 0, 2, 39.99
1746559017, 0, 0, 645, 645, 1, 6.82%, 0, 0, 2, 37.54
1746559023, 0, 0, 648, 648, 1, 6.82%, 0, 0, 2, 44.69
1746559028, 0, 0, 650, 650, 1, 6.82%, 0, 0, 2, 41.30
1746559033, 0, 0, 652, 652, 1, 6.82%, 0, 0, 2, 44.60
1746559038, 0, 0, 656, 656, 1, 6.82%, 0, 0, 2, 39.20
1746559043, 0, 0, 660, 660, 1, 6.82%, 0, 0, 2, 36.50
1746559048, 0, 0, 663, 663, 1, 6.82%, 0, 0, 2, 50.05
1746559053, 0, 0, 665, 665, 1, 6.82%, 0, 0, 2, 46.58
1746559058, 0, 0, 667, 667, 1, 6.82%, 0, 0, 2, 47.30
1746559063, 0, 0, 670, 670, 1, 6.82%, 0, 0, 2, 44.86
1746559068, 0, 0, 673, 673, 1, 6.82%, 0, 0, 2, 40.58
1746559073, 0, 0, 675, 675, 1, 6.82%, 0, 0, 2, 46.10
1746559094, 0, 0, 676, 676, 1, 6.82%, 0, 0, 2, 43.30
1746559099, 0, 0, 677, 677, 1, 6.82%, 0, 0, 2, 48.04
1746559104, 0, 0, 679, 679, 1, 6.82%, 0, 0, 2, 46.02
1746559109, 0, 0, 680, 680, 1, 6.82%, 0, 0, 2, 46.30
1746559114, 0, 0, 681, 681, 1, 6.82%, 0, 0, 2, 45.88
1746559125, 0, 0, 683, 683, 1, 6.82%, 0, 0, 2, 48.32
1746559130, 0, 0, 684, 684, 1, 6.82%, 0, 0, 2, 49.63
1746559140, 0, 0, 685, 685, 1, 6.82%, 0, 0, 2, 44.66
1746559145, 0, 0, 687, 687, 1, 6.82%, 0, 0, 2, 49.84
1746559150, 0, 0, 689, 689, 1, 6.82%, 0, 0, 2, 47.31
1746559155, 0, 0, 690, 690, 1, 6.82%, 0, 0, 2, 44.34
1746559160, 0, 0, 692, 692, 1, 6.82%, 0, 0, 2, 44.64
1746559170, 0, 0, 694, 694, 1, 6.82%, 0, 0, 2, 45.07
1746559191, 0, 0, 695, 695, 1, 6.82%, 0, 0, 2, 42.36
1746559201, 0, 0, 696, 696, 1, 6.82%, 0, 0, 2, 43.23
1746559211, 0, 0, 698, 698, 1, 6.82%, 0, 0, 2, 48.63
1746559216, 0, 0, 699, 699, 1, 6.82%, 0, 0, 2, 43.13
1746559236, 0, 0, 700, 700, 1, 6.82%, 0, 0, 2, 51.43
1746559252, 0, 0, 701, 701, 1, 6.82%, 0, 0, 2, 46.57
1746559257, 0, 7, 701, 700, 20, 6.82%, 0, 0, 2, 52.45
1746559262, 0, 7, 702, 701, 20, 6.82%, 0, 0, 3, 45.79
1746559272, 0, 7, 704, 703, 20, 6.82%, 0, 0, 3, 45.02
1746559277, 0, 7, 705, 704, 20, 6.82%, 0, 0, 3, 43.17
1746559308, 0, 7, 706, 705, 20, 6.82%, 0, 0, 3, 53.48
1746559313, 0, 7, 707, 706, 20, 6.82%, 0, 0, 3, 43.04
1746559323, 0, 7, 708, 707, 20, 6.82%, 0, 0, 3, 46.49
1746559339, 0, 7, 709, 708, 20, 6.82%, 0, 0, 3, 47.45
1746559354, 0, 7, 710, 709, 20, 6.82%, 0, 0, 3, 47.59
1746559364, 0, 7, 711, 710, 20, 6.82%, 0, 0, 3, 50.68
1746559374, 0, 7, 712, 711, 20, 6.82%, 0, 0, 3, 45.06
1746559441, 0, 7, 713, 712, 20, 6.82%, 0, 0, 3, 47.72
1746559446, 0, 7, 715, 714, 20, 6.82%, 0, 0, 3, 45.80
1746559467, 0, 7, 716, 715, 20, 6.82%, 0, 0, 3, 45.74
1746559482, 0, 7, 717, 716, 20, 6.82%, 0, 0, 3, 45.09
1746559487, 0, 7, 718, 717, 20, 6.82%, 0, 0, 3, 45.35
1746559502, 0, 7, 719, 718, 20, 6.82%, 0, 0, 3, 44.69
1746559512, 0, 7, 720, 719, 20, 6.82%, 0, 0, 3, 46.37
1746559517, 0, 7, 721, 720, 20, 6.82%, 0, 0, 3, 43.95
1746559522, 0, 7, 723, 722, 20, 6.82%, 0, 0, 3, 41.44
1746559548, 0, 7, 724, 723, 20, 6.82%, 0, 0, 3, 47.86
1746559553, 0, 7, 725, 724, 20, 6.82%, 0, 0, 3, 44.93
1746559604, 0, 7, 726, 725, 20, 6.82%, 0, 0, 3, 45.96
1746559609, 0, 17, 726, 724, 19, 6.82%, 0, 0, 3, 53.32
1746559619, 0, 17, 728, 726, 19, 6.82%, 0, 0, 3, 43.94
1746559624, 0, 17, 729, 727, 19, 6.82%, 0, 0, 3, 45.34
1746559635, 0, 17, 731, 729, 19, 6.82%, 0, 0, 3, 46.33
1746559665, 0, 17, 732, 730, 19, 6.82%, 0, 0, 3, 52.35
1746559676, 0, 17, 733, 731, 19, 7.27%, 0, 0, 3, 48.05
1746559732, 0, 17, 734, 732, 19, 7.27%, 0, 0, 3, 50.74
1746559752, 0, 17, 735, 733, 19, 7.27%, 0, 0, 3, 49.95
1746559763, 0, 17, 736, 734, 19, 7.27%, 0, 0, 3, 48.51
1746559778, 0, 17, 737, 735, 19, 7.27%, 0, 0, 3, 58.58
1746559799, 0, 17, 738, 736, 19, 7.27%, 0, 0, 3, 51.37
1746559804, 0, 17, 739, 737, 19, 7.27%, 0, 0, 3, 45.93
1746559809, 0, 17, 740, 738, 19, 7.27%, 0, 0, 3, 47.38
1746559840, 0, 17, 742, 740, 19, 7.27%, 0, 0, 3, 38.79
1746559855, 0, 17, 743, 741, 19, 7.27%, 0, 0, 3, 43.64
1746559860, 0, 50, 743, 740, 18, 7.27%, 0, 0, 3, 55.43
1746559880, 0, 79, 743, 739, 18, 7.27%, 0, 0, 3, 58.25
1746559896, 0, 79, 744, 740, 18, 7.27%, 0, 0, 3, 48.30
1746559921, 0, 79, 745, 741, 18, 7.27%, 0, 0, 3, 44.76
1746559978, 0, 190, 745, 740, 17, 7.27%, 0, 0, 3, 54.16
1746559993, 0, 190, 747, 742, 17, 7.27%, 0, 0, 3, 45.08
1746560013, 0, 190, 748, 743, 17, 7.27%, 0, 0, 3, 45.75
1746560029, 0, 190, 749, 744, 17, 7.27%, 0, 0, 3, 43.09
1746560039, 0, 190, 750, 745, 17, 7.27%, 0, 0, 3, 43.03
1746560049, 0, 190, 751, 746, 17, 7.27%, 0, 0, 3, 45.04
1746560070, 0, 190, 752, 747, 17, 7.27%, 0, 0, 3, 42.48
1746560136, 0, 190, 753, 748, 17, 7.27%, 0, 0, 3, 45.55
1746560208, 0, 190, 754, 749, 17, 7.27%, 0, 0, 3, 46.82
1746560218, 0, 190, 755, 750, 17, 7.27%, 0, 0, 3, 40.74
1746560265, 0, 190, 756, 751, 17, 7.27%, 0, 0, 3, 40.52
1746560311, 0, 190, 757, 752, 17, 7.27%, 0, 0, 3, 41.82
1746560336, 0, 211, 757, 751, 17, 7.27%, 0, 0, 3, 59.32
1746560362, 0, 252, 757, 750, 16, 7.27%, 0, 0, 3, 33.48
1746560393, 0, 289, 757, 749, 15, 7.27%, 0, 0, 3, 33.63
1746560434, 0, 348, 757, 748, 15, 7.27%, 0, 0, 3, 31.63
1746560444, 0, 348, 758, 749, 15, 7.27%, 0, 0, 3, 20.22
1746560505, 0, 350, 758, 748, 15, 7.27%, 0, 0, 3, 17.97
1746560521, 0, 350, 759, 749, 15, 7.27%, 0, 0, 3, 16.47
1746560602, 0, 352, 759, 748, 15, 7.27%, 0, 0, 3, 19.12
1746560648, 0, 360, 759, 747, 15, 7.27%, 0, 0, 3, 27.51
1746560674, 0, 395, 759, 746, 14, 7.27%, 0, 0, 3, 36.42
1746560695, 0, 433, 759, 745, 13, 7.27%, 0, 0, 3, 23.38
1746560741, 0, 469, 760, 745, 12, 7.27%, 0, 0, 3, 26.01
1746560767, 0, 469, 761, 746, 12, 7.27%, 0, 0, 3, 37.91
1746560787, 0, 487, 762, 746, 12, 7.27%, 0, 0, 3, 25.61
1746560808, 0, 487, 763, 747, 12, 7.27%, 0, 0, 3, 18.97
1746560833, 0, 487, 764, 748, 12, 7.27%, 0, 0, 3, 20.90
1746560854, 0, 493, 764, 747, 11, 7.27%, 0, 0, 3, 28.10
1746560884, 0, 509, 764, 746, 10, 7.27%, 0, 0, 3, 24.64
1746560987, 0, 516, 764, 745, 9, 7.27%, 0, 0, 3, 26.97
1746560997, 0, 516, 765, 746, 9, 7.27%, 0, 0, 3, 25.55
1746561027, 0, 553, 765, 745, 8, 7.27%, 0, 0, 3, 32.70
1746561073, 0, 553, 766, 746, 8, 7.27%, 0, 0, 3, 12.96
1746561114, 0, 644, 767, 746, 8, 7.27%, 0, 0, 3, 23.52
1746561130, 0, 644, 768, 747, 8, 7.27%, 0, 0, 3, 12.89
1746561135, 0, 644, 769, 748, 8, 7.27%, 0, 0, 3, 14.25
1746561145, 0, 644, 770, 749, 8, 7.27%, 0, 0, 3, 12.70
1746561166, 0, 644, 771, 750, 8, 7.27%, 0, 0, 3, 13.12
1746561171, 0, 644, 773, 752, 8, 7.27%, 0, 0, 3, 12.91
1746561248, 0, 644, 774, 753, 8, 7.27%, 0, 0, 3, 12.61
1746561263, 0, 644, 775, 754, 8, 7.27%, 0, 0, 3, 12.75
1746561422, 0, 644, 776, 755, 8, 7.27%, 0, 0, 3, 15.16
1746561442, 0, 644, 777, 756, 8, 7.27%, 0, 0, 3, 12.93
1746561447, 0, 644, 778, 757, 8, 7.27%, 0, 0, 3, 16.74
1746561462, 0, 644, 779, 758, 8, 7.27%, 0, 0, 3, 14.08
1746561473, 0, 644, 780, 759, 8, 7.27%, 0, 0, 3, 13.20
1746561493, 0, 644, 781, 760, 8, 7.27%, 0, 0, 3, 21.64
1746561498, 0, 644, 782, 761, 8, 7.27%, 0, 0, 3, 19.95
1746561514, 0, 644, 783, 762, 8, 7.27%, 0, 0, 3, 23.30
1746561519, 0, 644, 784, 763, 8, 7.27%, 0, 0, 3, 22.66
1746561560, 0, 644, 785, 764, 8, 7.27%, 0, 0, 3, 22.16
1746561642, 0, 644, 786, 765, 8, 7.27%, 0, 0, 3, 21.80
1746561745, 0, 644, 787, 766, 8, 7.27%, 0, 0, 3, 22.56
1746561791, 0, 644, 788, 767, 8, 7.27%, 0, 0, 3, 20.91
1746561806, 0, 644, 789, 768, 8, 7.27%, 0, 0, 3, 22.79
1746561842, 0, 644, 790, 769, 8, 7.27%, 0, 0, 3, 24.63
1746561852, 0, 644, 791, 770, 8, 7.27%, 0, 0, 3, 24.71
1746561862, 0, 644, 792, 771, 8, 7.27%, 0, 0, 3, 23.75
1746561883, 0, 644, 793, 772, 8, 7.27%, 0, 0, 3, 26.31
1746561944, 0, 644, 794, 773, 8, 7.27%, 0, 0, 3, 22.86
1746562051, 0, 644, 795, 774, 8, 7.27%, 0, 0, 3, 20.33
1746562138, 0, 644, 796, 775, 8, 7.27%, 0, 0, 3, 23.38
1746562153, 0, 644, 797, 776, 8, 7.27%, 0, 0, 3, 23.69
1746562158, 0, 644, 798, 777, 8, 7.27%, 0, 0, 3, 21.92
1746562174, 0, 663, 799, 777, 9, 7.27%, 0, 0, 3, 20.02
1746562204, 0, 663, 800, 778, 9, 7.27%, 0, 0, 3, 31.07
1746562225, 0, 675, 800, 777, 9, 7.27%, 0, 0, 3, 29.53
1746562317, 0, 689, 800, 776, 9, 7.27%, 0, 0, 3, 28.11
1746562323, 0, 689, 801, 777, 9, 7.27%, 0, 0, 3, 27.19
1746562333, 0, 689, 802, 778, 9, 7.27%, 0, 0, 3, 21.26
1746562389, 0, 689, 803, 779, 9, 7.27%, 0, 0, 3, 23.91
1746562430, 0, 689, 804, 780, 9, 7.27%, 0, 0, 3, 26.06
1746562445, 0, 689, 805, 781, 9, 7.27%, 0, 0, 3, 31.78
1746562460, 0, 689, 807, 783, 9, 7.27%, 0, 0, 3, 32.89
1746562470, 0, 689, 808, 784, 9, 7.27%, 0, 0, 3, 31.92
1746562481, 0, 689, 809, 785, 9, 7.27%, 0, 0, 3, 28.72
1746562486, 0, 689, 810, 786, 9, 7.27%, 0, 0, 3, 31.11
1746562496, 0, 689, 811, 787, 9, 7.27%, 0, 0, 3, 28.80
1746562527, 0, 689, 812, 788, 9, 7.27%, 0, 0, 3, 31.78
1746562537, 0, 689, 813, 789, 9, 7.27%, 0, 0, 3, 30.06
1746562583, 0, 689, 815, 791, 9, 7.27%, 0, 0, 3, 30.37
1746562613, 0, 689, 816, 792, 9, 7.27%, 0, 0, 3, 31.06
1746562624, 0, 689, 817, 793, 9, 7.27%, 0, 0, 3, 30.51
1746562634, 0, 689, 819, 795, 9, 7.27%, 0, 0, 3, 31.29
1746562654, 0, 689, 820, 796, 9, 7.27%, 0, 0, 3, 29.36
1746562690, 0, 689, 821, 797, 9, 7.27%, 0, 0, 3, 32.24
1746562721, 0, 689, 822, 798, 9, 7.27%, 0, 0, 3, 31.36
1746562736, 0, 689, 823, 799, 9, 7.27%, 0, 0, 3, 32.61
1746562752, 0, 689, 824, 800, 9, 7.27%, 0, 0, 3, 30.19
1746562813, 0, 689, 826, 802, 9, 7.27%, 0, 0, 3, 29.78
1746562864, 0, 689, 827, 803, 9, 7.27%, 0, 0, 3, 29.43
1746562869, 0, 689, 828, 804, 9, 7.27%, 0, 0, 3, 30.94
1746562885, 0, 689, 829, 805, 9, 7.27%, 0, 0, 3, 31.16
1746562951, 0, 692, 829, 804, 9, 7.27%, 0, 0, 3, 33.65
1746562987, 0, 727, 829, 803, 8, 7.27%, 0, 0, 3, 22.69
1746562992, 0, 727, 831, 805, 8, 7.27%, 0, 0, 4, 16.06
1746563013, 0, 727, 833, 807, 8, 7.27%, 0, 0, 4, 17.60
1746563059, 0, 727, 834, 808, 8, 7.27%, 0, 0, 4, 14.06
1746563079, 0, 727, 835, 809, 8, 7.27%, 0, 0, 4, 16.79
1746563146, 0, 746, 835, 808, 8, 7.27%, 0, 0, 4, 30.66
1746563203, 0, 755, 835, 807, 7, 7.27%, 0, 0, 4, 23.44
1746563249, 0, 759, 835, 806, 6, 7.27%, 0, 0, 4, 29.29
1746563285, 0, 764, 835, 805, 5, 7.27%, 0, 0, 4, 29.94
1746563290, 0, 764, 836, 806, 5, 7.27%, 0, 0, 4, 26.95
1746563325, 0, 793, 836, 805, 5, 7.27%, 0, 0, 4, 26.27
1746563443, 0, 810, 836, 804, 4, 7.27%, 0, 0, 4, 25.46
1746563448, 0, 810, 839, 807, 4, 7.37%, 0, 0, 4, 17.46
1746563458, 0, 810, 844, 812, 4, 7.46%, 0, 0, 4, 13.35
1746563463, 0, 810, 845, 813, 4, 7.46%, 0, 0, 4, 17.79
1746563473, 0, 810, 846, 814, 4, 7.46%, 0, 0, 4, 14.94
1746563478, 0, 810, 847, 815, 4, 7.46%, 0, 0, 4, 18.57
1746563488, 0, 810, 848, 816, 4, 7.46%, 0, 0, 4, 15.63
1746563550, 0, 810, 850, 818, 4, 7.46%, 0, 0, 4, 13.97
1746563565, 0, 810, 851, 819, 4, 7.46%, 0, 0, 4, 13.31
1746563575, 0, 810, 854, 822, 4, 7.46%, 0, 0, 4, 12.79
1746563636, 0, 810, 855, 823, 4, 7.47%, 0, 0, 4, 23.26
1746563652, 0, 810, 856, 824, 4, 7.47%, 0, 0, 4, 16.04
1746563667, 0, 810, 857, 825, 4, 7.47%, 0, 0, 4, 13.27
1746563672, 0, 810, 859, 827, 4, 7.47%, 0, 0, 4, 14.98
1746563678, 0, 810, 861, 829, 4, 7.47%, 0, 0, 4, 17.49
1746563688, 0, 810, 862, 830, 4, 7.47%, 0, 0, 4, 20.05
1746563713, 0, 810, 863, 831, 4, 7.47%, 0, 0, 4, 16.10
1746563744, 0, 810, 864, 832, 4, 7.47%, 0, 0, 4, 25.88
1746563749, 0, 810, 865, 833, 4, 7.47%, 0, 0, 4, 25.32
1746563790, 0, 810, 866, 834, 4, 7.47%, 0, 0, 4, 25.76
1746563836, 0, 810, 868, 836, 4, 7.47%, 0, 0, 4, 27.22
1746563887, 0, 810, 869, 837, 4, 7.47%, 0, 0, 4, 27.27
1746563897, 0, 810, 870, 838, 4, 7.48%, 0, 0, 4, 27.32
1746563944, 0, 810, 871, 839, 4, 7.48%, 0, 0, 4, 29.13
1746564000, 0, 810, 872, 840, 4, 7.48%, 0, 0, 4, 25.93
1746564030, 0, 810, 873, 841, 4, 7.48%, 0, 0, 4, 28.38
1746564179, 0, 810, 874, 842, 4, 7.48%, 0, 0, 4, 27.34
1746564184, 0, 828, 874, 841, 9, 7.48%, 0, 0, 4, 22.18
1746564379, 0, 829, 874, 840, 9, 7.48%, 0, 0, 4, 24.99
1746564399, 0, 829, 875, 841, 9, 7.48%, 0, 0, 5, 16.79
1746564558, 0, 835, 877, 842, 9, 7.48%, 0, 0, 5, 31.37
1746564568, 0, 835, 879, 844, 9, 7.48%, 0, 0, 5, 31.69
1746564609, 0, 836, 879, 843, 10, 7.48%, 0, 0, 5, 28.77
1746564824, 0, 836, 881, 845, 10, 7.48%, 0, 0, 5, 13.05
1746564880, 0, 836, 882, 846, 10, 7.48%, 0, 0, 5, 14.25
1746564915, 0, 838, 882, 845, 11, 7.48%, 0, 0, 5, 24.49
1746565227, 0, 839, 882, 844, 10, 7.48%, 0, 0, 5, 22.68
1746565528, 0, 847, 882, 843, 9, 7.48%, 0, 0, 5, 27.22
1746565584, 0, 847, 883, 844, 9, 7.48%, 0, 0, 5, 21.50
1746565835, 0, 854, 883, 843, 8, 7.48%, 0, 0, 5, 25.23
1746565861, 0, 854, 884, 844, 8, 7.48%, 0, 0, 5, 14.19
1746565943, 0, 854, 885, 845, 8, 7.48%, 0, 0, 5, 13.74
1746566061, 0, 854, 886, 846, 8, 7.48%, 0, 0, 5, 12.74
1746566067, 0, 854, 887, 847, 8, 7.48%, 0, 0, 5, 16.91
1746566138, 0, 854, 888, 848, 8, 7.48%, 0, 0, 5, 24.64
1746566195, 0, 867, 888, 847, 7, 7.48%, 0, 0, 5, 22.39
1746566215, 0, 867, 889, 848, 7, 7.48%, 0, 0, 5, 16.82
1746566297, 0, 867, 890, 849, 7, 7.48%, 0, 0, 5, 13.94
1746566303, 0, 867, 894, 853, 7, 7.48%, 0, 0, 5, 13.92
1746566451, 0, 874, 894, 852, 7, 7.48%, 0, 0, 5, 19.24
1746566456, 0, 874, 895, 853, 7, 7.48%, 0, 0, 6, 15.29
1746566614, 0, 874, 896, 854, 7, 7.55%, 0, 0, 6, 23.99
1746566630, 0, 874, 897, 855, 7, 7.55%, 0, 0, 6, 27.23
1746566712, 0, 875, 897, 854, 6, 7.55%, 0, 0, 6, 29.80
1746566768, 0, 881, 898, 854, 5, 7.55%, 0, 0, 6, 22.88
1746566778, 0, 881, 900, 856, 5, 7.55%, 0, 0, 6, 14.37
1746566783, 0, 881, 901, 857, 5, 7.55%, 0, 0, 6, 18.15
1746566793, 0, 881, 903, 859, 5, 7.55%, 0, 0, 6, 15.67
1746566809, 0, 881, 904, 860, 5, 7.55%, 0, 0, 6, 15.76
1746566895, 0, 881, 906, 862, 5, 7.55%, 0, 0, 6, 13.64
1746566900, 0, 881, 908, 864, 5, 7.55%, 0, 0, 6, 13.46
1746567089, 0, 893, 908, 863, 4, 7.55%, 0, 0, 6, 22.59
1746567344, 0, 895, 910, 864, 3, 7.55%, 0, 0, 7, 19.46
1746567349, 0, 895, 912, 866, 3, 7.55%, 0, 0, 7, 15.45
1746567354, 0, 895, 915, 869, 3, 7.56%, 0, 0, 7, 13.15
1746567360, 0, 895, 917, 871, 3, 7.56%, 0, 0, 7, 15.30
1746567365, 0, 895, 918, 872, 3, 7.56%, 0, 0, 7, 14.39
1746567370, 0, 895, 922, 876, 3, 7.56%, 0, 0, 7, 12.68
1746567380, 0, 895, 923, 877, 3, 7.56%, 0, 0, 7, 13.43
1746567385, 0, 895, 924, 878, 3, 7.56%, 0, 0, 7, 15.76
1746567390, 0, 895, 926, 880, 3, 7.56%, 0, 0, 7, 18.99
1746567421, 0, 895, 928, 882, 3, 7.56%, 0, 0, 7, 15.10
1746567431, 0, 895, 929, 883, 3, 7.56%, 0, 0, 7, 13.79
1746567442, 0, 895, 931, 885, 3, 7.56%, 0, 0, 7, 12.94
1746567457, 0, 895, 934, 888, 3, 7.56%, 0, 0, 7, 12.11
1746567478, 0, 895, 935, 889, 3, 7.56%, 0, 0, 7, 16.29
1746567585, 0, 909, 935, 888, 6, 7.56%, 0, 0, 7, 20.47
1746567590, 0, 909, 937, 890, 6, 7.56%, 0, 0, 8, 15.39
1746567595, 0, 909, 939, 892, 6, 7.56%, 0, 0, 8, 13.03
1746567605, 0, 909, 940, 893, 6, 7.56%, 0, 0, 8, 13.30
1746567646, 0, 909, 941, 894, 6, 7.56%, 0, 0, 8, 16.61
1746567656, 0, 909, 942, 895, 6, 7.56%, 0, 0, 8, 14.77
1746567707, 0, 909, 943, 896, 6, 7.56%, 0, 0, 8, 17.34
1746567814, 0, 914, 944, 896, 5, 7.56%, 0, 0, 8, 17.65
1746567819, 0, 914, 945, 897, 5, 7.56%, 0, 0, 8, 13.92
1746567824, 0, 914, 947, 899, 5, 7.56%, 0, 0, 8, 12.53
1746567845, 0, 914, 948, 900, 5, 7.56%, 0, 0, 8, 13.17
1746567850, 0, 914, 949, 901, 5, 7.56%, 0, 0, 8, 15.41
1746567922, 0, 914, 955, 907, 5, 7.56%, 0, 0, 8, 10.91
1746567927, 0, 914, 956, 908, 5, 7.56%, 0, 0, 8, 12.43
1746568040, 0, 924, 956, 907, 5, 7.56%, 0, 0, 8, 19.92
1746568045, 0, 924, 957, 908, 5, 7.56%, 0, 0, 8, 15.34
1746568055, 0, 924, 958, 909, 5, 7.56%, 0, 0, 8, 14.55
1746568060, 0, 924, 959, 910, 5, 7.56%, 0, 0, 8, 15.48
1746568137, 0, 924, 960, 911, 5, 7.56%, 0, 0, 8, 12.78
1746568142, 0, 924, 961, 912, 5, 7.56%, 0, 0, 8, 13.61
1746568255, 0, 934, 961, 911, 5, 7.56%, 0, 0, 8, 24.55
1746568265, 0, 934, 962, 912, 5, 7.56%, 0, 0, 8, 13.29
1746568270, 0, 934, 963, 913, 5, 7.56%, 0, 0, 8, 15.38
1746568275, 0, 934, 964, 914, 5, 7.56%, 0, 0, 8, 13.46
1746568285, 0, 934, 965, 915, 5, 7.56%, 0, 0, 8, 14.11
1746568475, 0, 941, 965, 914, 5, 7.56%, 0, 0, 8, 19.24
1746568572, 0, 941, 966, 915, 5, 7.56%, 0, 0, 9, 12.63
1746568710, 0, 942, 966, 914, 5, 7.56%, 0, 0, 9, 21.96
1746568935, 0, 942, 967, 915, 5, 7.56%, 0, 0, 9, 22.75
1746568996, 0, 952, 967, 914, 4, 7.56%, 0, 0, 9, 21.81
1746569221, 0, 956, 967, 913, 3, 7.56%, 0, 0, 9, 24.30
1746569456, 1, 69, 967, 912, 2, 7.56%, 0, 0, 9, 37.47
1746569461, 1, 69, 968, 913, 2, 7.56%, 0, 0, 9, 31.65
1746569471, 1, 69, 969, 914, 2, 7.56%, 0, 0, 9, 42.50
1746569513, 1, 69, 970, 915, 2, 7.56%, 0, 0, 9, 40.19
1746569528, 1, 69, 971, 916, 2, 7.56%, 0, 0, 9, 38.23
1746569874, 1, 234, 971, 915, 2, 7.56%, 0, 0, 9, 50.12
1746569905, 1, 412, 971, 914, 2, 7.56%, 0, 0, 9, 25.74
1746569945, 1, 472, 971, 913, 2, 7.56%, 0, 0, 9, 30.84
1746570017, 1, 571, 971, 912, 2, 7.56%, 0, 0, 9, 26.02
1746570053, 1, 662, 971, 911, 1, 7.56%, 0, 0, 9, 30.93
1746570104, 1, 672, 971, 910, 1, 7.56%, 0, 0, 9, 24.55
1746570140, 1, 734, 971, 909, 1, 7.56%, 0, 0, 9, 31.19
1746570186, 1, 738, 971, 908, 0, 7.56%, 0, 0, 9, 19.34
1746570288, 1, 739, 971, 907, 0, 7.56%, 0, 0, 9, 19.11
1746570309, 1, 739, 972, 908, 0, 7.56%, 0, 0, 9, 11.90
1746570319, 1, 739, 973, 909, 0, 7.56%, 0, 0, 9, 12.47
1746570442, 1, 739, 974, 910, 0, 7.56%, 0, 0, 9, 16.92
1746570631, 1, 741, 974, 909, 0, 7.56%, 0, 0, 9, 20.67
1746570703, 1, 745, 974, 908, 0, 7.56%, 0, 0, 9, 25.90
1746570769, 1, 749, 974, 907, 0, 7.56%, 0, 0, 9, 23.99
1746570774, 1, 749, 975, 908, 0, 7.56%, 0, 0, 9, 18.24
1746570825, 1, 749, 976, 909, 0, 7.56%, 0, 0, 9, 17.18
1746571097, 1, 753, 976, 908, 0, 7.56%, 0, 0, 9, 22.73
1746571132, 1, 759, 976, 907, 0, 7.56%, 0, 0, 9, 31.70
1746571138, 1, 761, 976, 907, 0, 7.56%, 0, 0, 9, 23.64
1746571214, 1, 768, 976, 906, 0, 7.56%, 0, 0, 9, 19.38
1746571583, 1, 771, 976, 905, 0, 7.56%, 0, 0, 9, 17.65
1746571634, 1, 771, 978, 907, 0, 7.56%, 0, 0, 9, 11.14
1746571716, 1, 771, 979, 908, 0, 7.56%, 0, 0, 9, 10.66
1746571967, 1, 771, 980, 909, 0, 7.56%, 0, 0, 9, 11.10
1746572044, 1, 771, 981, 910, 0, 7.56%, 0, 0, 9, 19.48
1746572069, 1, 775, 981, 909, 0, 7.56%, 0, 0, 9, 18.46
1746572141, 1, 775, 982, 910, 0, 7.56%, 0, 0, 9, 15.99
1746572489, 1, 775, 983, 911, 0, 7.56%, 0, 0, 9, 10.06
1746572530, 1, 775, 984, 912, 0, 7.56%, 0, 0, 9, 20.48
1746572545, 1, 778, 984, 911, 0, 7.56%, 0, 0, 9, 17.29
1746572949, 1, 783, 984, 910, 0, 7.56%, 0, 0, 9, 18.14
1746573370, 1, 783, 985, 911, 0, 7.56%, 0, 0, 9, 20.17
1746573396, 1, 789, 985, 910, 0, 7.56%, 0, 0, 9, 16.08
1746573442, 1, 789, 986, 911, 0, 7.56%, 0, 0, 9, 10.57
1746573473, 1, 789, 987, 912, 0, 7.56%, 0, 0, 9, 11.47
1746573488, 1, 789, 988, 913, 0, 7.56%, 0, 0, 9, 11.46
1746574042, 1, 789, 989, 914, 0, 7.56%, 0, 0, 9, 9.08
1746574103, 1, 790, 989, 913, 0, 7.56%, 0, 0, 9, 15.28
1746574139, 1, 790, 990, 914, 0, 7.56%, 0, 0, 9, 8.45
1746574711, 1, 790, 991, 915, 0, 7.56%, 0, 0, 9, 9.00
1746574732, 1, 791, 991, 914, 0, 7.56%, 0, 0, 9, 20.03
1746574747, 1, 791, 992, 915, 0, 7.56%, 0, 0, 9, 19.50
1746574778, 1, 791, 993, 916, 0, 7.56%, 0, 0, 9, 18.52
1746574931, 1, 791, 994, 917, 0, 7.56%, 0, 0, 9, 13.53
1746575197, 1, 793, 994, 916, 0, 7.56%, 0, 0, 9, 26.89
1746575202, 1, 794, 994, 916, 0, 7.56%, 0, 0, 9, 17.27
1746575648, 1, 799, 994, 915, 0, 7.56%, 0, 0, 9, 35.54
1746575678, 1, 799, 995, 916, 0, 7.56%, 0, 0, 9, 34.79
1746575714, 1, 803, 995, 915, 0, 7.56%, 0, 0, 9, 29.29
1746575980, 1, 808, 995, 914, 0, 7.56%, 0, 0, 9, 18.62
1746576011, 1, 808, 996, 915, 0, 7.56%, 0, 0, 9, 10.65
1746576268, 1, 813, 996, 914, 0, 7.56%, 0, 0, 9, 20.18
1746576461, 1, 813, 997, 915, 0, 7.56%, 0, 0, 9, 17.42
1746576492, 1, 813, 998, 916, 0, 7.56%, 0, 0, 9, 18.94
1746576579, 1, 816, 998, 915, 0, 7.56%, 0, 0, 9, 19.60
1746576855, 1, 820, 998, 914, 0, 7.56%, 0, 0, 9, 23.90
1746576860, 1, 820, 999, 915, 0, 7.56%, 0, 0, 9, 20.06
1746577009, 1, 824, 999, 914, 0, 7.56%, 0, 0, 9, 24.10
1746577388, 1, 825, 999, 913, 0, 7.56%, 0, 0, 9, 23.04
1746577653, 1, 830, 999, 912, 0, 7.56%, 0, 0, 9, 21.01
1746577832, 1, 833, 999, 911, 0, 7.56%, 0, 0, 9, 20.80
1746578011, 1, 834, 999, 910, 0, 7.56%, 0, 0, 9, 20.03
1746578194, 1, 838, 999, 909, 0, 7.56%, 0, 0, 9, 26.66
1746578199, 1, 839, 999, 909, 0, 7.56%, 0, 0, 9, 27.65
1746578205, 1, 847, 999, 909, 0, 7.56%, 0, 0, 9, 27.39
1746578215, 1, 849, 999, 909, 0, 7.56%, 0, 0, 9, 23.52
1746578250, 1, 849, 1000, 910, 0, 7.56%, 0, 0, 9, 14.07
1746578528, 1, 854, 1000, 909, 0, 7.56%, 0, 0, 9, 27.29
1746578538, 1, 856, 1000, 909, 0, 7.56%, 0, 0, 9, 22.64
1746578574, 1, 856, 1001, 910, 0, 7.56%, 0, 0, 9, 14.34
1746578666, 1, 856, 1003, 912, 0, 7.56%, 0, 0, 9, 13.31
1746578825, 1, 856, 1004, 913, 0, 7.56%, 0, 0, 9, 14.81
1746578856, 1, 1003, 1004, 912, 1, 7.56%, 0, 0, 9, 24.85
1746578871, 1, 1003, 1005, 913, 1, 7.56%, 0, 0, 9, 18.05
1746579209, 2, 10, 1005, 912, 0, 7.56%, 0, 0, 9, 39.72
1746579219, 2, 10, 1006, 913, 0, 7.56%, 0, 0, 9, 37.26
1746579229, 2, 10, 1007, 914, 0, 7.56%, 0, 0, 9, 41.73
1746579234, 2, 10, 1008, 915, 0, 7.56%, 0, 0, 9, 41.94
1746579249, 2, 10, 1009, 916, 0, 7.56%, 0, 0, 9, 40.39
1746579285, 2, 10, 1010, 917, 0, 7.56%, 0, 0, 9, 36.06
1746579310, 2, 10, 1011, 918, 0, 7.56%, 0, 0, 9, 36.24
1746579321, 2, 10, 1012, 919, 0, 7.56%, 0, 0, 9, 33.37
1746579341, 2, 10, 1013, 920, 0, 7.56%, 0, 0, 9, 37.99
1746579346, 2, 10, 1015, 922, 0, 7.56%, 0, 0, 9, 31.63
1746579362, 2, 10, 1016, 923, 0, 7.56%, 0, 0, 9, 42.46
1746579377, 2, 10, 1017, 924, 0, 7.56%, 0, 0, 9, 38.41
1746579382, 2, 10, 1018, 925, 0, 7.56%, 0, 0, 9, 39.00
1746579418, 2, 10, 1019, 926, 0, 7.64%, 0, 0, 9, 6.62
1746579423, 2, 10, 1020, 927, 0, 7.64%, 0, 0, 9, 27.39
1746579439, 2, 10, 1021, 928, 0, 7.64%, 0, 0, 9, 2.76
1746579454, 2, 336, 1021, 927, 2, 7.64%, 0, 0, 9, 42.01
1746579479, 2, 442, 1021, 926, 2, 7.64%, 0, 0, 9, 48.11
1746579495, 2, 442, 1022, 927, 2, 7.64%, 0, 0, 9, 50.56
1746579515, 2, 442, 1023, 928, 2, 7.64%, 0, 0, 9, 41.35
1746579541, 2, 442, 1024, 929, 2, 7.64%, 0, 0, 9, 38.95
1746579561, 2, 442, 1025, 930, 2, 7.64%, 0, 0, 9, 6.62
1746579612, 2, 442, 1026, 931, 2, 7.64%, 0, 0, 9, 36.37
1746579704, 2, 442, 1027, 932, 2, 7.64%, 0, 0, 9, 37.76
1746579734, 2, 442, 1028, 933, 2, 7.64%, 0, 0, 9, 40.82
1746579765, 2, 442, 1029, 934, 2, 7.64%, 0, 0, 9, 38.59
1746579806, 2, 583, 1029, 933, 2, 7.64%, 0, 0, 9, 27.84
1746580016, 2, 583, 1030, 934, 2, 7.64%, 0, 0, 9, 25.07
1746580047, 2, 657, 1030, 933, 2, 7.64%, 0, 0, 9, 46.69
1746580083, 2, 682, 1030, 932, 2, 7.64%, 0, 0, 9, 27.81
1746580160, 2, 1020, 1030, 931, 2, 7.64%, 0, 0, 9, 3.27
1746580670, 2, 1020, 1032, 933, 2, 7.64%, 0, 0, 9, 2.90
1746580675, 2, 1020, 1034, 935, 2, 7.64%, 0, 0, 9, 2.93
1746580680, 2, 1020, 1035, 936, 2, 7.64%, 0, 0, 9, 2.83
1746580685, 2, 1020, 1036, 937, 2, 7.64%, 0, 0, 9, 2.79
1746580691, 2, 1020, 1037, 938, 2, 7.64%, 0, 0, 9, 2.92
1746580696, 2, 1020, 1038, 939, 2, 7.64%, 0, 0, 9, 3.46
1746580706, 2, 1020, 1039, 940, 2, 7.64%, 0, 0, 9, 3.34
1746580711, 2, 1020, 1040, 941, 2, 7.64%, 0, 0, 9, 3.08
1746580722, 2, 1020, 1041, 942, 2, 7.64%, 0, 0, 9, 3.26
1746580727, 2, 1020, 1042, 943, 2, 7.64%, 0, 0, 9, 4.11
1746580732, 2, 1020, 1043, 944, 2, 7.64%, 0, 0, 9, 3.63
1746580737, 2, 1020, 1044, 945, 2, 7.64%, 0, 0, 9, 4.26
1746580748, 2, 1020, 1045, 946, 2, 7.64%, 0, 0, 9, 3.23
1746580753, 2, 1020, 1046, 947, 2, 7.64%, 0, 0, 9, 3.14
1746580758, 2, 1020, 1047, 948, 2, 7.64%, 0, 0, 9, 3.60
1746580768, 2, 1020, 1048, 949, 2, 7.64%, 0, 0, 9, 3.31
1746580773, 2, 1020, 1049, 950, 2, 7.64%, 0, 0, 9, 3.44
1746580784, 2, 1020, 1050, 951, 2, 7.64%, 0, 0, 9, 3.48
1746580789, 2, 1020, 1051, 952, 2, 7.64%, 0, 0, 9, 4.34
1746580814, 2, 1020, 1052, 953, 2, 7.64%, 0, 0, 9, 3.31
1746580825, 2, 1020, 1053, 954, 2, 7.64%, 0, 0, 9, 3.12
1746580981, 2, 1020, 1054, 955, 2, 7.64%, 0, 0, 9, 3.85
1746580996, 2, 1020, 1055, 956, 2, 7.64%, 0, 0, 9, 4.93
1746581048, 2, 1020, 1056, 957, 2, 7.64%, 0, 0, 9, 5.04
1746581074, 2, 1020, 1057, 958, 2, 7.64%, 0, 0, 9, 4.46
1746581090, 2, 1020, 1059, 960, 2, 7.64%, 0, 0, 9, 5.49
1746581105, 2, 1020, 1060, 961, 2, 7.64%, 0, 0, 9, 2.72
1746581141, 2, 1020, 1061, 962, 2, 7.64%, 0, 0, 9, 2.80
1746581147, 2, 1020, 1062, 963, 2, 7.64%, 0, 0, 9, 3.09
1746581152, 2, 1020, 1063, 964, 2, 7.64%, 0, 0, 9, 3.08
1746581157, 2, 1020, 1064, 965, 2, 7.64%, 0, 0, 9, 3.27
1746581168, 2, 1020, 1065, 966, 2, 7.64%, 0, 0, 9, 3.22
1746581188, 2, 1020, 1066, 967, 2, 7.64%, 0, 0, 9, 3.90
1746581193, 2, 1020, 1068, 969, 2, 7.64%, 0, 0, 9, 4.10
1746581199, 2, 1020, 1069, 970, 2, 7.64%, 0, 0, 9, 3.48
1746581204, 2, 1020, 1070, 971, 2, 7.64%, 0, 0, 9, 3.29
1746581209, 2, 1020, 1071, 972, 2, 7.64%, 0, 0, 9, 3.22
1746581214, 2, 1020, 1072, 973, 2, 7.64%, 0, 0, 9, 3.15
1746581224, 2, 1020, 1073, 974, 2, 7.64%, 0, 0, 9, 3.33
1746581230, 2, 1020, 1074, 975, 2, 7.64%, 0, 0, 9, 3.29
1746581251, 2, 1020, 1076, 977, 2, 7.64%, 0, 0, 9, 3.61
1746581287, 2, 1020, 1077, 978, 2, 7.64%, 0, 0, 9, 3.35
1746581538, 2, 1020, 1078, 979, 2, 7.64%, 0, 0, 9, 3.71
1746581657, 2, 1020, 1079, 980, 2, 7.64%, 0, 0, 9, 4.02
1746581809, 2, 1020, 1080, 981, 2, 7.64%, 0, 0, 9, 4.04
1746582023, 2, 1020, 1081, 982, 2, 7.64%, 0, 0, 9, 3.65
1746582128, 2, 1020, 1082, 983, 2, 7.64%, 0, 0, 9, 3.77
1746582373, 2, 1020, 1083, 984, 2, 7.64%, 0, 0, 9, 3.50
1746582477, 2, 1020, 1084, 985, 2, 7.64%, 0, 0, 9, 3.93
1746582529, 2, 1020, 1085, 986, 2, 7.64%, 0, 0, 9, 3.64
1746582544, 2, 1020, 1086, 987, 2, 7.64%, 0, 0, 9, 3.94
1746582735, 2, 1020, 1087, 988, 2, 7.64%, 0, 0, 9, 3.82
1746582834, 2, 1020, 1088, 989, 2, 7.64%, 0, 0, 9, 3.93
1746582896, 2, 1020, 1089, 990, 2, 7.64%, 0, 0, 9, 3.65
1746583077, 2, 1020, 1090, 991, 2, 7.64%, 0, 0, 9, 4.15
1746583124, 2, 1020, 1091, 992, 2, 7.64%, 0, 0, 9, 4.17
1746583170, 2, 1020, 1092, 993, 2, 7.64%, 0, 0, 9, 3.98
1746583283, 2, 1020, 1093, 994, 2, 7.64%, 0, 0, 9, 3.19
1746583386, 2, 1020, 1094, 995, 2, 7.64%, 0, 0, 9, 3.32
1746583675, 2, 1020, 1095, 996, 2, 7.64%, 0, 0, 9, 4.43
1746583871, 2, 1020, 1096, 997, 2, 7.64%, 0, 0, 9, 4.02
1746583923, 2, 1020, 1097, 998, 2, 7.64%, 0, 0, 9, 3.08
1746583985, 2, 1020, 1098, 999, 2, 7.64%, 0, 0, 9, 4.06
1746584005, 2, 1020, 1099, 1000, 2, 7.64%, 0, 0, 9, 3.12
1746584093, 2, 1020, 1100, 1001, 2, 7.64%, 0, 0, 9, 3.80
1746584254, 2, 1020, 1101, 1002, 2, 7.64%, 0, 0, 9, 5.67
1746584295, 2, 1020, 1102, 1003, 2, 7.64%, 0, 0, 9, 3.91
1746584362, 2, 1020, 1103, 1004, 2, 7.64%, 0, 0, 9, 4.98
1746584404, 2, 1020, 1104, 1005, 2, 7.64%, 0, 0, 9, 4.92
1746584560, 2, 1020, 1105, 1006, 2, 7.64%, 0, 0, 9, 5.15
1746585390, 2, 1020, 1106, 1007, 2, 7.64%, 0, 0, 9, 4.71
1746585442, 2, 1020, 1107, 1008, 2, 7.64%, 0, 0, 9, 4.92
1746585807, 2, 1020, 1108, 1009, 2, 7.64%, 0, 0, 9, 4.44
1746586339, 2, 1020, 1109, 1010, 2, 7.64%, 0, 0, 9, 4.24
1746586552, 2, 1020, 1110, 1011, 2, 7.64%, 0, 0, 9, 4.18
1746587019, 2, 1020, 1111, 1012, 2, 7.64%, 0, 0, 9, 3.91
1746588820, 2, 1020, 1112, 1013, 2, 7.64%, 0, 0, 9, 3.75
1746589489, 2, 1020, 1113, 1014, 2, 7.64%, 0, 0, 9, 3.63
1746589603, 2, 1020, 1114, 1015, 2, 7.64%, 0, 0, 9, 3.44
1746589842, 2, 1020, 1115, 1016, 2, 7.64%, 0, 0, 9, 3.58
1746590176, 2, 1020, 1116, 1017, 2, 7.64%, 0, 0, 9, 3.41
1746590285, 2, 1020, 1117, 1018, 2, 7.64%, 0, 0, 9, 3.19
1746590363, 2, 1020, 1118, 1019, 2, 7.64%, 0, 0, 9, 3.49
1746590461, 2, 1020, 1119, 1020, 2, 7.64%, 0, 0, 9, 3.23
1746590534, 2, 1020, 1120, 1021, 2, 7.64%, 0, 0, 9, 3.34
1746590654, 2, 1020, 1121, 1022, 2, 7.64%, 0, 0, 9, 3.49
1746590757, 2, 1020, 1122, 1023, 2, 7.64%, 0, 0, 9, 3.25
1746590773, 2, 1020, 1123, 1024, 2, 7.64%, 0, 0, 9, 3.41
1746590820, 2, 1020, 1124, 1025, 2, 7.64%, 0, 0, 9, 3.27
1746591063, 2, 1020, 1125, 1026, 2, 7.64%, 0, 0, 9, 3.46
1746591178, 2, 1020, 1126, 1027, 2, 7.64%, 0, 0, 9, 3.39
1746591188, 2, 1020, 1127, 1028, 2, 7.64%, 0, 0, 9, 3.44
1746591230, 2, 1020, 1128, 1029, 2, 7.64%, 0, 0, 9, 3.11
1746591521, 2, 1020, 1129, 1030, 2, 7.64%, 0, 0, 9, 3.07
1746591583, 2, 1020, 1130, 1031, 2, 7.64%, 0, 0, 9, 3.13
1746591724, 2, 1020, 1131, 1032, 2, 7.64%, 0, 0, 9, 3.17
1746591886, 2, 1020, 1132, 1033, 2, 7.64%, 0, 0, 9, 3.10
1746592063, 2, 1020, 1133, 1034, 2, 7.64%, 0, 0, 9, 3.17
1746592416, 2, 1020, 1134, 1035, 2, 7.64%, 0, 0, 9, 3.05
1746593031, 2, 1020, 1135, 1036, 2, 7.64%, 0, 0, 9, 2.88
1746595821, 2, 1020, 1136, 1037, 2, 7.64%, 0, 0, 9, 3.31
1746598680, 2, 1020, 1137, 1038, 2, 7.64%, 0, 0, 9, 3.60
1746599177, 2, 1020, 1138, 1039, 2, 7.64%, 0, 0, 9, 5.87
1746600414, 2, 1020, 1139, 1040, 2, 7.64%, 0, 0, 9, 5.07
1746600471, 2, 1020, 1140, 1041, 2, 7.64%, 0, 0, 9, 5.22
