# unix_time, cycles_done, cur_path, paths_total, pending_total, pending_favs, map_size, unique_crashes, unique_hangs, max_depth, execs_per_sec
1746558787, 0, 0, 1, 1, 1, 5.44%, 0, 0, 1, 69.57
1746558793, 0, 0, 43, 43, 1, 5.61%, 0, 0, 2, 70.96
1746558798, 0, 0, 83, 83, 1, 6.38%, 0, 0, 2, 74.08
1746558803, 0, 0, 108, 108, 1, 6.53%, 0, 0, 2, 68.70
1746558808, 0, 0, 126, 126, 1, 7.06%, 0, 0, 2, 86.57
1746558813, 0, 0, 143, 143, 1, 7.06%, 0, 0, 2, 38.64
1746558818, 0, 0, 155, 155, 1, 7.09%, 0, 0, 2, 55.50
1746558823, 0, 0, 163, 163, 1, 7.09%, 0, 0, 2, 12.04
1746558828, 0, 0, 175, 175, 1, 7.20%, 0, 0, 2, 65.03
1746558833, 0, 0, 181, 181, 1, 7.20%, 0, 0, 2, 63.72
1746558839, 0, 0, 191, 191, 1, 7.20%, 0, 0, 2, 40.10
1746558844, 0, 0, 198, 198, 1, 7.20%, 0, 0, 2, 38.33
1746558849, 0, 0, 203, 203, 1, 7.21%, 0, 0, 2, 43.83
1746558854, 0, 0, 208, 208, 1, 7.26%, 0, 0, 2, 71.60
1746558859, 0, 0, 217, 217, 1, 7.26%, 0, 0, 2, 32.40
1746558864, 0, 0, 223, 223, 1, 7.26%, 0, 0, 2, 43.21
1746558869, 0, 0, 228, 228, 1, 7.26%, 0, 0, 2, 55.05
1746558874, 0, 0, 236, 236, 1, 7.26%, 0, 0, 2, 46.45
1746558880, 0, 0, 242, 242, 1, 7.26%, 0, 0, 2, 51.50
1746558885, 0, 0, 250, 250, 1, 7.47%, 0, 0, 2, 40.61
1746558890, 0, 0, 256, 256, 1, 7.47%, 0, 0, 2, 44.51
1746558895, 0, 0, 263, 263, 1, 7.47%, 0, 0, 2, 48.64
1746558900, 0, 0, 268, 268, 1, 7.47%, 0, 0, 2, 41.97
1746558905, 0, 0, 274, 274, 1, 7.47%, 0, 0, 2, 44.18
1746558910, 0, 0, 277, 277, 1, 7.47%, 0, 0, 2, 70.70
1746558915, 0, 0, 285, 285, 1, 7.47%, 0, 0, 2, 57.47
1746558921, 0, 0, 292, 292, 1, 7.47%, 0, 0, 2, 53.53
1746558926, 0, 0, 298, 298, 1, 7.47%, 0, 0, 2, 17.26
1746558931, 0, 0, 303, 303, 1, 7.47%, 0, 0, 2, 45.04
1746558936, 0, 0, 308, 308, 1, 7.47%, 0, 0, 2, 49.64
1746558941, 0, 0, 310, 310, 1, 7.47%, 0, 0, 2, 7.75
1746558946, 0, 0, 313, 313, 1, 7.47%, 0, 0, 2, 64.08
1746558951, 0, 0, 318, 318, 1, 7.47%, 0, 0, 2, 57.45
1746558956, 0, 0, 323, 323, 1, 7.47%, 0, 0, 2, 54.88
1746558961, 0, 0, 325, 325, 1, 7.47%, 0, 0, 2, 58.07
1746558967, 0, 0, 331, 331, 1, 7.47%, 0, 0, 2, 30.47
1746558972, 0, 0, 336, 336, 1, 7.47%, 0, 0, 2, 41.12
1746558977, 0, 0, 341, 341, 1, 7.47%, 0, 0, 2, 44.19
1746558982, 0, 0, 345, 345, 1, 7.47%, 0, 0, 2, 52.89
1746558987, 0, 0, 348, 348, 1, 7.47%, 0, 0, 2, 63.12
1746558992, 0, 0, 351, 351, 1, 7.47%, 0, 0, 2, 66.47
1746558997, 0, 0, 356, 356, 1, 7.47%, 0, 0, 2, 58.38
1746559002, 0, 0, 359, 359, 1, 7.47%, 0, 0, 2, 66.35
1746559007, 0, 0, 366, 366, 1, 7.47%, 0, 0, 2, 30.20
1746559012, 0, 0, 369, 369, 1, 7.47%, 0, 0, 2, 51.00
1746559017, 0, 0, 373, 373, 1, 7.67%, 0, 0, 2, 51.80
1746559022, 0, 0, 377, 377, 1, 7.67%, 0, 0, 2, 64.36
1746559028, 0, 0, 382, 382, 1, 7.67%, 0, 0, 2, 59.16
1746559033, 0, 0, 387, 387, 1, 7.67%, 0, 0, 2, 54.27
1746559038, 0, 0, 390, 390, 1, 7.67%, 0, 0, 2, 49.72
1746559043, 0, 0, 394, 394, 1, 7.67%, 0, 0, 2, 57.22
1746559048, 0, 0, 396, 396, 1, 7.67%, 0, 0, 2, 59.99
1746559053, 0, 0, 400, 400, 1, 7.67%, 0, 0, 2, 10.05
1746559058, 0, 0, 404, 404, 1, 7.67%, 0, 0, 2, 59.85
1746559063, 0, 0, 408, 408, 1, 7.67%, 0, 0, 2, 52.87
1746559069, 0, 0, 411, 411, 1, 7.67%, 0, 0, 2, 69.34
1746559074, 0, 0, 416, 416, 1, 7.68%, 0, 0, 2, 61.52
1746559079, 0, 0, 418, 418, 1, 7.68%, 0, 0, 2, 64.24
1746559084, 0, 0, 421, 421, 1, 7.68%, 0, 0, 2, 58.81
1746559089, 0, 0, 424, 424, 1, 7.68%, 0, 0, 2, 54.39
1746559094, 0, 0, 429, 429, 1, 7.71%, 0, 0, 2, 48.76
1746559099, 0, 0, 434, 434, 1, 7.71%, 0, 0, 2, 46.44
1746559104, 0, 0, 437, 437, 1, 7.71%, 0, 0, 2, 56.12
1746559109, 0, 0, 440, 440, 1, 7.71%, 0, 0, 2, 6.27
1746559115, 0, 0, 444, 444, 1, 7.71%, 0, 0, 2, 53.22
1746559120, 0, 0, 448, 448, 1, 7.71%, 0, 0, 2, 56.88
1746559125, 0, 0, 452, 452, 1, 7.71%, 0, 0, 2, 19.72
1746559130, 0, 0, 455, 455, 1, 7.71%, 0, 0, 2, 46.34
1746559135, 0, 0, 457, 457, 1, 7.71%, 0, 0, 2, 59.88
1746559140, 0, 0, 462, 462, 1, 7.71%, 0, 0, 2, 39.28
1746559145, 0, 0, 467, 467, 1, 7.71%, 0, 0, 2, 48.02
1746559150, 0, 0, 472, 472, 1, 7.79%, 0, 0, 2, 63.47
1746559155, 0, 0, 475, 475, 1, 7.79%, 0, 0, 2, 54.93
1746559161, 0, 0, 480, 480, 1, 7.79%, 0, 0, 2, 51.76
1746559166, 0, 0, 482, 482, 1, 7.79%, 0, 0, 2, 56.46
1746559171, 0, 0, 484, 484, 1, 7.79%, 0, 0, 2, 67.18
1746559176, 0, 0, 486, 486, 1, 7.79%, 0, 0, 2, 64.14
1746559181, 0, 0, 487, 487, 1, 7.79%, 0, 0, 2, 62.46
1746559186, 0, 0, 488, 488, 1, 7.79%, 0, 0, 2, 63.62
1746559191, 0, 0, 492, 492, 1, 7.79%, 0, 0, 2, 56.39
1746559196, 0, 75, 495, 494, 12, 7.79%, 0, 0, 3, 70.22
1746559201, 0, 75, 498, 497, 12, 7.79%, 0, 0, 3, 58.94
1746559207, 0, 75, 500, 499, 12, 7.79%, 0, 0, 3, 64.98
1746559212, 0, 75, 503, 502, 12, 7.79%, 0, 0, 3, 63.07
1746559217, 0, 75, 506, 505, 12, 7.79%, 0, 0, 3, 60.92
1746559222, 0, 75, 508, 507, 12, 7.79%, 0, 0, 3, 57.87
1746559227, 0, 75, 509, 508, 12, 7.79%, 0, 0, 3, 65.75
1746559232, 0, 75, 512, 511, 12, 7.79%, 0, 0, 3, 57.01
1746559237, 0, 75, 514, 513, 12, 7.79%, 0, 0, 3, 66.73
1746559242, 0, 75, 518, 517, 12, 7.79%, 0, 0, 3, 11.47
1746559247, 0, 75, 520, 519, 12, 7.79%, 0, 0, 3, 65.38
1746559252, 0, 75, 523, 522, 12, 7.79%, 0, 0, 3, 67.72
1746559257, 0, 75, 525, 524, 12, 7.79%, 0, 0, 3, 63.13
1746559262, 0, 75, 526, 525, 12, 7.79%, 0, 0, 3, 67.42
1746559267, 0, 75, 527, 526, 12, 7.79%, 0, 0, 3, 67.75
1746559272, 0, 75, 531, 530, 12, 7.79%, 0, 0, 3, 21.05
1746559278, 0, 75, 534, 533, 12, 7.80%, 0, 0, 3, 46.73
1746559283, 0, 75, 536, 535, 12, 7.80%, 0, 0, 3, 56.07
1746559288, 0, 75, 538, 537, 12, 7.80%, 0, 0, 3, 58.93
1746559293, 0, 75, 540, 539, 12, 7.90%, 0, 0, 3, 65.79
1746559298, 0, 75, 541, 540, 12, 7.90%, 0, 0, 3, 65.64
1746559303, 0, 75, 546, 545, 12, 7.90%, 0, 0, 3, 47.24
1746559308, 0, 75, 547, 546, 12, 7.90%, 0, 0, 3, 64.93
1746559313, 0, 75, 550, 549, 12, 7.90%, 0, 0, 3, 75.04
1746559319, 0, 75, 552, 551, 12, 7.90%, 0, 0, 3, 65.32
1746559324, 0, 75, 553, 552, 12, 7.90%, 0, 0, 3, 68.86
1746559329, 0, 75, 554, 553, 12, 7.90%, 0, 0, 3, 76.28
1746559334, 0, 75, 555, 554, 12, 7.90%, 0, 0, 3, 61.87
1746559344, 0, 75, 557, 556, 12, 7.90%, 0, 0, 3, 62.90
1746559349, 0, 75, 560, 559, 12, 7.90%, 0, 0, 3, 59.27
1746559354, 0, 75, 563, 562, 12, 7.90%, 0, 0, 3, 10.20
1746559359, 0, 75, 565, 564, 12, 7.90%, 0, 0, 3, 22.52
1746559364, 0, 177, 570, 568, 11, 7.90%, 0, 0, 3, 28.73
1746559369, 0, 177, 575, 573, 11, 7.90%, 0, 0, 3, 25.22
1746559374, 0, 177, 580, 578, 11, 7.90%, 0, 0, 3, 22.93
1746559379, 0, 177, 586, 584, 11, 7.90%, 0, 0, 3, 28.18
1746559384, 0, 177, 589, 587, 11, 7.90%, 0, 0, 3, 25.64
1746559390, 0, 177, 593, 591, 11, 7.90%, 0, 0, 3, 23.40
1746559395, 0, 177, 596, 594, 11, 7.90%, 0, 0, 3, 21.44
1746559400, 0, 177, 597, 595, 11, 7.90%, 0, 0, 3, 24.26
1746559415, 0, 177, 601, 599, 11, 7.90%, 0, 0, 3, 21.40
1746559420, 0, 177, 603, 601, 11, 7.90%, 0, 0, 3, 24.51
1746559425, 0, 177, 606, 604, 11, 7.90%, 0, 0, 3, 25.98
1746559430, 0, 177, 608, 606, 11, 7.90%, 0, 0, 3, 25.86
1746559436, 0, 177, 609, 607, 11, 7.90%, 0, 0, 3, 22.76
1746559441, 0, 177, 611, 609, 11, 7.90%, 0, 0, 3, 34.15
1746559446, 0, 177, 612, 610, 11, 7.90%, 0, 0, 3, 42.66
1746559451, 0, 177, 613, 611, 11, 7.90%, 0, 0, 3, 43.59
1746559456, 0, 177, 614, 612, 11, 7.90%, 0, 0, 3, 36.06
1746559461, 0, 177, 616, 614, 11, 7.90%, 0, 0, 3, 43.70
1746559466, 0, 177, 619, 617, 11, 7.90%, 0, 0, 3, 39.83
1746559471, 0, 177, 622, 620, 11, 7.90%, 0, 0, 3, 4.79
1746559477, 0, 177, 626, 624, 11, 7.90%, 0, 0, 3, 41.33
1746559482, 0, 177, 628, 626, 11, 7.90%, 0, 0, 3, 42.36
1746559487, 0, 177, 630, 628, 11, 7.90%, 0, 0, 3, 38.34
1746559497, 0, 177, 631, 629, 11, 7.90%, 0, 0, 3, 7.12
1746559502, 0, 177, 632, 630, 11, 7.90%, 0, 0, 3, 49.23
1746559507, 0, 177, 633, 631, 11, 7.90%, 0, 0, 3, 41.44
1746559517, 0, 177, 638, 636, 11, 7.90%, 0, 0, 3, 36.82
1746559522, 0, 177, 639, 637, 11, 7.90%, 0, 0, 3, 39.67
1746559527, 0, 177, 640, 638, 11, 7.90%, 0, 0, 3, 42.68
1746559537, 0, 177, 641, 639, 11, 7.90%, 0, 0, 3, 39.52
1746559548, 0, 177, 643, 641, 11, 7.90%, 0, 0, 3, 51.91
1746559558, 0, 177, 644, 642, 11, 7.90%, 0, 0, 3, 43.19
1746559563, 0, 177, 645, 643, 11, 7.90%, 0, 0, 3, 42.77
1746559568, 0, 177, 647, 645, 11, 7.90%, 0, 0, 3, 38.48
1746559578, 0, 177, 648, 646, 11, 7.90%, 0, 0, 3, 43.25
1746559584, 0, 177, 649, 647, 11, 7.90%, 0, 0, 3, 45.78
1746559589, 0, 177, 652, 650, 11, 7.90%, 0, 0, 3, 47.70
1746559594, 0, 177, 654, 652, 11, 7.90%, 0, 0, 3, 38.60
1746559609, 0, 177, 656, 654, 11, 7.90%, 0, 0, 3, 38.01
1746559619, 0, 177, 657, 655, 11, 7.90%, 0, 0, 3, 38.58
1746559640, 0, 177, 658, 656, 11, 7.90%, 0, 0, 3, 43.68
1746559645, 0, 177, 659, 657, 11, 7.90%, 0, 0, 3, 42.98
1746559650, 0, 177, 660, 658, 11, 7.90%, 0, 0, 3, 7.49
1746559660, 0, 177, 661, 659, 11, 7.90%, 0, 0, 3, 42.46
1746559666, 0, 177, 663, 661, 11, 7.90%, 0, 0, 3, 41.53
1746559671, 0, 177, 665, 663, 11, 7.90%, 0, 0, 3, 40.64
1746559681, 0, 177, 666, 664, 11, 7.90%, 0, 0, 3, 4.73
1746559691, 0, 177, 669, 667, 11, 7.90%, 0, 0, 3, 38.88
1746559696, 0, 177, 670, 668, 11, 7.90%, 0, 0, 3, 41.58
1746559701, 0, 177, 672, 670, 11, 7.90%, 0, 0, 3, 38.45
1746559722, 0, 177, 673, 671, 11, 7.90%, 0, 0, 3, 44.62
1746559727, 0, 177, 674, 672, 11, 7.90%, 0, 0, 3, 38.89
1746559732, 0, 177, 675, 673, 11, 7.90%, 0, 0, 3, 35.88
1746559737, 0, 177, 676, 674, 11, 7.90%, 0, 0, 3, 41.78
1746559747, 0, 177, 677, 675, 11, 7.90%, 0, 0, 3, 44.14
1746559752, 0, 177, 678, 676, 11, 7.90%, 0, 0, 3, 7.17
1746559768, 0, 177, 679, 677, 11, 7.90%, 0, 0, 3, 42.23
1746559788, 0, 177, 680, 678, 11, 7.90%, 0, 0, 3, 44.42
1746559809, 0, 177, 683, 681, 11, 7.90%, 0, 0, 3, 34.54
1746559824, 0, 177, 684, 682, 11, 7.90%, 0, 0, 3, 38.77
1746559829, 0, 177, 685, 683, 11, 7.90%, 0, 0, 3, 41.71
1746559855, 0, 232, 686, 683, 14, 7.90%, 0, 0, 3, 45.81
1746559860, 0, 232, 694, 691, 14, 7.90%, 0, 0, 3, 46.80
1746559865, 0, 232, 695, 692, 14, 7.90%, 0, 0, 3, 58.42
1746559875, 0, 242, 698, 694, 14, 7.91%, 0, 0, 3, 27.80
1746559880, 0, 242, 701, 697, 14, 7.91%, 0, 0, 3, 18.69
1746559885, 0, 242, 705, 701, 14, 7.91%, 0, 0, 3, 15.57
1746559890, 0, 242, 707, 703, 14, 7.95%, 0, 0, 3, 15.69
1746559901, 0, 242, 709, 705, 14, 7.95%, 0, 0, 3, 15.82
1746559906, 0, 242, 712, 708, 14, 7.95%, 0, 0, 3, 13.36
1746559911, 0, 242, 715, 711, 14, 7.95%, 0, 0, 3, 17.54
1746559916, 0, 242, 717, 713, 14, 7.95%, 0, 0, 3, 17.07
1746559921, 0, 242, 718, 714, 14, 7.95%, 0, 0, 3, 15.25
1746559926, 0, 242, 720, 716, 14, 7.95%, 0, 0, 3, 14.27
1746559931, 0, 242, 721, 717, 14, 7.95%, 0, 0, 3, 13.92
1746559937, 0, 242, 723, 719, 14, 7.95%, 0, 0, 3, 13.76
1746559942, 0, 242, 724, 720, 14, 7.95%, 0, 0, 3, 14.59
1746559962, 0, 242, 725, 721, 14, 7.95%, 0, 0, 3, 14.96
1746559967, 0, 242, 727, 723, 14, 7.95%, 0, 0, 3, 15.36
1746559993, 0, 242, 728, 724, 14, 7.96%, 0, 0, 3, 16.90
1746559998, 0, 242, 733, 729, 14, 7.96%, 0, 0, 3, 16.34
1746560003, 0, 242, 735, 731, 14, 7.96%, 0, 0, 3, 24.34
1746560029, 0, 242, 736, 732, 14, 7.96%, 0, 0, 3, 17.58
1746560039, 0, 242, 738, 734, 14, 7.96%, 0, 0, 3, 27.90
1746560049, 0, 242, 739, 735, 14, 7.96%, 0, 0, 3, 30.30
1746560054, 0, 242, 741, 737, 14, 7.96%, 0, 0, 3, 4.74
1746560060, 0, 242, 742, 738, 14, 7.97%, 0, 0, 3, 2.60
1746560070, 0, 242, 744, 740, 14, 7.97%, 0, 0, 3, 32.49
1746560075, 0, 242, 745, 741, 14, 7.97%, 0, 0, 3, 32.01
1746560116, 0, 242, 746, 742, 14, 7.97%, 0, 0, 3, 30.99
1746560121, 0, 242, 747, 743, 14, 7.97%, 0, 0, 3, 29.57
1746560131, 0, 242, 748, 744, 14, 7.97%, 0, 0, 3, 29.61
1746560137, 0, 242, 749, 745, 14, 7.97%, 0, 0, 3, 39.14
1746560142, 0, 242, 750, 746, 14, 7.97%, 0, 0, 3, 34.96
1746560147, 0, 242, 751, 747, 14, 7.97%, 0, 0, 3, 31.72
1746560152, 0, 242, 752, 748, 14, 7.97%, 0, 0, 3, 32.47
1746560172, 0, 242, 753, 749, 14, 7.97%, 0, 0, 3, 33.75
1746560183, 0, 242, 754, 750, 14, 7.97%, 0, 0, 3, 32.83
1746560193, 0, 242, 755, 751, 14, 7.97%, 0, 0, 3, 46.79
1746560203, 0, 242, 756, 752, 14, 7.97%, 0, 0, 3, 31.04
1746560208, 0, 242, 758, 754, 14, 7.97%, 0, 0, 3, 22.48
1746560229, 0, 242, 759, 755, 14, 7.97%, 0, 0, 3, 28.58
1746560249, 0, 242, 760, 756, 14, 7.97%, 0, 0, 3, 37.20
1746560259, 0, 242, 761, 757, 14, 8.03%, 0, 0, 3, 30.39
1746560270, 0, 242, 762, 758, 14, 8.03%, 0, 0, 3, 30.70
1746560275, 0, 242, 763, 759, 14, 8.03%, 0, 0, 3, 3.40
1746560290, 0, 242, 764, 760, 14, 8.03%, 0, 0, 3, 29.95
1746560295, 0, 242, 765, 761, 14, 8.03%, 0, 0, 3, 29.42
1746560316, 0, 242, 767, 763, 14, 8.03%, 0, 0, 3, 28.85
1746560357, 0, 242, 768, 764, 14, 8.03%, 0, 0, 3, 28.03
1746560362, 0, 242, 769, 765, 14, 8.03%, 0, 0, 3, 29.08
1746560398, 0, 242, 770, 766, 14, 8.03%, 0, 0, 3, 34.28
1746560403, 0, 242, 771, 767, 14, 8.03%, 0, 0, 3, 30.05
1746560439, 0, 242, 772, 768, 14, 8.03%, 0, 0, 3, 3.89
1746560449, 0, 255, 772, 767, 17, 8.03%, 0, 0, 3, 38.53
1746560475, 0, 316, 772, 766, 16, 8.03%, 0, 0, 3, 32.16
1746560510, 0, 316, 773, 767, 16, 8.03%, 0, 0, 3, 35.69
1746560521, 0, 323, 773, 766, 16, 8.03%, 0, 0, 3, 44.13
1746560618, 0, 323, 774, 767, 16, 8.03%, 0, 0, 3, 23.72
1746560633, 0, 412, 774, 766, 16, 8.03%, 0, 0, 3, 41.74
1746560648, 0, 412, 775, 767, 16, 8.03%, 0, 0, 3, 49.95
1746560678, 0, 412, 776, 768, 16, 8.03%, 0, 0, 3, 47.59
1746560683, 0, 412, 777, 769, 16, 8.03%, 0, 0, 3, 19.57
1746560689, 0, 412, 778, 770, 16, 8.03%, 0, 0, 3, 42.32
1746560699, 0, 412, 779, 771, 16, 8.03%, 0, 0, 3, 41.33
1746560714, 0, 412, 781, 773, 16, 8.03%, 0, 0, 3, 48.36
1746560719, 0, 412, 782, 774, 16, 8.03%, 0, 0, 3, 45.38
1746560724, 0, 412, 783, 775, 16, 8.03%, 0, 0, 3, 43.97
1746560729, 0, 412, 785, 777, 16, 8.03%, 0, 0, 3, 45.74
1746560745, 0, 412, 787, 779, 16, 8.03%, 0, 0, 3, 45.76
1746560750, 0, 412, 789, 781, 16, 8.03%, 0, 0, 3, 45.43
1746560755, 0, 412, 790, 782, 16, 8.03%, 0, 0, 3, 50.63
1746560760, 0, 412, 792, 784, 16, 8.03%, 0, 0, 3, 40.60
1746560765, 0, 412, 793, 785, 16, 8.03%, 0, 0, 3, 41.58
1746560770, 0, 412, 794, 786, 16, 8.03%, 0, 0, 3, 49.65
1746560781, 0, 412, 795, 787, 16, 8.03%, 0, 0, 3, 48.45
1746560786, 0, 412, 797, 789, 16, 8.03%, 0, 0, 3, 33.59
1746560791, 0, 412, 798, 790, 16, 8.03%, 0, 0, 3, 39.65
1746560832, 0, 412, 800, 792, 16, 8.03%, 0, 0, 3, 49.74
1746560837, 0, 412, 802, 794, 16, 8.03%, 0, 0, 3, 39.27
1746560847, 0, 412, 803, 795, 16, 8.03%, 0, 0, 3, 45.37
1746560862, 0, 412, 804, 796, 16, 8.03%, 0, 0, 3, 47.74
1746560872, 0, 412, 806, 798, 16, 8.03%, 0, 0, 3, 46.02
1746560883, 0, 412, 808, 800, 16, 8.23%, 0, 0, 3, 45.72
1746560888, 0, 412, 810, 802, 16, 8.23%, 0, 0, 3, 44.80
1746560898, 0, 412, 812, 804, 16, 8.23%, 0, 0, 3, 45.54
1746560908, 0, 412, 813, 805, 16, 8.23%, 0, 0, 3, 49.50
1746560924, 0, 412, 814, 806, 16, 8.23%, 0, 0, 3, 45.91
1746560944, 0, 412, 815, 807, 16, 8.23%, 0, 0, 3, 6.13
1746560949, 0, 471, 815, 806, 16, 8.23%, 0, 0, 3, 34.49
1746560954, 0, 471, 816, 807, 16, 8.23%, 0, 0, 3, 20.32
1746560959, 0, 471, 821, 812, 16, 8.26%, 0, 0, 3, 15.58
1746560969, 0, 471, 825, 816, 16, 8.26%, 0, 0, 3, 16.29
1746560980, 0, 471, 829, 820, 16, 8.31%, 0, 0, 3, 14.91
1746561005, 0, 471, 830, 821, 16, 8.31%, 0, 0, 3, 16.79
1746561026, 0, 471, 834, 825, 16, 8.31%, 0, 0, 3, 14.23
1746561031, 0, 471, 835, 826, 16, 8.31%, 0, 0, 3, 14.04
1746561036, 0, 471, 836, 827, 16, 8.31%, 0, 0, 3, 14.03
1746561046, 0, 471, 837, 828, 16, 8.31%, 0, 0, 3, 20.09
1746561067, 0, 471, 839, 830, 16, 8.31%, 0, 0, 3, 14.96
1746561072, 0, 471, 841, 832, 16, 8.31%, 0, 0, 3, 18.69
1746561102, 0, 471, 844, 835, 16, 8.31%, 0, 0, 3, 16.63
1746561118, 0, 533, 844, 834, 17, 8.31%, 0, 0, 3, 26.89
1746561245, 0, 533, 845, 835, 17, 8.31%, 0, 0, 4, 33.49
1746561270, 0, 538, 846, 835, 16, 8.31%, 0, 0, 4, 19.92
1746561275, 0, 538, 848, 837, 16, 8.31%, 0, 0, 4, 11.53
1746561280, 0, 538, 851, 840, 16, 8.31%, 0, 0, 4, 9.15
1746561286, 0, 538, 852, 841, 16, 8.31%, 0, 0, 4, 12.48
1746561291, 0, 538, 854, 843, 16, 8.31%, 0, 0, 4, 11.14
1746561296, 0, 538, 858, 847, 16, 8.31%, 0, 0, 4, 9.03
1746561306, 0, 538, 859, 848, 16, 8.31%, 0, 0, 4, 11.86
1746561311, 0, 538, 860, 849, 16, 8.31%, 0, 0, 4, 9.39
1746561316, 0, 538, 861, 850, 16, 8.31%, 0, 0, 4, 13.25
1746561347, 0, 538, 862, 851, 16, 8.31%, 0, 0, 4, 10.74
1746561372, 0, 538, 863, 852, 16, 8.31%, 0, 0, 4, 8.30
1746561408, 0, 538, 864, 853, 16, 8.31%, 0, 0, 4, 14.28
1746561439, 0, 538, 866, 855, 16, 8.31%, 0, 0, 4, 9.65
1746561459, 0, 538, 867, 856, 16, 8.31%, 0, 0, 4, 14.52
1746561469, 0, 538, 868, 857, 16, 8.31%, 0, 0, 4, 11.70
1746561479, 0, 538, 869, 858, 16, 8.31%, 0, 0, 4, 24.67
1746561485, 0, 538, 871, 860, 16, 8.31%, 0, 0, 4, 24.96
1746561490, 0, 538, 873, 862, 16, 8.48%, 0, 0, 4, 24.64
1746561495, 0, 538, 874, 863, 16, 8.48%, 0, 0, 4, 23.95
1746561500, 0, 538, 876, 865, 16, 8.51%, 0, 0, 4, 23.66
1746561516, 0, 538, 877, 866, 16, 8.51%, 0, 0, 4, 30.16
1746561541, 0, 538, 878, 867, 16, 8.51%, 0, 0, 4, 29.33
1746561547, 0, 538, 879, 868, 16, 8.51%, 0, 0, 4, 27.20
1746561572, 0, 538, 880, 869, 16, 8.51%, 0, 0, 4, 31.76
1746561618, 0, 538, 882, 871, 16, 8.51%, 0, 0, 4, 34.04
1746561633, 0, 538, 883, 872, 16, 8.51%, 0, 0, 4, 34.51
1746561664, 0, 538, 884, 873, 16, 8.51%, 0, 0, 4, 32.03
1746561689, 0, 538, 885, 874, 16, 8.51%, 0, 0, 4, 36.21
1746561694, 0, 538, 887, 876, 16, 8.51%, 0, 0, 4, 32.06
1746561710, 0, 538, 889, 878, 16, 8.51%, 0, 0, 4, 24.85
1746561740, 0, 538, 890, 879, 16, 8.51%, 0, 0, 4, 31.02
1746561776, 0, 538, 891, 880, 16, 8.51%, 0, 0, 4, 34.86
1746561827, 0, 538, 893, 882, 16, 8.51%, 0, 0, 4, 27.12
1746561838, 0, 538, 894, 883, 16, 8.51%, 0, 0, 4, 28.10
1746561853, 0, 538, 896, 885, 16, 8.52%, 0, 0, 4, 23.39
1746561873, 0, 538, 897, 886, 16, 8.52%, 0, 0, 4, 27.61
1746561889, 0, 538, 898, 887, 16, 8.53%, 0, 0, 4, 33.30
1746561930, 0, 538, 900, 889, 16, 8.53%, 0, 0, 4, 29.09
1746561940, 0, 538, 901, 890, 16, 8.53%, 0, 0, 4, 34.99
1746561945, 0, 538, 902, 891, 16, 8.53%, 0, 0, 4, 32.82
1746561971, 0, 538, 904, 893, 16, 8.53%, 0, 0, 4, 28.92
1746561991, 0, 538, 906, 895, 16, 8.53%, 0, 0, 4, 22.40
1746561996, 0, 561, 906, 894, 19, 8.53%, 0, 0, 4, 24.01
1746562001, 0, 561, 907, 895, 19, 8.53%, 0, 0, 4, 18.07
1746562129, 0, 561, 908, 896, 19, 8.53%, 0, 0, 4, 24.90
1746562165, 0, 561, 909, 897, 19, 8.53%, 0, 0, 4, 16.29
1746562192, 0, 586, 909, 896, 18, 8.53%, 0, 0, 4, 24.74
1746562269, 0, 586, 910, 897, 18, 8.53%, 0, 0, 4, 30.77
1746562295, 0, 664, 911, 897, 18, 8.53%, 0, 0, 4, 27.10
1746562315, 0, 664, 912, 898, 18, 8.53%, 0, 0, 4, 14.87
1746562331, 0, 664, 913, 899, 18, 8.53%, 0, 0, 4, 14.41
1746562336, 0, 664, 914, 900, 18, 8.53%, 0, 0, 4, 13.93
1746562341, 0, 664, 915, 901, 18, 8.53%, 0, 0, 4, 24.67
1746562351, 0, 664, 916, 902, 18, 8.53%, 0, 0, 4, 15.02
1746562376, 0, 664, 917, 903, 18, 8.53%, 0, 0, 4, 15.60
1746562412, 0, 664, 919, 905, 18, 8.53%, 0, 0, 4, 13.42
1746562499, 0, 664, 920, 906, 18, 8.53%, 0, 0, 4, 19.82
1746562520, 0, 664, 921, 907, 18, 8.53%, 0, 0, 4, 12.98
1746562581, 0, 684, 921, 906, 17, 8.53%, 0, 0, 4, 26.53
1746562622, 0, 684, 922, 907, 17, 8.53%, 0, 0, 4, 24.07
1746562652, 0, 684, 923, 908, 17, 8.53%, 0, 0, 4, 23.89
1746562703, 0, 694, 923, 907, 17, 8.53%, 0, 0, 4, 47.40
1746562724, 0, 708, 924, 907, 16, 8.53%, 0, 0, 4, 32.71
1746562734, 0, 708, 925, 908, 16, 8.53%, 0, 0, 4, 18.08
1746562739, 0, 708, 926, 909, 16, 8.53%, 0, 0, 4, 16.05
1746562795, 0, 708, 927, 910, 16, 8.53%, 0, 0, 4, 15.48
1746562877, 0, 713, 927, 909, 15, 8.53%, 0, 0, 4, 23.17
1746562887, 0, 713, 928, 910, 15, 8.53%, 0, 0, 4, 14.75
1746563036, 0, 738, 928, 909, 14, 8.53%, 0, 0, 4, 25.22
1746563098, 0, 738, 929, 910, 14, 8.53%, 0, 0, 4, 13.99
1746563185, 0, 762, 929, 909, 13, 8.53%, 0, 0, 4, 4.42
1746563206, 0, 762, 930, 910, 13, 8.53%, 0, 0, 4, 5.77
1746563748, 0, 762, 931, 911, 13, 8.53%, 0, 0, 4, 2.78
1746563821, 0, 762, 932, 912, 13, 8.53%, 0, 0, 4, 3.92
1746563914, 0, 762, 933, 913, 13, 8.53%, 0, 0, 4, 2.79
1746565672, 0, 762, 934, 914, 13, 8.53%, 0, 0, 4, 2.86
1746565843, 0, 762, 935, 915, 13, 8.53%, 0, 0, 4, 2.84
1746565895, 0, 762, 936, 916, 13, 8.53%, 0, 0, 4, 2.87
1746566529, 0, 762, 937, 917, 13, 8.53%, 0, 0, 4, 3.44
1746566560, 0, 762, 939, 919, 13, 8.66%, 0, 0, 4, 3.44
1746566575, 0, 762, 940, 920, 13, 8.66%, 0, 0, 4, 2.37
1746566581, 0, 762, 941, 921, 13, 8.66%, 0, 0, 4, 2.68
1746566586, 0, 762, 942, 922, 13, 8.67%, 0, 0, 4, 1.87
1746566591, 0, 762, 943, 923, 13, 8.67%, 0, 0, 4, 9.07
1746566596, 0, 762, 944, 924, 13, 8.67%, 0, 0, 4, 11.57
1746566601, 0, 762, 945, 925, 13, 8.67%, 0, 0, 4, 2.58
1746566607, 0, 762, 946, 926, 13, 8.67%, 0, 0, 4, 3.63
1746566612, 0, 762, 947, 927, 13, 8.67%, 0, 0, 4, 2.12
1746566617, 0, 762, 948, 928, 13, 8.67%, 0, 0, 4, 2.21
1746566622, 0, 762, 949, 929, 13, 8.67%, 0, 0, 4, 5.29
1746566633, 0, 762, 950, 930, 13, 8.67%, 0, 0, 4, 7.61
1746566638, 0, 762, 951, 931, 13, 8.67%, 0, 0, 4, 4.79
1746566653, 0, 762, 952, 932, 13, 8.67%, 0, 0, 4, 11.34
1746566659, 0, 762, 953, 933, 13, 8.67%, 0, 0, 4, 8.35
1746566669, 0, 762, 954, 934, 13, 8.67%, 0, 0, 4, 2.12
1746566674, 0, 762, 955, 935, 13, 8.67%, 0, 0, 4, 2.08
1746566680, 0, 762, 956, 936, 13, 8.67%, 0, 0, 4, 8.75
1746566695, 0, 762, 957, 937, 13, 8.67%, 0, 0, 4, 2.60
1746566727, 0, 762, 958, 938, 13, 8.67%, 0, 0, 4, 10.73
1746566742, 0, 762, 959, 939, 13, 8.67%, 0, 0, 4, 3.12
1746566758, 0, 762, 960, 940, 13, 8.67%, 0, 0, 4, 7.93
1746566768, 0, 762, 961, 941, 13, 8.67%, 0, 0, 4, 8.22
1746566773, 0, 762, 962, 942, 13, 8.67%, 0, 0, 4, 5.92
1746566789, 0, 762, 963, 943, 13, 8.67%, 0, 0, 4, 2.62
1746566809, 0, 762, 964, 944, 13, 8.67%, 0, 0, 4, 4.07
1746566840, 0, 762, 965, 945, 13, 8.67%, 0, 0, 4, 15.32
1746566846, 0, 762, 966, 946, 13, 8.67%, 0, 0, 4, 11.01
1746566856, 0, 762, 967, 947, 13, 8.67%, 0, 0, 4, 9.97
1746566876, 0, 762, 968, 948, 13, 8.67%, 0, 0, 4, 3.38
1746566881, 0, 762, 969, 949, 13, 8.67%, 0, 0, 4, 5.51
1746566892, 0, 762, 970, 950, 13, 8.67%, 0, 0, 4, 2.41
1746566918, 0, 762, 971, 951, 13, 8.67%, 0, 0, 4, 3.58
1746567027, 0, 762, 972, 952, 13, 8.67%, 0, 0, 4, 2.39
1746567151, 0, 762, 973, 953, 13, 8.67%, 0, 0, 4, 7.07
1746567188, 0, 762, 974, 954, 13, 8.67%, 0, 0, 4, 3.04
1746567193, 0, 762, 975, 955, 13, 8.67%, 0, 0, 4, 6.68
1746567240, 0, 762, 976, 956, 13, 8.67%, 0, 0, 4, 1.89
1746567277, 0, 762, 978, 958, 13, 8.67%, 0, 0, 4, 3.97
1746567287, 0, 762, 979, 959, 13, 8.67%, 0, 0, 4, 9.60
1746567303, 0, 762, 980, 960, 13, 8.67%, 0, 0, 4, 2.80
1746567349, 0, 762, 981, 961, 13, 8.67%, 0, 0, 4, 8.46
1746567386, 0, 762, 982, 962, 13, 8.67%, 0, 0, 4, 16.91
1746567484, 0, 762, 984, 964, 13, 8.67%, 0, 0, 4, 5.10
1746567779, 0, 762, 985, 965, 13, 8.67%, 0, 0, 4, 9.82
1746567831, 0, 762, 986, 966, 13, 8.67%, 0, 0, 4, 13.57
1746568059, 0, 762, 987, 967, 13, 8.67%, 0, 0, 4, 4.84
1746568304, 0, 774, 989, 968, 15, 8.67%, 0, 0, 4, 32.42
1746568309, 0, 774, 990, 969, 15, 8.67%, 0, 0, 4, 37.91
1746568340, 0, 774, 992, 971, 15, 8.67%, 0, 0, 4, 43.57
1746568345, 0, 774, 994, 973, 15, 8.67%, 0, 0, 4, 36.95
1746568355, 0, 774, 997, 976, 15, 8.67%, 0, 0, 4, 40.50
1746568371, 0, 806, 997, 975, 14, 8.67%, 0, 0, 4, 46.26
1746568376, 0, 806, 1000, 978, 14, 8.67%, 0, 0, 4, 24.68
1746568381, 0, 806, 1005, 983, 14, 8.68%, 0, 0, 4, 15.31
1746568386, 0, 806, 1007, 985, 14, 8.68%, 0, 0, 4, 12.91
1746568392, 0, 806, 1012, 990, 14, 8.68%, 0, 0, 4, 12.43
1746568397, 0, 806, 1015, 993, 14, 8.68%, 0, 0, 4, 11.98
1746568402, 0, 806, 1016, 994, 14, 8.68%, 0, 0, 4, 11.92
1746568417, 0, 806, 1018, 996, 14, 8.69%, 0, 0, 4, 12.20
1746568422, 0, 806, 1019, 997, 14, 8.69%, 0, 0, 4, 11.72
1746568427, 0, 806, 1020, 998, 14, 8.69%, 0, 0, 4, 18.00
1746568433, 0, 806, 1021, 999, 14, 8.69%, 0, 0, 4, 12.95
1746568438, 0, 806, 1022, 1000, 14, 8.69%, 0, 0, 4, 11.86
1746568443, 0, 806, 1023, 1001, 14, 8.69%, 0, 0, 4, 11.27
1746568474, 0, 806, 1024, 1002, 14, 8.69%, 0, 0, 4, 17.29
1746568479, 0, 806, 1025, 1003, 14, 8.69%, 0, 0, 4, 14.21
1746568509, 0, 806, 1026, 1004, 14, 8.69%, 0, 0, 4, 12.10
1746568540, 0, 806, 1027, 1005, 14, 8.69%, 0, 0, 4, 12.05
1746568545, 0, 806, 1028, 1006, 14, 8.69%, 0, 0, 4, 11.98
1746568612, 0, 806, 1029, 1007, 14, 8.69%, 0, 0, 4, 9.73
1746568700, 0, 806, 1032, 1010, 14, 8.69%, 0, 0, 4, 12.12
1746568710, 0, 806, 1034, 1012, 14, 8.69%, 0, 0, 4, 12.20
1746568715, 0, 806, 1036, 1014, 14, 8.69%, 0, 0, 4, 12.09
1746568720, 0, 806, 1037, 1015, 14, 8.69%, 0, 0, 4, 11.86
1746568746, 0, 806, 1039, 1017, 14, 8.69%, 0, 0, 4, 15.78
1746568782, 0, 806, 1041, 1019, 14, 8.69%, 0, 0, 4, 12.42
1746568788, 0, 806, 1043, 1021, 14, 8.69%, 0, 0, 4, 12.35
1746568793, 0, 806, 1045, 1023, 14, 8.69%, 0, 0, 4, 12.18
1746568798, 0, 806, 1046, 1024, 14, 8.69%, 0, 0, 4, 12.28
1746568803, 0, 806, 1048, 1026, 14, 8.69%, 0, 0, 4, 12.27
1746568813, 0, 806, 1051, 1029, 14, 8.69%, 0, 0, 4, 12.54
1746568818, 0, 806, 1053, 1031, 14, 8.69%, 0, 0, 4, 12.10
1746568829, 0, 806, 1054, 1032, 14, 8.69%, 0, 0, 4, 16.44
1746568839, 0, 806, 1055, 1033, 14, 8.69%, 0, 0, 4, 27.61
1746568849, 0, 806, 1056, 1034, 14, 8.69%, 0, 0, 4, 28.21
1746568890, 0, 806, 1057, 1035, 14, 8.69%, 0, 0, 4, 26.67
1746568906, 0, 806, 1058, 1036, 14, 8.69%, 0, 0, 4, 31.04
1746568911, 0, 806, 1060, 1038, 14, 8.69%, 0, 0, 4, 24.64
1746568916, 0, 806, 1061, 1039, 14, 8.69%, 0, 0, 4, 28.25
1746568927, 0, 806, 1062, 1040, 14, 8.69%, 0, 0, 4, 24.90
1746568932, 0, 806, 1063, 1041, 14, 8.70%, 0, 0, 4, 21.54
1746568942, 0, 806, 1064, 1042, 14, 8.70%, 0, 0, 4, 31.02
1746568947, 0, 806, 1065, 1043, 14, 8.70%, 0, 0, 4, 25.83
1746568957, 0, 806, 1066, 1044, 14, 8.70%, 0, 0, 4, 25.70
1746569019, 0, 806, 1067, 1045, 14, 8.70%, 0, 0, 4, 31.24
1746569024, 0, 806, 1068, 1046, 14, 8.70%, 0, 0, 4, 30.21
1746569029, 0, 806, 1069, 1047, 14, 8.70%, 0, 0, 4, 24.99
1746569044, 0, 806, 1070, 1048, 14, 8.70%, 0, 0, 4, 28.80
1746569054, 0, 806, 1072, 1050, 14, 8.70%, 0, 0, 4, 24.78
1746569069, 0, 806, 1073, 1051, 14, 8.70%, 0, 0, 4, 31.13
1746569080, 0, 806, 1074, 1052, 14, 8.70%, 0, 0, 4, 25.55
1746569131, 0, 806, 1075, 1053, 14, 8.70%, 0, 0, 4, 29.38
1746569136, 0, 806, 1076, 1054, 14, 8.70%, 0, 0, 4, 32.08
1746569166, 0, 806, 1077, 1055, 14, 8.70%, 0, 0, 4, 31.03
1746569192, 0, 806, 1078, 1056, 14, 8.70%, 0, 0, 4, 28.28
1746569197, 0, 806, 1080, 1058, 14, 8.70%, 0, 0, 4, 26.63
1746569218, 0, 806, 1081, 1059, 14, 8.73%, 0, 0, 4, 28.58
1746569223, 0, 806, 1082, 1060, 14, 8.73%, 0, 0, 4, 29.78
1746569228, 0, 806, 1083, 1061, 14, 8.73%, 0, 0, 4, 31.09
1746569259, 0, 806, 1084, 1062, 14, 8.73%, 0, 0, 4, 25.33
1746569269, 0, 806, 1085, 1063, 14, 8.73%, 0, 0, 4, 27.03
1746569290, 0, 806, 1086, 1064, 14, 8.73%, 0, 0, 4, 33.72
1746569295, 0, 806, 1087, 1065, 14, 8.73%, 0, 0, 4, 26.07
1746569300, 0, 806, 1088, 1066, 14, 8.73%, 0, 0, 4, 31.75
1746569310, 0, 806, 1089, 1067, 14, 8.73%, 0, 0, 4, 30.97
1746569326, 0, 806, 1090, 1068, 14, 8.73%, 0, 0, 4, 26.54
1746569398, 0, 817, 1090, 1067, 21, 8.73%, 0, 0, 4, 22.48
1746569418, 0, 817, 1092, 1069, 21, 8.73%, 0, 0, 4, 15.20
1746569469, 0, 817, 1093, 1070, 21, 8.73%, 0, 0, 4, 14.46
1746569556, 0, 820, 1093, 1069, 20, 8.73%, 0, 0, 4, 21.17
1746569576, 0, 820, 1094, 1070, 20, 8.73%, 0, 0, 4, 15.47
1746569618, 0, 820, 1095, 1071, 20, 8.73%, 0, 0, 4, 15.76
1746569623, 0, 820, 1097, 1073, 20, 8.73%, 0, 0, 4, 14.87
1746569658, 0, 820, 1098, 1074, 20, 8.73%, 0, 0, 4, 16.07
1746569714, 0, 827, 1098, 1073, 19, 8.73%, 0, 0, 4, 23.08
1746569776, 0, 827, 1099, 1074, 19, 8.73%, 0, 0, 4, 15.12
1746569786, 0, 827, 1100, 1075, 19, 8.73%, 0, 0, 4, 12.35
1746569791, 0, 827, 1103, 1078, 19, 8.73%, 0, 0, 4, 12.10
1746569822, 0, 827, 1104, 1079, 19, 8.73%, 0, 0, 4, 15.57
1746569878, 0, 828, 1104, 1078, 18, 8.73%, 0, 0, 4, 21.22
1746569939, 0, 828, 1107, 1081, 18, 8.73%, 0, 0, 4, 13.82
1746569944, 0, 828, 1108, 1082, 18, 8.73%, 0, 0, 4, 12.77
1746570031, 0, 828, 1109, 1083, 18, 8.73%, 0, 0, 4, 43.93
1746570057, 0, 849, 1109, 1082, 19, 8.73%, 0, 0, 4, 24.86
1746570272, 0, 864, 1109, 1081, 19, 8.73%, 0, 0, 4, 22.94
1746570277, 0, 864, 1110, 1082, 19, 8.73%, 0, 0, 5, 12.71
1746570461, 0, 891, 1110, 1081, 18, 8.73%, 0, 0, 5, 29.06
1746570487, 0, 891, 1111, 1082, 18, 8.73%, 0, 0, 5, 11.41
1746570523, 0, 891, 1112, 1083, 18, 8.73%, 0, 0, 5, 10.75
1746570600, 0, 891, 1113, 1084, 18, 8.73%, 0, 0, 5, 9.53
1746570749, 0, 891, 1114, 1085, 18, 8.73%, 0, 0, 5, 14.15
1746570769, 0, 891, 1115, 1086, 18, 8.73%, 0, 0, 5, 9.54
1746570795, 0, 891, 1116, 1087, 18, 8.73%, 0, 0, 5, 10.36
1746570800, 0, 891, 1119, 1090, 18, 8.73%, 0, 0, 5, 11.34
1746570810, 0, 891, 1120, 1091, 18, 8.73%, 0, 0, 5, 30.47
1746570918, 0, 898, 1120, 1090, 18, 8.73%, 0, 0, 5, 22.02
1746571143, 0, 898, 1124, 1094, 18, 8.73%, 0, 0, 5, 18.39
1746571179, 0, 921, 1124, 1093, 17, 8.73%, 0, 0, 5, 27.39
1746571318, 0, 923, 1124, 1092, 16, 8.73%, 0, 0, 5, 29.67
1746571486, 0, 947, 1124, 1091, 16, 8.73%, 0, 0, 5, 1.89
1746577559, 0, 952, 1124, 1090, 15, 8.73%, 0, 0, 5, 5.36
1746581909, 0, 952, 1125, 1091, 15, 8.73%, 0, 0, 5, 2.25
1746583312, 0, 952, 1126, 1092, 15, 8.73%, 0, 0, 5, 2.27
1746583375, 0, 952, 1127, 1093, 15, 8.73%, 0, 0, 5, 2.35
1746583380, 0, 952, 1128, 1094, 15, 8.73%, 0, 0, 5, 2.36
1746583385, 0, 952, 1130, 1096, 15, 8.73%, 0, 0, 5, 2.38
1746583494, 0, 952, 1131, 1097, 15, 8.73%, 0, 0, 5, 2.75
1746583530, 0, 952, 1132, 1098, 15, 8.73%, 0, 0, 5, 7.48
1746583561, 0, 952, 1133, 1099, 15, 8.73%, 0, 0, 5, 8.38
1746583741, 0, 972, 1133, 1098, 15, 8.73%, 0, 0, 5, 4.31
1746583973, 0, 972, 1134, 1099, 15, 8.73%, 0, 0, 5, 2.41
1746584207, 0, 972, 1135, 1100, 15, 8.73%, 0, 0, 5, 2.41
1746584436, 0, 972, 1136, 1101, 15, 8.73%, 0, 0, 5, 2.42
1746584441, 0, 972, 1137, 1102, 15, 8.73%, 0, 0, 5, 2.42
1746584533, 0, 972, 1138, 1103, 15, 8.73%, 0, 0, 5, 2.58
1746588211, 0, 972, 1139, 1104, 15, 8.73%, 0, 0, 5, 2.60
1746588315, 0, 981, 1139, 1103, 15, 8.73%, 0, 0, 5, 7.29
1746592087, 0, 981, 1140, 1104, 15, 8.73%, 0, 0, 5, 2.36
1746593473, 0, 994, 1140, 1103, 15, 8.73%, 0, 0, 5, 42.86
1746593478, 0, 994, 1143, 1106, 15, 8.73%, 0, 0, 5, 39.21
1746593483, 0, 994, 1144, 1107, 15, 8.73%, 0, 0, 5, 40.67
1746593493, 0, 994, 1146, 1109, 15, 8.73%, 0, 0, 5, 39.65
1746593498, 0, 994, 1149, 1112, 15, 8.73%, 0, 0, 5, 33.68
1746593565, 0, 1003, 1149, 1111, 15, 8.73%, 0, 0, 5, 33.68
1746593580, 0, 1003, 1150, 1112, 15, 8.74%, 0, 0, 5, 11.70
1746593621, 0, 1003, 1151, 1113, 15, 8.74%, 0, 0, 5, 10.46
1746593882, 0, 1003, 1152, 1114, 15, 8.74%, 0, 0, 5, 10.61
1746593897, 0, 1003, 1153, 1115, 15, 8.74%, 0, 0, 5, 10.05
1746594004, 0, 1003, 1154, 1116, 15, 8.74%, 0, 0, 5, 9.66
1746594050, 0, 1007, 1154, 1115, 14, 8.74%, 0, 0, 5, 26.86
1746594481, 0, 1007, 1155, 1116, 14, 8.74%, 0, 0, 5, 23.52
1746594543, 0, 1016, 1155, 1115, 13, 8.74%, 0, 0, 5, 26.32
1746594574, 0, 1016, 1156, 1116, 13, 8.74%, 0, 0, 5, 11.72
1746594635, 0, 1016, 1157, 1117, 13, 8.74%, 0, 0, 5, 14.87
1746594671, 0, 1016, 1158, 1118, 13, 8.74%, 0, 0, 5, 10.30
1746594790, 0, 1016, 1159, 1119, 13, 8.74%, 0, 0, 5, 9.08
1746594846, 0, 1016, 1160, 1120, 13, 8.74%, 0, 0, 5, 11.47
1746595025, 0, 1016, 1161, 1121, 13, 8.74%, 0, 0, 5, 26.26
1746595076, 0, 1024, 1161, 1120, 13, 8.74%, 0, 0, 5, 27.69
1746595424, 0, 1024, 1162, 1121, 13, 8.74%, 0, 0, 5, 14.19
1746595465, 0, 1034, 1162, 1120, 12, 8.74%, 0, 0, 5, 23.63
1746595516, 0, 1034, 1163, 1121, 12, 8.74%, 0, 0, 5, 11.56
1746595526, 0, 1034, 1164, 1122, 12, 8.74%, 0, 0, 5, 14.79
1746595879, 0, 1034, 1165, 1123, 12, 8.74%, 0, 0, 5, 11.15
1746595925, 0, 1080, 1165, 1122, 12, 8.74%, 0, 0, 5, 23.96
1746595930, 0, 1080, 1166, 1123, 12, 8.74%, 0, 0, 5, 15.94
1746595945, 0, 1080, 1167, 1124, 12, 8.74%, 0, 0, 5, 8.98
1746595951, 0, 1080, 1168, 1125, 12, 8.74%, 0, 0, 5, 9.09
1746595956, 0, 1080, 1169, 1126, 12, 8.74%, 0, 0, 5, 8.44
1746595961, 0, 1080, 1171, 1128, 12, 8.74%, 0, 0, 5, 7.87
1746595966, 0, 1080, 1172, 1129, 12, 8.74%, 0, 0, 5, 8.03
1746595971, 0, 1080, 1174, 1131, 12, 8.74%, 0, 0, 5, 7.56
1746595976, 0, 1080, 1177, 1134, 12, 8.74%, 0, 0, 5, 7.36
1746595981, 0, 1080, 1178, 1135, 12, 8.74%, 0, 0, 5, 7.36
1746595991, 0, 1080, 1179, 1136, 12, 8.74%, 0, 0, 5, 12.55
1746596017, 0, 1080, 1181, 1138, 12, 8.74%, 0, 0, 5, 8.45
1746596027, 0, 1080, 1183, 1140, 12, 8.74%, 0, 0, 5, 7.77
1746596032, 0, 1080, 1185, 1142, 12, 8.74%, 0, 0, 5, 7.28
1746596038, 0, 1080, 1187, 1144, 12, 8.74%, 0, 0, 5, 7.27
1746596058, 0, 1080, 1188, 1145, 12, 8.74%, 0, 0, 5, 10.20
1746596079, 0, 1080, 1189, 1146, 12, 8.74%, 0, 0, 5, 8.39
1746596084, 0, 1080, 1190, 1147, 12, 8.74%, 0, 0, 5, 7.59
1746596089, 0, 1080, 1191, 1148, 12, 8.74%, 0, 0, 5, 7.23
1746596110, 0, 1080, 1192, 1149, 12, 8.74%, 0, 0, 5, 10.22
1746596115, 0, 1080, 1194, 1151, 12, 8.76%, 0, 0, 5, 9.15
1746596120, 0, 1080, 1195, 1152, 12, 8.76%, 0, 0, 5, 7.54
1746596125, 0, 1080, 1197, 1154, 12, 8.76%, 0, 0, 5, 6.20
1746596146, 0, 1080, 1198, 1155, 12, 8.76%, 0, 0, 5, 16.88
1746596325, 0, 1080, 1200, 1157, 12, 8.76%, 0, 0, 5, 7.74
1746596371, 0, 1080, 1201, 1158, 12, 8.76%, 0, 0, 5, 7.20
1746596381, 0, 1080, 1202, 1159, 12, 8.76%, 0, 0, 5, 6.88
1746596386, 0, 1080, 1205, 1162, 12, 8.76%, 0, 0, 5, 7.05
1746596514, 0, 1080, 1207, 1164, 12, 8.76%, 0, 0, 5, 9.07
1746596519, 0, 1080, 1208, 1165, 12, 8.76%, 0, 0, 5, 9.35
1746596754, 0, 1080, 1209, 1166, 12, 8.76%, 0, 0, 5, 13.96
1746596780, 0, 1080, 1210, 1167, 12, 8.76%, 0, 0, 5, 9.36
1746596791, 0, 1080, 1211, 1168, 12, 8.76%, 0, 0, 5, 9.47
1746596821, 0, 1080, 1212, 1169, 12, 8.76%, 0, 0, 5, 8.50
1746596832, 0, 1080, 1213, 1170, 12, 8.76%, 0, 0, 5, 8.08
1746596852, 0, 1080, 1214, 1171, 12, 8.76%, 0, 0, 5, 7.88
1746596867, 0, 1080, 1216, 1173, 12, 8.76%, 0, 0, 5, 7.13
1746596954, 0, 1080, 1217, 1174, 12, 8.76%, 0, 0, 5, 9.15
1746597082, 0, 1080, 1218, 1175, 12, 8.76%, 0, 0, 5, 7.76
1746597087, 0, 1080, 1219, 1176, 12, 8.76%, 0, 0, 5, 6.90
1746597206, 0, 1107, 1219, 1175, 11, 8.76%, 0, 0, 5, 18.23
1746597211, 0, 1107, 1220, 1176, 11, 8.76%, 0, 0, 5, 14.11
1746597226, 0, 1107, 1221, 1177, 11, 8.76%, 0, 0, 5, 15.03
1746597277, 0, 1107, 1223, 1179, 11, 8.76%, 0, 0, 5, 12.34
1746597282, 0, 1107, 1225, 1181, 11, 8.76%, 0, 0, 5, 11.55
1746597390, 0, 1111, 1225, 1180, 11, 8.76%, 0, 0, 5, 19.42
1746597400, 0, 1111, 1226, 1181, 11, 8.76%, 0, 0, 6, 8.58
1746597431, 0, 1111, 1227, 1182, 11, 8.76%, 0, 0, 6, 8.01
1746597447, 0, 1111, 1228, 1183, 11, 8.76%, 0, 0, 6, 8.97
1746597937, 0, 1132, 1228, 1182, 10, 8.76%, 0, 0, 6, 2.79
