# unix_time, cycles_done, cur_path, paths_total, pending_total, pending_favs, map_size, unique_crashes, unique_hangs, max_depth, execs_per_sec
1746785258, 0, 0, 1, 1, 1, 3.78%, 0, 0, 1, 93.02
1746785264, 0, 0, 46, 46, 1, 5.07%, 0, 0, 2, 133.08
1746785269, 0, 0, 66, 66, 1, 5.09%, 0, 0, 2, 145.57
1746785274, 0, 0, 78, 78, 1, 5.11%, 0, 0, 2, 150.75
1746785279, 0, 0, 89, 89, 1, 5.11%, 0, 0, 2, 151.30
1746785284, 0, 0, 93, 93, 1, 5.11%, 0, 0, 2, 155.86
1746785289, 0, 0, 98, 98, 1, 5.11%, 0, 0, 2, 155.15
1746785295, 0, 0, 101, 101, 1, 5.12%, 0, 0, 2, 157.07
1746785300, 0, 0, 105, 105, 1, 5.12%, 0, 0, 2, 156.30
1746785305, 0, 0, 111, 111, 1, 5.12%, 0, 0, 2, 153.75
1746785310, 0, 0, 114, 114, 1, 5.15%, 0, 0, 2, 154.82
1746785315, 0, 0, 121, 121, 1, 5.15%, 0, 0, 2, 152.20
1746785320, 0, 0, 125, 125, 1, 5.15%, 0, 0, 2, 152.43
1746785325, 0, 0, 128, 128, 1, 5.15%, 0, 0, 2, 156.26
1746785330, 0, 0, 132, 132, 1, 5.15%, 0, 0, 2, 154.28
1746785336, 0, 0, 135, 135, 1, 5.15%, 0, 0, 2, 155.89
1746785341, 0, 0, 141, 141, 1, 5.15%, 0, 0, 2, 152.15
1746785346, 0, 0, 145, 145, 1, 5.15%, 0, 0, 2, 139.21
1746785351, 0, 0, 150, 150, 1, 5.15%, 0, 0, 2, 134.16
1746785356, 0, 0, 154, 154, 1, 5.15%, 0, 0, 2, 136.14
1746785361, 0, 0, 156, 156, 1, 5.15%, 0, 0, 2, 138.19
1746785366, 0, 0, 162, 162, 1, 5.15%, 0, 0, 2, 133.78
1746785372, 0, 0, 163, 163, 1, 5.15%, 0, 0, 2, 136.17
1746785377, 0, 0, 165, 165, 1, 5.20%, 0, 0, 2, 135.03
1746785382, 0, 0, 166, 166, 1, 5.20%, 0, 0, 2, 136.47
1746785387, 0, 0, 170, 170, 1, 5.20%, 0, 0, 2, 134.56
1746785397, 0, 0, 172, 172, 1, 5.20%, 0, 0, 2, 136.96
1746785402, 0, 0, 174, 174, 1, 5.20%, 0, 0, 2, 133.36
1746785408, 0, 0, 175, 175, 1, 5.22%, 0, 0, 2, 136.76
1746785413, 0, 0, 180, 180, 1, 5.24%, 0, 0, 2, 134.27
1746785418, 0, 0, 182, 182, 1, 5.24%, 0, 0, 2, 135.09
1746785428, 0, 0, 185, 185, 1, 5.24%, 0, 0, 2, 134.20
1746785433, 0, 0, 189, 189, 1, 5.24%, 0, 0, 2, 133.17
1746785438, 0, 0, 191, 191, 1, 5.24%, 0, 0, 2, 134.33
1746785449, 0, 0, 193, 193, 1, 5.24%, 0, 0, 2, 136.19
1746785454, 0, 0, 196, 196, 1, 5.24%, 0, 0, 2, 135.84
1746785459, 0, 0, 197, 197, 1, 5.24%, 0, 0, 2, 137.81
1746785470, 0, 0, 199, 199, 1, 5.24%, 0, 0, 2, 137.54
1746785475, 0, 0, 202, 202, 1, 5.24%, 0, 0, 2, 137.80
1746785480, 0, 0, 205, 205, 1, 5.24%, 0, 0, 2, 136.97
1746785485, 0, 0, 207, 207, 1, 5.24%, 0, 0, 2, 137.62
1746785490, 0, 0, 208, 208, 1, 5.24%, 0, 0, 2, 137.69
1746785500, 0, 0, 210, 210, 1, 5.24%, 0, 0, 2, 137.50
1746785506, 0, 2, 210, 209, 8, 5.24%, 0, 0, 2, 139.74
1746785511, 0, 44, 210, 208, 7, 5.24%, 0, 0, 2, 131.41
1746785562, 0, 44, 213, 211, 7, 5.24%, 0, 0, 3, 114.93
1746785567, 0, 44, 216, 214, 7, 5.24%, 0, 0, 3, 119.36
1746785572, 0, 44, 220, 218, 7, 5.24%, 0, 0, 3, 117.25
1746785577, 0, 44, 224, 222, 7, 5.24%, 0, 0, 3, 117.58
1746785582, 0, 44, 227, 225, 7, 5.24%, 0, 0, 3, 118.46
1746785587, 0, 44, 229, 227, 7, 5.24%, 0, 0, 3, 118.91
1746785592, 0, 44, 232, 230, 7, 5.24%, 0, 0, 3, 116.62
1746785597, 0, 44, 234, 232, 7, 5.24%, 0, 0, 3, 119.85
1746785603, 0, 44, 237, 235, 7, 5.24%, 0, 0, 3, 117.25
1746785608, 0, 44, 243, 241, 7, 5.24%, 0, 0, 3, 112.99
1746785613, 0, 44, 246, 244, 7, 5.24%, 0, 0, 3, 117.10
1746785618, 0, 44, 248, 246, 7, 5.24%, 0, 0, 3, 120.13
1746785623, 0, 44, 253, 251, 7, 5.25%, 0, 0, 3, 115.88
1746785628, 0, 44, 254, 252, 7, 5.25%, 0, 0, 3, 121.48
1746785633, 0, 44, 256, 254, 7, 5.25%, 0, 0, 3, 121.57
1746785639, 0, 44, 257, 255, 7, 5.25%, 0, 0, 3, 121.76
1746785644, 0, 44, 258, 256, 7, 5.25%, 0, 0, 3, 119.64
1746785649, 0, 44, 263, 261, 7, 5.25%, 0, 0, 3, 117.58
1746785659, 0, 44, 267, 265, 7, 5.25%, 0, 0, 3, 117.45
1746785664, 0, 44, 269, 267, 7, 5.25%, 0, 0, 3, 118.05
1746785669, 0, 44, 270, 268, 7, 5.25%, 0, 0, 3, 121.18
1746785674, 0, 44, 274, 272, 7, 5.25%, 0, 0, 3, 117.47
1746785680, 0, 44, 276, 274, 7, 5.25%, 0, 0, 3, 119.53
1746785685, 0, 44, 279, 277, 7, 5.25%, 0, 0, 3, 117.51
1746785690, 0, 44, 283, 281, 7, 5.25%, 0, 0, 3, 119.37
1746785695, 0, 44, 284, 282, 7, 5.25%, 0, 0, 3, 121.00
1746785700, 0, 44, 286, 284, 7, 5.25%, 0, 0, 3, 120.68
1746785705, 0, 44, 289, 287, 7, 5.25%, 0, 0, 3, 119.38
1746785715, 0, 44, 290, 288, 7, 5.25%, 0, 0, 3, 121.51
1746785720, 0, 44, 292, 290, 7, 5.25%, 0, 0, 3, 121.04
1746785725, 0, 44, 294, 292, 7, 5.25%, 0, 0, 3, 119.11
1746785731, 0, 44, 295, 293, 7, 5.25%, 0, 0, 3, 120.85
1746785741, 0, 44, 297, 295, 7, 5.25%, 0, 0, 3, 119.23
1746785751, 0, 44, 298, 296, 7, 5.25%, 0, 0, 3, 122.21
1746785756, 0, 44, 300, 298, 7, 5.25%, 0, 0, 3, 119.54
1746785762, 0, 44, 301, 299, 7, 5.25%, 0, 0, 3, 119.55
1746785767, 0, 44, 304, 302, 7, 5.25%, 0, 0, 3, 119.04
1746785772, 0, 44, 306, 304, 7, 5.26%, 0, 0, 3, 117.25
1746785782, 0, 44, 307, 305, 7, 5.26%, 0, 0, 3, 121.77
1746785787, 0, 44, 308, 306, 7, 5.26%, 0, 0, 3, 121.99
1746785793, 0, 44, 311, 309, 7, 5.26%, 0, 0, 3, 121.53
1746785798, 0, 44, 313, 311, 7, 5.26%, 0, 0, 3, 118.61
1746785803, 0, 44, 316, 314, 7, 5.27%, 0, 0, 3, 116.10
1746785808, 0, 44, 318, 316, 7, 5.27%, 0, 0, 3, 116.72
1746785813, 0, 44, 321, 319, 7, 5.27%, 0, 0, 3, 117.44
1746785818, 0, 44, 322, 320, 7, 5.27%, 0, 0, 3, 121.06
1746785823, 0, 44, 324, 322, 7, 5.27%, 0, 0, 3, 118.91
1746785828, 0, 44, 325, 323, 7, 5.27%, 0, 0, 3, 120.68
1746785834, 0, 44, 326, 324, 7, 5.27%, 0, 0, 3, 121.74
1746785844, 0, 56, 326, 323, 14, 5.27%, 0, 0, 3, 116.70
1746785885, 0, 83, 326, 322, 13, 5.27%, 0, 0, 3, 120.46
1746785945, 0, 83, 327, 323, 13, 5.27%, 0, 0, 3, 117.87
1746785950, 0, 83, 329, 325, 13, 5.27%, 0, 0, 3, 115.82
1746785956, 0, 83, 331, 327, 13, 5.27%, 0, 0, 3, 113.98
1746785966, 0, 83, 332, 328, 13, 5.27%, 0, 0, 3, 117.40
1746785971, 0, 83, 335, 331, 13, 5.28%, 0, 0, 3, 115.21
1746785982, 0, 83, 337, 333, 13, 5.28%, 0, 0, 3, 117.34
1746786002, 0, 83, 338, 334, 13, 5.28%, 0, 0, 3, 116.88
1746786012, 0, 83, 339, 335, 13, 5.28%, 0, 0, 3, 116.92
1746786033, 0, 83, 341, 337, 13, 5.28%, 0, 0, 3, 117.13
1746786038, 0, 83, 342, 338, 13, 5.28%, 0, 0, 3, 117.18
1746786043, 0, 83, 343, 339, 13, 5.28%, 0, 0, 3, 116.69
1746786054, 0, 83, 346, 342, 13, 5.28%, 0, 0, 3, 116.98
1746786074, 0, 83, 347, 343, 13, 5.28%, 0, 0, 3, 119.59
1746786095, 0, 83, 349, 345, 13, 5.28%, 0, 0, 3, 117.46
1746786100, 0, 83, 351, 347, 13, 5.78%, 0, 0, 3, 113.83
1746786105, 0, 83, 352, 348, 13, 5.79%, 0, 0, 3, 118.49
1746786120, 0, 83, 353, 349, 13, 5.79%, 0, 0, 3, 117.39
1746786130, 0, 83, 354, 350, 13, 5.79%, 0, 0, 3, 117.74
1746786140, 0, 83, 356, 352, 13, 5.79%, 0, 0, 3, 118.06
1746786151, 0, 83, 358, 354, 13, 5.79%, 0, 0, 3, 116.19
1746786166, 0, 83, 359, 355, 13, 5.79%, 0, 0, 3, 118.05
1746786186, 0, 83, 360, 356, 13, 5.81%, 0, 0, 3, 119.09
1746786197, 0, 83, 361, 357, 13, 5.81%, 0, 0, 3, 118.15
1746786217, 0, 83, 362, 358, 13, 5.81%, 0, 0, 3, 117.77
1746786222, 0, 137, 362, 357, 10, 5.81%, 0, 0, 3, 97.99
1746786356, 0, 137, 363, 358, 10, 5.81%, 0, 0, 3, 94.29
1746786371, 0, 137, 364, 359, 10, 5.81%, 0, 0, 3, 101.62
1746786376, 0, 137, 365, 360, 10, 5.81%, 0, 0, 3, 101.92
1746786396, 0, 137, 366, 361, 10, 5.81%, 0, 0, 3, 104.59
1746786411, 0, 137, 368, 363, 10, 5.81%, 0, 0, 3, 103.22
1746786417, 0, 137, 369, 364, 10, 5.81%, 0, 0, 3, 102.74
1746786427, 0, 137, 370, 365, 10, 5.81%, 0, 0, 3, 104.57
1746786432, 0, 137, 372, 367, 10, 5.81%, 0, 0, 3, 102.53
1746786437, 0, 137, 373, 368, 10, 5.81%, 0, 0, 3, 103.59
1746786442, 0, 137, 374, 369, 10, 5.81%, 0, 0, 3, 104.64
1746786452, 0, 137, 375, 370, 10, 5.81%, 0, 0, 3, 104.89
1746786462, 0, 137, 376, 371, 10, 5.81%, 0, 0, 3, 104.02
1746786467, 0, 137, 377, 372, 10, 5.81%, 0, 0, 3, 103.54
1746786472, 0, 137, 378, 373, 10, 5.81%, 0, 0, 3, 104.42
1746786477, 0, 137, 380, 375, 10, 5.81%, 0, 0, 3, 103.78
1746786487, 0, 137, 381, 376, 10, 5.81%, 0, 0, 3, 103.98
1746786492, 0, 137, 382, 377, 10, 5.81%, 0, 0, 3, 105.65
1746786497, 0, 137, 383, 378, 10, 5.81%, 0, 0, 3, 105.05
1746786503, 0, 137, 384, 379, 10, 5.81%, 0, 0, 3, 106.91
1746786528, 0, 137, 385, 380, 10, 5.81%, 0, 0, 3, 107.03
1746786548, 0, 137, 387, 382, 10, 5.81%, 0, 0, 3, 103.06
1746786574, 0, 137, 388, 383, 10, 5.81%, 0, 0, 3, 102.96
1746786589, 0, 137, 389, 384, 10, 5.81%, 0, 0, 3, 104.38
1746786599, 0, 137, 390, 385, 10, 5.81%, 0, 0, 3, 103.88
1746786609, 0, 137, 392, 387, 10, 5.81%, 0, 0, 3, 104.44
1746786614, 0, 137, 393, 388, 10, 5.81%, 0, 0, 3, 105.27
1746786619, 0, 137, 394, 389, 10, 5.81%, 0, 0, 3, 104.25
1746786624, 0, 137, 395, 390, 10, 5.81%, 0, 0, 3, 105.67
1746786650, 0, 137, 396, 391, 10, 5.81%, 0, 0, 3, 104.51
1746786655, 0, 137, 397, 392, 10, 5.81%, 0, 0, 3, 103.65
1746786665, 0, 137, 398, 393, 10, 5.81%, 0, 0, 3, 104.18
1746786675, 0, 141, 398, 392, 11, 5.81%, 0, 0, 3, 85.51
1746786857, 0, 141, 399, 393, 11, 5.81%, 0, 0, 3, 81.14
1746786862, 0, 141, 406, 400, 11, 5.81%, 0, 0, 3, 85.07
1746786867, 0, 141, 407, 401, 11, 5.81%, 0, 0, 3, 89.51
1746786873, 0, 141, 408, 402, 11, 5.81%, 0, 0, 3, 91.31
1746786878, 0, 141, 409, 403, 11, 5.81%, 0, 0, 3, 90.02
1746786883, 0, 141, 411, 405, 11, 5.81%, 0, 0, 3, 88.73
1746786888, 0, 141, 412, 406, 11, 5.81%, 0, 0, 3, 89.29
1746786893, 0, 141, 414, 408, 11, 5.81%, 0, 0, 3, 88.26
1746786898, 0, 141, 415, 409, 11, 5.81%, 0, 0, 3, 90.75
1746786908, 0, 141, 416, 410, 11, 5.81%, 0, 0, 3, 88.71
1746786914, 0, 141, 417, 411, 11, 5.81%, 0, 0, 3, 91.22
1746786919, 0, 141, 419, 413, 11, 5.81%, 0, 0, 3, 89.39
1746786924, 0, 141, 421, 415, 11, 5.81%, 0, 0, 3, 88.52
1746786929, 0, 141, 422, 416, 11, 5.81%, 0, 0, 3, 89.61
1746786934, 0, 141, 424, 418, 11, 5.81%, 0, 0, 3, 88.32
1746786939, 0, 141, 425, 419, 11, 5.81%, 0, 0, 3, 89.40
1746786950, 0, 141, 427, 421, 11, 5.81%, 0, 0, 3, 87.68
1746786955, 0, 141, 428, 422, 11, 5.81%, 0, 0, 3, 90.53
1746786960, 0, 141, 429, 423, 11, 5.81%, 0, 0, 3, 89.26
1746786970, 0, 141, 431, 425, 11, 5.81%, 0, 0, 3, 88.32
1746786980, 0, 141, 433, 427, 11, 5.81%, 0, 0, 3, 87.96
1746786996, 0, 141, 435, 429, 11, 5.81%, 0, 0, 3, 88.91
1746787001, 0, 141, 436, 430, 11, 5.81%, 0, 0, 3, 89.67
1746787006, 0, 141, 437, 431, 11, 5.81%, 0, 0, 3, 89.27
1746787011, 0, 141, 438, 432, 11, 5.81%, 0, 0, 3, 90.30
1746787016, 0, 141, 439, 433, 11, 5.81%, 0, 0, 3, 88.81
1746787027, 0, 141, 441, 435, 11, 5.81%, 0, 0, 3, 89.60
1746787047, 0, 141, 442, 436, 11, 5.81%, 0, 0, 3, 90.63
1746787052, 0, 141, 444, 438, 11, 5.81%, 0, 0, 3, 88.67
1746787057, 0, 141, 445, 439, 11, 5.81%, 0, 0, 3, 88.18
1746787083, 0, 141, 447, 441, 11, 5.81%, 0, 0, 3, 91.19
1746787104, 0, 141, 448, 442, 11, 5.81%, 0, 0, 3, 91.85
1746787109, 0, 141, 450, 444, 11, 5.94%, 0, 0, 3, 87.36
1746787124, 0, 141, 451, 445, 11, 5.94%, 0, 0, 3, 90.77
1746787134, 0, 141, 452, 446, 11, 5.94%, 0, 0, 3, 90.92
1746787140, 0, 141, 454, 448, 11, 5.94%, 0, 0, 3, 91.18
1746787145, 0, 141, 456, 450, 11, 5.94%, 0, 0, 3, 89.55
1746787155, 0, 141, 458, 452, 11, 5.94%, 0, 0, 3, 90.74
1746787160, 0, 141, 459, 453, 11, 5.94%, 0, 0, 3, 90.38
1746787165, 0, 141, 460, 454, 11, 5.94%, 0, 0, 3, 90.08
1746787170, 0, 141, 461, 455, 11, 5.94%, 0, 0, 3, 89.98
1746787181, 0, 141, 463, 457, 11, 5.94%, 0, 0, 3, 89.81
1746787211, 0, 141, 464, 458, 11, 5.94%, 0, 0, 3, 92.04
1746787227, 0, 256, 465, 458, 14, 5.94%, 0, 0, 3, 87.97
1746787474, 0, 256, 467, 460, 14, 5.94%, 0, 0, 4, 83.91
1746787479, 0, 256, 468, 461, 14, 5.94%, 0, 0, 4, 85.70
1746787484, 0, 256, 470, 463, 14, 5.94%, 0, 0, 4, 87.17
1746787489, 0, 256, 471, 464, 14, 5.94%, 0, 0, 4, 86.74
1746787505, 0, 256, 472, 465, 14, 5.94%, 0, 0, 4, 87.26
1746787515, 0, 256, 474, 467, 14, 5.94%, 0, 0, 4, 87.28
1746787520, 0, 256, 475, 468, 14, 5.94%, 0, 0, 4, 88.65
1746787525, 0, 256, 476, 469, 14, 5.94%, 0, 0, 4, 87.02
1746787541, 0, 256, 478, 471, 14, 5.94%, 0, 0, 4, 88.21
1746787546, 0, 256, 479, 472, 14, 5.94%, 0, 0, 4, 88.48
1746787551, 0, 256, 480, 473, 14, 5.94%, 0, 0, 4, 86.38
1746787577, 0, 256, 481, 474, 14, 5.94%, 0, 0, 4, 88.42
1746787582, 0, 256, 482, 475, 14, 5.94%, 0, 0, 4, 87.57
1746787592, 0, 256, 483, 476, 14, 5.94%, 0, 0, 4, 87.65
1746787602, 0, 256, 484, 477, 14, 5.94%, 0, 0, 4, 88.49
1746787613, 0, 256, 485, 478, 14, 5.94%, 0, 0, 4, 86.37
1746787618, 0, 256, 487, 480, 14, 5.94%, 0, 0, 4, 86.27
1746787628, 0, 256, 489, 482, 14, 5.94%, 0, 0, 4, 86.42
1746787638, 0, 256, 490, 483, 14, 5.94%, 0, 0, 4, 88.82
1746787679, 0, 256, 492, 485, 14, 5.94%, 0, 0, 4, 86.73
1746787695, 0, 256, 493, 486, 14, 5.94%, 0, 0, 4, 87.16
1746787731, 0, 256, 496, 489, 14, 5.94%, 0, 0, 4, 87.73
1746787736, 0, 256, 497, 490, 14, 5.94%, 0, 0, 4, 87.68
1746787741, 0, 256, 499, 492, 14, 5.94%, 0, 0, 4, 87.07
1746787772, 0, 256, 501, 494, 14, 5.94%, 0, 0, 4, 87.05
1746787782, 0, 256, 502, 495, 14, 5.94%, 0, 0, 4, 87.31
1746787787, 0, 256, 503, 496, 14, 5.94%, 0, 0, 4, 85.39
1746787839, 0, 256, 504, 497, 14, 5.94%, 0, 0, 4, 88.87
1746787844, 0, 256, 505, 498, 14, 5.94%, 0, 0, 4, 85.99
1746787849, 0, 291, 505, 497, 13, 5.94%, 0, 0, 4, 70.40
1746788098, 0, 291, 506, 498, 13, 5.94%, 0, 0, 4, 71.83
1746788114, 0, 291, 507, 499, 13, 5.95%, 0, 0, 4, 75.75
1746788119, 0, 291, 509, 501, 13, 5.95%, 0, 0, 4, 74.32
1746788124, 0, 291, 510, 502, 13, 5.95%, 0, 0, 4, 76.03
1746788129, 0, 291, 511, 503, 13, 5.95%, 0, 0, 4, 74.65
1746788134, 0, 291, 512, 504, 13, 5.95%, 0, 0, 4, 74.10
1746788139, 0, 291, 513, 505, 13, 5.95%, 0, 0, 4, 74.43
1746788144, 0, 291, 515, 507, 13, 5.95%, 0, 0, 4, 72.86
1746788155, 0, 291, 516, 508, 13, 5.95%, 0, 0, 4, 74.97
1746788175, 0, 291, 517, 509, 13, 5.95%, 0, 0, 4, 75.26
1746788186, 0, 291, 518, 510, 13, 5.95%, 0, 0, 4, 75.31
1746788196, 0, 291, 519, 511, 13, 5.95%, 0, 0, 4, 74.53
1746788217, 0, 291, 520, 512, 13, 5.95%, 0, 0, 4, 75.54
1746788222, 0, 291, 521, 513, 13, 5.95%, 0, 0, 4, 73.61
1746788232, 0, 291, 522, 514, 13, 5.95%, 0, 0, 4, 74.62
1746788253, 0, 291, 523, 515, 13, 5.95%, 0, 0, 4, 74.48
1746788263, 0, 291, 524, 516, 13, 5.95%, 0, 0, 4, 74.35
1746788289, 0, 291, 525, 517, 13, 5.95%, 0, 0, 4, 74.28
1746788299, 0, 291, 526, 518, 13, 5.95%, 0, 0, 4, 76.19
1746788309, 0, 291, 528, 520, 13, 5.95%, 0, 0, 4, 73.64
1746788315, 0, 291, 529, 521, 13, 5.95%, 0, 0, 4, 74.83
1746788325, 0, 291, 530, 522, 13, 5.95%, 0, 0, 4, 74.75
1746788330, 0, 291, 531, 523, 13, 5.95%, 0, 0, 4, 75.51
1746788340, 0, 291, 532, 524, 13, 5.95%, 0, 0, 4, 76.33
1746788356, 0, 291, 533, 525, 13, 5.95%, 0, 0, 4, 72.78
1746788366, 0, 291, 534, 526, 13, 5.95%, 0, 0, 4, 75.82
1746788382, 0, 291, 535, 527, 13, 5.95%, 0, 0, 4, 74.34
1746788428, 0, 291, 536, 528, 13, 5.95%, 0, 0, 4, 73.17
1746788433, 0, 291, 537, 529, 13, 5.95%, 0, 0, 4, 72.19
1746788438, 0, 291, 540, 532, 13, 5.95%, 0, 0, 4, 72.24
1746788444, 0, 291, 541, 533, 13, 5.95%, 0, 0, 4, 74.05
1746788500, 0, 291, 542, 534, 13, 5.95%, 0, 0, 4, 74.75
1746788531, 0, 291, 543, 535, 13, 5.95%, 0, 0, 4, 74.34
1746788537, 0, 336, 543, 534, 14, 5.95%, 0, 0, 4, 61.73
1746788925, 0, 336, 546, 537, 14, 5.95%, 0, 0, 4, 62.99
1746788930, 0, 336, 548, 539, 14, 5.95%, 0, 0, 4, 65.25
1746788935, 0, 336, 549, 540, 14, 5.95%, 0, 0, 4, 65.66
1746788940, 0, 336, 550, 541, 14, 5.95%, 0, 0, 4, 66.07
1746788950, 0, 336, 551, 542, 14, 5.95%, 0, 0, 4, 65.00
1746788955, 0, 336, 553, 544, 14, 5.95%, 0, 0, 4, 65.41
1746788961, 0, 336, 555, 546, 14, 5.95%, 0, 0, 4, 65.84
1746788966, 0, 336, 557, 548, 14, 5.95%, 0, 0, 4, 65.24
1746788976, 0, 336, 558, 549, 14, 5.95%, 0, 0, 4, 66.98
1746788981, 0, 336, 559, 550, 14, 5.95%, 0, 0, 4, 67.53
1746788987, 0, 336, 560, 551, 14, 5.95%, 0, 0, 4, 66.75
1746788992, 0, 336, 561, 552, 14, 5.95%, 0, 0, 4, 65.07
1746789007, 0, 336, 562, 553, 14, 5.95%, 0, 0, 4, 66.48
1746789012, 0, 336, 563, 554, 14, 5.95%, 0, 0, 4, 67.01
1746789017, 0, 336, 564, 555, 14, 5.95%, 0, 0, 4, 66.08
1746789022, 0, 336, 565, 556, 14, 5.95%, 0, 0, 4, 64.74
1746789027, 0, 336, 566, 557, 14, 5.95%, 0, 0, 4, 66.28
1746789038, 0, 336, 567, 558, 14, 5.95%, 0, 0, 4, 66.48
1746789043, 0, 336, 568, 559, 14, 5.95%, 0, 0, 4, 65.60
1746789110, 0, 336, 569, 560, 14, 5.95%, 0, 0, 4, 64.96
1746789120, 0, 336, 570, 561, 14, 5.95%, 0, 0, 4, 65.83
1746789146, 0, 336, 571, 562, 14, 5.95%, 0, 0, 4, 65.44
1746789192, 0, 336, 572, 563, 14, 5.95%, 0, 0, 4, 66.28
1746789208, 0, 336, 573, 564, 14, 5.95%, 0, 0, 4, 65.83
1746789213, 0, 336, 574, 565, 14, 5.95%, 0, 0, 4, 66.30
1746789218, 0, 336, 575, 566, 14, 5.95%, 0, 0, 4, 66.57
1746789310, 0, 336, 576, 567, 14, 5.95%, 0, 0, 4, 65.97
1746789321, 0, 336, 577, 568, 14, 5.95%, 0, 0, 4, 66.53
1746789341, 0, 336, 578, 569, 14, 5.95%, 0, 0, 4, 67.17
1746789357, 0, 336, 579, 570, 14, 5.95%, 0, 0, 4, 66.36
1746789403, 0, 336, 581, 572, 14, 5.95%, 0, 0, 4, 65.07
1746789413, 0, 336, 582, 573, 14, 5.95%, 0, 0, 4, 65.12
1746789424, 0, 361, 582, 572, 13, 5.95%, 0, 0, 4, 72.22
1746789656, 0, 361, 583, 573, 13, 5.95%, 0, 0, 4, 83.19
1746789677, 0, 401, 583, 572, 12, 5.95%, 0, 0, 4, 79.55
1746789950, 0, 439, 583, 571, 11, 5.95%, 0, 0, 4, 80.55
1746789965, 0, 439, 584, 572, 11, 5.95%, 0, 0, 4, 55.66
1746789986, 0, 439, 585, 573, 11, 5.95%, 0, 0, 4, 55.48
1746790482, 0, 439, 592, 580, 11, 5.95%, 0, 0, 4, 60.68
1746790487, 0, 439, 599, 587, 11, 5.95%, 0, 0, 4, 60.41
1746790493, 0, 439, 601, 589, 11, 5.95%, 0, 0, 4, 62.57
1746790498, 0, 439, 608, 596, 11, 5.95%, 0, 0, 4, 61.84
1746790503, 0, 439, 614, 602, 11, 5.95%, 0, 0, 4, 61.92
1746790508, 0, 439, 617, 605, 11, 5.95%, 0, 0, 4, 63.48
1746790513, 0, 439, 620, 608, 11, 5.95%, 0, 0, 4, 62.47
1746790518, 0, 439, 624, 612, 11, 5.98%, 0, 0, 4, 59.50
1746790523, 0, 439, 626, 614, 11, 5.98%, 0, 0, 4, 62.60
1746790529, 0, 439, 627, 615, 11, 5.98%, 0, 0, 4, 62.54
1746790534, 0, 439, 628, 616, 11, 5.98%, 0, 0, 4, 64.44
1746790544, 0, 439, 630, 618, 11, 5.98%, 0, 0, 4, 62.43
1746790549, 0, 439, 631, 619, 11, 5.98%, 0, 0, 4, 64.72
1746790554, 0, 439, 632, 620, 11, 5.98%, 0, 0, 4, 65.05
1746790564, 0, 439, 633, 621, 11, 5.98%, 0, 0, 4, 62.63
1746790585, 0, 439, 635, 623, 11, 5.98%, 0, 0, 4, 63.13
1746790590, 0, 439, 637, 625, 11, 5.98%, 0, 0, 4, 61.77
1746790595, 0, 439, 638, 626, 11, 5.98%, 0, 0, 4, 63.29
1746790605, 0, 439, 639, 627, 11, 5.98%, 0, 0, 4, 64.28
1746790610, 0, 439, 640, 628, 11, 5.98%, 0, 0, 4, 62.83
1746790620, 0, 439, 641, 629, 11, 5.98%, 0, 0, 4, 62.17
1746790651, 0, 439, 642, 630, 11, 5.98%, 0, 0, 4, 61.94
1746790672, 0, 439, 643, 631, 11, 5.99%, 0, 0, 4, 60.69
1746790682, 0, 439, 644, 632, 11, 5.99%, 0, 0, 4, 64.79
1746790687, 0, 439, 645, 633, 11, 5.99%, 0, 0, 4, 63.77
1746790693, 0, 439, 646, 634, 11, 5.99%, 0, 0, 4, 62.51
1746790708, 0, 439, 647, 635, 11, 5.99%, 0, 0, 4, 63.70
1746790713, 0, 439, 648, 636, 11, 5.99%, 0, 0, 4, 62.11
1746790734, 0, 439, 649, 637, 11, 6.00%, 0, 0, 4, 63.61
1746790739, 0, 439, 650, 638, 11, 6.00%, 0, 0, 4, 63.60
1746790770, 0, 439, 652, 640, 11, 6.00%, 0, 0, 4, 62.65
1746790775, 0, 439, 653, 641, 11, 6.00%, 0, 0, 4, 63.82
1746790801, 0, 439, 654, 642, 11, 6.00%, 0, 0, 4, 63.38
1746790811, 0, 439, 655, 643, 11, 6.00%, 0, 0, 4, 63.45
1746790821, 0, 439, 656, 644, 11, 6.00%, 0, 0, 4, 62.46
1746790909, 0, 439, 657, 645, 11, 6.00%, 0, 0, 4, 63.94
1746790914, 0, 439, 658, 646, 11, 6.00%, 0, 0, 4, 63.48
1746790925, 0, 439, 659, 647, 11, 6.09%, 0, 0, 4, 63.37
1746790961, 0, 439, 660, 648, 11, 6.09%, 0, 0, 4, 62.69
1746790992, 0, 439, 661, 649, 11, 6.09%, 0, 0, 4, 62.91
1746791007, 0, 447, 662, 649, 12, 6.09%, 0, 0, 4, 68.73
1746791280, 0, 477, 662, 648, 11, 6.09%, 0, 0, 4, 79.40
1746791532, 0, 481, 662, 647, 10, 6.09%, 0, 0, 4, 88.64
1746791774, 0, 481, 663, 648, 10, 6.09%, 0, 0, 5, 88.08
1746791815, 0, 493, 663, 647, 9, 6.09%, 0, 0, 5, 84.69
1746792065, 0, 539, 663, 646, 8, 6.09%, 0, 0, 5, 60.02
1746792849, 0, 539, 664, 647, 8, 6.09%, 0, 0, 5, 50.78
1746792854, 0, 539, 666, 649, 8, 6.09%, 0, 0, 5, 50.62
1746792859, 0, 539, 668, 651, 8, 6.09%, 0, 0, 5, 50.51
1746792874, 0, 539, 669, 652, 8, 6.09%, 0, 0, 5, 50.90
1746792889, 0, 539, 670, 653, 8, 6.09%, 0, 0, 5, 50.29
1746792899, 0, 539, 671, 654, 8, 6.09%, 0, 0, 5, 51.05
1746792909, 0, 539, 672, 655, 8, 6.09%, 0, 0, 5, 52.75
1746792930, 0, 539, 673, 656, 8, 6.09%, 0, 0, 5, 51.49
1746792935, 0, 539, 674, 657, 8, 6.09%, 0, 0, 5, 49.76
1746792970, 0, 539, 675, 658, 8, 6.09%, 0, 0, 5, 52.81
1746792975, 0, 539, 677, 660, 8, 6.09%, 0, 0, 5, 49.72
1746792980, 0, 539, 678, 661, 8, 6.09%, 0, 0, 5, 51.35
1746792995, 0, 539, 679, 662, 8, 6.09%, 0, 0, 5, 52.28
1746793021, 0, 539, 680, 663, 8, 6.09%, 0, 0, 5, 52.30
1746793026, 0, 539, 681, 664, 8, 6.09%, 0, 0, 5, 51.34
1746793041, 0, 539, 682, 665, 8, 6.09%, 0, 0, 5, 51.18
1746793046, 0, 539, 683, 666, 8, 6.09%, 0, 0, 5, 50.85
1746793051, 0, 539, 684, 667, 8, 6.09%, 0, 0, 5, 49.44
1746793081, 0, 539, 685, 668, 8, 6.09%, 0, 0, 5, 50.57
1746793101, 0, 539, 686, 669, 8, 6.09%, 0, 0, 5, 51.11
1746793132, 0, 539, 687, 670, 8, 6.09%, 0, 0, 5, 50.92
1746793177, 0, 539, 688, 671, 8, 6.09%, 0, 0, 5, 51.56
1746793182, 0, 539, 689, 672, 8, 6.09%, 0, 0, 5, 51.76
1746793212, 0, 539, 690, 673, 8, 6.09%, 0, 0, 5, 52.06
1746793258, 0, 539, 692, 675, 8, 6.09%, 0, 0, 5, 50.70
1746793329, 0, 586, 692, 674, 8, 6.09%, 0, 0, 5, 54.59
1746793880, 0, 591, 692, 673, 7, 6.09%, 0, 0, 5, 64.05
1746794348, 0, 591, 693, 674, 7, 6.09%, 0, 0, 5, 62.83
1746794368, 0, 591, 694, 675, 7, 6.09%, 0, 0, 5, 61.51
1746794399, 0, 591, 695, 676, 7, 6.09%, 0, 0, 5, 62.71
1746794528, 0, 591, 696, 677, 7, 6.09%, 0, 0, 5, 61.47
1746794553, 0, 591, 698, 679, 7, 6.09%, 0, 0, 5, 60.23
1746794640, 0, 591, 699, 680, 7, 6.09%, 0, 0, 5, 60.17
1746794645, 0, 591, 700, 681, 7, 6.09%, 0, 0, 5, 62.07
1746794691, 0, 591, 701, 682, 7, 6.09%, 0, 0, 5, 61.37
1746794742, 0, 591, 702, 683, 7, 6.09%, 0, 0, 5, 62.31
1746794794, 0, 591, 704, 685, 7, 6.09%, 0, 0, 5, 62.25
1746794860, 0, 591, 705, 686, 7, 6.09%, 0, 0, 5, 61.45
1746794865, 0, 648, 705, 685, 6, 6.09%, 0, 0, 5, 58.56
1746795797, 0, 648, 706, 686, 6, 6.09%, 0, 0, 5, 43.04
1746795802, 0, 648, 710, 690, 6, 6.09%, 0, 0, 5, 45.19
1746795808, 0, 648, 714, 694, 6, 6.10%, 0, 0, 5, 44.82
1746795813, 0, 648, 715, 695, 6, 6.10%, 0, 0, 5, 45.67
1746795818, 0, 648, 716, 696, 6, 6.10%, 0, 0, 5, 46.28
1746795823, 0, 648, 718, 698, 6, 6.10%, 0, 0, 5, 46.17
1746795858, 0, 648, 719, 699, 6, 6.10%, 0, 0, 5, 48.27
1746795863, 0, 648, 720, 700, 6, 6.10%, 0, 0, 5, 46.45
1746795868, 0, 648, 722, 702, 6, 6.10%, 0, 0, 5, 46.23
1746795873, 0, 648, 723, 703, 6, 6.10%, 0, 0, 5, 46.46
1746795889, 0, 648, 724, 704, 6, 6.10%, 0, 0, 5, 46.55
1746795899, 0, 648, 725, 705, 6, 6.10%, 0, 0, 5, 45.93
1746795904, 0, 648, 726, 706, 6, 6.10%, 0, 0, 5, 46.72
1746795909, 0, 648, 728, 708, 6, 6.10%, 0, 0, 5, 45.25
1746795929, 0, 648, 729, 709, 6, 6.10%, 0, 0, 5, 45.74
1746795934, 0, 648, 731, 711, 6, 6.10%, 0, 0, 5, 45.00
1746795980, 0, 648, 732, 712, 6, 6.10%, 0, 0, 5, 46.56
1746796020, 0, 648, 733, 713, 6, 6.10%, 0, 0, 5, 46.86
1746796046, 0, 648, 734, 714, 6, 6.10%, 0, 0, 5, 47.21
1746796056, 0, 648, 735, 715, 6, 6.10%, 0, 0, 5, 46.28
1746796066, 0, 648, 736, 716, 6, 6.10%, 0, 0, 5, 45.86
1746796071, 0, 648, 737, 717, 6, 6.10%, 0, 0, 5, 47.12
1746796092, 0, 648, 738, 718, 6, 6.10%, 0, 0, 5, 46.61
1746796102, 0, 648, 739, 719, 6, 6.10%, 0, 0, 5, 46.59
1746796127, 0, 648, 740, 720, 6, 6.10%, 0, 0, 5, 47.03
1746796132, 0, 648, 741, 721, 6, 6.10%, 0, 0, 5, 46.01
1746796193, 0, 648, 742, 722, 6, 6.10%, 0, 0, 5, 46.87
1746796233, 0, 648, 743, 723, 6, 6.10%, 0, 0, 5, 46.46
1746796238, 0, 648, 746, 726, 6, 6.10%, 0, 0, 5, 45.91
1746796259, 0, 648, 747, 727, 6, 6.10%, 0, 0, 5, 46.83
1746796309, 0, 648, 748, 728, 6, 6.10%, 0, 0, 5, 46.15
1746796330, 0, 649, 748, 727, 6, 6.10%, 0, 0, 5, 50.57
1746796869, 0, 652, 748, 726, 6, 6.10%, 0, 0, 5, 54.42
1746797427, 0, 658, 748, 725, 6, 6.10%, 0, 0, 5, 58.37
1746797443, 0, 658, 758, 735, 6, 6.10%, 0, 0, 5, 50.77
1746797448, 0, 658, 761, 738, 6, 6.11%, 0, 0, 5, 50.68
1746797453, 0, 658, 762, 739, 6, 6.11%, 0, 0, 5, 51.03
1746797505, 0, 658, 763, 740, 6, 6.12%, 0, 0, 5, 51.13
1746797833, 0, 658, 764, 741, 6, 6.12%, 0, 0, 5, 51.47
1746797849, 0, 658, 765, 742, 6, 6.12%, 0, 0, 5, 51.00
1746797962, 0, 658, 766, 743, 6, 6.12%, 0, 0, 5, 51.28
1746797978, 0, 658, 767, 744, 6, 6.12%, 0, 0, 5, 51.11
1746798035, 0, 658, 768, 745, 6, 6.12%, 0, 0, 5, 51.15
1746798055, 0, 658, 770, 747, 6, 6.12%, 0, 0, 5, 55.97
1746798071, 0, 658, 771, 748, 6, 6.12%, 0, 0, 5, 58.77
1746798076, 0, 658, 772, 749, 6, 6.12%, 0, 0, 5, 59.31
1746798086, 0, 658, 773, 750, 6, 6.12%, 0, 0, 5, 59.74
1746798091, 0, 658, 774, 751, 6, 6.12%, 0, 0, 5, 58.98
1746798101, 0, 658, 775, 752, 6, 6.12%, 0, 0, 5, 57.35
1746798107, 0, 658, 776, 753, 6, 6.12%, 0, 0, 5, 59.52
1746798122, 0, 658, 778, 755, 6, 6.12%, 0, 0, 5, 59.51
1746798132, 0, 658, 779, 756, 6, 6.25%, 0, 0, 5, 58.80
1746798153, 0, 658, 781, 758, 6, 6.25%, 0, 0, 5, 58.64
1746798173, 0, 658, 782, 759, 6, 6.25%, 0, 0, 5, 60.95
1746798199, 0, 658, 783, 760, 6, 6.25%, 0, 0, 5, 60.95
1746798235, 0, 658, 785, 762, 6, 6.26%, 0, 0, 5, 59.06
1746798286, 0, 658, 786, 763, 6, 6.26%, 0, 0, 5, 59.40
1746798301, 0, 658, 787, 764, 6, 6.26%, 0, 0, 5, 58.52
1746798475, 0, 658, 788, 765, 6, 6.26%, 0, 0, 5, 58.12
1746798480, 0, 658, 789, 766, 6, 6.26%, 0, 0, 5, 58.49
1746798567, 0, 658, 790, 767, 6, 6.26%, 0, 0, 5, 59.83
1746798577, 0, 658, 792, 769, 6, 6.26%, 0, 0, 5, 57.79
1746798582, 0, 658, 794, 771, 6, 6.26%, 0, 0, 5, 59.84
1746798613, 0, 705, 794, 770, 11, 6.26%, 0, 0, 5, 47.60
1746799566, 0, 705, 795, 771, 11, 6.28%, 0, 0, 6, 45.57
1746799571, 0, 705, 796, 772, 11, 6.28%, 0, 0, 6, 46.72
1746799606, 0, 705, 797, 773, 11, 6.28%, 0, 0, 6, 45.70
1746799647, 0, 705, 798, 774, 11, 6.28%, 0, 0, 6, 47.03
1746799672, 0, 705, 799, 775, 11, 6.28%, 0, 0, 6, 46.41
1746799814, 0, 705, 800, 776, 11, 6.28%, 0, 0, 6, 45.94
1746799855, 0, 705, 801, 777, 11, 6.28%, 0, 0, 6, 46.05
1746799890, 0, 705, 802, 778, 11, 6.28%, 0, 0, 6, 46.41
1746800067, 0, 705, 803, 779, 11, 6.29%, 0, 0, 6, 45.55
1746800077, 0, 705, 804, 780, 11, 6.29%, 0, 0, 6, 46.28
1746800083, 0, 719, 804, 779, 11, 6.29%, 0, 0, 6, 38.40
1746801646, 0, 719, 806, 781, 11, 6.29%, 0, 0, 6, 32.40
1746801651, 0, 719, 811, 786, 11, 6.29%, 0, 0, 6, 34.96
1746801656, 0, 719, 814, 789, 11, 6.29%, 0, 0, 6, 36.49
1746801661, 0, 719, 815, 790, 11, 6.29%, 0, 0, 6, 36.69
1746801666, 0, 719, 816, 791, 11, 6.29%, 0, 0, 6, 36.49
1746801672, 0, 719, 817, 792, 11, 6.29%, 0, 0, 6, 36.98
1746801697, 0, 719, 818, 793, 11, 6.29%, 0, 0, 6, 36.95
1746801717, 0, 719, 819, 794, 11, 6.29%, 0, 0, 6, 37.09
1746801722, 0, 719, 820, 795, 11, 6.29%, 0, 0, 6, 36.87
1746801733, 0, 719, 821, 796, 11, 6.29%, 0, 0, 6, 37.01
1746801738, 0, 719, 822, 797, 11, 6.29%, 0, 0, 6, 36.37
1746801743, 0, 719, 823, 798, 11, 6.29%, 0, 0, 6, 36.25
1746801748, 0, 719, 824, 799, 11, 6.29%, 0, 0, 6, 36.18
1746801753, 0, 719, 825, 800, 11, 6.29%, 0, 0, 6, 36.63
1746801758, 0, 719, 826, 801, 11, 6.29%, 0, 0, 6, 36.48
1746801763, 0, 719, 827, 802, 11, 6.29%, 0, 0, 6, 36.56
1746801779, 0, 719, 828, 803, 11, 6.29%, 0, 0, 6, 36.74
1746801789, 0, 719, 831, 806, 11, 6.29%, 0, 0, 6, 35.96
1746801794, 0, 719, 832, 807, 11, 6.29%, 0, 0, 6, 36.21
1746801825, 0, 719, 833, 808, 11, 6.29%, 0, 0, 6, 36.72
1746801861, 0, 719, 834, 809, 11, 6.29%, 0, 0, 6, 37.25
1746801892, 0, 719, 835, 810, 11, 6.29%, 0, 0, 6, 37.20
1746801897, 0, 719, 836, 811, 11, 6.29%, 0, 0, 6, 37.83
1746801902, 0, 719, 837, 812, 11, 6.29%, 0, 0, 6, 36.91
1746801923, 0, 719, 838, 813, 11, 6.29%, 0, 0, 6, 36.72
1746801963, 0, 719, 839, 814, 11, 6.29%, 0, 0, 6, 37.48
1746801974, 0, 719, 840, 815, 11, 6.29%, 0, 0, 6, 37.52
1746801979, 0, 719, 841, 816, 11, 6.29%, 0, 0, 6, 36.71
1746802020, 0, 719, 842, 817, 11, 6.29%, 0, 0, 6, 36.53
1746802035, 0, 719, 844, 819, 11, 6.29%, 0, 0, 6, 36.12
1746802097, 0, 719, 846, 821, 11, 6.29%, 0, 0, 6, 37.34
1746802122, 0, 719, 847, 822, 11, 6.29%, 0, 0, 6, 37.95
1746802148, 0, 719, 848, 823, 11, 6.29%, 0, 0, 6, 36.75
1746802178, 0, 719, 849, 824, 11, 6.29%, 0, 0, 6, 37.74
1746802219, 0, 719, 850, 825, 11, 6.29%, 0, 0, 6, 36.89
1746802280, 0, 719, 852, 827, 11, 6.29%, 0, 0, 6, 36.18
1746802311, 0, 719, 853, 828, 11, 6.29%, 0, 0, 6, 36.64
1746802316, 0, 764, 853, 827, 11, 6.29%, 0, 0, 6, 41.17
1746802977, 0, 780, 853, 826, 10, 6.29%, 0, 0, 6, 56.19
1746803553, 0, 780, 854, 827, 10, 6.29%, 0, 0, 6, 63.09
1746803558, 0, 780, 855, 828, 10, 6.29%, 0, 0, 6, 63.83
1746803563, 0, 780, 856, 829, 10, 6.36%, 0, 0, 6, 61.02
1746803609, 0, 780, 857, 830, 10, 6.36%, 0, 0, 6, 61.87
1746803619, 0, 780, 858, 831, 10, 6.36%, 0, 0, 6, 61.97
1746803630, 0, 780, 859, 832, 10, 6.36%, 0, 0, 6, 62.70
1746803702, 0, 780, 860, 833, 10, 6.36%, 0, 0, 6, 61.85
1746803717, 0, 780, 861, 834, 10, 6.36%, 0, 0, 6, 62.46
1746803810, 0, 780, 862, 835, 10, 6.36%, 0, 0, 6, 62.63
1746803856, 0, 780, 863, 836, 10, 6.36%, 0, 0, 6, 61.35
1746803892, 0, 780, 864, 837, 10, 6.36%, 0, 0, 6, 62.74
1746804021, 0, 780, 865, 838, 10, 6.36%, 0, 0, 6, 62.68
1746804041, 0, 781, 865, 837, 11, 6.36%, 0, 0, 6, 62.32
1746804439, 0, 782, 865, 836, 10, 6.36%, 0, 0, 6, 65.07
1746804849, 0, 784, 865, 835, 9, 6.36%, 0, 0, 6, 53.98
1746804865, 0, 784, 866, 836, 9, 6.36%, 0, 0, 6, 39.07
1746804880, 0, 784, 868, 838, 9, 6.43%, 0, 0, 6, 39.13
1746804895, 0, 784, 869, 839, 9, 6.43%, 0, 0, 6, 39.01
1746804900, 0, 784, 870, 840, 9, 6.43%, 0, 0, 6, 38.99
1746805034, 0, 784, 871, 841, 9, 6.43%, 0, 0, 6, 39.15
1746805794, 0, 784, 873, 843, 9, 6.43%, 0, 0, 6, 43.07
1746805799, 0, 784, 874, 844, 9, 6.43%, 0, 0, 6, 44.31
1746805809, 0, 784, 877, 847, 9, 6.43%, 0, 0, 6, 43.83
1746805814, 0, 784, 878, 848, 9, 6.43%, 0, 0, 6, 44.84
1746805824, 0, 784, 879, 849, 9, 6.43%, 0, 0, 6, 44.84
1746805829, 0, 784, 880, 850, 9, 6.43%, 0, 0, 6, 44.57
1746805834, 0, 784, 881, 851, 9, 6.43%, 0, 0, 6, 45.21
1746805840, 0, 784, 882, 852, 9, 6.43%, 0, 0, 6, 45.55
1746805855, 0, 784, 883, 853, 9, 6.43%, 0, 0, 6, 45.33
1746805860, 0, 784, 884, 854, 9, 6.43%, 0, 0, 6, 44.14
1746805870, 0, 784, 885, 855, 9, 6.43%, 0, 0, 6, 44.12
1746805875, 0, 784, 886, 856, 9, 6.43%, 0, 0, 6, 44.39
1746805890, 0, 784, 887, 857, 9, 6.43%, 0, 0, 6, 45.16
1746805900, 0, 784, 889, 859, 9, 6.43%, 0, 0, 6, 44.44
1746805911, 0, 784, 890, 860, 9, 6.43%, 0, 0, 6, 44.72
1746805956, 0, 784, 891, 861, 9, 6.43%, 0, 0, 6, 43.94
1746805982, 0, 784, 892, 862, 9, 6.43%, 0, 0, 6, 45.43
1746805987, 0, 784, 893, 863, 9, 6.43%, 0, 0, 6, 44.24
1746806068, 0, 784, 894, 864, 9, 6.43%, 0, 0, 6, 46.45
1746806083, 0, 784, 895, 865, 9, 6.43%, 0, 0, 6, 44.61
1746806099, 0, 784, 897, 867, 9, 6.43%, 0, 0, 6, 45.88
1746806104, 0, 784, 898, 868, 9, 6.43%, 0, 0, 6, 44.82
1746806246, 0, 784, 899, 869, 9, 6.43%, 0, 0, 6, 44.49
1746806282, 0, 784, 900, 870, 9, 6.43%, 0, 0, 6, 44.02
1746806343, 0, 794, 900, 869, 11, 6.43%, 0, 0, 6, 39.67
1746806368, 0, 794, 902, 871, 11, 6.43%, 0, 0, 7, 28.08
1746808528, 0, 794, 903, 872, 11, 6.43%, 0, 0, 7, 27.47
1746808640, 0, 794, 907, 876, 11, 6.43%, 0, 0, 7, 30.06
1746808645, 0, 794, 911, 880, 11, 6.43%, 0, 0, 7, 30.13
1746808655, 0, 794, 913, 882, 11, 6.43%, 0, 0, 7, 30.70
1746808676, 0, 794, 916, 885, 11, 6.43%, 0, 0, 7, 30.49
1746808686, 0, 794, 917, 886, 11, 6.43%, 0, 0, 7, 30.82
1746808691, 0, 794, 918, 887, 11, 6.43%, 0, 0, 7, 31.45
1746808696, 0, 794, 919, 888, 11, 6.43%, 0, 0, 7, 30.54
1746808701, 0, 794, 921, 890, 11, 6.43%, 0, 0, 7, 30.26
1746808717, 0, 794, 923, 892, 11, 6.43%, 0, 0, 7, 30.87
1746808727, 0, 794, 925, 894, 11, 6.44%, 0, 0, 7, 30.45
1746808753, 0, 794, 926, 895, 11, 6.44%, 0, 0, 7, 31.52
1746808773, 0, 794, 927, 896, 11, 6.44%, 0, 0, 7, 31.48
1746808784, 0, 794, 930, 899, 11, 6.44%, 0, 0, 7, 30.66
1746808834, 0, 794, 932, 901, 11, 6.44%, 0, 0, 7, 30.50
1746808855, 0, 794, 933, 902, 11, 6.44%, 0, 0, 7, 31.86
1746808896, 0, 794, 934, 903, 11, 6.44%, 0, 0, 7, 31.39
1746808911, 0, 794, 935, 904, 11, 6.44%, 0, 0, 7, 31.53
1746808957, 0, 794, 936, 905, 11, 6.44%, 0, 0, 7, 31.24
1746808963, 0, 794, 938, 907, 11, 6.44%, 0, 0, 7, 30.59
1746808993, 0, 794, 939, 908, 11, 6.44%, 0, 0, 7, 31.63
1746809004, 0, 794, 940, 909, 11, 6.44%, 0, 0, 7, 29.79
1746809034, 0, 794, 941, 910, 11, 6.44%, 0, 0, 7, 30.91
1746809071, 0, 794, 942, 911, 11, 6.44%, 0, 0, 7, 31.19
1746809091, 0, 794, 944, 913, 11, 6.44%, 0, 0, 7, 29.80
1746809255, 0, 794, 945, 914, 11, 6.44%, 0, 0, 7, 30.05
1746809301, 0, 794, 946, 915, 11, 6.44%, 0, 0, 7, 31.00
1746809322, 0, 794, 947, 916, 11, 6.44%, 0, 0, 7, 31.40
1746809347, 0, 794, 948, 917, 11, 6.44%, 0, 0, 7, 30.42
1746809434, 0, 837, 948, 916, 11, 6.44%, 0, 0, 7, 28.69
1746812332, 0, 837, 949, 917, 11, 6.44%, 0, 0, 7, 28.00
1746812435, 0, 845, 949, 916, 11, 6.44%, 0, 0, 7, 30.19
1746814597, 0, 860, 949, 915, 11, 6.44%, 0, 0, 7, 42.86
1746815211, 0, 863, 949, 914, 10, 6.44%, 0, 0, 7, 54.62
1746815241, 0, 863, 950, 915, 10, 6.44%, 0, 0, 7, 51.32
1746815867, 0, 867, 950, 914, 10, 6.44%, 0, 0, 7, 45.58
1746816868, 0, 868, 950, 913, 9, 6.44%, 0, 0, 7, 46.17
1746817843, 0, 894, 950, 912, 8, 6.44%, 0, 0, 7, 43.20
1746819092, 0, 894, 951, 913, 8, 6.44%, 0, 0, 7, 42.84
1746819108, 0, 894, 952, 914, 8, 6.44%, 0, 0, 7, 43.20
1746819113, 0, 894, 953, 915, 8, 6.44%, 0, 0, 7, 42.29
1746819163, 0, 894, 954, 916, 8, 6.44%, 0, 0, 7, 42.91
1746819174, 0, 894, 955, 917, 8, 6.44%, 0, 0, 7, 42.86
1746819184, 0, 894, 956, 918, 8, 6.44%, 0, 0, 7, 42.83
1746819199, 0, 894, 957, 919, 8, 6.44%, 0, 0, 7, 43.71
1746819240, 0, 894, 958, 920, 8, 6.44%, 0, 0, 7, 41.78
1746819245, 0, 894, 959, 921, 8, 6.44%, 0, 0, 7, 43.13
1746819646, 0, 897, 959, 920, 7, 6.44%, 0, 0, 7, 43.04
1746819866, 0, 897, 960, 921, 7, 6.44%, 0, 0, 7, 36.07
1746820822, 0, 911, 960, 920, 7, 6.44%, 0, 0, 7, 33.93
1746823308, 0, 944, 960, 919, 6, 6.44%, 0, 0, 7, 27.71
1746823813, 0, 944, 961, 920, 6, 6.44%, 0, 0, 8, 23.92
1746826608, 0, 944, 964, 923, 6, 6.44%, 0, 0, 8, 25.42
1746826613, 0, 944, 966, 925, 6, 6.44%, 0, 0, 8, 25.40
1746826618, 0, 944, 968, 927, 6, 6.44%, 0, 0, 8, 25.21
1746826623, 0, 944, 969, 928, 6, 6.44%, 0, 0, 8, 25.33
1746826638, 0, 944, 970, 929, 6, 6.44%, 0, 0, 8, 26.55
1746826694, 0, 944, 971, 930, 6, 6.44%, 0, 0, 8, 25.37
1746826699, 0, 944, 973, 932, 6, 6.44%, 0, 0, 8, 25.88
1746826791, 0, 944, 974, 933, 6, 6.44%, 0, 0, 8, 26.46
1746826806, 0, 944, 975, 934, 6, 6.44%, 0, 0, 8, 26.32
1746826832, 0, 944, 976, 935, 6, 6.44%, 0, 0, 8, 26.07
1746826878, 0, 944, 977, 936, 6, 6.44%, 0, 0, 8, 26.36
1746826899, 0, 944, 978, 937, 6, 6.44%, 0, 0, 8, 26.72
1746827016, 0, 944, 979, 938, 6, 6.44%, 0, 0, 8, 26.29
1746827031, 0, 944, 980, 939, 6, 6.45%, 0, 0, 8, 26.31
1746827087, 0, 944, 981, 940, 6, 6.45%, 0, 0, 8, 25.52
1746827097, 0, 944, 982, 941, 6, 6.45%, 0, 0, 8, 26.10
1746827123, 0, 944, 983, 942, 6, 6.45%, 0, 0, 8, 25.43
1746827199, 0, 944, 984, 943, 6, 6.45%, 0, 0, 8, 26.01
1746827214, 0, 944, 985, 944, 6, 6.45%, 0, 0, 8, 25.95
1746827275, 0, 944, 986, 945, 6, 6.45%, 0, 0, 8, 26.11
1746827423, 0, 944, 987, 946, 6, 6.45%, 0, 0, 8, 26.71
1746827474, 0, 944, 988, 947, 6, 6.45%, 0, 0, 8, 25.59
1746827515, 0, 944, 989, 948, 6, 6.45%, 0, 0, 8, 25.99
1746827785, 0, 944, 990, 949, 6, 6.45%, 0, 0, 8, 26.58
1746827857, 0, 949, 990, 948, 8, 6.45%, 0, 0, 8, 37.15
