# unix_time, cycles_done, cur_path, paths_total, pending_total, pending_favs, map_size, unique_crashes, unique_hangs, max_depth, execs_per_sec
1748451289, 0, 0, 1, 1, 1, 0.03%, 0, 0, 1, 615.38
1748451294, 0, 0, 21, 21, 1, 0.04%, 0, 0, 2, 1104.45
1748451299, 0, 0, 22, 22, 1, 0.04%, 0, 0, 2, 1216.16
1748451304, 0, 0, 25, 25, 1, 0.04%, 0, 0, 2, 1236.01
1748451309, 0, 0, 26, 26, 1, 0.04%, 0, 0, 2, 1244.63
1748451319, 0, 3, 28, 26, 2, 0.04%, 0, 0, 3, 1174.38
1748451324, 1, 19, 28, 23, 0, 0.04%, 0, 0, 3, 1172.18
1748451329, 1, 19, 29, 24, 0, 0.04%, 0, 0, 3, 1100.00
1748451335, 1, 26, 30, 23, 0, 0.04%, 0, 0, 3, 1151.25
1748451340, 2, 6, 31, 22, 0, 0.04%, 0, 0, 4, 1207.31
1748451345, 2, 20, 31, 19, 0, 0.04%, 0, 0, 4, 1208.62
1748451350, 3, 9, 31, 17, 0, 0.04%, 0, 0, 4, 1213.88
1748451355, 3, 13, 31, 15, 0, 0.04%, 0, 0, 4, 1222.25
1748451360, 3, 22, 31, 14, 0, 0.04%, 0, 0, 4, 1058.44
1748451365, 3, 28, 31, 13, 0, 0.04%, 0, 0, 4, 1045.51
1748451381, 4, 8, 32, 13, 0, 0.04%, 0, 0, 4, 1109.43
1748451386, 5, 23, 32, 11, 0, 0.04%, 0, 0, 4, 1189.08
1748451391, 5, 31, 32, 10, 0, 0.04%, 0, 0, 4, 1158.73
1748451401, 6, 15, 32, 9, 0, 0.04%, 0, 0, 4, 1120.18
1748451406, 6, 30, 32, 7, 0, 0.04%, 0, 0, 4, 1050.43
1748451416, 7, 16, 32, 6, 0, 0.04%, 0, 0, 4, 1132.66
1748451421, 8, 27, 32, 5, 0, 0.04%, 0, 0, 4, 1147.27
1748451426, 9, 10, 32, 3, 0, 0.04%, 0, 0, 4, 1094.12
1748451431, 11, 4, 32, 1, 0, 0.04%, 0, 0, 4, 1079.25
1748451436, 15, 4, 32, 1, 0, 0.04%, 0, 0, 4, 1081.39
1748451441, 16, 29, 32, 1, 0, 0.04%, 0, 0, 4, 1009.07
1748451446, 17, 2, 32, 0, 0, 0.04%, 0, 0, 4, 1029.74
1748451451, 20, 4, 32, 0, 0, 0.04%, 0, 0, 4, 1073.73
1748451456, 23, 0, 32, 0, 0, 0.04%, 0, 0, 4, 1015.11
1748451462, 26, 0, 32, 0, 0, 0.04%, 0, 0, 4, 1003.41
1748451467, 30, 0, 32, 0, 0, 0.04%, 0, 0, 4, 1014.21
1748451472, 33, 5, 32, 0, 0, 0.04%, 0, 0, 4, 1022.39
1748451477, 35, 4, 32, 0, 0, 0.04%, 0, 0, 4, 1022.93
1748451482, 38, 10, 32, 0, 0, 0.04%, 0, 0, 4, 1021.67
1748451487, 42, 0, 32, 0, 0, 0.04%, 0, 0, 4, 1022.99
1748451492, 44, 30, 32, 0, 0, 0.04%, 0, 0, 4, 1008.07
1748451497, 47, 4, 32, 0, 0, 0.04%, 0, 0, 4, 1004.43
1748451502, 51, 2, 32, 0, 0, 0.04%, 0, 0, 4, 1013.32
1748451507, 54, 3, 33, 1, 0, 0.04%, 0, 0, 4, 1025.18
1748451512, 57, 0, 33, 1, 0, 0.04%, 0, 0, 4, 1026.85
1748451517, 59, 32, 33, 1, 0, 0.04%, 0, 0, 4, 1020.18
1748451528, 59, 32, 34, 2, 0, 0.04%, 0, 0, 5, 992.09
1748451543, 59, 34, 36, 3, 0, 0.04%, 0, 0, 6, 878.90
1748451573, 59, 34, 37, 4, 0, 0.04%, 0, 0, 6, 606.67
1748451578, 59, 34, 39, 6, 0, 0.04%, 0, 0, 6, 797.98
1748451614, 59, 36, 39, 5, 0, 0.04%, 0, 0, 6, 802.39
1748451655, 60, 32, 39, 4, 0, 0.04%, 0, 0, 6, 978.17
1748451660, 61, 32, 39, 4, 0, 0.04%, 0, 0, 6, 993.95
1748451665, 61, 33, 39, 4, 0, 0.04%, 0, 0, 6, 926.35
1748451691, 61, 37, 39, 3, 0, 0.04%, 0, 0, 6, 722.31
1748451737, 64, 3, 39, 2, 0, 0.04%, 0, 0, 6, 966.47
1748451742, 64, 37, 39, 2, 0, 0.04%, 0, 0, 6, 893.79
1748451747, 65, 38, 39, 2, 0, 0.04%, 0, 0, 6, 791.23
1748451788, 66, 27, 39, 1, 0, 0.04%, 0, 0, 6, 912.24
1748451793, 66, 33, 39, 1, 0, 0.04%, 0, 0, 6, 913.91
1748451798, 66, 35, 39, 1, 0, 0.04%, 0, 0, 6, 707.44
1748451833, 67, 4, 39, 0, 0, 0.04%, 0, 0, 6, 904.75
1748451838, 67, 32, 39, 0, 0, 0.04%, 0, 0, 6, 927.36
1748451844, 70, 3, 39, 0, 0, 0.04%, 0, 0, 6, 941.47
1748451849, 72, 4, 39, 0, 0, 0.04%, 0, 0, 6, 935.29
1748451854, 73, 11, 39, 0, 0, 0.04%, 0, 0, 6, 938.54
1748451859, 74, 32, 39, 0, 0, 0.04%, 0, 0, 6, 957.90
1748451864, 75, 30, 39, 0, 0, 0.04%, 0, 0, 6, 963.79
1748451869, 77, 0, 39, 0, 0, 0.04%, 0, 0, 6, 936.27
1748451874, 78, 35, 39, 0, 0, 0.04%, 0, 0, 6, 924.78
1748451879, 78, 37, 39, 0, 0, 0.04%, 0, 0, 6, 905.88
1748451884, 79, 33, 39, 0, 0, 0.04%, 0, 0, 6, 946.11
1748451889, 80, 36, 40, 1, 0, 0.04%, 0, 0, 7, 912.60
1748451895, 80, 39, 40, 1, 1, 0.04%, 0, 0, 7, 743.30
1748451900, 80, 39, 41, 2, 1, 0.04%, 0, 0, 8, 430.98
1748452196, 80, 40, 42, 2, 0, 0.04%, 0, 0, 8, 570.55
1748452261, 80, 42, 43, 2, 0, 0.04%, 0, 0, 9, 691.57
1748452571, 81, 42, 44, 2, 0, 0.04%, 0, 0, 9, 812.92
1748452576, 82, 41, 44, 2, 0, 0.04%, 0, 0, 9, 837.66
1748452638, 82, 42, 44, 1, 0, 0.04%, 0, 0, 9, 766.14
1748452648, 82, 43, 44, 1, 0, 0.04%, 0, 0, 9, 630.94
1748452688, 83, 26, 44, 0, 0, 0.04%, 0, 0, 9, 861.34
1748452693, 83, 42, 44, 0, 0, 0.04%, 0, 0, 9, 801.87
1748452698, 84, 38, 44, 0, 0, 0.04%, 0, 0, 9, 882.45
1748452703, 84, 42, 44, 0, 0, 0.04%, 0, 0, 9, 798.33
1748452709, 85, 42, 44, 0, 0, 0.04%, 0, 0, 9, 774.54
1748452714, 86, 42, 44, 0, 0, 0.04%, 0, 0, 9, 832.59
1748452719, 87, 5, 44, 0, 0, 0.04%, 0, 0, 9, 865.56
1748452724, 87, 42, 44, 0, 0, 0.04%, 0, 0, 9, 799.44
1748452729, 88, 42, 44, 0, 0, 0.04%, 0, 0, 9, 742.41
1748452734, 89, 38, 44, 0, 0, 0.04%, 0, 0, 9, 877.72
1748452739, 89, 42, 44, 0, 0, 0.04%, 0, 0, 9, 747.58
1748452744, 90, 32, 44, 0, 0, 0.04%, 0, 0, 9, 912.61
1748452749, 90, 36, 44, 0, 0, 0.04%, 0, 0, 9, 884.08
1748452754, 90, 42, 44, 0, 0, 0.04%, 0, 0, 9, 750.26
1748452759, 91, 42, 44, 0, 0, 0.04%, 0, 0, 9, 832.71
1748452764, 92, 2, 44, 0, 0, 0.04%, 0, 0, 9, 847.40
1748452769, 92, 42, 44, 0, 0, 0.04%, 0, 0, 9, 803.08
1748452774, 93, 42, 44, 0, 0, 0.04%, 0, 0, 9, 718.78
1748452779, 94, 15, 44, 0, 0, 0.04%, 0, 0, 9, 889.97
1748452784, 95, 2, 44, 0, 0, 0.04%, 0, 0, 9, 862.34
1748452790, 95, 42, 44, 0, 0, 0.04%, 0, 0, 9, 748.65
1748452795, 96, 32, 44, 0, 0, 0.04%, 0, 0, 9, 907.59
1748452800, 96, 42, 44, 0, 0, 0.04%, 0, 0, 9, 875.94
1748452810, 97, 42, 44, 0, 0, 0.04%, 0, 0, 9, 757.71
1748452815, 98, 33, 44, 0, 0, 0.04%, 0, 0, 9, 901.33
1748452820, 98, 34, 44, 0, 0, 0.04%, 0, 0, 9, 867.65
1748452825, 98, 42, 44, 0, 0, 0.04%, 0, 0, 9, 673.91
1748452830, 99, 19, 44, 0, 0, 0.04%, 0, 0, 9, 837.75
1748452835, 99, 42, 44, 0, 0, 0.04%, 0, 0, 9, 767.54
1748452840, 101, 26, 44, 0, 0, 0.04%, 0, 0, 9, 899.01
1748452845, 101, 32, 44, 0, 0, 0.04%, 0, 0, 9, 906.12
1748452851, 102, 2, 44, 0, 0, 0.04%, 0, 0, 9, 779.81
1748452856, 102, 37, 44, 0, 0, 0.04%, 0, 0, 9, 888.70
1748452861, 102, 42, 44, 0, 0, 0.04%, 0, 0, 9, 853.15
1748452866, 104, 42, 44, 0, 0, 0.04%, 0, 0, 9, 826.53
1748452871, 105, 42, 44, 0, 0, 0.04%, 0, 0, 9, 881.95
1748452876, 106, 37, 44, 0, 0, 0.04%, 0, 0, 9, 865.35
1748452881, 107, 38, 44, 0, 0, 0.04%, 0, 0, 9, 899.67
1748452886, 107, 42, 44, 0, 0, 0.04%, 0, 0, 9, 878.59
1748452891, 108, 41, 44, 0, 0, 0.04%, 0, 0, 9, 888.89
1748452896, 108, 42, 44, 0, 0, 0.04%, 0, 0, 9, 792.35
1748452901, 110, 0, 44, 0, 0, 0.04%, 0, 0, 9, 868.38
1748452906, 110, 40, 44, 0, 0, 0.04%, 0, 0, 9, 865.75
1748452911, 111, 35, 44, 0, 0, 0.04%, 0, 0, 9, 871.72
1748452916, 111, 39, 44, 0, 0, 0.04%, 0, 0, 9, 788.49
1748452921, 112, 26, 44, 0, 0, 0.04%, 0, 0, 9, 807.54
1748452926, 114, 1, 44, 0, 0, 0.04%, 0, 0, 9, 850.28
1748452932, 115, 17, 44, 0, 0, 0.04%, 0, 0, 9, 816.55
1748452937, 115, 41, 44, 0, 0, 0.04%, 0, 0, 9, 804.13
1748452942, 116, 2, 44, 0, 0, 0.04%, 0, 0, 9, 814.60
1748452947, 117, 34, 44, 0, 0, 0.04%, 0, 0, 9, 863.10
1748452952, 118, 20, 44, 0, 0, 0.04%, 0, 0, 9, 858.86
1748452957, 119, 38, 44, 0, 0, 0.04%, 0, 0, 9, 869.57
1748452962, 120, 29, 44, 0, 0, 0.04%, 0, 0, 9, 902.86
1748452967, 121, 34, 44, 0, 0, 0.04%, 0, 0, 9, 897.22
1748452972, 122, 2, 44, 0, 0, 0.04%, 0, 0, 9, 881.94
1748452977, 122, 36, 44, 0, 0, 0.04%, 0, 0, 9, 905.35
1748452982, 123, 39, 44, 0, 0, 0.04%, 0, 0, 9, 833.47
1748452987, 124, 8, 44, 0, 0, 0.04%, 0, 0, 9, 863.97
1748452992, 124, 42, 44, 0, 0, 0.04%, 0, 0, 9, 874.55
1748452997, 125, 40, 44, 0, 0, 0.04%, 0, 0, 9, 900.87
1748453002, 125, 42, 44, 0, 0, 0.04%, 0, 0, 9, 870.93
1748453008, 127, 0, 44, 0, 0, 0.04%, 0, 0, 9, 883.05
1748453013, 127, 34, 44, 0, 0, 0.04%, 0, 0, 9, 925.93
1748453018, 128, 42, 44, 0, 0, 0.04%, 0, 0, 9, 865.53
1748453023, 129, 39, 44, 0, 0, 0.04%, 0, 0, 9, 835.17
1748453028, 130, 42, 44, 0, 0, 0.04%, 0, 0, 9, 840.64
1748453033, 132, 30, 44, 0, 0, 0.04%, 0, 0, 9, 876.48
1748453038, 134, 0, 44, 0, 0, 0.04%, 0, 0, 9, 817.16
1748453043, 134, 41, 44, 0, 0, 0.04%, 0, 0, 9, 850.40
1748453048, 134, 42, 44, 0, 0, 0.04%, 0, 0, 9, 812.47
1748453053, 135, 36, 44, 0, 0, 0.04%, 0, 0, 9, 883.12
1748453058, 135, 40, 44, 0, 0, 0.04%, 0, 0, 9, 813.50
1748453063, 136, 27, 44, 0, 0, 0.04%, 0, 0, 9, 826.98
1748453068, 136, 40, 44, 0, 0, 0.04%, 0, 0, 9, 831.36
1748453073, 137, 28, 44, 0, 0, 0.04%, 0, 0, 9, 866.53
1748453079, 139, 0, 44, 0, 0, 0.04%, 0, 0, 9, 828.66
1748453084, 140, 42, 44, 0, 0, 0.04%, 0, 0, 9, 806.89
1748453089, 142, 42, 44, 0, 0, 0.04%, 0, 0, 9, 855.67
1748453094, 143, 31, 44, 0, 0, 0.04%, 0, 0, 9, 910.10
1748453099, 144, 42, 44, 0, 0, 0.04%, 0, 0, 9, 833.96
1748453104, 145, 34, 44, 0, 0, 0.04%, 0, 0, 9, 895.46
1748453109, 146, 0, 44, 0, 0, 0.04%, 0, 0, 9, 861.73
1748453114, 146, 37, 44, 0, 0, 0.04%, 0, 0, 9, 882.16
1748453119, 147, 20, 44, 0, 0, 0.04%, 0, 0, 9, 908.75
1748453124, 147, 40, 44, 0, 0, 0.04%, 0, 0, 9, 861.87
1748453129, 147, 42, 44, 0, 0, 0.04%, 0, 0, 9, 833.81
1748453134, 149, 3, 44, 0, 0, 0.04%, 0, 0, 9, 868.15
1748453139, 149, 35, 44, 0, 0, 0.04%, 0, 0, 9, 852.80
1748453144, 150, 40, 44, 0, 0, 0.04%, 0, 0, 9, 837.22
1748453149, 150, 42, 44, 0, 0, 0.04%, 0, 0, 9, 816.67
1748453154, 151, 42, 44, 0, 0, 0.04%, 0, 0, 9, 754.85
1748453159, 152, 34, 44, 0, 0, 0.04%, 0, 0, 9, 832.96
1748453164, 153, 14, 44, 0, 0, 0.04%, 0, 0, 9, 793.98
1748453170, 155, 20, 44, 0, 0, 0.04%, 0, 0, 9, 865.01
1748453175, 157, 3, 44, 0, 0, 0.04%, 0, 0, 9, 858.69
1748453180, 157, 42, 44, 0, 0, 0.04%, 0, 0, 9, 810.19
1748453185, 158, 41, 44, 0, 0, 0.04%, 0, 0, 9, 833.20
1748453190, 158, 42, 44, 0, 0, 0.04%, 0, 0, 9, 826.69
1748453195, 160, 18, 44, 0, 0, 0.04%, 0, 0, 9, 895.61
1748453200, 160, 35, 44, 0, 0, 0.04%, 0, 0, 9, 860.82
1748453205, 161, 42, 44, 0, 0, 0.04%, 0, 0, 9, 850.78
1748453210, 162, 34, 44, 0, 0, 0.04%, 0, 0, 9, 862.06
1748453215, 163, 33, 44, 0, 0, 0.04%, 0, 0, 9, 888.27
1748453220, 163, 40, 44, 0, 0, 0.04%, 0, 0, 9, 879.38
1748453230, 164, 42, 44, 0, 0, 0.04%, 0, 0, 9, 831.28
1748453236, 166, 4, 44, 0, 0, 0.04%, 0, 0, 9, 888.35
1748453241, 166, 42, 44, 0, 0, 0.04%, 0, 0, 9, 834.47
1748453246, 168, 15, 44, 0, 0, 0.04%, 0, 0, 9, 895.83
1748453251, 170, 4, 44, 0, 0, 0.04%, 0, 0, 9, 884.75
1748453256, 171, 23, 44, 0, 0, 0.04%, 0, 0, 9, 883.06
1748453261, 172, 40, 44, 0, 0, 0.04%, 0, 0, 9, 825.07
1748453266, 172, 42, 44, 0, 0, 0.04%, 0, 0, 9, 775.86
1748453271, 173, 35, 44, 0, 0, 0.04%, 0, 0, 9, 853.80
1748453276, 173, 42, 44, 0, 0, 0.04%, 0, 0, 9, 828.13
1748453281, 175, 21, 44, 0, 0, 0.04%, 0, 0, 9, 884.86
1748453287, 176, 37, 44, 0, 0, 0.04%, 0, 0, 9, 835.08
1748453292, 177, 38, 44, 0, 0, 0.04%, 0, 0, 9, 869.01
1748453297, 178, 3, 44, 0, 0, 0.04%, 0, 0, 9, 863.82
1748453302, 178, 40, 44, 0, 0, 0.04%, 0, 0, 9, 834.00
1748453307, 179, 19, 44, 0, 0, 0.04%, 0, 0, 9, 889.35
1748453312, 180, 23, 44, 0, 0, 0.04%, 0, 0, 9, 906.92
1748453317, 181, 42, 44, 0, 0, 0.04%, 0, 0, 9, 877.41
1748453322, 183, 42, 44, 0, 0, 0.04%, 0, 0, 9, 836.32
1748453327, 184, 33, 44, 0, 0, 0.04%, 0, 0, 9, 905.48
1748453332, 185, 0, 44, 0, 0, 0.04%, 0, 0, 9, 874.60
1748453337, 186, 31, 44, 0, 0, 0.04%, 0, 0, 9, 860.52
1748453342, 186, 35, 44, 0, 0, 0.04%, 0, 0, 9, 806.56
1748453347, 186, 42, 44, 0, 0, 0.04%, 0, 0, 9, 879.04
1748453352, 187, 43, 44, 0, 0, 0.04%, 0, 0, 9, 872.72
1748453357, 189, 26, 44, 0, 0, 0.04%, 0, 0, 9, 848.17
1748453362, 190, 35, 44, 0, 0, 0.04%, 0, 0, 9, 879.25
1748453367, 190, 42, 44, 0, 0, 0.04%, 0, 0, 9, 827.71
1748453373, 191, 32, 44, 0, 0, 0.04%, 0, 0, 9, 892.57
1748453378, 191, 33, 44, 0, 0, 0.04%, 0, 0, 9, 907.71
1748453383, 192, 14, 44, 0, 0, 0.04%, 0, 0, 9, 868.94
1748453388, 193, 32, 44, 0, 0, 0.04%, 0, 0, 9, 822.77
1748453393, 193, 41, 44, 0, 0, 0.04%, 0, 0, 9, 868.69
1748453403, 194, 27, 44, 0, 0, 0.04%, 0, 0, 9, 826.60
1748453408, 194, 42, 44, 0, 0, 0.04%, 0, 0, 9, 793.67
1748453413, 195, 42, 44, 0, 0, 0.04%, 0, 0, 9, 792.71
1748453418, 197, 3, 44, 0, 0, 0.04%, 0, 0, 9, 760.15
1748453423, 197, 40, 44, 0, 0, 0.04%, 0, 0, 9, 782.44
1748453428, 198, 28, 44, 0, 0, 0.04%, 0, 0, 9, 846.16
1748453433, 200, 2, 44, 0, 0, 0.04%, 0, 0, 9, 782.48
1748453438, 201, 29, 44, 0, 0, 0.04%, 0, 0, 9, 882.29
1748453443, 203, 4, 44, 0, 0, 0.04%, 0, 0, 9, 820.40
1748453448, 205, 3, 44, 0, 0, 0.04%, 0, 0, 9, 833.72
1748453453, 205, 42, 44, 0, 0, 0.04%, 0, 0, 9, 846.44
1748453459, 206, 41, 44, 0, 0, 0.04%, 0, 0, 9, 873.08
1748453464, 207, 3, 44, 0, 0, 0.04%, 0, 0, 9, 840.18
1748453469, 207, 41, 44, 0, 0, 0.04%, 0, 0, 9, 865.72
1748453474, 208, 3, 44, 0, 0, 0.04%, 0, 0, 9, 882.50
1748453479, 209, 35, 44, 0, 0, 0.04%, 0, 0, 9, 892.28
1748453484, 209, 40, 44, 0, 0, 0.04%, 0, 0, 9, 912.72
1748453494, 211, 18, 44, 0, 0, 0.04%, 0, 0, 9, 900.20
1748453499, 213, 3, 44, 0, 0, 0.04%, 0, 0, 9, 892.37
1748453504, 213, 34, 44, 0, 0, 0.04%, 0, 0, 9, 893.48
1748453509, 213, 35, 44, 0, 0, 0.04%, 0, 0, 9, 857.97
1748453514, 215, 3, 44, 0, 0, 0.04%, 0, 0, 9, 877.83
1748453519, 215, 42, 44, 0, 0, 0.04%, 0, 0, 9, 809.86
1748453524, 216, 36, 44, 0, 0, 0.04%, 0, 0, 9, 877.65
1748453529, 217, 42, 44, 0, 0, 0.04%, 0, 0, 9, 853.02
1748453534, 219, 31, 44, 0, 0, 0.04%, 0, 0, 9, 885.59
1748453539, 220, 42, 44, 0, 0, 0.04%, 0, 0, 9, 851.75
1748453544, 221, 42, 44, 0, 0, 0.04%, 0, 0, 9, 870.15
1748453549, 222, 32, 44, 0, 0, 0.04%, 0, 0, 9, 888.55
1748453554, 223, 4, 44, 0, 0, 0.04%, 0, 0, 9, 905.15
1748453559, 223, 38, 44, 0, 0, 0.04%, 0, 0, 9, 886.17
1748453565, 225, 2, 44, 0, 0, 0.04%, 0, 0, 9, 844.94
1748453570, 226, 13, 44, 0, 0, 0.04%, 0, 0, 9, 880.84
1748453575, 227, 34, 44, 0, 0, 0.04%, 0, 0, 9, 886.99
1748453580, 227, 36, 44, 0, 0, 0.04%, 0, 0, 9, 869.28
1748453585, 227, 40, 44, 0, 0, 0.04%, 0, 0, 9, 844.72
1748453590, 228, 15, 44, 0, 0, 0.04%, 0, 0, 9, 894.95
1748453595, 228, 36, 44, 0, 0, 0.04%, 0, 0, 9, 875.25
1748453600, 228, 40, 44, 0, 0, 0.04%, 0, 0, 9, 841.44
1748453605, 229, 6, 44, 0, 0, 0.04%, 0, 0, 9, 887.46
1748453610, 230, 42, 44, 0, 0, 0.04%, 0, 0, 9, 869.04
1748453615, 232, 30, 44, 0, 0, 0.04%, 0, 0, 9, 872.84
1748453620, 234, 0, 44, 0, 0, 0.04%, 0, 0, 9, 841.99
1748453625, 234, 42, 44, 0, 0, 0.04%, 0, 0, 9, 865.73
1748453630, 235, 31, 44, 0, 0, 0.04%, 0, 0, 9, 901.62
1748453635, 237, 3, 44, 0, 0, 0.04%, 0, 0, 9, 884.67
1748453640, 238, 42, 44, 0, 0, 0.04%, 0, 0, 9, 830.48
1748453646, 239, 38, 44, 0, 0, 0.04%, 0, 0, 9, 892.87
1748453651, 240, 42, 44, 0, 0, 0.04%, 0, 0, 9, 846.97
1748453656, 242, 25, 44, 0, 0, 0.04%, 0, 0, 9, 897.43
1748453661, 242, 38, 44, 0, 0, 0.04%, 0, 0, 9, 908.80
1748453666, 243, 39, 44, 0, 0, 0.04%, 0, 0, 9, 803.19
1748453671, 244, 33, 44, 0, 0, 0.04%, 0, 0, 9, 873.61
1748453676, 244, 42, 44, 0, 0, 0.04%, 0, 0, 9, 821.40
1748453681, 245, 37, 44, 0, 0, 0.04%, 0, 0, 9, 899.20
1748453686, 246, 0, 44, 0, 0, 0.04%, 0, 0, 9, 847.88
1748453692, 246, 42, 44, 0, 0, 0.04%, 0, 0, 9, 844.87
1748453697, 247, 21, 44, 0, 0, 0.04%, 0, 0, 9, 892.90
1748453702, 249, 2, 44, 0, 0, 0.04%, 0, 0, 9, 874.24
1748453707, 250, 37, 44, 0, 0, 0.04%, 0, 0, 9, 879.43
1748453712, 251, 6, 44, 0, 0, 0.04%, 0, 0, 9, 902.33
1748453717, 251, 32, 44, 0, 0, 0.04%, 0, 0, 9, 872.98
1748453722, 252, 42, 44, 0, 0, 0.04%, 0, 0, 9, 842.70
1748453727, 253, 40, 44, 0, 0, 0.04%, 0, 0, 9, 883.31
1748453732, 253, 42, 44, 0, 0, 0.04%, 0, 0, 9, 842.23
1748453737, 255, 24, 44, 0, 0, 0.04%, 0, 0, 9, 878.40
1748453742, 257, 3, 44, 0, 0, 0.04%, 0, 0, 9, 871.63
1748453748, 257, 35, 44, 0, 0, 0.04%, 0, 0, 9, 866.19
1748453753, 258, 33, 44, 0, 0, 0.04%, 0, 0, 9, 895.22
1748453763, 260, 4, 44, 0, 0, 0.04%, 0, 0, 9, 884.25
1748453768, 261, 33, 44, 0, 0, 0.04%, 0, 0, 9, 894.96
1748453778, 261, 40, 44, 0, 0, 0.04%, 0, 0, 9, 845.05
1748453783, 261, 41, 44, 0, 0, 0.04%, 0, 0, 9, 846.82
1748453788, 261, 42, 44, 0, 0, 0.04%, 0, 0, 9, 830.93
1748453793, 262, 34, 44, 0, 0, 0.04%, 0, 0, 9, 897.19
1748453798, 263, 42, 44, 0, 0, 0.04%, 0, 0, 9, 840.76
1748453803, 265, 42, 44, 0, 0, 0.04%, 0, 0, 9, 877.06
1748453808, 266, 42, 44, 0, 0, 0.04%, 0, 0, 9, 863.69
1748453813, 268, 22, 44, 0, 0, 0.04%, 0, 0, 9, 925.09
1748453819, 268, 42, 44, 0, 0, 0.04%, 0, 0, 9, 865.75
1748453824, 269, 42, 44, 0, 0, 0.04%, 0, 0, 9, 861.17
1748453829, 270, 37, 44, 0, 0, 0.04%, 0, 0, 9, 900.67
1748453834, 270, 40, 44, 0, 0, 0.04%, 0, 0, 9, 873.74
1748453839, 271, 42, 44, 0, 0, 0.04%, 0, 0, 9, 868.05
1748453844, 272, 20, 44, 0, 0, 0.04%, 0, 0, 9, 873.83
1748453849, 272, 42, 44, 0, 0, 0.04%, 0, 0, 9, 854.79
1748453854, 273, 28, 44, 0, 0, 0.04%, 0, 0, 9, 909.02
1748453859, 275, 3, 44, 0, 0, 0.04%, 0, 0, 9, 886.44
1748453864, 276, 42, 44, 0, 0, 0.04%, 0, 0, 9, 843.82
1748453869, 277, 42, 44, 0, 0, 0.04%, 0, 0, 9, 860.87
1748453874, 278, 31, 44, 0, 0, 0.04%, 0, 0, 9, 890.03
1748453879, 279, 42, 44, 0, 0, 0.04%, 0, 0, 9, 855.91
1748453884, 280, 33, 44, 0, 0, 0.04%, 0, 0, 9, 877.76
1748453889, 281, 20, 44, 0, 0, 0.04%, 0, 0, 9, 893.44
1748453894, 281, 33, 44, 0, 0, 0.04%, 0, 0, 9, 901.96
1748453899, 282, 37, 44, 0, 0, 0.04%, 0, 0, 9, 858.99
1748453904, 283, 29, 44, 0, 0, 0.04%, 0, 0, 9, 890.16
1748453910, 284, 38, 44, 0, 0, 0.04%, 0, 0, 9, 880.30
1748453915, 285, 32, 44, 0, 0, 0.04%, 0, 0, 9, 898.16
1748453925, 287, 3, 44, 0, 0, 0.04%, 0, 0, 9, 875.64
1748453930, 289, 7, 44, 0, 0, 0.04%, 0, 0, 9, 860.13
1748453935, 290, 42, 44, 0, 0, 0.04%, 0, 0, 9, 843.13
1748453940, 292, 22, 44, 0, 0, 0.04%, 0, 0, 9, 859.50
1748453946, 292, 41, 44, 0, 0, 0.04%, 0, 0, 9, 844.50
1748453951, 292, 42, 44, 0, 0, 0.04%, 0, 0, 9, 837.72
1748453956, 294, 4, 44, 0, 0, 0.04%, 0, 0, 9, 862.94
1748453961, 295, 42, 44, 0, 0, 0.04%, 0, 0, 9, 822.14
1748453966, 296, 33, 44, 0, 0, 0.04%, 0, 0, 9, 867.74
1748453971, 296, 38, 44, 0, 0, 0.04%, 0, 0, 9, 869.74
1748453976, 298, 2, 44, 0, 0, 0.04%, 0, 0, 9, 852.81
1748453981, 299, 42, 44, 0, 0, 0.04%, 0, 0, 9, 849.38
1748453987, 300, 35, 44, 0, 0, 0.04%, 0, 0, 9, 867.59
1748453992, 301, 3, 44, 0, 0, 0.04%, 0, 0, 9, 857.29
1748453997, 301, 35, 44, 0, 0, 0.04%, 0, 0, 9, 882.34
1748454002, 302, 4, 44, 0, 0, 0.04%, 0, 0, 9, 863.68
1748454007, 302, 43, 44, 0, 0, 0.04%, 0, 0, 9, 830.75
1748454012, 304, 2, 44, 0, 0, 0.04%, 0, 0, 9, 853.76
1748454017, 305, 41, 44, 0, 0, 0.04%, 0, 0, 9, 882.28
1748454027, 306, 2, 44, 0, 0, 0.04%, 0, 0, 9, 860.08
1748454032, 306, 42, 44, 0, 0, 0.04%, 0, 0, 9, 835.16
1748454037, 307, 42, 44, 0, 0, 0.04%, 0, 0, 9, 847.55
1748454042, 308, 26, 44, 0, 0, 0.04%, 0, 0, 9, 889.25
1748454047, 308, 35, 44, 0, 0, 0.04%, 0, 0, 9, 896.19
1748454052, 309, 38, 44, 0, 0, 0.04%, 0, 0, 9, 868.93
1748454057, 310, 39, 44, 0, 0, 0.04%, 0, 0, 9, 861.84
1748454062, 310, 40, 44, 0, 0, 0.04%, 0, 0, 9, 803.95
1748454068, 310, 41, 44, 0, 0, 0.04%, 0, 0, 9, 873.57
1748454078, 311, 42, 44, 0, 0, 0.04%, 0, 0, 9, 839.89
1748454083, 312, 40, 44, 0, 0, 0.04%, 0, 0, 9, 859.21
1748454088, 312, 42, 44, 0, 0, 0.04%, 0, 0, 9, 817.02
1748454093, 313, 36, 44, 0, 0, 0.04%, 0, 0, 9, 866.67
1748454098, 314, 21, 44, 0, 0, 0.04%, 0, 0, 9, 879.26
1748454103, 315, 42, 44, 0, 0, 0.04%, 0, 0, 9, 862.86
1748454108, 316, 33, 44, 0, 0, 0.04%, 0, 0, 9, 891.11
1748454113, 317, 2, 44, 0, 0, 0.04%, 0, 0, 9, 831.08
1748454118, 318, 3, 44, 0, 0, 0.04%, 0, 0, 9, 868.65
1748454123, 320, 3, 44, 0, 0, 0.04%, 0, 0, 9, 866.21
1748454128, 322, 19, 44, 0, 0, 0.04%, 0, 0, 9, 874.14
1748454133, 323, 14, 44, 0, 0, 0.04%, 0, 0, 9, 899.41
1748454138, 323, 42, 44, 0, 0, 0.04%, 0, 0, 9, 880.26
1748454143, 325, 40, 44, 0, 0, 0.04%, 0, 0, 9, 882.50
1748454153, 326, 39, 44, 0, 0, 0.04%, 0, 0, 9, 808.60
1748454158, 327, 38, 44, 0, 0, 0.04%, 0, 0, 9, 851.83
1748454163, 328, 33, 44, 0, 0, 0.04%, 0, 0, 9, 893.84
1748454168, 329, 42, 44, 0, 0, 0.04%, 0, 0, 9, 844.88
1748454174, 331, 42, 44, 0, 0, 0.04%, 0, 0, 9, 837.88
1748454179, 332, 39, 44, 0, 0, 0.04%, 0, 0, 9, 764.03
1748454184, 333, 42, 44, 0, 0, 0.04%, 0, 0, 9, 815.35
1748454189, 334, 42, 44, 0, 0, 0.04%, 0, 0, 9, 781.41
1748454194, 335, 41, 44, 0, 0, 0.04%, 0, 0, 9, 850.27
1748454199, 335, 42, 44, 0, 0, 0.04%, 0, 0, 9, 824.28
1748454204, 337, 15, 44, 0, 0, 0.04%, 0, 0, 9, 884.33
1748454209, 338, 42, 44, 0, 0, 0.04%, 0, 0, 9, 849.52
1748454214, 339, 36, 44, 0, 0, 0.04%, 0, 0, 9, 896.75
1748454219, 339, 43, 44, 0, 0, 0.04%, 0, 0, 9, 868.74
1748454224, 342, 0, 44, 0, 0, 0.04%, 0, 0, 9, 866.68
1748454229, 343, 0, 44, 0, 0, 0.04%, 0, 0, 9, 834.49
1748454234, 343, 39, 44, 0, 0, 0.04%, 0, 0, 9, 792.28
1748454240, 345, 2, 44, 0, 0, 0.04%, 0, 0, 9, 834.60
1748454245, 346, 24, 44, 0, 0, 0.04%, 0, 0, 9, 901.49
1748454250, 347, 42, 44, 0, 0, 0.04%, 0, 0, 9, 837.41
1748454255, 348, 39, 44, 0, 0, 0.04%, 0, 0, 9, 809.32
1748454260, 349, 39, 44, 0, 0, 0.04%, 0, 0, 9, 773.31
1748454265, 350, 35, 44, 0, 0, 0.04%, 0, 0, 9, 874.79
1748454270, 351, 4, 44, 0, 0, 0.04%, 0, 0, 9, 897.52
1748454275, 352, 42, 44, 0, 0, 0.04%, 0, 0, 9, 847.13
1748454280, 353, 42, 44, 0, 0, 0.04%, 0, 0, 9, 856.49
1748454285, 354, 42, 44, 0, 0, 0.04%, 0, 0, 9, 853.49
1748454290, 356, 8, 44, 0, 0, 0.04%, 0, 0, 9, 909.71
1748454295, 357, 3, 44, 0, 0, 0.04%, 0, 0, 9, 883.75
1748454301, 359, 0, 44, 0, 0, 0.04%, 0, 0, 9, 886.17
1748454306, 360, 3, 44, 0, 0, 0.04%, 0, 0, 9, 902.17
1748454311, 361, 34, 44, 0, 0, 0.04%, 0, 0, 9, 934.20
1748454316, 362, 24, 44, 0, 0, 0.04%, 0, 0, 9, 937.03
1748454321, 363, 38, 44, 0, 0, 0.04%, 0, 0, 9, 939.88
1748454326, 364, 43, 44, 0, 0, 0.04%, 0, 0, 9, 876.60
1748454331, 365, 42, 44, 0, 0, 0.04%, 0, 0, 9, 859.97
1748454336, 367, 19, 44, 0, 0, 0.04%, 0, 0, 9, 913.46
1748454341, 368, 40, 44, 0, 0, 0.04%, 0, 0, 9, 896.76
1748454346, 369, 42, 44, 0, 0, 0.04%, 0, 0, 9, 868.09
1748454351, 371, 18, 44, 0, 0, 0.04%, 0, 0, 9, 907.13
1748454356, 372, 41, 44, 0, 0, 0.04%, 0, 0, 9, 858.74
1748454361, 373, 0, 44, 0, 0, 0.04%, 0, 0, 9, 842.17
1748454366, 374, 4, 44, 0, 0, 0.04%, 0, 0, 9, 902.11
1748454372, 375, 4, 44, 0, 0, 0.04%, 0, 0, 9, 900.84
1748454377, 375, 42, 44, 0, 0, 0.04%, 0, 0, 9, 781.57
1748454382, 376, 42, 44, 0, 0, 0.04%, 0, 0, 9, 835.48
1748454387, 378, 3, 44, 0, 0, 0.04%, 0, 0, 9, 874.95
1748454392, 379, 36, 44, 0, 0, 0.04%, 0, 0, 9, 880.89
1748454397, 380, 36, 44, 0, 0, 0.04%, 0, 0, 9, 869.90
1748454402, 381, 32, 44, 0, 0, 0.04%, 0, 0, 9, 909.46
1748454407, 382, 32, 44, 0, 0, 0.04%, 0, 0, 9, 900.23
1748454412, 383, 4, 44, 0, 0, 0.04%, 0, 0, 9, 884.81
1748454417, 384, 6, 44, 0, 0, 0.04%, 0, 0, 9, 885.54
1748454422, 385, 42, 44, 0, 0, 0.04%, 0, 0, 9, 868.58
1748454427, 387, 13, 44, 0, 0, 0.04%, 0, 0, 9, 884.73
1748454432, 388, 42, 44, 0, 0, 0.04%, 0, 0, 9, 863.43
1748454437, 390, 2, 44, 0, 0, 0.04%, 0, 0, 9, 882.35
1748454442, 391, 29, 44, 0, 0, 0.04%, 0, 0, 9, 897.18
1748454448, 392, 41, 44, 0, 0, 0.04%, 0, 0, 9, 885.49
1748454458, 394, 2, 44, 0, 0, 0.04%, 0, 0, 9, 853.50
1748454463, 395, 2, 44, 0, 0, 0.04%, 0, 0, 9, 856.15
1748454468, 396, 42, 44, 0, 0, 0.04%, 0, 0, 9, 838.01
1748454473, 398, 42, 44, 0, 0, 0.04%, 0, 0, 9, 851.19
1748454478, 400, 2, 44, 0, 0, 0.04%, 0, 0, 9, 861.76
1748454483, 401, 31, 44, 0, 0, 0.04%, 0, 0, 9, 911.12
1748454488, 403, 2, 44, 0, 0, 0.04%, 0, 0, 9, 877.56
1748454493, 403, 42, 44, 0, 0, 0.04%, 0, 0, 9, 877.79
1748454498, 404, 34, 44, 0, 0, 0.04%, 0, 0, 9, 909.55
1748454503, 406, 4, 44, 0, 0, 0.04%, 0, 0, 9, 888.11
1748454509, 407, 10, 44, 0, 0, 0.04%, 0, 0, 9, 904.37
1748454514, 407, 42, 44, 0, 0, 0.04%, 0, 0, 9, 809.59
1748454519, 408, 42, 44, 0, 0, 0.04%, 0, 0, 9, 842.84
1748454524, 410, 15, 44, 0, 0, 0.04%, 0, 0, 9, 897.78
1748454529, 411, 28, 44, 0, 0, 0.04%, 0, 0, 9, 911.62
1748454534, 412, 42, 44, 0, 0, 0.04%, 0, 0, 9, 845.65
1748454539, 414, 20, 44, 0, 0, 0.04%, 0, 0, 9, 898.45
1748454544, 416, 42, 44, 0, 0, 0.04%, 0, 0, 9, 855.72
1748454549, 417, 42, 44, 0, 0, 0.04%, 0, 0, 9, 808.18
1748454554, 418, 37, 44, 0, 0, 0.04%, 0, 0, 9, 885.86
1748454559, 419, 41, 44, 0, 0, 0.04%, 0, 0, 9, 908.32
1748454569, 421, 3, 44, 0, 0, 0.04%, 0, 0, 9, 874.44
1748454574, 422, 42, 44, 0, 0, 0.04%, 0, 0, 9, 842.32
1748454579, 424, 17, 44, 0, 0, 0.04%, 0, 0, 9, 899.02
1748454584, 425, 36, 44, 0, 0, 0.04%, 0, 0, 9, 890.72
1748454590, 426, 42, 44, 0, 0, 0.04%, 0, 0, 9, 900.97
1748454595, 427, 41, 44, 0, 0, 0.04%, 0, 0, 9, 872.00
1748454600, 428, 42, 44, 0, 0, 0.04%, 0, 0, 9, 849.04
1748454605, 430, 42, 44, 0, 0, 0.04%, 0, 0, 9, 868.84
1748454610, 431, 42, 44, 0, 0, 0.04%, 0, 0, 9, 845.69
1748454615, 433, 31, 44, 0, 0, 0.04%, 0, 0, 9, 913.14
1748454620, 434, 42, 44, 0, 0, 0.04%, 0, 0, 9, 864.67
1748454625, 436, 18, 44, 0, 0, 0.04%, 0, 0, 9, 899.47
1748454630, 438, 3, 44, 0, 0, 0.04%, 0, 0, 9, 891.72
1748454636, 439, 2, 44, 0, 0, 0.04%, 0, 0, 9, 890.19
1748454641, 440, 37, 44, 0, 0, 0.04%, 0, 0, 9, 918.11
1748454646, 442, 3, 44, 0, 0, 0.04%, 0, 0, 9, 884.56
1748454651, 443, 4, 44, 0, 0, 0.04%, 0, 0, 9, 881.61
1748454656, 444, 42, 44, 0, 0, 0.04%, 0, 0, 9, 813.80
1748454661, 445, 42, 44, 0, 0, 0.04%, 0, 0, 9, 823.58
1748454666, 447, 3, 44, 0, 0, 0.04%, 0, 0, 9, 860.09
1748454671, 447, 40, 44, 0, 0, 0.04%, 0, 0, 9, 868.68
1748454676, 448, 43, 44, 0, 0, 0.04%, 0, 0, 9, 838.26
1748454681, 450, 13, 44, 0, 0, 0.04%, 0, 0, 9, 895.49
1748454686, 451, 2, 44, 0, 0, 0.04%, 0, 0, 9, 869.81
1748454691, 453, 3, 44, 0, 0, 0.04%, 0, 0, 9, 865.39
1748454696, 454, 42, 44, 0, 0, 0.04%, 0, 0, 9, 872.90
1748454701, 455, 42, 44, 0, 0, 0.04%, 0, 0, 9, 840.93
1748454706, 457, 36, 44, 0, 0, 0.04%, 0, 0, 9, 883.91
1748454712, 457, 41, 44, 0, 0, 0.04%, 0, 0, 9, 858.77
1748454717, 458, 9, 44, 0, 0, 0.04%, 0, 0, 9, 882.45
1748454722, 460, 0, 44, 0, 0, 0.04%, 0, 0, 9, 865.52
1748454727, 462, 4, 44, 0, 0, 0.04%, 0, 0, 9, 873.28
1748454732, 463, 42, 44, 0, 0, 0.04%, 0, 0, 9, 896.34
1748454737, 465, 14, 44, 0, 0, 0.04%, 0, 0, 9, 894.11
1748454742, 467, 0, 44, 0, 0, 0.04%, 0, 0, 9, 860.45
1748454747, 468, 42, 44, 0, 0, 0.04%, 0, 0, 9, 895.40
1748454752, 470, 41, 44, 0, 0, 0.04%, 0, 0, 9, 872.23
1748454762, 471, 33, 44, 0, 0, 0.04%, 0, 0, 9, 895.13
1748454767, 472, 32, 44, 0, 0, 0.04%, 0, 0, 9, 897.58
1748454772, 473, 42, 44, 0, 0, 0.04%, 0, 0, 9, 868.34
1748454777, 475, 4, 44, 0, 0, 0.04%, 0, 0, 9, 894.82
1748454782, 475, 41, 44, 0, 0, 0.04%, 0, 0, 9, 895.60
1748454787, 476, 3, 44, 0, 0, 0.04%, 0, 0, 9, 871.04
1748454793, 477, 17, 44, 0, 0, 0.04%, 0, 0, 9, 922.83
1748454798, 478, 42, 44, 0, 0, 0.04%, 0, 0, 9, 879.79
1748454803, 480, 9, 44, 0, 0, 0.04%, 0, 0, 9, 910.08
1748454808, 481, 42, 44, 0, 0, 0.04%, 0, 0, 9, 855.90
1748454813, 482, 42, 44, 0, 0, 0.04%, 0, 0, 9, 854.26
1748454818, 484, 10, 44, 0, 0, 0.04%, 0, 0, 9, 900.74
1748454823, 485, 3, 44, 0, 0, 0.04%, 0, 0, 9, 912.05
1748454828, 486, 15, 44, 0, 0, 0.04%, 0, 0, 9, 907.19
1748454834, 487, 30, 44, 0, 0, 0.04%, 0, 0, 9, 909.68
1748454839, 488, 42, 44, 0, 0, 0.04%, 0, 0, 9, 872.21
1748454844, 489, 41, 44, 0, 0, 0.04%, 0, 0, 9, 893.93
1748454849, 490, 33, 44, 0, 0, 0.04%, 0, 0, 9, 902.12
1748454854, 492, 31, 44, 0, 0, 0.04%, 0, 0, 9, 920.65
1748454859, 493, 42, 44, 0, 0, 0.04%, 0, 0, 9, 889.83
1748454864, 495, 4, 44, 0, 0, 0.04%, 0, 0, 9, 884.65
1748454869, 497, 0, 44, 0, 0, 0.04%, 0, 0, 9, 850.58
1748454874, 498, 42, 44, 0, 0, 0.04%, 0, 0, 9, 860.00
1748454879, 500, 8, 44, 0, 0, 0.04%, 0, 0, 9, 895.52
1748454885, 501, 32, 44, 0, 0, 0.04%, 0, 0, 9, 908.25
