# unix_time, cycles_done, cur_path, paths_total, pending_total, pending_favs, map_size, unique_crashes, unique_hangs, max_depth, execs_per_sec
1746712924, 0, 0, 1, 1, 1, 3.79%, 0, 0, 1, 64.00
1746712929, 0, 0, 22, 22, 1, 4.95%, 0, 0, 2, 59.57
1746712934, 0, 0, 42, 42, 1, 5.01%, 0, 0, 2, 59.71
1746712939, 0, 0, 55, 55, 1, 5.02%, 0, 0, 2, 62.60
1746712944, 0, 0, 63, 63, 1, 5.02%, 0, 0, 2, 66.54
1746712949, 0, 0, 73, 73, 1, 5.05%, 0, 0, 2, 62.63
1746712955, 0, 0, 84, 84, 1, 5.05%, 0, 0, 2, 62.92
1746712960, 0, 0, 88, 88, 1, 5.05%, 0, 0, 2, 66.78
1746712965, 0, 0, 99, 99, 1, 5.05%, 0, 0, 2, 62.17
1746712970, 0, 0, 106, 106, 1, 5.05%, 0, 0, 2, 64.51
1746712975, 0, 0, 117, 117, 1, 5.06%, 0, 0, 2, 64.44
1746712980, 0, 0, 124, 124, 1, 5.06%, 0, 0, 2, 65.47
1746712985, 0, 0, 127, 127, 1, 5.06%, 0, 0, 2, 66.24
1746712991, 0, 0, 137, 137, 1, 5.06%, 0, 0, 2, 64.32
1746712996, 0, 0, 140, 140, 1, 5.06%, 0, 0, 2, 66.06
1746713001, 0, 0, 145, 145, 1, 5.06%, 0, 0, 2, 67.63
1746713006, 0, 0, 148, 148, 1, 5.06%, 0, 0, 2, 68.69
1746713011, 0, 0, 151, 151, 1, 5.06%, 0, 0, 2, 67.66
1746713017, 0, 0, 157, 157, 1, 5.06%, 0, 0, 2, 66.61
1746713022, 0, 0, 163, 163, 1, 5.06%, 0, 0, 2, 66.35
1746713027, 0, 0, 166, 166, 1, 5.08%, 0, 0, 2, 66.88
1746713032, 0, 0, 168, 168, 1, 5.08%, 0, 0, 2, 68.64
1746713037, 0, 0, 175, 175, 1, 5.08%, 0, 0, 2, 61.97
1746713042, 0, 0, 179, 179, 1, 5.09%, 0, 0, 2, 64.51
1746713047, 0, 0, 185, 185, 1, 5.09%, 0, 0, 2, 63.17
1746713053, 0, 0, 187, 187, 1, 5.09%, 0, 0, 2, 65.67
1746713058, 0, 0, 191, 191, 1, 5.09%, 0, 0, 2, 63.35
1746713068, 0, 0, 194, 194, 1, 5.09%, 0, 0, 2, 66.49
1746713073, 0, 0, 198, 198, 1, 5.09%, 0, 0, 2, 65.33
1746713078, 0, 0, 200, 200, 1, 5.09%, 0, 0, 2, 66.76
1746713083, 0, 0, 202, 202, 1, 5.09%, 0, 0, 2, 65.76
1746713089, 0, 0, 208, 208, 1, 5.09%, 0, 0, 2, 61.64
1746713094, 0, 0, 209, 209, 1, 5.09%, 0, 0, 2, 67.35
1746713099, 0, 0, 211, 211, 1, 5.09%, 0, 0, 2, 69.43
1746713104, 0, 0, 214, 214, 1, 5.09%, 0, 0, 2, 68.55
1746713109, 0, 0, 216, 216, 1, 5.09%, 0, 0, 2, 68.03
1746713114, 0, 0, 219, 219, 1, 5.09%, 0, 0, 2, 66.24
1746713119, 0, 0, 221, 221, 1, 5.09%, 0, 0, 2, 67.60
1746713124, 0, 0, 226, 226, 1, 5.09%, 0, 0, 2, 66.42
1746713129, 0, 0, 229, 229, 1, 5.09%, 0, 0, 2, 66.95
1746713135, 0, 0, 231, 231, 1, 5.09%, 0, 0, 2, 67.65
1746713145, 0, 0, 232, 232, 1, 5.09%, 0, 0, 2, 68.12
1746713150, 0, 0, 235, 235, 1, 5.09%, 0, 0, 2, 68.14
1746713155, 0, 0, 237, 237, 1, 5.09%, 0, 0, 2, 67.26
1746713160, 0, 0, 241, 241, 1, 5.09%, 0, 0, 2, 64.73
1746713165, 0, 0, 245, 245, 1, 5.09%, 0, 0, 2, 65.13
1746713171, 0, 0, 247, 247, 1, 5.09%, 0, 0, 2, 66.75
1746713176, 0, 0, 250, 250, 1, 5.09%, 0, 0, 2, 67.61
1746713186, 0, 0, 251, 251, 1, 5.09%, 0, 0, 2, 70.04
1746713191, 0, 0, 255, 255, 1, 5.09%, 0, 0, 2, 66.18
1746713197, 0, 0, 256, 256, 1, 5.09%, 0, 0, 2, 68.49
1746713207, 0, 2, 257, 256, 15, 5.09%, 0, 0, 2, 69.70
1746713217, 0, 7, 257, 255, 14, 5.09%, 0, 0, 2, 60.55
1746713293, 0, 7, 260, 258, 14, 5.09%, 0, 0, 3, 59.79
1746713298, 0, 7, 263, 261, 14, 5.09%, 0, 0, 3, 59.08
1746713303, 0, 7, 265, 263, 14, 5.09%, 0, 0, 3, 59.72
1746713308, 0, 7, 269, 267, 14, 5.09%, 0, 0, 3, 58.91
1746713313, 0, 7, 274, 272, 14, 5.11%, 0, 0, 3, 58.12
1746713318, 0, 7, 275, 273, 14, 5.11%, 0, 0, 3, 60.19
1746713324, 0, 7, 277, 275, 14, 5.11%, 0, 0, 3, 60.82
1746713329, 0, 7, 279, 277, 14, 5.11%, 0, 0, 3, 61.12
1746713334, 0, 7, 285, 283, 14, 5.72%, 0, 0, 3, 56.62
1746713339, 0, 7, 286, 284, 14, 5.72%, 0, 0, 3, 60.46
1746713344, 0, 7, 288, 286, 14, 5.72%, 0, 0, 3, 59.43
1746713349, 0, 7, 291, 289, 14, 5.72%, 0, 0, 3, 59.73
1746713354, 0, 7, 294, 292, 14, 5.72%, 0, 0, 3, 60.03
1746713359, 0, 7, 296, 294, 14, 5.72%, 0, 0, 3, 58.66
1746713370, 0, 7, 299, 297, 14, 5.72%, 0, 0, 3, 59.94
1746713375, 0, 7, 300, 298, 14, 5.72%, 0, 0, 3, 57.76
1746713380, 0, 7, 303, 301, 14, 5.73%, 0, 0, 3, 59.86
1746713385, 0, 7, 305, 303, 14, 5.73%, 0, 0, 3, 60.19
1746713390, 0, 7, 306, 304, 14, 5.73%, 0, 0, 3, 60.97
1746713395, 0, 7, 307, 305, 14, 5.73%, 0, 0, 3, 62.17
1746713410, 0, 7, 309, 307, 14, 5.73%, 0, 0, 3, 59.46
1746713420, 0, 7, 310, 308, 14, 5.73%, 0, 0, 3, 61.94
1746713425, 0, 7, 312, 310, 14, 5.73%, 0, 0, 3, 60.84
1746713431, 0, 7, 313, 311, 14, 5.73%, 0, 0, 3, 60.74
1746713441, 0, 7, 314, 312, 14, 5.73%, 0, 0, 3, 62.76
1746713446, 0, 7, 316, 314, 14, 5.73%, 0, 0, 3, 59.37
1746713451, 0, 7, 318, 316, 14, 5.73%, 0, 0, 3, 61.05
1746713456, 0, 7, 319, 317, 14, 5.73%, 0, 0, 3, 59.06
1746713461, 0, 7, 320, 318, 14, 5.73%, 0, 0, 3, 59.44
1746713466, 0, 7, 322, 320, 14, 5.73%, 0, 0, 3, 60.01
1746713492, 0, 7, 323, 321, 14, 5.73%, 0, 0, 3, 62.73
1746713497, 0, 7, 324, 322, 14, 5.73%, 0, 0, 3, 60.91
1746713502, 0, 7, 325, 323, 14, 5.73%, 0, 0, 3, 60.77
1746713507, 0, 7, 326, 324, 14, 5.73%, 0, 0, 3, 59.26
1746713512, 0, 7, 328, 326, 14, 5.73%, 0, 0, 3, 59.94
1746713564, 0, 7, 329, 327, 14, 5.73%, 0, 0, 3, 60.46
1746713569, 0, 9, 329, 326, 8, 5.73%, 0, 0, 3, 57.52
1746713733, 0, 9, 333, 330, 8, 5.73%, 0, 0, 3, 52.34
1746713739, 0, 9, 334, 331, 8, 5.73%, 0, 0, 3, 54.44
1746713744, 0, 9, 336, 333, 8, 5.73%, 0, 0, 3, 53.78
1746713749, 0, 9, 338, 335, 8, 5.73%, 0, 0, 3, 52.96
1746713754, 0, 9, 339, 336, 8, 5.73%, 0, 0, 3, 55.43
1746713759, 0, 9, 341, 338, 8, 5.73%, 0, 0, 3, 54.18
1746713764, 0, 9, 343, 340, 8, 5.73%, 0, 0, 3, 55.46
1746713769, 0, 9, 346, 343, 8, 5.73%, 0, 0, 3, 53.51
1746713779, 0, 9, 348, 345, 8, 5.73%, 0, 0, 3, 53.66
1746713790, 0, 9, 349, 346, 8, 5.73%, 0, 0, 3, 55.40
1746713795, 0, 9, 350, 347, 8, 5.73%, 0, 0, 3, 54.70
1746713800, 0, 9, 351, 348, 8, 5.73%, 0, 0, 3, 54.19
1746713810, 0, 9, 352, 349, 8, 5.73%, 0, 0, 3, 55.01
1746713825, 0, 9, 353, 350, 8, 5.73%, 0, 0, 3, 56.31
1746713851, 0, 9, 355, 352, 8, 5.73%, 0, 0, 3, 54.81
1746713856, 0, 9, 357, 354, 8, 5.73%, 0, 0, 3, 53.97
1746713861, 0, 9, 358, 355, 8, 5.73%, 0, 0, 3, 54.01
1746713866, 0, 9, 359, 356, 8, 5.73%, 0, 0, 3, 55.46
1746713871, 0, 9, 361, 358, 8, 5.73%, 0, 0, 3, 54.57
1746713876, 0, 9, 362, 359, 8, 5.73%, 0, 0, 3, 54.71
1746713881, 0, 9, 363, 360, 8, 5.73%, 0, 0, 3, 56.04
1746713887, 0, 9, 365, 362, 8, 5.73%, 0, 0, 3, 54.56
1746713892, 0, 9, 367, 364, 8, 5.73%, 0, 0, 3, 52.91
1746713922, 0, 9, 369, 366, 8, 5.73%, 0, 0, 3, 55.67
1746713937, 0, 9, 370, 367, 8, 5.73%, 0, 0, 3, 55.25
1746713942, 0, 9, 371, 368, 8, 5.73%, 0, 0, 3, 55.29
1746713947, 0, 9, 372, 369, 8, 5.73%, 0, 0, 3, 54.10
1746713957, 0, 9, 374, 371, 8, 5.73%, 0, 0, 3, 55.04
1746713962, 0, 9, 375, 372, 8, 5.73%, 0, 0, 3, 56.49
1746713967, 0, 9, 377, 374, 8, 5.73%, 0, 0, 3, 54.67
1746713972, 0, 9, 378, 375, 8, 5.73%, 0, 0, 3, 56.18
1746713983, 0, 9, 379, 376, 8, 5.73%, 0, 0, 3, 56.51
1746713993, 0, 9, 380, 377, 8, 5.73%, 0, 0, 3, 55.01
1746714018, 0, 9, 381, 378, 8, 5.73%, 0, 0, 3, 54.61
1746714028, 0, 9, 382, 379, 8, 5.73%, 0, 0, 3, 56.03
1746714033, 0, 58, 382, 378, 10, 5.73%, 0, 0, 3, 56.30
1746714146, 0, 58, 384, 380, 10, 5.73%, 0, 0, 3, 58.49
1746714162, 0, 58, 385, 381, 10, 5.73%, 0, 0, 3, 60.01
1746714172, 0, 58, 386, 382, 10, 5.73%, 0, 0, 3, 61.32
1746714224, 0, 58, 387, 383, 10, 5.73%, 0, 0, 3, 60.20
1746714239, 0, 58, 388, 384, 10, 5.73%, 0, 0, 3, 59.77
1746714259, 0, 58, 389, 385, 10, 5.73%, 0, 0, 3, 60.32
1746714275, 0, 58, 390, 386, 10, 5.73%, 0, 0, 3, 59.25
1746714331, 0, 58, 391, 387, 10, 5.73%, 0, 0, 3, 59.81
1746714336, 0, 58, 392, 388, 10, 5.73%, 0, 0, 3, 59.18
1746714372, 0, 58, 393, 389, 10, 5.73%, 0, 0, 3, 61.75
1746714408, 0, 58, 394, 390, 10, 5.73%, 0, 0, 3, 57.71
1746714413, 0, 73, 394, 389, 10, 5.73%, 0, 0, 3, 57.32
1746714521, 0, 101, 394, 388, 10, 5.73%, 0, 0, 3, 55.23
1746714793, 0, 190, 394, 387, 9, 5.73%, 0, 0, 3, 50.29
1746714972, 0, 190, 395, 388, 9, 5.73%, 0, 0, 3, 51.36
1746714982, 0, 190, 396, 389, 9, 5.73%, 0, 0, 3, 52.77
1746714987, 0, 190, 397, 390, 9, 5.73%, 0, 0, 3, 53.53
1746714992, 0, 190, 398, 391, 9, 5.73%, 0, 0, 3, 55.14
1746714998, 0, 190, 399, 392, 9, 5.73%, 0, 0, 3, 55.23
1746715003, 0, 190, 401, 394, 9, 5.73%, 0, 0, 3, 55.40
1746715018, 0, 190, 402, 395, 9, 5.73%, 0, 0, 3, 55.46
1746715028, 0, 190, 403, 396, 9, 5.73%, 0, 0, 3, 55.69
1746715049, 0, 190, 405, 398, 9, 5.73%, 0, 0, 3, 53.60
1746715074, 0, 190, 406, 399, 9, 5.73%, 0, 0, 3, 55.10
1746715079, 0, 190, 407, 400, 9, 5.73%, 0, 0, 3, 54.29
1746715090, 0, 190, 408, 401, 9, 5.73%, 0, 0, 3, 54.66
1746715100, 0, 190, 409, 402, 9, 5.73%, 0, 0, 3, 55.96
1746715110, 0, 190, 411, 404, 9, 5.74%, 0, 0, 3, 52.78
1746715115, 0, 190, 412, 405, 9, 5.74%, 0, 0, 3, 52.92
1746715125, 0, 190, 413, 406, 9, 5.74%, 0, 0, 3, 54.61
1746715130, 0, 190, 414, 407, 9, 6.17%, 0, 0, 3, 53.61
1746715135, 0, 190, 415, 408, 9, 6.17%, 0, 0, 3, 55.32
1746715145, 0, 190, 416, 409, 9, 6.17%, 0, 0, 3, 53.79
1746715181, 0, 190, 417, 410, 9, 6.17%, 0, 0, 3, 55.38
1746715196, 0, 190, 418, 411, 9, 6.17%, 0, 0, 3, 53.97
1746715226, 0, 190, 419, 412, 9, 6.17%, 0, 0, 3, 54.81
1746715272, 0, 190, 420, 413, 9, 6.17%, 0, 0, 3, 54.46
1746715277, 0, 271, 420, 412, 7, 6.17%, 0, 0, 3, 49.22
1746715485, 0, 271, 421, 413, 7, 6.17%, 0, 0, 4, 49.60
1746715490, 0, 271, 422, 414, 7, 6.17%, 0, 0, 4, 51.43
1746715495, 0, 271, 423, 415, 7, 6.17%, 0, 0, 4, 52.12
1746715535, 0, 271, 424, 416, 7, 6.17%, 0, 0, 4, 52.39
1746715545, 0, 271, 425, 417, 7, 6.17%, 0, 0, 4, 52.21
1746715551, 0, 271, 427, 419, 7, 6.17%, 0, 0, 4, 50.95
1746715581, 0, 271, 428, 420, 7, 6.17%, 0, 0, 4, 53.82
1746715591, 0, 271, 429, 421, 7, 6.17%, 0, 0, 4, 52.29
1746715601, 0, 271, 430, 422, 7, 6.17%, 0, 0, 4, 52.98
1746715606, 0, 271, 431, 423, 7, 6.17%, 0, 0, 4, 52.18
1746715616, 0, 271, 432, 424, 7, 6.17%, 0, 0, 4, 53.53
1746715632, 0, 271, 433, 425, 7, 6.17%, 0, 0, 4, 52.50
1746715672, 0, 271, 434, 426, 7, 6.17%, 0, 0, 4, 52.52
1746715697, 0, 271, 436, 428, 7, 6.17%, 0, 0, 4, 51.57
1746715702, 0, 271, 437, 429, 7, 6.17%, 0, 0, 4, 51.81
1746715738, 0, 271, 438, 430, 7, 6.17%, 0, 0, 4, 52.29
1746715758, 0, 271, 439, 431, 7, 6.17%, 0, 0, 4, 52.74
1746715794, 0, 357, 439, 430, 6, 6.17%, 0, 0, 4, 40.41
1746715799, 0, 357, 441, 432, 6, 6.17%, 0, 0, 4, 34.62
1746715804, 0, 357, 446, 437, 6, 6.17%, 0, 0, 4, 33.50
1746715809, 0, 357, 447, 438, 6, 6.17%, 0, 0, 4, 33.03
1746715820, 0, 357, 448, 439, 6, 6.17%, 0, 0, 4, 32.58
1746715825, 0, 357, 454, 445, 6, 6.17%, 0, 0, 4, 32.80
1746715830, 0, 357, 455, 446, 6, 6.17%, 0, 0, 4, 32.92
1746715897, 0, 357, 456, 447, 6, 6.17%, 0, 0, 4, 32.43
1746715907, 0, 357, 457, 448, 6, 6.18%, 0, 0, 4, 32.58
1746715912, 0, 357, 458, 449, 6, 6.18%, 0, 0, 4, 32.51
1746716118, 0, 357, 459, 450, 6, 6.18%, 0, 0, 4, 32.39
1746716231, 0, 357, 460, 451, 6, 6.18%, 0, 0, 4, 32.58
1746716236, 0, 357, 462, 453, 6, 6.18%, 0, 0, 4, 32.70
1746716364, 0, 357, 463, 454, 6, 6.18%, 0, 0, 4, 33.23
1746716466, 0, 357, 464, 455, 6, 6.18%, 0, 0, 4, 32.37
1746716503, 0, 357, 467, 458, 6, 6.18%, 0, 0, 4, 32.61
1746716508, 0, 357, 479, 470, 6, 6.27%, 0, 0, 4, 32.19
1746716513, 0, 357, 488, 479, 6, 6.27%, 0, 0, 4, 34.72
1746716518, 0, 357, 498, 489, 6, 6.27%, 0, 0, 4, 34.06
1746716523, 0, 357, 502, 493, 6, 6.27%, 0, 0, 4, 35.15
1746716528, 0, 357, 510, 501, 6, 6.27%, 0, 0, 4, 34.03
1746716534, 0, 357, 520, 511, 6, 6.27%, 0, 0, 4, 33.95
1746716539, 0, 357, 528, 519, 6, 6.27%, 0, 0, 4, 34.79
1746716544, 0, 357, 535, 526, 6, 6.27%, 0, 0, 4, 33.28
1746716549, 0, 357, 540, 531, 6, 6.27%, 0, 0, 4, 34.40
1746716554, 0, 357, 546, 537, 6, 6.27%, 0, 0, 4, 34.34
1746716559, 0, 357, 552, 543, 6, 6.27%, 0, 0, 4, 35.51
1746716564, 0, 357, 556, 547, 6, 6.27%, 0, 0, 4, 36.33
1746716570, 0, 357, 562, 553, 6, 6.28%, 0, 0, 4, 35.41
1746716575, 0, 357, 564, 555, 6, 6.28%, 0, 0, 4, 35.17
1746716580, 0, 357, 567, 558, 6, 6.28%, 0, 0, 4, 35.40
1746716585, 0, 357, 576, 567, 6, 6.28%, 0, 0, 4, 33.75
1746716590, 0, 357, 581, 572, 6, 6.28%, 0, 0, 4, 34.98
1746716595, 0, 357, 585, 576, 6, 6.28%, 0, 0, 4, 35.24
1746716600, 0, 357, 587, 578, 6, 6.28%, 0, 0, 4, 36.28
1746716605, 0, 357, 588, 579, 6, 6.28%, 0, 0, 4, 37.63
1746716611, 0, 357, 590, 581, 6, 6.28%, 0, 0, 4, 36.26
1746716616, 0, 357, 593, 584, 6, 6.28%, 0, 0, 4, 36.32
1746716621, 0, 357, 595, 586, 6, 6.28%, 0, 0, 4, 37.50
1746716626, 0, 357, 599, 590, 6, 6.28%, 0, 0, 4, 36.21
1746716631, 0, 357, 600, 591, 6, 6.28%, 0, 0, 4, 37.49
1746716636, 0, 357, 602, 593, 6, 6.28%, 0, 0, 4, 36.58
1746716646, 0, 357, 604, 595, 6, 6.30%, 0, 0, 4, 35.90
1746716652, 0, 357, 605, 596, 6, 6.30%, 0, 0, 4, 37.24
1746716657, 0, 357, 609, 600, 6, 6.30%, 0, 0, 4, 36.61
1746716662, 0, 357, 610, 601, 6, 6.30%, 0, 0, 4, 36.33
1746716667, 0, 357, 612, 603, 6, 6.30%, 0, 0, 4, 36.98
1746716682, 0, 357, 613, 604, 6, 6.30%, 0, 0, 4, 36.25
1746716687, 0, 357, 614, 605, 6, 6.30%, 0, 0, 4, 36.91
1746716693, 0, 357, 616, 607, 6, 6.30%, 0, 0, 4, 38.18
1746716703, 0, 357, 617, 608, 6, 6.30%, 0, 0, 4, 37.16
1746716708, 0, 357, 618, 609, 6, 6.30%, 0, 0, 4, 36.97
1746716713, 0, 357, 619, 610, 6, 6.30%, 0, 0, 4, 37.37
1746716728, 0, 357, 620, 611, 6, 6.30%, 0, 0, 4, 35.80
1746716739, 0, 357, 621, 612, 6, 6.30%, 0, 0, 4, 36.66
1746716744, 0, 357, 622, 613, 6, 6.30%, 0, 0, 4, 37.42
1746716749, 0, 357, 624, 615, 6, 6.50%, 0, 0, 4, 35.43
1746716754, 0, 357, 625, 616, 6, 6.50%, 0, 0, 4, 36.00
1746716764, 0, 357, 626, 617, 6, 6.50%, 0, 0, 4, 38.22
1746716769, 0, 357, 629, 620, 6, 6.50%, 0, 0, 4, 36.48
1746716795, 0, 357, 631, 622, 6, 6.50%, 0, 0, 4, 37.12
1746716805, 0, 357, 632, 623, 6, 6.50%, 0, 0, 4, 37.30
1746716815, 0, 357, 633, 624, 6, 6.50%, 0, 0, 4, 37.02
1746716830, 0, 357, 634, 625, 6, 6.50%, 0, 0, 4, 37.53
1746716836, 0, 357, 635, 626, 6, 6.50%, 0, 0, 4, 35.95
1746716866, 0, 357, 637, 628, 6, 6.50%, 0, 0, 4, 36.93
1746716877, 0, 357, 638, 629, 6, 6.50%, 0, 0, 4, 37.21
1746716882, 0, 357, 639, 630, 6, 6.51%, 0, 0, 4, 36.84
1746716887, 0, 357, 641, 632, 6, 6.51%, 0, 0, 4, 37.59
1746716913, 0, 357, 642, 633, 6, 6.51%, 0, 0, 4, 38.24
1746716918, 0, 357, 643, 634, 6, 6.51%, 0, 0, 4, 37.75
1746716923, 0, 357, 644, 635, 6, 6.51%, 0, 0, 4, 37.39
1746716928, 0, 357, 645, 636, 6, 6.51%, 0, 0, 4, 36.93
1746716933, 0, 357, 646, 637, 6, 6.51%, 0, 0, 4, 36.65
1746716938, 0, 357, 647, 638, 6, 6.51%, 0, 0, 4, 36.46
1746716959, 0, 357, 649, 640, 6, 6.51%, 0, 0, 4, 37.15
1746716964, 0, 357, 650, 641, 6, 6.51%, 0, 0, 4, 38.06
1746716980, 0, 357, 651, 642, 6, 6.51%, 0, 0, 4, 37.36
1746716990, 0, 398, 651, 641, 10, 6.51%, 0, 0, 4, 41.07
1746717283, 0, 398, 652, 642, 10, 6.51%, 0, 0, 4, 48.36
1746717294, 0, 398, 653, 643, 10, 6.51%, 0, 0, 4, 48.96
1746717309, 0, 398, 654, 644, 10, 6.51%, 0, 0, 4, 49.12
1746717324, 0, 398, 655, 645, 10, 6.51%, 0, 0, 4, 48.58
1746717421, 0, 398, 656, 646, 10, 6.51%, 0, 0, 4, 48.05
1746717512, 0, 398, 657, 647, 10, 6.51%, 0, 0, 4, 49.05
1746717517, 0, 398, 658, 648, 10, 6.51%, 0, 0, 4, 49.46
1746717527, 0, 398, 659, 649, 10, 6.51%, 0, 0, 4, 48.33
1746717537, 0, 398, 661, 651, 10, 6.51%, 0, 0, 4, 47.45
1746717608, 0, 449, 661, 650, 9, 6.51%, 0, 0, 4, 42.80
1746718333, 0, 449, 663, 652, 9, 6.51%, 0, 0, 5, 36.42
1746718338, 0, 449, 665, 654, 9, 6.51%, 0, 0, 5, 36.38
1746718348, 0, 449, 666, 655, 9, 6.51%, 0, 0, 5, 36.83
1746718379, 0, 449, 667, 656, 9, 6.51%, 0, 0, 5, 37.98
1746718410, 0, 449, 668, 657, 9, 6.51%, 0, 0, 5, 37.47
1746718435, 0, 449, 669, 658, 9, 6.51%, 0, 0, 5, 38.24
1746718451, 0, 449, 672, 661, 9, 6.51%, 0, 0, 5, 36.03
1746718471, 0, 449, 673, 662, 9, 6.51%, 0, 0, 5, 38.04
1746718476, 0, 449, 674, 663, 9, 6.51%, 0, 0, 5, 36.86
1746718481, 0, 449, 675, 664, 9, 6.51%, 0, 0, 5, 37.31
1746718497, 0, 449, 676, 665, 9, 6.51%, 0, 0, 5, 36.85
1746718502, 0, 449, 677, 666, 9, 6.51%, 0, 0, 5, 36.94
1746718512, 0, 449, 678, 667, 9, 6.51%, 0, 0, 5, 35.33
1746718594, 0, 449, 679, 668, 9, 6.51%, 0, 0, 5, 35.92
1746718609, 0, 449, 681, 670, 9, 6.51%, 0, 0, 5, 36.34
1746718630, 0, 449, 683, 672, 9, 6.51%, 0, 0, 5, 38.11
1746718671, 0, 449, 684, 673, 9, 6.51%, 0, 0, 5, 37.91
1746718676, 0, 449, 685, 674, 9, 6.51%, 0, 0, 5, 38.46
1746718696, 0, 449, 686, 675, 9, 6.51%, 0, 0, 5, 36.79
1746718707, 0, 449, 687, 676, 9, 6.51%, 0, 0, 5, 36.02
1746718722, 0, 449, 688, 677, 9, 6.51%, 0, 0, 5, 36.41
1746718763, 0, 501, 688, 676, 10, 6.51%, 0, 0, 5, 34.04
1746719597, 0, 501, 689, 677, 10, 6.51%, 0, 0, 5, 33.63
1746719613, 0, 501, 691, 679, 10, 6.51%, 0, 0, 5, 34.38
1746719618, 0, 501, 692, 680, 10, 6.51%, 0, 0, 5, 35.03
1746719633, 0, 501, 693, 681, 10, 6.51%, 0, 0, 5, 36.08
1746719654, 0, 501, 694, 682, 10, 6.51%, 0, 0, 5, 35.20
1746719685, 0, 501, 695, 683, 10, 6.51%, 0, 0, 5, 35.37
1746719690, 0, 501, 696, 684, 10, 6.51%, 0, 0, 5, 34.89
1746719706, 0, 501, 697, 685, 10, 6.51%, 0, 0, 5, 35.16
1746719736, 0, 501, 698, 686, 10, 6.51%, 0, 0, 5, 35.94
1746719752, 0, 501, 699, 687, 10, 6.51%, 0, 0, 5, 34.48
1746719772, 0, 501, 700, 688, 10, 6.51%, 0, 0, 5, 34.95
1746719865, 0, 501, 701, 689, 10, 6.51%, 0, 0, 5, 34.13
1746719875, 0, 501, 702, 690, 10, 6.51%, 0, 0, 5, 34.16
1746719880, 0, 501, 703, 691, 10, 6.51%, 0, 0, 5, 35.11
1746719896, 0, 501, 705, 693, 10, 6.51%, 0, 0, 5, 33.62
1746719952, 0, 501, 706, 694, 10, 6.51%, 0, 0, 5, 34.51
1746719967, 0, 501, 707, 695, 10, 6.51%, 0, 0, 5, 35.50
1746720065, 0, 518, 707, 694, 9, 6.51%, 0, 0, 5, 30.70
1746720218, 0, 518, 708, 695, 9, 6.51%, 0, 0, 5, 28.68
1746721013, 0, 518, 709, 696, 9, 6.51%, 0, 0, 5, 33.54
1746721049, 0, 518, 710, 697, 9, 6.51%, 0, 0, 5, 34.09
1746721059, 0, 518, 711, 698, 9, 6.51%, 0, 0, 5, 34.68
1746721080, 0, 518, 712, 699, 9, 6.51%, 0, 0, 5, 33.00
1746721100, 0, 518, 713, 700, 9, 6.51%, 0, 0, 5, 33.83
1746721105, 0, 518, 714, 701, 9, 6.51%, 0, 0, 5, 33.39
1746721126, 0, 518, 716, 703, 9, 6.51%, 0, 0, 5, 32.20
1746721131, 0, 518, 717, 704, 9, 6.51%, 0, 0, 5, 32.49
1746721146, 0, 518, 718, 705, 9, 6.51%, 0, 0, 5, 33.04
1746721151, 0, 518, 719, 706, 9, 6.51%, 0, 0, 5, 32.23
1746721177, 0, 518, 720, 707, 9, 6.51%, 0, 0, 5, 33.49
1746721192, 0, 518, 721, 708, 9, 6.51%, 0, 0, 5, 33.10
1746721218, 0, 518, 722, 709, 9, 6.51%, 0, 0, 5, 32.58
1746721228, 0, 518, 723, 710, 9, 6.51%, 0, 0, 5, 33.99
1746721249, 0, 518, 724, 711, 9, 6.51%, 0, 0, 5, 32.66
1746721264, 0, 518, 725, 712, 9, 6.51%, 0, 0, 5, 32.96
1746721357, 0, 518, 726, 713, 9, 6.51%, 0, 0, 5, 32.71
1746721490, 0, 518, 727, 714, 9, 6.51%, 0, 0, 5, 34.07
1746721501, 0, 528, 727, 713, 9, 6.51%, 0, 0, 5, 29.15
1746722742, 0, 528, 728, 714, 9, 6.51%, 0, 0, 5, 30.01
1746722757, 0, 528, 729, 715, 9, 6.51%, 0, 0, 5, 29.65
1746722762, 0, 528, 730, 716, 9, 6.51%, 0, 0, 5, 30.37
1746722777, 0, 528, 731, 717, 9, 6.51%, 0, 0, 5, 30.10
1746722818, 0, 528, 732, 718, 9, 6.51%, 0, 0, 5, 30.73
1746722870, 0, 528, 733, 719, 9, 6.51%, 0, 0, 5, 30.58
1746722890, 0, 528, 734, 720, 9, 6.51%, 0, 0, 5, 29.87
1746722895, 0, 528, 735, 721, 9, 6.51%, 0, 0, 5, 30.85
1746722926, 0, 528, 736, 722, 9, 6.51%, 0, 0, 5, 30.25
1746723019, 0, 528, 737, 723, 9, 6.51%, 0, 0, 5, 29.61
1746723039, 0, 528, 738, 724, 9, 6.51%, 0, 0, 5, 29.94
1746723049, 0, 528, 739, 725, 9, 6.51%, 0, 0, 5, 30.04
1746723064, 0, 528, 740, 726, 9, 6.51%, 0, 0, 5, 30.07
1746723161, 0, 528, 741, 727, 9, 6.51%, 0, 0, 5, 29.77
1746723177, 0, 528, 742, 728, 9, 6.51%, 0, 0, 5, 29.94
1746723187, 0, 528, 743, 729, 9, 6.51%, 0, 0, 5, 30.24
1746723238, 0, 528, 744, 730, 9, 6.51%, 0, 0, 5, 30.44
1746723274, 0, 547, 744, 729, 9, 6.51%, 0, 0, 5, 33.16
1746723927, 0, 550, 744, 728, 8, 6.51%, 0, 0, 5, 32.97
1746724788, 0, 610, 744, 727, 7, 6.51%, 0, 0, 5, 33.66
1746725573, 0, 610, 745, 728, 7, 6.51%, 0, 0, 5, 34.47
1746725614, 0, 622, 745, 727, 7, 6.51%, 0, 0, 5, 24.50
1746725634, 0, 622, 747, 729, 7, 6.51%, 0, 0, 5, 16.74
1746725644, 0, 622, 749, 731, 7, 6.51%, 0, 0, 5, 16.67
1746725649, 0, 622, 752, 734, 7, 6.51%, 0, 0, 5, 16.65
1746725664, 0, 622, 754, 736, 7, 6.51%, 0, 0, 5, 16.93
1746725669, 0, 622, 755, 737, 7, 6.51%, 0, 0, 5, 16.92
1746725690, 0, 622, 757, 739, 7, 6.51%, 0, 0, 5, 17.47
1746725710, 0, 622, 758, 740, 7, 6.51%, 0, 0, 5, 17.38
1746725715, 0, 622, 761, 743, 7, 6.85%, 0, 0, 5, 17.04
1746725725, 0, 622, 762, 744, 7, 6.85%, 0, 0, 5, 16.94
1746725730, 0, 622, 764, 746, 7, 6.85%, 0, 0, 5, 16.77
1746725735, 0, 622, 766, 748, 7, 6.85%, 0, 0, 5, 16.75
1746725746, 0, 622, 768, 750, 7, 6.85%, 0, 0, 5, 17.08
1746725751, 0, 622, 769, 751, 7, 6.85%, 0, 0, 5, 17.09
1746725756, 0, 622, 771, 753, 7, 6.85%, 0, 0, 5, 17.11
1746725818, 0, 622, 772, 754, 7, 6.85%, 0, 0, 5, 17.02
1746725940, 0, 622, 773, 755, 7, 6.85%, 0, 0, 5, 17.03
1746725951, 0, 622, 774, 756, 7, 6.85%, 0, 0, 5, 16.85
1746725966, 0, 622, 775, 757, 7, 6.85%, 0, 0, 5, 16.68
1746726027, 0, 622, 776, 758, 7, 6.85%, 0, 0, 5, 16.92
1746726043, 0, 622, 777, 759, 7, 6.85%, 0, 0, 5, 17.00
1746726053, 0, 622, 778, 760, 7, 6.85%, 0, 0, 5, 16.95
1746726099, 0, 622, 779, 761, 7, 6.85%, 0, 0, 5, 17.34
1746726109, 0, 622, 781, 763, 7, 6.85%, 0, 0, 5, 17.32
1746726124, 0, 622, 783, 765, 7, 6.99%, 0, 0, 5, 18.02
1746727788, 0, 622, 785, 767, 7, 6.99%, 0, 0, 5, 18.42
1746727793, 0, 622, 788, 770, 7, 6.99%, 0, 0, 5, 18.40
1746727838, 0, 622, 789, 771, 7, 6.99%, 0, 0, 5, 17.20
1746727889, 0, 622, 792, 774, 7, 6.99%, 0, 0, 5, 17.20
1746727930, 0, 622, 793, 775, 7, 6.99%, 0, 0, 5, 16.96
1746728218, 0, 622, 795, 777, 7, 7.02%, 0, 0, 5, 16.65
1746728441, 0, 622, 796, 778, 7, 7.06%, 0, 0, 5, 18.06
1746728446, 0, 622, 797, 779, 7, 7.06%, 0, 0, 5, 17.96
1746728451, 0, 622, 798, 780, 7, 7.06%, 0, 0, 5, 18.57
1746728456, 0, 622, 800, 782, 7, 7.06%, 0, 0, 5, 17.64
1746728598, 0, 622, 801, 783, 7, 7.06%, 0, 0, 5, 17.21
1746728770, 0, 622, 804, 786, 7, 7.06%, 0, 0, 5, 19.09
1746728775, 0, 622, 808, 790, 7, 7.06%, 0, 0, 5, 20.83
1746728780, 0, 622, 810, 792, 7, 7.06%, 0, 0, 5, 21.09
1746728785, 0, 622, 813, 795, 7, 7.06%, 0, 0, 5, 21.06
1746728790, 0, 622, 816, 798, 7, 7.06%, 0, 0, 5, 21.66
1746728796, 0, 622, 819, 801, 7, 7.06%, 0, 0, 5, 22.11
1746728801, 0, 622, 824, 806, 7, 7.07%, 0, 0, 5, 21.18
1746728811, 0, 622, 825, 807, 7, 7.07%, 0, 0, 5, 22.05
1746728816, 0, 622, 827, 809, 7, 7.07%, 0, 0, 5, 21.26
1746728821, 0, 622, 828, 810, 7, 7.07%, 0, 0, 5, 22.37
1746728836, 0, 622, 829, 811, 7, 7.07%, 0, 0, 5, 22.52
1746728841, 0, 622, 831, 813, 7, 7.07%, 0, 0, 5, 21.55
1746728847, 0, 622, 833, 815, 7, 7.07%, 0, 0, 5, 21.26
1746728852, 0, 622, 834, 816, 7, 7.07%, 0, 0, 5, 21.75
1746728857, 0, 622, 835, 817, 7, 7.07%, 0, 0, 5, 23.08
1746728862, 0, 622, 836, 818, 7, 7.07%, 0, 0, 5, 22.32
1746728872, 0, 622, 838, 820, 7, 7.07%, 0, 0, 5, 21.52
1746728877, 0, 622, 839, 821, 7, 7.07%, 0, 0, 5, 22.19
1746728887, 0, 622, 841, 823, 7, 7.12%, 0, 0, 5, 22.20
1746728893, 0, 622, 842, 824, 7, 7.12%, 0, 0, 5, 22.84
1746728898, 0, 622, 843, 825, 7, 7.12%, 0, 0, 5, 22.24
1746728908, 0, 622, 844, 826, 7, 7.12%, 0, 0, 5, 22.22
1746728918, 0, 622, 845, 827, 7, 7.12%, 0, 0, 5, 22.20
1746728923, 0, 622, 847, 829, 7, 7.12%, 0, 0, 5, 21.78
1746728928, 0, 622, 848, 830, 7, 7.12%, 0, 0, 5, 21.31
1746728939, 0, 622, 850, 832, 7, 7.13%, 0, 0, 5, 22.36
1746728944, 0, 622, 852, 834, 7, 7.13%, 0, 0, 5, 21.46
1746728969, 0, 622, 853, 835, 7, 7.13%, 0, 0, 5, 22.25
1746728995, 0, 622, 854, 836, 7, 7.13%, 0, 0, 5, 21.94
1746729005, 0, 622, 855, 837, 7, 7.13%, 0, 0, 5, 22.48
1746729015, 0, 622, 856, 838, 7, 7.13%, 0, 0, 5, 22.61
1746729020, 0, 622, 858, 840, 7, 7.13%, 0, 0, 5, 22.78
1746729025, 0, 622, 861, 843, 7, 7.17%, 0, 0, 5, 21.52
1746729030, 0, 622, 864, 846, 7, 7.17%, 0, 0, 5, 21.08
1746729041, 0, 622, 866, 848, 7, 7.17%, 0, 0, 5, 22.49
1746729056, 0, 622, 867, 849, 7, 7.17%, 0, 0, 5, 22.50
1746729061, 0, 622, 868, 850, 7, 7.17%, 0, 0, 5, 22.74
1746729072, 0, 622, 869, 851, 7, 7.17%, 0, 0, 5, 22.39
1746729087, 0, 622, 870, 852, 7, 7.17%, 0, 0, 5, 22.68
1746729092, 0, 622, 871, 853, 7, 7.17%, 0, 0, 5, 22.22
1746729097, 0, 622, 872, 854, 7, 7.17%, 0, 0, 5, 21.95
1746729102, 0, 622, 873, 855, 7, 7.17%, 0, 0, 5, 22.77
1746729118, 0, 622, 874, 856, 7, 7.17%, 0, 0, 5, 22.42
1746729154, 0, 622, 875, 857, 7, 7.17%, 0, 0, 5, 21.66
1746729159, 0, 622, 876, 858, 7, 7.17%, 0, 0, 5, 22.72
1746729169, 0, 622, 877, 859, 7, 7.17%, 0, 0, 5, 23.33
1746729184, 0, 622, 879, 861, 7, 7.17%, 0, 0, 5, 21.70
1746729190, 0, 622, 880, 862, 7, 7.17%, 0, 0, 5, 22.75
1746729200, 0, 622, 881, 863, 7, 7.17%, 0, 0, 5, 22.09
1746729236, 0, 622, 882, 864, 7, 7.17%, 0, 0, 5, 23.11
1746729251, 0, 622, 884, 866, 7, 7.17%, 0, 0, 5, 21.72
1746729262, 0, 622, 885, 867, 7, 7.17%, 0, 0, 5, 22.24
1746729287, 0, 622, 886, 868, 7, 7.17%, 0, 0, 5, 22.26
1746729298, 0, 622, 887, 869, 7, 7.17%, 0, 0, 5, 22.82
1746729308, 0, 622, 888, 870, 7, 7.17%, 0, 0, 5, 21.95
1746729349, 0, 622, 889, 871, 7, 7.17%, 0, 0, 5, 21.80
1746729364, 0, 622, 890, 872, 7, 7.17%, 0, 0, 5, 22.89
1746729431, 0, 622, 891, 873, 7, 7.17%, 0, 0, 5, 22.32
1746729441, 0, 622, 892, 874, 7, 7.17%, 0, 0, 5, 23.02
1746729481, 0, 622, 893, 875, 7, 7.17%, 0, 0, 5, 21.91
1746729492, 0, 622, 894, 876, 7, 7.17%, 0, 0, 5, 21.98
1746729502, 0, 622, 895, 877, 7, 7.17%, 0, 0, 5, 22.97
1746729527, 0, 622, 896, 878, 7, 7.17%, 0, 0, 5, 23.14
1746729532, 0, 638, 896, 877, 18, 7.17%, 0, 0, 5, 28.08
1746730331, 0, 689, 896, 876, 17, 7.17%, 0, 0, 5, 33.37
1746731034, 0, 689, 897, 877, 17, 7.17%, 0, 0, 6, 28.17
1746731323, 0, 689, 898, 878, 17, 7.17%, 0, 0, 6, 31.91
1746731365, 0, 723, 898, 877, 17, 7.17%, 0, 0, 6, 31.06
1746732607, 0, 781, 898, 876, 16, 7.17%, 0, 0, 6, 28.77
1746732710, 0, 781, 900, 878, 16, 7.18%, 0, 0, 6, 17.12
1746732726, 0, 781, 901, 879, 16, 7.18%, 0, 0, 6, 17.07
1746732746, 0, 781, 902, 880, 16, 7.18%, 0, 0, 6, 17.14
1746732838, 0, 781, 903, 881, 16, 7.18%, 0, 0, 6, 17.41
1746732921, 0, 781, 904, 882, 16, 7.18%, 0, 0, 6, 17.06
1746732992, 0, 781, 905, 883, 16, 7.18%, 0, 0, 6, 17.12
1746733049, 0, 781, 906, 884, 16, 7.18%, 0, 0, 6, 17.53
1746733074, 0, 781, 907, 885, 16, 7.18%, 0, 0, 6, 18.04
1746733254, 0, 781, 908, 886, 16, 7.18%, 0, 0, 6, 16.99
1746734688, 0, 781, 909, 887, 16, 7.18%, 0, 0, 6, 17.11
1746735380, 0, 781, 911, 889, 16, 7.18%, 0, 0, 6, 17.07
1746735559, 0, 781, 913, 891, 16, 7.18%, 0, 0, 6, 20.15
1746735565, 0, 781, 916, 894, 16, 7.18%, 0, 0, 6, 20.90
1746735570, 0, 781, 917, 895, 16, 7.18%, 0, 0, 6, 21.98
1746735575, 0, 781, 920, 898, 16, 7.18%, 0, 0, 6, 22.13
1746735580, 0, 781, 921, 899, 16, 7.18%, 0, 0, 6, 23.01
1746735585, 0, 781, 922, 900, 16, 7.18%, 0, 0, 6, 22.91
1746735590, 0, 781, 924, 902, 16, 7.26%, 0, 0, 6, 22.80
1746735600, 0, 781, 926, 904, 16, 7.26%, 0, 0, 6, 21.24
1746735605, 0, 781, 927, 905, 16, 7.26%, 0, 0, 6, 22.16
1746735611, 0, 781, 928, 906, 16, 7.26%, 0, 0, 6, 22.27
1746735616, 0, 781, 930, 908, 16, 7.26%, 0, 0, 6, 22.12
1746735626, 0, 781, 932, 910, 16, 7.26%, 0, 0, 6, 20.58
1746735631, 0, 781, 933, 911, 16, 7.26%, 0, 0, 6, 22.87
1746735636, 0, 781, 934, 912, 16, 7.26%, 0, 0, 6, 23.27
1746735641, 0, 781, 935, 913, 16, 7.26%, 0, 0, 6, 22.26
1746735651, 0, 781, 936, 914, 16, 7.26%, 0, 0, 6, 22.58
1746735662, 0, 781, 937, 915, 16, 7.26%, 0, 0, 6, 22.75
1746735667, 0, 781, 938, 916, 16, 7.26%, 0, 0, 6, 21.71
1746735682, 0, 781, 939, 917, 16, 7.26%, 0, 0, 6, 22.87
1746735687, 0, 781, 940, 918, 16, 7.26%, 0, 0, 6, 22.57
1746735697, 0, 781, 941, 919, 16, 7.26%, 0, 0, 6, 23.12
1746735702, 0, 781, 942, 920, 16, 7.26%, 0, 0, 6, 23.01
1746735728, 0, 781, 943, 921, 16, 7.26%, 0, 0, 6, 22.91
1746735739, 0, 781, 945, 923, 16, 7.26%, 0, 0, 6, 22.88
1746735744, 0, 781, 946, 924, 16, 7.26%, 0, 0, 6, 22.67
1746735805, 0, 781, 947, 925, 16, 7.26%, 0, 0, 6, 22.42
1746735815, 0, 781, 948, 926, 16, 7.26%, 0, 0, 6, 22.57
1746735820, 0, 781, 950, 928, 16, 7.26%, 0, 0, 6, 22.60
1746735826, 0, 781, 951, 929, 16, 7.26%, 0, 0, 6, 22.87
1746735836, 0, 781, 952, 930, 16, 7.26%, 0, 0, 6, 22.18
1746735851, 0, 781, 953, 931, 16, 7.26%, 0, 0, 6, 22.46
1746735856, 0, 781, 954, 932, 16, 7.26%, 0, 0, 6, 22.82
1746735882, 0, 781, 955, 933, 16, 7.26%, 0, 0, 6, 22.38
1746735918, 0, 781, 956, 934, 16, 7.26%, 0, 0, 6, 23.55
1746735933, 0, 781, 957, 935, 16, 7.26%, 0, 0, 6, 22.15
1746735953, 0, 781, 958, 936, 16, 7.26%, 0, 0, 6, 23.47
1746735959, 0, 781, 959, 937, 16, 7.26%, 0, 0, 6, 22.68
1746735964, 0, 781, 960, 938, 16, 7.26%, 0, 0, 6, 22.77
1746736071, 0, 781, 961, 939, 16, 7.26%, 0, 0, 6, 22.46
1746736087, 0, 781, 962, 940, 16, 7.26%, 0, 0, 6, 22.87
1746736112, 0, 793, 963, 940, 19, 7.26%, 0, 0, 6, 22.78
1746739342, 0, 793, 964, 941, 19, 7.26%, 0, 0, 6, 21.99
1746739383, 0, 796, 964, 940, 18, 7.26%, 0, 0, 6, 22.10
1746739506, 0, 796, 965, 941, 18, 7.26%, 0, 0, 6, 18.56
1746741920, 0, 796, 966, 942, 18, 7.26%, 0, 0, 6, 24.83
1746741966, 0, 804, 966, 941, 17, 7.26%, 0, 0, 6, 21.76
1746745208, 0, 813, 966, 940, 16, 7.26%, 0, 0, 6, 31.76
1746745229, 0, 813, 967, 941, 16, 7.26%, 0, 0, 6, 29.75
1746746547, 0, 820, 967, 940, 16, 7.26%, 0, 0, 6, 32.26
1746748273, 0, 822, 967, 939, 16, 7.26%, 0, 0, 6, 26.59
1746750506, 0, 822, 968, 940, 16, 7.26%, 0, 0, 6, 25.40
1746750546, 0, 841, 968, 939, 15, 7.26%, 0, 0, 6, 25.68
1746750979, 0, 841, 969, 940, 15, 7.26%, 0, 0, 6, 12.72
1746754842, 0, 841, 970, 941, 15, 7.26%, 0, 0, 6, 15.54
1746754852, 0, 841, 971, 942, 15, 7.26%, 0, 0, 6, 15.61
1746754883, 0, 841, 972, 943, 15, 7.26%, 0, 0, 6, 16.13
1746754949, 0, 841, 973, 944, 15, 7.26%, 0, 0, 6, 14.95
1746755149, 0, 841, 975, 946, 15, 7.26%, 0, 0, 6, 14.76
1746755190, 0, 841, 976, 947, 15, 7.26%, 0, 0, 6, 16.41
1746755210, 0, 841, 977, 948, 15, 7.26%, 0, 0, 6, 15.66
1746755246, 0, 841, 978, 949, 15, 7.26%, 0, 0, 6, 16.10
1746755492, 0, 841, 979, 950, 15, 7.26%, 0, 0, 6, 15.59
1746755497, 0, 841, 980, 951, 15, 7.26%, 0, 0, 6, 15.43
1746755573, 0, 841, 981, 952, 15, 7.26%, 0, 0, 6, 15.75
1746755594, 0, 841, 982, 953, 15, 7.26%, 0, 0, 6, 16.05
1746755604, 0, 848, 982, 952, 16, 7.26%, 0, 0, 6, 15.98
