# unix_time, cycles_done, cur_path, paths_total, pending_total, pending_favs, map_size, unique_crashes, unique_hangs, max_depth, execs_per_sec
1746558726, 0, 0, 1, 1, 1, 5.42%, 0, 0, 1, 24.84
1746558731, 0, 0, 17, 17, 1, 6.00%, 0, 0, 2, 27.32
1746558737, 0, 0, 33, 33, 1, 6.00%, 0, 0, 2, 28.62
1746558742, 0, 0, 50, 50, 1, 6.00%, 0, 0, 2, 29.06
1746558747, 0, 0, 66, 66, 1, 6.00%, 0, 0, 2, 29.08
1746558752, 0, 0, 83, 83, 1, 6.00%, 0, 0, 2, 30.48
1746558757, 0, 0, 91, 91, 1, 6.72%, 0, 0, 2, 18.64
1746558762, 0, 0, 98, 98, 1, 6.75%, 0, 0, 2, 13.71
1746558767, 0, 0, 101, 101, 1, 6.98%, 0, 0, 2, 9.70
1746558773, 0, 0, 109, 109, 1, 6.98%, 0, 0, 2, 13.81
1746558778, 0, 0, 114, 114, 1, 6.99%, 0, 0, 2, 9.98
1746558783, 0, 0, 119, 119, 1, 6.99%, 0, 0, 2, 8.31
1746558788, 0, 0, 123, 123, 1, 6.99%, 0, 0, 2, 7.86
1746558793, 0, 0, 132, 132, 1, 6.99%, 0, 0, 2, 14.78
1746558799, 0, 0, 135, 135, 1, 6.99%, 0, 0, 2, 7.73
1746558804, 0, 0, 138, 138, 1, 7.69%, 0, 0, 2, 6.49
1746558809, 0, 0, 140, 140, 1, 7.69%, 0, 0, 2, 6.67
1746558814, 0, 0, 148, 148, 1, 7.69%, 0, 0, 2, 12.63
1746558819, 0, 0, 152, 152, 1, 7.69%, 0, 0, 2, 8.72
1746558824, 0, 0, 158, 158, 1, 7.69%, 0, 0, 2, 11.55
1746558829, 0, 0, 164, 164, 1, 7.69%, 0, 0, 2, 13.55
1746558834, 0, 0, 170, 170, 1, 7.69%, 0, 0, 2, 14.16
1746558840, 0, 0, 176, 176, 1, 7.69%, 0, 0, 2, 13.28
1746558845, 0, 0, 181, 181, 1, 7.69%, 0, 0, 2, 10.89
1746558850, 0, 0, 187, 187, 1, 7.69%, 0, 0, 2, 14.18
1746558855, 0, 0, 191, 191, 1, 7.69%, 0, 0, 2, 8.27
1746558860, 0, 0, 195, 195, 1, 7.69%, 0, 0, 2, 8.56
1746558865, 0, 0, 201, 201, 1, 7.69%, 0, 0, 2, 11.27
1746558870, 0, 0, 205, 205, 1, 7.77%, 0, 0, 2, 9.17
1746558875, 0, 0, 212, 212, 1, 7.80%, 0, 0, 2, 2.41
1746558881, 0, 0, 215, 215, 1, 7.80%, 0, 0, 2, 4.40
1746558886, 0, 0, 221, 221, 1, 7.80%, 0, 0, 2, 10.67
1746558891, 0, 0, 225, 225, 1, 7.80%, 0, 0, 2, 8.29
1746558896, 0, 0, 227, 227, 1, 7.81%, 0, 0, 2, 5.52
1746558901, 0, 0, 231, 231, 1, 7.81%, 0, 0, 2, 8.23
1746558906, 0, 0, 234, 234, 1, 7.81%, 0, 0, 2, 7.55
1746558911, 0, 0, 242, 242, 1, 7.81%, 0, 0, 2, 15.38
1746558916, 0, 0, 246, 246, 1, 7.81%, 0, 0, 2, 10.94
1746558921, 0, 0, 250, 250, 1, 7.81%, 0, 0, 2, 9.94
1746558926, 0, 0, 252, 252, 1, 7.81%, 0, 0, 2, 6.58
1746558931, 0, 0, 256, 256, 1, 7.81%, 0, 0, 2, 3.32
1746558937, 0, 0, 257, 257, 1, 7.81%, 0, 0, 2, 2.80
1746558942, 0, 0, 262, 262, 1, 7.82%, 0, 0, 2, 7.46
1746558948, 0, 0, 264, 264, 1, 7.82%, 0, 0, 2, 5.81
1746558953, 0, 0, 267, 267, 1, 7.82%, 0, 0, 2, 6.80
1746558958, 0, 0, 273, 273, 1, 7.86%, 0, 0, 2, 2.03
1746558963, 0, 0, 275, 275, 1, 7.86%, 0, 0, 2, 31.37
1746558968, 0, 0, 279, 279, 1, 7.87%, 0, 0, 2, 7.66
1746558974, 0, 0, 282, 282, 1, 7.87%, 0, 0, 2, 8.03
1746558979, 0, 0, 287, 287, 1, 7.87%, 0, 0, 2, 10.50
1746558984, 0, 0, 293, 293, 1, 7.87%, 0, 0, 2, 11.06
1746558989, 0, 0, 297, 297, 1, 7.87%, 0, 0, 2, 9.67
1746558994, 0, 0, 301, 301, 1, 7.87%, 0, 0, 2, 8.92
1746558999, 0, 0, 304, 304, 1, 7.87%, 0, 0, 2, 9.81
1746559005, 0, 0, 309, 309, 1, 7.87%, 0, 0, 2, 7.97
1746559010, 0, 0, 312, 312, 1, 7.87%, 0, 0, 2, 10.01
1746559015, 0, 0, 314, 314, 1, 7.87%, 0, 0, 2, 6.60
1746559020, 0, 0, 316, 316, 1, 7.87%, 0, 0, 2, 5.09
1746559025, 0, 0, 319, 319, 1, 7.87%, 0, 0, 2, 7.43
1746559030, 0, 0, 322, 322, 1, 7.87%, 0, 0, 2, 7.72
1746559036, 0, 0, 324, 324, 1, 7.87%, 0, 0, 2, 6.36
1746559041, 0, 0, 331, 331, 1, 7.87%, 0, 0, 2, 12.51
1746559046, 0, 0, 335, 335, 1, 7.87%, 0, 0, 2, 11.36
1746559051, 0, 0, 337, 337, 1, 7.87%, 0, 0, 2, 2.36
1746559056, 0, 0, 339, 339, 1, 7.87%, 0, 0, 2, 2.55
1746559061, 0, 0, 342, 342, 1, 7.87%, 0, 0, 2, 16.57
1746559066, 0, 0, 346, 346, 1, 7.87%, 0, 0, 2, 9.91
1746559071, 0, 0, 348, 348, 1, 7.87%, 0, 0, 2, 7.96
1746559077, 0, 0, 351, 351, 1, 7.87%, 0, 0, 2, 7.00
1746559082, 0, 0, 354, 354, 1, 7.87%, 0, 0, 2, 7.60
1746559087, 0, 0, 356, 356, 1, 7.87%, 0, 0, 2, 6.33
1746559092, 0, 0, 360, 360, 1, 7.87%, 0, 0, 2, 1.39
1746559102, 0, 0, 364, 364, 1, 7.87%, 0, 0, 2, 9.80
1746559107, 0, 0, 367, 367, 1, 7.87%, 0, 0, 2, 9.52
1746559112, 0, 0, 371, 371, 1, 7.87%, 0, 0, 2, 10.13
1746559118, 0, 0, 374, 374, 1, 7.87%, 0, 0, 2, 2.11
1746559123, 0, 0, 377, 377, 1, 7.87%, 0, 0, 2, 12.91
1746559128, 0, 0, 378, 378, 1, 7.87%, 0, 0, 2, 8.06
1746559133, 0, 0, 381, 381, 1, 7.87%, 0, 0, 2, 29.17
1746559138, 0, 0, 383, 383, 1, 7.87%, 0, 0, 2, 15.77
1746559143, 0, 0, 387, 387, 1, 7.87%, 0, 0, 2, 13.47
1746559149, 0, 0, 391, 391, 1, 7.87%, 0, 0, 2, 11.12
1746559154, 0, 0, 395, 395, 1, 7.87%, 0, 0, 2, 12.20
1746559159, 0, 0, 398, 398, 1, 7.87%, 0, 0, 2, 9.47
1746559164, 0, 0, 400, 400, 1, 7.87%, 0, 0, 2, 6.15
1746559169, 0, 0, 403, 403, 1, 7.87%, 0, 0, 2, 6.06
1746559174, 0, 0, 406, 406, 1, 7.87%, 0, 0, 2, 14.51
1746559179, 0, 0, 409, 409, 1, 7.87%, 0, 0, 2, 8.37
1746559184, 0, 0, 410, 410, 1, 7.87%, 0, 0, 2, 6.71
1746559190, 0, 0, 414, 414, 1, 7.87%, 0, 0, 2, 1.40
1746559195, 0, 0, 415, 415, 1, 7.87%, 0, 0, 2, 11.91
1746559201, 0, 0, 419, 419, 1, 7.87%, 0, 0, 2, 1.98
1746559206, 0, 0, 420, 420, 1, 7.87%, 0, 0, 2, 11.10
1746559211, 0, 0, 422, 422, 1, 7.87%, 0, 0, 2, 6.46
1746559216, 0, 0, 424, 424, 1, 7.87%, 0, 0, 2, 11.19
1746559221, 0, 0, 425, 425, 1, 7.87%, 0, 0, 2, 1.50
1746559226, 0, 0, 429, 429, 1, 7.87%, 0, 0, 2, 24.58
1746559231, 0, 0, 431, 431, 1, 7.87%, 0, 0, 2, 3.34
1746559237, 0, 0, 433, 433, 1, 7.87%, 0, 0, 2, 4.92
1746559242, 0, 0, 434, 434, 1, 7.87%, 0, 0, 2, 3.87
1746559247, 0, 0, 437, 437, 1, 7.87%, 0, 0, 2, 13.05
1746559252, 0, 0, 440, 440, 1, 7.87%, 0, 0, 2, 8.48
1746559257, 0, 0, 444, 444, 1, 7.87%, 0, 0, 2, 12.64
1746559262, 0, 0, 449, 449, 1, 7.87%, 0, 0, 2, 9.92
1746559267, 0, 0, 450, 450, 1, 7.87%, 0, 0, 2, 7.69
1746559272, 0, 0, 451, 451, 1, 7.87%, 0, 0, 2, 7.15
1746559278, 0, 0, 454, 454, 1, 7.87%, 0, 0, 2, 11.70
1746559283, 0, 0, 458, 458, 1, 7.87%, 0, 0, 2, 11.19
1746559288, 0, 0, 460, 460, 1, 7.87%, 0, 0, 2, 9.28
1746559293, 0, 0, 463, 463, 1, 7.87%, 0, 0, 2, 11.70
1746559298, 0, 0, 468, 468, 1, 7.87%, 0, 0, 2, 10.77
1746559304, 0, 0, 469, 469, 1, 7.87%, 0, 0, 2, 6.34
1746559309, 0, 0, 473, 473, 1, 7.87%, 0, 0, 2, 11.58
1746559314, 0, 0, 475, 475, 1, 7.87%, 0, 0, 2, 2.61
1746559319, 0, 0, 477, 477, 1, 7.87%, 0, 0, 2, 9.72
1746559324, 0, 0, 479, 479, 1, 7.87%, 0, 0, 2, 6.84
1746559329, 0, 0, 482, 482, 1, 7.87%, 0, 0, 2, 8.56
1746559335, 0, 0, 485, 485, 1, 7.87%, 0, 0, 2, 7.63
1746559340, 0, 0, 487, 487, 1, 7.87%, 0, 0, 2, 8.05
1746559345, 0, 0, 489, 489, 1, 7.87%, 0, 0, 2, 7.88
1746559350, 0, 0, 492, 492, 1, 7.87%, 0, 0, 2, 11.23
1746559355, 0, 0, 493, 493, 1, 8.05%, 0, 0, 2, 7.01
1746559360, 0, 0, 495, 495, 1, 8.05%, 0, 0, 2, 5.54
1746559366, 0, 0, 498, 498, 1, 8.05%, 0, 0, 2, 6.60
1746559376, 0, 0, 500, 500, 1, 8.05%, 0, 0, 2, 8.59
1746559381, 0, 0, 502, 502, 1, 8.05%, 0, 0, 2, 8.59
1746559386, 0, 0, 505, 505, 1, 8.05%, 0, 0, 2, 8.30
1746559392, 0, 0, 506, 506, 1, 8.05%, 0, 0, 2, 9.96
1746559397, 0, 0, 507, 507, 1, 8.05%, 0, 0, 2, 10.71
1746559402, 0, 0, 509, 509, 1, 8.05%, 0, 0, 2, 8.84
1746559407, 0, 0, 511, 511, 1, 8.05%, 0, 0, 2, 9.29
1746559412, 0, 0, 513, 513, 1, 8.05%, 0, 0, 2, 9.66
1746559417, 0, 0, 514, 514, 1, 8.05%, 0, 0, 2, 1.81
1746559423, 0, 0, 517, 517, 1, 8.05%, 0, 0, 2, 2.85
1746559428, 0, 0, 519, 519, 1, 8.05%, 0, 0, 2, 4.65
1746559438, 0, 0, 522, 522, 1, 8.05%, 0, 0, 2, 8.73
1746559444, 0, 0, 524, 524, 1, 8.06%, 0, 0, 2, 1.45
1746559449, 0, 0, 525, 525, 1, 8.06%, 0, 0, 2, 6.64
1746559454, 0, 0, 526, 526, 1, 8.06%, 0, 0, 2, 12.64
1746559459, 0, 0, 528, 528, 1, 8.06%, 0, 0, 2, 8.25
1746559464, 0, 0, 529, 529, 1, 8.06%, 0, 0, 2, 7.76
1746559469, 0, 0, 530, 530, 1, 8.06%, 0, 0, 2, 9.60
1746559474, 0, 0, 531, 531, 1, 8.06%, 0, 0, 2, 6.85
1746559479, 0, 0, 532, 532, 1, 8.06%, 0, 0, 2, 6.58
1746559485, 0, 0, 533, 533, 1, 8.06%, 0, 0, 2, 4.67
1746559490, 0, 0, 535, 535, 1, 8.06%, 0, 0, 2, 5.75
1746559495, 0, 0, 536, 536, 1, 8.06%, 0, 0, 2, 7.11
1746559500, 0, 0, 537, 537, 1, 8.06%, 0, 0, 2, 15.07
1746559505, 0, 0, 538, 538, 1, 8.06%, 0, 0, 2, 2.82
1746559510, 0, 0, 539, 539, 1, 8.06%, 0, 0, 2, 4.83
1746559515, 0, 0, 540, 540, 1, 8.06%, 0, 0, 2, 10.09
1746559520, 0, 0, 542, 542, 1, 8.06%, 0, 0, 2, 1.67
1746559526, 0, 0, 543, 543, 1, 8.06%, 0, 0, 2, 7.94
1746559531, 0, 0, 544, 544, 1, 8.06%, 0, 0, 2, 21.38
1746559536, 0, 0, 546, 546, 1, 8.06%, 0, 0, 2, 14.32
1746559541, 0, 0, 547, 547, 1, 8.06%, 0, 0, 2, 12.00
1746559546, 0, 0, 549, 549, 1, 8.06%, 0, 0, 2, 14.10
1746559551, 0, 0, 550, 550, 1, 8.06%, 0, 0, 2, 14.74
1746559556, 0, 0, 552, 552, 1, 8.06%, 0, 0, 2, 11.12
1746559561, 0, 0, 554, 554, 1, 8.07%, 0, 0, 2, 7.75
1746559566, 0, 0, 555, 555, 1, 8.07%, 0, 0, 2, 6.38
1746559572, 0, 0, 556, 556, 1, 8.07%, 0, 0, 2, 5.56
1746559577, 0, 0, 558, 558, 1, 8.07%, 0, 0, 2, 9.61
1746559582, 0, 0, 559, 559, 1, 8.07%, 0, 0, 2, 12.86
1746559592, 0, 0, 561, 561, 1, 8.07%, 0, 0, 2, 13.25
1746559597, 0, 0, 563, 563, 1, 8.07%, 0, 0, 2, 14.14
1746559603, 0, 0, 566, 566, 1, 8.07%, 0, 0, 2, 11.89
1746559608, 0, 0, 568, 568, 1, 8.07%, 0, 0, 2, 12.25
1746559613, 0, 0, 570, 570, 1, 8.07%, 0, 0, 2, 9.31
1746559618, 0, 0, 571, 571, 1, 8.07%, 0, 0, 2, 11.08
1746559623, 0, 0, 574, 574, 1, 8.07%, 0, 0, 2, 8.68
1746559628, 0, 0, 575, 575, 1, 8.07%, 0, 0, 2, 7.27
1746559638, 0, 0, 576, 576, 1, 8.07%, 0, 0, 2, 2.04
1746559648, 0, 0, 578, 578, 1, 8.07%, 0, 0, 2, 2.98
1746559654, 0, 0, 579, 579, 1, 8.07%, 0, 0, 2, 11.72
1746559659, 0, 0, 580, 580, 1, 8.07%, 0, 0, 2, 2.44
1746559664, 0, 0, 581, 581, 1, 8.07%, 0, 0, 2, 22.42
1746559669, 0, 0, 582, 582, 1, 8.07%, 0, 0, 2, 4.29
1746559674, 0, 0, 583, 583, 1, 8.07%, 0, 0, 2, 9.34
1746559680, 0, 0, 584, 584, 1, 8.07%, 0, 0, 2, 6.98
1746559685, 0, 0, 585, 585, 1, 8.07%, 0, 0, 2, 8.41
1746559695, 0, 0, 586, 586, 1, 8.07%, 0, 0, 2, 9.55
1746559700, 0, 0, 587, 587, 1, 8.07%, 0, 0, 2, 2.14
1746559705, 0, 0, 588, 588, 1, 8.07%, 0, 0, 2, 13.44
1746559710, 0, 0, 589, 589, 1, 8.07%, 0, 0, 2, 9.40
1746559715, 0, 0, 591, 591, 1, 8.07%, 0, 0, 2, 1.79
1746559726, 0, 0, 592, 592, 1, 8.07%, 0, 0, 2, 13.93
1746559731, 0, 0, 593, 593, 1, 8.07%, 0, 0, 2, 10.63
1746559736, 0, 0, 594, 594, 1, 8.07%, 0, 0, 2, 9.87
1746559746, 0, 0, 595, 595, 1, 8.07%, 0, 0, 2, 9.30
1746559751, 0, 0, 596, 596, 1, 8.07%, 0, 0, 2, 7.89
1746559757, 0, 0, 597, 597, 1, 8.07%, 0, 0, 2, 1.68
1746559762, 0, 0, 598, 598, 1, 8.07%, 0, 0, 2, 20.23
1746559767, 0, 0, 599, 599, 1, 8.07%, 0, 0, 2, 14.68
1746559772, 0, 0, 600, 600, 1, 8.07%, 0, 0, 2, 14.28
1746559777, 0, 0, 601, 601, 1, 8.07%, 0, 0, 2, 14.14
1746559782, 0, 0, 602, 602, 1, 8.07%, 0, 0, 2, 7.14
1746559788, 0, 0, 603, 603, 1, 8.07%, 0, 0, 2, 1.60
1746559793, 0, 0, 604, 604, 1, 8.07%, 0, 0, 2, 1.98
1746559798, 0, 0, 605, 605, 1, 8.07%, 0, 0, 2, 13.91
1746559803, 0, 0, 606, 606, 1, 8.07%, 0, 0, 2, 7.73
1746559809, 0, 0, 607, 607, 1, 8.07%, 0, 0, 2, 7.48
1746559814, 0, 0, 608, 608, 1, 8.07%, 0, 0, 2, 7.18
1746559819, 0, 0, 609, 609, 1, 8.07%, 0, 0, 2, 9.34
1746559829, 0, 0, 611, 611, 1, 8.07%, 0, 0, 2, 2.11
1746559839, 0, 0, 612, 612, 1, 8.07%, 0, 0, 2, 2.49
1746559850, 0, 0, 613, 613, 1, 8.07%, 0, 0, 2, 9.74
1746559855, 0, 0, 614, 614, 1, 8.07%, 0, 0, 2, 8.42
1746559865, 0, 0, 615, 615, 1, 8.07%, 0, 0, 2, 13.79
1746559871, 0, 0, 616, 616, 1, 8.07%, 0, 0, 2, 2.16
1746559876, 0, 0, 617, 617, 1, 8.07%, 0, 0, 2, 16.72
1746559881, 0, 0, 618, 618, 1, 8.07%, 0, 0, 2, 13.44
1746559886, 0, 0, 619, 619, 1, 8.07%, 0, 0, 2, 2.11
1746559891, 0, 0, 620, 620, 1, 8.07%, 0, 0, 2, 6.85
1746559902, 0, 0, 621, 621, 1, 8.07%, 0, 0, 2, 9.89
1746559907, 0, 0, 622, 622, 1, 8.07%, 0, 0, 2, 9.99
1746559912, 0, 0, 623, 623, 1, 8.07%, 0, 0, 2, 5.86
1746559917, 0, 0, 624, 624, 1, 8.07%, 0, 0, 2, 6.80
1746559922, 0, 0, 625, 625, 1, 8.07%, 0, 0, 2, 9.71
1746559933, 0, 0, 626, 626, 1, 8.07%, 0, 0, 2, 10.07
1746559943, 0, 0, 627, 627, 1, 8.07%, 0, 0, 2, 1.69
1746559979, 0, 0, 628, 628, 1, 8.07%, 0, 0, 2, 15.99
1746559984, 0, 0, 629, 629, 1, 8.07%, 0, 0, 2, 4.66
1746559990, 0, 0, 630, 630, 1, 8.07%, 0, 0, 2, 7.36
1746559995, 0, 0, 631, 631, 1, 8.07%, 0, 0, 2, 8.36
1746560000, 0, 0, 632, 632, 1, 8.07%, 0, 0, 2, 8.65
1746560011, 0, 0, 633, 633, 1, 8.07%, 0, 0, 2, 16.85
1746560016, 0, 0, 634, 634, 1, 8.07%, 0, 0, 2, 15.67
1746560021, 0, 0, 635, 635, 1, 8.07%, 0, 0, 2, 13.03
1746560027, 0, 0, 636, 636, 1, 8.07%, 0, 0, 2, 2.09
1746560043, 0, 79, 637, 636, 21, 8.07%, 0, 0, 2, 16.11
1746560048, 0, 79, 638, 637, 21, 8.07%, 0, 0, 3, 1.16
1746560059, 0, 79, 639, 638, 21, 8.07%, 0, 0, 3, 3.66
1746560064, 0, 79, 640, 639, 21, 8.07%, 0, 0, 3, 3.38
1746560074, 0, 79, 641, 640, 21, 8.07%, 0, 0, 3, 10.90
1746560089, 0, 79, 642, 641, 21, 8.07%, 0, 0, 3, 7.85
1746560095, 0, 79, 643, 642, 21, 8.07%, 0, 0, 3, 10.75
1746560110, 0, 79, 644, 643, 21, 8.07%, 0, 0, 3, 2.44
1746560115, 0, 79, 645, 644, 21, 8.07%, 0, 0, 3, 3.47
1746560125, 0, 79, 646, 645, 21, 8.07%, 0, 0, 3, 16.68
1746560135, 0, 79, 647, 646, 21, 8.07%, 0, 0, 3, 13.80
1746560141, 0, 79, 648, 647, 21, 8.07%, 0, 0, 3, 1.41
1746560151, 0, 79, 649, 648, 21, 8.07%, 0, 0, 3, 1.18
1746560156, 0, 79, 650, 649, 21, 8.07%, 0, 0, 3, 5.58
1746560172, 0, 79, 651, 650, 21, 8.07%, 0, 0, 3, 14.33
1746560177, 0, 79, 652, 651, 21, 8.07%, 0, 0, 3, 8.02
1746560182, 0, 79, 653, 652, 21, 8.07%, 0, 0, 3, 8.40
1746560187, 0, 79, 654, 653, 21, 8.07%, 0, 0, 3, 5.67
1746560197, 0, 79, 655, 654, 21, 8.07%, 0, 0, 3, 13.07
1746560218, 0, 79, 656, 655, 21, 8.07%, 0, 0, 3, 1.19
1746560223, 0, 79, 657, 656, 21, 8.07%, 0, 0, 3, 11.71
1746560228, 0, 79, 658, 657, 21, 8.07%, 0, 0, 3, 2.62
1746560233, 0, 79, 659, 658, 21, 8.07%, 0, 0, 3, 4.78
1746560239, 0, 79, 660, 659, 21, 8.07%, 0, 0, 3, 12.47
1746560264, 0, 79, 661, 660, 21, 8.07%, 0, 0, 3, 2.75
1746560269, 0, 79, 662, 661, 21, 8.07%, 0, 0, 3, 1.80
1746560280, 0, 79, 663, 662, 21, 8.07%, 0, 0, 3, 3.41
1746560290, 0, 79, 664, 663, 21, 8.07%, 0, 0, 3, 12.26
1746560295, 0, 79, 665, 664, 21, 8.07%, 0, 0, 3, 13.84
1746560305, 0, 79, 666, 665, 21, 8.07%, 0, 0, 3, 10.29
1746560321, 0, 79, 667, 666, 21, 8.07%, 0, 0, 3, 12.37
1746560342, 0, 79, 668, 667, 21, 8.07%, 0, 0, 3, 2.86
1746560362, 0, 79, 669, 668, 21, 8.07%, 0, 0, 3, 13.79
1746560373, 0, 79, 671, 670, 21, 8.07%, 0, 0, 3, 2.38
1746560393, 0, 79, 672, 671, 21, 8.07%, 0, 0, 3, 1.72
1746560404, 0, 79, 673, 672, 21, 8.07%, 0, 0, 3, 2.16
1746560409, 0, 79, 674, 673, 21, 8.07%, 0, 0, 3, 9.50
1746560419, 0, 79, 675, 674, 21, 8.07%, 0, 0, 3, 11.74
1746560425, 0, 79, 676, 675, 21, 8.07%, 0, 0, 3, 8.53
1746560430, 0, 79, 677, 676, 21, 8.07%, 0, 0, 3, 1.69
1746560440, 0, 144, 678, 676, 20, 8.07%, 0, 0, 3, 17.86
1746560466, 0, 144, 679, 677, 20, 8.07%, 0, 0, 3, 15.49
1746560471, 0, 144, 680, 678, 20, 8.07%, 0, 0, 3, 13.70
1746560476, 0, 144, 681, 679, 20, 8.07%, 0, 0, 3, 13.25
1746560486, 0, 144, 682, 680, 20, 8.07%, 0, 0, 3, 12.62
1746560492, 0, 144, 683, 681, 20, 8.07%, 0, 0, 3, 13.35
1746560502, 0, 144, 684, 682, 20, 8.07%, 0, 0, 3, 15.49
1746560507, 0, 144, 685, 683, 20, 8.07%, 0, 0, 3, 11.08
1746560512, 0, 144, 686, 684, 20, 8.07%, 0, 0, 3, 9.06
1746560523, 0, 144, 687, 685, 20, 8.07%, 0, 0, 3, 8.84
1746560528, 0, 144, 688, 686, 20, 8.07%, 0, 0, 3, 1.93
1746560544, 0, 144, 689, 687, 20, 8.07%, 0, 0, 3, 2.36
1746560559, 0, 144, 690, 688, 20, 8.07%, 0, 0, 3, 11.94
1746560564, 0, 144, 691, 689, 20, 8.07%, 0, 0, 3, 11.15
1746560574, 0, 144, 691, 689, 20, 8.07%, 0, 1, 3, 12.00
1746560589, 0, 144, 692, 690, 20, 8.07%, 0, 1, 3, 1.96
1746560605, 0, 144, 693, 691, 20, 8.07%, 0, 1, 3, 2.32
1746560610, 0, 144, 695, 693, 20, 8.07%, 0, 1, 3, 3.28
1746560620, 0, 144, 696, 694, 20, 8.07%, 0, 1, 3, 13.62
1746560625, 0, 144, 697, 695, 20, 8.07%, 0, 1, 3, 9.45
1746560636, 0, 144, 698, 696, 20, 8.07%, 0, 1, 3, 11.56
1746560641, 0, 144, 699, 697, 20, 8.07%, 0, 1, 3, 10.43
1746560651, 0, 144, 700, 698, 20, 8.07%, 0, 1, 3, 12.06
1746560661, 0, 144, 701, 699, 20, 8.07%, 0, 1, 3, 1.62
1746560677, 0, 144, 702, 700, 20, 8.07%, 0, 1, 3, 10.41
1746560692, 0, 144, 704, 702, 20, 8.07%, 0, 1, 3, 2.17
1746560697, 0, 144, 705, 703, 20, 8.07%, 0, 1, 3, 2.94
1746560708, 0, 144, 707, 705, 20, 8.08%, 0, 1, 3, 18.37
1746560713, 0, 144, 708, 706, 20, 8.08%, 0, 1, 3, 14.27
1746560729, 0, 144, 709, 707, 20, 8.08%, 0, 1, 3, 3.87
1746560739, 0, 144, 710, 708, 20, 8.08%, 0, 1, 3, 15.64
1746560811, 0, 144, 711, 709, 20, 8.08%, 0, 1, 3, 2.14
1746560827, 0, 144, 712, 710, 20, 8.08%, 0, 1, 3, 2.72
1746560832, 0, 144, 713, 711, 20, 8.08%, 0, 1, 3, 12.28
1746560847, 0, 144, 714, 712, 20, 8.08%, 0, 1, 3, 13.43
1746560858, 0, 144, 715, 713, 20, 8.08%, 0, 1, 3, 15.37
1746560878, 0, 144, 716, 714, 20, 8.08%, 0, 1, 3, 15.16
1746560904, 0, 144, 717, 715, 20, 8.08%, 0, 1, 3, 14.29
1746560924, 0, 218, 717, 714, 20, 8.08%, 0, 1, 3, 15.34
1746560939, 0, 218, 718, 715, 20, 8.08%, 0, 1, 3, 10.69
1746560955, 0, 218, 719, 716, 20, 8.08%, 0, 1, 3, 9.78
1746560965, 0, 218, 720, 717, 20, 8.08%, 0, 1, 3, 10.14
1746560975, 0, 218, 721, 718, 20, 8.08%, 0, 1, 3, 8.88
1746561047, 0, 218, 722, 719, 20, 8.08%, 0, 1, 3, 10.87
1746561052, 0, 218, 723, 720, 20, 8.08%, 0, 1, 3, 11.30
1746561057, 0, 218, 724, 721, 20, 8.08%, 0, 1, 3, 9.26
1746561109, 0, 218, 725, 722, 20, 8.08%, 0, 1, 3, 7.07
1746561125, 0, 218, 726, 723, 20, 8.08%, 0, 1, 3, 1.07
1746561161, 0, 218, 727, 724, 20, 8.08%, 0, 1, 3, 9.79
1746561172, 0, 218, 728, 725, 20, 8.08%, 0, 1, 3, 9.96
1746561203, 0, 218, 729, 726, 20, 8.08%, 0, 1, 3, 8.21
1746561233, 0, 218, 730, 727, 20, 8.08%, 0, 1, 3, 8.86
1746561259, 0, 218, 731, 728, 20, 8.08%, 0, 1, 3, 5.47
1746561264, 0, 218, 733, 730, 20, 8.08%, 0, 1, 3, 6.34
1746561275, 0, 218, 734, 731, 20, 8.08%, 0, 1, 3, 6.40
1746561296, 0, 218, 735, 732, 20, 8.08%, 0, 1, 3, 16.53
1746561306, 0, 218, 736, 733, 20, 8.08%, 0, 1, 3, 5.53
1746561348, 0, 218, 737, 734, 20, 8.08%, 0, 1, 3, 8.09
1746561384, 0, 218, 738, 735, 20, 8.08%, 0, 1, 3, 13.47
1746561399, 0, 218, 740, 737, 20, 8.08%, 0, 1, 3, 7.35
1746561414, 0, 218, 741, 738, 20, 8.08%, 0, 1, 3, 9.89
1746561425, 0, 218, 742, 739, 20, 8.08%, 0, 1, 3, 19.62
1746561435, 0, 218, 743, 740, 20, 8.08%, 0, 1, 3, 1.56
1746561440, 0, 221, 743, 739, 19, 8.08%, 0, 1, 3, 10.43
1746561482, 0, 221, 744, 740, 19, 8.08%, 0, 1, 3, 2.19
1746561528, 0, 242, 744, 739, 18, 8.08%, 0, 1, 3, 13.97
1746561559, 0, 242, 745, 740, 18, 8.08%, 0, 1, 3, 8.59
1746561569, 0, 242, 746, 741, 18, 8.08%, 0, 1, 3, 9.19
1746561610, 0, 242, 747, 742, 18, 8.08%, 0, 1, 3, 11.81
1746561631, 0, 242, 748, 743, 18, 8.08%, 0, 1, 3, 6.75
1746561642, 0, 242, 750, 745, 18, 8.08%, 0, 1, 3, 11.62
1746561672, 0, 242, 751, 746, 18, 8.08%, 0, 1, 3, 1.36
1746561693, 0, 242, 752, 747, 18, 8.08%, 0, 1, 3, 11.40
1746561703, 0, 242, 753, 748, 18, 8.10%, 0, 1, 3, 8.66
1746561760, 0, 242, 754, 749, 18, 8.10%, 0, 1, 3, 2.18
1746561771, 0, 242, 755, 750, 18, 8.10%, 0, 1, 3, 1.34
1746561786, 0, 242, 756, 751, 18, 8.10%, 0, 1, 3, 1.42
1746561822, 0, 242, 757, 752, 18, 8.10%, 0, 1, 3, 5.07
1746561828, 0, 242, 758, 753, 18, 8.10%, 0, 1, 3, 7.65
1746561843, 0, 242, 759, 754, 18, 8.10%, 0, 1, 3, 2.00
1746561869, 0, 242, 759, 754, 18, 8.10%, 0, 2, 3, 12.61
1746561874, 0, 242, 760, 755, 18, 8.10%, 0, 2, 3, 9.75
1746561884, 0, 242, 761, 756, 18, 8.10%, 0, 2, 3, 12.57
1746561890, 0, 242, 762, 757, 18, 8.10%, 0, 2, 3, 1.63
1746561895, 0, 242, 763, 758, 18, 8.10%, 0, 2, 3, 1.58
1746562004, 0, 242, 764, 759, 18, 8.10%, 0, 2, 3, 1.70
1746562019, 0, 242, 765, 760, 18, 8.10%, 0, 2, 3, 1.04
1746562133, 0, 242, 766, 761, 18, 8.10%, 0, 2, 3, 1.56
1746562175, 0, 242, 767, 762, 18, 8.10%, 0, 2, 3, 8.51
1746562190, 0, 242, 768, 763, 18, 8.10%, 0, 2, 3, 8.30
1746562201, 0, 242, 769, 764, 18, 8.10%, 0, 2, 3, 10.71
1746562206, 0, 286, 769, 763, 20, 8.10%, 0, 2, 3, 11.83
1746562323, 0, 328, 769, 762, 19, 8.10%, 0, 2, 3, 9.50
1746562333, 0, 328, 770, 763, 19, 8.10%, 0, 2, 3, 1.74
1746562344, 0, 328, 771, 764, 19, 8.10%, 0, 2, 3, 1.96
1746562390, 0, 328, 772, 765, 19, 8.10%, 0, 2, 3, 10.88
1746562426, 0, 328, 773, 766, 19, 8.10%, 0, 2, 3, 11.44
1746562441, 0, 328, 774, 767, 19, 8.10%, 0, 2, 3, 12.87
1746562457, 0, 328, 775, 768, 19, 8.10%, 0, 2, 3, 11.09
1746562462, 0, 328, 776, 769, 19, 8.10%, 0, 2, 3, 9.30
1746562478, 0, 328, 777, 770, 19, 8.10%, 0, 2, 3, 1.65
1746562509, 0, 328, 778, 771, 19, 8.10%, 0, 2, 3, 10.37
1746562545, 0, 328, 779, 772, 19, 8.10%, 0, 2, 3, 1.82
1746562740, 0, 328, 780, 773, 19, 8.10%, 0, 2, 3, 9.39
1746562771, 0, 328, 781, 774, 19, 8.10%, 0, 2, 3, 12.34
1746562792, 0, 384, 781, 773, 20, 8.10%, 0, 2, 3, 13.30
1746562812, 0, 384, 782, 774, 20, 8.10%, 0, 2, 3, 2.03
1746562864, 0, 388, 782, 773, 20, 8.10%, 0, 2, 3, 8.77
1746562869, 0, 388, 783, 774, 20, 8.10%, 0, 2, 3, 5.95
1746563339, 0, 388, 784, 775, 20, 8.10%, 0, 2, 3, 5.33
1746563432, 0, 388, 785, 776, 20, 8.10%, 0, 2, 3, 5.45
1746563463, 0, 388, 786, 777, 20, 8.10%, 0, 2, 3, 6.42
1746563474, 0, 388, 787, 778, 20, 8.10%, 0, 2, 3, 1.30
1746563563, 0, 388, 788, 779, 20, 8.10%, 0, 2, 3, 7.46
1746563619, 0, 388, 789, 780, 20, 8.10%, 0, 2, 3, 6.04
1746563686, 0, 388, 790, 781, 20, 8.10%, 0, 2, 3, 6.05
1746563691, 0, 388, 791, 782, 20, 8.10%, 0, 2, 3, 5.66
1746563779, 0, 388, 792, 783, 20, 8.10%, 0, 2, 3, 6.57
1746563950, 0, 388, 793, 784, 20, 8.10%, 0, 2, 3, 6.59
1746564033, 0, 388, 794, 785, 20, 8.10%, 0, 2, 3, 5.40
1746564075, 0, 388, 795, 786, 20, 8.10%, 0, 2, 3, 5.80
1746564100, 0, 388, 796, 787, 20, 8.10%, 0, 2, 3, 1.22
1746564111, 0, 388, 797, 788, 20, 8.10%, 0, 2, 3, 3.26
1746564168, 0, 388, 798, 789, 20, 8.10%, 0, 2, 3, 1.50
1746564220, 0, 388, 799, 790, 20, 8.10%, 0, 2, 3, 5.68
1746564338, 0, 388, 800, 791, 20, 8.10%, 0, 2, 3, 8.82
1746564432, 0, 388, 801, 792, 20, 8.10%, 0, 2, 3, 8.34
1746564437, 0, 415, 801, 791, 19, 8.10%, 0, 2, 3, 7.68
1746564489, 0, 415, 802, 792, 19, 8.10%, 0, 2, 3, 9.23
1746564499, 0, 415, 803, 793, 19, 8.10%, 0, 2, 3, 8.71
1746564566, 0, 450, 803, 792, 18, 8.10%, 0, 2, 3, 6.36
1746564696, 0, 450, 804, 793, 18, 8.10%, 0, 2, 3, 2.61
1746564970, 0, 478, 804, 792, 18, 8.10%, 0, 2, 3, 6.60
1746565305, 0, 480, 804, 791, 17, 8.10%, 0, 2, 3, 7.90
1746565362, 0, 492, 804, 790, 17, 8.10%, 0, 2, 3, 8.50
1746565397, 0, 492, 805, 791, 17, 8.10%, 0, 2, 3, 4.55
1746565413, 0, 492, 806, 792, 17, 8.10%, 0, 2, 3, 4.55
1746565449, 0, 492, 807, 793, 17, 8.10%, 0, 2, 3, 4.83
1746565686, 0, 492, 808, 794, 17, 8.10%, 0, 2, 3, 4.60
1746565696, 0, 492, 809, 795, 17, 8.10%, 0, 2, 3, 6.00
1746565701, 0, 492, 810, 796, 17, 8.10%, 0, 2, 3, 6.85
1746565712, 0, 492, 811, 797, 17, 8.10%, 0, 2, 3, 5.29
1746565722, 0, 492, 812, 798, 17, 8.10%, 0, 2, 3, 4.49
1746565831, 0, 533, 812, 797, 18, 8.10%, 0, 2, 3, 11.63
1746565918, 0, 555, 812, 796, 17, 8.10%, 0, 2, 3, 8.65
1746565954, 0, 555, 813, 797, 17, 8.10%, 0, 2, 3, 3.78
1746565964, 0, 555, 814, 798, 17, 8.10%, 0, 2, 3, 3.35
1746565980, 0, 555, 815, 799, 17, 8.10%, 0, 2, 3, 3.90
1746566063, 0, 555, 816, 800, 17, 8.10%, 0, 2, 3, 3.41
1746566197, 0, 568, 817, 800, 18, 8.10%, 0, 2, 3, 7.37
1746566213, 0, 568, 818, 801, 18, 8.10%, 0, 2, 3, 6.18
1746566259, 0, 568, 819, 802, 18, 8.10%, 0, 2, 3, 5.73
1746566270, 0, 568, 820, 803, 18, 8.10%, 0, 2, 3, 5.35
1746566290, 0, 568, 821, 804, 18, 8.10%, 0, 2, 3, 6.20
1746566337, 0, 568, 822, 805, 18, 8.10%, 0, 2, 3, 5.89
1746566342, 0, 568, 825, 808, 18, 8.10%, 0, 2, 3, 6.22
1746566352, 0, 568, 826, 809, 18, 8.10%, 0, 2, 3, 5.91
1746566528, 0, 568, 827, 810, 18, 8.10%, 0, 2, 3, 6.31
1746566564, 0, 568, 828, 811, 18, 8.10%, 0, 2, 3, 5.18
1746566579, 0, 568, 829, 812, 18, 8.10%, 0, 2, 3, 5.10
1746566693, 0, 568, 830, 813, 18, 8.10%, 0, 2, 3, 4.58
1746566703, 0, 568, 831, 814, 18, 8.10%, 0, 2, 3, 6.70
1746566709, 0, 568, 832, 815, 18, 8.10%, 0, 2, 3, 6.69
1746566714, 0, 568, 833, 816, 18, 8.10%, 0, 2, 3, 6.41
1746566745, 0, 568, 834, 817, 18, 8.10%, 0, 2, 3, 7.43
1746566781, 0, 590, 834, 816, 17, 8.10%, 0, 2, 3, 6.93
1746566817, 0, 590, 835, 817, 17, 8.10%, 0, 2, 3, 1.96
1746566827, 0, 590, 836, 818, 17, 8.10%, 0, 2, 3, 1.82
1746566863, 0, 590, 837, 819, 17, 8.10%, 0, 2, 3, 1.82
1746566906, 0, 590, 838, 820, 17, 8.10%, 0, 2, 3, 1.99
1746566957, 0, 590, 839, 821, 17, 8.10%, 0, 2, 3, 2.63
1746566968, 0, 590, 840, 822, 17, 8.10%, 0, 2, 3, 2.47
1746566978, 0, 590, 841, 823, 17, 8.10%, 0, 2, 3, 2.32
1746567051, 0, 590, 842, 824, 17, 8.10%, 0, 2, 3, 2.42
1746567256, 0, 590, 843, 825, 17, 8.10%, 0, 2, 3, 2.00
1746568015, 0, 590, 844, 826, 17, 8.10%, 0, 2, 3, 2.00
1746568030, 0, 590, 845, 827, 17, 8.10%, 0, 2, 3, 2.08
1746568151, 0, 687, 845, 826, 17, 8.10%, 0, 2, 3, 5.09
1746568167, 0, 687, 846, 827, 17, 8.10%, 0, 2, 4, 2.72
1746568177, 0, 687, 847, 828, 17, 8.10%, 0, 2, 4, 2.26
1746568372, 0, 687, 848, 829, 17, 8.10%, 0, 2, 4, 1.88
1746568419, 0, 687, 849, 830, 17, 8.10%, 0, 2, 4, 2.25
1746568840, 0, 687, 850, 831, 17, 8.10%, 0, 2, 4, 1.92
1746568845, 0, 687, 851, 832, 17, 8.10%, 0, 2, 4, 1.92
1746569399, 0, 687, 852, 833, 17, 8.10%, 0, 2, 4, 2.41
1746569614, 0, 687, 853, 834, 17, 8.10%, 0, 2, 4, 2.06
1746569624, 0, 687, 854, 835, 17, 8.10%, 0, 2, 4, 2.09
1746569640, 0, 687, 855, 836, 17, 8.10%, 0, 2, 4, 2.03
1746569677, 0, 687, 856, 837, 17, 8.10%, 0, 2, 4, 4.50
1746569692, 0, 687, 857, 838, 17, 8.10%, 0, 2, 4, 5.76
1746569724, 0, 687, 858, 839, 17, 8.10%, 0, 2, 4, 4.97
1746569756, 0, 687, 859, 840, 17, 8.10%, 0, 2, 4, 4.70
1746569830, 0, 687, 860, 841, 17, 8.10%, 0, 2, 4, 4.15
1746569907, 0, 687, 861, 842, 17, 8.10%, 0, 2, 4, 1.22
1746569912, 0, 687, 862, 843, 17, 8.10%, 0, 2, 4, 7.21
1746569959, 0, 687, 863, 844, 17, 8.10%, 0, 2, 4, 4.04
1746569970, 0, 687, 864, 845, 17, 8.10%, 0, 2, 4, 4.74
1746569995, 0, 687, 865, 846, 17, 8.10%, 0, 2, 4, 4.53
1746570053, 0, 687, 866, 847, 17, 8.10%, 0, 2, 4, 5.41
1746570090, 0, 687, 867, 848, 17, 8.10%, 0, 2, 4, 4.64
1746570143, 0, 687, 868, 849, 17, 8.10%, 0, 2, 4, 4.86
1746570170, 0, 687, 869, 850, 17, 8.10%, 0, 2, 4, 5.69
1746570216, 0, 687, 870, 851, 17, 8.10%, 0, 2, 4, 5.31
1746570268, 0, 687, 871, 852, 17, 8.10%, 0, 2, 4, 5.87
1746570279, 0, 687, 872, 853, 17, 8.10%, 0, 2, 4, 4.48
1746570341, 0, 687, 873, 854, 17, 8.10%, 0, 2, 4, 4.85
1746570387, 0, 687, 874, 855, 17, 8.10%, 0, 2, 4, 4.06
1746570403, 0, 687, 875, 856, 17, 8.10%, 0, 2, 4, 5.44
1746570429, 0, 687, 876, 857, 17, 8.10%, 0, 2, 4, 5.63
1746570471, 0, 687, 877, 858, 17, 8.10%, 0, 2, 4, 1.11
1746570799, 0, 687, 878, 859, 17, 8.10%, 0, 2, 4, 4.09
1746570956, 0, 687, 879, 860, 17, 8.10%, 0, 2, 4, 5.28
1746571055, 0, 687, 880, 861, 17, 8.10%, 0, 2, 4, 4.72
1746571070, 0, 727, 880, 860, 17, 8.10%, 0, 2, 4, 4.55
1746571693, 0, 727, 881, 861, 17, 8.10%, 0, 2, 4, 3.39
1746571708, 0, 727, 882, 862, 17, 8.10%, 0, 2, 4, 3.42
1746571879, 0, 734, 882, 861, 16, 8.10%, 0, 2, 4, 5.55
1746571894, 0, 734, 883, 862, 16, 8.10%, 0, 2, 4, 4.06
1746571905, 0, 734, 884, 863, 16, 8.10%, 0, 2, 4, 3.76
1746572141, 0, 734, 885, 864, 16, 8.10%, 0, 2, 4, 3.84
1746572213, 0, 734, 887, 866, 16, 8.10%, 0, 2, 4, 3.81
1746572223, 0, 734, 888, 867, 16, 8.10%, 0, 2, 4, 3.79
1746572295, 0, 734, 890, 869, 16, 8.10%, 0, 2, 4, 3.85
1746572316, 0, 734, 891, 870, 16, 8.10%, 0, 2, 4, 3.93
1746572430, 0, 734, 892, 871, 16, 8.10%, 0, 2, 4, 4.02
1746572440, 0, 734, 893, 872, 16, 8.10%, 0, 2, 4, 4.17
1746572481, 0, 752, 893, 871, 17, 8.10%, 0, 2, 4, 6.31
1746572648, 0, 752, 894, 872, 17, 8.10%, 0, 2, 4, 2.87
1746573183, 0, 758, 894, 871, 17, 8.10%, 0, 2, 4, 4.52
1746574034, 0, 758, 895, 872, 17, 8.10%, 0, 2, 4, 2.12
1746574180, 0, 758, 896, 873, 17, 8.10%, 0, 2, 4, 2.76
1746574185, 0, 758, 897, 874, 17, 8.10%, 0, 2, 4, 2.60
1746574196, 0, 758, 898, 875, 17, 8.10%, 0, 2, 4, 2.35
1746574206, 0, 758, 899, 876, 17, 8.10%, 0, 2, 4, 2.41
1746574275, 0, 782, 899, 875, 16, 8.10%, 0, 2, 4, 5.34
1746574285, 0, 782, 900, 876, 16, 8.10%, 0, 2, 4, 5.32
1746574306, 0, 782, 901, 877, 16, 8.10%, 0, 2, 4, 5.24
1746574696, 0, 800, 903, 878, 15, 8.10%, 0, 2, 4, 15.23
1746574768, 0, 806, 903, 877, 15, 8.10%, 0, 2, 4, 8.72
1746574778, 0, 806, 904, 878, 15, 8.10%, 0, 2, 4, 6.20
1746574793, 0, 806, 905, 879, 15, 8.10%, 0, 2, 4, 5.90
1746575123, 0, 809, 905, 878, 15, 8.10%, 0, 2, 4, 8.10
1746575144, 0, 809, 906, 879, 15, 8.10%, 0, 2, 4, 7.47
1746575216, 0, 809, 907, 880, 15, 8.10%, 0, 2, 4, 7.85
1746575221, 0, 809, 911, 884, 15, 8.10%, 0, 2, 4, 8.04
1746575226, 0, 809, 914, 887, 15, 8.10%, 0, 2, 4, 8.03
1746575422, 0, 812, 914, 886, 16, 8.10%, 0, 2, 4, 7.41
1746575669, 0, 818, 914, 885, 15, 8.10%, 0, 2, 4, 9.27
1746575690, 0, 818, 916, 887, 15, 8.10%, 0, 2, 4, 6.36
1746575710, 0, 818, 917, 888, 15, 8.10%, 0, 2, 4, 6.61
1746575715, 0, 818, 918, 889, 15, 8.10%, 0, 2, 4, 6.06
1746575752, 0, 818, 919, 890, 15, 8.10%, 0, 2, 4, 6.09
1746575793, 0, 818, 920, 891, 15, 8.10%, 0, 2, 4, 6.08
1746575876, 0, 818, 921, 892, 15, 8.10%, 0, 2, 4, 6.51
1746575901, 0, 818, 922, 893, 15, 8.10%, 0, 2, 4, 5.86
1746575907, 0, 818, 923, 894, 15, 8.10%, 0, 2, 4, 5.35
1746575995, 0, 818, 924, 895, 15, 8.10%, 0, 2, 4, 7.12
1746576062, 0, 818, 925, 896, 15, 8.10%, 0, 2, 4, 5.84
1746576202, 0, 833, 925, 895, 15, 8.10%, 0, 2, 4, 8.72
1746576259, 0, 833, 926, 896, 15, 8.10%, 0, 2, 4, 9.28
1746576264, 0, 833, 931, 901, 15, 8.10%, 0, 2, 4, 10.42
1746576269, 0, 833, 933, 903, 15, 8.10%, 0, 2, 4, 8.94
1746576372, 0, 844, 933, 902, 14, 8.10%, 0, 2, 4, 5.99
1746577320, 0, 844, 934, 903, 14, 8.10%, 0, 2, 4, 2.28
1746577439, 0, 844, 935, 904, 14, 8.10%, 0, 2, 4, 2.07
1746577581, 0, 844, 936, 905, 14, 8.10%, 0, 2, 4, 2.63
1746577596, 0, 844, 937, 906, 14, 8.10%, 0, 2, 4, 2.28
1746577622, 0, 844, 938, 907, 14, 8.10%, 0, 2, 4, 2.04
1746577759, 0, 849, 938, 906, 13, 8.10%, 0, 2, 4, 4.27
1746579257, 0, 849, 939, 907, 13, 8.10%, 0, 2, 5, 5.53
1746579289, 0, 849, 940, 908, 13, 8.10%, 0, 2, 5, 4.68
1746579305, 0, 849, 941, 909, 13, 8.10%, 0, 2, 5, 4.60
1746579520, 0, 849, 942, 910, 13, 8.10%, 0, 2, 5, 5.19
1746579589, 0, 849, 943, 911, 13, 8.10%, 0, 2, 5, 5.25
1746579807, 0, 849, 944, 912, 13, 8.10%, 0, 2, 5, 4.64
1746579962, 0, 849, 945, 913, 13, 8.10%, 0, 2, 5, 3.40
1746580145, 0, 849, 946, 914, 13, 8.10%, 0, 2, 5, 5.27
1746580333, 0, 849, 947, 915, 13, 8.10%, 0, 2, 5, 4.74
1746580610, 0, 887, 947, 914, 14, 8.10%, 0, 2, 5, 5.17
1746580635, 0, 887, 948, 915, 14, 8.10%, 0, 2, 5, 4.03
1746580671, 0, 887, 949, 916, 14, 8.10%, 0, 2, 5, 3.93
1746580836, 0, 887, 951, 918, 14, 8.10%, 0, 2, 5, 4.15
1746580893, 0, 887, 952, 919, 14, 8.10%, 0, 2, 5, 4.06
1746581027, 0, 887, 953, 920, 14, 8.10%, 0, 2, 5, 4.13
1746581147, 0, 887, 954, 921, 14, 8.10%, 0, 2, 5, 4.37
1746581229, 0, 887, 954, 921, 14, 8.10%, 0, 3, 5, 5.82
1746581239, 0, 888, 955, 921, 14, 8.10%, 0, 3, 5, 6.59
1746581270, 0, 888, 956, 922, 14, 8.10%, 0, 3, 5, 3.56
1746581564, 0, 888, 957, 923, 14, 8.10%, 0, 3, 5, 3.71
1746581901, 0, 889, 957, 922, 13, 8.10%, 0, 3, 5, 6.95
1746581988, 0, 889, 958, 923, 13, 8.10%, 0, 3, 5, 3.53
1746582562, 0, 890, 958, 922, 12, 8.10%, 0, 3, 5, 5.95
1746582779, 0, 890, 959, 923, 12, 8.10%, 0, 3, 5, 4.22
1746582784, 0, 890, 961, 925, 12, 8.10%, 0, 3, 5, 4.32
1746582820, 0, 890, 963, 927, 12, 8.12%, 0, 3, 5, 4.17
1746583201, 0, 890, 964, 928, 12, 8.12%, 0, 3, 5, 5.17
1746583252, 0, 890, 965, 929, 12, 8.12%, 0, 3, 5, 6.21
1746583417, 0, 901, 965, 928, 11, 8.12%, 0, 3, 5, 14.47
1746583551, 0, 903, 965, 927, 10, 8.12%, 0, 3, 5, 8.46
1746583906, 0, 912, 965, 926, 9, 8.12%, 0, 3, 5, 7.82
1746583922, 0, 912, 966, 927, 9, 8.12%, 0, 3, 5, 8.14
1746583937, 0, 912, 967, 928, 9, 8.12%, 0, 3, 5, 7.57
1746583994, 0, 912, 968, 929, 9, 8.12%, 0, 3, 5, 8.34
1746583999, 0, 912, 972, 933, 9, 8.12%, 0, 3, 5, 8.63
1746584004, 0, 912, 974, 935, 9, 8.12%, 0, 3, 5, 8.48
1746584226, 0, 913, 974, 934, 8, 8.12%, 0, 3, 5, 8.16
1746584531, 0, 931, 974, 933, 7, 8.12%, 0, 3, 5, 9.89
1746584674, 0, 931, 975, 934, 7, 8.12%, 0, 3, 5, 13.82
1746584731, 0, 931, 976, 935, 7, 8.12%, 0, 3, 5, 1.15
1746584860, 0, 931, 977, 936, 7, 8.12%, 0, 3, 5, 6.06
1746585224, 0, 940, 977, 935, 6, 8.12%, 0, 3, 5, 7.18
1746585245, 0, 940, 978, 936, 6, 8.12%, 0, 3, 6, 4.87
1746585620, 0, 941, 978, 935, 5, 8.12%, 0, 3, 6, 6.73
1746585749, 0, 941, 979, 936, 5, 8.12%, 0, 3, 6, 4.92
1746586063, 0, 941, 980, 937, 5, 8.12%, 0, 3, 6, 7.46
1746586110, 0, 941, 981, 938, 5, 8.12%, 0, 3, 6, 5.85
1746586260, 0, 955, 981, 937, 5, 8.12%, 0, 3, 6, 6.24
1746586906, 0, 955, 982, 938, 5, 8.12%, 0, 3, 6, 4.38
1746587004, 0, 961, 982, 937, 4, 8.12%, 0, 3, 6, 6.43
1746587030, 0, 961, 983, 938, 4, 8.12%, 0, 3, 6, 4.01
1746587664, 0, 965, 983, 937, 3, 8.12%, 0, 3, 6, 7.83
1746587669, 0, 965, 984, 938, 3, 8.12%, 0, 3, 6, 8.54
1746587983, 0, 978, 984, 937, 3, 8.12%, 0, 3, 6, 5.91
1746588419, 0, 978, 985, 938, 3, 8.12%, 0, 3, 7, 4.75
1746588518, 0, 984, 985, 937, 3, 8.12%, 0, 3, 7, 5.64
1746588533, 0, 984, 986, 938, 3, 8.13%, 0, 3, 8, 3.48
1746588626, 0, 984, 987, 939, 3, 8.13%, 0, 3, 8, 2.92
1746588679, 0, 984, 988, 940, 3, 8.13%, 0, 3, 8, 2.80
1746589229, 0, 984, 989, 941, 3, 8.13%, 0, 3, 8, 2.97
1746589240, 0, 984, 990, 942, 3, 8.13%, 0, 3, 8, 2.90
1746589503, 0, 984, 991, 943, 3, 8.13%, 0, 3, 8, 4.02
1746589674, 0, 984, 992, 944, 3, 8.20%, 0, 3, 8, 5.19
1746589741, 0, 985, 992, 943, 5, 8.20%, 0, 3, 8, 5.40
1746589777, 0, 985, 993, 944, 5, 8.20%, 0, 3, 9, 2.51
1746589783, 0, 985, 994, 945, 5, 8.20%, 0, 3, 9, 2.53
1746589788, 0, 985, 995, 946, 5, 8.20%, 0, 3, 9, 2.55
1746589851, 0, 985, 996, 947, 5, 8.20%, 0, 3, 9, 2.50
1746589856, 0, 985, 997, 948, 5, 8.37%, 0, 3, 9, 2.48
1746589919, 0, 985, 998, 949, 5, 8.37%, 0, 3, 9, 2.52
1746590190, 0, 985, 999, 950, 5, 8.37%, 0, 3, 9, 2.44
1746590195, 0, 985, 1000, 951, 5, 8.37%, 0, 3, 9, 2.46
1746590241, 0, 985, 1001, 952, 5, 8.37%, 0, 3, 9, 2.53
1746590403, 0, 985, 1002, 953, 5, 8.37%, 0, 3, 9, 2.63
1746591102, 0, 989, 1003, 953, 7, 8.37%, 0, 3, 9, 4.46
1746591113, 0, 989, 1004, 954, 7, 8.37%, 0, 3, 9, 3.67
1746591133, 0, 989, 1005, 955, 7, 8.37%, 0, 3, 9, 3.37
1746591185, 0, 989, 1006, 956, 7, 8.37%, 0, 3, 9, 3.47
1746591617, 0, 989, 1008, 958, 7, 8.37%, 0, 3, 9, 3.11
1746591767, 0, 989, 1009, 959, 7, 8.37%, 0, 3, 9, 4.42
1746592202, 0, 991, 1009, 958, 7, 8.37%, 0, 3, 9, 5.10
1746592207, 0, 991, 1010, 959, 7, 8.37%, 0, 3, 9, 3.70
1746592213, 0, 991, 1011, 960, 7, 8.37%, 0, 3, 9, 3.07
1746592271, 0, 991, 1012, 961, 7, 8.37%, 0, 3, 9, 2.39
1746592281, 0, 991, 1013, 962, 7, 8.37%, 0, 3, 9, 2.33
1746592292, 0, 991, 1014, 963, 7, 8.37%, 0, 3, 9, 2.23
1746592297, 0, 991, 1015, 964, 7, 8.37%, 0, 3, 9, 2.21
1746592400, 0, 991, 1016, 965, 7, 8.41%, 0, 3, 9, 2.27
1746592405, 0, 991, 1017, 966, 7, 8.41%, 0, 3, 9, 2.30
1746592509, 0, 991, 1018, 967, 7, 8.41%, 0, 3, 9, 2.22
1746592546, 0, 991, 1019, 968, 7, 8.42%, 0, 3, 9, 2.36
1746593160, 0, 991, 1020, 969, 7, 8.42%, 0, 3, 9, 2.28
1746593617, 0, 991, 1021, 970, 7, 8.42%, 0, 3, 9, 2.83
1746593715, 0, 991, 1022, 971, 7, 8.42%, 0, 3, 9, 2.76
1746593747, 0, 991, 1023, 972, 7, 8.42%, 0, 3, 9, 2.25
1746593763, 0, 991, 1024, 973, 7, 8.42%, 0, 3, 9, 2.24
1746593773, 0, 991, 1025, 974, 7, 8.42%, 0, 3, 9, 2.12
1746593821, 0, 991, 1026, 975, 7, 8.42%, 0, 3, 9, 2.23
1746593842, 0, 991, 1027, 976, 7, 8.42%, 0, 3, 9, 2.23
1746594228, 0, 991, 1028, 977, 7, 8.42%, 0, 3, 9, 2.17
1746594249, 0, 991, 1029, 978, 7, 8.43%, 0, 3, 9, 2.07
1746594338, 0, 991, 1030, 979, 7, 8.43%, 0, 3, 9, 4.17
1746594343, 0, 991, 1031, 980, 7, 8.43%, 0, 3, 9, 3.68
1746594410, 0, 991, 1032, 981, 7, 8.51%, 0, 3, 9, 4.49
1746594457, 0, 991, 1032, 981, 7, 8.51%, 0, 4, 9, 6.73
1746594586, 0, 991, 1033, 982, 7, 8.51%, 0, 4, 9, 1.24
1746594597, 0, 991, 1034, 983, 7, 8.51%, 0, 4, 9, 2.25
1746594680, 0, 991, 1034, 983, 7, 8.51%, 0, 5, 9, 6.43
1746594742, 0, 991, 1035, 984, 7, 8.51%, 0, 5, 9, 4.15
1746594799, 0, 991, 1036, 985, 7, 8.51%, 0, 5, 9, 6.20
1746594986, 0, 991, 1037, 986, 7, 8.51%, 0, 5, 9, 1.01
1746595007, 0, 991, 1038, 987, 7, 8.51%, 0, 5, 9, 5.36
1746595018, 0, 991, 1038, 987, 7, 8.51%, 0, 6, 9, 8.34
1746595023, 0, 991, 1039, 988, 7, 8.51%, 0, 6, 9, 1.47
1746595198, 0, 991, 1040, 989, 7, 8.51%, 0, 6, 9, 5.26
1746595229, 0, 996, 1041, 989, 11, 8.51%, 0, 6, 10, 6.13
1746595271, 0, 996, 1042, 990, 11, 8.51%, 0, 6, 10, 2.90
1746595281, 0, 996, 1043, 991, 11, 8.51%, 0, 6, 10, 2.86
1746595287, 0, 996, 1044, 992, 11, 8.65%, 0, 6, 10, 2.86
1746595292, 0, 996, 1045, 993, 11, 8.65%, 0, 6, 10, 2.86
1746595333, 0, 996, 1046, 994, 11, 8.65%, 0, 6, 10, 2.61
1746595427, 0, 996, 1047, 995, 11, 8.65%, 0, 6, 10, 2.69
1746595453, 0, 996, 1048, 996, 11, 8.65%, 0, 6, 10, 2.61
1746595744, 0, 996, 1049, 997, 11, 8.65%, 0, 6, 10, 2.45
1746595780, 0, 996, 1050, 998, 11, 8.65%, 0, 6, 10, 2.22
1746595796, 0, 996, 1051, 999, 11, 8.65%, 0, 6, 10, 2.36
1746595859, 0, 996, 1052, 1000, 11, 8.65%, 0, 6, 10, 2.38
1746595895, 0, 996, 1053, 1001, 11, 8.65%, 0, 6, 10, 2.39
1746595900, 0, 996, 1054, 1002, 11, 8.65%, 0, 6, 10, 2.67
1746595905, 0, 996, 1055, 1003, 11, 8.65%, 0, 6, 10, 2.71
1746595911, 0, 996, 1056, 1004, 11, 8.65%, 0, 6, 10, 2.76
1746596072, 0, 996, 1057, 1005, 11, 8.65%, 0, 6, 10, 2.43
1746596206, 0, 996, 1058, 1006, 11, 8.65%, 0, 6, 10, 2.48
1746596212, 0, 996, 1059, 1007, 11, 8.65%, 0, 6, 10, 2.45
1746596612, 0, 996, 1059, 1007, 11, 8.65%, 0, 7, 10, 6.13
1746596623, 0, 996, 1060, 1008, 11, 8.65%, 0, 7, 10, 5.36
1746596721, 0, 1001, 1060, 1007, 12, 8.65%, 0, 7, 10, 4.40
1746597914, 0, 1015, 1060, 1006, 11, 8.65%, 0, 7, 10, 4.60
1746598106, 0, 1015, 1061, 1007, 11, 8.65%, 0, 7, 10, 0.00
1746599284, 0, 1015, 1062, 1008, 11, 8.65%, 0, 7, 10, 2.05
1746600066, 0, 1015, 1063, 1009, 11, 8.65%, 0, 7, 10, 2.04
1746600082, 0, 1015, 1064, 1010, 11, 8.65%, 0, 7, 10, 2.07
1746600187, 0, 1018, 1064, 1009, 10, 8.65%, 0, 7, 10, 5.51
1746600249, 0, 1018, 1065, 1010, 10, 8.65%, 0, 7, 10, 2.31
1746600275, 0, 1018, 1066, 1011, 10, 8.65%, 0, 7, 10, 2.14
1746600490, 0, 1018, 1067, 1012, 10, 8.65%, 0, 7, 10, 2.09
1746601138, 0, 1018, 1068, 1013, 10, 8.65%, 0, 7, 10, 2.05
1746601806, 0, 1018, 1069, 1014, 10, 8.65%, 0, 7, 10, 2.06
1746601817, 0, 1018, 1070, 1015, 10, 8.65%, 0, 7, 10, 2.06
1746601849, 0, 1018, 1071, 1016, 10, 8.65%, 0, 7, 10, 2.07
1746601854, 0, 1018, 1072, 1017, 10, 8.65%, 0, 7, 10, 2.06
1746601865, 0, 1018, 1073, 1018, 10, 8.65%, 0, 7, 10, 2.06
1746601870, 0, 1018, 1074, 1019, 10, 8.65%, 0, 7, 10, 2.06
