# unix_time, cycles_done, cur_path, paths_total, pending_total, pending_favs, map_size, unique_crashes, unique_hangs, max_depth, execs_per_sec
1746712460, 0, 0, 1, 1, 1, 3.78%, 0, 0, 1, 148.15
1746712465, 0, 0, 47, 47, 1, 5.08%, 0, 0, 2, 142.11
1746712470, 0, 0, 74, 74, 1, 5.09%, 0, 0, 2, 135.06
1746712475, 0, 0, 99, 99, 1, 5.13%, 0, 0, 2, 132.96
1746712481, 0, 0, 114, 114, 1, 5.16%, 0, 0, 2, 140.50
1746712486, 0, 0, 124, 124, 1, 5.18%, 0, 0, 2, 143.87
1746712491, 0, 0, 137, 137, 1, 5.18%, 0, 0, 2, 142.62
1746712496, 0, 0, 147, 147, 1, 5.18%, 0, 0, 2, 145.85
1746712501, 0, 0, 154, 154, 1, 5.18%, 0, 0, 2, 143.70
1746712507, 0, 0, 163, 163, 1, 5.21%, 0, 0, 2, 139.94
1746712512, 0, 0, 169, 169, 1, 5.21%, 0, 0, 2, 142.98
1746712517, 0, 0, 178, 178, 1, 5.21%, 0, 0, 2, 141.58
1746712522, 0, 0, 185, 185, 1, 5.21%, 0, 0, 2, 144.07
1746712527, 0, 0, 194, 194, 1, 5.21%, 0, 0, 2, 145.13
1746712532, 0, 0, 204, 204, 1, 5.21%, 0, 0, 2, 143.16
1746712537, 0, 0, 210, 210, 1, 5.21%, 0, 0, 2, 146.64
1746712543, 0, 0, 213, 213, 1, 5.21%, 0, 0, 2, 144.49
1746712548, 0, 0, 219, 219, 1, 5.21%, 0, 0, 2, 142.73
1746712558, 0, 0, 225, 225, 1, 5.21%, 0, 0, 2, 145.99
1746712563, 0, 0, 228, 228, 1, 5.24%, 0, 0, 2, 143.78
1746712568, 0, 0, 233, 233, 1, 5.24%, 0, 0, 2, 143.27
1746712573, 0, 0, 235, 235, 1, 5.25%, 0, 0, 2, 142.92
1746712578, 0, 0, 238, 238, 1, 5.25%, 0, 0, 2, 142.92
1746712584, 0, 0, 244, 244, 1, 5.25%, 0, 0, 2, 141.99
1746712589, 0, 0, 245, 245, 1, 5.25%, 0, 0, 2, 145.71
1746712594, 0, 0, 247, 247, 1, 5.25%, 0, 0, 2, 143.36
1746712599, 0, 0, 250, 250, 1, 5.25%, 0, 0, 2, 144.09
1746712604, 0, 0, 254, 254, 1, 5.25%, 0, 0, 2, 144.94
1746712609, 0, 0, 258, 258, 1, 5.25%, 0, 0, 2, 144.61
1746712615, 0, 0, 263, 263, 1, 5.25%, 0, 0, 2, 145.05
1746712620, 0, 0, 264, 264, 1, 5.25%, 0, 0, 2, 147.44
1746712625, 0, 0, 266, 266, 1, 5.25%, 0, 0, 2, 145.10
1746712630, 0, 0, 268, 268, 1, 5.25%, 0, 0, 2, 143.06
1746712635, 0, 0, 272, 272, 1, 5.25%, 0, 0, 2, 142.15
1746712640, 0, 0, 274, 274, 1, 5.25%, 0, 0, 2, 144.79
1746712646, 0, 0, 276, 276, 1, 5.25%, 0, 0, 2, 148.69
1746712651, 0, 0, 278, 278, 1, 5.25%, 0, 0, 2, 146.28
1746712656, 0, 0, 280, 280, 1, 5.26%, 0, 0, 2, 145.42
1746712661, 0, 0, 281, 281, 1, 5.26%, 0, 0, 2, 148.25
1746712666, 0, 0, 286, 286, 1, 5.26%, 0, 0, 2, 146.33
1746712676, 0, 0, 288, 288, 1, 5.26%, 0, 0, 2, 145.38
1746712682, 0, 0, 290, 290, 1, 5.26%, 0, 0, 2, 147.45
1746712687, 0, 0, 293, 293, 1, 5.26%, 0, 0, 2, 147.07
1746712692, 0, 0, 296, 296, 1, 5.26%, 0, 0, 2, 144.74
1746712697, 0, 0, 297, 297, 1, 5.26%, 0, 0, 2, 148.49
1746712707, 0, 2, 299, 298, 16, 5.26%, 0, 0, 3, 147.48
1746712713, 0, 2, 300, 299, 16, 5.26%, 0, 0, 3, 144.48
1746712723, 0, 2, 302, 301, 16, 5.27%, 0, 0, 3, 146.55
1746712733, 0, 2, 303, 302, 16, 5.27%, 0, 0, 3, 151.51
1746712738, 0, 2, 306, 305, 16, 5.27%, 0, 0, 3, 150.72
1746712743, 0, 2, 308, 307, 16, 5.27%, 0, 0, 3, 149.20
1746712748, 0, 2, 309, 308, 16, 5.27%, 0, 0, 3, 150.48
1746712753, 0, 2, 312, 311, 16, 5.27%, 0, 0, 3, 148.40
1746712759, 0, 2, 314, 313, 16, 5.27%, 0, 0, 3, 147.07
1746712764, 0, 2, 316, 315, 16, 5.27%, 0, 0, 3, 145.12
1746712769, 0, 2, 317, 316, 16, 5.64%, 0, 0, 3, 143.35
1746712774, 0, 2, 319, 318, 16, 5.64%, 0, 0, 3, 143.87
1746712779, 0, 2, 320, 319, 16, 5.64%, 0, 0, 3, 145.85
1746712789, 0, 2, 321, 320, 16, 5.64%, 0, 0, 3, 150.58
1746712799, 0, 2, 323, 322, 16, 5.64%, 0, 0, 3, 147.79
1746712804, 0, 2, 325, 324, 16, 5.64%, 0, 0, 3, 147.01
1746712810, 0, 2, 327, 326, 16, 5.64%, 0, 0, 3, 146.49
1746712815, 0, 2, 328, 327, 16, 5.64%, 0, 0, 3, 146.47
1746712825, 0, 2, 331, 330, 16, 5.64%, 0, 0, 3, 142.62
1746712835, 0, 2, 332, 331, 16, 5.64%, 0, 0, 3, 144.30
1746712851, 0, 2, 334, 333, 16, 5.64%, 0, 0, 3, 143.92
1746712861, 0, 2, 336, 335, 16, 5.66%, 0, 0, 3, 143.08
1746712886, 0, 2, 337, 336, 16, 5.66%, 0, 0, 3, 150.07
1746712901, 0, 2, 338, 337, 16, 5.66%, 0, 0, 3, 151.02
1746712932, 0, 32, 338, 336, 12, 5.66%, 0, 0, 3, 138.21
1746712942, 0, 32, 339, 337, 12, 5.66%, 0, 0, 3, 135.92
1746712947, 0, 32, 340, 338, 12, 5.66%, 0, 0, 3, 137.66
1746712963, 0, 32, 342, 340, 12, 5.66%, 0, 0, 3, 136.33
1746712973, 0, 32, 343, 341, 12, 5.72%, 0, 0, 3, 131.69
1746712978, 0, 32, 344, 342, 12, 6.01%, 0, 0, 3, 133.07
1746712989, 0, 32, 345, 343, 12, 6.01%, 0, 0, 3, 136.06
1746713014, 0, 32, 346, 344, 12, 6.01%, 0, 0, 3, 134.46
1746713025, 0, 32, 347, 345, 12, 6.01%, 0, 0, 3, 134.30
1746713040, 0, 32, 349, 347, 12, 6.01%, 0, 0, 3, 134.99
1746713056, 0, 32, 350, 348, 12, 6.01%, 0, 0, 3, 136.48
1746713076, 0, 32, 351, 349, 12, 6.01%, 0, 0, 3, 137.29
1746713097, 0, 32, 352, 350, 12, 6.01%, 0, 0, 3, 134.06
1746713102, 0, 32, 353, 351, 12, 6.01%, 0, 0, 3, 133.01
1746713112, 0, 32, 354, 352, 12, 6.01%, 0, 0, 3, 132.58
1746713138, 0, 32, 355, 353, 12, 6.01%, 0, 0, 3, 134.66
1746713143, 0, 32, 356, 354, 12, 6.01%, 0, 0, 3, 133.57
1746713174, 0, 32, 357, 355, 12, 6.01%, 0, 0, 3, 132.56
1746713185, 0, 34, 357, 354, 8, 6.01%, 0, 0, 3, 125.96
1746713205, 0, 34, 358, 355, 8, 6.01%, 0, 0, 3, 126.71
1746713215, 0, 34, 359, 356, 8, 6.01%, 0, 0, 3, 128.02
1746713220, 0, 34, 360, 357, 8, 6.01%, 0, 0, 3, 126.80
1746713231, 0, 34, 361, 358, 8, 6.01%, 0, 0, 3, 127.93
1746713246, 0, 34, 363, 360, 8, 6.01%, 0, 0, 3, 125.80
1746713251, 0, 34, 364, 361, 8, 6.01%, 0, 0, 3, 125.69
1746713261, 0, 34, 365, 362, 8, 6.01%, 0, 0, 3, 126.80
1746713287, 0, 34, 367, 364, 8, 6.01%, 0, 0, 3, 128.87
1746713308, 0, 34, 368, 365, 8, 6.01%, 0, 0, 3, 127.71
1746713313, 0, 34, 370, 367, 8, 6.01%, 0, 0, 3, 129.11
1746713323, 0, 34, 371, 368, 8, 6.01%, 0, 0, 3, 127.92
1746713329, 0, 34, 372, 369, 8, 6.01%, 0, 0, 3, 127.59
1746713355, 0, 34, 373, 370, 8, 6.01%, 0, 0, 3, 127.69
1746713365, 0, 34, 375, 372, 8, 6.01%, 0, 0, 3, 128.35
1746713391, 0, 34, 376, 373, 8, 6.01%, 0, 0, 3, 127.45
1746713401, 0, 34, 377, 374, 8, 6.01%, 0, 0, 3, 128.58
1746713416, 0, 34, 378, 375, 8, 6.01%, 0, 0, 3, 126.17
1746713422, 0, 34, 379, 376, 8, 6.01%, 0, 0, 3, 127.61
1746713427, 0, 34, 380, 377, 8, 6.01%, 0, 0, 3, 128.96
1746713432, 0, 34, 381, 378, 8, 6.01%, 0, 0, 3, 129.50
1746713442, 0, 34, 382, 379, 8, 6.01%, 0, 0, 3, 127.09
1746713458, 0, 54, 382, 378, 8, 6.01%, 0, 0, 3, 128.97
1746713509, 0, 92, 382, 377, 7, 6.01%, 0, 0, 3, 107.37
1746713590, 0, 92, 383, 378, 7, 6.01%, 0, 0, 3, 106.59
1746713600, 0, 92, 384, 379, 7, 6.01%, 0, 0, 3, 110.62
1746713605, 0, 92, 385, 380, 7, 6.01%, 0, 0, 3, 112.00
1746713610, 0, 92, 386, 381, 7, 6.04%, 0, 0, 3, 111.07
1746713621, 0, 92, 388, 383, 7, 6.04%, 0, 0, 3, 109.99
1746713631, 0, 92, 389, 384, 7, 6.04%, 0, 0, 3, 109.97
1746713651, 0, 92, 391, 386, 7, 6.04%, 0, 0, 3, 110.34
1746713656, 0, 92, 392, 387, 7, 6.04%, 0, 0, 3, 109.96
1746713671, 0, 92, 393, 388, 7, 6.04%, 0, 0, 3, 110.58
1746713676, 0, 92, 394, 389, 7, 6.04%, 0, 0, 3, 110.47
1746713681, 0, 92, 395, 390, 7, 6.04%, 0, 0, 3, 111.13
1746713686, 0, 92, 397, 392, 7, 6.04%, 0, 0, 3, 112.08
1746713707, 0, 92, 398, 393, 7, 6.04%, 0, 0, 3, 112.20
1746713722, 0, 92, 400, 395, 7, 6.04%, 0, 0, 3, 108.95
1746713738, 0, 92, 401, 396, 7, 6.04%, 0, 0, 3, 110.15
1746713743, 0, 92, 403, 398, 7, 6.04%, 0, 0, 3, 110.02
1746713748, 0, 92, 404, 399, 7, 6.04%, 0, 0, 3, 111.97
1746713798, 0, 92, 405, 400, 7, 6.04%, 0, 0, 3, 111.54
1746713803, 0, 92, 407, 402, 7, 6.04%, 0, 0, 3, 108.11
1746713813, 0, 92, 409, 404, 7, 6.04%, 0, 0, 3, 106.87
1746713818, 0, 92, 411, 406, 7, 6.04%, 0, 0, 3, 107.16
1746713824, 0, 92, 413, 408, 7, 6.04%, 0, 0, 3, 109.85
1746713834, 0, 92, 414, 409, 7, 6.04%, 0, 0, 3, 109.41
1746713864, 0, 92, 415, 410, 7, 6.04%, 0, 0, 3, 111.02
1746713880, 0, 92, 416, 411, 7, 6.04%, 0, 0, 3, 108.92
1746713885, 0, 123, 416, 410, 8, 6.04%, 0, 0, 3, 100.82
1746714007, 0, 180, 416, 409, 8, 6.04%, 0, 0, 3, 89.05
1746714197, 0, 180, 420, 413, 8, 6.04%, 0, 0, 3, 86.28
1746714202, 0, 180, 424, 417, 8, 6.04%, 0, 0, 3, 90.85
1746714207, 0, 180, 425, 418, 8, 6.05%, 0, 0, 3, 92.73
1746714212, 0, 180, 426, 419, 8, 6.05%, 0, 0, 3, 93.24
1746714217, 0, 180, 428, 421, 8, 6.05%, 0, 0, 3, 91.89
1746714222, 0, 180, 431, 424, 8, 6.05%, 0, 0, 3, 91.53
1746714227, 0, 180, 434, 427, 8, 6.14%, 0, 0, 3, 90.97
1746714233, 0, 180, 437, 430, 8, 6.14%, 0, 0, 3, 92.43
1746714238, 0, 180, 438, 431, 8, 6.14%, 0, 0, 3, 94.11
1746714243, 0, 180, 441, 434, 8, 6.14%, 0, 0, 3, 91.49
1746714248, 0, 180, 444, 437, 8, 6.14%, 0, 0, 3, 91.05
1746714253, 0, 180, 449, 442, 8, 6.14%, 0, 0, 3, 88.32
1746714258, 0, 180, 451, 444, 8, 6.14%, 0, 0, 3, 92.85
1746714263, 0, 180, 452, 445, 8, 6.14%, 0, 0, 3, 93.35
1746714269, 0, 180, 453, 446, 8, 6.14%, 0, 0, 3, 93.88
1746714274, 0, 180, 455, 448, 8, 6.14%, 0, 0, 3, 90.77
1746714279, 0, 180, 457, 450, 8, 6.14%, 0, 0, 3, 92.04
1746714284, 0, 180, 458, 451, 8, 6.14%, 0, 0, 3, 91.91
1746714289, 0, 180, 459, 452, 8, 6.14%, 0, 0, 3, 91.77
1746714310, 0, 180, 460, 453, 8, 6.14%, 0, 0, 3, 92.26
1746714315, 0, 180, 461, 454, 8, 6.14%, 0, 0, 3, 92.14
1746714320, 0, 180, 462, 455, 8, 6.22%, 0, 0, 3, 92.57
1746714325, 0, 180, 463, 456, 8, 6.22%, 0, 0, 3, 95.01
1746714330, 0, 180, 464, 457, 8, 6.22%, 0, 0, 3, 94.60
1746714335, 0, 180, 465, 458, 8, 6.22%, 0, 0, 3, 93.88
1746714340, 0, 180, 467, 460, 8, 6.22%, 0, 0, 3, 91.32
1746714345, 0, 180, 468, 461, 8, 6.22%, 0, 0, 3, 93.07
1746714351, 0, 180, 469, 462, 8, 6.22%, 0, 0, 3, 92.96
1746714361, 0, 180, 470, 463, 8, 6.22%, 0, 0, 3, 92.17
1746714366, 0, 180, 472, 465, 8, 6.25%, 0, 0, 3, 90.19
1746714371, 0, 180, 473, 466, 8, 6.25%, 0, 0, 3, 92.23
1746714387, 0, 180, 475, 468, 8, 6.25%, 0, 0, 3, 94.08
1746714397, 0, 180, 476, 469, 8, 6.25%, 0, 0, 3, 94.39
1746714402, 0, 180, 477, 470, 8, 6.25%, 0, 0, 3, 92.75
1746714412, 0, 180, 479, 472, 8, 6.26%, 0, 0, 3, 92.44
1746714417, 0, 180, 480, 473, 8, 6.26%, 0, 0, 3, 92.83
1746714422, 0, 180, 482, 475, 8, 6.26%, 0, 0, 3, 93.37
1746714428, 0, 180, 483, 476, 8, 6.26%, 0, 0, 3, 94.86
1746714433, 0, 180, 484, 477, 8, 6.26%, 0, 0, 3, 93.30
1746714438, 0, 180, 485, 478, 8, 6.26%, 0, 0, 3, 93.82
1746714448, 0, 180, 486, 479, 8, 6.26%, 0, 0, 3, 93.41
1746714469, 0, 180, 487, 480, 8, 6.26%, 0, 0, 3, 93.90
1746714484, 0, 180, 491, 484, 8, 6.26%, 0, 0, 3, 89.39
1746714499, 0, 180, 492, 485, 8, 6.26%, 0, 0, 3, 92.62
1746714515, 0, 180, 493, 486, 8, 6.26%, 0, 0, 3, 94.62
1746714520, 0, 180, 494, 487, 8, 6.26%, 0, 0, 3, 95.72
1746714525, 0, 180, 496, 489, 8, 6.26%, 0, 0, 3, 91.06
1746714540, 0, 180, 498, 491, 8, 6.26%, 0, 0, 3, 92.25
1746714551, 0, 180, 499, 492, 8, 6.26%, 0, 0, 3, 92.62
1746714556, 0, 194, 500, 492, 13, 6.26%, 0, 0, 3, 90.80
1746714689, 0, 227, 500, 491, 13, 6.26%, 0, 0, 3, 102.29
1746714893, 0, 282, 500, 490, 13, 6.26%, 0, 0, 3, 91.02
1746715035, 0, 291, 500, 489, 12, 6.26%, 0, 0, 3, 96.96
1746715159, 0, 295, 500, 488, 11, 6.26%, 0, 0, 3, 90.59
1746715532, 0, 295, 501, 489, 11, 6.26%, 0, 0, 3, 64.59
1746715537, 0, 295, 509, 497, 11, 6.28%, 0, 0, 3, 67.55
1746715542, 0, 295, 512, 500, 11, 6.29%, 0, 0, 3, 71.03
1746715547, 0, 295, 513, 501, 11, 6.29%, 0, 0, 3, 73.28
1746715552, 0, 295, 516, 504, 11, 6.29%, 0, 0, 3, 71.12
1746715557, 0, 295, 520, 508, 11, 6.29%, 0, 0, 3, 70.48
1746715562, 0, 295, 522, 510, 11, 6.29%, 0, 0, 3, 71.95
1746715568, 0, 295, 523, 511, 11, 6.29%, 0, 0, 3, 71.46
1746715573, 0, 295, 526, 514, 11, 6.30%, 0, 0, 3, 69.03
1746715578, 0, 295, 531, 519, 11, 6.30%, 0, 0, 3, 68.29
1746715583, 0, 295, 532, 520, 11, 6.30%, 0, 0, 3, 69.96
1746715588, 0, 295, 534, 522, 11, 6.30%, 0, 0, 3, 71.65
1746715593, 0, 295, 536, 524, 11, 6.30%, 0, 0, 3, 71.65
1746715599, 0, 295, 539, 527, 11, 6.30%, 0, 0, 3, 70.40
1746715604, 0, 295, 542, 530, 11, 6.30%, 0, 0, 3, 70.64
1746715609, 0, 295, 545, 533, 11, 6.30%, 0, 0, 3, 70.76
1746715614, 0, 295, 547, 535, 11, 6.30%, 0, 0, 3, 69.93
1746715625, 0, 295, 548, 536, 11, 6.30%, 0, 0, 3, 71.61
1746715630, 0, 295, 550, 538, 11, 6.30%, 0, 0, 3, 71.06
1746715635, 0, 295, 554, 542, 11, 6.32%, 0, 0, 3, 71.27
1746715640, 0, 295, 555, 543, 11, 6.32%, 0, 0, 3, 73.41
1746715650, 0, 295, 556, 544, 11, 6.32%, 0, 0, 3, 73.85
1746715655, 0, 295, 557, 545, 11, 6.32%, 0, 0, 3, 72.30
1746715666, 0, 295, 559, 547, 11, 6.33%, 0, 0, 3, 73.58
1746715671, 0, 295, 561, 549, 11, 6.33%, 0, 0, 3, 72.38
1746715676, 0, 295, 562, 550, 11, 6.33%, 0, 0, 3, 74.12
1746715681, 0, 295, 563, 551, 11, 6.33%, 0, 0, 3, 73.31
1746715692, 0, 295, 565, 553, 11, 6.33%, 0, 0, 3, 69.92
1746715697, 0, 295, 567, 555, 11, 6.33%, 0, 0, 3, 71.28
1746715712, 0, 295, 569, 557, 11, 6.33%, 0, 0, 3, 71.21
1746715723, 0, 295, 573, 561, 11, 6.33%, 0, 0, 3, 68.90
1746715728, 0, 295, 576, 564, 11, 6.33%, 0, 0, 3, 70.91
1746715748, 0, 295, 577, 565, 11, 6.33%, 0, 0, 3, 74.63
1746715753, 0, 295, 579, 567, 11, 6.33%, 0, 0, 3, 72.95
1746715764, 0, 295, 581, 569, 11, 6.33%, 0, 0, 3, 71.60
1746715769, 0, 295, 582, 570, 11, 6.33%, 0, 0, 3, 73.87
1746715774, 0, 295, 583, 571, 11, 6.33%, 0, 0, 3, 71.38
1746715785, 0, 295, 584, 572, 11, 6.33%, 0, 0, 3, 73.52
1746715790, 0, 295, 586, 574, 11, 6.34%, 0, 0, 3, 71.76
1746715795, 0, 295, 588, 576, 11, 6.34%, 0, 0, 3, 71.06
1746715805, 0, 295, 589, 577, 11, 6.34%, 0, 0, 3, 72.42
1746715810, 0, 295, 590, 578, 11, 6.34%, 0, 0, 3, 73.58
1746715821, 0, 295, 593, 581, 11, 6.34%, 0, 0, 3, 71.41
1746715836, 0, 295, 594, 582, 11, 6.34%, 0, 0, 3, 71.93
1746715847, 0, 295, 595, 583, 11, 6.34%, 0, 0, 3, 73.88
1746715857, 0, 295, 596, 584, 11, 6.34%, 0, 0, 3, 73.29
1746715867, 0, 295, 597, 585, 11, 6.34%, 0, 0, 3, 74.81
1746715877, 0, 295, 599, 587, 11, 6.34%, 0, 0, 3, 71.18
1746715903, 0, 295, 601, 589, 11, 6.34%, 0, 0, 3, 71.93
1746715924, 0, 295, 602, 590, 11, 6.34%, 0, 0, 3, 74.67
1746715934, 0, 295, 605, 593, 11, 6.34%, 0, 0, 3, 72.29
1746715939, 0, 295, 606, 594, 11, 6.34%, 0, 0, 3, 72.60
1746715945, 0, 295, 607, 595, 11, 6.34%, 0, 0, 3, 73.71
1746715970, 0, 295, 608, 596, 11, 6.34%, 0, 0, 3, 72.37
1746715976, 0, 295, 610, 598, 11, 6.34%, 0, 0, 3, 70.63
1746715986, 0, 295, 611, 599, 11, 6.34%, 0, 0, 3, 71.83
1746715996, 0, 385, 611, 598, 17, 6.34%, 0, 0, 3, 73.98
1746716278, 0, 385, 614, 601, 17, 6.34%, 0, 0, 4, 80.36
1746716283, 0, 385, 615, 602, 17, 6.34%, 0, 0, 4, 81.74
1746716288, 0, 385, 616, 603, 17, 6.34%, 0, 0, 4, 83.52
1746716293, 0, 385, 617, 604, 17, 6.34%, 0, 0, 4, 83.86
1746716304, 0, 385, 618, 605, 17, 6.34%, 0, 0, 4, 84.60
1746716309, 0, 385, 619, 606, 17, 6.34%, 0, 0, 4, 84.88
1746716319, 0, 385, 620, 607, 17, 6.34%, 0, 0, 4, 83.00
1746716324, 0, 385, 621, 608, 17, 6.34%, 0, 0, 4, 82.01
1746716360, 0, 385, 622, 609, 17, 6.34%, 0, 0, 4, 85.28
1746716365, 0, 385, 623, 610, 17, 6.34%, 0, 0, 4, 85.35
1746716371, 0, 385, 624, 611, 17, 6.34%, 0, 0, 4, 83.10
1746716417, 0, 385, 625, 612, 17, 6.35%, 0, 0, 4, 85.28
1746716427, 0, 385, 626, 613, 17, 6.35%, 0, 0, 4, 85.10
1746716432, 0, 385, 627, 614, 17, 6.35%, 0, 0, 4, 83.24
1746716443, 0, 385, 628, 615, 17, 6.35%, 0, 0, 4, 82.53
1746716448, 0, 385, 629, 616, 17, 6.35%, 0, 0, 4, 81.81
1746716463, 0, 385, 630, 617, 17, 6.35%, 0, 0, 4, 84.86
1746716468, 0, 385, 631, 618, 17, 6.35%, 0, 0, 4, 84.42
1746716504, 0, 385, 632, 619, 17, 6.35%, 0, 0, 4, 83.72
1746716540, 0, 385, 634, 621, 17, 6.35%, 0, 0, 4, 83.29
1746716576, 0, 385, 636, 623, 17, 6.35%, 0, 0, 4, 83.95
1746716638, 0, 385, 637, 624, 17, 6.35%, 0, 0, 4, 84.68
1746716643, 0, 385, 638, 625, 17, 6.35%, 0, 0, 4, 82.94
1746716669, 0, 392, 638, 624, 14, 6.35%, 0, 0, 4, 71.49
1746716999, 0, 392, 639, 625, 14, 6.35%, 0, 0, 4, 70.48
1746717009, 0, 392, 641, 627, 14, 6.35%, 0, 0, 4, 74.86
1746717014, 0, 392, 642, 628, 14, 6.35%, 0, 0, 4, 75.50
1746717019, 0, 392, 643, 629, 14, 6.35%, 0, 0, 4, 74.96
1746717024, 0, 392, 644, 630, 14, 6.35%, 0, 0, 4, 74.82
1746717050, 0, 392, 645, 631, 14, 6.35%, 0, 0, 4, 75.34
1746717066, 0, 392, 646, 632, 14, 6.35%, 0, 0, 4, 75.76
1746717086, 0, 392, 647, 633, 14, 6.35%, 0, 0, 4, 73.38
1746717092, 0, 392, 649, 635, 14, 6.35%, 0, 0, 4, 73.98
1746717164, 0, 392, 651, 637, 14, 6.35%, 0, 0, 4, 73.56
1746717169, 0, 392, 652, 638, 14, 6.35%, 0, 0, 4, 74.92
1746717236, 0, 392, 653, 639, 14, 6.35%, 0, 0, 4, 73.05
1746717298, 0, 392, 654, 640, 14, 6.35%, 0, 0, 4, 76.04
1746717355, 0, 392, 655, 641, 14, 6.35%, 0, 0, 4, 75.21
1746717432, 0, 422, 655, 640, 14, 6.35%, 0, 0, 4, 70.35
1746717813, 0, 422, 656, 641, 14, 6.35%, 0, 0, 4, 71.16
1746717819, 0, 422, 657, 642, 14, 6.35%, 0, 0, 4, 71.15
1746717860, 0, 433, 657, 641, 14, 6.35%, 0, 0, 4, 65.38
1746717926, 0, 433, 658, 642, 14, 6.35%, 0, 0, 4, 52.76
1746718530, 0, 433, 661, 645, 14, 6.35%, 0, 0, 4, 52.96
1746718535, 0, 433, 664, 648, 14, 6.35%, 0, 0, 4, 57.46
1746718541, 0, 433, 666, 650, 14, 6.35%, 0, 0, 4, 59.60
1746718546, 0, 433, 671, 655, 14, 6.35%, 0, 0, 4, 56.64
1746718551, 0, 433, 676, 660, 14, 6.35%, 0, 0, 4, 57.44
1746718556, 0, 433, 678, 662, 14, 6.35%, 0, 0, 4, 59.16
1746718561, 0, 433, 681, 665, 14, 6.35%, 0, 0, 4, 58.81
1746718566, 0, 433, 682, 666, 14, 6.35%, 0, 0, 4, 58.50
1746718571, 0, 433, 685, 669, 14, 6.35%, 0, 0, 4, 59.41
1746718581, 0, 433, 686, 670, 14, 6.35%, 0, 0, 4, 60.01
1746718587, 0, 433, 688, 672, 14, 6.35%, 0, 0, 4, 59.19
1746718592, 0, 433, 689, 673, 14, 6.35%, 0, 0, 4, 59.13
1746718597, 0, 433, 690, 674, 14, 6.35%, 0, 0, 4, 59.21
1746718602, 0, 433, 691, 675, 14, 6.35%, 0, 0, 4, 58.11
1746718607, 0, 433, 692, 676, 14, 6.35%, 0, 0, 4, 58.29
1746718612, 0, 433, 694, 678, 14, 6.35%, 0, 0, 4, 59.33
1746718617, 0, 433, 695, 679, 14, 6.35%, 0, 0, 4, 59.10
1746718627, 0, 433, 696, 680, 14, 6.35%, 0, 0, 4, 60.21
1746718633, 0, 433, 697, 681, 14, 6.35%, 0, 0, 4, 59.16
1746718638, 0, 433, 698, 682, 14, 6.35%, 0, 0, 4, 60.28
1746718643, 0, 433, 699, 683, 14, 6.35%, 0, 0, 4, 59.66
1746718648, 0, 433, 700, 684, 14, 6.35%, 0, 0, 4, 59.66
1746718653, 0, 433, 701, 685, 14, 6.35%, 0, 0, 4, 58.85
1746718658, 0, 433, 702, 686, 14, 6.35%, 0, 0, 4, 57.73
1746718663, 0, 433, 704, 688, 14, 6.35%, 0, 0, 4, 57.96
1746718673, 0, 433, 706, 690, 14, 6.35%, 0, 0, 4, 60.05
1746718683, 0, 433, 707, 691, 14, 6.35%, 0, 0, 4, 58.00
1746718693, 0, 433, 708, 692, 14, 6.35%, 0, 0, 4, 59.65
1746718703, 0, 433, 709, 693, 14, 6.35%, 0, 0, 4, 59.71
1746718714, 0, 433, 711, 695, 14, 6.36%, 0, 0, 4, 60.21
1746718724, 0, 433, 712, 696, 14, 6.36%, 0, 0, 4, 58.74
1746718729, 0, 433, 715, 699, 14, 6.36%, 0, 0, 4, 58.23
1746718745, 0, 433, 716, 700, 14, 6.36%, 0, 0, 4, 59.82
1746718750, 0, 433, 717, 701, 14, 6.36%, 0, 0, 4, 59.02
1746718755, 0, 433, 718, 702, 14, 6.36%, 0, 0, 4, 59.52
1746718760, 0, 433, 720, 704, 14, 6.36%, 0, 0, 4, 59.55
1746718765, 0, 433, 721, 705, 14, 6.36%, 0, 0, 4, 59.11
1746718770, 0, 433, 722, 706, 14, 6.36%, 0, 0, 4, 58.18
1746718775, 0, 433, 723, 707, 14, 6.36%, 0, 0, 4, 59.65
1746718781, 0, 433, 724, 708, 14, 6.36%, 0, 0, 4, 59.30
1746718791, 0, 433, 725, 709, 14, 6.36%, 0, 0, 4, 59.69
1746718796, 0, 433, 726, 710, 14, 6.36%, 0, 0, 4, 58.15
1746718801, 0, 433, 727, 711, 14, 6.36%, 0, 0, 4, 58.44
1746718853, 0, 433, 728, 712, 14, 6.36%, 0, 0, 4, 59.77
1746718858, 0, 433, 729, 713, 14, 6.36%, 0, 0, 4, 58.48
1746718873, 0, 433, 730, 714, 14, 6.36%, 0, 0, 4, 59.29
1746718878, 0, 433, 731, 715, 14, 6.36%, 0, 0, 4, 59.55
1746718888, 0, 433, 732, 716, 14, 6.36%, 0, 0, 4, 57.24
1746718909, 0, 433, 733, 717, 14, 6.36%, 0, 0, 4, 57.97
1746718919, 0, 433, 735, 719, 14, 6.36%, 0, 0, 4, 58.53
1746718934, 0, 433, 736, 720, 14, 6.37%, 0, 0, 4, 59.75
1746718955, 0, 478, 736, 719, 17, 6.37%, 0, 0, 4, 58.61
1746719534, 0, 478, 737, 720, 17, 6.37%, 0, 0, 4, 60.48
1746719549, 0, 478, 739, 722, 17, 6.38%, 0, 0, 4, 61.91
1746719554, 0, 478, 740, 723, 17, 6.38%, 0, 0, 4, 60.15
1746719559, 0, 478, 741, 724, 17, 6.38%, 0, 0, 4, 60.57
1746719570, 0, 478, 742, 725, 17, 6.38%, 0, 0, 4, 62.84
1746719580, 0, 478, 743, 726, 17, 6.38%, 0, 0, 4, 61.81
1746719585, 0, 478, 744, 727, 17, 6.38%, 0, 0, 4, 63.68
1746719621, 0, 478, 745, 728, 17, 6.38%, 0, 0, 4, 60.86
1746719631, 0, 478, 746, 729, 17, 6.38%, 0, 0, 4, 62.05
1746719657, 0, 478, 747, 730, 17, 6.39%, 0, 0, 4, 62.43
1746719672, 0, 478, 748, 731, 17, 6.39%, 0, 0, 4, 63.08
1746719698, 0, 478, 749, 732, 17, 6.39%, 0, 0, 4, 60.84
1746719868, 0, 478, 750, 733, 17, 6.39%, 0, 0, 4, 61.84
1746719920, 0, 478, 751, 734, 17, 6.39%, 0, 0, 4, 62.46
1746719930, 0, 478, 752, 735, 17, 6.39%, 0, 0, 4, 61.87
1746719971, 0, 478, 753, 736, 17, 6.39%, 0, 0, 4, 62.66
1746720058, 0, 617, 753, 735, 16, 6.39%, 0, 0, 4, 62.95
1746720845, 0, 617, 754, 736, 16, 6.39%, 0, 0, 5, 55.29
1746720855, 0, 617, 755, 737, 16, 6.39%, 0, 0, 5, 57.94
1746720876, 0, 617, 756, 738, 16, 6.39%, 0, 0, 5, 57.62
1746720958, 0, 617, 757, 739, 16, 6.39%, 0, 0, 5, 56.91
1746721018, 0, 617, 758, 740, 16, 6.39%, 0, 0, 5, 57.86
1746721038, 0, 617, 759, 741, 16, 6.39%, 0, 0, 5, 57.58
1746721181, 0, 617, 760, 742, 16, 6.39%, 0, 0, 5, 57.66
1746721207, 0, 617, 761, 743, 16, 6.39%, 0, 0, 5, 56.13
1746721253, 0, 617, 762, 744, 16, 6.39%, 0, 0, 5, 58.22
1746721258, 0, 617, 763, 745, 16, 6.39%, 0, 0, 5, 57.69
1746721405, 0, 621, 763, 744, 16, 6.39%, 0, 0, 5, 58.68
1746721987, 0, 622, 763, 743, 16, 6.39%, 0, 0, 5, 62.59
1746722579, 0, 624, 763, 742, 15, 6.39%, 0, 0, 5, 61.68
1746723039, 0, 626, 763, 741, 14, 6.39%, 0, 0, 5, 59.95
1746723502, 0, 626, 764, 742, 14, 6.39%, 0, 0, 5, 68.86
1746723548, 0, 629, 764, 741, 13, 6.39%, 0, 0, 5, 61.82
1746724215, 0, 629, 765, 742, 13, 6.39%, 0, 0, 5, 54.96
1746724236, 0, 629, 766, 743, 13, 6.39%, 0, 0, 5, 60.60
1746724256, 0, 629, 767, 744, 13, 6.39%, 0, 0, 5, 60.73
1746724281, 0, 629, 768, 745, 13, 6.39%, 0, 0, 5, 61.41
1746724307, 0, 629, 769, 746, 13, 6.39%, 0, 0, 5, 59.06
1746724553, 0, 629, 770, 747, 13, 6.39%, 0, 0, 5, 61.09
1746724640, 0, 629, 771, 748, 13, 6.39%, 0, 0, 5, 60.47
1746724737, 0, 629, 772, 749, 13, 6.39%, 0, 0, 5, 59.49
1746724753, 0, 667, 772, 748, 14, 6.39%, 0, 0, 5, 59.72
1746725469, 0, 696, 772, 747, 13, 6.39%, 0, 0, 5, 56.74
1746726235, 0, 714, 772, 746, 13, 6.39%, 0, 0, 5, 59.34
1746726649, 0, 720, 772, 745, 12, 6.39%, 0, 0, 5, 57.42
1746727233, 0, 720, 773, 746, 12, 6.39%, 0, 0, 5, 64.68
1746727284, 0, 735, 773, 745, 11, 6.39%, 0, 0, 5, 55.43
1746728539, 0, 735, 774, 746, 11, 6.39%, 0, 0, 5, 47.37
1746728549, 0, 735, 775, 747, 11, 6.39%, 0, 0, 5, 46.81
1746728559, 0, 735, 776, 748, 11, 6.39%, 0, 0, 5, 47.06
1746728584, 0, 735, 777, 749, 11, 6.39%, 0, 0, 5, 46.83
1746728589, 0, 735, 778, 750, 11, 6.39%, 0, 0, 5, 47.21
1746728620, 0, 735, 779, 751, 11, 6.39%, 0, 0, 5, 47.09
1746728630, 0, 735, 780, 752, 11, 6.39%, 0, 0, 5, 46.64
1746728635, 0, 735, 781, 753, 11, 6.39%, 0, 0, 5, 47.07
1746728640, 0, 735, 782, 754, 11, 6.39%, 0, 0, 5, 48.34
1746728645, 0, 735, 783, 755, 11, 6.39%, 0, 0, 5, 47.05
1746728691, 0, 735, 784, 756, 11, 6.39%, 0, 0, 5, 46.84
1746728696, 0, 735, 786, 758, 11, 6.39%, 0, 0, 5, 44.76
1746728741, 0, 735, 787, 759, 11, 6.39%, 0, 0, 5, 48.20
1746728751, 0, 735, 788, 760, 11, 6.39%, 0, 0, 5, 45.68
1746728757, 0, 735, 789, 761, 11, 6.39%, 0, 0, 5, 46.82
1746728767, 0, 735, 790, 762, 11, 6.39%, 0, 0, 5, 47.27
1746728797, 0, 735, 791, 763, 11, 6.39%, 0, 0, 5, 46.85
1746728817, 0, 735, 792, 764, 11, 6.39%, 0, 0, 5, 46.43
1746728827, 0, 735, 793, 765, 11, 6.39%, 0, 0, 5, 47.84
1746728837, 0, 735, 794, 766, 11, 6.39%, 0, 0, 5, 47.07
1746728868, 0, 735, 795, 767, 11, 6.39%, 0, 0, 5, 47.46
1746728893, 0, 735, 796, 768, 11, 6.39%, 0, 0, 5, 46.72
1746729020, 0, 735, 797, 769, 11, 6.39%, 0, 0, 5, 46.63
1746729030, 0, 735, 798, 770, 11, 6.39%, 0, 0, 5, 45.91
1746729055, 0, 738, 798, 769, 10, 6.39%, 0, 0, 5, 46.89
1746729066, 0, 738, 799, 770, 10, 6.39%, 0, 0, 5, 38.96
1746729097, 0, 738, 800, 771, 10, 6.67%, 0, 0, 5, 38.67
1746729159, 0, 738, 801, 772, 10, 6.67%, 0, 0, 5, 38.57
1746729215, 0, 738, 802, 773, 10, 6.67%, 0, 0, 5, 37.90
1746729251, 0, 738, 804, 775, 10, 6.67%, 0, 0, 5, 38.76
1746729271, 0, 738, 805, 776, 10, 6.67%, 0, 0, 5, 38.34
1746729797, 0, 738, 806, 777, 10, 6.67%, 0, 0, 5, 38.00
1746729945, 0, 738, 807, 778, 10, 6.67%, 0, 0, 5, 37.91
1746730393, 0, 738, 808, 779, 10, 6.67%, 0, 0, 5, 39.33
1746730398, 0, 738, 812, 783, 10, 6.67%, 0, 0, 5, 42.66
1746730403, 0, 738, 816, 787, 10, 6.68%, 0, 0, 5, 41.41
1746730408, 0, 738, 820, 791, 10, 6.68%, 0, 0, 5, 42.55
1746730413, 0, 738, 822, 793, 10, 7.14%, 0, 0, 5, 42.35
1746730419, 0, 738, 823, 794, 10, 7.14%, 0, 0, 5, 43.06
1746730429, 0, 738, 825, 796, 10, 7.14%, 0, 0, 5, 44.42
1746730434, 0, 738, 826, 797, 10, 7.14%, 0, 0, 5, 43.76
1746730439, 0, 738, 828, 799, 10, 7.14%, 0, 0, 5, 42.17
1746730444, 0, 738, 829, 800, 10, 7.14%, 0, 0, 5, 43.11
1746730449, 0, 738, 831, 802, 10, 7.14%, 0, 0, 5, 44.10
1746730454, 0, 738, 832, 803, 10, 7.14%, 0, 0, 5, 43.27
1746730459, 0, 738, 836, 807, 10, 7.14%, 0, 0, 5, 41.73
1746730469, 0, 738, 838, 809, 10, 7.14%, 0, 0, 5, 42.66
1746730474, 0, 738, 839, 810, 10, 7.14%, 0, 0, 5, 42.71
1746730485, 0, 738, 841, 812, 10, 7.14%, 0, 0, 5, 43.33
1746730500, 0, 738, 843, 814, 10, 7.14%, 0, 0, 5, 43.17
1746730515, 0, 738, 844, 815, 10, 7.14%, 0, 0, 5, 41.56
1746730520, 0, 738, 845, 816, 10, 7.14%, 0, 0, 5, 43.47
1746730525, 0, 738, 846, 817, 10, 7.14%, 0, 0, 5, 42.94
1746730530, 0, 738, 847, 818, 10, 7.14%, 0, 0, 5, 42.88
1746730546, 0, 738, 849, 820, 10, 7.14%, 0, 0, 5, 43.92
1746730571, 0, 738, 851, 822, 10, 7.14%, 0, 0, 5, 43.81
1746730586, 0, 738, 852, 823, 10, 7.14%, 0, 0, 5, 44.49
1746730591, 0, 738, 853, 824, 10, 7.14%, 0, 0, 5, 44.05
1746730596, 0, 738, 854, 825, 10, 7.14%, 0, 0, 5, 45.68
1746730601, 0, 738, 855, 826, 10, 7.14%, 0, 0, 5, 44.66
1746730616, 0, 738, 856, 827, 10, 7.14%, 0, 0, 5, 44.05
1746730627, 0, 738, 857, 828, 10, 7.14%, 0, 0, 5, 43.59
1746730632, 0, 738, 860, 831, 10, 7.14%, 0, 0, 5, 42.14
1746730637, 0, 738, 861, 832, 10, 7.14%, 0, 0, 5, 42.91
1746730657, 0, 738, 863, 834, 10, 7.14%, 0, 0, 5, 44.19
1746730662, 0, 738, 864, 835, 10, 7.14%, 0, 0, 5, 43.97
1746730672, 0, 738, 867, 838, 10, 7.14%, 0, 0, 5, 42.95
1746730703, 0, 738, 868, 839, 10, 7.14%, 0, 0, 5, 43.07
1746730708, 0, 738, 870, 841, 10, 7.14%, 0, 0, 5, 43.07
1746730723, 0, 738, 871, 842, 10, 7.14%, 0, 0, 5, 43.00
1746730733, 0, 738, 872, 843, 10, 7.14%, 0, 0, 5, 43.61
1746730739, 0, 738, 873, 844, 10, 7.14%, 0, 0, 5, 43.34
1746730749, 0, 738, 874, 845, 10, 7.14%, 0, 0, 5, 44.55
1746730769, 0, 738, 875, 846, 10, 7.14%, 0, 0, 5, 43.72
1746730784, 0, 738, 876, 847, 10, 7.14%, 0, 0, 5, 43.35
1746730815, 0, 738, 877, 848, 10, 7.14%, 0, 0, 5, 44.00
1746730850, 0, 738, 878, 849, 10, 7.14%, 0, 0, 5, 43.41
1746730855, 0, 738, 879, 850, 10, 7.14%, 0, 0, 5, 43.69
1746730865, 0, 738, 880, 851, 10, 7.14%, 0, 0, 5, 42.34
1746730875, 0, 738, 882, 853, 10, 7.14%, 0, 0, 5, 41.94
1746730931, 0, 738, 883, 854, 10, 7.14%, 0, 0, 5, 44.46
1746730946, 0, 738, 884, 855, 10, 7.14%, 0, 0, 5, 44.00
1746730956, 0, 738, 885, 856, 10, 7.14%, 0, 0, 5, 44.23
1746730972, 0, 766, 885, 855, 8, 7.14%, 0, 0, 5, 43.09
1746732160, 0, 799, 885, 854, 7, 7.14%, 0, 0, 5, 42.15
1746733495, 0, 811, 885, 853, 6, 7.14%, 0, 0, 5, 41.93
1746734931, 0, 811, 886, 854, 6, 7.14%, 0, 0, 6, 41.97
1746734982, 0, 813, 886, 853, 5, 7.14%, 0, 0, 6, 40.80
1746735990, 0, 813, 887, 854, 5, 7.14%, 0, 0, 6, 35.73
1746736512, 0, 821, 887, 853, 4, 7.14%, 0, 0, 6, 39.63
1746736528, 0, 821, 888, 854, 4, 7.14%, 0, 0, 6, 36.14
1746738015, 0, 821, 891, 857, 4, 7.24%, 0, 0, 6, 40.27
1746738021, 0, 821, 892, 858, 4, 7.27%, 0, 0, 6, 40.35
1746738026, 0, 821, 894, 860, 4, 7.27%, 0, 0, 6, 41.90
1746738031, 0, 821, 895, 861, 4, 7.27%, 0, 0, 6, 41.63
1746738046, 0, 821, 897, 863, 4, 7.27%, 0, 0, 6, 41.98
1746738056, 0, 821, 899, 865, 4, 7.27%, 0, 0, 6, 41.38
1746738061, 0, 821, 900, 866, 4, 7.27%, 0, 0, 6, 41.53
1746738066, 0, 821, 902, 868, 4, 7.27%, 0, 0, 6, 39.95
1746738076, 0, 821, 903, 869, 4, 7.27%, 0, 0, 6, 40.87
1746738081, 0, 821, 905, 871, 4, 7.27%, 0, 0, 6, 40.80
1746738092, 0, 821, 906, 872, 4, 7.27%, 0, 0, 6, 41.87
1746738107, 0, 821, 907, 873, 4, 7.27%, 0, 0, 6, 41.10
1746738112, 0, 821, 908, 874, 4, 7.27%, 0, 0, 6, 41.49
1746738122, 0, 821, 909, 875, 4, 7.27%, 0, 0, 6, 41.12
1746738127, 0, 821, 910, 876, 4, 7.27%, 0, 0, 6, 41.67
1746738142, 0, 821, 911, 877, 4, 7.27%, 0, 0, 6, 41.97
1746738147, 0, 821, 912, 878, 4, 7.27%, 0, 0, 6, 42.09
1746738158, 0, 821, 913, 879, 4, 7.27%, 0, 0, 6, 41.07
1746738178, 0, 821, 914, 880, 4, 7.27%, 0, 0, 6, 41.46
1746738203, 0, 821, 915, 881, 4, 7.27%, 0, 0, 6, 41.40
1746738224, 0, 821, 916, 882, 4, 7.27%, 0, 0, 6, 42.32
1746738229, 0, 821, 917, 883, 4, 7.28%, 0, 0, 6, 42.52
1746738239, 0, 821, 918, 884, 4, 7.28%, 0, 0, 6, 42.31
1746738244, 0, 821, 919, 885, 4, 7.28%, 0, 0, 6, 42.03
1746738249, 0, 821, 920, 886, 4, 7.28%, 0, 0, 6, 40.46
1746738285, 0, 821, 921, 887, 4, 7.28%, 0, 0, 6, 41.73
1746738290, 0, 821, 922, 888, 4, 7.28%, 0, 0, 6, 41.54
1746738335, 0, 821, 923, 889, 4, 7.28%, 0, 0, 6, 41.80
1746738346, 0, 821, 924, 890, 4, 7.28%, 0, 0, 6, 41.33
1746738351, 0, 821, 925, 891, 4, 7.28%, 0, 0, 6, 41.01
1746738361, 0, 821, 926, 892, 4, 7.28%, 0, 0, 6, 41.03
1746738386, 0, 821, 927, 893, 4, 7.28%, 0, 0, 6, 41.06
1746738417, 0, 821, 929, 895, 4, 7.28%, 0, 0, 6, 40.47
1746738422, 0, 821, 931, 897, 4, 7.28%, 0, 0, 6, 39.85
1746738442, 0, 821, 932, 898, 4, 7.28%, 0, 0, 6, 41.79
1746738457, 0, 821, 933, 899, 4, 7.28%, 0, 0, 6, 40.92
1746738467, 0, 821, 934, 900, 4, 7.28%, 0, 0, 6, 40.03
1746738488, 0, 821, 935, 901, 4, 7.28%, 0, 0, 6, 40.75
1746738493, 0, 821, 936, 902, 4, 7.28%, 0, 0, 6, 40.95
1746738498, 0, 821, 937, 903, 4, 7.28%, 0, 0, 6, 41.77
1746738513, 0, 821, 938, 904, 4, 7.28%, 0, 0, 6, 41.17
1746738549, 0, 821, 939, 905, 4, 7.28%, 0, 0, 6, 40.92
1746738579, 0, 821, 940, 906, 4, 7.28%, 0, 0, 6, 40.78
1746738605, 0, 821, 941, 907, 4, 7.28%, 0, 0, 6, 40.75
1746738610, 0, 840, 941, 906, 11, 7.28%, 0, 0, 6, 40.84
1746739965, 0, 866, 941, 905, 10, 7.28%, 0, 0, 6, 40.66
1746740026, 0, 866, 942, 906, 10, 7.28%, 0, 0, 6, 35.84
1746741453, 0, 866, 944, 908, 10, 7.28%, 0, 0, 6, 40.89
1746741459, 0, 866, 945, 909, 10, 7.28%, 0, 0, 6, 41.40
1746741469, 0, 866, 947, 911, 10, 7.28%, 0, 0, 6, 42.39
1746741499, 0, 866, 948, 912, 10, 7.28%, 0, 0, 6, 41.40
1746741504, 0, 866, 949, 913, 10, 7.28%, 0, 0, 6, 41.98
1746741560, 0, 866, 950, 914, 10, 7.28%, 0, 0, 6, 41.99
1746741646, 0, 866, 951, 915, 10, 7.28%, 0, 0, 6, 40.51
1746741652, 0, 866, 952, 916, 10, 7.28%, 0, 0, 6, 40.94
1746741667, 0, 866, 953, 917, 10, 7.28%, 0, 0, 6, 41.03
1746741728, 0, 866, 954, 918, 10, 7.28%, 0, 0, 6, 41.37
1746741743, 0, 866, 955, 919, 10, 7.28%, 0, 0, 6, 42.37
1746741754, 0, 866, 956, 920, 10, 7.28%, 0, 0, 6, 41.40
1746741779, 0, 866, 957, 921, 10, 7.28%, 0, 0, 6, 41.41
1746741886, 0, 866, 958, 922, 10, 7.28%, 0, 0, 6, 40.48
1746741916, 0, 866, 959, 923, 10, 7.28%, 0, 0, 6, 41.38
1746742043, 0, 874, 959, 922, 11, 7.28%, 0, 0, 6, 38.94
1746743607, 0, 891, 959, 921, 11, 7.28%, 0, 0, 6, 41.52
1746743903, 0, 891, 960, 922, 11, 7.28%, 0, 0, 7, 34.38
1746745483, 0, 891, 961, 923, 11, 7.28%, 0, 0, 7, 36.78
1746745498, 0, 891, 962, 924, 11, 7.28%, 0, 0, 7, 38.85
1746745508, 0, 891, 964, 926, 11, 7.28%, 0, 0, 7, 37.58
1746745513, 0, 891, 965, 927, 11, 7.28%, 0, 0, 7, 38.11
1746745524, 0, 891, 966, 928, 11, 7.32%, 0, 0, 7, 37.48
1746745529, 0, 891, 967, 929, 11, 7.32%, 0, 0, 7, 37.59
1746745534, 0, 891, 969, 931, 11, 7.32%, 0, 0, 7, 37.73
1746745636, 0, 891, 971, 933, 11, 7.32%, 0, 0, 7, 37.96
1746745646, 0, 891, 972, 934, 11, 7.32%, 0, 0, 7, 37.64
1746745656, 0, 891, 973, 935, 11, 7.32%, 0, 0, 7, 38.38
1746745661, 0, 891, 974, 936, 11, 7.32%, 0, 0, 7, 38.81
1746745672, 0, 891, 977, 939, 11, 7.46%, 0, 0, 7, 38.06
1746745692, 0, 891, 978, 940, 11, 7.46%, 0, 0, 7, 38.45
1746745697, 0, 891, 979, 941, 11, 7.46%, 0, 0, 7, 38.08
1746745702, 0, 891, 980, 942, 11, 7.47%, 0, 0, 7, 38.15
1746745713, 0, 891, 981, 943, 11, 7.47%, 0, 0, 7, 37.81
1746745728, 0, 891, 982, 944, 11, 7.47%, 0, 0, 7, 38.62
1746745738, 0, 891, 983, 945, 11, 7.47%, 0, 0, 7, 38.62
1746745799, 0, 891, 984, 946, 11, 7.47%, 0, 0, 7, 38.23
1746745830, 0, 891, 985, 947, 11, 7.48%, 0, 0, 7, 37.57
1746745835, 0, 891, 986, 948, 11, 7.48%, 0, 0, 7, 37.85
1746745937, 0, 891, 987, 949, 11, 7.55%, 0, 0, 7, 38.01
1746746009, 0, 891, 988, 950, 11, 7.55%, 0, 0, 7, 38.83
1746746034, 0, 891, 989, 951, 11, 7.55%, 0, 0, 7, 37.77
1746746111, 0, 891, 990, 952, 11, 7.55%, 0, 0, 7, 37.38
1746746121, 0, 891, 991, 953, 11, 7.55%, 0, 0, 7, 38.06
1746746126, 0, 895, 991, 952, 11, 7.55%, 0, 0, 7, 37.94
1746747369, 0, 895, 992, 953, 11, 7.55%, 0, 0, 7, 34.51
1746747799, 0, 895, 993, 954, 11, 7.55%, 0, 0, 7, 37.30
1746747845, 0, 895, 994, 955, 11, 7.55%, 0, 0, 7, 40.51
1746747901, 0, 895, 995, 956, 11, 7.55%, 0, 0, 7, 38.86
1746747947, 0, 895, 996, 957, 11, 7.55%, 0, 0, 7, 39.66
1746748024, 0, 895, 997, 958, 11, 7.55%, 0, 0, 7, 39.94
1746748095, 0, 895, 998, 959, 11, 7.55%, 0, 0, 7, 38.61
1746748366, 0, 895, 1000, 961, 11, 7.67%, 0, 0, 7, 38.74
1746748371, 0, 895, 1001, 962, 11, 7.67%, 0, 0, 7, 38.15
1746748396, 0, 895, 1002, 963, 11, 7.72%, 0, 0, 7, 40.05
1746748417, 0, 913, 1002, 962, 13, 7.72%, 0, 0, 7, 39.03
1746749873, 0, 920, 1002, 961, 12, 7.72%, 0, 0, 7, 35.13
1746751710, 0, 940, 1002, 960, 11, 7.72%, 0, 0, 7, 37.14
1746753432, 0, 955, 1002, 959, 10, 7.72%, 0, 0, 7, 37.89
1746755205, 0, 965, 1002, 958, 9, 7.72%, 0, 0, 7, 38.63
1746755220, 0, 965, 1003, 959, 9, 7.72%, 0, 0, 8, 29.97
1746755297, 0, 965, 1004, 960, 9, 7.72%, 0, 0, 8, 29.27
1746755302, 0, 965, 1006, 962, 9, 7.72%, 0, 0, 8, 29.32
