# unix_time, cycles_done, cur_path, paths_total, pending_total, pending_favs, map_size, unique_crashes, unique_hangs, max_depth, execs_per_sec
1746611932, 0, 0, 1, 1, 1, 5.44%, 0, 0, 1, 75.47
1746611937, 0, 0, 45, 45, 1, 5.61%, 0, 0, 2, 75.63
1746611942, 0, 0, 87, 87, 1, 6.47%, 0, 0, 2, 74.59
1746611947, 0, 0, 110, 110, 1, 6.90%, 0, 0, 2, 66.80
1746611952, 0, 0, 134, 134, 1, 7.16%, 0, 0, 2, 63.21
1746611957, 0, 0, 148, 148, 1, 7.17%, 0, 0, 2, 61.02
1746611962, 0, 0, 164, 164, 1, 7.17%, 0, 0, 2, 62.57
1746611967, 0, 0, 175, 175, 1, 7.17%, 0, 0, 2, 52.17
1746611973, 0, 0, 186, 186, 1, 7.17%, 0, 0, 2, 57.05
1746611978, 0, 0, 193, 193, 1, 7.17%, 0, 0, 2, 44.34
1746611983, 0, 0, 200, 200, 1, 7.22%, 0, 0, 2, 30.97
1746611988, 0, 0, 211, 211, 1, 7.22%, 0, 0, 2, 44.70
1746611993, 0, 0, 219, 219, 1, 7.22%, 0, 0, 2, 13.30
1746611998, 0, 0, 225, 225, 1, 7.22%, 0, 0, 2, 40.13
1746612003, 0, 0, 235, 235, 1, 7.26%, 0, 0, 2, 57.63
1746612008, 0, 0, 239, 239, 1, 7.26%, 0, 0, 2, 50.11
1746612013, 0, 0, 245, 245, 1, 7.26%, 0, 0, 2, 53.23
1746612018, 0, 0, 253, 253, 1, 7.26%, 0, 0, 2, 61.59
1746612023, 0, 0, 260, 260, 1, 7.26%, 0, 0, 2, 52.94
1746612028, 0, 0, 267, 267, 1, 7.46%, 0, 0, 2, 51.64
1746612034, 0, 0, 275, 275, 1, 7.46%, 0, 0, 2, 52.27
1746612039, 0, 0, 277, 277, 1, 7.46%, 0, 0, 2, 58.29
1746612044, 0, 0, 284, 284, 1, 7.46%, 0, 0, 2, 56.71
1746612049, 0, 0, 288, 288, 1, 7.46%, 0, 0, 2, 7.78
1746612054, 0, 0, 292, 292, 1, 7.46%, 0, 0, 2, 52.44
1746612059, 0, 0, 302, 302, 1, 7.46%, 0, 0, 2, 37.44
1746612064, 0, 0, 306, 306, 1, 7.46%, 0, 0, 2, 49.40
1746612069, 0, 0, 310, 310, 1, 7.46%, 0, 0, 2, 55.66
1746612074, 0, 0, 314, 314, 1, 7.46%, 0, 0, 2, 58.22
1746612079, 0, 0, 316, 316, 1, 7.46%, 0, 0, 2, 10.64
1746612084, 0, 0, 319, 319, 1, 7.46%, 0, 0, 2, 7.55
1746612089, 0, 0, 322, 322, 1, 7.46%, 0, 0, 2, 63.35
1746612095, 0, 0, 326, 326, 1, 7.46%, 0, 0, 2, 7.81
1746612100, 0, 0, 332, 332, 1, 7.46%, 0, 0, 2, 55.36
1746612105, 0, 0, 336, 336, 1, 7.46%, 0, 0, 2, 52.22
1746612110, 0, 0, 340, 340, 1, 7.47%, 0, 0, 2, 57.43
1746612115, 0, 0, 346, 346, 1, 7.47%, 0, 0, 2, 51.38
1746612120, 0, 0, 348, 348, 1, 7.49%, 0, 0, 2, 56.24
1746612125, 0, 0, 351, 351, 1, 7.49%, 0, 0, 2, 49.21
1746612131, 0, 0, 356, 356, 1, 7.49%, 0, 0, 2, 58.05
1746612136, 0, 0, 359, 359, 1, 7.49%, 0, 0, 2, 52.55
1746612141, 0, 0, 364, 364, 1, 7.49%, 0, 0, 2, 53.44
1746612146, 0, 0, 369, 369, 1, 7.49%, 0, 0, 2, 49.05
1746612151, 0, 0, 375, 375, 1, 7.49%, 0, 0, 2, 50.94
1746612156, 0, 0, 378, 378, 1, 7.49%, 0, 0, 2, 49.85
1746612161, 0, 0, 381, 381, 1, 7.49%, 0, 0, 2, 51.65
1746612166, 0, 0, 385, 385, 1, 7.49%, 0, 0, 2, 62.17
1746612171, 0, 0, 390, 390, 1, 7.49%, 0, 0, 2, 58.97
1746612177, 0, 0, 395, 395, 1, 7.49%, 0, 0, 2, 56.57
1746612182, 0, 0, 399, 399, 1, 7.49%, 0, 0, 2, 60.55
1746612187, 0, 0, 402, 402, 1, 7.49%, 0, 0, 2, 55.07
1746612192, 0, 0, 407, 407, 1, 7.49%, 0, 0, 2, 55.82
1746612202, 0, 0, 413, 413, 1, 7.49%, 0, 0, 2, 49.02
1746612207, 0, 0, 415, 415, 1, 7.49%, 0, 0, 2, 52.67
1746612212, 0, 0, 419, 419, 1, 7.49%, 0, 0, 2, 49.90
1746612217, 0, 0, 425, 425, 1, 7.49%, 0, 0, 2, 48.00
1746612222, 0, 0, 430, 430, 1, 7.49%, 0, 0, 2, 46.06
1746612227, 0, 0, 434, 434, 1, 7.67%, 0, 0, 2, 35.67
1746612232, 0, 0, 438, 438, 1, 7.67%, 0, 0, 2, 48.60
1746612238, 0, 0, 443, 443, 1, 7.67%, 0, 0, 2, 52.36
1746612243, 0, 0, 447, 447, 1, 7.67%, 0, 0, 2, 59.46
1746612248, 0, 0, 448, 448, 1, 7.67%, 0, 0, 2, 63.29
1746612253, 0, 0, 449, 449, 1, 7.67%, 0, 0, 2, 66.01
1746612258, 0, 0, 453, 453, 1, 7.67%, 0, 0, 2, 53.05
1746612263, 0, 0, 456, 456, 1, 7.67%, 0, 0, 2, 67.30
1746612268, 0, 0, 461, 461, 1, 7.67%, 0, 0, 2, 50.14
1746612273, 0, 0, 466, 466, 1, 7.67%, 0, 0, 2, 55.18
1746612278, 0, 0, 470, 470, 1, 7.67%, 0, 0, 2, 9.78
1746612283, 0, 0, 472, 472, 1, 7.67%, 0, 0, 2, 61.44
1746612288, 0, 0, 474, 474, 1, 7.67%, 0, 0, 2, 57.55
1746612293, 0, 0, 479, 479, 1, 7.67%, 0, 0, 2, 50.92
1746612298, 0, 0, 482, 482, 1, 7.67%, 0, 0, 2, 52.49
1746612303, 0, 0, 484, 484, 1, 7.67%, 0, 0, 2, 56.50
1746612309, 0, 0, 486, 486, 1, 7.67%, 0, 0, 2, 57.65
1746612314, 0, 0, 488, 488, 1, 7.67%, 0, 0, 2, 66.16
1746612319, 0, 0, 490, 490, 1, 7.67%, 0, 0, 2, 39.00
1746612324, 0, 0, 491, 491, 1, 7.75%, 0, 0, 2, 52.05
1746612329, 0, 0, 493, 493, 1, 7.75%, 0, 0, 2, 65.20
1746612334, 0, 65, 493, 492, 10, 7.75%, 0, 0, 2, 65.31
1746612339, 0, 65, 496, 495, 10, 7.77%, 0, 0, 3, 66.67
1746612344, 0, 65, 497, 496, 10, 7.77%, 0, 0, 3, 66.70
1746612349, 0, 65, 500, 499, 10, 7.77%, 0, 0, 3, 67.99
1746612354, 0, 65, 501, 500, 10, 7.78%, 0, 0, 3, 63.60
1746612359, 0, 65, 504, 503, 10, 7.78%, 0, 0, 3, 59.27
1746612364, 0, 65, 508, 507, 10, 7.78%, 0, 0, 3, 55.29
1746612369, 0, 65, 513, 512, 10, 7.78%, 0, 0, 3, 58.46
1746612374, 0, 65, 519, 518, 10, 7.78%, 0, 0, 3, 38.80
1746612380, 0, 65, 521, 520, 10, 7.78%, 0, 0, 3, 44.10
1746612385, 0, 65, 525, 524, 10, 7.78%, 0, 0, 3, 52.40
1746612390, 0, 65, 526, 525, 10, 7.78%, 0, 0, 3, 63.14
1746612395, 0, 65, 528, 527, 10, 7.78%, 0, 0, 3, 63.97
1746612400, 0, 65, 532, 531, 10, 7.78%, 0, 0, 3, 58.37
1746612405, 0, 65, 533, 532, 10, 7.78%, 0, 0, 3, 63.58
1746612410, 0, 65, 535, 534, 10, 7.78%, 0, 0, 3, 61.15
1746612415, 0, 65, 537, 536, 10, 7.78%, 0, 0, 3, 68.07
1746612421, 0, 65, 539, 538, 10, 7.78%, 0, 0, 3, 63.46
1746612426, 0, 65, 540, 539, 10, 7.78%, 0, 0, 3, 65.99
1746612431, 0, 65, 543, 542, 10, 7.78%, 0, 0, 3, 54.86
1746612436, 0, 65, 546, 545, 10, 7.78%, 0, 0, 3, 48.21
1746612441, 0, 65, 549, 548, 10, 7.78%, 0, 0, 3, 50.77
1746612446, 0, 65, 551, 550, 10, 7.78%, 0, 0, 3, 61.50
1746612451, 0, 65, 554, 553, 10, 7.78%, 0, 0, 3, 61.09
1746612457, 0, 65, 555, 554, 10, 7.78%, 0, 0, 3, 63.07
1746612462, 0, 65, 557, 556, 10, 7.78%, 0, 0, 3, 59.82
1746612467, 0, 65, 560, 559, 10, 7.78%, 0, 0, 3, 52.42
1746612472, 0, 65, 561, 560, 10, 7.78%, 0, 0, 3, 62.89
1746612477, 0, 65, 563, 562, 10, 7.79%, 0, 0, 3, 68.00
1746612482, 0, 65, 564, 563, 10, 7.79%, 0, 0, 3, 65.29
1746612487, 0, 65, 566, 565, 10, 7.79%, 0, 0, 3, 63.09
1746612492, 0, 65, 568, 567, 10, 7.79%, 0, 0, 3, 64.10
1746612502, 0, 65, 570, 569, 10, 7.79%, 0, 0, 3, 59.26
1746612512, 0, 65, 572, 571, 10, 7.79%, 0, 0, 3, 61.66
1746612517, 0, 65, 575, 574, 10, 7.79%, 0, 0, 3, 60.12
1746612523, 0, 65, 578, 577, 10, 7.79%, 0, 0, 3, 69.44
1746612528, 0, 65, 579, 578, 10, 7.79%, 0, 0, 3, 66.71
1746612533, 0, 65, 580, 579, 10, 7.79%, 0, 0, 3, 63.07
1746612538, 0, 65, 583, 582, 10, 7.79%, 0, 0, 3, 63.58
1746612543, 0, 65, 584, 583, 10, 7.79%, 0, 0, 3, 61.88
1746612548, 0, 65, 586, 585, 10, 7.79%, 0, 0, 3, 58.46
1746612553, 0, 65, 588, 587, 10, 7.79%, 0, 0, 3, 60.21
1746612559, 0, 65, 592, 591, 10, 7.79%, 0, 0, 3, 60.24
1746612569, 0, 65, 593, 592, 10, 7.79%, 0, 0, 3, 59.41
1746612574, 0, 65, 595, 594, 10, 7.79%, 0, 0, 3, 56.23
1746612579, 0, 65, 598, 597, 10, 7.79%, 0, 0, 3, 52.48
1746612584, 0, 65, 602, 601, 10, 7.79%, 0, 0, 3, 45.09
1746612594, 0, 65, 603, 602, 10, 7.79%, 0, 0, 3, 59.86
1746612605, 0, 65, 606, 605, 10, 7.79%, 0, 0, 3, 58.51
1746612610, 0, 65, 608, 607, 10, 7.79%, 0, 0, 3, 54.56
1746612615, 0, 65, 610, 609, 10, 7.79%, 0, 0, 3, 68.34
1746612620, 0, 65, 612, 611, 10, 7.79%, 0, 0, 3, 60.87
1746612625, 0, 65, 613, 612, 10, 7.79%, 0, 0, 3, 59.00
1746612630, 0, 65, 615, 614, 10, 7.79%, 0, 0, 3, 60.91
1746612635, 0, 65, 616, 615, 10, 7.79%, 0, 0, 3, 66.12
1746612640, 0, 75, 617, 615, 13, 7.79%, 0, 0, 3, 18.99
1746612645, 0, 75, 619, 617, 13, 7.79%, 0, 0, 3, 55.20
1746612651, 0, 75, 620, 618, 13, 7.79%, 0, 0, 3, 65.94
1746612661, 0, 75, 621, 619, 13, 7.79%, 0, 0, 3, 67.75
1746612666, 0, 75, 623, 621, 13, 7.79%, 0, 0, 3, 3.50
1746612671, 0, 75, 624, 622, 13, 7.79%, 0, 0, 3, 67.49
1746612687, 0, 75, 625, 623, 13, 7.93%, 0, 0, 3, 5.88
1746612692, 0, 75, 626, 624, 13, 7.93%, 0, 0, 3, 69.60
1746612697, 0, 75, 627, 625, 13, 7.93%, 0, 0, 3, 69.81
1746612707, 0, 75, 628, 626, 13, 7.93%, 0, 0, 3, 56.34
1746612712, 0, 75, 630, 628, 13, 7.93%, 0, 0, 3, 61.58
1746612727, 0, 75, 631, 629, 13, 7.93%, 0, 0, 3, 64.57
1746612733, 0, 75, 632, 630, 13, 7.93%, 0, 0, 3, 63.82
1746612743, 0, 75, 634, 632, 13, 7.93%, 0, 0, 3, 12.71
1746612748, 0, 75, 635, 633, 13, 7.93%, 0, 0, 3, 67.18
1746612753, 0, 75, 636, 634, 13, 7.93%, 0, 0, 3, 68.73
1746612758, 0, 75, 637, 635, 13, 7.93%, 0, 0, 3, 66.44
1746612763, 0, 75, 640, 638, 13, 7.93%, 0, 0, 3, 63.05
1746612769, 0, 75, 641, 639, 13, 7.93%, 0, 0, 3, 68.53
1746612789, 0, 75, 642, 640, 13, 7.93%, 0, 0, 3, 63.58
1746612794, 0, 142, 643, 640, 12, 7.93%, 0, 0, 3, 54.80
1746612799, 0, 142, 646, 643, 12, 7.93%, 0, 0, 3, 49.62
1746612804, 0, 142, 648, 645, 12, 7.93%, 0, 0, 3, 51.20
1746612809, 0, 142, 651, 648, 12, 7.93%, 0, 0, 3, 48.46
1746612814, 0, 142, 653, 650, 12, 7.93%, 0, 0, 3, 48.83
1746612819, 0, 142, 654, 651, 12, 7.93%, 0, 0, 3, 48.91
1746612840, 0, 142, 655, 652, 12, 7.93%, 0, 0, 3, 52.69
1746612855, 0, 142, 656, 653, 12, 7.93%, 0, 0, 3, 52.62
1746612870, 0, 142, 658, 655, 12, 7.93%, 0, 0, 3, 50.65
1746612875, 0, 142, 659, 656, 12, 7.93%, 0, 0, 3, 54.66
1746612881, 0, 142, 660, 657, 12, 7.93%, 0, 0, 3, 55.60
1746612886, 0, 142, 661, 658, 12, 7.93%, 0, 0, 3, 52.80
1746612891, 0, 142, 662, 659, 12, 7.93%, 0, 0, 3, 57.68
1746612906, 0, 142, 664, 661, 12, 7.93%, 0, 0, 3, 52.49
1746612916, 0, 142, 665, 662, 12, 7.93%, 0, 0, 3, 53.14
1746612932, 0, 142, 667, 664, 12, 7.93%, 0, 0, 3, 52.43
1746612937, 0, 142, 669, 666, 12, 7.93%, 0, 0, 3, 47.15
1746612942, 0, 142, 670, 667, 12, 7.93%, 0, 0, 3, 53.02
1746612947, 0, 142, 671, 668, 12, 7.93%, 0, 0, 3, 52.02
1746612962, 0, 142, 672, 669, 12, 7.93%, 0, 0, 3, 53.72
1746612967, 0, 142, 674, 671, 12, 8.04%, 0, 0, 3, 48.04
1746612982, 0, 142, 676, 673, 12, 8.04%, 0, 0, 3, 51.96
1746613003, 0, 142, 678, 675, 12, 8.04%, 0, 0, 3, 5.09
1746613013, 0, 142, 681, 678, 12, 8.04%, 0, 0, 3, 55.75
1746613023, 0, 142, 682, 679, 12, 8.04%, 0, 0, 3, 56.64
1746613028, 0, 142, 683, 680, 12, 8.04%, 0, 0, 3, 55.43
1746613049, 0, 142, 684, 681, 12, 8.04%, 0, 0, 3, 50.98
1746613054, 0, 142, 686, 683, 12, 8.04%, 0, 0, 3, 46.43
1746613064, 0, 142, 687, 684, 12, 8.04%, 0, 0, 3, 51.76
1746613069, 0, 142, 689, 686, 12, 8.04%, 0, 0, 3, 48.44
1746613074, 0, 142, 690, 687, 12, 8.04%, 0, 0, 3, 51.58
1746613080, 0, 142, 691, 688, 12, 8.04%, 0, 0, 3, 47.34
1746613095, 0, 142, 693, 690, 12, 8.04%, 0, 0, 3, 50.97
1746613110, 0, 142, 694, 691, 12, 8.06%, 0, 0, 3, 52.79
1746613115, 0, 156, 694, 690, 15, 8.06%, 0, 0, 3, 48.76
1746613120, 0, 156, 697, 693, 15, 8.06%, 0, 0, 3, 52.01
1746613140, 0, 170, 698, 693, 15, 8.06%, 0, 0, 3, 52.14
1746613145, 0, 170, 699, 694, 15, 8.06%, 0, 0, 3, 52.42
1746613166, 0, 278, 699, 693, 15, 8.06%, 0, 0, 3, 49.94
1746613186, 0, 278, 700, 694, 15, 8.06%, 0, 0, 3, 53.17
1746613201, 0, 278, 701, 695, 15, 8.06%, 0, 0, 3, 54.15
1746613211, 0, 278, 704, 698, 15, 8.06%, 0, 0, 3, 43.72
1746613217, 0, 278, 707, 701, 15, 8.06%, 0, 0, 3, 49.04
1746613237, 0, 278, 708, 702, 15, 8.06%, 0, 0, 3, 51.83
1746613267, 0, 278, 709, 703, 15, 8.06%, 0, 0, 3, 59.63
1746613278, 0, 278, 710, 704, 15, 8.06%, 0, 0, 3, 55.04
1746613293, 0, 278, 711, 705, 15, 8.06%, 0, 0, 3, 50.92
1746613329, 0, 278, 712, 706, 15, 8.06%, 0, 0, 3, 48.22
1746613334, 0, 278, 715, 709, 15, 8.06%, 0, 0, 3, 54.48
1746613344, 0, 278, 716, 710, 15, 8.06%, 0, 0, 3, 54.56
1746613349, 0, 278, 717, 711, 15, 8.06%, 0, 0, 3, 51.81
1746613354, 0, 278, 718, 712, 15, 8.06%, 0, 0, 3, 51.23
1746613369, 0, 278, 719, 713, 15, 8.06%, 0, 0, 3, 54.62
1746613415, 0, 326, 719, 712, 15, 8.06%, 0, 0, 3, 8.86
1746613430, 0, 326, 720, 713, 15, 8.06%, 0, 0, 3, 8.34
1746613435, 0, 326, 722, 715, 15, 8.06%, 0, 0, 3, 8.78
1746613446, 0, 326, 723, 716, 15, 8.06%, 0, 0, 3, 9.49
1746613451, 0, 326, 724, 717, 15, 8.06%, 0, 0, 3, 38.86
1746613456, 0, 326, 725, 718, 15, 8.06%, 0, 0, 3, 15.96
1746613579, 0, 326, 726, 719, 15, 8.06%, 0, 0, 3, 8.48
1746613620, 0, 326, 727, 720, 15, 8.06%, 0, 0, 3, 41.83
1746613630, 0, 342, 727, 719, 15, 8.06%, 0, 0, 3, 51.21
1746613636, 0, 342, 728, 720, 15, 8.06%, 0, 0, 3, 55.70
1746613671, 0, 342, 729, 721, 15, 8.06%, 0, 0, 3, 55.84
1746613676, 0, 342, 730, 722, 15, 8.06%, 0, 0, 3, 55.24
1746613681, 0, 342, 731, 723, 15, 8.06%, 0, 0, 3, 58.46
1746613696, 0, 342, 732, 724, 15, 8.06%, 0, 0, 3, 51.02
1746613706, 0, 342, 733, 725, 15, 8.06%, 0, 0, 3, 55.32
1746613722, 0, 342, 734, 726, 15, 8.06%, 0, 0, 3, 57.45
1746613778, 0, 342, 735, 727, 15, 8.06%, 0, 0, 3, 47.20
1746613793, 0, 342, 736, 728, 15, 8.06%, 0, 0, 3, 53.73
1746613798, 0, 342, 737, 729, 15, 8.06%, 0, 0, 3, 53.91
1746613813, 0, 342, 738, 730, 15, 8.06%, 0, 0, 3, 55.01
1746613824, 0, 342, 739, 731, 15, 8.06%, 0, 0, 3, 8.00
1746613839, 0, 342, 740, 732, 15, 8.06%, 0, 0, 3, 56.00
1746613854, 0, 342, 741, 733, 15, 8.06%, 0, 0, 3, 53.13
1746613869, 0, 342, 742, 734, 15, 8.06%, 0, 0, 3, 61.99
1746613890, 0, 433, 742, 733, 15, 8.06%, 0, 0, 3, 45.98
1746613895, 0, 433, 744, 735, 15, 8.06%, 0, 0, 3, 31.54
1746613900, 0, 433, 747, 738, 15, 8.06%, 0, 0, 3, 32.24
1746613905, 0, 433, 750, 741, 15, 8.06%, 0, 0, 3, 31.53
1746613910, 0, 433, 755, 746, 15, 8.06%, 0, 0, 3, 26.85
1746613915, 0, 433, 757, 748, 15, 8.06%, 0, 0, 3, 26.58
1746613946, 0, 433, 761, 752, 15, 8.06%, 0, 0, 3, 25.34
1746613992, 0, 433, 764, 755, 15, 8.06%, 0, 0, 3, 29.90
1746614033, 0, 433, 766, 757, 15, 8.06%, 0, 0, 3, 25.34
1746614043, 0, 433, 767, 758, 15, 8.06%, 0, 0, 3, 43.10
1746614048, 0, 433, 769, 760, 15, 8.15%, 0, 0, 3, 39.56
1746614053, 0, 433, 770, 761, 15, 8.15%, 0, 0, 3, 25.64
1746614058, 0, 433, 772, 763, 15, 8.16%, 0, 0, 3, 35.28
1746614063, 0, 433, 773, 764, 15, 8.16%, 0, 0, 3, 38.02
1746614073, 0, 433, 775, 766, 15, 8.16%, 0, 0, 3, 38.95
1746614084, 0, 433, 776, 767, 15, 8.16%, 0, 0, 3, 43.44
1746614089, 0, 433, 777, 768, 15, 8.16%, 0, 0, 3, 44.37
1746614104, 0, 433, 778, 769, 15, 8.16%, 0, 0, 3, 43.97
1746614120, 0, 433, 779, 770, 15, 8.16%, 0, 0, 3, 47.00
1746614125, 0, 433, 780, 771, 15, 8.16%, 0, 0, 3, 45.25
1746614161, 0, 433, 781, 772, 15, 8.16%, 0, 0, 3, 13.09
1746614171, 0, 433, 783, 774, 15, 8.16%, 0, 0, 3, 39.06
1746614176, 0, 433, 784, 775, 15, 8.16%, 0, 0, 3, 41.16
1746614186, 0, 433, 785, 776, 15, 8.37%, 0, 0, 3, 61.89
1746614202, 0, 433, 787, 778, 15, 8.37%, 0, 0, 3, 41.92
1746614207, 0, 433, 789, 780, 15, 8.37%, 0, 0, 3, 9.05
1746614217, 0, 433, 790, 781, 15, 8.37%, 0, 0, 3, 39.65
1746614223, 0, 433, 791, 782, 15, 8.37%, 0, 0, 3, 55.82
1746614228, 0, 433, 792, 783, 15, 8.37%, 0, 0, 3, 30.53
1746614238, 0, 433, 793, 784, 15, 8.37%, 0, 0, 3, 46.38
1746614243, 0, 433, 794, 785, 15, 8.37%, 0, 0, 3, 58.62
1746614289, 0, 433, 795, 786, 15, 8.38%, 0, 0, 3, 41.60
1746614294, 0, 433, 796, 787, 15, 8.38%, 0, 0, 3, 41.41
1746614304, 0, 433, 797, 788, 15, 8.38%, 0, 0, 3, 41.28
1746614315, 0, 433, 798, 789, 15, 8.38%, 0, 0, 3, 45.72
1746614335, 0, 433, 799, 790, 15, 8.38%, 0, 0, 3, 48.11
1746614355, 0, 433, 800, 791, 15, 8.38%, 0, 0, 3, 48.44
1746614360, 0, 433, 801, 792, 15, 8.38%, 0, 0, 3, 41.01
1746614371, 0, 433, 803, 794, 15, 8.38%, 0, 0, 3, 49.89
1746614386, 0, 433, 804, 795, 15, 8.38%, 0, 0, 3, 6.02
1746614417, 0, 433, 805, 796, 15, 8.38%, 0, 0, 3, 49.74
1746614422, 0, 477, 806, 796, 13, 8.42%, 0, 0, 3, 38.82
1746614453, 0, 477, 808, 798, 13, 8.42%, 0, 0, 3, 21.11
1746614458, 0, 477, 809, 799, 13, 8.42%, 0, 0, 3, 22.24
1746614463, 0, 477, 811, 801, 13, 8.42%, 0, 0, 3, 22.28
1746614473, 0, 477, 812, 802, 13, 8.42%, 0, 0, 3, 23.69
1746614504, 0, 477, 813, 803, 13, 8.42%, 0, 0, 3, 27.69
1746614509, 0, 477, 814, 804, 13, 8.42%, 0, 0, 3, 35.31
1746614514, 0, 477, 815, 805, 13, 8.42%, 0, 0, 3, 42.36
1746614545, 0, 477, 816, 806, 13, 8.42%, 0, 0, 3, 36.09
1746614611, 0, 490, 816, 805, 13, 8.42%, 0, 0, 3, 35.07
1746614616, 0, 490, 817, 806, 13, 8.42%, 0, 0, 3, 20.53
1746614622, 0, 490, 822, 811, 13, 8.42%, 0, 0, 3, 15.22
1746614632, 0, 490, 825, 814, 13, 8.42%, 0, 0, 3, 14.46
1746614642, 0, 490, 829, 818, 13, 8.44%, 0, 0, 3, 14.14
1746614647, 0, 490, 830, 819, 13, 8.47%, 0, 0, 3, 15.51
1746614652, 0, 490, 831, 820, 13, 8.47%, 0, 0, 3, 20.04
1746614668, 0, 490, 832, 821, 13, 8.47%, 0, 0, 3, 16.14
1746614693, 0, 490, 834, 823, 13, 8.47%, 0, 0, 3, 14.12
1746614698, 0, 490, 836, 825, 13, 8.47%, 0, 0, 3, 13.92
1746614708, 0, 490, 837, 826, 13, 8.47%, 0, 0, 3, 15.02
1746614729, 0, 490, 838, 827, 13, 8.47%, 0, 0, 3, 16.51
1746614734, 0, 490, 843, 832, 13, 8.47%, 0, 0, 3, 14.56
1746614769, 0, 490, 847, 836, 13, 8.47%, 0, 0, 3, 16.55
1746614774, 0, 490, 848, 837, 13, 8.47%, 0, 0, 3, 25.54
1746614790, 0, 490, 849, 838, 13, 8.47%, 0, 0, 3, 28.65
1746614800, 0, 490, 850, 839, 13, 8.47%, 0, 0, 3, 27.40
1746614815, 0, 490, 851, 840, 13, 8.47%, 0, 0, 3, 31.15
1746614826, 0, 490, 852, 841, 13, 8.47%, 0, 0, 3, 29.31
1746614831, 0, 490, 853, 842, 13, 8.47%, 0, 0, 3, 30.02
1746614841, 0, 490, 855, 844, 13, 8.47%, 0, 0, 3, 28.06
1746614862, 0, 490, 856, 845, 13, 8.47%, 0, 0, 3, 27.07
1746614877, 0, 490, 857, 846, 13, 8.47%, 0, 0, 3, 29.14
1746614887, 0, 490, 858, 847, 13, 8.47%, 0, 0, 3, 34.48
1746614933, 0, 490, 859, 848, 13, 8.47%, 0, 0, 3, 29.45
1746614943, 0, 490, 860, 849, 13, 8.47%, 0, 0, 3, 30.57
1746614974, 0, 490, 861, 850, 13, 8.47%, 0, 0, 3, 29.58
1746614995, 0, 490, 862, 851, 13, 8.47%, 0, 0, 3, 29.66
1746615015, 0, 490, 863, 852, 13, 8.47%, 0, 0, 3, 31.19
1746615030, 0, 490, 864, 853, 13, 8.47%, 0, 0, 3, 33.29
1746615071, 0, 490, 866, 855, 13, 8.47%, 0, 0, 3, 37.24
1746615087, 0, 490, 867, 856, 13, 8.47%, 0, 0, 3, 4.35
1746615097, 0, 490, 868, 857, 13, 8.47%, 0, 0, 3, 31.69
1746615113, 0, 490, 869, 858, 13, 8.47%, 0, 0, 3, 30.49
1746615118, 0, 490, 870, 859, 13, 8.47%, 0, 0, 3, 30.38
1746615128, 0, 490, 871, 860, 13, 8.47%, 0, 0, 3, 27.93
1746615159, 0, 490, 872, 861, 13, 8.47%, 0, 0, 3, 30.17
1746615169, 0, 500, 872, 860, 15, 8.47%, 0, 0, 3, 25.27
1746615174, 0, 500, 874, 862, 15, 8.47%, 0, 0, 4, 19.33
1746615179, 0, 500, 875, 863, 15, 8.47%, 0, 0, 4, 18.07
1746615195, 0, 500, 877, 865, 15, 8.47%, 0, 0, 4, 18.42
1746615200, 0, 500, 879, 867, 15, 8.47%, 0, 0, 4, 17.28
1746615256, 0, 500, 880, 868, 15, 8.47%, 0, 0, 4, 16.81
1746615261, 0, 500, 881, 869, 15, 8.47%, 0, 0, 4, 16.54
1746615354, 0, 500, 882, 870, 15, 8.47%, 0, 0, 4, 20.67
1746615385, 0, 500, 883, 871, 15, 8.47%, 0, 0, 4, 22.90
1746615416, 0, 527, 883, 870, 14, 8.47%, 0, 0, 4, 42.24
1746615436, 0, 597, 884, 870, 13, 8.47%, 0, 0, 4, 34.97
1746615441, 0, 597, 887, 873, 13, 8.47%, 0, 0, 4, 28.26
1746615447, 0, 597, 888, 874, 13, 8.47%, 0, 0, 4, 25.82
1746615452, 0, 597, 889, 875, 13, 8.47%, 0, 0, 4, 24.03
1746615457, 0, 597, 892, 878, 13, 8.49%, 0, 0, 4, 24.85
1746615472, 0, 597, 893, 879, 13, 8.49%, 0, 0, 4, 24.88
1746615523, 0, 597, 896, 882, 13, 8.49%, 0, 0, 4, 26.22
1746615544, 0, 597, 897, 883, 13, 8.49%, 0, 0, 4, 30.22
1746615549, 0, 597, 901, 887, 13, 8.49%, 0, 0, 4, 20.29
1746615575, 0, 597, 903, 889, 13, 8.49%, 0, 0, 4, 32.67
1746615590, 0, 597, 905, 891, 13, 8.49%, 0, 0, 4, 34.64
1746615600, 0, 597, 906, 892, 13, 8.49%, 0, 0, 4, 37.92
1746615616, 0, 597, 908, 894, 13, 8.49%, 0, 0, 4, 37.73
1746615621, 0, 597, 909, 895, 13, 8.49%, 0, 0, 4, 39.62
1746615672, 0, 597, 911, 897, 13, 8.49%, 0, 0, 4, 36.28
1746615677, 0, 597, 912, 898, 13, 8.49%, 0, 0, 4, 40.39
1746615692, 0, 597, 914, 900, 13, 8.49%, 0, 0, 4, 32.51
1746615702, 0, 597, 916, 902, 13, 8.49%, 0, 0, 4, 36.27
1746615713, 0, 597, 917, 903, 13, 8.49%, 0, 0, 4, 34.30
1746615718, 0, 597, 918, 904, 13, 8.49%, 0, 0, 4, 34.87
1746615723, 0, 597, 919, 905, 13, 8.49%, 0, 0, 4, 31.14
1746615728, 0, 597, 920, 906, 13, 8.49%, 0, 0, 4, 34.31
1746615794, 0, 597, 921, 907, 13, 8.49%, 0, 0, 4, 35.30
1746615809, 0, 597, 922, 908, 13, 8.49%, 0, 0, 4, 38.80
1746615835, 0, 597, 923, 909, 13, 8.49%, 0, 0, 4, 35.43
1746615850, 0, 597, 924, 910, 13, 8.49%, 0, 0, 4, 40.02
1746615860, 0, 597, 925, 911, 13, 8.49%, 0, 0, 4, 40.09
1746615876, 0, 597, 927, 913, 13, 8.49%, 0, 0, 4, 29.97
1746615881, 0, 597, 928, 914, 13, 8.49%, 0, 0, 4, 33.19
1746615906, 0, 597, 929, 915, 13, 8.49%, 0, 0, 4, 34.40
1746615932, 0, 597, 930, 916, 13, 8.49%, 0, 0, 4, 35.57
1746615937, 0, 597, 931, 917, 13, 8.49%, 0, 0, 4, 32.51
1746615942, 0, 597, 932, 918, 13, 8.49%, 0, 0, 4, 38.13
1746615947, 0, 597, 933, 919, 13, 8.49%, 0, 0, 4, 39.25
1746615967, 0, 597, 934, 920, 13, 8.49%, 0, 0, 4, 34.23
1746615972, 0, 597, 935, 921, 13, 8.49%, 0, 0, 4, 29.99
1746615982, 0, 597, 936, 922, 13, 8.49%, 0, 0, 4, 39.91
1746616008, 0, 624, 936, 921, 17, 8.49%, 0, 0, 4, 2.41
1746616028, 0, 624, 937, 922, 17, 8.49%, 0, 0, 4, 5.17
1746616033, 0, 624, 938, 923, 17, 8.49%, 0, 0, 4, 3.73
1746616039, 0, 624, 939, 924, 17, 8.49%, 0, 0, 4, 2.99
1746616054, 0, 624, 940, 925, 17, 8.49%, 0, 0, 4, 2.47
1746616381, 0, 624, 941, 926, 17, 8.49%, 0, 0, 4, 3.48
1746616557, 0, 624, 942, 927, 17, 8.49%, 0, 0, 4, 2.25
1746616712, 0, 624, 943, 928, 17, 8.49%, 0, 0, 4, 2.25
1746616718, 0, 624, 944, 929, 17, 8.49%, 0, 0, 4, 2.27
1746616733, 0, 624, 945, 930, 17, 8.49%, 0, 0, 4, 3.38
1746616754, 0, 624, 946, 931, 17, 8.49%, 0, 0, 4, 2.24
1746617071, 0, 624, 947, 932, 17, 8.49%, 0, 0, 4, 3.31
1746617117, 0, 624, 948, 933, 17, 8.49%, 0, 0, 4, 2.24
1746617122, 0, 624, 949, 934, 17, 8.49%, 0, 0, 4, 2.16
1746617142, 0, 624, 950, 935, 17, 8.49%, 0, 0, 4, 2.19
1746617147, 0, 624, 951, 936, 17, 8.49%, 0, 0, 4, 2.25
1746617152, 0, 624, 952, 937, 17, 8.49%, 0, 0, 4, 2.28
1746617174, 0, 624, 953, 938, 17, 8.49%, 0, 0, 4, 2.25
1746617179, 0, 624, 954, 939, 17, 8.49%, 0, 0, 4, 2.35
1746617210, 0, 624, 955, 940, 17, 8.49%, 0, 0, 4, 2.12
1746617237, 0, 624, 956, 941, 17, 8.49%, 0, 0, 4, 5.35
1746617345, 0, 624, 957, 942, 17, 8.49%, 0, 0, 4, 2.18
1746619864, 0, 624, 958, 943, 17, 8.49%, 0, 0, 4, 2.30
1746620411, 0, 624, 959, 944, 17, 8.49%, 0, 0, 4, 2.21
1746620585, 0, 624, 960, 945, 17, 8.49%, 0, 0, 4, 2.95
1746621013, 0, 624, 961, 946, 17, 8.49%, 0, 0, 4, 2.22
1746621023, 0, 624, 962, 947, 17, 8.49%, 0, 0, 4, 2.17
1746621076, 0, 624, 963, 948, 17, 8.49%, 0, 0, 4, 2.32
1746621081, 0, 624, 964, 949, 17, 8.49%, 0, 0, 4, 2.34
1746621113, 0, 624, 965, 950, 17, 8.49%, 0, 0, 4, 2.30
1746621123, 0, 624, 966, 951, 17, 8.49%, 0, 0, 4, 2.33
1746621319, 0, 624, 967, 952, 17, 8.49%, 0, 0, 4, 2.21
1746621680, 0, 624, 968, 953, 17, 8.49%, 0, 0, 4, 2.07
1746621712, 0, 624, 969, 954, 17, 8.49%, 0, 0, 4, 2.19
1746622453, 0, 624, 970, 955, 17, 8.49%, 0, 0, 4, 2.32
1746622458, 0, 624, 971, 956, 17, 8.49%, 0, 0, 4, 2.33
1746622479, 0, 624, 972, 957, 17, 8.49%, 0, 0, 4, 2.34
1746622557, 0, 624, 973, 958, 17, 8.49%, 0, 0, 4, 2.37
1746622577, 0, 624, 974, 959, 17, 8.49%, 0, 0, 4, 2.39
1746622582, 0, 624, 975, 960, 17, 8.49%, 0, 0, 4, 2.38
1746623227, 0, 624, 976, 961, 17, 8.49%, 0, 0, 4, 1.30
1746623466, 0, 624, 977, 962, 17, 8.49%, 0, 0, 4, 1.27
1746623748, 0, 624, 978, 963, 17, 8.49%, 0, 0, 4, 1.40
1746623785, 0, 624, 979, 964, 17, 8.49%, 0, 0, 4, 1.65
1746623791, 0, 624, 980, 965, 17, 8.49%, 0, 0, 4, 1.62
1746623812, 0, 624, 981, 966, 17, 8.50%, 0, 0, 4, 1.23
1746623829, 0, 624, 982, 967, 17, 8.50%, 0, 0, 4, 1.19
1746623894, 0, 624, 983, 968, 17, 8.50%, 0, 0, 4, 3.44
1746623899, 0, 624, 984, 969, 17, 8.50%, 0, 0, 4, 3.92
1746623920, 0, 624, 985, 970, 17, 8.50%, 0, 0, 4, 1.80
1746623953, 0, 624, 986, 971, 17, 8.50%, 0, 0, 4, 3.30
1746624063, 0, 624, 987, 972, 17, 8.50%, 0, 0, 4, 5.25
1746624117, 0, 624, 988, 973, 17, 8.50%, 0, 0, 4, 4.99
1746624138, 0, 624, 989, 974, 17, 8.50%, 0, 0, 4, 1.52
1746624177, 0, 624, 990, 975, 17, 8.50%, 0, 0, 4, 3.24
1746624204, 0, 624, 991, 976, 17, 8.50%, 0, 0, 4, 2.99
1746624251, 0, 624, 992, 977, 17, 8.50%, 0, 0, 4, 1.26
1746624287, 0, 624, 993, 978, 17, 8.50%, 0, 0, 4, 1.53
1746624537, 0, 624, 994, 979, 17, 8.50%, 0, 0, 4, 1.12
1746624568, 0, 624, 995, 980, 17, 8.50%, 0, 0, 4, 4.64
1746624574, 0, 624, 996, 981, 17, 8.50%, 0, 0, 4, 4.11
1746624601, 0, 624, 997, 982, 17, 8.50%, 0, 0, 4, 1.37
1746624627, 0, 624, 998, 983, 17, 8.50%, 0, 0, 4, 1.59
1746624638, 0, 624, 999, 984, 17, 8.50%, 0, 0, 4, 1.68
1746624692, 0, 624, 1000, 985, 17, 8.50%, 0, 0, 4, 4.50
1746624756, 0, 624, 1001, 986, 17, 8.50%, 0, 0, 4, 1.18
1746624835, 0, 624, 1002, 987, 17, 8.50%, 0, 0, 4, 3.72
1746624888, 0, 624, 1003, 988, 17, 8.50%, 0, 0, 4, 2.60
1746624909, 0, 624, 1004, 989, 17, 8.50%, 0, 0, 4, 2.73
1746624996, 0, 624, 1005, 990, 17, 8.50%, 0, 0, 4, 7.33
1746625114, 0, 624, 1006, 991, 17, 8.50%, 0, 0, 4, 4.33
1746625298, 0, 624, 1007, 992, 17, 8.50%, 0, 0, 4, 7.56
1746625390, 0, 624, 1008, 993, 17, 8.50%, 0, 0, 4, 5.42
1746625481, 0, 624, 1009, 994, 17, 8.50%, 0, 0, 4, 4.00
1746625508, 0, 624, 1010, 995, 17, 8.50%, 0, 0, 4, 5.11
1746625535, 0, 624, 1011, 996, 17, 8.50%, 0, 0, 4, 1.13
1746625749, 0, 624, 1012, 997, 17, 8.50%, 0, 0, 4, 4.99
1746625835, 0, 624, 1013, 998, 17, 8.50%, 0, 0, 4, 2.17
1746626684, 0, 624, 1014, 999, 17, 8.50%, 0, 0, 4, 13.04
1746627179, 0, 624, 1015, 1000, 17, 8.50%, 0, 0, 4, 6.32
1746627310, 0, 624, 1016, 1001, 17, 8.50%, 0, 0, 4, 7.01
1746627435, 0, 624, 1017, 1002, 17, 8.50%, 0, 0, 4, 3.43
1746627702, 0, 624, 1018, 1003, 17, 8.50%, 0, 0, 4, 5.91
1746627770, 0, 637, 1018, 1002, 20, 8.50%, 0, 0, 4, 15.94
1746627837, 0, 637, 1019, 1003, 20, 8.50%, 0, 0, 4, 26.40
1746627939, 0, 654, 1020, 1003, 20, 8.50%, 0, 0, 4, 33.20
1746628011, 0, 654, 1021, 1004, 20, 8.50%, 0, 0, 4, 38.96
1746628062, 0, 687, 1021, 1003, 19, 8.50%, 0, 0, 4, 21.43
1746628261, 0, 697, 1021, 1002, 18, 8.50%, 0, 0, 4, 36.63
1746628282, 0, 697, 1022, 1003, 18, 8.50%, 0, 0, 4, 54.82
1746628307, 0, 717, 1022, 1002, 17, 8.50%, 0, 0, 4, 42.98
1746628312, 0, 717, 1023, 1003, 17, 8.50%, 0, 0, 4, 27.64
1746628409, 0, 717, 1025, 1005, 17, 8.50%, 0, 0, 4, 25.29
1746628414, 0, 717, 1027, 1007, 17, 8.50%, 0, 0, 4, 24.50
1746628429, 0, 728, 1027, 1006, 16, 8.50%, 0, 0, 4, 34.31
1746628578, 0, 755, 1027, 1005, 16, 8.50%, 0, 0, 4, 24.41
1746628757, 0, 755, 1029, 1007, 16, 8.50%, 0, 0, 4, 23.01
1746628767, 0, 755, 1030, 1008, 16, 8.50%, 0, 0, 4, 36.53
1746628787, 0, 760, 1030, 1007, 16, 8.50%, 0, 0, 4, 29.55
1746628961, 0, 805, 1030, 1006, 16, 8.50%, 0, 0, 4, 25.64
1746628966, 0, 805, 1033, 1009, 16, 8.51%, 0, 0, 4, 18.13
1746628971, 0, 805, 1035, 1011, 16, 8.51%, 0, 0, 4, 13.74
1746628976, 0, 805, 1039, 1015, 16, 8.52%, 0, 0, 4, 11.86
1746628982, 0, 805, 1041, 1017, 16, 8.52%, 0, 0, 4, 11.21
1746628987, 0, 805, 1045, 1021, 16, 8.52%, 0, 0, 4, 11.26
1746628992, 0, 805, 1048, 1024, 16, 8.52%, 0, 0, 4, 10.91
1746628997, 0, 805, 1052, 1028, 16, 8.52%, 0, 0, 4, 10.56
1746629002, 0, 805, 1054, 1030, 16, 8.52%, 0, 0, 4, 10.80
1746629007, 0, 805, 1058, 1034, 16, 8.52%, 0, 0, 4, 10.67
1746629012, 0, 805, 1061, 1037, 16, 8.52%, 0, 0, 4, 10.54
1746629023, 0, 805, 1065, 1041, 16, 8.54%, 0, 0, 4, 9.86
1746629028, 0, 805, 1068, 1044, 16, 8.54%, 0, 0, 4, 9.77
1746629033, 0, 805, 1071, 1047, 16, 8.54%, 0, 0, 4, 10.44
1746629038, 0, 805, 1072, 1048, 16, 8.55%, 0, 0, 4, 17.46
1746629043, 0, 805, 1073, 1049, 16, 8.55%, 0, 0, 4, 13.97
1746629048, 0, 805, 1074, 1050, 16, 8.55%, 0, 0, 4, 11.82
1746629074, 0, 805, 1077, 1053, 16, 8.55%, 0, 0, 4, 10.18
1746629079, 0, 805, 1078, 1054, 16, 8.55%, 0, 0, 4, 10.58
1746629084, 0, 805, 1079, 1055, 16, 8.55%, 0, 0, 4, 17.79
1746629094, 0, 805, 1080, 1056, 16, 8.72%, 0, 0, 4, 11.77
1746629099, 0, 805, 1081, 1057, 16, 8.72%, 0, 0, 4, 12.39
1746629104, 0, 805, 1084, 1060, 16, 8.72%, 0, 0, 4, 11.23
1746629110, 0, 805, 1086, 1062, 16, 8.72%, 0, 0, 4, 11.08
1746629115, 0, 805, 1087, 1063, 16, 8.72%, 0, 0, 4, 11.04
1746629120, 0, 805, 1089, 1065, 16, 8.72%, 0, 0, 4, 10.41
1746629125, 0, 805, 1091, 1067, 16, 8.72%, 0, 0, 4, 9.68
1746629130, 0, 805, 1093, 1069, 16, 8.72%, 0, 0, 4, 9.90
1746629141, 0, 805, 1094, 1070, 16, 8.72%, 0, 0, 4, 12.41
1746629146, 0, 805, 1095, 1071, 16, 8.72%, 0, 0, 4, 12.17
1746629197, 0, 805, 1096, 1072, 16, 8.72%, 0, 0, 4, 15.08
1746629222, 0, 805, 1097, 1073, 16, 8.72%, 0, 0, 4, 10.80
1746629243, 0, 805, 1098, 1074, 16, 8.72%, 0, 0, 4, 10.85
1746629258, 0, 805, 1101, 1077, 16, 8.72%, 0, 0, 4, 11.01
1746629269, 0, 805, 1102, 1078, 16, 8.72%, 0, 0, 4, 12.43
1746629279, 0, 805, 1103, 1079, 16, 8.72%, 0, 0, 4, 13.15
1746629310, 0, 805, 1105, 1081, 16, 8.74%, 0, 0, 4, 10.50
1746629320, 0, 805, 1106, 1082, 16, 8.74%, 0, 0, 4, 11.39
1746629330, 0, 805, 1108, 1084, 16, 8.74%, 0, 0, 4, 10.81
1746629335, 0, 805, 1110, 1086, 16, 8.74%, 0, 0, 4, 10.51
1746629341, 0, 805, 1112, 1088, 16, 8.74%, 0, 0, 4, 10.55
1746629346, 0, 805, 1113, 1089, 16, 8.74%, 0, 0, 4, 10.29
1746629351, 0, 805, 1114, 1090, 16, 8.74%, 0, 0, 4, 10.28
1746629356, 0, 805, 1115, 1091, 16, 8.74%, 0, 0, 4, 10.52
1746629366, 0, 805, 1116, 1092, 16, 8.74%, 0, 0, 4, 10.31
1746629376, 0, 805, 1117, 1093, 16, 8.74%, 0, 0, 4, 10.63
1746629382, 0, 805, 1118, 1094, 16, 8.74%, 0, 0, 4, 10.18
1746629387, 0, 805, 1119, 1095, 16, 8.74%, 0, 0, 4, 10.21
1746629397, 0, 805, 1120, 1096, 16, 8.74%, 0, 0, 4, 10.31
1746629402, 0, 805, 1121, 1097, 16, 8.74%, 0, 0, 4, 10.51
1746629417, 0, 805, 1122, 1098, 16, 8.74%, 0, 0, 4, 9.94
1746629428, 0, 805, 1123, 1099, 16, 8.74%, 0, 0, 4, 9.62
1746629438, 0, 805, 1124, 1100, 16, 8.74%, 0, 0, 4, 9.71
1746629535, 0, 805, 1125, 1101, 16, 8.74%, 0, 0, 4, 10.42
1746629581, 0, 805, 1126, 1102, 16, 8.74%, 0, 0, 4, 11.06
1746629597, 0, 805, 1127, 1103, 16, 8.74%, 0, 0, 4, 11.14
1746629658, 0, 805, 1128, 1104, 16, 8.74%, 0, 0, 4, 9.88
1746629664, 0, 805, 1129, 1105, 16, 8.74%, 0, 0, 4, 9.59
1746629705, 0, 805, 1130, 1106, 16, 8.74%, 0, 0, 4, 12.76
1746629715, 0, 805, 1132, 1108, 16, 8.74%, 0, 0, 4, 11.71
1746629787, 0, 805, 1133, 1109, 16, 8.74%, 0, 0, 4, 11.88
1746629792, 0, 805, 1134, 1110, 16, 8.74%, 0, 0, 4, 11.92
1746629828, 0, 805, 1135, 1111, 16, 8.74%, 0, 0, 4, 10.55
1746629833, 0, 805, 1136, 1112, 16, 8.74%, 0, 0, 4, 9.62
1746629839, 0, 805, 1137, 1113, 16, 8.74%, 0, 0, 4, 9.35
1746629849, 0, 805, 1138, 1114, 16, 8.74%, 0, 0, 4, 9.98
1746629977, 0, 805, 1140, 1116, 16, 8.74%, 0, 0, 4, 11.48
1746630044, 0, 805, 1141, 1117, 16, 8.74%, 0, 0, 4, 9.44
1746630049, 0, 805, 1142, 1118, 16, 8.74%, 0, 0, 4, 10.16
1746630054, 0, 805, 1143, 1119, 16, 8.74%, 0, 0, 4, 12.25
1746630074, 0, 805, 1144, 1120, 16, 8.74%, 0, 0, 4, 19.73
1746630084, 0, 805, 1145, 1121, 16, 8.74%, 0, 0, 4, 22.56
1746630100, 0, 805, 1146, 1122, 16, 8.74%, 0, 0, 4, 23.18
1746630126, 0, 805, 1147, 1123, 16, 8.74%, 0, 0, 4, 26.23
1746630131, 0, 805, 1148, 1124, 16, 8.74%, 0, 0, 4, 22.80
1746630177, 0, 805, 1149, 1125, 16, 8.74%, 0, 0, 4, 27.15
1746630280, 0, 805, 1150, 1126, 16, 8.74%, 0, 0, 4, 22.19
1746630285, 0, 805, 1151, 1127, 16, 8.74%, 0, 0, 4, 23.56
1746630305, 0, 805, 1152, 1128, 16, 8.74%, 0, 0, 4, 24.65
1746630372, 0, 805, 1153, 1129, 16, 8.76%, 0, 0, 4, 21.01
1746630377, 0, 805, 1154, 1130, 16, 8.76%, 0, 0, 4, 21.61
1746630387, 0, 805, 1155, 1131, 16, 8.76%, 0, 0, 4, 24.00
1746630556, 0, 805, 1156, 1132, 16, 8.76%, 0, 0, 4, 22.59
1746630577, 0, 805, 1157, 1133, 16, 8.76%, 0, 0, 4, 27.89
1746630618, 0, 805, 1158, 1134, 16, 8.76%, 0, 0, 4, 23.61
1746630726, 0, 808, 1158, 1133, 22, 8.76%, 0, 0, 4, 29.27
1746630828, 0, 829, 1158, 1132, 21, 8.76%, 0, 0, 4, 22.92
1746630895, 0, 829, 1161, 1135, 21, 8.76%, 0, 0, 4, 13.18
1746630900, 0, 829, 1163, 1137, 21, 8.76%, 0, 0, 4, 11.96
1746630993, 0, 838, 1163, 1136, 21, 8.76%, 0, 0, 4, 28.34
1746631018, 0, 838, 1164, 1137, 21, 8.76%, 0, 0, 4, 15.17
1746631069, 0, 838, 1165, 1138, 21, 8.76%, 0, 0, 4, 11.99
1746631161, 0, 899, 1165, 1137, 21, 8.76%, 0, 0, 4, 31.38
1746631171, 0, 899, 1168, 1140, 21, 8.76%, 0, 0, 5, 24.27
1746631176, 0, 899, 1169, 1141, 21, 8.76%, 0, 0, 5, 21.69
1746631228, 0, 899, 1172, 1144, 21, 8.76%, 0, 0, 5, 19.38
1746631304, 0, 899, 1173, 1145, 21, 8.76%, 0, 0, 5, 19.98
1746631365, 0, 905, 1173, 1144, 21, 8.76%, 0, 0, 5, 27.09
1746631503, 0, 905, 1174, 1145, 21, 8.76%, 0, 0, 5, 29.69
1746631529, 0, 915, 1174, 1144, 20, 8.76%, 0, 0, 5, 32.53
1746631785, 0, 952, 1174, 1143, 19, 8.76%, 0, 0, 5, 2.56
1746635827, 0, 952, 1175, 1144, 19, 8.76%, 0, 0, 5, 2.37
1746636846, 0, 952, 1176, 1145, 19, 8.76%, 0, 0, 5, 2.37
1746637659, 0, 952, 1177, 1146, 19, 8.76%, 0, 0, 5, 2.36
1746638767, 0, 962, 1177, 1145, 18, 8.76%, 0, 0, 5, 7.26
1746642054, 0, 962, 1178, 1146, 18, 8.76%, 0, 0, 5, 2.43
1746645815, 0, 973, 1178, 1145, 17, 8.76%, 0, 0, 5, 5.04
1746652775, 0, 1000, 1178, 1144, 16, 8.76%, 0, 0, 5, 6.73
