# unix_time, cycles_done, cur_path, paths_total, pending_total, pending_favs, map_size, unique_crashes, unique_hangs, max_depth, execs_per_sec
1746712928, 0, 0, 1, 1, 1, 3.78%, 0, 0, 1, 129.03
1746712933, 0, 0, 41, 41, 1, 4.55%, 0, 0, 2, 123.50
1746712939, 0, 0, 61, 61, 1, 4.55%, 0, 0, 2, 124.63
1746712944, 0, 0, 70, 70, 1, 4.56%, 0, 0, 2, 129.14
1746712949, 0, 0, 80, 80, 1, 4.56%, 0, 0, 2, 124.09
1746712954, 0, 0, 87, 87, 1, 4.57%, 0, 0, 2, 125.46
1746712959, 0, 0, 89, 89, 1, 4.57%, 0, 0, 2, 131.45
1746712964, 0, 0, 93, 93, 1, 4.57%, 0, 0, 2, 129.75
1746712969, 0, 0, 96, 96, 1, 4.57%, 0, 0, 2, 132.25
1746712974, 0, 0, 98, 98, 1, 4.57%, 0, 0, 2, 133.47
1746712979, 0, 0, 100, 100, 1, 4.57%, 0, 0, 2, 132.75
1746712985, 0, 0, 103, 103, 1, 4.57%, 0, 0, 2, 132.13
1746712990, 0, 0, 104, 104, 1, 4.57%, 0, 0, 2, 134.36
1746712995, 0, 0, 106, 106, 1, 4.57%, 0, 0, 2, 134.21
1746713000, 0, 0, 109, 109, 1, 4.57%, 0, 0, 2, 131.08
1746713005, 0, 0, 111, 111, 1, 4.57%, 0, 0, 2, 131.13
1746713010, 0, 0, 114, 114, 1, 4.57%, 0, 0, 2, 131.92
1746713016, 0, 0, 117, 117, 1, 4.57%, 0, 0, 2, 132.99
1746713026, 0, 0, 119, 119, 1, 4.57%, 0, 0, 2, 135.16
1746713031, 0, 0, 121, 121, 1, 4.78%, 0, 0, 2, 133.02
1746713036, 0, 0, 123, 123, 1, 4.78%, 0, 0, 2, 132.66
1746713046, 0, 0, 125, 125, 1, 4.78%, 0, 0, 2, 133.97
1746713052, 0, 0, 127, 127, 1, 4.78%, 0, 0, 2, 132.91
1746713062, 0, 0, 128, 128, 1, 4.78%, 0, 0, 2, 132.41
1746713072, 0, 0, 129, 129, 1, 4.78%, 0, 0, 2, 133.78
1746713077, 0, 0, 130, 130, 1, 4.78%, 0, 0, 2, 132.85
1746713083, 0, 0, 132, 132, 1, 4.78%, 0, 0, 2, 130.97
1746713088, 0, 0, 133, 133, 1, 4.78%, 0, 0, 2, 133.45
1746713119, 0, 0, 134, 134, 1, 4.78%, 0, 0, 2, 134.31
1746713129, 0, 0, 136, 136, 1, 4.78%, 0, 0, 2, 134.64
1746713139, 0, 0, 138, 138, 1, 4.78%, 0, 0, 2, 132.81
1746713144, 0, 0, 139, 139, 1, 4.78%, 0, 0, 2, 132.62
1746713150, 0, 0, 140, 140, 1, 4.78%, 0, 0, 2, 133.44
1746713160, 0, 0, 141, 141, 1, 4.78%, 0, 0, 2, 135.60
1746713165, 0, 0, 142, 142, 1, 4.78%, 0, 0, 2, 134.96
1746713186, 0, 1, 142, 141, 4, 4.78%, 0, 0, 2, 137.83
1746713191, 0, 1, 144, 143, 4, 4.78%, 0, 0, 3, 134.85
1746713216, 0, 16, 144, 142, 3, 4.78%, 0, 0, 3, 125.23
1746713257, 0, 16, 146, 144, 3, 4.78%, 0, 0, 3, 117.88
1746713262, 0, 16, 147, 145, 3, 4.79%, 0, 0, 3, 118.08
1746713273, 0, 16, 148, 146, 3, 4.79%, 0, 0, 3, 120.63
1746713278, 0, 16, 149, 147, 3, 4.79%, 0, 0, 3, 121.22
1746713283, 0, 16, 150, 148, 3, 4.79%, 0, 0, 3, 120.18
1746713288, 0, 16, 151, 149, 3, 4.79%, 0, 0, 3, 120.42
1746713298, 0, 16, 152, 150, 3, 4.79%, 0, 0, 3, 120.19
1746713303, 0, 16, 153, 151, 3, 4.79%, 0, 0, 3, 119.53
1746713313, 0, 16, 154, 152, 3, 4.79%, 0, 0, 3, 121.22
1746713334, 0, 16, 155, 153, 3, 4.79%, 0, 0, 3, 120.39
1746713354, 0, 16, 156, 154, 3, 4.79%, 0, 0, 3, 118.25
1746713359, 0, 16, 157, 155, 3, 4.79%, 0, 0, 3, 119.70
1746713370, 0, 16, 158, 156, 3, 4.79%, 0, 0, 3, 120.07
1746713375, 0, 16, 160, 158, 3, 4.79%, 0, 0, 3, 118.23
1746713390, 0, 16, 161, 159, 3, 4.79%, 0, 0, 3, 122.45
1746713405, 0, 16, 162, 160, 3, 4.79%, 0, 0, 3, 120.89
1746713426, 0, 16, 163, 161, 3, 4.79%, 0, 0, 3, 120.93
1746713446, 0, 16, 164, 162, 3, 4.79%, 0, 0, 3, 122.50
1746713456, 0, 16, 165, 163, 3, 4.79%, 0, 0, 3, 120.53
1746713477, 0, 16, 166, 164, 3, 4.79%, 0, 0, 3, 122.06
1746713497, 0, 16, 167, 165, 3, 4.79%, 0, 0, 3, 121.07
1746713502, 0, 16, 168, 166, 3, 4.79%, 0, 0, 3, 120.80
1746713528, 0, 24, 168, 165, 3, 4.79%, 0, 0, 3, 133.97
1746713543, 0, 120, 168, 164, 2, 4.79%, 0, 0, 3, 101.50
1746713670, 0, 120, 191, 187, 2, 4.79%, 0, 0, 3, 57.04
1746713675, 0, 120, 212, 208, 2, 4.79%, 0, 0, 3, 57.39
1746713681, 0, 120, 222, 218, 2, 4.79%, 0, 0, 3, 58.28
1746713686, 0, 120, 230, 226, 2, 4.79%, 0, 0, 3, 57.25
1746713691, 0, 120, 238, 234, 2, 4.79%, 0, 0, 3, 57.00
1746713696, 0, 120, 241, 237, 2, 4.79%, 0, 0, 3, 58.14
1746713701, 0, 120, 243, 239, 2, 4.79%, 0, 0, 3, 60.27
1746713706, 0, 120, 245, 241, 2, 4.79%, 0, 0, 3, 60.50
1746713711, 0, 120, 248, 244, 2, 4.79%, 0, 0, 3, 61.33
1746713721, 0, 120, 251, 247, 2, 4.79%, 0, 0, 3, 60.84
1746713727, 0, 120, 254, 250, 2, 4.79%, 0, 0, 3, 60.48
1746713732, 0, 120, 256, 252, 2, 4.79%, 0, 0, 3, 60.09
1746713737, 0, 120, 259, 255, 2, 4.79%, 0, 0, 3, 58.39
1746713758, 0, 120, 260, 256, 2, 4.79%, 0, 0, 3, 60.07
1746713763, 0, 120, 262, 258, 2, 4.79%, 0, 0, 3, 60.93
1746713768, 0, 120, 263, 259, 2, 4.79%, 0, 0, 3, 60.08
1746713773, 0, 120, 264, 260, 2, 4.79%, 0, 0, 3, 59.99
1746713799, 0, 120, 265, 261, 2, 4.79%, 0, 0, 3, 59.83
1746713814, 0, 120, 267, 263, 2, 4.82%, 0, 0, 3, 58.91
1746713830, 0, 120, 268, 264, 2, 5.26%, 0, 0, 3, 60.87
1746713835, 0, 120, 269, 265, 2, 5.26%, 0, 0, 3, 61.42
1746713866, 0, 120, 270, 266, 2, 5.26%, 0, 0, 3, 60.79
1746713891, 0, 120, 271, 267, 2, 5.26%, 0, 0, 3, 61.26
1746713901, 0, 120, 272, 268, 2, 5.26%, 0, 0, 3, 61.49
1746713917, 0, 120, 273, 269, 2, 5.26%, 0, 0, 3, 61.02
1746713932, 0, 120, 274, 270, 2, 5.26%, 0, 0, 3, 59.82
1746713968, 0, 120, 275, 271, 2, 5.26%, 0, 0, 3, 61.04
1746714061, 0, 120, 276, 272, 2, 5.26%, 0, 0, 3, 60.47
1746714066, 0, 120, 277, 273, 2, 5.26%, 0, 0, 3, 60.14
1746714086, 0, 136, 277, 272, 2, 5.26%, 0, 0, 3, 66.71
1746714370, 0, 267, 277, 271, 2, 5.26%, 0, 0, 3, 63.23
1746716155, 0, 267, 289, 283, 2, 5.27%, 0, 0, 4, 36.51
1746716160, 0, 267, 304, 298, 2, 5.45%, 0, 0, 4, 37.04
1746716165, 0, 267, 319, 313, 2, 5.49%, 0, 0, 4, 36.28
1746716170, 0, 267, 326, 320, 2, 5.51%, 0, 0, 4, 36.81
1746716175, 0, 267, 336, 330, 2, 5.51%, 0, 0, 4, 36.49
1746716181, 0, 267, 344, 338, 2, 5.51%, 0, 0, 4, 36.76
1746716186, 0, 267, 345, 339, 2, 5.51%, 0, 0, 4, 38.69
1746716191, 0, 267, 352, 346, 2, 5.53%, 0, 0, 4, 36.17
1746716196, 0, 267, 357, 351, 2, 5.54%, 0, 0, 4, 37.15
1746716201, 0, 267, 362, 356, 2, 5.54%, 0, 0, 4, 37.17
1746716206, 0, 267, 365, 359, 2, 5.54%, 0, 0, 4, 36.84
1746716216, 0, 267, 369, 363, 2, 5.54%, 0, 0, 4, 36.96
1746716221, 0, 267, 371, 365, 2, 5.54%, 0, 0, 4, 37.78
1746716232, 0, 267, 372, 366, 2, 5.54%, 0, 0, 4, 38.62
1746716237, 0, 267, 373, 367, 2, 5.54%, 0, 0, 4, 38.19
1746716242, 0, 267, 374, 368, 2, 5.54%, 0, 0, 4, 38.09
1746716252, 0, 267, 375, 369, 2, 5.54%, 0, 0, 4, 38.31
1746716257, 0, 267, 379, 373, 2, 5.55%, 0, 0, 4, 36.43
1746716267, 0, 267, 381, 375, 2, 5.55%, 0, 0, 4, 38.00
1746716273, 0, 267, 382, 376, 2, 5.55%, 0, 0, 4, 38.09
1746716278, 0, 267, 383, 377, 2, 5.55%, 0, 0, 4, 38.44
1746716283, 0, 267, 384, 378, 2, 5.55%, 0, 0, 4, 38.87
1746716308, 0, 267, 386, 380, 2, 5.55%, 0, 0, 4, 38.86
1746716313, 0, 267, 387, 381, 2, 5.55%, 0, 0, 4, 37.91
1746716319, 0, 267, 389, 383, 2, 6.09%, 0, 0, 4, 36.19
1746716329, 0, 267, 390, 384, 2, 6.09%, 0, 0, 4, 37.88
1746716334, 0, 267, 391, 385, 2, 6.09%, 0, 0, 4, 38.34
1746716339, 0, 267, 394, 388, 2, 6.09%, 0, 0, 4, 36.89
1746716349, 0, 267, 396, 390, 2, 6.09%, 0, 0, 4, 38.05
1746716360, 0, 267, 397, 391, 2, 6.09%, 0, 0, 4, 38.50
1746716370, 0, 267, 399, 393, 2, 6.09%, 0, 0, 4, 39.09
1746716375, 0, 267, 401, 395, 2, 6.09%, 0, 0, 4, 38.52
1746716380, 0, 267, 403, 397, 2, 6.09%, 0, 0, 4, 38.48
1746716395, 0, 267, 404, 398, 2, 6.09%, 0, 0, 4, 38.51
1746716400, 0, 267, 405, 399, 2, 6.09%, 0, 0, 4, 38.53
1746716436, 0, 267, 406, 400, 2, 6.09%, 0, 0, 4, 38.37
1746716451, 0, 267, 407, 401, 2, 6.09%, 0, 0, 4, 38.11
1746716497, 0, 267, 409, 403, 2, 6.09%, 0, 0, 4, 37.54
1746716502, 0, 267, 410, 404, 2, 6.09%, 0, 0, 4, 37.79
1746716513, 0, 267, 411, 405, 2, 6.09%, 0, 0, 4, 38.13
1746716523, 0, 267, 412, 406, 2, 6.09%, 0, 0, 4, 39.18
1746716528, 0, 267, 413, 407, 2, 6.09%, 0, 0, 4, 38.40
1746716538, 0, 267, 414, 408, 2, 6.09%, 0, 0, 4, 38.54
1746716548, 0, 267, 417, 411, 2, 6.09%, 0, 0, 4, 37.76
1746716564, 0, 267, 418, 412, 2, 6.09%, 0, 0, 4, 38.09
1746716574, 0, 267, 419, 413, 2, 6.09%, 0, 0, 4, 37.68
1746716584, 0, 267, 420, 414, 2, 6.09%, 0, 0, 4, 38.31
1746716589, 0, 267, 421, 415, 2, 6.09%, 0, 0, 4, 39.24
1746716594, 0, 267, 422, 416, 2, 6.09%, 0, 0, 4, 38.97
1746716599, 0, 267, 423, 417, 2, 6.09%, 0, 0, 4, 38.67
1746716604, 0, 267, 426, 420, 2, 6.09%, 0, 0, 4, 37.10
1746716609, 0, 267, 427, 421, 2, 6.09%, 0, 0, 4, 37.96
1746716620, 0, 267, 428, 422, 2, 6.09%, 0, 0, 4, 38.94
1746716630, 0, 267, 429, 423, 2, 6.09%, 0, 0, 4, 38.94
1746716640, 0, 267, 430, 424, 2, 6.09%, 0, 0, 4, 37.42
1746716655, 0, 267, 431, 425, 2, 6.09%, 0, 0, 4, 38.73
1746716676, 0, 267, 432, 426, 2, 6.09%, 0, 0, 4, 37.84
1746716681, 0, 267, 433, 427, 2, 6.09%, 0, 0, 4, 38.11
1746716701, 0, 267, 434, 428, 2, 6.09%, 0, 0, 4, 38.23
1746716747, 0, 267, 435, 429, 2, 6.09%, 0, 0, 4, 38.02
1746716752, 0, 267, 436, 430, 2, 6.09%, 0, 0, 4, 37.99
1746716778, 0, 267, 437, 431, 2, 6.09%, 0, 0, 4, 38.60
1746716798, 0, 267, 438, 432, 2, 6.09%, 0, 0, 4, 38.88
1746716819, 0, 267, 439, 433, 2, 6.09%, 0, 0, 4, 38.32
1746716829, 0, 368, 439, 432, 7, 6.09%, 0, 0, 4, 36.88
1746719424, 0, 368, 441, 434, 7, 6.09%, 0, 0, 5, 34.67
1746719430, 0, 368, 444, 437, 7, 6.09%, 0, 0, 5, 34.38
1746719435, 0, 368, 446, 439, 7, 6.09%, 0, 0, 5, 33.92
1746719445, 0, 368, 447, 440, 7, 6.09%, 0, 0, 5, 35.02
1746719455, 0, 368, 448, 441, 7, 6.09%, 0, 0, 5, 36.00
1746719460, 0, 368, 451, 444, 7, 6.09%, 0, 0, 5, 34.26
1746719465, 0, 368, 452, 445, 7, 6.09%, 0, 0, 5, 34.11
1746719511, 0, 368, 453, 446, 7, 6.09%, 0, 0, 5, 34.61
1746719517, 0, 368, 454, 447, 7, 6.09%, 0, 0, 5, 34.55
1746719522, 0, 368, 455, 448, 7, 6.09%, 0, 0, 5, 34.38
1746719532, 0, 368, 456, 449, 7, 6.09%, 0, 0, 5, 35.77
1746719542, 0, 368, 458, 451, 7, 6.09%, 0, 0, 5, 34.89
1746719563, 0, 368, 459, 452, 7, 6.09%, 0, 0, 5, 35.48
1746719573, 0, 368, 460, 453, 7, 6.09%, 0, 0, 5, 35.12
1746719604, 0, 368, 461, 454, 7, 6.11%, 0, 0, 5, 36.10
1746719614, 0, 368, 462, 455, 7, 6.11%, 0, 0, 5, 35.48
1746719619, 0, 368, 463, 456, 7, 6.11%, 0, 0, 5, 35.03
1746719624, 0, 368, 464, 457, 7, 6.11%, 0, 0, 5, 35.15
1746719629, 0, 368, 465, 458, 7, 6.11%, 0, 0, 5, 35.58
1746719634, 0, 368, 466, 459, 7, 6.11%, 0, 0, 5, 34.77
1746719655, 0, 368, 467, 460, 7, 6.11%, 0, 0, 5, 34.67
1746719701, 0, 368, 468, 461, 7, 6.11%, 0, 0, 5, 34.81
1746719737, 0, 368, 469, 462, 7, 6.11%, 0, 0, 5, 35.03
1746719758, 0, 368, 470, 463, 7, 6.11%, 0, 0, 5, 34.86
1746719783, 0, 368, 471, 464, 7, 6.11%, 0, 0, 5, 35.59
1746719794, 0, 368, 472, 465, 7, 6.11%, 0, 0, 5, 34.93
1746719819, 0, 368, 473, 466, 7, 6.11%, 0, 0, 5, 34.04
1746719844, 0, 368, 474, 467, 7, 6.11%, 0, 0, 5, 35.57
1746719891, 0, 368, 475, 468, 7, 6.11%, 0, 0, 5, 34.84
1746719896, 0, 368, 476, 469, 7, 6.11%, 0, 0, 5, 34.89
1746719906, 0, 368, 477, 470, 7, 6.11%, 0, 0, 5, 34.51
1746719921, 0, 368, 478, 471, 7, 6.11%, 0, 0, 5, 34.67
1746719952, 0, 368, 479, 472, 7, 6.11%, 0, 0, 5, 35.19
1746720008, 0, 368, 480, 473, 7, 6.11%, 0, 0, 5, 34.86
1746720023, 0, 368, 481, 474, 7, 6.11%, 0, 0, 5, 35.70
1746720080, 0, 368, 482, 475, 7, 6.12%, 0, 0, 5, 34.79
1746720105, 0, 368, 483, 476, 7, 6.12%, 0, 0, 5, 34.81
1746720126, 0, 370, 483, 475, 9, 6.12%, 0, 0, 5, 34.53
1746722429, 0, 370, 484, 476, 9, 6.12%, 0, 0, 5, 34.52
1746722439, 0, 370, 485, 477, 9, 6.12%, 0, 0, 5, 33.85
1746722475, 0, 370, 486, 478, 9, 6.13%, 0, 0, 5, 34.35
1746722500, 0, 370, 488, 480, 9, 6.13%, 0, 0, 5, 33.58
1746722511, 0, 370, 490, 482, 9, 6.13%, 0, 0, 5, 33.54
1746722546, 0, 370, 491, 483, 9, 6.13%, 0, 0, 5, 34.03
1746722587, 0, 370, 492, 484, 9, 6.13%, 0, 0, 5, 34.07
1746722623, 0, 370, 493, 485, 9, 6.13%, 0, 0, 5, 34.02
1746722628, 0, 370, 494, 486, 9, 6.13%, 0, 0, 5, 33.89
1746722644, 0, 370, 495, 487, 9, 6.13%, 0, 0, 5, 34.89
1746722649, 0, 370, 496, 488, 9, 6.13%, 0, 0, 5, 34.20
1746722669, 0, 370, 497, 489, 9, 6.13%, 0, 0, 5, 33.33
1746722700, 0, 370, 498, 490, 9, 6.13%, 0, 0, 5, 33.73
1746722715, 0, 370, 499, 491, 9, 6.13%, 0, 0, 5, 33.84
1746722731, 0, 370, 500, 492, 9, 6.13%, 0, 0, 5, 34.30
1746722741, 0, 370, 501, 493, 9, 6.13%, 0, 0, 5, 33.20
1746722828, 0, 370, 502, 494, 9, 6.13%, 0, 0, 5, 33.96
1746722833, 0, 370, 503, 495, 9, 6.13%, 0, 0, 5, 33.47
1746722843, 0, 370, 504, 496, 9, 6.14%, 0, 0, 5, 33.91
1746722920, 0, 370, 505, 497, 9, 6.14%, 0, 0, 5, 34.50
1746722925, 0, 370, 506, 498, 9, 6.14%, 0, 0, 5, 33.91
1746722992, 0, 370, 507, 499, 9, 6.14%, 0, 0, 5, 34.13
1746723017, 0, 370, 508, 500, 9, 6.14%, 0, 0, 5, 34.10
1746723028, 0, 370, 509, 501, 9, 6.14%, 0, 0, 5, 33.86
1746723115, 0, 370, 510, 502, 9, 6.14%, 0, 0, 5, 34.09
1746723125, 0, 376, 510, 501, 11, 6.14%, 0, 0, 5, 33.52
1746723575, 0, 376, 511, 502, 11, 6.14%, 0, 0, 5, 33.92
1746723637, 0, 376, 512, 503, 11, 6.14%, 0, 0, 5, 35.36
1746723703, 0, 376, 513, 504, 11, 6.14%, 0, 0, 5, 33.97
1746723764, 0, 376, 514, 505, 11, 6.14%, 0, 0, 5, 35.13
1746723810, 0, 376, 515, 506, 11, 6.23%, 0, 0, 5, 35.31
1746723826, 0, 376, 516, 507, 11, 6.23%, 0, 0, 5, 34.59
1746723877, 0, 376, 517, 508, 11, 6.23%, 0, 0, 5, 35.01
1746723913, 0, 376, 518, 509, 11, 6.24%, 0, 0, 5, 35.67
1746723974, 0, 376, 519, 510, 11, 6.24%, 0, 0, 5, 34.88
1746724000, 0, 376, 520, 511, 11, 6.26%, 0, 0, 5, 34.31
1746724015, 0, 376, 521, 512, 11, 6.26%, 0, 0, 5, 34.69
1746724148, 0, 376, 522, 513, 11, 6.26%, 0, 0, 5, 34.94
1746724240, 0, 376, 523, 514, 11, 6.26%, 0, 0, 5, 34.05
1746724277, 0, 376, 524, 515, 11, 6.26%, 0, 0, 5, 34.19
1746724364, 0, 376, 525, 516, 11, 6.26%, 0, 0, 5, 34.80
1746724491, 0, 376, 527, 518, 11, 6.27%, 0, 0, 5, 34.36
1746724501, 0, 383, 527, 517, 15, 6.27%, 0, 0, 5, 34.42
1746726621, 0, 383, 528, 518, 15, 6.27%, 0, 0, 5, 35.43
1746726631, 0, 383, 529, 519, 15, 6.27%, 0, 0, 5, 36.10
1746726677, 0, 383, 530, 520, 15, 6.27%, 0, 0, 5, 36.39
1746726688, 0, 383, 531, 521, 15, 6.27%, 0, 0, 5, 34.78
1746726698, 0, 383, 532, 522, 15, 6.27%, 0, 0, 5, 34.49
1746726703, 0, 383, 533, 523, 15, 6.27%, 0, 0, 5, 34.32
1746726708, 0, 383, 534, 524, 15, 6.27%, 0, 0, 5, 34.63
1746726785, 0, 383, 535, 525, 15, 6.27%, 0, 0, 5, 34.85
1746726820, 0, 383, 536, 526, 15, 6.27%, 0, 0, 5, 35.90
1746726851, 0, 383, 537, 527, 15, 6.27%, 0, 0, 5, 35.32
1746726897, 0, 383, 538, 528, 15, 6.27%, 0, 0, 5, 35.97
1746727011, 0, 383, 539, 529, 15, 6.27%, 0, 0, 5, 35.41
1746727062, 0, 383, 540, 530, 15, 6.27%, 0, 0, 5, 35.48
1746727067, 0, 383, 541, 531, 15, 6.27%, 0, 0, 5, 35.36
1746727108, 0, 383, 542, 532, 15, 6.27%, 0, 0, 5, 35.29
1746727144, 0, 383, 543, 533, 15, 6.27%, 0, 0, 5, 35.69
1746727442, 0, 383, 544, 534, 15, 6.27%, 0, 0, 5, 35.29
1746727529, 0, 387, 544, 533, 11, 6.27%, 0, 0, 5, 29.52
1746727670, 0, 387, 545, 534, 11, 6.27%, 0, 0, 5, 25.97
1746727680, 0, 387, 548, 537, 11, 6.27%, 0, 0, 5, 25.94
1746727691, 0, 387, 549, 538, 11, 6.27%, 0, 0, 5, 26.02
1746727706, 0, 387, 550, 539, 11, 6.27%, 0, 0, 5, 25.89
1746728071, 0, 387, 552, 541, 11, 6.27%, 0, 0, 5, 25.74
1746728076, 0, 387, 554, 543, 11, 6.27%, 0, 0, 5, 25.78
1746728782, 0, 387, 555, 544, 11, 6.27%, 0, 0, 5, 25.87
1746728934, 0, 387, 558, 547, 11, 6.27%, 0, 0, 5, 26.40
1746728939, 0, 387, 562, 551, 11, 6.27%, 0, 0, 5, 26.73
1746728944, 0, 387, 566, 555, 11, 6.27%, 0, 0, 5, 27.58
1746728949, 0, 387, 570, 559, 11, 6.27%, 0, 0, 5, 27.65
1746728954, 0, 387, 573, 562, 11, 6.27%, 0, 0, 5, 27.54
1746728959, 0, 387, 576, 565, 11, 6.27%, 0, 0, 5, 27.86
1746728964, 0, 387, 580, 569, 11, 6.27%, 0, 0, 5, 27.22
1746728969, 0, 387, 584, 573, 11, 6.28%, 0, 0, 5, 27.00
1746728974, 0, 387, 588, 577, 11, 6.28%, 0, 0, 5, 26.86
1746728979, 0, 387, 591, 580, 11, 6.28%, 0, 0, 5, 26.71
1746728984, 0, 387, 595, 584, 11, 6.28%, 0, 0, 5, 26.97
1746728990, 0, 387, 596, 585, 11, 6.28%, 0, 0, 5, 27.71
1746728995, 0, 387, 598, 587, 11, 6.28%, 0, 0, 5, 27.36
1746729000, 0, 387, 600, 589, 11, 6.28%, 0, 0, 5, 27.99
1746729005, 0, 387, 601, 590, 11, 6.28%, 0, 0, 5, 28.24
1746729010, 0, 387, 603, 592, 11, 6.28%, 0, 0, 5, 27.71
1746729015, 0, 387, 605, 594, 11, 6.28%, 0, 0, 5, 27.41
1746729020, 0, 387, 606, 595, 11, 6.28%, 0, 0, 5, 27.82
1746729025, 0, 387, 607, 596, 11, 6.28%, 0, 0, 5, 27.85
1746729030, 0, 387, 608, 597, 11, 6.28%, 0, 0, 5, 27.54
1746729041, 0, 387, 610, 599, 11, 6.28%, 0, 0, 5, 27.63
1746729046, 0, 387, 612, 601, 11, 6.28%, 0, 0, 5, 27.02
1746729051, 0, 387, 615, 604, 11, 6.28%, 0, 0, 5, 27.32
1746729056, 0, 387, 618, 607, 11, 6.28%, 0, 0, 5, 27.35
1746729061, 0, 387, 619, 608, 11, 6.28%, 0, 0, 5, 27.62
1746729066, 0, 387, 620, 609, 11, 6.29%, 0, 0, 5, 26.92
1746729076, 0, 387, 621, 610, 11, 6.29%, 0, 0, 5, 27.64
1746729091, 0, 387, 623, 612, 11, 6.29%, 0, 0, 5, 27.69
1746729096, 0, 387, 625, 614, 11, 6.29%, 0, 0, 5, 26.78
1746729106, 0, 387, 628, 617, 11, 6.29%, 0, 0, 5, 27.17
1746729111, 0, 387, 629, 618, 11, 6.29%, 0, 0, 5, 26.97
1746729127, 0, 387, 630, 619, 11, 6.29%, 0, 0, 5, 27.17
1746729142, 0, 387, 631, 620, 11, 6.29%, 0, 0, 5, 26.96
1746729152, 0, 387, 632, 621, 11, 6.29%, 0, 0, 5, 27.55
1746729162, 0, 387, 633, 622, 11, 6.29%, 0, 0, 5, 27.69
1746729167, 0, 387, 634, 623, 11, 6.29%, 0, 0, 5, 27.13
1746729172, 0, 387, 636, 625, 11, 6.29%, 0, 0, 5, 26.91
1746729193, 0, 387, 637, 626, 11, 6.29%, 0, 0, 5, 27.33
1746729198, 0, 387, 639, 628, 11, 6.29%, 0, 0, 5, 27.13
1746729213, 0, 387, 641, 630, 11, 6.29%, 0, 0, 5, 27.59
1746729223, 0, 387, 642, 631, 11, 6.29%, 0, 0, 5, 27.42
1746729228, 0, 387, 645, 634, 11, 6.29%, 0, 0, 5, 26.67
1746729234, 0, 387, 646, 635, 11, 6.29%, 0, 0, 5, 27.04
1746729264, 0, 387, 648, 637, 11, 6.29%, 0, 0, 5, 27.31
1746729274, 0, 387, 649, 638, 11, 6.29%, 0, 0, 5, 27.41
1746729284, 0, 387, 650, 639, 11, 6.29%, 0, 0, 5, 27.44
1746729300, 0, 387, 651, 640, 11, 6.34%, 0, 0, 5, 27.59
1746729310, 0, 387, 653, 642, 11, 6.34%, 0, 0, 5, 26.86
1746729315, 0, 387, 654, 643, 11, 6.34%, 0, 0, 5, 27.42
1746729381, 0, 387, 655, 644, 11, 6.34%, 0, 0, 5, 27.43
1746729411, 0, 387, 656, 645, 11, 6.34%, 0, 0, 5, 28.14
1746729417, 0, 387, 657, 646, 11, 6.34%, 0, 0, 5, 27.32
1746729422, 0, 387, 660, 649, 11, 6.34%, 0, 0, 5, 27.82
1746729437, 0, 387, 661, 650, 11, 6.34%, 0, 0, 5, 27.67
1746729478, 0, 387, 662, 651, 11, 6.34%, 0, 0, 5, 27.57
1746729493, 0, 387, 664, 653, 11, 6.34%, 0, 0, 5, 27.30
1746729529, 0, 387, 665, 654, 11, 6.34%, 0, 0, 5, 28.18
1746729575, 0, 387, 666, 655, 11, 6.34%, 0, 0, 5, 27.56
1746729580, 0, 387, 667, 656, 11, 6.34%, 0, 0, 5, 27.72
1746729585, 0, 387, 668, 657, 11, 6.34%, 0, 0, 5, 27.69
1746729626, 0, 387, 669, 658, 11, 6.34%, 0, 0, 5, 27.54
1746729636, 0, 387, 670, 659, 11, 6.34%, 0, 0, 5, 27.63
1746729682, 0, 387, 671, 660, 11, 6.34%, 0, 0, 5, 27.45
1746729713, 0, 387, 672, 661, 11, 6.34%, 0, 0, 5, 27.90
1746729723, 0, 387, 673, 662, 11, 6.34%, 0, 0, 5, 27.50
1746729764, 0, 387, 674, 663, 11, 6.34%, 0, 0, 5, 27.49
1746729785, 0, 387, 675, 664, 11, 6.34%, 0, 0, 5, 27.68
1746729810, 0, 387, 676, 665, 11, 6.34%, 0, 0, 5, 27.55
1746729856, 0, 421, 676, 664, 12, 6.34%, 0, 0, 5, 28.54
1746730784, 0, 479, 676, 663, 12, 6.34%, 0, 0, 5, 29.71
1746731862, 0, 483, 676, 662, 11, 6.34%, 0, 0, 5, 30.54
1746734882, 0, 483, 677, 663, 11, 6.34%, 0, 0, 6, 32.64
1746734959, 0, 511, 677, 662, 10, 6.34%, 0, 0, 6, 30.67
1746738380, 0, 511, 678, 663, 10, 6.34%, 0, 0, 6, 29.50
1746738437, 0, 511, 679, 664, 10, 6.34%, 0, 0, 6, 28.61
1746738575, 0, 528, 679, 663, 9, 6.34%, 0, 0, 6, 30.88
1746739958, 0, 528, 680, 664, 9, 6.34%, 0, 0, 6, 33.10
1746739969, 0, 528, 683, 667, 9, 6.34%, 0, 0, 6, 33.36
1746739974, 0, 528, 684, 668, 9, 6.34%, 0, 0, 6, 33.31
1746739979, 0, 528, 685, 669, 9, 6.34%, 0, 0, 6, 33.31
1746739984, 0, 528, 686, 670, 9, 6.34%, 0, 0, 6, 33.21
1746739989, 0, 528, 687, 671, 9, 6.34%, 0, 0, 6, 33.35
1746739999, 0, 528, 688, 672, 9, 6.34%, 0, 0, 6, 33.28
1746740030, 0, 528, 689, 673, 9, 6.34%, 0, 0, 6, 33.19
1746740050, 0, 528, 691, 675, 9, 6.34%, 0, 0, 6, 33.32
1746740055, 0, 528, 692, 676, 9, 6.34%, 0, 0, 6, 33.15
1746740107, 0, 528, 693, 677, 9, 6.34%, 0, 0, 6, 33.42
1746740117, 0, 528, 694, 678, 9, 6.34%, 0, 0, 6, 33.70
1746740132, 0, 528, 696, 680, 9, 6.34%, 0, 0, 6, 33.45
1746740199, 0, 528, 697, 681, 9, 6.34%, 0, 0, 6, 33.07
1746740235, 0, 528, 698, 682, 9, 6.34%, 0, 0, 6, 33.07
1746740261, 0, 528, 699, 683, 9, 6.34%, 0, 0, 6, 33.62
1746740395, 0, 528, 700, 684, 9, 6.34%, 0, 0, 6, 33.02
1746740421, 0, 528, 701, 685, 9, 6.34%, 0, 0, 6, 33.41
1746740934, 0, 529, 701, 684, 8, 6.34%, 0, 0, 6, 34.29
1746741559, 0, 529, 702, 685, 8, 6.34%, 0, 0, 6, 33.94
1746741637, 0, 541, 702, 684, 7, 6.34%, 0, 0, 6, 32.05
1746743142, 0, 554, 702, 683, 6, 6.34%, 0, 0, 6, 28.53
1746744569, 0, 554, 703, 684, 6, 6.34%, 0, 0, 6, 27.84
1746744661, 0, 554, 704, 685, 6, 6.34%, 0, 0, 6, 27.81
1746744763, 0, 554, 705, 686, 6, 6.34%, 0, 0, 6, 27.74
1746744861, 0, 554, 706, 687, 6, 6.34%, 0, 0, 6, 28.13
1746744973, 0, 554, 707, 688, 6, 6.34%, 0, 0, 6, 27.58
1746745014, 0, 554, 708, 689, 6, 6.34%, 0, 0, 6, 28.17
1746745065, 0, 554, 709, 690, 6, 6.34%, 0, 0, 6, 27.27
1746745116, 0, 554, 710, 691, 6, 6.34%, 0, 0, 6, 27.80
1746745163, 0, 554, 711, 692, 6, 6.34%, 0, 0, 6, 28.20
1746745224, 0, 554, 712, 693, 6, 6.34%, 0, 0, 6, 27.48
1746745229, 0, 554, 713, 694, 6, 6.34%, 0, 0, 6, 27.52
1746745321, 0, 554, 714, 695, 6, 6.34%, 0, 0, 6, 28.01
1746745408, 0, 554, 715, 696, 6, 6.34%, 0, 0, 6, 27.89
1746745433, 0, 568, 715, 695, 5, 6.34%, 0, 0, 6, 27.90
1746746791, 0, 568, 716, 696, 5, 6.34%, 0, 0, 6, 28.32
1746746853, 0, 650, 716, 695, 4, 6.34%, 0, 0, 6, 23.38
1746747034, 0, 650, 720, 699, 4, 6.34%, 0, 0, 6, 20.25
1746747039, 0, 650, 721, 700, 4, 6.34%, 0, 0, 6, 20.38
1746747044, 0, 650, 722, 701, 4, 6.34%, 0, 0, 6, 20.31
1746747049, 0, 650, 723, 702, 4, 6.34%, 0, 0, 6, 20.25
1746747055, 0, 650, 724, 703, 4, 6.34%, 0, 0, 6, 20.23
1746747060, 0, 650, 726, 705, 4, 6.34%, 0, 0, 6, 20.21
1746747080, 0, 650, 728, 707, 4, 6.34%, 0, 0, 6, 20.21
1746747303, 0, 650, 729, 708, 4, 6.34%, 0, 0, 6, 20.22
1746747350, 0, 650, 730, 709, 4, 6.34%, 0, 0, 6, 20.20
1746747759, 0, 650, 732, 711, 4, 6.34%, 0, 0, 6, 20.26
1746747764, 0, 650, 735, 714, 4, 6.34%, 0, 0, 6, 20.21
1746752948, 0, 650, 738, 717, 4, 6.34%, 0, 0, 6, 20.65
1746752954, 0, 650, 742, 721, 4, 6.34%, 0, 0, 6, 21.33
1746752959, 0, 650, 745, 724, 4, 6.34%, 0, 0, 6, 21.46
1746752964, 0, 650, 749, 728, 4, 6.35%, 0, 0, 6, 20.80
1746752969, 0, 650, 754, 733, 4, 6.35%, 0, 0, 6, 21.52
1746752974, 0, 650, 759, 738, 4, 6.38%, 0, 0, 6, 21.21
1746752979, 0, 650, 762, 741, 4, 6.38%, 0, 0, 6, 21.67
1746752984, 0, 650, 763, 742, 4, 6.38%, 0, 0, 6, 21.65
1746752990, 0, 650, 765, 744, 4, 6.51%, 0, 0, 6, 21.63
1746752995, 0, 650, 767, 746, 4, 6.51%, 0, 0, 6, 21.91
1746753000, 0, 650, 769, 748, 4, 6.51%, 0, 0, 6, 21.70
1746753005, 0, 650, 770, 749, 4, 6.51%, 0, 0, 6, 21.74
1746753010, 0, 650, 771, 750, 4, 6.51%, 0, 0, 6, 21.48
1746753015, 0, 650, 773, 752, 4, 6.51%, 0, 0, 6, 21.66
1746753021, 0, 650, 774, 753, 4, 6.52%, 0, 0, 6, 22.10
1746753026, 0, 650, 776, 755, 4, 6.52%, 0, 0, 6, 21.66
1746753031, 0, 650, 778, 757, 4, 6.53%, 0, 0, 6, 21.05
1746753036, 0, 650, 779, 758, 4, 6.53%, 0, 0, 6, 21.16
1746753041, 0, 650, 780, 759, 4, 6.53%, 0, 0, 6, 21.87
1746753051, 0, 650, 783, 762, 4, 6.53%, 0, 0, 6, 21.49
1746753061, 0, 650, 784, 763, 4, 6.54%, 0, 0, 6, 21.95
1746753072, 0, 650, 786, 765, 4, 6.54%, 0, 0, 6, 21.59
1746753087, 0, 650, 788, 767, 4, 6.54%, 0, 0, 6, 21.70
1746753092, 0, 650, 789, 768, 4, 6.54%, 0, 0, 6, 22.27
1746753097, 0, 650, 790, 769, 4, 6.54%, 0, 0, 6, 22.08
1746753123, 0, 650, 791, 770, 4, 6.54%, 0, 0, 6, 22.11
1746753133, 0, 650, 792, 771, 4, 6.54%, 0, 0, 6, 22.03
1746753179, 0, 650, 793, 772, 4, 6.54%, 0, 0, 6, 21.66
1746753194, 0, 650, 795, 774, 4, 6.54%, 0, 0, 6, 21.66
1746753215, 0, 650, 796, 775, 4, 6.54%, 0, 0, 6, 21.58
1746753220, 0, 650, 797, 776, 4, 6.54%, 0, 0, 6, 21.89
1746753225, 0, 650, 798, 777, 4, 6.54%, 0, 0, 6, 21.80
1746753250, 0, 650, 799, 778, 4, 6.54%, 0, 0, 6, 21.84
1746753256, 0, 650, 800, 779, 4, 6.54%, 0, 0, 6, 21.77
1746753266, 0, 650, 801, 780, 4, 6.54%, 0, 0, 6, 21.46
1746753271, 0, 650, 803, 782, 4, 6.54%, 0, 0, 6, 21.70
1746753297, 0, 650, 804, 783, 4, 6.54%, 0, 0, 6, 22.28
1746753307, 0, 650, 805, 784, 4, 6.54%, 0, 0, 6, 22.13
1746753312, 0, 650, 806, 785, 4, 6.54%, 0, 0, 6, 22.04
1746753317, 0, 650, 807, 786, 4, 6.54%, 0, 0, 6, 21.67
1746753358, 0, 650, 808, 787, 4, 6.54%, 0, 0, 6, 21.73
1746753383, 0, 650, 809, 788, 4, 6.54%, 0, 0, 6, 22.23
1746753393, 0, 650, 810, 789, 4, 6.54%, 0, 0, 6, 21.29
1746753404, 0, 650, 811, 790, 4, 6.54%, 0, 0, 6, 21.61
1746753409, 0, 650, 813, 792, 4, 6.54%, 0, 0, 6, 22.00
1746753470, 0, 650, 814, 793, 4, 6.54%, 0, 0, 6, 21.56
1746753485, 0, 650, 815, 794, 4, 6.54%, 0, 0, 6, 21.85
1746753501, 0, 650, 816, 795, 4, 6.54%, 0, 0, 6, 21.55
1746753547, 0, 650, 818, 797, 4, 6.54%, 0, 0, 6, 21.77
1746753552, 0, 650, 819, 798, 4, 6.54%, 0, 0, 6, 21.81
1746753577, 0, 650, 820, 799, 4, 6.54%, 0, 0, 6, 22.58
1746753762, 0, 650, 821, 800, 4, 6.54%, 0, 0, 6, 21.63
1746753803, 0, 650, 822, 801, 4, 6.54%, 0, 0, 6, 21.59
1746753813, 0, 650, 823, 802, 4, 6.54%, 0, 0, 6, 21.73
1746753839, 0, 650, 824, 803, 4, 6.54%, 0, 0, 6, 22.16
1746753905, 0, 650, 825, 804, 4, 6.54%, 0, 0, 6, 21.63
1746753946, 0, 650, 826, 805, 4, 6.54%, 0, 0, 6, 21.92
1746753997, 0, 650, 827, 806, 4, 6.54%, 0, 0, 6, 21.62
1746754007, 0, 650, 828, 807, 4, 6.54%, 0, 0, 6, 21.99
1746754105, 0, 693, 828, 806, 8, 6.54%, 0, 0, 6, 27.35
