# unix_time, cycles_done, cur_path, paths_total, pending_total, pending_favs, map_size, unique_crashes, unique_hangs, max_depth, execs_per_sec
1747409881, 0, 0, 1, 1, 1, 0.03%, 0, 0, 1, 800.00
1747409886, 0, 9, 13, 8, 1, 0.05%, 0, 0, 5, 2688.07
1747409891, 1, 8, 16, 7, 0, 0.05%, 0, 0, 6, 3093.25
1747409896, 2, 14, 18, 7, 0, 0.05%, 0, 0, 6, 3172.26
1747409901, 4, 16, 18, 4, 0, 0.05%, 0, 0, 6, 3187.08
1747409906, 7, 15, 20, 5, 0, 0.05%, 0, 0, 6, 3205.63
1747409911, 8, 19, 22, 6, 0, 0.05%, 0, 0, 7, 3009.80
1747409916, 8, 19, 23, 7, 0, 0.05%, 0, 0, 7, 3125.88
1747409921, 8, 22, 25, 8, 0, 0.05%, 0, 0, 8, 3093.91
1747409926, 8, 22, 27, 10, 0, 0.05%, 0, 0, 8, 3046.43
1747409936, 8, 24, 27, 9, 0, 0.05%, 0, 0, 8, 2973.76
1747409946, 9, 20, 27, 8, 0, 0.05%, 0, 0, 8, 3141.57
1747409951, 9, 23, 27, 7, 0, 0.05%, 0, 0, 8, 3034.91
1747409956, 9, 26, 27, 6, 0, 0.05%, 0, 0, 8, 2843.93
1747409967, 11, 23, 27, 4, 0, 0.05%, 0, 0, 8, 3119.74
1747409972, 11, 25, 27, 4, 0, 0.05%, 0, 0, 8, 2704.06
1747409982, 12, 21, 27, 2, 0, 0.05%, 0, 0, 8, 2953.76
1747409987, 13, 19, 27, 1, 0, 0.05%, 0, 0, 8, 3076.91
1747409992, 14, 18, 27, 1, 0, 0.05%, 0, 0, 8, 3088.78
1747409997, 18, 10, 27, 0, 0, 0.05%, 0, 0, 8, 3132.94
1747410003, 22, 10, 27, 0, 0, 0.05%, 0, 0, 8, 3066.88
1747410008, 24, 24, 27, 0, 0, 0.05%, 0, 0, 8, 3056.38
1747410013, 28, 23, 27, 0, 0, 0.05%, 0, 0, 8, 3063.61
1747410018, 33, 5, 27, 0, 0, 0.05%, 0, 0, 8, 3078.38
1747410023, 37, 8, 27, 0, 0, 0.05%, 0, 0, 8, 3083.57
1747410028, 41, 20, 27, 0, 0, 0.05%, 0, 0, 8, 3095.09
1747410033, 46, 10, 27, 0, 0, 0.05%, 0, 0, 8, 3106.18
1747410038, 52, 4, 27, 0, 0, 0.05%, 0, 0, 8, 3116.92
1747410044, 56, 26, 27, 0, 0, 0.05%, 0, 0, 8, 3099.65
1747410049, 59, 10, 27, 0, 0, 0.05%, 0, 0, 8, 3093.59
1747410054, 63, 21, 27, 0, 0, 0.05%, 0, 0, 8, 3089.98
1747410059, 67, 3, 27, 0, 0, 0.05%, 0, 0, 8, 3087.53
1747410064, 70, 10, 27, 0, 0, 0.05%, 0, 0, 8, 3101.06
1747410069, 75, 10, 27, 0, 0, 0.05%, 0, 0, 8, 3104.63
1747410074, 81, 3, 27, 0, 0, 0.05%, 0, 0, 8, 3106.04
1747410079, 85, 16, 27, 0, 0, 0.05%, 0, 0, 8, 3099.21
1747410085, 90, 10, 27, 0, 0, 0.05%, 0, 0, 8, 3106.12
1747410090, 94, 16, 27, 0, 0, 0.05%, 0, 0, 8, 3111.22
1747410095, 98, 12, 27, 0, 0, 0.05%, 0, 0, 8, 3079.55
1747410100, 103, 4, 27, 0, 0, 0.05%, 0, 0, 8, 3080.40
1747410105, 109, 3, 27, 0, 0, 0.05%, 0, 0, 8, 3076.78
1747410110, 114, 17, 27, 0, 0, 0.05%, 0, 0, 8, 3106.75
1747410115, 119, 10, 27, 0, 0, 0.05%, 0, 0, 8, 3112.09
1747410121, 123, 10, 27, 0, 0, 0.05%, 0, 0, 8, 3111.76
1747410126, 128, 10, 27, 0, 0, 0.05%, 0, 0, 8, 3097.04
1747410131, 134, 16, 27, 0, 0, 0.05%, 0, 0, 8, 3109.29
1747410136, 138, 4, 27, 0, 0, 0.05%, 0, 0, 8, 3080.16
1747410141, 141, 18, 27, 0, 0, 0.05%, 0, 0, 8, 3079.15
1747410146, 144, 12, 27, 0, 0, 0.05%, 0, 0, 8, 3077.92
1747410151, 149, 17, 27, 0, 0, 0.05%, 0, 0, 8, 3077.75
1747410156, 154, 10, 27, 0, 0, 0.05%, 0, 0, 8, 3066.92
1747410161, 159, 10, 27, 0, 0, 0.05%, 0, 0, 8, 3050.27
1747410166, 162, 10, 27, 0, 0, 0.05%, 0, 0, 8, 3050.76
1747410171, 167, 10, 27, 0, 0, 0.05%, 0, 0, 8, 3035.62
1747410176, 171, 10, 27, 0, 0, 0.05%, 0, 0, 8, 3035.29
1747410182, 176, 10, 27, 0, 0, 0.05%, 0, 0, 8, 3012.17
1747410187, 180, 10, 27, 0, 0, 0.05%, 0, 0, 8, 2971.35
1747410192, 186, 3, 27, 0, 0, 0.05%, 0, 0, 8, 2984.53
1747410197, 190, 10, 27, 0, 0, 0.05%, 0, 0, 8, 2994.51
1747410202, 195, 4, 27, 0, 0, 0.05%, 0, 0, 8, 2978.73
1747410207, 198, 24, 27, 0, 0, 0.05%, 0, 0, 8, 2975.16
1747410212, 202, 21, 27, 0, 0, 0.05%, 0, 0, 8, 2973.87
1747410217, 208, 9, 27, 0, 0, 0.05%, 0, 0, 8, 2956.93
1747410222, 212, 10, 27, 0, 0, 0.05%, 0, 0, 8, 2951.52
1747410227, 217, 24, 27, 0, 0, 0.05%, 0, 0, 8, 2946.26
1747410232, 222, 3, 27, 0, 0, 0.05%, 0, 0, 8, 2941.46
1747410237, 227, 4, 27, 0, 0, 0.05%, 0, 0, 8, 2951.29
1747410242, 231, 10, 27, 0, 0, 0.05%, 0, 0, 8, 2953.52
1747410248, 234, 10, 27, 0, 0, 0.05%, 0, 0, 8, 2912.51
1747410253, 239, 3, 27, 0, 0, 0.05%, 0, 0, 8, 2914.87
1747410258, 243, 24, 27, 0, 0, 0.05%, 0, 0, 8, 2921.21
1747410263, 248, 26, 27, 0, 0, 0.05%, 0, 0, 8, 2919.80
1747410268, 252, 21, 27, 0, 0, 0.05%, 0, 0, 8, 2918.51
1747410273, 257, 20, 27, 0, 0, 0.05%, 0, 0, 8, 2909.38
1747410278, 262, 10, 27, 0, 0, 0.05%, 0, 0, 8, 2912.35
1747410283, 267, 10, 27, 0, 0, 0.05%, 0, 0, 8, 2918.69
1747410288, 272, 10, 27, 0, 0, 0.05%, 0, 0, 8, 2898.38
1747410293, 276, 10, 27, 0, 0, 0.05%, 0, 0, 8, 2910.02
1747410298, 278, 3, 27, 0, 0, 0.05%, 0, 0, 8, 2879.17
1747410303, 281, 10, 27, 0, 0, 0.05%, 0, 0, 8, 2891.88
1747410308, 285, 4, 27, 0, 0, 0.05%, 0, 0, 8, 2914.10
1747410313, 290, 15, 27, 0, 0, 0.05%, 0, 0, 8, 2922.23
1747410318, 295, 10, 27, 0, 0, 0.05%, 0, 0, 8, 2909.05
1747410324, 300, 4, 27, 0, 0, 0.05%, 0, 0, 8, 2900.44
1747410329, 304, 4, 27, 0, 0, 0.05%, 0, 0, 8, 2908.17
1747410334, 307, 4, 27, 0, 0, 0.05%, 0, 0, 8, 2904.81
1747410339, 311, 10, 27, 0, 0, 0.05%, 0, 0, 8, 2895.41
1747410344, 315, 5, 27, 0, 0, 0.05%, 0, 0, 8, 2891.39
1747410349, 317, 22, 28, 1, 0, 0.05%, 0, 0, 8, 2884.60
1747410354, 322, 27, 28, 1, 0, 0.05%, 0, 0, 8, 2886.18
1747410359, 322, 27, 30, 3, 0, 0.05%, 0, 0, 8, 2896.24
1747410364, 325, 3, 30, 2, 0, 0.05%, 0, 0, 8, 2903.74
1747410369, 325, 29, 31, 3, 0, 0.05%, 0, 0, 9, 2903.76
1747410380, 326, 30, 33, 4, 0, 0.05%, 0, 0, 10, 2880.46
1747410390, 327, 10, 33, 3, 0, 0.05%, 0, 0, 10, 2897.49
1747410395, 327, 28, 33, 3, 0, 0.05%, 0, 0, 10, 2910.88
1747410400, 328, 31, 33, 2, 0, 0.05%, 0, 0, 10, 2886.16
1747410410, 332, 33, 35, 3, 0, 0.05%, 0, 0, 10, 2800.00
1747410415, 332, 33, 36, 4, 0, 0.05%, 0, 0, 10, 2836.32
1747410426, 333, 32, 37, 4, 0, 0.05%, 0, 0, 10, 2803.09
1747410436, 334, 35, 37, 3, 0, 0.05%, 0, 0, 10, 2730.98
1747410441, 335, 23, 37, 2, 0, 0.05%, 0, 0, 10, 2856.17
1747410446, 336, 34, 37, 2, 0, 0.05%, 0, 0, 10, 2771.19
1747410456, 339, 10, 37, 1, 0, 0.05%, 0, 0, 10, 2804.13
1747410461, 341, 36, 37, 1, 0, 0.05%, 0, 0, 10, 2691.15
1747410471, 343, 11, 37, 0, 0, 0.05%, 0, 0, 10, 2880.92
1747410476, 346, 15, 37, 0, 0, 0.05%, 0, 0, 10, 2847.16
1747410482, 348, 36, 37, 0, 0, 0.05%, 0, 0, 10, 2838.00
1747410487, 351, 13, 37, 0, 0, 0.05%, 0, 0, 10, 2844.05
1747410492, 352, 36, 37, 0, 0, 0.05%, 0, 0, 10, 2834.98
1747410497, 355, 10, 37, 0, 0, 0.05%, 0, 0, 10, 2876.69
1747410502, 358, 36, 37, 0, 0, 0.05%, 0, 0, 10, 2872.69
1747410507, 361, 13, 37, 0, 0, 0.05%, 0, 0, 10, 2839.20
1747410513, 363, 33, 37, 0, 0, 0.05%, 0, 0, 10, 2844.44
1747410518, 366, 2, 37, 0, 0, 0.05%, 0, 0, 10, 2869.74
1747410523, 367, 32, 37, 0, 0, 0.05%, 0, 0, 10, 2862.76
1747410528, 369, 8, 37, 0, 0, 0.05%, 0, 0, 10, 2869.31
1747410533, 370, 19, 37, 0, 0, 0.05%, 0, 0, 10, 2856.00
1747410538, 372, 27, 37, 0, 0, 0.05%, 0, 0, 10, 2821.68
1747410543, 375, 10, 37, 0, 0, 0.05%, 0, 0, 10, 2864.37
1747410548, 377, 32, 37, 0, 0, 0.05%, 0, 0, 10, 2756.35
1747410553, 380, 10, 37, 0, 0, 0.05%, 0, 0, 10, 2768.33
1747410558, 381, 10, 37, 0, 0, 0.05%, 0, 0, 10, 2847.71
1747410563, 383, 17, 37, 0, 0, 0.05%, 0, 0, 10, 2816.40
1747410568, 384, 25, 37, 0, 0, 0.05%, 0, 0, 10, 2802.41
1747410573, 386, 29, 37, 0, 0, 0.05%, 0, 0, 10, 2844.73
1747410578, 388, 28, 37, 0, 0, 0.05%, 0, 0, 10, 2886.82
1747410583, 390, 26, 37, 0, 0, 0.05%, 0, 0, 10, 2891.01
1747410589, 395, 3, 37, 0, 0, 0.05%, 0, 0, 10, 2904.94
1747410594, 397, 17, 37, 0, 0, 0.05%, 0, 0, 10, 2926.12
1747410599, 399, 35, 38, 1, 0, 0.05%, 0, 0, 10, 2872.93
1747410604, 400, 37, 38, 1, 0, 0.05%, 0, 0, 10, 2361.48
1747410614, 402, 19, 38, 0, 0, 0.05%, 0, 0, 10, 2838.81
1747410619, 404, 10, 38, 0, 0, 0.05%, 0, 0, 10, 2869.98
1747410624, 407, 20, 38, 0, 0, 0.05%, 0, 0, 10, 2850.42
1747410629, 408, 10, 38, 0, 0, 0.05%, 0, 0, 10, 2799.10
1747410635, 409, 34, 38, 0, 0, 0.05%, 0, 0, 10, 2858.15
1747410640, 412, 17, 38, 0, 0, 0.05%, 0, 0, 10, 2898.69
1747410645, 418, 10, 38, 0, 0, 0.05%, 0, 0, 10, 2913.50
1747410650, 419, 36, 38, 0, 0, 0.05%, 0, 0, 10, 2795.29
1747410655, 423, 31, 38, 0, 0, 0.05%, 0, 0, 10, 2870.95
1747410660, 424, 35, 38, 0, 0, 0.05%, 0, 0, 10, 2709.97
1747410665, 426, 28, 38, 0, 0, 0.05%, 0, 0, 10, 2851.16
1747410670, 427, 37, 38, 0, 0, 0.05%, 0, 0, 10, 2695.64
1747410675, 429, 30, 38, 0, 0, 0.05%, 0, 0, 10, 2838.74
1747410680, 431, 32, 38, 0, 0, 0.05%, 0, 0, 10, 2848.31
1747410685, 433, 28, 38, 0, 0, 0.05%, 0, 0, 10, 2853.90
1747410690, 434, 29, 38, 0, 0, 0.05%, 0, 0, 10, 2864.87
1747410695, 437, 19, 38, 0, 0, 0.05%, 0, 0, 10, 2867.64
1747410700, 437, 37, 38, 0, 0, 0.05%, 0, 0, 10, 2829.40
1747410705, 438, 29, 38, 0, 0, 0.05%, 0, 0, 10, 2849.97
1747410710, 441, 10, 38, 0, 0, 0.05%, 0, 0, 10, 2770.42
1747410715, 442, 4, 38, 0, 0, 0.05%, 0, 0, 10, 2680.11
1747410720, 443, 28, 38, 0, 0, 0.05%, 0, 0, 10, 2515.71
1747410726, 444, 30, 38, 0, 0, 0.05%, 0, 0, 10, 2747.05
1747410731, 446, 30, 38, 0, 0, 0.05%, 0, 0, 10, 2850.52
1747410736, 447, 19, 38, 0, 0, 0.05%, 0, 0, 10, 2815.29
1747410741, 450, 31, 38, 0, 0, 0.05%, 0, 0, 10, 2672.96
1747410746, 452, 31, 38, 0, 0, 0.05%, 0, 0, 10, 2779.64
1747410751, 454, 10, 38, 0, 0, 0.05%, 0, 0, 10, 2828.41
1747410756, 456, 31, 38, 0, 0, 0.05%, 0, 0, 10, 2814.37
1747410761, 457, 34, 38, 0, 0, 0.05%, 0, 0, 10, 2835.89
1747410767, 459, 30, 38, 0, 0, 0.05%, 0, 0, 10, 2860.61
1747410772, 461, 26, 38, 0, 0, 0.05%, 0, 0, 10, 2874.68
1747410777, 463, 10, 38, 0, 0, 0.05%, 0, 0, 10, 2881.61
1747410782, 464, 29, 38, 0, 0, 0.05%, 0, 0, 10, 2908.95
1747410787, 465, 10, 38, 0, 0, 0.05%, 0, 0, 10, 2855.87
1747410792, 465, 31, 38, 0, 0, 0.05%, 0, 0, 10, 2905.76
1747410797, 467, 35, 38, 0, 0, 0.05%, 0, 0, 10, 2921.03
1747410802, 469, 0, 38, 0, 0, 0.05%, 0, 0, 10, 2816.08
1747410807, 470, 32, 38, 0, 0, 0.05%, 0, 0, 10, 2863.28
1747410812, 473, 28, 38, 0, 0, 0.05%, 0, 0, 10, 2844.48
1747410817, 474, 10, 38, 0, 0, 0.05%, 0, 0, 10, 2845.56
1747410822, 476, 34, 38, 0, 0, 0.05%, 0, 0, 10, 2902.82
1747410827, 477, 36, 38, 0, 0, 0.05%, 0, 0, 10, 2829.40
1747410832, 479, 14, 38, 0, 0, 0.05%, 0, 0, 10, 2732.34
1747410837, 481, 36, 38, 0, 0, 0.05%, 0, 0, 10, 2840.12
1747410842, 484, 4, 38, 0, 0, 0.05%, 0, 0, 10, 2871.66
1747410847, 485, 30, 38, 0, 0, 0.05%, 0, 0, 10, 2718.57
1747410853, 487, 21, 38, 0, 0, 0.05%, 0, 0, 10, 2646.36
1747410858, 488, 36, 38, 0, 0, 0.05%, 0, 0, 10, 2569.66
1747410863, 489, 28, 38, 0, 0, 0.05%, 0, 0, 10, 2760.92
1747410868, 491, 10, 38, 0, 0, 0.05%, 0, 0, 10, 2815.68
1747410873, 492, 19, 38, 0, 0, 0.05%, 0, 0, 10, 2819.28
1747410878, 493, 13, 38, 0, 0, 0.05%, 0, 0, 10, 2826.02
1747410883, 495, 18, 38, 0, 0, 0.05%, 0, 0, 10, 2868.00
1747410888, 497, 35, 38, 0, 0, 0.05%, 0, 0, 10, 2846.92
1747410893, 499, 30, 38, 0, 0, 0.05%, 0, 0, 10, 2855.83
1747410899, 501, 30, 38, 0, 0, 0.05%, 0, 0, 10, 2757.68
1747410904, 502, 29, 38, 0, 0, 0.05%, 0, 0, 10, 2580.57
1747410909, 503, 36, 38, 0, 0, 0.05%, 0, 0, 10, 2731.20
1747410914, 506, 10, 38, 0, 0, 0.05%, 0, 0, 10, 2748.79
1747410919, 509, 27, 38, 0, 0, 0.05%, 0, 0, 10, 2749.11
1747410924, 510, 16, 38, 0, 0, 0.05%, 0, 0, 10, 2795.38
1747410929, 513, 10, 38, 0, 0, 0.05%, 0, 0, 10, 2681.85
1747410934, 513, 29, 38, 0, 0, 0.05%, 0, 0, 10, 2529.61
1747410939, 514, 35, 38, 0, 0, 0.05%, 0, 0, 10, 2518.87
1747410944, 515, 32, 38, 0, 0, 0.05%, 0, 0, 10, 2836.00
1747410949, 517, 10, 38, 0, 0, 0.05%, 0, 0, 10, 2896.20
1747410954, 522, 10, 38, 0, 0, 0.05%, 0, 0, 10, 2921.12
1747410960, 524, 24, 38, 0, 0, 0.05%, 0, 0, 10, 2917.45
1747410965, 527, 4, 38, 0, 0, 0.05%, 0, 0, 10, 2913.91
1747410970, 531, 21, 38, 0, 0, 0.05%, 0, 0, 10, 2877.50
1747410975, 533, 28, 38, 0, 0, 0.05%, 0, 0, 10, 2871.96
1747410980, 535, 23, 38, 0, 0, 0.05%, 0, 0, 10, 2860.69
1747410985, 537, 27, 38, 0, 0, 0.05%, 0, 0, 10, 2862.13
1747410990, 539, 10, 38, 0, 0, 0.05%, 0, 0, 10, 2858.35
1747410995, 541, 4, 38, 0, 0, 0.05%, 0, 0, 10, 2855.34
1747411000, 542, 27, 38, 0, 0, 0.05%, 0, 0, 10, 2447.62
1747411005, 543, 26, 38, 0, 0, 0.05%, 0, 0, 10, 2444.29
1747411010, 544, 37, 38, 0, 0, 0.05%, 0, 0, 10, 2727.13
1747411015, 545, 30, 38, 0, 0, 0.05%, 0, 0, 10, 2874.76
1747411020, 546, 3, 38, 0, 0, 0.05%, 0, 0, 10, 2884.34
1747411026, 548, 35, 38, 0, 0, 0.05%, 0, 0, 10, 2878.90
1747411031, 550, 33, 38, 0, 0, 0.05%, 0, 0, 10, 2720.31
1747411036, 555, 7, 38, 0, 0, 0.05%, 0, 0, 10, 2555.05
1747411041, 556, 25, 38, 0, 0, 0.05%, 0, 0, 10, 2543.25
1747411046, 559, 4, 38, 0, 0, 0.05%, 0, 0, 10, 2796.07
1747411051, 560, 18, 38, 0, 0, 0.05%, 0, 0, 10, 2784.24
1747411056, 561, 32, 38, 0, 0, 0.05%, 0, 0, 10, 2800.84
1747411061, 563, 0, 38, 0, 0, 0.05%, 0, 0, 10, 2874.80
1747411066, 564, 31, 38, 0, 0, 0.05%, 0, 0, 10, 2802.32
1747411072, 565, 10, 38, 0, 0, 0.05%, 0, 0, 10, 2814.56
1747411077, 567, 10, 38, 0, 0, 0.05%, 0, 0, 10, 2727.11
1747411082, 570, 37, 38, 0, 0, 0.05%, 0, 0, 10, 2846.88
1747411087, 574, 13, 38, 0, 0, 0.05%, 0, 0, 10, 2906.02
1747411092, 577, 10, 38, 0, 0, 0.05%, 0, 0, 10, 2753.51
1747411097, 578, 31, 38, 0, 0, 0.05%, 0, 0, 10, 2707.86
1747411102, 578, 32, 38, 0, 0, 0.05%, 0, 0, 10, 2768.82
1747411107, 581, 25, 38, 0, 0, 0.05%, 0, 0, 10, 2752.71
1747411112, 584, 10, 38, 0, 0, 0.05%, 0, 0, 10, 2836.32
1747411117, 586, 29, 38, 0, 0, 0.05%, 0, 0, 10, 2883.25
1747411122, 587, 28, 38, 0, 0, 0.05%, 0, 0, 10, 2911.72
1747411127, 589, 10, 38, 0, 0, 0.05%, 0, 0, 10, 2901.47
1747411132, 591, 10, 38, 0, 0, 0.05%, 0, 0, 10, 2906.09
1747411137, 597, 10, 38, 0, 0, 0.05%, 0, 0, 10, 2924.83
1747411142, 600, 25, 38, 0, 0, 0.05%, 0, 0, 10, 2892.59
1747411147, 602, 27, 38, 0, 0, 0.05%, 0, 0, 10, 2900.43
1747411152, 604, 13, 38, 0, 0, 0.05%, 0, 0, 10, 2894.79
1747411157, 606, 29, 38, 0, 0, 0.05%, 0, 0, 10, 2841.32
1747411162, 608, 24, 38, 0, 0, 0.05%, 0, 0, 10, 2762.06
1747411167, 609, 34, 38, 0, 0, 0.05%, 0, 0, 10, 2822.45
1747411172, 610, 28, 38, 0, 0, 0.05%, 0, 0, 10, 2893.53
1747411177, 611, 37, 38, 0, 0, 0.05%, 0, 0, 10, 2877.60
1747411182, 613, 31, 38, 0, 0, 0.05%, 0, 0, 10, 2869.13
1747411188, 615, 10, 38, 0, 0, 0.05%, 0, 0, 10, 2860.85
1747411193, 615, 29, 38, 0, 0, 0.05%, 0, 0, 10, 2845.26
1747411198, 615, 32, 38, 0, 0, 0.05%, 0, 0, 10, 2850.25
1747411203, 617, 3, 38, 0, 0, 0.05%, 0, 0, 10, 2835.46
1747411208, 618, 29, 38, 0, 0, 0.05%, 0, 0, 10, 2837.23
1747411213, 619, 30, 38, 0, 0, 0.05%, 0, 0, 10, 2859.72
1747411218, 621, 27, 38, 0, 0, 0.05%, 0, 0, 10, 2866.17
1747411223, 622, 32, 38, 0, 0, 0.05%, 0, 0, 10, 2856.35
1747411228, 623, 38, 41, 3, 0, 0.05%, 0, 0, 12, 2467.82
1747411244, 623, 38, 42, 4, 0, 0.05%, 0, 0, 12, 2267.51
1747411249, 623, 38, 43, 5, 0, 0.05%, 0, 0, 12, 2517.44
1747411254, 623, 40, 43, 4, 0, 0.05%, 0, 0, 12, 2220.52
1747411269, 624, 33, 43, 3, 0, 0.05%, 0, 0, 12, 2555.38
1747411274, 625, 34, 43, 3, 0, 0.05%, 0, 0, 12, 2711.34
1747411279, 626, 39, 43, 3, 0, 0.05%, 0, 0, 12, 2727.63
1747411295, 626, 42, 43, 2, 0, 0.05%, 0, 0, 12, 2220.21
1747411320, 627, 41, 43, 1, 0, 0.05%, 0, 0, 12, 2062.70
1747411340, 629, 42, 43, 0, 0, 0.05%, 0, 0, 12, 2709.11
1747411345, 631, 31, 43, 0, 0, 0.05%, 0, 0, 12, 2838.69
1747411350, 633, 10, 43, 0, 0, 0.05%, 0, 0, 12, 2884.72
1747411355, 634, 28, 43, 0, 0, 0.05%, 0, 0, 12, 2900.22
1747411360, 638, 41, 43, 0, 0, 0.05%, 0, 0, 12, 2859.10
1747411366, 641, 10, 43, 0, 0, 0.05%, 0, 0, 12, 2880.98
1747411371, 644, 10, 43, 0, 0, 0.05%, 0, 0, 12, 2859.55
1747411376, 646, 37, 43, 0, 0, 0.05%, 0, 0, 12, 2837.04
1747411381, 648, 19, 43, 0, 0, 0.05%, 0, 0, 12, 2872.20
1747411386, 650, 29, 43, 0, 0, 0.05%, 0, 0, 12, 2861.95
1747411391, 651, 33, 43, 0, 0, 0.05%, 0, 0, 12, 2802.22
1747411396, 654, 42, 43, 0, 0, 0.05%, 0, 0, 12, 2806.64
1747411401, 656, 22, 43, 0, 0, 0.05%, 0, 0, 12, 2737.83
1747411406, 658, 10, 43, 0, 0, 0.05%, 0, 0, 12, 2756.89
1747411411, 659, 42, 43, 0, 0, 0.05%, 0, 0, 12, 2712.60
1747411416, 662, 17, 43, 0, 0, 0.05%, 0, 0, 12, 2814.54
1747411421, 664, 35, 43, 0, 0, 0.05%, 0, 0, 12, 2817.29
1747411427, 667, 27, 43, 0, 0, 0.05%, 0, 0, 12, 2830.18
1747411432, 669, 24, 43, 0, 0, 0.05%, 0, 0, 12, 2867.38
1747411437, 671, 29, 43, 0, 0, 0.05%, 0, 0, 12, 2808.97
1747411442, 672, 32, 43, 0, 0, 0.05%, 0, 0, 12, 2673.10
1747411447, 675, 29, 43, 0, 0, 0.05%, 0, 0, 12, 2862.14
1747411452, 678, 4, 43, 0, 0, 0.05%, 0, 0, 12, 2781.26
1747411457, 680, 6, 43, 0, 0, 0.05%, 0, 0, 12, 2810.52
1747411462, 682, 27, 43, 0, 0, 0.05%, 0, 0, 12, 2831.67
1747411467, 685, 0, 43, 0, 0, 0.05%, 0, 0, 12, 2859.75
1747411473, 686, 29, 43, 0, 0, 0.05%, 0, 0, 12, 2882.52
1747411478, 686, 41, 44, 1, 0, 0.05%, 0, 0, 13, 2715.07
1747411483, 687, 41, 44, 1, 0, 0.05%, 0, 0, 13, 2785.07
1747411488, 687, 43, 44, 1, 0, 0.05%, 0, 0, 13, 1847.44
1747411524, 689, 4, 44, 0, 0, 0.05%, 0, 0, 13, 2624.47
1747411529, 689, 38, 44, 0, 0, 0.05%, 0, 0, 13, 2743.87
1747411534, 691, 10, 44, 0, 0, 0.05%, 0, 0, 13, 2779.87
1747411539, 692, 28, 44, 0, 0, 0.05%, 0, 0, 13, 2864.89
1747411544, 695, 4, 44, 0, 0, 0.05%, 0, 0, 13, 2863.58
1747411549, 696, 33, 44, 0, 0, 0.05%, 0, 0, 13, 2859.94
1747411554, 697, 38, 44, 0, 0, 0.05%, 0, 0, 13, 2765.38
1747411559, 698, 41, 44, 0, 0, 0.05%, 0, 0, 13, 2802.00
1747411564, 699, 29, 44, 0, 0, 0.05%, 0, 0, 13, 2796.58
1747411569, 703, 3, 44, 0, 0, 0.05%, 0, 0, 13, 2838.74
1747411574, 704, 31, 44, 0, 0, 0.05%, 0, 0, 13, 2848.55
1747411579, 707, 10, 44, 0, 0, 0.05%, 0, 0, 13, 2840.88
1747411584, 710, 14, 44, 0, 0, 0.05%, 0, 0, 13, 2828.68
1747411590, 712, 20, 44, 0, 0, 0.05%, 0, 0, 13, 2837.24
1747411595, 716, 10, 44, 0, 0, 0.05%, 0, 0, 13, 2869.50
1747411600, 717, 31, 44, 0, 0, 0.05%, 0, 0, 13, 2861.61
1747411605, 718, 39, 44, 0, 0, 0.05%, 0, 0, 13, 2619.95
1747411610, 719, 16, 44, 0, 0, 0.05%, 0, 0, 13, 2570.89
1747411615, 721, 29, 44, 0, 0, 0.05%, 0, 0, 13, 2729.50
1747411620, 722, 39, 44, 0, 0, 0.05%, 0, 0, 13, 2541.08
1747411625, 723, 10, 44, 0, 0, 0.05%, 0, 0, 13, 2716.13
1747411630, 724, 39, 44, 0, 0, 0.05%, 0, 0, 13, 2749.40
1747411636, 726, 39, 44, 0, 0, 0.05%, 0, 0, 13, 2794.35
1747411641, 727, 34, 44, 0, 0, 0.05%, 0, 0, 13, 2772.77
1747411646, 729, 26, 44, 0, 0, 0.05%, 0, 0, 13, 2771.95
1747411651, 731, 10, 44, 0, 0, 0.05%, 0, 0, 13, 2820.73
1747411656, 732, 10, 44, 0, 0, 0.05%, 0, 0, 13, 2827.96
1747411661, 733, 30, 44, 0, 0, 0.05%, 0, 0, 13, 2789.58
1747411666, 733, 37, 44, 0, 0, 0.05%, 0, 0, 13, 2785.99
1747411671, 736, 30, 44, 0, 0, 0.05%, 0, 0, 13, 2847.86
1747411676, 739, 27, 44, 0, 0, 0.05%, 0, 0, 13, 2880.82
1747411681, 741, 4, 44, 0, 0, 0.05%, 0, 0, 13, 2812.86
1747411686, 742, 41, 44, 0, 0, 0.05%, 0, 0, 13, 2746.00
1747411691, 743, 31, 44, 0, 0, 0.05%, 0, 0, 13, 2414.70
1747411696, 745, 1, 44, 0, 0, 0.05%, 0, 0, 13, 2682.37
1747411701, 745, 39, 44, 0, 0, 0.05%, 0, 0, 13, 2622.06
1747411706, 748, 26, 44, 0, 0, 0.05%, 0, 0, 13, 2779.93
1747411712, 749, 42, 44, 0, 0, 0.05%, 0, 0, 13, 2722.98
1747411717, 752, 10, 44, 0, 0, 0.05%, 0, 0, 13, 2825.41
1747411722, 753, 29, 44, 0, 0, 0.05%, 0, 0, 13, 2825.20
1747411727, 754, 25, 44, 0, 0, 0.05%, 0, 0, 13, 2839.25
1747411732, 755, 10, 44, 0, 0, 0.05%, 0, 0, 13, 2831.13
1747411737, 757, 32, 44, 0, 0, 0.05%, 0, 0, 13, 2857.66
1747411742, 759, 25, 44, 0, 0, 0.05%, 0, 0, 13, 2822.30
1747411747, 760, 36, 44, 0, 0, 0.05%, 0, 0, 13, 2840.06
1747411752, 762, 31, 44, 0, 0, 0.05%, 0, 0, 13, 2860.66
1747411757, 764, 11, 44, 0, 0, 0.05%, 0, 0, 13, 2855.75
1747411762, 765, 42, 44, 0, 0, 0.05%, 0, 0, 13, 2868.51
1747411767, 766, 43, 44, 0, 0, 0.05%, 0, 0, 13, 2745.53
1747411772, 768, 12, 44, 0, 0, 0.05%, 0, 0, 13, 2818.13
1747411777, 769, 10, 44, 0, 0, 0.05%, 0, 0, 13, 2718.31
1747411782, 771, 12, 44, 0, 0, 0.05%, 0, 0, 13, 2790.35
1747411787, 773, 4, 44, 0, 0, 0.05%, 0, 0, 13, 2689.61
1747411793, 775, 0, 44, 0, 0, 0.05%, 0, 0, 13, 2734.40
1747411798, 775, 31, 44, 0, 0, 0.05%, 0, 0, 13, 2567.65
1747411803, 776, 3, 44, 0, 0, 0.05%, 0, 0, 13, 2727.33
1747411808, 779, 34, 44, 0, 0, 0.05%, 0, 0, 13, 2803.81
1747411813, 780, 40, 44, 0, 0, 0.05%, 0, 0, 13, 2792.82
1747411818, 781, 40, 44, 0, 0, 0.05%, 0, 0, 13, 2757.19
1747411823, 783, 10, 44, 0, 0, 0.05%, 0, 0, 13, 2846.20
1747411828, 784, 4, 44, 0, 0, 0.05%, 0, 0, 13, 2800.94
1747411833, 785, 36, 44, 0, 0, 0.05%, 0, 0, 13, 2850.73
1747411838, 787, 29, 44, 0, 0, 0.05%, 0, 0, 13, 2891.71
1747411843, 790, 19, 44, 0, 0, 0.05%, 0, 0, 13, 2874.26
1747411848, 793, 34, 44, 0, 0, 0.05%, 0, 0, 13, 2863.42
1747411853, 794, 41, 44, 0, 0, 0.05%, 0, 0, 13, 2847.60
1747411858, 795, 27, 44, 0, 0, 0.05%, 0, 0, 13, 2805.91
1747411863, 796, 36, 44, 0, 0, 0.05%, 0, 0, 13, 2778.69
1747411868, 798, 34, 44, 0, 0, 0.05%, 0, 0, 13, 2811.45
1747411874, 801, 29, 44, 0, 0, 0.05%, 0, 0, 13, 2763.55
1747411879, 802, 9, 44, 0, 0, 0.05%, 0, 0, 13, 2706.09
1747411884, 804, 10, 44, 0, 0, 0.05%, 0, 0, 13, 2776.68
1747411889, 807, 0, 44, 0, 0, 0.05%, 0, 0, 13, 2664.51
1747411894, 808, 11, 44, 0, 0, 0.05%, 0, 0, 13, 2731.52
1747411899, 808, 39, 44, 0, 0, 0.05%, 0, 0, 13, 2635.56
1747411904, 811, 29, 44, 0, 0, 0.05%, 0, 0, 13, 2799.54
1747411909, 812, 10, 44, 0, 0, 0.05%, 0, 0, 13, 2710.71
1747411914, 814, 4, 44, 0, 0, 0.05%, 0, 0, 13, 2781.34
1747411919, 814, 31, 44, 0, 0, 0.05%, 0, 0, 13, 2676.93
1747411924, 815, 37, 44, 0, 0, 0.05%, 0, 0, 13, 2816.86
1747411929, 817, 29, 44, 0, 0, 0.05%, 0, 0, 13, 2824.07
1747411935, 819, 0, 44, 0, 0, 0.05%, 0, 0, 13, 2764.50
1747411940, 820, 33, 44, 0, 0, 0.05%, 0, 0, 13, 2783.97
1747411945, 821, 28, 44, 0, 0, 0.05%, 0, 0, 13, 2804.23
1747411950, 822, 33, 44, 0, 0, 0.05%, 0, 0, 13, 2779.80
1747411955, 823, 30, 44, 0, 0, 0.05%, 0, 0, 13, 2828.46
1747411960, 825, 16, 44, 0, 0, 0.05%, 0, 0, 13, 2772.53
1747411965, 826, 31, 44, 0, 0, 0.05%, 0, 0, 13, 2783.83
1747411970, 828, 25, 44, 0, 0, 0.05%, 0, 0, 13, 2808.86
1747411975, 830, 10, 44, 0, 0, 0.05%, 0, 0, 13, 2849.54
1747411980, 832, 10, 44, 0, 0, 0.05%, 0, 0, 13, 2763.78
1747411985, 833, 37, 44, 0, 0, 0.05%, 0, 0, 13, 2857.78
1747411990, 835, 10, 44, 0, 0, 0.05%, 0, 0, 13, 2906.55
1747411995, 835, 43, 44, 0, 0, 0.05%, 0, 0, 13, 2745.72
1747412000, 837, 36, 44, 0, 0, 0.05%, 0, 0, 13, 2833.58
1747412006, 839, 36, 44, 0, 0, 0.05%, 0, 0, 13, 2851.13
1747412011, 842, 5, 44, 0, 0, 0.05%, 0, 0, 13, 2831.07
1747412016, 843, 35, 44, 0, 0, 0.05%, 0, 0, 13, 2851.62
1747412021, 844, 40, 44, 0, 0, 0.05%, 0, 0, 13, 2767.51
1747412026, 847, 10, 44, 0, 0, 0.05%, 0, 0, 13, 2771.13
1747412031, 848, 22, 44, 0, 0, 0.05%, 0, 0, 13, 2817.39
1747412036, 850, 10, 44, 0, 0, 0.05%, 0, 0, 13, 2830.60
1747412041, 853, 27, 44, 0, 0, 0.05%, 0, 0, 13, 2773.38
1747412046, 853, 38, 44, 0, 0, 0.05%, 0, 0, 13, 2836.36
1747412051, 855, 3, 44, 0, 0, 0.05%, 0, 0, 13, 2824.49
1747412056, 857, 18, 44, 0, 0, 0.05%, 0, 0, 13, 2851.46
1747412061, 858, 41, 44, 0, 0, 0.05%, 0, 0, 13, 2825.84
1747412066, 859, 30, 44, 0, 0, 0.05%, 0, 0, 13, 2870.22
1747412071, 862, 12, 44, 0, 0, 0.05%, 0, 0, 13, 2887.25
1747412077, 863, 34, 44, 0, 0, 0.05%, 0, 0, 13, 2887.19
1747412082, 865, 40, 44, 0, 0, 0.05%, 0, 0, 13, 2874.87
1747412087, 867, 40, 44, 0, 0, 0.05%, 0, 0, 13, 2823.64
1747412092, 869, 38, 44, 0, 0, 0.05%, 0, 0, 13, 2816.65
1747412097, 871, 0, 44, 0, 0, 0.05%, 0, 0, 13, 2814.07
1747412102, 872, 4, 44, 0, 0, 0.05%, 0, 0, 13, 2843.18
1747412107, 874, 32, 44, 0, 0, 0.05%, 0, 0, 13, 2828.81
1747412112, 876, 4, 44, 0, 0, 0.05%, 0, 0, 13, 2828.78
1747412117, 878, 28, 44, 0, 0, 0.05%, 0, 0, 13, 2857.13
1747412122, 881, 34, 44, 0, 0, 0.05%, 0, 0, 13, 2851.91
1747412127, 883, 10, 44, 0, 0, 0.05%, 0, 0, 13, 2812.02
1747412132, 885, 16, 44, 0, 0, 0.05%, 0, 0, 13, 2805.83
1747412138, 885, 36, 44, 0, 0, 0.05%, 0, 0, 13, 2809.49
1747412143, 886, 39, 44, 0, 0, 0.05%, 0, 0, 13, 2824.51
1747412148, 888, 10, 44, 0, 0, 0.05%, 0, 0, 13, 2876.40
1747412153, 890, 20, 44, 0, 0, 0.05%, 0, 0, 13, 2847.87
1747412158, 893, 38, 44, 0, 0, 0.05%, 0, 0, 13, 2764.16
1747412164, 895, 10, 44, 0, 0, 0.05%, 0, 0, 13, 2819.03
1747412169, 896, 41, 44, 0, 0, 0.05%, 0, 0, 13, 2820.33
1747412174, 897, 36, 44, 0, 0, 0.05%, 0, 0, 13, 2735.59
1747412179, 899, 38, 44, 0, 0, 0.05%, 0, 0, 13, 2732.77
1747412184, 900, 41, 44, 0, 0, 0.05%, 0, 0, 13, 2801.25
1747412189, 901, 28, 44, 0, 0, 0.05%, 0, 0, 13, 2848.90
1747412194, 903, 15, 44, 0, 0, 0.05%, 0, 0, 13, 2846.92
1747412199, 905, 37, 44, 0, 0, 0.05%, 0, 0, 13, 2823.11
1747412204, 907, 3, 44, 0, 0, 0.05%, 0, 0, 13, 2828.38
1747412209, 908, 33, 44, 0, 0, 0.05%, 0, 0, 13, 2828.30
1747412214, 910, 29, 44, 0, 0, 0.05%, 0, 0, 13, 2884.56
1747412219, 911, 33, 44, 0, 0, 0.05%, 0, 0, 13, 2843.96
1747412224, 912, 10, 44, 0, 0, 0.05%, 0, 0, 13, 2802.94
1747412229, 913, 34, 44, 0, 0, 0.05%, 0, 0, 13, 2802.44
1747412234, 916, 10, 44, 0, 0, 0.05%, 0, 0, 13, 2874.21
1747412240, 918, 10, 44, 0, 0, 0.05%, 0, 0, 13, 2871.28
1747412245, 918, 40, 44, 0, 0, 0.05%, 0, 0, 13, 2832.54
1747412250, 920, 10, 44, 0, 0, 0.05%, 0, 0, 13, 2806.98
1747412255, 920, 42, 44, 0, 0, 0.05%, 0, 0, 13, 2784.77
1747412260, 922, 10, 44, 0, 0, 0.05%, 0, 0, 13, 2809.98
1747412265, 923, 31, 44, 0, 0, 0.05%, 0, 0, 13, 2863.39
1747412270, 925, 10, 44, 0, 0, 0.05%, 0, 0, 13, 2868.26
1747412275, 926, 28, 44, 0, 0, 0.05%, 0, 0, 13, 2863.08
1747412280, 927, 27, 44, 0, 0, 0.05%, 0, 0, 13, 2900.77
1747412285, 928, 10, 44, 0, 0, 0.05%, 0, 0, 13, 2901.09
1747412290, 929, 16, 44, 0, 0, 0.05%, 0, 0, 13, 2849.26
1747412295, 933, 19, 44, 0, 0, 0.05%, 0, 0, 13, 2837.87
1747412300, 935, 33, 44, 0, 0, 0.05%, 0, 0, 13, 2677.70
1747412306, 937, 3, 44, 0, 0, 0.05%, 0, 0, 13, 2852.21
1747412311, 938, 39, 44, 0, 0, 0.05%, 0, 0, 13, 2831.51
1747412316, 940, 4, 44, 0, 0, 0.05%, 0, 0, 13, 2853.45
1747412321, 941, 28, 44, 0, 0, 0.05%, 0, 0, 13, 2831.97
1747412326, 941, 30, 44, 0, 0, 0.05%, 0, 0, 13, 2884.93
1747412331, 943, 4, 44, 0, 0, 0.05%, 0, 0, 13, 2886.40
1747412336, 944, 38, 44, 0, 0, 0.05%, 0, 0, 13, 2887.77
1747412341, 945, 32, 44, 0, 0, 0.05%, 0, 0, 13, 2867.14
1747412346, 946, 34, 44, 0, 0, 0.05%, 0, 0, 13, 2870.57
1747412351, 949, 3, 44, 0, 0, 0.05%, 0, 0, 13, 2837.82
1747412356, 950, 31, 44, 0, 0, 0.05%, 0, 0, 13, 2854.51
1747412361, 952, 43, 44, 0, 0, 0.05%, 0, 0, 13, 2801.54
1747412366, 954, 43, 44, 0, 0, 0.05%, 0, 0, 13, 2758.43
1747412372, 956, 29, 44, 0, 0, 0.05%, 0, 0, 13, 2815.77
1747412377, 957, 31, 44, 0, 0, 0.05%, 0, 0, 13, 2872.15
1747412382, 959, 10, 44, 0, 0, 0.05%, 0, 0, 13, 2855.66
1747412387, 960, 29, 44, 0, 0, 0.05%, 0, 0, 13, 2886.68
1747412392, 961, 34, 44, 0, 0, 0.05%, 0, 0, 13, 2856.57
1747412397, 962, 42, 44, 0, 0, 0.05%, 0, 0, 13, 2753.42
1747412402, 964, 10, 44, 0, 0, 0.05%, 0, 0, 13, 2854.78
1747412407, 966, 9, 44, 0, 0, 0.05%, 0, 0, 13, 2835.48
1747412412, 969, 10, 44, 0, 0, 0.05%, 0, 0, 13, 2786.64
1747412417, 971, 10, 44, 0, 0, 0.05%, 0, 0, 13, 2770.29
1747412422, 972, 40, 44, 0, 0, 0.05%, 0, 0, 13, 2699.33
1747412427, 974, 0, 44, 0, 0, 0.05%, 0, 0, 13, 2705.06
1747412433, 974, 36, 44, 0, 0, 0.05%, 0, 0, 13, 2678.08
1747412438, 976, 10, 44, 0, 0, 0.05%, 0, 0, 13, 2828.72
1747412443, 976, 32, 44, 0, 0, 0.05%, 0, 0, 13, 2745.01
1747412448, 976, 42, 44, 0, 0, 0.05%, 0, 0, 13, 2784.83
1747412453, 979, 23, 44, 0, 0, 0.05%, 0, 0, 13, 2893.11
1747412458, 981, 25, 44, 0, 0, 0.05%, 0, 0, 13, 2871.27
1747412463, 983, 41, 44, 0, 0, 0.05%, 0, 0, 13, 2791.08
1747412468, 987, 3, 44, 0, 0, 0.05%, 0, 0, 13, 2849.21
1747412473, 989, 28, 44, 0, 0, 0.05%, 0, 0, 13, 2890.41
1747412478, 991, 27, 44, 0, 0, 0.05%, 0, 0, 13, 2897.39
1747412483, 994, 10, 44, 0, 0, 0.05%, 0, 0, 13, 2898.31
1747412488, 994, 32, 44, 0, 0, 0.05%, 0, 0, 13, 2896.06
1747412494, 996, 13, 44, 0, 0, 0.05%, 0, 0, 13, 2881.74
1747412499, 997, 0, 44, 0, 0, 0.05%, 0, 0, 13, 2886.23
1747412504, 998, 26, 44, 0, 0, 0.05%, 0, 0, 13, 2887.53
1747412509, 1001, 4, 44, 0, 0, 0.05%, 0, 0, 13, 2842.19
1747412514, 1001, 32, 44, 0, 0, 0.05%, 0, 0, 13, 2892.93
1747412519, 1002, 25, 44, 0, 0, 0.05%, 0, 0, 13, 2860.53
1747412524, 1004, 10, 44, 0, 0, 0.05%, 0, 0, 13, 2806.19
1747412529, 1006, 17, 44, 0, 0, 0.05%, 0, 0, 13, 2647.16
1747412534, 1007, 32, 44, 0, 0, 0.05%, 0, 0, 13, 2518.70
1747412539, 1009, 25, 44, 0, 0, 0.05%, 0, 0, 13, 2758.04
1747412544, 1009, 34, 44, 0, 0, 0.05%, 0, 0, 13, 2678.40
1747412550, 1012, 37, 44, 0, 0, 0.05%, 0, 0, 13, 2832.40
1747412555, 1013, 27, 44, 0, 0, 0.05%, 0, 0, 13, 2644.78
1747412560, 1015, 4, 44, 0, 0, 0.05%, 0, 0, 13, 2792.72
1747412565, 1017, 38, 44, 0, 0, 0.05%, 0, 0, 13, 2822.14
1747412570, 1018, 28, 44, 0, 0, 0.05%, 0, 0, 13, 2893.58
1747412575, 1020, 43, 44, 0, 0, 0.05%, 0, 0, 13, 2802.55
1747412580, 1022, 38, 44, 0, 0, 0.05%, 0, 0, 13, 2810.01
1747412585, 1023, 42, 44, 0, 0, 0.05%, 0, 0, 13, 2743.66
1747412590, 1025, 13, 44, 0, 0, 0.05%, 0, 0, 13, 2624.01
1747412595, 1027, 4, 44, 0, 0, 0.05%, 0, 0, 13, 2535.23
1747412600, 1027, 35, 44, 0, 0, 0.05%, 0, 0, 13, 2769.41
1747412605, 1029, 38, 44, 0, 0, 0.05%, 0, 0, 13, 2816.13
1747412611, 1033, 37, 44, 0, 0, 0.05%, 0, 0, 13, 2847.97
1747412616, 1034, 16, 44, 0, 0, 0.05%, 0, 0, 13, 2799.33
1747412621, 1034, 43, 44, 0, 0, 0.05%, 0, 0, 13, 2621.34
1747412626, 1035, 43, 44, 0, 0, 0.05%, 0, 0, 13, 2702.09
1747412631, 1039, 25, 44, 0, 0, 0.05%, 0, 0, 13, 2844.27
1747412636, 1042, 33, 44, 0, 0, 0.05%, 0, 0, 13, 2878.48
1747412641, 1043, 40, 44, 0, 0, 0.05%, 0, 0, 13, 2886.83
1747412647, 1044, 28, 44, 0, 0, 0.05%, 0, 0, 13, 2839.78
1747412652, 1046, 38, 44, 0, 0, 0.05%, 0, 0, 13, 2803.74
1747412657, 1049, 10, 44, 0, 0, 0.05%, 0, 0, 13, 2745.79
1747412662, 1050, 41, 44, 0, 0, 0.05%, 0, 0, 13, 2764.20
1747412667, 1052, 36, 44, 0, 0, 0.05%, 0, 0, 13, 2716.84
1747412672, 1054, 37, 44, 0, 0, 0.05%, 0, 0, 13, 2730.61
1747412677, 1055, 35, 44, 0, 0, 0.05%, 0, 0, 13, 2743.63
1747412682, 1057, 29, 44, 0, 0, 0.05%, 0, 0, 13, 2777.06
1747412687, 1058, 35, 44, 0, 0, 0.05%, 0, 0, 13, 2840.63
1747412692, 1060, 26, 44, 0, 0, 0.05%, 0, 0, 13, 2814.38
1747412697, 1065, 13, 44, 0, 0, 0.05%, 0, 0, 13, 2860.87
1747412702, 1067, 10, 44, 0, 0, 0.05%, 0, 0, 13, 2821.23
1747412707, 1068, 29, 44, 0, 0, 0.05%, 0, 0, 13, 2868.72
1747412712, 1070, 33, 44, 0, 0, 0.05%, 0, 0, 13, 2871.11
1747412718, 1071, 14, 44, 0, 0, 0.05%, 0, 0, 13, 2838.39
1747412723, 1072, 27, 44, 0, 0, 0.05%, 0, 0, 13, 2851.40
1747412728, 1073, 30, 44, 0, 0, 0.05%, 0, 0, 13, 2873.55
1747412733, 1074, 36, 44, 0, 0, 0.05%, 0, 0, 13, 2850.66
1747412738, 1076, 18, 44, 0, 0, 0.05%, 0, 0, 13, 2837.36
1747412743, 1076, 42, 44, 0, 0, 0.05%, 0, 0, 13, 2752.71
1747412748, 1078, 33, 44, 0, 0, 0.05%, 0, 0, 13, 2757.48
1747412753, 1079, 16, 44, 0, 0, 0.05%, 0, 0, 13, 2807.95
1747412758, 1080, 42, 44, 0, 0, 0.05%, 0, 0, 13, 2700.25
1747412763, 1081, 30, 44, 0, 0, 0.05%, 0, 0, 13, 2798.28
1747412768, 1082, 10, 44, 0, 0, 0.05%, 0, 0, 13, 2803.01
1747412774, 1083, 43, 44, 0, 0, 0.05%, 0, 0, 13, 2778.06
1747412779, 1085, 10, 44, 0, 0, 0.05%, 0, 0, 13, 2828.87
1747412784, 1087, 43, 44, 0, 0, 0.05%, 0, 0, 13, 2787.65
1747412789, 1089, 32, 44, 0, 0, 0.05%, 0, 0, 13, 2838.49
1747412794, 1090, 38, 44, 0, 0, 0.05%, 0, 0, 13, 2791.05
1747412799, 1092, 28, 44, 0, 0, 0.05%, 0, 0, 13, 2780.90
1747412804, 1093, 31, 44, 0, 0, 0.05%, 0, 0, 13, 2825.55
1747412809, 1094, 24, 44, 0, 0, 0.05%, 0, 0, 13, 2795.46
1747412814, 1096, 36, 44, 0, 0, 0.05%, 0, 0, 13, 2858.34
1747412819, 1099, 22, 44, 0, 0, 0.05%, 0, 0, 13, 2875.41
1747412824, 1101, 4, 44, 0, 0, 0.05%, 0, 0, 13, 2692.86
1747412829, 1102, 30, 44, 0, 0, 0.05%, 0, 0, 13, 2773.06
1747412834, 1103, 41, 44, 0, 0, 0.05%, 0, 0, 13, 2799.27
1747412840, 1105, 19, 44, 0, 0, 0.05%, 0, 0, 13, 2871.96
1747412845, 1109, 4, 44, 0, 0, 0.05%, 0, 0, 13, 2761.35
1747412850, 1110, 38, 44, 0, 0, 0.05%, 0, 0, 13, 2730.66
1747412855, 1113, 37, 44, 0, 0, 0.05%, 0, 0, 13, 2867.83
1747412860, 1114, 36, 44, 0, 0, 0.05%, 0, 0, 13, 2810.17
1747412865, 1116, 10, 44, 0, 0, 0.05%, 0, 0, 13, 2890.76
1747412870, 1117, 11, 44, 0, 0, 0.05%, 0, 0, 13, 2901.39
1747412875, 1120, 35, 44, 0, 0, 0.05%, 0, 0, 13, 2808.57
1747412880, 1122, 3, 44, 0, 0, 0.05%, 0, 0, 13, 2701.04
1747412885, 1124, 10, 44, 0, 0, 0.05%, 0, 0, 13, 2670.84
1747412890, 1125, 36, 44, 0, 0, 0.05%, 0, 0, 13, 2783.65
1747412895, 1126, 34, 44, 0, 0, 0.05%, 0, 0, 13, 2817.28
1747412900, 1128, 10, 44, 0, 0, 0.05%, 0, 0, 13, 2735.87
1747412906, 1130, 10, 44, 0, 0, 0.05%, 0, 0, 13, 2773.07
1747412911, 1131, 40, 44, 0, 0, 0.05%, 0, 0, 13, 2818.15
1747412916, 1134, 12, 44, 0, 0, 0.05%, 0, 0, 13, 2832.00
1747412921, 1136, 30, 44, 0, 0, 0.05%, 0, 0, 13, 2881.68
1747412926, 1136, 37, 44, 0, 0, 0.05%, 0, 0, 13, 2854.13
1747412931, 1137, 32, 44, 0, 0, 0.05%, 0, 0, 13, 2855.86
1747412936, 1139, 4, 44, 0, 0, 0.05%, 0, 0, 13, 2873.61
1747412941, 1140, 0, 44, 0, 0, 0.05%, 0, 0, 13, 2871.52
1747412946, 1143, 10, 44, 0, 0, 0.05%, 0, 0, 13, 2827.07
1747412951, 1145, 31, 44, 0, 0, 0.05%, 0, 0, 13, 2856.78
1747412956, 1146, 3, 44, 0, 0, 0.05%, 0, 0, 13, 2819.48
1747412962, 1148, 27, 44, 0, 0, 0.05%, 0, 0, 13, 2864.01
1747412967, 1148, 42, 44, 0, 0, 0.05%, 0, 0, 13, 2835.10
1747412972, 1150, 20, 44, 0, 0, 0.05%, 0, 0, 13, 2840.44
1747412977, 1151, 10, 44, 0, 0, 0.05%, 0, 0, 13, 2840.95
1747412982, 1153, 19, 44, 0, 0, 0.05%, 0, 0, 13, 2868.05
1747412987, 1155, 42, 44, 0, 0, 0.05%, 0, 0, 13, 2818.78
1747412992, 1158, 28, 44, 0, 0, 0.05%, 0, 0, 13, 2879.27
1747412997, 1159, 27, 44, 0, 0, 0.05%, 0, 0, 13, 2894.12
1747413002, 1161, 37, 44, 0, 0, 0.05%, 0, 0, 13, 2840.49
1747413007, 1163, 28, 44, 0, 0, 0.05%, 0, 0, 13, 2874.76
1747413012, 1164, 19, 44, 0, 0, 0.05%, 0, 0, 13, 2862.72
1747413017, 1167, 10, 44, 0, 0, 0.05%, 0, 0, 13, 2804.03
1747413023, 1168, 18, 44, 0, 0, 0.05%, 0, 0, 13, 2736.46
1747413028, 1169, 30, 44, 0, 0, 0.05%, 0, 0, 13, 2773.34
1747413033, 1170, 30, 44, 0, 0, 0.05%, 0, 0, 13, 2795.30
1747413038, 1171, 16, 44, 0, 0, 0.05%, 0, 0, 13, 2730.55
1747413043, 1173, 42, 45, 1, 0, 0.05%, 0, 0, 13, 2749.86
1747413048, 1174, 39, 45, 1, 0, 0.05%, 0, 0, 13, 2783.98
1747413053, 1175, 44, 45, 1, 0, 0.05%, 0, 0, 13, 2431.35
1747413068, 1177, 10, 45, 0, 0, 0.05%, 0, 0, 13, 2549.57
1747413073, 1178, 37, 45, 0, 0, 0.05%, 0, 0, 13, 2774.09
1747413078, 1179, 44, 45, 0, 0, 0.05%, 0, 0, 13, 2783.18
1747413083, 1181, 37, 45, 0, 0, 0.05%, 0, 0, 13, 2814.39
1747413088, 1183, 14, 45, 0, 0, 0.05%, 0, 0, 13, 2859.69
1747413093, 1184, 10, 45, 0, 0, 0.05%, 0, 0, 13, 2866.04
1747413098, 1186, 19, 45, 0, 0, 0.05%, 0, 0, 13, 2852.32
1747413104, 1188, 28, 45, 0, 0, 0.05%, 0, 0, 13, 2866.30
1747413109, 1189, 38, 45, 0, 0, 0.05%, 0, 0, 13, 2728.44
1747413114, 1191, 36, 45, 0, 0, 0.05%, 0, 0, 13, 2773.68
1747413119, 1191, 41, 45, 0, 0, 0.05%, 0, 0, 13, 2727.19
1747413124, 1193, 16, 45, 0, 0, 0.05%, 0, 0, 13, 2749.49
1747413129, 1194, 0, 45, 0, 0, 0.05%, 0, 0, 13, 2726.24
1747413134, 1196, 41, 45, 0, 0, 0.05%, 0, 0, 13, 2648.40
1747413139, 1199, 10, 45, 0, 0, 0.05%, 0, 0, 13, 2813.17
1747413144, 1200, 26, 45, 0, 0, 0.05%, 0, 0, 13, 2839.46
1747413149, 1202, 10, 45, 0, 0, 0.05%, 0, 0, 13, 2852.02
1747413154, 1202, 37, 45, 0, 0, 0.05%, 0, 0, 13, 2832.12
1747413160, 1204, 10, 45, 0, 0, 0.05%, 0, 0, 13, 2834.67
1747413165, 1205, 35, 45, 0, 0, 0.05%, 0, 0, 13, 2787.85
1747413170, 1206, 29, 45, 0, 0, 0.05%, 0, 0, 13, 2702.74
1747413175, 1209, 25, 45, 0, 0, 0.05%, 0, 0, 13, 2747.85
1747413180, 1210, 37, 45, 0, 0, 0.05%, 0, 0, 13, 2690.05
1747413185, 1210, 39, 45, 0, 0, 0.05%, 0, 0, 13, 2709.17
1747413190, 1212, 10, 45, 0, 0, 0.05%, 0, 0, 13, 2779.87
1747413195, 1212, 39, 45, 0, 0, 0.05%, 0, 0, 13, 2860.81
1747413200, 1215, 10, 45, 0, 0, 0.05%, 0, 0, 13, 2883.59
1747413205, 1217, 42, 45, 0, 0, 0.05%, 0, 0, 13, 2759.85
1747413211, 1218, 31, 45, 0, 0, 0.05%, 0, 0, 13, 2799.31
1747413216, 1218, 44, 45, 0, 0, 0.05%, 0, 0, 13, 2831.69
1747413221, 1220, 10, 45, 0, 0, 0.05%, 0, 0, 13, 2809.02
1747413226, 1220, 33, 45, 0, 0, 0.05%, 0, 0, 13, 2845.76
1747413231, 1221, 29, 45, 0, 0, 0.05%, 0, 0, 13, 2848.45
1747413236, 1222, 10, 45, 0, 0, 0.05%, 0, 0, 13, 2790.03
1747413241, 1224, 30, 45, 0, 0, 0.05%, 0, 0, 13, 2841.31
1747413246, 1225, 32, 45, 0, 0, 0.05%, 0, 0, 13, 2871.24
1747413251, 1227, 17, 45, 0, 0, 0.05%, 0, 0, 13, 2878.76
1747413256, 1227, 34, 45, 0, 0, 0.05%, 0, 0, 13, 2768.76
1747413261, 1230, 36, 45, 0, 0, 0.05%, 0, 0, 13, 2827.35
1747413266, 1231, 10, 45, 0, 0, 0.05%, 0, 0, 13, 2828.97
1747413272, 1231, 38, 45, 0, 0, 0.05%, 0, 0, 13, 2790.74
1747413277, 1234, 10, 45, 0, 0, 0.05%, 0, 0, 13, 2731.18
1747413282, 1236, 4, 45, 0, 0, 0.05%, 0, 0, 13, 2821.67
1747413287, 1238, 30, 45, 0, 0, 0.05%, 0, 0, 13, 2853.09
1747413292, 1239, 34, 45, 0, 0, 0.05%, 0, 0, 13, 2815.44
1747413297, 1241, 6, 45, 0, 0, 0.05%, 0, 0, 13, 2859.98
1747413302, 1242, 36, 45, 0, 0, 0.05%, 0, 0, 13, 2756.77
1747413307, 1243, 36, 45, 0, 0, 0.05%, 0, 0, 13, 2849.72
1747413312, 1243, 40, 45, 0, 0, 0.05%, 0, 0, 13, 2791.40
1747413317, 1244, 39, 45, 0, 0, 0.05%, 0, 0, 13, 2785.57
1747413322, 1245, 35, 45, 0, 0, 0.05%, 0, 0, 13, 2835.30
1747413327, 1246, 31, 45, 0, 0, 0.05%, 0, 0, 13, 2858.08
1747413333, 1249, 38, 45, 0, 0, 0.05%, 0, 0, 13, 2829.63
1747413338, 1249, 44, 45, 0, 0, 0.05%, 0, 0, 13, 2768.70
1747413343, 1250, 30, 45, 0, 0, 0.05%, 0, 0, 13, 2851.23
1747413348, 1251, 40, 45, 0, 0, 0.05%, 0, 0, 13, 2792.50
1747413353, 1253, 9, 45, 0, 0, 0.05%, 0, 0, 13, 2826.34
1747413358, 1254, 43, 45, 0, 0, 0.05%, 0, 0, 13, 2797.56
1747413363, 1255, 43, 45, 0, 0, 0.05%, 0, 0, 13, 2812.99
1747413368, 1257, 29, 45, 0, 0, 0.05%, 0, 0, 13, 2859.15
1747413373, 1259, 42, 45, 0, 0, 0.05%, 0, 0, 13, 2672.53
1747413378, 1260, 41, 45, 0, 0, 0.05%, 0, 0, 13, 2743.55
1747413383, 1262, 31, 45, 0, 0, 0.05%, 0, 0, 13, 2867.55
1747413389, 1263, 27, 45, 0, 0, 0.05%, 0, 0, 13, 2854.34
1747413394, 1264, 23, 45, 0, 0, 0.05%, 0, 0, 13, 2881.00
1747413399, 1264, 33, 45, 0, 0, 0.05%, 0, 0, 13, 2845.17
1747413404, 1265, 39, 45, 0, 0, 0.05%, 0, 0, 13, 2818.17
1747413409, 1266, 31, 45, 0, 0, 0.05%, 0, 0, 13, 2880.72
1747413414, 1268, 17, 45, 0, 0, 0.05%, 0, 0, 13, 2899.39
1747413419, 1270, 34, 45, 0, 0, 0.05%, 0, 0, 13, 2865.93
1747413424, 1271, 30, 45, 0, 0, 0.05%, 0, 0, 13, 2903.23
1747413429, 1272, 10, 45, 0, 0, 0.05%, 0, 0, 13, 2800.75
1747413434, 1273, 27, 45, 0, 0, 0.05%, 0, 0, 13, 2776.05
1747413439, 1274, 10, 45, 0, 0, 0.05%, 0, 0, 13, 2771.40
1747413444, 1275, 37, 45, 0, 0, 0.05%, 0, 0, 13, 2813.54
1747413449, 1277, 10, 45, 0, 0, 0.05%, 0, 0, 13, 2855.22
1747413455, 1278, 10, 45, 0, 0, 0.05%, 0, 0, 13, 2868.54
1747413460, 1279, 43, 45, 0, 0, 0.05%, 0, 0, 13, 2795.61
1747413465, 1282, 10, 45, 0, 0, 0.05%, 0, 0, 13, 2818.13
1747413470, 1282, 34, 45, 0, 0, 0.05%, 0, 0, 13, 2837.28
1747413475, 1285, 10, 45, 0, 0, 0.05%, 0, 0, 13, 2866.84
