# unix_time, cycles_done, cur_path, paths_total, pending_total, pending_favs, map_size, unique_crashes, unique_hangs, max_depth, execs_per_sec
1746612043, 0, 0, 1, 1, 1, 3.78%, 0, 0, 1, 76.92
1746612048, 0, 0, 43, 43, 1, 5.10%, 0, 0, 2, 115.70
1746612053, 0, 0, 71, 71, 1, 5.17%, 0, 0, 2, 121.55
1746612058, 0, 0, 94, 94, 1, 5.17%, 0, 0, 2, 122.79
1746612063, 0, 0, 107, 107, 1, 5.17%, 0, 0, 2, 126.99
1746612068, 0, 0, 123, 123, 1, 5.62%, 0, 0, 2, 125.06
1746612073, 0, 0, 134, 134, 1, 5.62%, 0, 0, 2, 130.96
1746612079, 0, 0, 145, 145, 1, 5.64%, 0, 0, 2, 130.74
1746612084, 0, 0, 158, 158, 1, 5.64%, 0, 0, 2, 130.94
1746612089, 0, 0, 167, 167, 1, 5.64%, 0, 0, 2, 131.65
1746612094, 0, 0, 176, 176, 1, 5.64%, 0, 0, 2, 131.15
1746612099, 0, 0, 185, 185, 1, 5.64%, 0, 0, 2, 133.83
1746612105, 0, 0, 190, 190, 1, 5.64%, 0, 0, 2, 134.66
1746612110, 0, 0, 199, 199, 1, 5.64%, 0, 0, 2, 133.07
1746612115, 0, 0, 206, 206, 1, 5.64%, 0, 0, 2, 133.27
1746612120, 0, 0, 210, 210, 1, 5.64%, 0, 0, 2, 137.41
1746612125, 0, 0, 214, 214, 1, 5.64%, 0, 0, 2, 136.46
1746612130, 0, 0, 217, 217, 1, 5.64%, 0, 0, 2, 137.00
1746612136, 0, 0, 220, 220, 1, 5.66%, 0, 0, 2, 135.29
1746612141, 0, 0, 227, 227, 1, 5.66%, 0, 0, 2, 133.15
1746612146, 0, 0, 231, 231, 1, 5.66%, 0, 0, 2, 135.63
1746612151, 0, 0, 233, 233, 1, 5.66%, 0, 0, 2, 137.00
1746612156, 0, 0, 238, 238, 1, 5.66%, 0, 0, 2, 135.17
1746612161, 0, 0, 241, 241, 1, 5.66%, 0, 0, 2, 137.82
1746612167, 0, 0, 244, 244, 1, 5.66%, 0, 0, 2, 137.79
1746612172, 0, 0, 246, 246, 1, 5.67%, 0, 0, 2, 137.43
1746612177, 0, 0, 251, 251, 1, 5.67%, 0, 0, 2, 136.54
1746612182, 0, 0, 254, 254, 1, 5.67%, 0, 0, 2, 135.46
1746612187, 0, 2, 256, 255, 10, 5.67%, 0, 0, 3, 137.52
1746612192, 0, 2, 257, 256, 10, 5.67%, 0, 0, 3, 138.72
1746612197, 0, 2, 260, 259, 10, 5.67%, 0, 0, 3, 135.57
1746612202, 0, 2, 263, 262, 10, 5.67%, 0, 0, 3, 136.34
1746612208, 0, 2, 266, 265, 10, 5.67%, 0, 0, 3, 135.10
1746612213, 0, 2, 269, 268, 10, 5.67%, 0, 0, 3, 137.20
1746612218, 0, 2, 272, 271, 10, 5.67%, 0, 0, 3, 137.34
1746612223, 0, 2, 274, 273, 10, 5.67%, 0, 0, 3, 137.98
1746612228, 0, 2, 275, 274, 10, 5.67%, 0, 0, 3, 138.04
1746612233, 0, 2, 276, 275, 10, 5.67%, 0, 0, 3, 138.61
1746612239, 0, 2, 280, 279, 10, 5.67%, 0, 0, 3, 137.42
1746612244, 0, 2, 283, 282, 10, 5.67%, 0, 0, 3, 136.91
1746612249, 0, 2, 285, 284, 10, 5.67%, 0, 0, 3, 137.98
1746612254, 0, 2, 286, 285, 10, 5.67%, 0, 0, 3, 136.50
1746612259, 0, 2, 288, 287, 10, 5.67%, 0, 0, 3, 137.00
1746612275, 0, 2, 290, 289, 10, 5.71%, 0, 0, 3, 134.93
1746612280, 0, 2, 291, 290, 10, 5.71%, 0, 0, 3, 137.25
1746612290, 0, 2, 293, 292, 10, 5.71%, 0, 0, 3, 138.55
1746612295, 0, 2, 296, 295, 10, 5.71%, 0, 0, 3, 134.76
1746612306, 0, 136, 296, 294, 7, 5.71%, 0, 0, 3, 124.88
1746612425, 0, 136, 297, 295, 7, 5.71%, 0, 0, 3, 93.13
1746612430, 0, 136, 306, 304, 7, 5.71%, 0, 0, 3, 98.06
1746612435, 0, 136, 313, 311, 7, 5.71%, 0, 0, 3, 98.85
1746612440, 0, 136, 317, 315, 7, 5.71%, 0, 0, 3, 98.65
1746612445, 0, 136, 320, 318, 7, 5.72%, 0, 0, 3, 100.45
1746612450, 0, 136, 324, 322, 7, 5.72%, 0, 0, 3, 101.84
1746612456, 0, 136, 329, 327, 7, 5.72%, 0, 0, 3, 100.93
1746612461, 0, 136, 331, 329, 7, 5.72%, 0, 0, 3, 101.28
1746612466, 0, 136, 334, 332, 7, 5.72%, 0, 0, 3, 102.63
1746612471, 0, 136, 336, 334, 7, 5.72%, 0, 0, 3, 102.17
1746612476, 0, 136, 337, 335, 7, 5.72%, 0, 0, 3, 103.10
1746612481, 0, 136, 339, 337, 7, 5.72%, 0, 0, 3, 101.90
1746612486, 0, 136, 343, 341, 7, 5.72%, 0, 0, 3, 100.47
1746612491, 0, 136, 345, 343, 7, 5.72%, 0, 0, 3, 101.30
1746612497, 0, 136, 347, 345, 7, 5.72%, 0, 0, 3, 102.71
1746612502, 0, 136, 348, 346, 7, 5.72%, 0, 0, 3, 102.68
1746612507, 0, 136, 349, 347, 7, 5.72%, 0, 0, 3, 101.87
1746612517, 0, 136, 350, 348, 7, 5.72%, 0, 0, 3, 102.72
1746612522, 0, 136, 354, 352, 7, 5.72%, 0, 0, 3, 100.10
1746612527, 0, 136, 356, 354, 7, 5.72%, 0, 0, 3, 101.31
1746612532, 0, 136, 360, 358, 7, 5.72%, 0, 0, 3, 100.32
1746612547, 0, 136, 361, 359, 7, 5.72%, 0, 0, 3, 102.10
1746612553, 0, 136, 362, 360, 7, 5.72%, 0, 0, 3, 100.98
1746612558, 0, 136, 364, 362, 7, 5.72%, 0, 0, 3, 100.60
1746612573, 0, 136, 366, 364, 7, 5.72%, 0, 0, 3, 101.91
1746612578, 0, 136, 367, 365, 7, 5.74%, 0, 0, 3, 103.05
1746612583, 0, 136, 370, 368, 7, 5.74%, 0, 0, 3, 99.38
1746612588, 0, 136, 374, 372, 7, 5.92%, 0, 0, 3, 99.33
1746612593, 0, 145, 375, 372, 8, 6.00%, 0, 0, 3, 100.42
1746612676, 0, 145, 379, 376, 8, 6.00%, 0, 0, 3, 108.57
1746612681, 0, 145, 380, 377, 8, 6.00%, 0, 0, 3, 111.34
1746612686, 0, 145, 384, 381, 8, 6.00%, 0, 0, 3, 110.02
1746612696, 0, 145, 386, 383, 8, 6.00%, 0, 0, 3, 110.85
1746612701, 0, 145, 388, 385, 8, 6.00%, 0, 0, 3, 112.62
1746612716, 0, 145, 389, 386, 8, 6.00%, 0, 0, 3, 112.24
1746612721, 0, 145, 390, 387, 8, 6.00%, 0, 0, 3, 109.84
1746612747, 0, 145, 392, 389, 8, 6.00%, 0, 0, 3, 109.97
1746612752, 0, 145, 393, 390, 8, 6.00%, 0, 0, 3, 110.15
1746612757, 0, 145, 394, 391, 8, 6.00%, 0, 0, 3, 109.43
1746612762, 0, 145, 395, 392, 8, 6.00%, 0, 0, 3, 111.04
1746612767, 0, 145, 396, 393, 8, 6.00%, 0, 0, 3, 110.52
1746612773, 0, 145, 397, 394, 8, 6.00%, 0, 0, 3, 111.71
1746612788, 0, 145, 400, 397, 8, 6.00%, 0, 0, 3, 110.00
1746612793, 0, 145, 401, 398, 8, 6.00%, 0, 0, 3, 110.56
1746612798, 0, 145, 402, 399, 8, 6.00%, 0, 0, 3, 109.18
1746612803, 0, 145, 403, 400, 8, 6.00%, 0, 0, 3, 109.31
1746612809, 0, 145, 404, 401, 8, 6.00%, 0, 0, 3, 112.90
1746612814, 0, 145, 406, 403, 8, 6.00%, 0, 0, 3, 107.88
1746612824, 0, 184, 407, 403, 6, 6.00%, 0, 0, 3, 101.39
1746612922, 0, 184, 410, 406, 6, 6.00%, 0, 0, 3, 103.24
1746612928, 0, 184, 411, 407, 6, 6.00%, 0, 0, 3, 106.42
1746612943, 0, 184, 412, 408, 6, 6.00%, 0, 0, 3, 108.10
1746612963, 0, 184, 413, 409, 6, 6.00%, 0, 0, 3, 105.75
1746612968, 0, 184, 414, 410, 6, 6.00%, 0, 0, 3, 106.96
1746612973, 0, 184, 415, 411, 6, 6.00%, 0, 0, 3, 107.13
1746612978, 0, 184, 416, 412, 6, 6.00%, 0, 0, 3, 107.43
1746612999, 0, 184, 417, 413, 6, 6.00%, 0, 0, 3, 106.91
1746613040, 0, 184, 418, 414, 6, 6.00%, 0, 0, 3, 105.02
1746613055, 0, 184, 420, 416, 6, 6.00%, 0, 0, 3, 104.71
1746613065, 0, 184, 421, 417, 6, 6.00%, 0, 0, 3, 106.29
1746613071, 0, 290, 421, 416, 5, 6.00%, 0, 0, 3, 107.58
1746613213, 0, 290, 422, 417, 5, 6.00%, 0, 0, 4, 98.80
1746613219, 0, 315, 422, 416, 4, 6.00%, 0, 0, 4, 77.19
1746613224, 0, 315, 423, 417, 4, 6.00%, 0, 0, 4, 65.47
1746613368, 0, 315, 425, 419, 4, 6.00%, 0, 0, 4, 62.56
1746613616, 0, 315, 426, 420, 4, 6.00%, 0, 0, 4, 62.59
1746613658, 0, 315, 430, 424, 4, 6.00%, 0, 0, 4, 63.53
1746613663, 0, 315, 441, 435, 4, 6.00%, 0, 0, 4, 66.10
1746613668, 0, 315, 455, 449, 4, 6.21%, 0, 0, 4, 64.15
1746613673, 0, 315, 461, 455, 4, 6.23%, 0, 0, 4, 68.04
1746613678, 0, 315, 472, 466, 4, 6.26%, 0, 0, 4, 65.15
1746613683, 0, 315, 479, 473, 4, 6.26%, 0, 0, 4, 68.21
1746613688, 0, 315, 485, 479, 4, 6.27%, 0, 0, 4, 67.65
1746613694, 0, 315, 491, 485, 4, 6.27%, 0, 0, 4, 67.71
1746613699, 0, 315, 492, 486, 4, 6.27%, 0, 0, 4, 70.55
1746613704, 0, 315, 496, 490, 4, 6.27%, 0, 0, 4, 69.41
1746613709, 0, 315, 499, 493, 4, 6.27%, 0, 0, 4, 71.48
1746613714, 0, 315, 502, 496, 4, 6.27%, 0, 0, 4, 70.97
1746613719, 0, 315, 506, 500, 4, 6.27%, 0, 0, 4, 69.35
1746613725, 0, 315, 509, 503, 4, 6.27%, 0, 0, 4, 69.36
1746613730, 0, 315, 512, 506, 4, 6.27%, 0, 0, 4, 71.54
1746613735, 0, 315, 515, 509, 4, 6.27%, 0, 0, 4, 70.81
1746613740, 0, 315, 519, 513, 4, 6.27%, 0, 0, 4, 68.64
1746613745, 0, 315, 522, 516, 4, 6.27%, 0, 0, 4, 68.81
1746613750, 0, 315, 524, 518, 4, 6.27%, 0, 0, 4, 67.67
1746613756, 0, 315, 525, 519, 4, 6.27%, 0, 0, 4, 69.89
1746613761, 0, 315, 527, 521, 4, 6.27%, 0, 0, 4, 72.43
1746613766, 0, 315, 529, 523, 4, 6.27%, 0, 0, 4, 70.07
1746613771, 0, 315, 532, 526, 4, 6.27%, 0, 0, 4, 67.90
1746613776, 0, 315, 533, 527, 4, 6.27%, 0, 0, 4, 70.04
1746613781, 0, 315, 536, 530, 4, 6.31%, 0, 0, 4, 70.12
1746613786, 0, 315, 538, 532, 4, 6.31%, 0, 0, 4, 69.84
1746613792, 0, 315, 541, 535, 4, 6.31%, 0, 0, 4, 69.16
1746613797, 0, 315, 542, 536, 4, 6.31%, 0, 0, 4, 70.63
1746613802, 0, 315, 544, 538, 4, 6.31%, 0, 0, 4, 71.36
1746613807, 0, 315, 546, 540, 4, 6.31%, 0, 0, 4, 71.01
1746613812, 0, 315, 548, 542, 4, 6.31%, 0, 0, 4, 69.78
1746613817, 0, 315, 549, 543, 4, 6.31%, 0, 0, 4, 71.45
1746613827, 0, 315, 550, 544, 4, 6.31%, 0, 0, 4, 70.65
1746613838, 0, 315, 553, 547, 4, 6.31%, 0, 0, 4, 69.38
1746613843, 0, 315, 555, 549, 4, 6.31%, 0, 0, 4, 69.82
1746613853, 0, 315, 557, 551, 4, 6.31%, 0, 0, 4, 70.06
1746613858, 0, 315, 558, 552, 4, 6.32%, 0, 0, 4, 70.08
1746613863, 0, 315, 562, 556, 4, 6.32%, 0, 0, 4, 67.45
1746613879, 0, 315, 564, 558, 4, 6.32%, 0, 0, 4, 69.68
1746613900, 0, 315, 565, 559, 4, 6.32%, 0, 0, 4, 68.97
1746613905, 0, 315, 567, 561, 4, 6.32%, 0, 0, 4, 70.73
1746613910, 0, 358, 567, 560, 14, 6.32%, 0, 0, 4, 68.39
1746614273, 0, 372, 567, 559, 14, 6.32%, 0, 0, 4, 56.11
1746614283, 0, 372, 575, 567, 14, 6.34%, 0, 0, 4, 41.06
1746614288, 0, 372, 577, 569, 14, 6.34%, 0, 0, 4, 40.48
1746614298, 0, 372, 578, 570, 14, 6.34%, 0, 0, 4, 40.16
1746614304, 0, 372, 583, 575, 14, 6.34%, 0, 0, 4, 40.22
1746614319, 0, 372, 584, 576, 14, 6.34%, 0, 0, 4, 40.31
1746614329, 0, 372, 585, 577, 14, 6.34%, 0, 0, 4, 40.30
1746614385, 0, 372, 586, 578, 14, 6.34%, 0, 0, 4, 40.28
1746614401, 0, 372, 587, 579, 14, 6.34%, 0, 0, 4, 40.13
1746614416, 0, 372, 588, 580, 14, 6.34%, 0, 0, 4, 40.21
1746614436, 0, 372, 589, 581, 14, 6.34%, 0, 0, 4, 40.26
1746614457, 0, 372, 590, 582, 14, 6.34%, 0, 0, 4, 40.26
1746614462, 0, 372, 594, 586, 14, 6.35%, 0, 0, 4, 40.26
1746614467, 0, 372, 596, 588, 14, 6.35%, 0, 0, 4, 40.32
1746614472, 0, 372, 599, 591, 14, 6.35%, 0, 0, 4, 40.33
1746614513, 0, 372, 600, 592, 14, 6.35%, 0, 0, 4, 40.50
1746614885, 0, 372, 601, 593, 14, 6.35%, 0, 0, 4, 40.51
1746615028, 0, 372, 602, 594, 14, 6.35%, 0, 0, 4, 40.24
1746615217, 0, 372, 603, 595, 14, 6.35%, 0, 0, 4, 39.83
1746615222, 0, 372, 604, 596, 14, 6.35%, 0, 0, 4, 40.43
1746615227, 0, 372, 605, 597, 14, 6.35%, 0, 0, 4, 40.32
1746615319, 0, 372, 606, 598, 14, 6.35%, 0, 0, 4, 40.42
1746615385, 0, 372, 607, 599, 14, 6.35%, 0, 0, 4, 40.42
1746615492, 0, 372, 621, 613, 14, 6.35%, 0, 0, 4, 42.48
1746615497, 0, 372, 638, 630, 14, 6.36%, 0, 0, 4, 40.88
1746615502, 0, 372, 653, 645, 14, 6.36%, 0, 0, 4, 44.05
1746615507, 0, 372, 667, 659, 14, 6.36%, 0, 0, 4, 44.37
1746615512, 0, 372, 676, 668, 14, 6.36%, 0, 0, 4, 44.55
1746615517, 0, 372, 683, 675, 14, 6.36%, 0, 0, 4, 44.44
1746615522, 0, 372, 690, 682, 14, 6.36%, 0, 0, 4, 43.84
1746615527, 0, 372, 696, 688, 14, 6.37%, 0, 0, 4, 44.72
1746615533, 0, 372, 699, 691, 14, 6.37%, 0, 0, 4, 44.97
1746615538, 0, 372, 704, 696, 14, 6.37%, 0, 0, 4, 44.22
1746615543, 0, 372, 707, 699, 14, 6.37%, 0, 0, 4, 44.60
1746615548, 0, 372, 711, 703, 14, 6.37%, 0, 0, 4, 44.63
1746615553, 0, 372, 714, 706, 14, 6.37%, 0, 0, 4, 45.30
1746615558, 0, 372, 718, 710, 14, 6.37%, 0, 0, 4, 45.21
1746615563, 0, 372, 719, 711, 14, 6.37%, 0, 0, 4, 45.29
1746615573, 0, 372, 721, 713, 14, 6.37%, 0, 0, 4, 45.93
1746615578, 0, 372, 722, 714, 14, 6.37%, 0, 0, 4, 46.35
1746615583, 0, 372, 723, 715, 14, 6.37%, 0, 0, 4, 46.97
1746615588, 0, 372, 727, 719, 14, 6.37%, 0, 0, 4, 44.53
1746615593, 0, 372, 729, 721, 14, 6.37%, 0, 0, 4, 46.29
1746615604, 0, 372, 731, 723, 14, 6.37%, 0, 0, 4, 46.76
1746615609, 0, 372, 733, 725, 14, 6.37%, 0, 0, 4, 45.51
1746615614, 0, 372, 735, 727, 14, 6.37%, 0, 0, 4, 45.41
1746615619, 0, 372, 738, 730, 14, 6.37%, 0, 0, 4, 44.17
1746615624, 0, 372, 740, 732, 14, 6.37%, 0, 0, 4, 45.21
1746615629, 0, 372, 741, 733, 14, 6.37%, 0, 0, 4, 46.32
1746615634, 0, 372, 742, 734, 14, 6.37%, 0, 0, 4, 45.47
1746615639, 0, 372, 744, 736, 14, 6.37%, 0, 0, 4, 45.24
1746615644, 0, 372, 745, 737, 14, 6.37%, 0, 0, 4, 46.82
1746615649, 0, 372, 748, 740, 14, 6.37%, 0, 0, 4, 45.23
1746615660, 0, 372, 750, 742, 14, 6.37%, 0, 0, 4, 44.76
1746615665, 0, 372, 751, 743, 14, 6.37%, 0, 0, 4, 45.14
1746615670, 0, 372, 753, 745, 14, 6.37%, 0, 0, 4, 44.36
1746615680, 0, 372, 755, 747, 14, 6.37%, 0, 0, 4, 44.66
1746615685, 0, 372, 756, 748, 14, 6.37%, 0, 0, 4, 46.40
1746615690, 0, 372, 757, 749, 14, 6.37%, 0, 0, 4, 46.65
1746615730, 0, 372, 759, 751, 14, 6.37%, 0, 0, 4, 45.26
1746615746, 0, 372, 762, 754, 14, 6.37%, 0, 0, 4, 44.70
1746615756, 0, 372, 763, 755, 14, 6.37%, 0, 0, 4, 45.45
1746615766, 0, 372, 764, 756, 14, 6.37%, 0, 0, 4, 47.40
1746615776, 0, 372, 765, 757, 14, 6.37%, 0, 0, 4, 46.79
1746615786, 0, 374, 766, 757, 14, 6.37%, 0, 0, 4, 46.08
1746615822, 0, 374, 767, 758, 14, 6.37%, 0, 0, 4, 51.20
1746616502, 0, 378, 767, 757, 13, 6.37%, 0, 0, 4, 77.23
1746616620, 0, 385, 767, 756, 12, 6.37%, 0, 0, 4, 79.47
1746616904, 0, 467, 767, 755, 11, 6.37%, 0, 0, 4, 66.82
1746617445, 0, 479, 767, 754, 10, 6.37%, 0, 0, 4, 60.56
1746618231, 0, 503, 767, 753, 9, 6.37%, 0, 0, 4, 52.39
1746619022, 0, 503, 768, 754, 9, 6.37%, 0, 0, 5, 55.74
1746619043, 0, 556, 768, 753, 9, 6.37%, 0, 0, 5, 53.84
1746619845, 0, 557, 768, 752, 8, 6.37%, 0, 0, 5, 53.89
1746620751, 0, 557, 769, 753, 8, 6.37%, 0, 0, 5, 50.24
1746620767, 0, 557, 770, 754, 8, 6.37%, 0, 0, 5, 53.19
1746620798, 0, 557, 771, 755, 8, 6.37%, 0, 0, 5, 52.71
1746620828, 0, 557, 772, 756, 8, 6.37%, 0, 0, 5, 52.15
1746620879, 0, 557, 774, 758, 8, 6.37%, 0, 0, 5, 52.00
1746620889, 0, 557, 775, 759, 8, 6.37%, 0, 0, 5, 51.65
1746620955, 0, 557, 776, 760, 8, 6.37%, 0, 0, 5, 52.94
1746620965, 0, 557, 777, 761, 8, 6.37%, 0, 0, 5, 52.07
1746620970, 0, 557, 778, 762, 8, 6.37%, 0, 0, 5, 51.71
1746621062, 0, 559, 778, 761, 9, 6.37%, 0, 0, 5, 51.38
1746621884, 0, 559, 779, 762, 9, 6.37%, 0, 0, 5, 54.68
1746621910, 0, 610, 779, 761, 9, 6.37%, 0, 0, 5, 49.51
1746622816, 0, 650, 779, 760, 8, 6.37%, 0, 0, 5, 50.29
1746623643, 0, 651, 779, 759, 7, 6.37%, 0, 0, 5, 49.85
1746624460, 0, 651, 780, 760, 7, 6.37%, 0, 0, 5, 53.56
1746624476, 0, 651, 781, 761, 7, 6.37%, 0, 0, 5, 55.96
1746624481, 0, 651, 782, 762, 7, 6.37%, 0, 0, 5, 55.75
1746624496, 0, 651, 783, 763, 7, 6.37%, 0, 0, 5, 55.91
1746624669, 0, 651, 784, 764, 7, 6.37%, 0, 0, 5, 56.12
1746624690, 0, 651, 786, 766, 7, 6.37%, 0, 0, 5, 54.38
1746624705, 0, 651, 787, 767, 7, 6.37%, 0, 0, 5, 54.04
1746624756, 0, 657, 787, 766, 7, 6.37%, 0, 0, 5, 47.58
1746624771, 0, 657, 788, 767, 7, 6.37%, 0, 0, 5, 44.04
1746625757, 0, 729, 788, 766, 6, 6.37%, 0, 0, 5, 46.90
1746625768, 0, 729, 789, 767, 6, 6.37%, 0, 0, 5, 43.98
1746626748, 0, 729, 790, 768, 6, 6.37%, 0, 0, 5, 47.93
1746626753, 0, 729, 791, 769, 6, 6.37%, 0, 0, 5, 49.34
1746626763, 0, 729, 792, 770, 6, 6.37%, 0, 0, 5, 48.87
1746626773, 0, 729, 794, 772, 6, 6.39%, 0, 0, 5, 49.06
1746626788, 0, 729, 795, 773, 6, 6.39%, 0, 0, 5, 48.83
1746626793, 0, 729, 796, 774, 6, 6.39%, 0, 0, 5, 50.36
1746626890, 0, 729, 797, 775, 6, 6.39%, 0, 0, 5, 49.62
1746626905, 0, 729, 798, 776, 6, 6.39%, 0, 0, 5, 49.44
1746626925, 0, 729, 801, 779, 6, 6.39%, 0, 0, 5, 49.96
1746626930, 0, 729, 802, 780, 6, 6.39%, 0, 0, 5, 49.13
1746626971, 0, 729, 803, 781, 6, 6.39%, 0, 0, 5, 49.08
1746626976, 0, 729, 804, 782, 6, 6.39%, 0, 0, 5, 50.17
1746626991, 0, 729, 805, 783, 6, 6.39%, 0, 0, 5, 49.01
1746627001, 0, 729, 806, 784, 6, 6.39%, 0, 0, 5, 48.61
1746627077, 0, 733, 806, 783, 6, 6.39%, 0, 0, 5, 50.86
1746627826, 0, 769, 806, 782, 5, 6.39%, 0, 0, 5, 49.28
1746628508, 0, 769, 807, 783, 5, 6.39%, 0, 0, 6, 45.88
1746628776, 0, 769, 808, 784, 5, 6.39%, 0, 0, 6, 50.34
1746628797, 0, 787, 808, 783, 4, 6.39%, 0, 0, 6, 50.55
1746629783, 0, 792, 808, 782, 3, 6.39%, 0, 0, 6, 43.18
1746629793, 0, 792, 810, 784, 3, 6.39%, 0, 0, 6, 38.38
1746629818, 0, 792, 812, 786, 3, 6.39%, 0, 0, 6, 38.23
1746629828, 0, 792, 813, 787, 3, 6.39%, 0, 0, 6, 38.52
1746629834, 0, 792, 814, 788, 3, 6.39%, 0, 0, 6, 38.42
1746629839, 0, 792, 816, 790, 3, 6.39%, 0, 0, 6, 38.37
1746629940, 0, 792, 817, 791, 3, 6.39%, 0, 0, 6, 38.84
1746629955, 0, 792, 820, 794, 3, 6.39%, 0, 0, 6, 38.30
1746630001, 0, 792, 821, 795, 3, 6.39%, 0, 0, 6, 38.24
1746630587, 0, 792, 822, 796, 3, 6.39%, 0, 0, 6, 38.69
1746630730, 0, 792, 823, 797, 3, 6.40%, 0, 0, 6, 38.59
1746631040, 0, 792, 824, 798, 3, 6.40%, 0, 0, 6, 38.70
1746631056, 0, 792, 825, 799, 3, 6.40%, 0, 0, 6, 39.09
1746631156, 0, 792, 826, 800, 3, 6.40%, 0, 0, 6, 42.15
1746631167, 0, 792, 827, 801, 3, 6.40%, 0, 0, 6, 44.13
1746631172, 0, 792, 828, 802, 3, 6.40%, 0, 0, 6, 43.17
1746631177, 0, 792, 829, 803, 3, 6.40%, 0, 0, 6, 43.44
1746631187, 0, 792, 830, 804, 3, 6.40%, 0, 0, 6, 43.23
1746631207, 0, 792, 831, 805, 3, 6.40%, 0, 0, 6, 44.05
1746631212, 0, 792, 832, 806, 3, 6.40%, 0, 0, 6, 44.92
1746631217, 0, 792, 833, 807, 3, 6.40%, 0, 0, 6, 44.41
1746631223, 0, 792, 834, 808, 3, 6.40%, 0, 0, 6, 43.95
1746631238, 0, 792, 835, 809, 3, 6.68%, 0, 0, 6, 44.29
1746631243, 0, 792, 837, 811, 3, 6.68%, 0, 0, 6, 42.15
1746631258, 0, 792, 839, 813, 3, 6.68%, 0, 0, 6, 42.69
1746631304, 0, 792, 840, 814, 3, 6.68%, 0, 0, 6, 43.84
1746631324, 0, 792, 841, 815, 3, 6.68%, 0, 0, 6, 43.02
1746631334, 0, 792, 842, 816, 3, 6.68%, 0, 0, 6, 43.57
1746631339, 0, 792, 843, 817, 3, 6.68%, 0, 0, 6, 43.56
1746631344, 0, 792, 844, 818, 3, 6.68%, 0, 0, 6, 44.60
1746631370, 0, 792, 845, 819, 3, 6.68%, 0, 0, 6, 43.55
1746631395, 0, 792, 846, 820, 3, 6.68%, 0, 0, 6, 44.11
1746631425, 0, 792, 847, 821, 3, 6.68%, 0, 0, 6, 44.46
1746631431, 0, 792, 848, 822, 3, 6.68%, 0, 0, 6, 42.98
1746631436, 0, 798, 848, 821, 7, 6.68%, 0, 0, 6, 44.00
1746631476, 0, 798, 850, 823, 7, 6.68%, 0, 0, 6, 44.30
1746632499, 0, 805, 850, 822, 7, 6.68%, 0, 0, 6, 39.47
1746634340, 0, 805, 851, 823, 7, 6.68%, 0, 0, 6, 36.76
1746634345, 0, 805, 853, 825, 7, 6.68%, 0, 0, 6, 38.85
1746634391, 0, 805, 854, 826, 7, 6.68%, 0, 0, 6, 40.40
1746634457, 0, 805, 855, 827, 7, 6.68%, 0, 0, 6, 38.89
1746634488, 0, 805, 856, 828, 7, 6.68%, 0, 0, 6, 39.19
1746634503, 0, 805, 857, 829, 7, 6.68%, 0, 0, 6, 38.76
1746634508, 0, 805, 858, 830, 7, 6.68%, 0, 0, 6, 38.47
1746634529, 0, 805, 860, 832, 7, 6.68%, 0, 0, 6, 39.04
1746634539, 0, 805, 861, 833, 7, 6.68%, 0, 0, 6, 39.10
1746634570, 0, 805, 862, 834, 7, 6.68%, 0, 0, 6, 39.08
1746634590, 0, 805, 863, 835, 7, 6.68%, 0, 0, 6, 39.43
1746634616, 0, 805, 864, 836, 7, 6.68%, 0, 0, 6, 37.30
1746634641, 0, 805, 865, 837, 7, 6.68%, 0, 0, 6, 39.36
1746634651, 0, 816, 865, 836, 6, 6.68%, 0, 0, 6, 40.06
1746636007, 0, 822, 865, 835, 5, 6.68%, 0, 0, 6, 42.24
1746636033, 0, 822, 866, 836, 5, 6.68%, 0, 0, 7, 38.28
1746637398, 0, 828, 866, 835, 4, 6.68%, 0, 0, 7, 42.66
1746637453, 0, 828, 867, 836, 4, 6.68%, 0, 0, 7, 38.15
1746638788, 0, 834, 867, 835, 4, 6.68%, 0, 0, 7, 42.41
1746638803, 0, 834, 868, 836, 4, 6.85%, 0, 0, 7, 34.11
1746639038, 0, 834, 870, 838, 4, 6.85%, 0, 0, 7, 35.20
1746640451, 0, 834, 872, 840, 4, 6.85%, 0, 0, 7, 40.00
1746640456, 0, 834, 873, 841, 4, 6.85%, 0, 0, 7, 41.52
1746640466, 0, 834, 875, 843, 4, 6.85%, 0, 0, 7, 39.81
1746640502, 0, 834, 876, 844, 4, 6.85%, 0, 0, 7, 40.46
1746640507, 0, 834, 878, 846, 4, 6.85%, 0, 0, 7, 40.93
1746640522, 0, 834, 879, 847, 4, 6.85%, 0, 0, 7, 40.29
1746640532, 0, 834, 880, 848, 4, 6.85%, 0, 0, 7, 40.76
1746640547, 0, 834, 881, 849, 4, 6.85%, 0, 0, 7, 41.39
1746640557, 0, 834, 882, 850, 4, 7.01%, 0, 0, 7, 41.42
1746640562, 0, 834, 883, 851, 4, 7.01%, 0, 0, 7, 40.99
1746640568, 0, 834, 884, 852, 4, 7.01%, 0, 0, 7, 40.72
1746640573, 0, 834, 885, 853, 4, 7.01%, 0, 0, 7, 40.54
1746640588, 0, 834, 886, 854, 4, 7.01%, 0, 0, 7, 40.96
1746640593, 0, 834, 887, 855, 4, 7.08%, 0, 0, 7, 40.73
1746640598, 0, 834, 889, 857, 4, 7.08%, 0, 0, 7, 39.61
1746640619, 0, 834, 890, 858, 4, 7.08%, 0, 0, 7, 40.95
1746640624, 0, 834, 892, 860, 4, 7.08%, 0, 0, 7, 40.21
1746640629, 0, 834, 893, 861, 4, 7.08%, 0, 0, 7, 41.35
1746640654, 0, 834, 894, 862, 4, 7.08%, 0, 0, 7, 40.81
1746640664, 0, 834, 895, 863, 4, 7.08%, 0, 0, 7, 40.56
1746640675, 0, 834, 896, 864, 4, 7.08%, 0, 0, 7, 41.00
1746640690, 0, 834, 898, 866, 4, 7.08%, 0, 0, 7, 40.69
1746640751, 0, 839, 898, 865, 6, 7.08%, 0, 0, 7, 40.24
1746640888, 0, 839, 899, 866, 6, 7.08%, 0, 0, 7, 36.19
1746642250, 0, 848, 899, 865, 5, 7.08%, 0, 0, 7, 44.25
1746643306, 0, 886, 899, 864, 4, 7.08%, 0, 0, 7, 47.40
1746643317, 0, 886, 900, 865, 4, 7.08%, 0, 0, 8, 37.22
1746643332, 0, 886, 901, 866, 4, 7.08%, 0, 0, 8, 36.84
1746643342, 0, 886, 902, 867, 4, 7.08%, 0, 0, 8, 36.71
1746643363, 0, 886, 903, 868, 4, 7.08%, 0, 0, 8, 36.66
1746643541, 0, 886, 904, 869, 4, 7.08%, 0, 0, 8, 36.83
1746643546, 0, 886, 906, 871, 4, 7.08%, 0, 0, 8, 37.22
1746644732, 0, 886, 907, 872, 4, 7.08%, 0, 0, 8, 36.73
1746644838, 0, 886, 909, 874, 4, 7.08%, 0, 0, 8, 40.63
1746644843, 0, 886, 911, 876, 4, 7.08%, 0, 0, 8, 41.32
1746644853, 0, 886, 912, 877, 4, 7.08%, 0, 0, 8, 42.92
1746644863, 0, 886, 914, 879, 4, 7.08%, 0, 0, 8, 42.22
1746644894, 0, 886, 915, 880, 4, 7.08%, 0, 0, 8, 41.69
1746644914, 0, 886, 916, 881, 4, 7.08%, 0, 0, 8, 42.78
1746644924, 0, 886, 917, 882, 4, 7.08%, 0, 0, 8, 42.27
1746644934, 0, 886, 919, 884, 4, 7.08%, 0, 0, 8, 41.44
1746644939, 0, 886, 920, 885, 4, 7.08%, 0, 0, 8, 41.99
1746644950, 0, 886, 921, 886, 4, 7.08%, 0, 0, 8, 42.12
1746644955, 0, 886, 922, 887, 4, 7.08%, 0, 0, 8, 42.83
1746644975, 0, 886, 923, 888, 4, 7.08%, 0, 0, 8, 41.35
1746644985, 0, 886, 924, 889, 4, 7.08%, 0, 0, 8, 41.03
1746645011, 0, 886, 925, 890, 4, 7.08%, 0, 0, 8, 42.02
1746645031, 0, 886, 926, 891, 4, 7.08%, 0, 0, 8, 42.61
1746645082, 0, 886, 927, 892, 4, 7.11%, 0, 0, 8, 41.73
1746645102, 0, 886, 928, 893, 4, 7.11%, 0, 0, 8, 42.67
1746645127, 0, 897, 928, 892, 5, 7.11%, 0, 0, 8, 42.64
1746645193, 0, 897, 930, 894, 5, 7.11%, 0, 0, 8, 37.75
1746646515, 0, 901, 930, 893, 5, 7.11%, 0, 0, 8, 40.65
1746648060, 0, 908, 930, 892, 5, 7.11%, 0, 0, 8, 39.93
1746649620, 0, 913, 930, 891, 5, 7.11%, 0, 0, 8, 40.77
1746651102, 0, 913, 931, 892, 5, 7.11%, 0, 0, 9, 42.78
1746651142, 0, 914, 931, 891, 4, 7.11%, 0, 0, 9, 42.61
1746652664, 0, 914, 932, 892, 4, 7.53%, 0, 0, 9, 42.73
1746652705, 0, 930, 932, 891, 3, 7.53%, 0, 0, 9, 41.35
1746652959, 0, 930, 934, 893, 3, 7.53%, 0, 0, 10, 35.22
1746654373, 0, 930, 935, 894, 3, 7.53%, 0, 0, 10, 37.77
1746654383, 0, 930, 936, 895, 3, 7.53%, 0, 0, 10, 41.53
1746654393, 0, 930, 937, 896, 3, 7.56%, 0, 0, 10, 40.64
1746654398, 0, 930, 938, 897, 3, 7.56%, 0, 0, 10, 40.70
1746654414, 0, 930, 939, 898, 3, 7.56%, 0, 0, 10, 39.99
1746654424, 0, 930, 940, 899, 3, 7.56%, 0, 0, 10, 41.00
1746654506, 0, 930, 941, 900, 3, 7.56%, 0, 0, 10, 40.73
1746654511, 0, 930, 942, 901, 3, 7.56%, 0, 0, 10, 40.79
1746654521, 0, 930, 943, 902, 3, 7.56%, 0, 0, 10, 40.29
1746654526, 0, 930, 944, 903, 3, 7.56%, 0, 0, 10, 40.78
1746654592, 0, 930, 945, 904, 3, 7.56%, 0, 0, 10, 40.47
1746654602, 0, 931, 945, 903, 4, 7.56%, 0, 0, 10, 36.49
1746654613, 0, 931, 947, 905, 4, 7.56%, 0, 0, 10, 32.27
1746654623, 0, 931, 948, 906, 4, 7.56%, 0, 0, 10, 32.07
1746654658, 0, 931, 949, 907, 4, 7.56%, 0, 0, 10, 32.01
1746654668, 0, 931, 951, 909, 4, 7.56%, 0, 0, 10, 31.89
1746654679, 0, 931, 952, 910, 4, 7.56%, 0, 0, 10, 31.86
1746654684, 0, 931, 953, 911, 4, 7.56%, 0, 0, 10, 31.82
1746654689, 0, 931, 956, 914, 4, 7.57%, 0, 0, 10, 31.76
1746654893, 0, 931, 957, 915, 4, 7.57%, 0, 0, 10, 34.10
1746654903, 0, 931, 962, 920, 4, 7.57%, 0, 0, 10, 32.23
