# unix_time, cycles_done, cur_path, paths_total, pending_total, pending_favs, map_size, unique_crashes, unique_hangs, max_depth, execs_per_sec
1746558726, 0, 0, 1, 1, 1, 5.46%, 0, 0, 1, 38.46
1746558731, 0, 0, 25, 25, 1, 6.25%, 0, 0, 2, 41.69
1746558736, 0, 0, 50, 50, 1, 6.25%, 0, 0, 2, 44.07
1746558741, 0, 0, 75, 75, 1, 6.25%, 0, 0, 2, 44.28
1746558746, 0, 0, 93, 93, 1, 6.74%, 0, 0, 2, 36.15
1746558751, 0, 0, 106, 106, 1, 6.90%, 0, 0, 2, 29.15
1746558756, 0, 0, 123, 123, 1, 6.90%, 0, 0, 2, 32.86
1746558761, 0, 0, 132, 132, 1, 6.95%, 0, 0, 2, 22.69
1746558767, 0, 0, 143, 143, 1, 6.96%, 0, 0, 2, 24.46
1746558772, 0, 0, 155, 155, 1, 6.97%, 0, 0, 2, 23.97
1746558777, 0, 0, 163, 163, 1, 6.97%, 0, 0, 2, 17.11
1746558782, 0, 0, 176, 176, 1, 6.97%, 0, 0, 2, 25.87
1746558787, 0, 0, 189, 189, 1, 6.97%, 0, 0, 2, 25.77
1746558792, 0, 0, 196, 196, 1, 7.01%, 0, 0, 2, 16.30
1746558798, 0, 0, 206, 206, 1, 7.12%, 0, 0, 2, 18.34
1746558803, 0, 0, 213, 213, 1, 7.12%, 0, 0, 2, 14.42
1746558808, 0, 0, 222, 222, 1, 7.12%, 0, 0, 2, 17.07
1746558813, 0, 0, 232, 232, 1, 7.12%, 0, 0, 2, 22.82
1746558818, 0, 0, 242, 242, 1, 7.12%, 0, 0, 2, 20.79
1746558823, 0, 0, 249, 249, 1, 7.12%, 0, 0, 2, 16.60
1746558828, 0, 0, 262, 262, 1, 7.62%, 0, 0, 2, 23.64
1746558834, 0, 0, 270, 270, 1, 7.62%, 0, 0, 2, 18.37
1746558839, 0, 0, 279, 279, 1, 7.63%, 0, 0, 2, 20.75
1746558844, 0, 0, 286, 286, 1, 7.63%, 0, 0, 2, 16.51
1746558849, 0, 0, 296, 296, 1, 7.63%, 0, 0, 2, 21.49
1746558854, 0, 0, 304, 304, 1, 7.63%, 0, 0, 2, 18.38
1746558860, 0, 0, 311, 311, 1, 7.64%, 0, 0, 2, 16.50
1746558865, 0, 0, 319, 319, 1, 7.64%, 0, 0, 2, 17.08
1746558870, 0, 0, 324, 324, 1, 7.64%, 0, 0, 2, 12.32
1746558875, 0, 0, 331, 331, 1, 7.64%, 0, 0, 2, 14.36
1746558880, 0, 0, 338, 338, 1, 7.64%, 0, 0, 2, 20.13
1746558885, 0, 0, 347, 347, 1, 7.64%, 0, 0, 2, 20.25
1746558890, 0, 0, 356, 356, 1, 7.64%, 0, 0, 2, 22.93
1746558895, 0, 0, 363, 363, 1, 7.64%, 0, 0, 2, 20.08
1746558900, 0, 0, 372, 372, 1, 7.64%, 0, 0, 2, 19.74
1746558905, 0, 0, 378, 378, 1, 7.69%, 0, 0, 2, 17.26
1746558911, 0, 0, 383, 383, 1, 7.69%, 0, 0, 2, 15.75
1746558916, 0, 0, 390, 390, 1, 7.69%, 0, 0, 2, 15.66
1746558921, 0, 0, 395, 395, 1, 7.69%, 0, 0, 2, 14.16
1746558926, 0, 0, 400, 400, 1, 7.70%, 0, 0, 2, 15.46
1746558931, 0, 0, 407, 407, 1, 7.70%, 0, 0, 2, 19.12
1746558936, 0, 0, 413, 413, 1, 7.70%, 0, 0, 2, 18.46
1746558941, 0, 0, 420, 420, 1, 7.70%, 0, 0, 2, 22.92
1746558947, 0, 0, 426, 426, 1, 7.70%, 0, 0, 2, 19.46
1746558952, 0, 0, 432, 432, 1, 7.70%, 0, 0, 2, 19.63
1746558957, 0, 0, 438, 438, 1, 7.70%, 0, 0, 2, 17.82
1746558962, 0, 0, 444, 444, 1, 7.70%, 0, 0, 2, 18.81
1746558967, 0, 0, 449, 449, 1, 7.70%, 0, 0, 2, 15.56
1746558972, 0, 0, 454, 454, 1, 7.70%, 0, 0, 2, 22.79
1746558978, 0, 0, 459, 459, 1, 7.70%, 0, 0, 2, 21.36
1746558983, 0, 0, 465, 465, 1, 7.70%, 0, 0, 2, 20.92
1746558988, 0, 0, 469, 469, 1, 7.70%, 0, 0, 2, 24.37
1746558993, 0, 0, 474, 474, 1, 7.70%, 0, 0, 2, 20.89
1746558998, 0, 0, 481, 481, 1, 7.83%, 0, 0, 2, 18.53
1746559003, 0, 0, 485, 485, 1, 7.83%, 0, 0, 2, 20.61
1746559008, 0, 0, 491, 491, 1, 7.83%, 0, 0, 2, 17.03
1746559013, 0, 0, 497, 497, 1, 7.83%, 0, 0, 2, 17.16
1746559019, 0, 0, 502, 502, 1, 7.83%, 0, 0, 2, 22.08
1746559024, 0, 0, 506, 506, 1, 7.83%, 0, 0, 2, 20.26
1746559029, 0, 0, 508, 508, 1, 7.83%, 0, 0, 2, 17.49
1746559034, 0, 0, 512, 512, 1, 7.83%, 0, 0, 2, 19.97
1746559039, 0, 0, 517, 517, 1, 7.83%, 0, 0, 2, 21.11
1746559044, 0, 0, 519, 519, 1, 7.83%, 0, 0, 2, 21.99
1746559049, 0, 0, 523, 523, 1, 7.83%, 0, 0, 2, 21.77
1746559054, 0, 0, 525, 525, 1, 7.83%, 0, 0, 2, 22.20
1746559059, 0, 0, 528, 528, 1, 7.83%, 0, 0, 2, 18.77
1746559064, 0, 0, 530, 530, 1, 7.83%, 0, 0, 2, 20.19
1746559069, 0, 0, 534, 534, 1, 7.83%, 0, 0, 2, 18.47
1746559074, 0, 0, 536, 536, 1, 7.83%, 0, 0, 2, 21.90
1746559080, 0, 0, 538, 538, 1, 7.83%, 0, 0, 2, 22.57
1746559085, 0, 0, 543, 543, 1, 7.83%, 0, 0, 2, 21.83
1746559090, 0, 0, 545, 545, 1, 7.83%, 0, 0, 2, 21.28
1746559095, 0, 0, 548, 548, 1, 7.83%, 0, 0, 2, 18.21
1746559100, 0, 0, 550, 550, 1, 7.84%, 0, 0, 2, 21.09
1746559105, 0, 0, 552, 552, 1, 7.84%, 0, 0, 2, 22.64
1746559110, 0, 0, 554, 554, 1, 7.84%, 0, 0, 2, 20.61
1746559116, 0, 0, 556, 556, 1, 7.84%, 0, 0, 2, 20.05
1746559121, 0, 0, 560, 560, 1, 7.84%, 0, 0, 2, 19.69
1746559126, 0, 0, 562, 562, 1, 7.84%, 0, 0, 2, 21.50
1746559131, 0, 0, 563, 563, 1, 7.84%, 0, 0, 2, 23.22
1746559136, 0, 0, 566, 566, 1, 7.84%, 0, 0, 2, 19.47
1746559141, 0, 0, 567, 567, 1, 7.84%, 0, 0, 2, 22.34
1746559146, 0, 0, 568, 568, 1, 7.84%, 0, 0, 2, 20.04
1746559151, 0, 0, 571, 571, 1, 7.86%, 0, 0, 2, 18.45
1746559161, 0, 0, 574, 574, 1, 7.86%, 0, 0, 2, 18.18
1746559167, 0, 0, 577, 577, 1, 7.86%, 0, 0, 2, 16.32
1746559172, 0, 0, 579, 579, 1, 7.86%, 0, 0, 2, 23.00
1746559177, 0, 0, 581, 581, 1, 7.86%, 0, 0, 2, 22.01
1746559182, 0, 0, 582, 582, 1, 7.86%, 0, 0, 2, 22.56
1746559187, 0, 0, 583, 583, 1, 7.86%, 0, 0, 2, 22.04
1746559192, 0, 0, 585, 585, 1, 7.86%, 0, 0, 2, 23.16
1746559197, 0, 0, 587, 587, 1, 7.86%, 0, 0, 2, 19.96
1746559203, 0, 0, 589, 589, 1, 7.86%, 0, 0, 2, 18.34
1746559208, 0, 0, 592, 592, 1, 7.86%, 0, 0, 2, 19.84
1746559213, 0, 0, 593, 593, 1, 7.86%, 0, 0, 2, 24.84
1746559218, 0, 0, 595, 595, 1, 7.86%, 0, 0, 2, 22.11
1746559223, 0, 0, 596, 596, 1, 7.86%, 0, 0, 2, 23.67
1746559228, 0, 0, 597, 597, 1, 7.86%, 0, 0, 2, 22.58
1746559233, 0, 0, 600, 600, 1, 7.86%, 0, 0, 2, 21.88
1746559238, 0, 0, 602, 602, 1, 7.86%, 0, 0, 2, 22.51
1746559254, 0, 0, 604, 604, 1, 7.86%, 0, 0, 2, 22.69
1746559259, 0, 0, 606, 606, 1, 7.86%, 0, 0, 2, 15.13
1746559264, 0, 0, 609, 609, 1, 7.86%, 0, 0, 2, 17.04
1746559274, 0, 0, 610, 610, 1, 7.86%, 0, 0, 2, 21.86
1746559290, 0, 26, 610, 609, 19, 7.86%, 0, 0, 2, 28.47
1746559295, 0, 26, 612, 611, 19, 7.86%, 0, 0, 3, 24.39
1746559300, 0, 26, 616, 615, 19, 7.86%, 0, 0, 3, 21.20
1746559315, 0, 26, 617, 616, 19, 7.87%, 0, 0, 3, 17.95
1746559320, 0, 26, 618, 617, 19, 7.87%, 0, 0, 3, 23.23
1746559325, 0, 26, 620, 619, 19, 7.88%, 0, 0, 3, 20.37
1746559330, 0, 26, 621, 620, 19, 7.88%, 0, 0, 3, 19.49
1746559341, 0, 26, 623, 622, 19, 7.88%, 0, 0, 3, 20.53
1746559346, 0, 26, 625, 624, 19, 7.88%, 0, 0, 3, 19.07
1746559351, 0, 26, 627, 626, 19, 7.88%, 0, 0, 3, 16.71
1746559356, 0, 26, 629, 628, 19, 7.88%, 0, 0, 3, 17.73
1746559361, 0, 26, 630, 629, 19, 7.88%, 0, 0, 3, 19.91
1746559366, 0, 26, 631, 630, 19, 7.88%, 0, 0, 3, 23.38
1746559371, 0, 26, 633, 632, 19, 7.88%, 0, 0, 3, 22.55
1746559377, 0, 26, 634, 633, 19, 7.88%, 0, 0, 3, 22.91
1746559382, 0, 26, 635, 634, 19, 7.88%, 0, 0, 3, 20.63
1746559387, 0, 26, 636, 635, 19, 7.88%, 0, 0, 3, 23.24
1746559413, 0, 26, 637, 636, 19, 7.88%, 0, 0, 3, 20.03
1746559418, 0, 26, 638, 637, 19, 7.88%, 0, 0, 3, 19.11
1746559423, 0, 26, 640, 639, 19, 7.88%, 0, 0, 3, 19.57
1746559433, 0, 26, 641, 640, 19, 7.88%, 0, 0, 3, 23.47
1746559438, 0, 26, 642, 641, 19, 7.88%, 0, 0, 3, 22.43
1746559443, 0, 26, 643, 642, 19, 7.88%, 0, 0, 3, 24.87
1746559454, 0, 26, 644, 643, 19, 7.88%, 0, 0, 3, 22.53
1746559484, 0, 26, 645, 644, 19, 7.88%, 0, 0, 3, 24.41
1746559490, 0, 26, 646, 645, 19, 7.93%, 0, 0, 3, 24.69
1746559495, 0, 26, 648, 647, 19, 7.93%, 0, 0, 3, 22.88
1746559500, 0, 26, 649, 648, 19, 7.93%, 0, 0, 3, 17.58
1746559505, 0, 26, 651, 650, 19, 7.93%, 0, 0, 3, 17.72
1746559520, 0, 26, 652, 651, 19, 7.93%, 0, 0, 3, 21.08
1746559525, 0, 26, 653, 652, 19, 7.93%, 0, 0, 3, 22.99
1746559530, 0, 26, 655, 654, 19, 7.93%, 0, 0, 3, 20.08
1746559536, 0, 89, 657, 655, 19, 7.93%, 0, 0, 3, 20.68
1746559561, 0, 89, 659, 657, 19, 7.93%, 0, 0, 3, 13.26
1746559572, 0, 89, 660, 658, 19, 7.93%, 0, 0, 3, 19.79
1746559577, 0, 89, 662, 660, 19, 7.93%, 0, 0, 3, 18.50
1746559592, 0, 89, 663, 661, 19, 7.93%, 0, 0, 3, 20.83
1746559597, 0, 89, 665, 663, 19, 7.93%, 0, 0, 3, 16.99
1746559603, 0, 89, 666, 664, 19, 7.93%, 0, 0, 3, 17.70
1746559608, 0, 89, 668, 666, 19, 7.93%, 0, 0, 3, 18.73
1746559613, 0, 89, 669, 667, 19, 7.93%, 0, 0, 3, 17.82
1746559633, 0, 89, 670, 668, 19, 7.93%, 0, 0, 3, 19.06
1746559643, 0, 89, 671, 669, 19, 7.93%, 0, 0, 3, 19.94
1746559659, 0, 89, 672, 670, 19, 7.93%, 0, 0, 3, 19.68
1746559664, 0, 89, 673, 671, 19, 7.93%, 0, 0, 3, 20.73
1746559700, 0, 89, 674, 672, 19, 7.93%, 0, 0, 3, 18.37
1746559715, 0, 89, 675, 673, 19, 7.93%, 0, 0, 3, 15.62
1746559730, 0, 89, 676, 674, 19, 7.93%, 0, 0, 3, 19.74
1746559735, 0, 89, 677, 675, 19, 7.95%, 0, 0, 3, 17.47
1746559745, 0, 89, 678, 676, 19, 7.95%, 0, 0, 3, 19.93
1746559751, 0, 89, 679, 677, 19, 7.95%, 0, 0, 3, 18.66
1746559761, 0, 89, 680, 678, 19, 7.95%, 0, 0, 3, 19.27
1746559766, 0, 89, 682, 680, 19, 7.96%, 0, 0, 3, 19.03
1746559776, 0, 89, 683, 681, 19, 7.96%, 0, 0, 3, 19.95
1746559802, 0, 89, 684, 682, 19, 7.96%, 0, 0, 3, 17.70
1746559832, 0, 89, 685, 683, 19, 7.96%, 0, 0, 3, 19.39
1746559843, 0, 89, 686, 684, 19, 7.96%, 0, 0, 3, 18.49
1746559853, 0, 89, 687, 685, 19, 7.96%, 0, 0, 3, 19.57
1746559873, 0, 89, 688, 686, 19, 7.96%, 0, 0, 3, 19.55
1746559883, 0, 89, 689, 687, 19, 7.96%, 0, 0, 3, 20.43
1746559904, 0, 118, 689, 686, 20, 7.96%, 0, 0, 3, 25.89
1746559925, 0, 118, 690, 687, 20, 7.96%, 0, 0, 3, 26.47
1746559940, 0, 118, 691, 688, 20, 7.96%, 0, 0, 3, 20.93
1746559960, 0, 118, 692, 689, 20, 7.96%, 0, 0, 3, 23.68
1746559971, 0, 118, 693, 690, 20, 7.96%, 0, 0, 3, 21.09
1746560001, 0, 118, 694, 691, 20, 7.96%, 0, 0, 3, 23.68
1746560006, 0, 118, 696, 693, 20, 7.96%, 0, 0, 3, 21.28
1746560021, 0, 118, 697, 694, 20, 7.96%, 0, 0, 3, 17.02
1746560062, 0, 148, 697, 693, 19, 7.96%, 0, 0, 3, 23.07
1746560124, 0, 149, 697, 692, 18, 7.96%, 0, 0, 3, 18.38
1746560149, 0, 149, 698, 693, 18, 7.96%, 0, 0, 3, 19.11
1746560155, 0, 149, 699, 694, 18, 7.96%, 0, 0, 3, 19.74
1746560185, 0, 160, 699, 693, 17, 7.96%, 0, 0, 3, 17.81
1746560206, 0, 160, 700, 694, 17, 7.96%, 0, 0, 3, 17.98
1746560221, 0, 180, 700, 693, 16, 7.96%, 0, 0, 3, 16.24
1746560278, 0, 201, 702, 694, 16, 7.96%, 0, 0, 3, 16.43
1746560283, 0, 201, 706, 698, 16, 7.96%, 0, 0, 3, 15.07
1746560288, 0, 201, 709, 701, 16, 7.96%, 0, 0, 3, 15.04
1746560293, 0, 201, 712, 704, 16, 7.96%, 0, 0, 3, 15.06
1746560298, 0, 201, 714, 706, 16, 7.96%, 0, 0, 3, 12.78
1746560303, 0, 201, 715, 707, 16, 7.96%, 0, 0, 3, 15.09
1746560318, 0, 201, 716, 708, 16, 7.96%, 0, 0, 3, 17.53
1746560324, 0, 201, 717, 709, 16, 7.96%, 0, 0, 3, 16.44
1746560329, 0, 201, 720, 712, 16, 7.96%, 0, 0, 3, 15.60
1746560334, 0, 201, 722, 714, 16, 7.96%, 0, 0, 3, 14.14
1746560339, 0, 201, 726, 718, 16, 7.96%, 0, 0, 3, 14.07
1746560355, 0, 201, 727, 719, 16, 7.96%, 0, 0, 3, 14.61
1746560375, 0, 201, 729, 721, 16, 7.96%, 0, 0, 3, 16.49
1746560380, 0, 201, 731, 723, 16, 7.96%, 0, 0, 3, 11.63
1746560385, 0, 201, 733, 725, 16, 7.96%, 0, 0, 3, 14.26
1746560390, 0, 201, 734, 726, 16, 7.96%, 0, 0, 3, 16.89
1746560395, 0, 201, 735, 727, 16, 7.96%, 0, 0, 3, 15.86
1746560401, 0, 201, 736, 728, 16, 7.96%, 0, 0, 3, 17.06
1746560406, 0, 201, 737, 729, 16, 7.96%, 0, 0, 3, 15.27
1746560416, 0, 201, 739, 731, 16, 7.96%, 0, 0, 3, 16.22
1746560421, 0, 201, 740, 732, 16, 7.96%, 0, 0, 3, 12.23
1746560431, 0, 201, 742, 734, 16, 7.96%, 0, 0, 3, 17.05
1746560436, 0, 201, 744, 736, 16, 7.96%, 0, 0, 3, 14.44
1746560457, 0, 201, 746, 738, 16, 7.96%, 0, 0, 3, 13.34
1746560462, 0, 201, 748, 740, 16, 7.96%, 0, 0, 3, 13.82
1746560467, 0, 201, 749, 741, 16, 7.96%, 0, 0, 3, 16.32
1746560473, 0, 201, 750, 742, 16, 7.96%, 0, 0, 3, 16.10
1746560478, 0, 201, 751, 743, 16, 7.96%, 0, 0, 3, 15.25
1746560483, 0, 201, 752, 744, 16, 7.96%, 0, 0, 3, 17.24
1746560488, 0, 201, 753, 745, 16, 7.96%, 0, 0, 3, 17.37
1746560493, 0, 201, 754, 746, 16, 7.96%, 0, 0, 3, 15.26
1746560498, 0, 201, 756, 748, 16, 7.96%, 0, 0, 3, 17.34
1746560504, 0, 201, 757, 749, 16, 7.96%, 0, 0, 3, 16.94
1746560514, 0, 201, 758, 750, 16, 7.96%, 0, 0, 3, 16.69
1746560519, 0, 201, 759, 751, 16, 7.96%, 0, 0, 3, 16.92
1746560524, 0, 201, 761, 753, 16, 7.96%, 0, 0, 3, 14.30
1746560545, 0, 201, 762, 754, 16, 7.96%, 0, 0, 3, 18.47
1746560560, 0, 201, 763, 755, 16, 7.96%, 0, 0, 3, 18.98
1746560576, 0, 201, 764, 756, 16, 7.96%, 0, 0, 3, 17.80
1746560592, 0, 201, 765, 757, 16, 7.96%, 0, 0, 3, 17.26
1746560602, 0, 201, 766, 758, 16, 7.96%, 0, 0, 3, 18.16
1746560612, 0, 201, 767, 759, 16, 7.96%, 0, 0, 3, 17.53
1746560617, 0, 201, 768, 760, 16, 7.96%, 0, 0, 3, 8.81
1746560632, 0, 201, 769, 761, 16, 7.96%, 0, 0, 3, 15.86
1746560642, 0, 201, 770, 762, 16, 7.96%, 0, 0, 3, 11.89
1746560673, 0, 201, 771, 763, 16, 7.96%, 0, 0, 3, 16.65
1746560699, 0, 201, 772, 764, 16, 7.96%, 0, 0, 3, 17.03
1746560714, 0, 201, 774, 766, 16, 7.96%, 0, 0, 3, 15.55
1746560725, 0, 201, 776, 768, 16, 7.96%, 0, 0, 3, 15.68
1746560735, 0, 201, 777, 769, 16, 7.96%, 0, 0, 3, 15.69
1746560745, 0, 201, 778, 770, 16, 7.96%, 0, 0, 3, 17.21
1746560776, 0, 201, 779, 771, 16, 7.96%, 0, 0, 3, 16.83
1746560786, 0, 201, 780, 772, 16, 7.96%, 0, 0, 3, 18.28
1746560792, 0, 411, 780, 771, 16, 7.96%, 0, 0, 3, 15.80
1746560833, 0, 421, 780, 770, 15, 7.96%, 0, 0, 3, 18.81
1746560940, 0, 454, 781, 770, 15, 7.96%, 0, 0, 3, 15.21
1746560956, 0, 454, 782, 771, 15, 7.96%, 0, 0, 3, 11.07
1746560996, 0, 454, 783, 772, 15, 7.96%, 0, 0, 3, 9.93
1746561125, 0, 473, 783, 771, 15, 7.96%, 0, 0, 3, 24.87
1746561135, 0, 476, 783, 770, 15, 7.96%, 0, 0, 3, 20.57
1746561140, 0, 476, 784, 771, 15, 7.96%, 0, 0, 3, 17.62
1746561171, 0, 476, 785, 772, 15, 7.96%, 0, 0, 3, 16.84
1746561207, 0, 487, 785, 771, 16, 7.96%, 0, 0, 3, 14.23
1746561243, 0, 547, 785, 770, 15, 7.96%, 0, 0, 3, 14.39
1746561263, 0, 547, 786, 771, 15, 7.96%, 0, 0, 3, 19.15
1746561283, 0, 548, 786, 770, 15, 7.96%, 0, 0, 3, 11.33
1746561288, 0, 548, 787, 771, 15, 7.96%, 0, 0, 3, 9.22
1746561299, 0, 548, 789, 773, 15, 7.96%, 0, 0, 3, 5.53
1746561304, 0, 548, 791, 775, 15, 7.96%, 0, 0, 3, 4.84
1746561330, 0, 548, 792, 776, 15, 7.96%, 0, 0, 3, 7.19
1746561335, 0, 548, 794, 778, 15, 7.96%, 0, 0, 3, 6.50
1746561340, 0, 548, 795, 779, 15, 7.96%, 0, 0, 3, 5.40
1746561345, 0, 548, 797, 781, 15, 7.96%, 0, 0, 3, 5.04
1746561350, 0, 548, 798, 782, 15, 7.96%, 0, 0, 3, 5.08
1746561361, 0, 548, 799, 783, 15, 7.96%, 0, 0, 3, 6.96
1746561376, 0, 548, 800, 784, 15, 7.96%, 0, 0, 3, 5.78
1746561392, 0, 548, 801, 785, 15, 7.96%, 0, 0, 3, 6.43
1746561397, 0, 548, 802, 786, 15, 7.96%, 0, 0, 3, 5.18
1746561402, 0, 548, 803, 787, 15, 7.96%, 0, 0, 3, 6.82
1746561412, 0, 548, 804, 788, 15, 7.96%, 0, 0, 3, 8.48
1746561469, 0, 548, 805, 789, 15, 7.96%, 0, 0, 3, 7.12
1746561485, 0, 548, 806, 790, 15, 7.96%, 0, 0, 3, 6.93
1746561547, 0, 548, 807, 791, 15, 7.96%, 0, 0, 3, 5.02
1746561562, 0, 548, 808, 792, 15, 7.96%, 0, 0, 3, 5.27
1746561568, 0, 548, 809, 793, 15, 7.96%, 0, 0, 3, 5.26
1746561672, 0, 548, 810, 794, 15, 7.96%, 0, 0, 3, 7.64
1746561702, 0, 548, 812, 796, 15, 7.96%, 0, 0, 3, 7.15
1746561707, 0, 548, 813, 797, 15, 7.96%, 0, 0, 3, 6.74
1746561717, 0, 548, 815, 799, 15, 7.96%, 0, 0, 3, 4.80
1746561744, 0, 548, 816, 800, 15, 7.96%, 0, 0, 3, 4.60
1746561811, 0, 548, 817, 801, 15, 7.96%, 0, 0, 3, 6.08
1746561816, 0, 548, 818, 802, 15, 7.96%, 0, 0, 3, 6.86
1746561836, 0, 548, 819, 803, 15, 7.96%, 0, 0, 3, 5.75
1746561842, 0, 548, 820, 804, 15, 7.96%, 0, 0, 3, 4.85
1746561903, 0, 555, 820, 803, 15, 7.96%, 0, 0, 3, 11.02
1746561913, 0, 555, 821, 804, 15, 7.96%, 0, 0, 3, 7.46
1746561949, 0, 555, 822, 805, 15, 7.96%, 0, 0, 3, 6.98
1746561985, 0, 555, 823, 806, 15, 7.96%, 0, 0, 3, 6.96
1746562001, 0, 555, 824, 807, 15, 7.96%, 0, 0, 3, 6.93
1746562006, 0, 555, 825, 808, 15, 7.96%, 0, 0, 3, 6.94
1746562078, 0, 555, 826, 809, 15, 7.96%, 0, 0, 3, 6.99
1746562145, 0, 561, 827, 809, 14, 7.96%, 0, 0, 3, 11.96
1746562248, 0, 561, 828, 810, 14, 7.96%, 0, 0, 3, 16.16
1746562258, 0, 561, 829, 811, 14, 7.96%, 0, 0, 3, 14.50
1746562294, 0, 569, 829, 810, 13, 7.96%, 0, 0, 3, 17.59
1746562370, 0, 598, 829, 809, 12, 7.96%, 0, 0, 3, 18.62
1746562478, 0, 600, 829, 808, 12, 7.96%, 0, 0, 3, 16.47
1746562498, 0, 603, 829, 807, 12, 7.96%, 0, 0, 3, 16.09
1746562606, 0, 603, 830, 808, 12, 7.96%, 0, 0, 3, 11.09
1746562861, 0, 603, 831, 809, 12, 8.06%, 0, 0, 3, 10.55
1746562933, 0, 603, 832, 810, 12, 8.09%, 0, 0, 3, 9.75
1746563026, 0, 613, 833, 810, 13, 8.09%, 0, 0, 4, 15.12
1746563087, 0, 613, 834, 811, 13, 8.09%, 0, 0, 4, 10.49
1746563502, 0, 613, 835, 812, 13, 8.09%, 0, 0, 4, 12.29
1746563579, 0, 613, 836, 813, 13, 8.09%, 0, 0, 4, 12.46
1746563594, 0, 613, 837, 814, 13, 8.09%, 0, 0, 4, 10.93
1746563625, 0, 613, 838, 815, 13, 8.11%, 0, 0, 4, 12.49
1746563651, 0, 613, 839, 816, 13, 8.11%, 0, 0, 4, 13.77
1746563656, 0, 613, 840, 817, 13, 8.12%, 0, 0, 4, 13.24
1746563676, 0, 613, 842, 819, 13, 8.25%, 0, 0, 4, 10.32
1746563692, 0, 613, 844, 821, 13, 8.26%, 0, 0, 4, 12.01
1746563738, 0, 613, 845, 822, 13, 8.26%, 0, 0, 4, 11.87
1746563753, 0, 613, 846, 823, 13, 8.26%, 0, 0, 4, 13.00
1746563769, 0, 613, 847, 824, 13, 8.26%, 0, 0, 4, 12.43
1746563779, 0, 613, 848, 825, 13, 8.26%, 0, 0, 4, 14.58
1746563794, 0, 613, 849, 826, 13, 8.26%, 0, 0, 4, 12.98
1746563799, 0, 613, 850, 827, 13, 8.26%, 0, 0, 4, 14.03
1746563856, 0, 613, 851, 828, 13, 8.26%, 0, 0, 4, 13.83
1746563866, 0, 613, 852, 829, 13, 8.26%, 0, 0, 4, 11.61
1746563887, 0, 613, 853, 830, 13, 8.26%, 0, 0, 4, 9.68
1746563907, 0, 613, 854, 831, 13, 8.26%, 0, 0, 4, 2.79
1746563984, 0, 613, 855, 832, 13, 8.26%, 0, 0, 4, 12.91
1746564040, 0, 613, 856, 833, 13, 8.26%, 0, 0, 4, 11.54
1746564071, 0, 631, 856, 832, 16, 8.26%, 0, 0, 4, 15.93
1746564076, 0, 631, 857, 833, 16, 8.26%, 0, 0, 4, 17.91
1746564128, 0, 631, 859, 835, 16, 8.26%, 0, 0, 4, 16.53
1746564214, 0, 631, 860, 836, 16, 8.26%, 0, 0, 4, 15.67
1746564219, 0, 631, 861, 837, 16, 8.26%, 0, 0, 4, 13.58
1746564239, 0, 631, 862, 838, 16, 8.26%, 0, 0, 4, 16.29
1746564265, 0, 715, 862, 837, 15, 8.26%, 0, 0, 4, 17.81
1746564337, 0, 716, 862, 836, 14, 8.26%, 0, 0, 4, 17.81
1746564434, 0, 729, 863, 836, 13, 8.26%, 0, 0, 4, 9.13
1746564439, 0, 729, 864, 837, 13, 8.26%, 0, 0, 4, 5.83
1746564444, 0, 729, 866, 839, 13, 8.26%, 0, 0, 4, 4.36
1746564449, 0, 729, 867, 840, 13, 8.26%, 0, 0, 4, 4.17
1746564454, 0, 729, 869, 842, 13, 8.26%, 0, 0, 4, 4.38
1746564460, 0, 729, 870, 843, 13, 8.26%, 0, 0, 4, 4.21
1746564475, 0, 729, 871, 844, 13, 8.26%, 0, 0, 4, 4.18
1746564490, 0, 729, 873, 846, 13, 8.26%, 0, 0, 4, 3.84
1746564500, 0, 729, 874, 847, 13, 8.26%, 0, 0, 4, 4.01
1746564505, 0, 729, 875, 848, 13, 8.26%, 0, 0, 4, 3.98
1746564511, 0, 729, 876, 849, 13, 8.26%, 0, 0, 4, 3.88
1746564521, 0, 729, 877, 850, 13, 8.26%, 0, 0, 4, 3.75
1746564526, 0, 729, 878, 851, 13, 8.26%, 0, 0, 4, 3.81
1746564531, 0, 729, 879, 852, 13, 8.26%, 0, 0, 4, 4.48
1746564562, 0, 729, 880, 853, 13, 8.26%, 0, 0, 4, 4.05
1746564572, 0, 729, 881, 854, 13, 8.26%, 0, 0, 4, 3.77
1746564577, 0, 729, 882, 855, 13, 8.26%, 0, 0, 4, 3.80
1746564582, 0, 729, 883, 856, 13, 8.26%, 0, 0, 4, 3.86
1746564587, 0, 729, 884, 857, 13, 8.26%, 0, 0, 4, 3.79
1746564598, 0, 729, 885, 858, 13, 8.26%, 0, 0, 4, 3.71
1746564603, 0, 729, 886, 859, 13, 8.26%, 0, 0, 4, 3.72
1746564624, 0, 729, 887, 860, 13, 8.26%, 0, 0, 4, 5.42
1746564639, 0, 729, 889, 862, 13, 8.26%, 0, 0, 4, 3.86
1746564665, 0, 729, 890, 863, 13, 8.26%, 0, 0, 4, 3.64
1746564686, 0, 729, 891, 864, 13, 8.26%, 0, 0, 4, 5.29
1746564727, 0, 729, 892, 865, 13, 8.26%, 0, 0, 4, 5.77
1746564737, 0, 729, 893, 866, 13, 8.26%, 0, 0, 4, 5.71
1746564753, 0, 729, 894, 867, 13, 8.26%, 0, 0, 4, 5.92
1746564980, 0, 729, 895, 868, 13, 8.26%, 0, 0, 4, 3.85
1746564985, 0, 729, 896, 869, 13, 8.26%, 0, 0, 4, 4.10
1746564990, 0, 729, 897, 870, 13, 8.26%, 0, 0, 4, 3.99
1746565211, 0, 729, 898, 871, 13, 8.26%, 0, 0, 4, 3.99
1746565227, 0, 729, 899, 872, 13, 8.26%, 0, 0, 4, 3.94
1746565232, 0, 729, 900, 873, 13, 8.26%, 0, 0, 4, 3.44
1746565365, 0, 729, 901, 874, 13, 8.26%, 0, 0, 4, 5.00
1746565437, 0, 729, 902, 875, 13, 8.26%, 0, 0, 4, 3.88
1746565489, 0, 729, 903, 876, 13, 8.26%, 0, 0, 4, 3.90
1746565545, 0, 729, 904, 877, 13, 8.26%, 0, 0, 4, 4.03
1746565565, 0, 729, 905, 878, 13, 8.26%, 0, 0, 4, 4.00
1746565607, 0, 783, 905, 877, 14, 8.26%, 0, 0, 4, 10.90
1746565648, 0, 783, 907, 879, 14, 8.26%, 0, 0, 4, 15.77
1746565683, 0, 784, 907, 878, 15, 8.26%, 0, 0, 4, 16.65
1746565688, 0, 784, 908, 879, 15, 8.26%, 0, 0, 4, 18.75
1746565693, 0, 784, 909, 880, 15, 8.26%, 0, 0, 4, 17.07
1746565714, 0, 784, 917, 888, 15, 8.26%, 0, 0, 4, 20.62
1746565755, 0, 807, 917, 887, 15, 8.26%, 0, 0, 4, 13.54
1746566135, 0, 807, 918, 888, 15, 8.26%, 0, 0, 4, 7.59
1746566140, 0, 807, 919, 889, 15, 8.26%, 0, 0, 4, 6.61
1746566325, 0, 818, 919, 888, 14, 8.26%, 0, 0, 4, 9.05
1746566361, 0, 818, 920, 889, 14, 8.26%, 0, 0, 4, 3.29
1746566443, 0, 818, 921, 890, 14, 8.26%, 0, 0, 4, 5.44
1746566582, 0, 818, 922, 891, 14, 8.26%, 0, 0, 4, 4.51
1746566612, 0, 818, 923, 892, 14, 8.26%, 0, 0, 4, 3.32
1746566659, 0, 818, 924, 893, 14, 8.26%, 0, 0, 4, 3.39
1746566716, 0, 818, 926, 895, 14, 8.26%, 0, 0, 4, 3.23
1746566834, 0, 818, 927, 896, 14, 8.26%, 0, 0, 4, 6.41
1746567074, 0, 831, 927, 895, 14, 8.26%, 0, 0, 4, 10.24
1746567130, 0, 831, 928, 896, 14, 8.26%, 0, 0, 4, 8.62
1746567279, 0, 831, 929, 897, 14, 8.26%, 0, 0, 4, 8.60
1746567653, 0, 831, 930, 898, 14, 8.26%, 0, 0, 4, 9.64
1746567693, 0, 831, 931, 899, 14, 8.26%, 0, 0, 4, 8.55
1746567796, 0, 831, 932, 900, 14, 8.26%, 0, 0, 4, 13.27
1746567801, 0, 831, 933, 901, 14, 8.26%, 0, 0, 4, 10.02
1746567816, 0, 831, 934, 902, 14, 8.26%, 0, 0, 4, 11.38
1746567842, 0, 831, 935, 903, 14, 8.26%, 0, 0, 4, 11.01
1746567878, 0, 831, 936, 904, 14, 8.26%, 0, 0, 4, 12.35
1746568042, 0, 831, 937, 905, 14, 8.26%, 0, 0, 4, 9.88
1746568078, 0, 831, 938, 906, 14, 8.26%, 0, 0, 4, 11.27
1746568222, 0, 831, 939, 907, 14, 8.27%, 0, 0, 4, 11.48
1746568242, 0, 831, 940, 908, 14, 8.27%, 0, 0, 4, 12.81
1746568273, 0, 831, 941, 909, 14, 8.27%, 0, 0, 4, 12.87
1746568309, 0, 831, 942, 910, 14, 8.27%, 0, 0, 4, 13.47
1746568319, 0, 831, 943, 911, 14, 8.27%, 0, 0, 4, 10.11
1746568340, 0, 834, 943, 910, 14, 8.27%, 0, 0, 4, 12.94
1746568503, 0, 834, 944, 911, 14, 8.27%, 0, 0, 5, 14.81
1746568893, 0, 834, 945, 912, 14, 8.27%, 0, 0, 5, 10.38
1746568930, 0, 837, 945, 911, 13, 8.27%, 0, 0, 5, 12.04
1746568935, 0, 837, 947, 913, 13, 8.27%, 0, 0, 5, 9.46
1746568945, 0, 837, 949, 915, 13, 8.28%, 0, 0, 5, 9.94
1746568950, 0, 837, 951, 917, 13, 8.28%, 0, 0, 5, 8.81
1746568960, 0, 837, 952, 918, 13, 8.28%, 0, 0, 5, 9.00
1746568971, 0, 837, 953, 919, 13, 8.28%, 0, 0, 5, 7.37
1746568986, 0, 837, 954, 920, 13, 8.28%, 0, 0, 5, 7.00
1746569006, 0, 837, 955, 921, 13, 8.28%, 0, 0, 5, 10.23
1746569012, 0, 837, 956, 922, 13, 8.28%, 0, 0, 5, 11.34
1746569017, 0, 837, 957, 923, 13, 8.28%, 0, 0, 5, 13.16
1746569037, 0, 837, 958, 924, 13, 8.28%, 0, 0, 5, 7.23
1746569109, 0, 837, 959, 925, 13, 8.28%, 0, 0, 5, 8.46
1746569155, 0, 837, 960, 926, 13, 8.28%, 0, 0, 5, 10.00
1746569396, 0, 837, 961, 927, 13, 8.29%, 0, 0, 5, 6.88
1746569402, 0, 837, 962, 928, 13, 8.29%, 0, 0, 5, 6.91
1746569838, 0, 837, 963, 929, 13, 8.29%, 0, 0, 5, 11.18
1746569890, 0, 837, 964, 930, 13, 8.29%, 0, 0, 5, 8.93
1746569941, 0, 837, 965, 931, 13, 8.30%, 0, 0, 5, 6.77
1746570105, 0, 837, 966, 932, 13, 8.30%, 0, 0, 5, 8.23
1746570186, 0, 837, 967, 933, 13, 8.30%, 0, 0, 5, 6.16
1746570279, 0, 837, 968, 934, 13, 8.30%, 0, 0, 5, 9.06
1746570294, 0, 837, 969, 935, 13, 8.30%, 0, 0, 5, 11.32
1746570304, 0, 837, 970, 936, 13, 8.30%, 0, 0, 5, 11.79
1746570365, 0, 837, 971, 937, 13, 8.37%, 0, 0, 5, 10.67
1746570376, 0, 837, 972, 938, 13, 8.37%, 0, 0, 5, 11.35
1746570489, 0, 837, 973, 939, 13, 8.37%, 0, 0, 5, 11.21
1746570514, 0, 837, 974, 940, 13, 8.37%, 0, 0, 5, 12.22
1746570540, 0, 837, 975, 941, 13, 8.38%, 0, 0, 5, 9.66
1746570555, 0, 837, 976, 942, 13, 8.38%, 0, 0, 5, 12.33
1746570612, 0, 837, 977, 943, 13, 8.42%, 0, 0, 5, 11.19
1746570618, 0, 837, 978, 944, 13, 8.42%, 0, 0, 5, 10.85
1746570664, 0, 837, 979, 945, 13, 8.42%, 0, 0, 5, 11.51
1746570694, 0, 839, 979, 944, 20, 8.42%, 0, 0, 5, 15.06
1746570991, 0, 839, 980, 945, 20, 8.42%, 0, 0, 5, 14.15
1746571150, 0, 856, 980, 944, 19, 8.42%, 0, 0, 5, 14.39
1746571171, 0, 856, 981, 945, 19, 8.42%, 0, 0, 5, 15.13
1746571217, 0, 856, 982, 946, 19, 8.42%, 0, 0, 5, 16.43
1746571370, 0, 856, 983, 947, 19, 8.42%, 0, 0, 5, 13.26
1746571411, 0, 857, 983, 946, 18, 8.42%, 0, 0, 5, 15.89
1746571416, 0, 857, 984, 947, 18, 8.42%, 0, 0, 5, 15.80
1746571565, 0, 857, 985, 948, 18, 8.42%, 0, 0, 5, 13.65
1746571601, 0, 857, 990, 953, 18, 8.42%, 0, 0, 5, 17.59
1746571631, 0, 876, 990, 952, 18, 8.42%, 0, 0, 5, 13.07
1746571729, 0, 876, 991, 953, 18, 8.42%, 0, 0, 5, 3.92
1746571734, 0, 876, 992, 954, 18, 8.42%, 0, 0, 5, 3.86
1746572664, 0, 876, 993, 955, 18, 8.42%, 0, 0, 5, 4.11
1746572751, 0, 905, 993, 954, 17, 8.42%, 0, 0, 5, 11.05
1746572813, 0, 905, 994, 955, 17, 8.42%, 0, 0, 5, 11.28
1746572869, 0, 913, 994, 954, 17, 8.42%, 0, 0, 5, 16.97
1746572961, 0, 923, 994, 953, 16, 8.42%, 0, 0, 5, 11.30
1746573539, 0, 923, 995, 954, 16, 8.42%, 0, 0, 5, 3.43
1746573715, 0, 948, 995, 953, 16, 8.42%, 0, 0, 5, 11.46
1746573828, 0, 948, 996, 954, 16, 8.42%, 0, 0, 6, 5.85
1746573833, 0, 948, 997, 955, 16, 8.42%, 0, 0, 6, 5.78
1746575250, 0, 948, 998, 956, 16, 8.42%, 0, 0, 6, 7.87
1746575301, 0, 953, 998, 955, 16, 8.42%, 0, 0, 6, 11.41
1746575332, 0, 953, 999, 956, 16, 8.42%, 0, 0, 6, 7.64
1746575646, 0, 953, 1000, 957, 16, 8.42%, 0, 0, 6, 8.55
1746575651, 0, 953, 1001, 958, 16, 8.42%, 0, 0, 6, 8.47
1746576148, 0, 953, 1002, 959, 16, 8.42%, 0, 0, 6, 7.66
1746576153, 0, 953, 1003, 960, 16, 8.42%, 0, 0, 6, 7.71
1746576378, 0, 953, 1004, 961, 16, 8.42%, 0, 0, 6, 12.04
1746576414, 0, 953, 1005, 962, 16, 8.42%, 0, 0, 6, 10.37
1746576450, 0, 953, 1006, 963, 16, 8.42%, 0, 0, 6, 12.18
1746576501, 0, 953, 1007, 964, 16, 8.42%, 0, 0, 6, 11.51
1746576588, 0, 953, 1008, 965, 16, 8.42%, 0, 0, 6, 11.95
1746576624, 0, 953, 1009, 966, 16, 8.42%, 0, 0, 6, 12.24
1746576635, 0, 953, 1010, 967, 16, 8.42%, 0, 0, 6, 11.24
1746576686, 0, 953, 1011, 968, 16, 8.42%, 0, 0, 6, 12.15
1746576783, 0, 953, 1012, 969, 16, 8.42%, 0, 0, 6, 11.22
1746576793, 0, 953, 1013, 970, 16, 8.42%, 0, 0, 6, 8.57
1746576809, 0, 960, 1013, 969, 16, 8.42%, 0, 0, 6, 11.82
1746576855, 0, 960, 1014, 970, 16, 8.42%, 0, 0, 6, 6.83
1746576891, 0, 960, 1015, 971, 16, 8.42%, 0, 0, 6, 8.55
1746576907, 0, 960, 1016, 972, 16, 8.42%, 0, 0, 6, 6.79
1746577737, 0, 960, 1017, 973, 16, 8.42%, 0, 0, 6, 8.24
1746578050, 0, 960, 1018, 974, 16, 8.42%, 0, 0, 6, 6.99
1746578126, 0, 960, 1019, 975, 16, 8.42%, 0, 0, 6, 6.72
1746578132, 0, 960, 1020, 976, 16, 8.42%, 0, 0, 6, 9.40
1746578183, 0, 964, 1020, 975, 16, 8.42%, 0, 0, 6, 10.97
1746579721, 0, 972, 1021, 975, 15, 8.42%, 0, 0, 6, 9.98
1746579726, 0, 972, 1022, 976, 15, 8.42%, 0, 0, 6, 9.02
1746579768, 0, 972, 1023, 977, 15, 8.42%, 0, 0, 6, 6.69
1746579773, 0, 972, 1024, 978, 15, 8.42%, 0, 0, 6, 6.55
1746579803, 0, 972, 1025, 979, 15, 8.42%, 0, 0, 6, 9.64
1746579834, 0, 972, 1026, 980, 15, 8.42%, 0, 0, 6, 6.30
1746579897, 0, 972, 1027, 981, 15, 8.42%, 0, 0, 6, 6.06
1746579922, 0, 972, 1028, 982, 15, 8.44%, 0, 0, 6, 5.98
1746579927, 0, 972, 1029, 983, 15, 8.44%, 0, 0, 6, 7.08
1746579932, 0, 972, 1030, 984, 15, 8.44%, 0, 0, 6, 5.90
1746579938, 0, 972, 1032, 986, 15, 8.44%, 0, 0, 6, 4.30
1746579943, 0, 972, 1033, 987, 15, 8.44%, 0, 0, 6, 4.57
1746580062, 0, 972, 1034, 988, 15, 8.44%, 0, 0, 6, 9.33
1746580866, 0, 972, 1035, 989, 15, 8.44%, 0, 0, 6, 5.91
1746581107, 0, 972, 1036, 990, 15, 8.44%, 0, 0, 6, 5.94
1746581159, 0, 972, 1037, 991, 15, 8.44%, 0, 0, 6, 5.44
1746581164, 0, 972, 1038, 992, 15, 8.44%, 0, 0, 6, 5.54
1746581184, 0, 972, 1039, 993, 15, 8.44%, 0, 0, 6, 5.54
1746581190, 0, 972, 1041, 995, 15, 8.44%, 0, 0, 6, 5.56
1746581282, 0, 972, 1042, 996, 15, 8.44%, 0, 0, 6, 11.09
1746581292, 0, 972, 1043, 997, 15, 8.44%, 0, 0, 6, 9.13
1746581308, 0, 972, 1044, 998, 15, 8.44%, 0, 0, 6, 13.64
1746581338, 0, 972, 1045, 999, 15, 8.44%, 0, 0, 6, 9.36
1746581507, 0, 972, 1046, 1000, 15, 8.44%, 0, 0, 6, 7.92
1746581537, 0, 972, 1047, 1001, 15, 8.44%, 0, 0, 6, 12.01
1746581681, 0, 976, 1047, 1000, 15, 8.44%, 0, 0, 6, 11.91
1746581686, 0, 976, 1048, 1001, 15, 8.44%, 0, 0, 6, 9.87
1746581696, 0, 976, 1049, 1002, 15, 8.44%, 0, 0, 6, 10.12
1746581861, 0, 976, 1050, 1003, 15, 8.44%, 0, 0, 6, 8.00
1746582508, 0, 976, 1051, 1004, 15, 8.44%, 0, 0, 6, 6.24
1746582966, 0, 980, 1051, 1003, 13, 8.44%, 0, 0, 6, 15.12
1746583073, 0, 980, 1052, 1004, 13, 8.44%, 0, 0, 6, 17.57
1746583109, 0, 980, 1053, 1005, 13, 8.44%, 0, 0, 6, 17.00
1746583135, 0, 985, 1053, 1004, 14, 8.44%, 0, 0, 6, 15.98
1746583140, 0, 985, 1055, 1006, 14, 8.44%, 0, 0, 6, 17.95
1746583145, 0, 985, 1056, 1007, 14, 8.44%, 0, 0, 6, 17.55
1746583201, 0, 985, 1057, 1008, 14, 8.44%, 0, 0, 6, 17.49
1746583355, 0, 991, 1057, 1007, 16, 8.44%, 0, 0, 6, 10.16
1746583360, 0, 991, 1058, 1008, 16, 8.44%, 0, 0, 6, 5.97
1746583400, 0, 991, 1059, 1009, 16, 8.44%, 0, 0, 6, 3.87
1746583405, 0, 991, 1060, 1010, 16, 8.44%, 0, 0, 6, 3.78
1746584005, 0, 991, 1061, 1011, 16, 8.44%, 0, 0, 6, 6.61
1746584493, 0, 993, 1061, 1010, 15, 8.44%, 0, 0, 6, 10.10
1746584508, 0, 993, 1063, 1012, 15, 8.44%, 0, 0, 6, 11.02
1746584529, 0, 993, 1064, 1013, 15, 8.44%, 0, 0, 6, 12.77
1746584611, 0, 994, 1064, 1012, 14, 8.44%, 0, 0, 6, 12.79
1746584714, 0, 994, 1065, 1013, 14, 8.44%, 0, 0, 6, 3.78
1746585376, 0, 996, 1065, 1012, 14, 8.44%, 0, 0, 6, 11.51
1746586977, 0, 998, 1065, 1011, 13, 8.44%, 0, 0, 6, 12.56
1746587732, 0, 998, 1066, 1012, 13, 8.44%, 0, 0, 7, 8.62
1746587752, 0, 998, 1067, 1013, 13, 8.44%, 0, 0, 7, 8.21
1746588162, 0, 1001, 1067, 1012, 12, 8.44%, 0, 0, 7, 11.67
1746588244, 0, 1001, 1068, 1013, 12, 8.44%, 0, 0, 7, 7.89
1746589167, 0, 1001, 1069, 1014, 12, 8.44%, 0, 0, 7, 9.44
1746589285, 0, 1003, 1069, 1013, 11, 8.44%, 0, 0, 7, 13.53
1746589321, 0, 1003, 1070, 1014, 11, 8.44%, 0, 0, 7, 14.21
1746589638, 0, 1003, 1071, 1015, 11, 8.44%, 0, 0, 7, 15.99
1746589674, 0, 1018, 1071, 1014, 11, 8.44%, 0, 0, 7, 13.25
1746591070, 0, 1027, 1071, 1013, 10, 8.44%, 0, 0, 7, 10.51
1746591301, 0, 1027, 1072, 1014, 10, 8.44%, 0, 0, 7, 7.05
1746591306, 0, 1027, 1073, 1015, 10, 8.44%, 0, 0, 7, 4.58
1746592513, 0, 1027, 1074, 1016, 10, 8.44%, 0, 0, 7, 6.07
1746592662, 0, 1027, 1075, 1017, 10, 8.44%, 0, 0, 7, 3.92
1746592698, 0, 1027, 1076, 1018, 10, 8.44%, 0, 0, 7, 3.48
1746592822, 0, 1048, 1076, 1017, 9, 8.44%, 0, 0, 7, 11.28
1746594107, 0, 1051, 1076, 1016, 8, 8.44%, 0, 0, 7, 13.90
1746594286, 0, 1052, 1076, 1015, 7, 8.44%, 0, 0, 7, 17.44
1746594450, 0, 1053, 1076, 1014, 6, 8.44%, 0, 0, 7, 17.64
1746594456, 0, 1053, 1077, 1015, 6, 8.44%, 0, 0, 7, 16.51
1746594512, 0, 1053, 1078, 1016, 6, 8.44%, 0, 0, 7, 15.75
1746594705, 0, 1054, 1078, 1015, 7, 8.44%, 0, 0, 7, 16.25
1746594926, 0, 1061, 1078, 1014, 6, 8.44%, 0, 0, 7, 13.24
1746595039, 0, 1064, 1078, 1013, 5, 8.44%, 0, 0, 7, 11.90
1746595820, 0, 1077, 1078, 1012, 4, 8.44%, 0, 0, 7, 16.40
1746596060, 0, 1077, 1079, 1013, 4, 8.44%, 0, 0, 8, 15.54
1746596101, 1, 89, 1079, 1012, 3, 8.44%, 0, 0, 8, 14.27
1746596106, 1, 150, 1079, 1012, 3, 8.44%, 0, 0, 8, 16.28
1746596137, 1, 150, 1080, 1013, 3, 8.44%, 0, 0, 8, 17.37
1746596147, 1, 201, 1080, 1012, 2, 8.44%, 0, 0, 8, 19.07
1746596152, 1, 210, 1080, 1012, 2, 8.44%, 0, 0, 8, 17.37
1746596188, 1, 210, 1081, 1013, 2, 8.44%, 0, 0, 8, 17.23
1746596208, 1, 225, 1081, 1012, 1, 8.44%, 0, 0, 8, 22.34
1746596229, 1, 269, 1081, 1011, 1, 8.44%, 0, 0, 8, 11.05
1746596538, 1, 269, 1082, 1012, 1, 8.44%, 0, 0, 8, 10.11
1746596563, 1, 317, 1083, 1012, 1, 8.44%, 0, 0, 8, 19.10
1746596599, 1, 370, 1083, 1011, 1, 8.44%, 0, 0, 8, 22.15
1746596620, 1, 458, 1083, 1010, 1, 8.44%, 0, 0, 8, 18.60
1746596651, 1, 627, 1083, 1009, 1, 8.44%, 0, 0, 8, 20.64
1746596681, 1, 642, 1083, 1008, 0, 8.44%, 0, 0, 8, 16.25
1746596722, 1, 644, 1083, 1007, 0, 8.44%, 0, 0, 8, 11.66
1746596840, 1, 644, 1084, 1008, 0, 8.44%, 0, 0, 8, 4.92
1746597241, 1, 644, 1085, 1009, 0, 8.44%, 0, 0, 8, 8.38
1746597359, 1, 646, 1085, 1008, 0, 8.44%, 0, 0, 8, 9.77
1746597385, 1, 646, 1086, 1009, 0, 8.44%, 0, 0, 8, 4.13
1746597955, 1, 648, 1086, 1008, 0, 8.44%, 0, 0, 8, 9.14
1746598078, 1, 650, 1086, 1007, 0, 8.44%, 0, 0, 8, 12.72
1746598278, 1, 651, 1086, 1006, 0, 8.44%, 0, 0, 8, 13.59
1746598565, 1, 654, 1086, 1005, 0, 8.44%, 0, 0, 8, 10.73
1746598709, 1, 661, 1086, 1004, 0, 8.44%, 0, 0, 8, 16.54
1746598817, 1, 665, 1086, 1003, 0, 8.44%, 0, 0, 8, 15.31
1746598878, 1, 670, 1086, 1002, 0, 8.44%, 0, 0, 8, 16.87
1746598899, 1, 671, 1086, 1001, 0, 8.44%, 0, 0, 8, 27.82
1746599001, 1, 675, 1086, 1000, 0, 8.44%, 0, 0, 8, 16.01
1746599607, 1, 675, 1087, 1001, 0, 8.44%, 0, 0, 8, 12.18
1746599627, 1, 677, 1087, 1000, 0, 8.44%, 0, 0, 8, 16.27
1746599678, 1, 694, 1087, 999, 0, 8.44%, 0, 0, 8, 15.40
1746599709, 1, 694, 1088, 1000, 0, 8.44%, 0, 0, 8, 12.68
1746599981, 1, 694, 1089, 1001, 0, 8.44%, 0, 0, 8, 12.34
1746600089, 1, 696, 1089, 1000, 0, 8.44%, 0, 0, 8, 9.04
1746600809, 1, 706, 1089, 999, 0, 8.44%, 0, 0, 8, 13.37
1746600890, 1, 715, 1089, 998, 0, 8.44%, 0, 0, 8, 16.66
1746600896, 1, 720, 1089, 998, 0, 8.44%, 0, 0, 8, 15.81
1746601008, 1, 723, 1089, 997, 0, 8.44%, 0, 0, 8, 13.07
1746601126, 1, 730, 1089, 996, 0, 8.44%, 0, 0, 8, 16.00
1746601234, 1, 733, 1089, 995, 0, 8.44%, 0, 0, 8, 16.80
1746601260, 1, 733, 1090, 996, 0, 8.44%, 0, 0, 8, 9.99
1746601475, 1, 736, 1090, 995, 0, 8.44%, 0, 0, 8, 9.91
1746601739, 1, 738, 1090, 994, 0, 8.44%, 0, 0, 8, 12.92
1746601893, 1, 741, 1090, 993, 0, 8.44%, 0, 0, 8, 13.70
