# unix_time, cycles_done, cur_path, paths_total, pending_total, pending_favs, map_size, unique_crashes, unique_hangs, max_depth, execs_per_sec
1748451452, 0, 0, 1, 1, 1, 0.03%, 0, 0, 1, 888.89
1748451457, 0, 0, 26, 26, 1, 0.04%, 0, 0, 2, 2682.43
1748451462, 0, 0, 27, 27, 1, 0.04%, 0, 0, 2, 3011.73
1748451467, 1, 7, 29, 23, 0, 0.04%, 0, 0, 3, 2913.01
1748451472, 1, 15, 33, 23, 0, 0.04%, 0, 0, 3, 2370.44
1748451477, 1, 32, 33, 20, 0, 0.04%, 0, 0, 3, 2166.19
1748451482, 2, 14, 33, 18, 0, 0.04%, 0, 0, 3, 2197.14
1748451487, 2, 31, 34, 17, 0, 0.04%, 0, 0, 4, 2283.43
1748451493, 4, 21, 34, 12, 0, 0.04%, 0, 0, 4, 2576.93
1748451498, 4, 22, 35, 12, 0, 0.04%, 0, 0, 4, 1984.89
1748451503, 4, 34, 35, 8, 0, 0.04%, 0, 0, 4, 2351.23
1748451513, 4, 35, 36, 8, 0, 0.04%, 0, 0, 4, 1409.85
1748451529, 4, 35, 38, 10, 0, 0.04%, 0, 0, 5, 1587.06
1748451534, 4, 35, 40, 12, 0, 0.04%, 0, 0, 5, 1779.25
1748451544, 4, 39, 40, 11, 0, 0.04%, 0, 0, 5, 1767.88
1748451554, 5, 36, 40, 9, 0, 0.04%, 0, 0, 5, 1954.72
1748451580, 5, 36, 41, 10, 0, 0.04%, 0, 0, 6, 1350.18
1748451585, 6, 20, 41, 9, 0, 0.04%, 0, 0, 6, 1790.53
1748451590, 6, 37, 41, 7, 0, 0.04%, 0, 0, 6, 1531.35
1748451605, 6, 37, 42, 8, 0, 0.04%, 0, 0, 6, 1593.19
1748451610, 7, 40, 42, 7, 0, 0.04%, 0, 0, 6, 1099.52
1748451661, 8, 13, 42, 6, 0, 0.04%, 0, 0, 6, 1473.85
1748451666, 9, 41, 42, 3, 0, 0.04%, 0, 0, 6, 2045.07
1748451692, 11, 35, 42, 2, 0, 0.04%, 0, 0, 6, 2004.34
1748451697, 13, 33, 42, 2, 0, 0.04%, 0, 0, 6, 1884.64
1748451702, 14, 38, 42, 1, 0, 0.04%, 0, 0, 6, 1717.21
1748451738, 15, 6, 42, 0, 0, 0.04%, 0, 0, 6, 1503.65
1748451743, 20, 12, 42, 0, 0, 0.04%, 0, 0, 6, 2285.11
1748451748, 26, 6, 42, 0, 0, 0.04%, 0, 0, 6, 2617.24
1748451753, 30, 21, 42, 0, 0, 0.04%, 0, 0, 6, 2547.74
1748451758, 35, 40, 42, 0, 0, 0.04%, 0, 0, 6, 2569.19
1748451764, 40, 23, 42, 0, 0, 0.04%, 0, 0, 6, 2598.58
1748451769, 46, 3, 42, 0, 0, 0.04%, 0, 0, 6, 2685.38
1748451774, 51, 27, 42, 0, 0, 0.04%, 0, 0, 6, 2687.42
1748451779, 57, 4, 42, 0, 0, 0.04%, 0, 0, 6, 2734.07
1748451784, 61, 15, 42, 0, 0, 0.04%, 0, 0, 6, 2624.24
1748451789, 66, 6, 42, 0, 0, 0.04%, 0, 0, 6, 2703.43
1748451794, 71, 2, 42, 0, 0, 0.04%, 0, 0, 6, 2663.92
1748451799, 76, 2, 42, 0, 0, 0.04%, 0, 0, 6, 2668.12
1748451805, 80, 6, 42, 0, 0, 0.04%, 0, 0, 6, 2505.04
1748451810, 85, 18, 42, 0, 0, 0.04%, 0, 0, 6, 2666.92
1748451815, 89, 38, 42, 0, 0, 0.04%, 0, 0, 6, 2719.16
1748451820, 94, 6, 42, 0, 0, 0.04%, 0, 0, 6, 2782.35
1748451825, 97, 38, 42, 0, 0, 0.04%, 0, 0, 6, 2511.61
1748451830, 102, 33, 42, 0, 0, 0.04%, 0, 0, 6, 2533.07
1748451835, 108, 2, 42, 0, 0, 0.04%, 0, 0, 6, 2676.11
1748451840, 112, 6, 42, 0, 0, 0.04%, 0, 0, 6, 2579.92
1748451845, 118, 37, 42, 0, 0, 0.04%, 0, 0, 6, 2795.53
1748451850, 125, 3, 42, 0, 0, 0.04%, 0, 0, 6, 2769.44
1748451855, 130, 6, 42, 0, 0, 0.04%, 0, 0, 6, 2731.44
1748451860, 136, 4, 42, 0, 0, 0.04%, 0, 0, 6, 2755.82
1748451866, 141, 2, 42, 0, 0, 0.04%, 0, 0, 6, 2709.49
1748451871, 147, 30, 42, 0, 0, 0.04%, 0, 0, 6, 2787.46
1748451876, 152, 4, 42, 0, 0, 0.04%, 0, 0, 6, 2701.58
1748451881, 155, 38, 42, 0, 0, 0.04%, 0, 0, 6, 2538.99
1748451886, 161, 2, 42, 0, 0, 0.04%, 0, 0, 6, 2604.65
1748451891, 167, 4, 42, 0, 0, 0.04%, 0, 0, 6, 2775.14
1748451896, 171, 38, 42, 0, 0, 0.04%, 0, 0, 6, 2602.54
1748451901, 175, 25, 42, 0, 0, 0.04%, 0, 0, 6, 2465.10
1748451906, 180, 39, 42, 0, 0, 0.04%, 0, 0, 6, 2483.16
1748451911, 184, 6, 42, 0, 0, 0.04%, 0, 0, 6, 2421.34
1748451916, 189, 33, 42, 0, 0, 0.04%, 0, 0, 6, 2466.90
1748451921, 194, 2, 42, 0, 0, 0.04%, 0, 0, 6, 2436.84
1748451926, 198, 3, 42, 0, 0, 0.04%, 0, 0, 6, 2455.99
1748451931, 201, 3, 42, 0, 0, 0.04%, 0, 0, 6, 2208.50
1748451937, 204, 40, 42, 0, 0, 0.04%, 0, 0, 6, 2007.63
1748451942, 208, 26, 42, 0, 0, 0.04%, 0, 0, 6, 390.72
1748451947, 213, 2, 42, 0, 0, 0.04%, 0, 0, 6, 2291.83
1748451952, 217, 5, 42, 0, 0, 0.04%, 0, 0, 6, 2716.42
1748451957, 220, 33, 42, 0, 0, 0.04%, 0, 0, 6, 2648.33
1748451962, 223, 38, 42, 0, 0, 0.04%, 0, 0, 6, 2189.46
1748451967, 228, 26, 42, 0, 0, 0.04%, 0, 0, 6, 2617.75
1748451972, 233, 6, 42, 0, 0, 0.04%, 0, 0, 6, 2568.53
1748451978, 237, 12, 42, 0, 0, 0.04%, 0, 0, 6, 2631.76
1748451983, 241, 7, 42, 0, 0, 0.04%, 0, 0, 6, 2516.28
1748451988, 245, 6, 42, 0, 0, 0.04%, 0, 0, 6, 2542.13
1748451993, 250, 2, 42, 0, 0, 0.04%, 0, 0, 6, 2530.40
1748451998, 254, 2, 42, 0, 0, 0.04%, 0, 0, 6, 510.57
1748452003, 257, 17, 42, 0, 0, 0.04%, 0, 0, 6, 1971.82
1748452008, 260, 28, 42, 0, 0, 0.04%, 0, 0, 6, 265.62
1748452013, 266, 3, 42, 0, 0, 0.04%, 0, 0, 6, 2729.22
1748452018, 271, 32, 42, 0, 0, 0.04%, 0, 0, 6, 2639.02
1748452023, 276, 29, 42, 0, 0, 0.04%, 0, 0, 6, 2603.81
1748452029, 281, 6, 42, 0, 0, 0.04%, 0, 0, 6, 2617.07
1748452034, 286, 6, 42, 0, 0, 0.04%, 0, 0, 6, 2630.70
1748452039, 291, 6, 42, 0, 0, 0.04%, 0, 0, 6, 2713.53
1748452044, 297, 6, 42, 0, 0, 0.04%, 0, 0, 6, 2635.04
1748452049, 302, 6, 42, 0, 0, 0.04%, 0, 0, 6, 2650.78
1748452054, 305, 42, 43, 1, 1, 0.04%, 0, 0, 6, 182.67
1748452059, 305, 42, 44, 2, 1, 0.04%, 0, 0, 6, 270.33
1748452621, 306, 2, 46, 3, 0, 0.04%, 0, 0, 6, 868.23
1748452626, 306, 43, 46, 3, 0, 0.04%, 0, 0, 6, 100.43
1748453207, 308, 3, 46, 2, 0, 0.04%, 0, 0, 6, 1257.82
1748453213, 309, 2, 46, 2, 0, 0.04%, 0, 0, 6, 1375.50
1748453218, 310, 3, 46, 2, 0, 0.04%, 0, 0, 6, 1803.72
1748453223, 310, 44, 46, 2, 0, 0.04%, 0, 0, 6, 1031.20
1748453299, 310, 45, 46, 1, 0, 0.04%, 0, 0, 6, 992.36
1748453396, 312, 42, 46, 0, 0, 0.04%, 0, 0, 6, 1777.66
1748453401, 314, 4, 46, 0, 0, 0.04%, 0, 0, 6, 1710.20
1748453406, 315, 4, 46, 0, 0, 0.04%, 0, 0, 6, 1567.13
1748453412, 316, 37, 46, 0, 0, 0.04%, 0, 0, 6, 1826.52
1748453417, 317, 22, 46, 0, 0, 0.04%, 0, 0, 6, 1800.35
1748453422, 318, 39, 46, 0, 0, 0.04%, 0, 0, 6, 1669.82
1748453427, 319, 25, 46, 0, 0, 0.04%, 0, 0, 6, 1364.35
1748453432, 320, 42, 46, 0, 0, 0.04%, 0, 0, 6, 1492.46
1748453437, 322, 3, 46, 0, 0, 0.04%, 0, 0, 6, 1588.61
1748453442, 323, 7, 46, 0, 0, 0.04%, 0, 0, 6, 2114.40
1748453447, 324, 18, 46, 0, 0, 0.04%, 0, 0, 6, 2106.12
1748453452, 326, 3, 46, 0, 0, 0.04%, 0, 0, 6, 1852.03
1748453457, 327, 4, 46, 0, 0, 0.04%, 0, 0, 6, 1773.67
1748453462, 328, 35, 46, 0, 0, 0.04%, 0, 0, 6, 1894.39
1748453468, 329, 5, 46, 0, 0, 0.04%, 0, 0, 6, 1650.52
1748453473, 330, 42, 46, 0, 0, 0.04%, 0, 0, 6, 1621.98
1748453478, 332, 30, 46, 0, 0, 0.04%, 0, 0, 6, 2021.01
1748453483, 334, 3, 46, 0, 0, 0.04%, 0, 0, 6, 1808.24
1748453488, 335, 41, 46, 0, 0, 0.04%, 0, 0, 6, 1912.85
1748453493, 336, 42, 46, 0, 0, 0.04%, 0, 0, 6, 1606.85
1748453498, 338, 4, 46, 0, 0, 0.04%, 0, 0, 6, 1832.89
1748453503, 339, 42, 46, 0, 0, 0.04%, 0, 0, 6, 1659.30
1748453508, 341, 29, 46, 0, 0, 0.04%, 0, 0, 6, 1923.63
1748453514, 342, 42, 46, 0, 0, 0.04%, 0, 0, 6, 1717.69
1748453519, 344, 2, 46, 0, 0, 0.04%, 0, 0, 6, 1769.56
1748453524, 345, 42, 46, 0, 0, 0.04%, 0, 0, 6, 1804.73
1748453529, 347, 2, 46, 0, 0, 0.04%, 0, 0, 6, 1702.57
1748453534, 347, 44, 46, 0, 0, 0.04%, 0, 0, 6, 1563.14
1748453539, 349, 42, 46, 0, 0, 0.04%, 0, 0, 6, 1573.40
1748453544, 351, 42, 46, 0, 0, 0.04%, 0, 0, 6, 1902.09
1748453549, 353, 4, 46, 0, 0, 0.04%, 0, 0, 6, 1813.32
1748453555, 354, 42, 46, 0, 0, 0.04%, 0, 0, 6, 1882.61
1748453560, 355, 29, 46, 0, 0, 0.04%, 0, 0, 6, 1988.31
1748453565, 356, 42, 46, 0, 0, 0.04%, 0, 0, 6, 1631.85
1748453570, 358, 6, 46, 0, 0, 0.04%, 0, 0, 6, 1815.55
1748453575, 360, 4, 46, 0, 0, 0.04%, 0, 0, 6, 1824.12
1748453580, 361, 6, 46, 0, 0, 0.04%, 0, 0, 6, 1913.87
1748453585, 362, 42, 46, 0, 0, 0.04%, 0, 0, 6, 1668.82
1748453590, 364, 4, 46, 0, 0, 0.04%, 0, 0, 6, 1860.00
1748453595, 365, 17, 46, 0, 0, 0.04%, 0, 0, 6, 1901.35
1748453600, 367, 3, 46, 0, 0, 0.04%, 0, 0, 6, 1855.50
1748453606, 369, 2, 46, 0, 0, 0.04%, 0, 0, 6, 1787.64
1748453611, 370, 3, 46, 0, 0, 0.04%, 0, 0, 6, 2081.06
1748453616, 371, 22, 46, 0, 0, 0.04%, 0, 0, 6, 2009.35
1748453621, 372, 42, 46, 0, 0, 0.04%, 0, 0, 6, 1618.91
1748453626, 374, 2, 46, 0, 0, 0.04%, 0, 0, 6, 1646.69
1748453631, 375, 42, 46, 0, 0, 0.04%, 0, 0, 6, 1908.43
1748453636, 376, 42, 46, 0, 0, 0.04%, 0, 0, 6, 1899.52
1748453641, 377, 42, 46, 0, 0, 0.04%, 0, 0, 6, 1624.69
1748453646, 379, 27, 46, 0, 0, 0.04%, 0, 0, 6, 2033.90
1748453652, 380, 42, 46, 0, 0, 0.04%, 0, 0, 6, 1939.15
1748453657, 383, 3, 46, 0, 0, 0.04%, 0, 0, 6, 1974.16
1748453662, 385, 4, 46, 0, 0, 0.04%, 0, 0, 6, 2078.22
1748453667, 387, 25, 46, 0, 0, 0.04%, 0, 0, 6, 2150.15
1748453672, 389, 25, 46, 0, 0, 0.04%, 0, 0, 6, 2235.25
1748453677, 391, 6, 46, 0, 0, 0.04%, 0, 0, 6, 2032.77
1748453682, 393, 3, 46, 0, 0, 0.04%, 0, 0, 6, 1971.42
1748453687, 395, 4, 46, 0, 0, 0.04%, 0, 0, 6, 2009.69
1748453693, 396, 18, 46, 0, 0, 0.04%, 0, 0, 6, 1941.93
1748453698, 398, 4, 46, 0, 0, 0.04%, 0, 0, 6, 2078.82
1748453703, 400, 8, 46, 0, 0, 0.04%, 0, 0, 6, 2245.57
1748453708, 402, 8, 46, 0, 0, 0.04%, 0, 0, 6, 2189.39
1748453713, 404, 3, 46, 0, 0, 0.04%, 0, 0, 6, 1856.80
1748453718, 405, 25, 46, 0, 0, 0.04%, 0, 0, 6, 2096.24
1748453723, 407, 5, 46, 0, 0, 0.04%, 0, 0, 6, 2164.43
1748453728, 410, 3, 46, 0, 0, 0.04%, 0, 0, 6, 2198.10
1748453733, 411, 4, 46, 0, 0, 0.04%, 0, 0, 6, 1964.55
1748453738, 414, 3, 46, 0, 0, 0.04%, 0, 0, 6, 2128.66
1748453744, 415, 43, 46, 0, 0, 0.04%, 0, 0, 6, 1886.89
1748453749, 417, 37, 46, 0, 0, 0.04%, 0, 0, 6, 2003.42
1748453754, 419, 42, 46, 0, 0, 0.04%, 0, 0, 6, 2087.37
1748453759, 422, 2, 46, 0, 0, 0.04%, 0, 0, 6, 1916.79
1748453764, 423, 42, 46, 0, 0, 0.04%, 0, 0, 6, 2003.84
1748453769, 426, 4, 46, 0, 0, 0.04%, 0, 0, 6, 2102.66
1748453774, 428, 6, 46, 0, 0, 0.04%, 0, 0, 6, 2130.29
1748453779, 430, 34, 46, 0, 0, 0.04%, 0, 0, 6, 2165.15
1748453784, 432, 6, 46, 0, 0, 0.04%, 0, 0, 6, 2077.59
1748453789, 434, 23, 46, 0, 0, 0.04%, 0, 0, 6, 2130.62
1748453795, 436, 4, 46, 0, 0, 0.04%, 0, 0, 6, 2141.40
1748453800, 437, 42, 46, 0, 0, 0.04%, 0, 0, 6, 1948.89
1748453805, 439, 45, 46, 0, 0, 0.04%, 0, 0, 6, 1923.25
1748453810, 441, 6, 46, 0, 0, 0.04%, 0, 0, 6, 2116.19
1748453815, 443, 15, 46, 0, 0, 0.04%, 0, 0, 6, 2092.74
1748453820, 445, 42, 46, 0, 0, 0.04%, 0, 0, 6, 2129.15
1748453825, 448, 4, 46, 0, 0, 0.04%, 0, 0, 6, 2168.04
1748453830, 450, 44, 46, 0, 0, 0.04%, 0, 0, 6, 2168.64
1748453835, 451, 37, 46, 0, 0, 0.04%, 0, 0, 6, 1872.73
1748453840, 453, 39, 46, 0, 0, 0.04%, 0, 0, 6, 2052.98
1748453845, 455, 41, 46, 0, 0, 0.04%, 0, 0, 6, 2175.07
1748453851, 458, 3, 46, 0, 0, 0.04%, 0, 0, 6, 2181.16
1748453856, 459, 3, 46, 0, 0, 0.04%, 0, 0, 6, 1703.09
1748453861, 461, 3, 46, 0, 0, 0.04%, 0, 0, 6, 1955.31
1748453866, 463, 5, 46, 0, 0, 0.04%, 0, 0, 6, 2164.47
1748453871, 464, 43, 46, 0, 0, 0.04%, 0, 0, 6, 1806.64
1748453876, 466, 6, 46, 0, 0, 0.04%, 0, 0, 6, 2086.68
1748453881, 469, 3, 46, 0, 0, 0.04%, 0, 0, 6, 2119.65
1748453886, 471, 6, 46, 0, 0, 0.04%, 0, 0, 6, 2167.52
1748453891, 473, 38, 46, 0, 0, 0.04%, 0, 0, 6, 2222.88
1748453896, 475, 3, 46, 0, 0, 0.04%, 0, 0, 6, 2038.83
1748453901, 477, 2, 46, 0, 0, 0.04%, 0, 0, 6, 1910.47
1748453906, 479, 4, 46, 0, 0, 0.04%, 0, 0, 6, 2084.81
1748453912, 480, 42, 46, 0, 0, 0.04%, 0, 0, 6, 1807.18
1748453917, 482, 3, 46, 0, 0, 0.04%, 0, 0, 6, 1966.88
1748453922, 483, 9, 46, 0, 0, 0.04%, 0, 0, 6, 1993.03
1748453927, 485, 6, 46, 0, 0, 0.04%, 0, 0, 6, 1958.82
1748453932, 487, 3, 46, 0, 0, 0.04%, 0, 0, 6, 1884.53
1748453937, 489, 6, 46, 0, 0, 0.04%, 0, 0, 6, 2207.57
1748453942, 491, 7, 46, 0, 0, 0.04%, 0, 0, 6, 2139.34
1748453947, 493, 13, 46, 0, 0, 0.04%, 0, 0, 6, 2158.52
1748453952, 495, 11, 46, 0, 0, 0.04%, 0, 0, 6, 2216.44
1748453957, 497, 4, 46, 0, 0, 0.04%, 0, 0, 6, 2135.49
1748453963, 499, 30, 46, 0, 0, 0.04%, 0, 0, 6, 2179.72
1748453968, 501, 35, 46, 0, 0, 0.04%, 0, 0, 6, 2069.90
1748453973, 503, 42, 46, 0, 0, 0.04%, 0, 0, 6, 1878.05
1748453978, 506, 20, 46, 0, 0, 0.04%, 0, 0, 6, 2231.56
1748453983, 508, 3, 46, 0, 0, 0.04%, 0, 0, 6, 2112.04
1748453988, 511, 2, 46, 0, 0, 0.04%, 0, 0, 6, 2048.55
1748453993, 513, 3, 46, 0, 0, 0.04%, 0, 0, 6, 2094.39
1748453998, 515, 42, 46, 0, 0, 0.04%, 0, 0, 6, 2154.08
1748454003, 518, 4, 46, 0, 0, 0.04%, 0, 0, 6, 2100.30
1748454009, 520, 34, 46, 0, 0, 0.04%, 0, 0, 6, 2195.27
1748454014, 523, 2, 46, 0, 0, 0.04%, 0, 0, 6, 2102.63
1748454019, 525, 4, 46, 0, 0, 0.04%, 0, 0, 6, 2116.87
1748454024, 526, 29, 46, 0, 0, 0.04%, 0, 0, 6, 2116.08
1748454029, 528, 30, 46, 0, 0, 0.04%, 0, 0, 6, 2084.73
1748454034, 530, 22, 46, 0, 0, 0.04%, 0, 0, 6, 2101.04
1748454039, 533, 2, 46, 0, 0, 0.04%, 0, 0, 6, 2028.30
1748454044, 535, 2, 46, 0, 0, 0.04%, 0, 0, 6, 2003.89
1748454049, 536, 2, 46, 0, 0, 0.04%, 0, 0, 6, 1856.78
1748454054, 538, 3, 46, 0, 0, 0.04%, 0, 0, 6, 2130.99
1748454059, 540, 2, 46, 0, 0, 0.04%, 0, 0, 6, 1936.05
1748454064, 542, 9, 46, 0, 0, 0.04%, 0, 0, 6, 2268.52
1748454070, 544, 4, 46, 0, 0, 0.04%, 0, 0, 6, 2108.61
1748454075, 546, 6, 46, 0, 0, 0.04%, 0, 0, 6, 2156.82
1748454080, 548, 42, 46, 0, 0, 0.04%, 0, 0, 6, 2170.39
1748454085, 551, 2, 46, 0, 0, 0.04%, 0, 0, 6, 2007.10
1748454090, 552, 43, 46, 0, 0, 0.04%, 0, 0, 6, 1818.92
1748454095, 554, 2, 46, 0, 0, 0.04%, 0, 0, 6, 1773.00
1748454100, 555, 44, 46, 0, 0, 0.04%, 0, 0, 6, 1807.78
1748454105, 558, 3, 46, 0, 0, 0.04%, 0, 0, 6, 2059.02
1748454110, 560, 22, 46, 0, 0, 0.04%, 0, 0, 6, 2251.03
1748454115, 562, 3, 46, 0, 0, 0.04%, 0, 0, 6, 1901.63
1748454121, 564, 3, 46, 0, 0, 0.04%, 0, 0, 6, 2024.68
1748454126, 566, 4, 46, 0, 0, 0.04%, 0, 0, 6, 2176.66
1748454131, 568, 2, 46, 0, 0, 0.04%, 0, 0, 6, 2101.44
1748454136, 569, 44, 46, 0, 0, 0.04%, 0, 0, 6, 1952.52
1748454141, 570, 44, 46, 0, 0, 0.04%, 0, 0, 6, 1663.03
1748454146, 572, 4, 46, 0, 0, 0.04%, 0, 0, 6, 2004.34
1748454151, 574, 27, 46, 0, 0, 0.04%, 0, 0, 6, 2179.41
1748454157, 576, 3, 46, 0, 0, 0.04%, 0, 0, 6, 1913.69
1748454162, 577, 39, 46, 0, 0, 0.04%, 0, 0, 6, 2023.40
1748454167, 579, 2, 46, 0, 0, 0.04%, 0, 0, 6, 1798.82
1748454172, 581, 8, 46, 0, 0, 0.04%, 0, 0, 6, 2062.89
1748454177, 583, 35, 46, 0, 0, 0.04%, 0, 0, 6, 2105.71
1748454182, 585, 4, 46, 0, 0, 0.04%, 0, 0, 6, 2019.67
1748454187, 587, 2, 46, 0, 0, 0.04%, 0, 0, 6, 2012.11
1748454192, 588, 40, 46, 0, 0, 0.04%, 0, 0, 6, 2034.20
1748454197, 591, 2, 46, 0, 0, 0.04%, 0, 0, 6, 2131.79
1748454202, 592, 25, 46, 0, 0, 0.04%, 0, 0, 6, 2279.05
1748454207, 595, 4, 46, 0, 0, 0.04%, 0, 0, 6, 2209.34
1748454213, 598, 6, 46, 0, 0, 0.04%, 0, 0, 6, 2324.96
1748454218, 600, 42, 46, 0, 0, 0.04%, 0, 0, 6, 2250.51
1748454223, 602, 30, 46, 0, 0, 0.04%, 0, 0, 6, 2152.57
1748454228, 604, 42, 46, 0, 0, 0.04%, 0, 0, 6, 2210.72
1748454233, 607, 3, 46, 0, 0, 0.04%, 0, 0, 6, 2202.18
1748454238, 609, 42, 46, 0, 0, 0.04%, 0, 0, 6, 2180.76
1748454243, 612, 3, 46, 0, 0, 0.04%, 0, 0, 6, 2099.13
1748454248, 614, 6, 46, 0, 0, 0.04%, 0, 0, 6, 2235.02
1748454253, 616, 13, 46, 0, 0, 0.04%, 0, 0, 6, 2255.46
1748454258, 618, 23, 46, 0, 0, 0.04%, 0, 0, 6, 2264.16
1748454263, 621, 2, 46, 0, 0, 0.04%, 0, 0, 6, 2118.63
1748454269, 622, 43, 46, 0, 0, 0.04%, 0, 0, 6, 1691.61
1748454274, 623, 44, 46, 0, 0, 0.04%, 0, 0, 6, 1912.27
1748454279, 625, 4, 46, 0, 0, 0.04%, 0, 0, 6, 2178.36
1748454284, 627, 5, 46, 0, 0, 0.04%, 0, 0, 6, 2225.01
1748454289, 628, 4, 46, 0, 0, 0.04%, 0, 0, 6, 1872.67
1748454294, 630, 41, 46, 0, 0, 0.04%, 0, 0, 6, 2079.29
1748454299, 632, 6, 46, 0, 0, 0.04%, 0, 0, 6, 2257.03
1748454304, 635, 4, 46, 0, 0, 0.04%, 0, 0, 6, 2213.54
1748454309, 637, 2, 46, 0, 0, 0.04%, 0, 0, 6, 2010.32
1748454314, 639, 6, 46, 0, 0, 0.04%, 0, 0, 6, 2269.50
1748454320, 641, 23, 46, 0, 0, 0.04%, 0, 0, 6, 2285.60
1748454325, 643, 11, 46, 0, 0, 0.04%, 0, 0, 6, 2273.93
1748454330, 645, 42, 46, 0, 0, 0.04%, 0, 0, 6, 2170.27
1748454335, 647, 16, 46, 0, 0, 0.04%, 0, 0, 6, 2208.07
1748454340, 649, 4, 46, 0, 0, 0.04%, 0, 0, 6, 2148.23
1748454345, 651, 13, 46, 0, 0, 0.04%, 0, 0, 6, 2260.21
1748454350, 652, 42, 46, 0, 0, 0.04%, 0, 0, 6, 2105.95
1748454355, 654, 42, 46, 0, 0, 0.04%, 0, 0, 6, 2111.54
1748454360, 656, 44, 46, 0, 0, 0.04%, 0, 0, 6, 1848.06
1748454366, 658, 6, 46, 0, 0, 0.04%, 0, 0, 6, 2083.42
1748454371, 659, 36, 46, 0, 0, 0.04%, 0, 0, 6, 2142.29
1748454376, 662, 4, 46, 0, 0, 0.04%, 0, 0, 6, 2185.53
1748454381, 663, 7, 46, 0, 0, 0.04%, 0, 0, 6, 2081.43
1748454386, 665, 5, 46, 0, 0, 0.04%, 0, 0, 6, 2227.87
1748454391, 667, 2, 46, 0, 0, 0.04%, 0, 0, 6, 2062.30
1748454396, 668, 43, 46, 0, 0, 0.04%, 0, 0, 6, 1700.45
1748454402, 671, 3, 46, 0, 0, 0.04%, 0, 0, 6, 2093.92
1748454407, 673, 0, 46, 0, 0, 0.04%, 0, 0, 6, 1922.48
1748454412, 674, 6, 46, 0, 0, 0.04%, 0, 0, 6, 1926.26
1748454417, 676, 6, 46, 0, 0, 0.04%, 0, 0, 6, 2215.53
1748454422, 677, 43, 46, 0, 0, 0.04%, 0, 0, 6, 1733.50
1748454427, 680, 4, 46, 0, 0, 0.04%, 0, 0, 6, 2163.46
1748454432, 682, 6, 46, 0, 0, 0.04%, 0, 0, 6, 2254.87
1748454437, 685, 2, 46, 0, 0, 0.04%, 0, 0, 6, 2075.25
1748454442, 686, 33, 46, 0, 0, 0.04%, 0, 0, 6, 2183.89
1748454447, 689, 10, 46, 0, 0, 0.04%, 0, 0, 6, 2320.31
1748454452, 691, 42, 46, 0, 0, 0.04%, 0, 0, 6, 2145.07
1748454457, 694, 3, 46, 0, 0, 0.04%, 0, 0, 6, 2006.60
1748454462, 696, 18, 46, 0, 0, 0.04%, 0, 0, 6, 2251.17
1748454467, 698, 37, 46, 0, 0, 0.04%, 0, 0, 6, 2175.80
1748454473, 700, 4, 46, 0, 0, 0.04%, 0, 0, 6, 1947.06
1748454478, 701, 42, 46, 0, 0, 0.04%, 0, 0, 6, 1997.17
1748454483, 704, 2, 46, 0, 0, 0.04%, 0, 0, 6, 2099.19
1748454488, 705, 37, 46, 0, 0, 0.04%, 0, 0, 6, 2094.16
1748454493, 707, 41, 46, 0, 0, 0.04%, 0, 0, 6, 1901.24
1748454498, 710, 6, 46, 0, 0, 0.04%, 0, 0, 6, 2235.51
1748454503, 712, 13, 46, 0, 0, 0.04%, 0, 0, 6, 2222.53
1748454508, 714, 38, 46, 0, 0, 0.04%, 0, 0, 6, 2174.23
1748454513, 716, 4, 46, 0, 0, 0.04%, 0, 0, 6, 2139.58
1748454519, 717, 42, 46, 0, 0, 0.04%, 0, 0, 6, 1980.77
1748454524, 719, 6, 46, 0, 0, 0.04%, 0, 0, 6, 2031.25
1748454529, 722, 4, 46, 0, 0, 0.04%, 0, 0, 6, 2252.34
1748454534, 724, 4, 46, 0, 0, 0.04%, 0, 0, 6, 2156.16
1748454539, 726, 37, 46, 0, 0, 0.04%, 0, 0, 6, 2132.36
1748454544, 728, 35, 46, 0, 0, 0.04%, 0, 0, 6, 2112.08
1748454549, 730, 2, 46, 0, 0, 0.04%, 0, 0, 6, 1749.88
1748454554, 731, 33, 46, 0, 0, 0.04%, 0, 0, 6, 2066.39
1748454560, 733, 34, 46, 0, 0, 0.04%, 0, 0, 6, 2064.99
1748454565, 736, 4, 46, 0, 0, 0.04%, 0, 0, 6, 2165.44
1748454570, 738, 42, 46, 0, 0, 0.04%, 0, 0, 6, 2335.00
1748454575, 740, 39, 46, 0, 0, 0.04%, 0, 0, 6, 2092.92
1748454580, 743, 4, 46, 0, 0, 0.04%, 0, 0, 6, 2219.48
1748454585, 745, 42, 46, 0, 0, 0.04%, 0, 0, 6, 2142.01
1748454590, 748, 2, 46, 0, 0, 0.04%, 0, 0, 6, 2136.86
1748454595, 751, 3, 46, 0, 0, 0.04%, 0, 0, 6, 2223.11
1748454600, 752, 42, 46, 0, 0, 0.04%, 0, 0, 6, 2097.98
1748454605, 754, 44, 46, 0, 0, 0.04%, 0, 0, 6, 2027.13
1748454611, 757, 3, 46, 0, 0, 0.04%, 0, 0, 6, 2238.18
1748454616, 759, 6, 46, 0, 0, 0.04%, 0, 0, 6, 2286.43
1748454621, 761, 42, 46, 0, 0, 0.04%, 0, 0, 6, 2166.30
1748454626, 763, 42, 46, 0, 0, 0.04%, 0, 0, 6, 1991.16
1748454631, 766, 8, 46, 0, 0, 0.04%, 0, 0, 6, 2285.76
1748454636, 768, 6, 46, 0, 0, 0.04%, 0, 0, 6, 1194.39
1748454641, 770, 22, 46, 0, 0, 0.04%, 0, 0, 6, 1992.76
1748454646, 772, 22, 46, 0, 0, 0.04%, 0, 0, 6, 2220.90
1748454651, 774, 35, 46, 0, 0, 0.04%, 0, 0, 6, 2140.97
1748454656, 776, 31, 46, 0, 0, 0.04%, 0, 0, 6, 2195.00
1748454662, 778, 41, 46, 0, 0, 0.04%, 0, 0, 6, 2173.95
1748454667, 780, 3, 46, 0, 0, 0.04%, 0, 0, 6, 1854.13
1748454672, 782, 10, 46, 0, 0, 0.04%, 0, 0, 6, 2205.48
1748454677, 783, 42, 46, 0, 0, 0.04%, 0, 0, 6, 2106.47
1748454682, 786, 6, 46, 0, 0, 0.04%, 0, 0, 6, 2262.53
1748454687, 788, 6, 46, 0, 0, 0.04%, 0, 0, 6, 2237.96
1748454692, 790, 42, 46, 0, 0, 0.04%, 0, 0, 6, 2145.47
1748454697, 793, 6, 46, 0, 0, 0.04%, 0, 0, 6, 2222.83
1748454702, 796, 2, 46, 0, 0, 0.04%, 0, 0, 6, 2163.74
1748454708, 797, 42, 46, 0, 0, 0.04%, 0, 0, 6, 2097.17
1748454713, 799, 4, 46, 0, 0, 0.04%, 0, 0, 6, 2040.48
1748454718, 801, 43, 46, 0, 0, 0.04%, 0, 0, 6, 2060.65
1748454723, 802, 42, 46, 0, 0, 0.04%, 0, 0, 6, 1917.48
1748454728, 805, 2, 46, 0, 0, 0.04%, 0, 0, 6, 2158.02
1748454733, 806, 22, 46, 0, 0, 0.04%, 0, 0, 6, 2002.20
1748454738, 808, 37, 46, 0, 0, 0.04%, 0, 0, 6, 2170.63
1748454743, 810, 4, 46, 0, 0, 0.04%, 0, 0, 6, 2032.46
1748454748, 813, 3, 46, 0, 0, 0.04%, 0, 0, 6, 2164.12
1748454754, 815, 4, 46, 0, 0, 0.04%, 0, 0, 6, 2122.97
1748454759, 818, 6, 46, 0, 0, 0.04%, 0, 0, 6, 2284.96
1748454764, 820, 7, 46, 0, 0, 0.04%, 0, 0, 6, 2183.90
1748454769, 821, 44, 46, 0, 0, 0.04%, 0, 0, 6, 1863.92
1748454774, 823, 24, 46, 0, 0, 0.04%, 0, 0, 6, 2226.33
1748454779, 825, 25, 46, 0, 0, 0.04%, 0, 0, 6, 2149.22
1748454784, 827, 6, 46, 0, 0, 0.04%, 0, 0, 6, 2150.30
1748454789, 828, 21, 46, 0, 0, 0.04%, 0, 0, 6, 2060.83
1748454794, 831, 3, 46, 0, 0, 0.04%, 0, 0, 6, 2210.45
1748454799, 833, 4, 46, 0, 0, 0.04%, 0, 0, 6, 2291.27
1748454805, 835, 6, 46, 0, 0, 0.04%, 0, 0, 6, 2176.83
1748454810, 837, 43, 46, 0, 0, 0.04%, 0, 0, 6, 2015.66
1748454815, 840, 2, 46, 0, 0, 0.04%, 0, 0, 6, 2009.62
1748454820, 842, 3, 46, 0, 0, 0.04%, 0, 0, 6, 2140.05
1748454825, 843, 44, 46, 0, 0, 0.04%, 0, 0, 6, 1681.36
1748454830, 845, 18, 46, 0, 0, 0.04%, 0, 0, 6, 2098.89
1748454835, 847, 6, 46, 0, 0, 0.04%, 0, 0, 6, 2036.95
1748454840, 849, 3, 46, 0, 0, 0.04%, 0, 0, 6, 2111.00
1748454845, 851, 13, 46, 0, 0, 0.04%, 0, 0, 6, 2256.52
1748454851, 853, 20, 46, 0, 0, 0.04%, 0, 0, 6, 2309.75
1748454856, 855, 10, 46, 0, 0, 0.04%, 0, 0, 6, 2226.31
1748454861, 858, 3, 46, 0, 0, 0.04%, 0, 0, 6, 2135.09
1748454866, 861, 3, 46, 0, 0, 0.04%, 0, 0, 6, 2230.53
1748454871, 862, 42, 46, 0, 0, 0.04%, 0, 0, 6, 2166.24
1748454876, 864, 28, 46, 0, 0, 0.04%, 0, 0, 6, 2138.05
1748454881, 866, 14, 46, 0, 0, 0.04%, 0, 0, 6, 2115.93
1748454886, 869, 4, 46, 0, 0, 0.04%, 0, 0, 6, 2228.13
1748454891, 871, 1, 46, 0, 0, 0.04%, 0, 0, 6, 2044.74
1748454896, 873, 2, 46, 0, 0, 0.04%, 0, 0, 6, 2063.80
1748454901, 875, 3, 46, 0, 0, 0.04%, 0, 0, 6, 2090.86
1748454906, 877, 2, 46, 0, 0, 0.04%, 0, 0, 6, 2058.35
1748454911, 879, 3, 46, 0, 0, 0.04%, 0, 0, 6, 2057.77
1748454916, 881, 6, 46, 0, 0, 0.04%, 0, 0, 6, 2201.51
1748454922, 884, 2, 46, 0, 0, 0.04%, 0, 0, 6, 2094.84
1748454927, 886, 2, 46, 0, 0, 0.04%, 0, 0, 6, 2020.91
1748454932, 887, 34, 46, 0, 0, 0.04%, 0, 0, 6, 2247.55
1748454937, 890, 2, 46, 0, 0, 0.04%, 0, 0, 6, 2128.52
1748454942, 892, 7, 46, 0, 0, 0.04%, 0, 0, 6, 2332.38
1748454947, 894, 14, 46, 0, 0, 0.04%, 0, 0, 6, 2330.98
1748454952, 895, 43, 46, 0, 0, 0.04%, 0, 0, 6, 1739.83
1748454957, 897, 6, 46, 0, 0, 0.04%, 0, 0, 6, 2056.21
1748454962, 899, 39, 46, 0, 0, 0.04%, 0, 0, 6, 2232.16
1748454967, 900, 44, 46, 0, 0, 0.04%, 0, 0, 6, 1889.51
1748454972, 903, 4, 46, 0, 0, 0.04%, 0, 0, 6, 2181.64
1748454977, 905, 31, 46, 0, 0, 0.04%, 0, 0, 6, 2360.59
1748454982, 907, 9, 46, 0, 0, 0.04%, 0, 0, 6, 2273.68
1748454987, 909, 6, 46, 0, 0, 0.04%, 0, 0, 6, 2233.38
1748454993, 911, 42, 46, 0, 0, 0.04%, 0, 0, 6, 2129.94
1748454998, 913, 25, 46, 0, 0, 0.04%, 0, 0, 6, 2126.17
1748455003, 914, 41, 46, 0, 0, 0.04%, 0, 0, 6, 2111.64
1748455008, 917, 3, 46, 0, 0, 0.04%, 0, 0, 6, 2175.46
1748455013, 918, 14, 46, 0, 0, 0.04%, 0, 0, 6, 2108.86
1748455018, 920, 35, 46, 0, 0, 0.04%, 0, 0, 6, 2152.56
1748455023, 922, 6, 46, 0, 0, 0.04%, 0, 0, 6, 2122.15
1748455028, 924, 42, 46, 0, 0, 0.04%, 0, 0, 6, 2127.35
1748455034, 927, 4, 46, 0, 0, 0.04%, 0, 0, 6, 2110.66
1748455039, 929, 2, 46, 0, 0, 0.04%, 0, 0, 6, 1909.83
1748455044, 931, 3, 46, 0, 0, 0.04%, 0, 0, 6, 2120.47
1748455049, 932, 37, 46, 0, 0, 0.04%, 0, 0, 6, 2105.23
