# unix_time, cycles_done, cur_path, paths_total, pending_total, pending_favs, map_size, unique_crashes, unique_hangs, max_depth, execs_per_sec
1747410030, 0, 0, 1, 1, 1, 0.03%, 0, 0, 1, 888.89
1747410036, 0, 2, 7, 6, 3, 0.05%, 0, 0, 3, 977.09
1747410041, 0, 5, 10, 6, 0, 0.05%, 0, 0, 4, 943.15
1747410046, 1, 2, 11, 4, 0, 0.05%, 0, 0, 5, 934.27
1747410051, 1, 11, 13, 6, 0, 0.05%, 0, 0, 7, 931.89
1747410056, 2, 7, 17, 9, 0, 0.05%, 0, 0, 7, 934.21
1747410061, 2, 7, 18, 10, 0, 0.05%, 0, 0, 7, 935.55
1747410081, 2, 16, 18, 9, 0, 0.05%, 0, 0, 7, 943.06
1747410086, 2, 16, 21, 12, 0, 0.05%, 0, 0, 7, 914.52
1747410091, 2, 16, 23, 14, 0, 0.05%, 0, 0, 7, 866.21
1747410111, 2, 17, 23, 13, 0, 0.05%, 0, 0, 7, 840.37
1747410122, 2, 19, 23, 12, 0, 0.05%, 0, 0, 7, 770.51
1747410127, 2, 19, 24, 13, 0, 0.05%, 0, 0, 7, 834.56
1747410132, 2, 22, 25, 13, 0, 0.05%, 0, 0, 7, 625.14
1747410137, 2, 22, 26, 14, 0, 0.05%, 0, 0, 7, 668.12
1747410147, 3, 6, 26, 13, 0, 0.05%, 0, 0, 7, 880.77
1747410152, 3, 20, 26, 12, 0, 0.05%, 0, 0, 7, 784.67
1747410157, 3, 23, 26, 11, 0, 0.05%, 0, 0, 7, 704.53
1747410173, 4, 4, 26, 9, 0, 0.05%, 0, 0, 7, 860.34
1747410178, 4, 10, 26, 8, 0, 0.05%, 0, 0, 7, 887.42
1747410183, 4, 12, 27, 9, 0, 0.05%, 0, 0, 8, 884.89
1747410188, 4, 12, 29, 11, 0, 0.05%, 0, 0, 8, 878.91
1747410203, 4, 24, 29, 10, 0, 0.05%, 0, 0, 8, 693.22
1747410214, 4, 28, 29, 9, 0, 0.05%, 0, 0, 8, 791.82
1747410224, 4, 28, 30, 10, 0, 0.05%, 0, 0, 9, 861.41
1747410234, 4, 28, 31, 11, 0, 0.05%, 0, 0, 9, 858.20
1747410250, 4, 29, 32, 11, 0, 0.05%, 0, 0, 9, 838.36
1747410275, 4, 31, 33, 11, 0, 0.05%, 0, 0, 10, 812.76
1747410311, 5, 10, 33, 10, 0, 0.05%, 0, 0, 10, 887.33
1747410316, 5, 13, 33, 10, 0, 0.05%, 0, 0, 10, 886.14
1747410321, 5, 14, 33, 9, 0, 0.05%, 0, 0, 10, 852.88
1747410326, 5, 21, 33, 8, 0, 0.05%, 0, 0, 10, 843.53
1747410342, 5, 26, 33, 7, 0, 0.05%, 0, 0, 10, 864.20
1747410357, 5, 32, 33, 6, 0, 0.05%, 0, 0, 10, 818.12
1747410362, 5, 32, 34, 7, 0, 0.05%, 0, 0, 11, 790.58
1747410367, 5, 32, 35, 8, 0, 0.05%, 0, 0, 11, 847.02
1747410382, 5, 32, 36, 9, 0, 0.05%, 0, 0, 11, 867.67
1747410387, 5, 33, 36, 8, 0, 0.05%, 0, 0, 11, 750.90
1747410408, 5, 34, 36, 7, 0, 0.05%, 0, 0, 11, 795.50
1747410438, 6, 10, 36, 6, 0, 0.05%, 0, 0, 11, 847.62
1747410444, 6, 27, 36, 6, 0, 0.05%, 0, 0, 11, 811.99
1747410464, 6, 33, 36, 5, 0, 0.05%, 0, 0, 11, 841.86
1747410469, 6, 35, 36, 5, 0, 0.05%, 0, 0, 11, 707.58
1747410490, 6, 35, 37, 6, 0, 0.05%, 0, 0, 12, 748.90
1747410510, 7, 3, 37, 5, 0, 0.05%, 0, 0, 12, 808.07
1747410515, 7, 16, 37, 5, 0, 0.05%, 0, 0, 12, 837.64
1747410520, 7, 25, 37, 5, 0, 0.05%, 0, 0, 12, 645.09
1747410530, 7, 25, 38, 6, 0, 0.05%, 0, 0, 12, 513.83
1747410540, 7, 35, 38, 5, 0, 0.05%, 0, 0, 12, 758.41
1747410546, 8, 20, 38, 5, 0, 0.05%, 0, 0, 12, 830.42
1747410551, 8, 23, 38, 5, 0, 0.05%, 0, 0, 12, 803.54
1747410556, 9, 7, 38, 5, 0, 0.05%, 0, 0, 12, 845.85
1747410561, 9, 18, 38, 5, 0, 0.05%, 0, 0, 12, 708.18
1747410571, 9, 37, 39, 5, 0, 0.05%, 0, 0, 12, 551.83
1747410622, 10, 10, 39, 4, 0, 0.05%, 0, 0, 12, 800.56
1747410627, 10, 29, 39, 4, 0, 0.05%, 0, 0, 12, 769.99
1747410632, 10, 38, 39, 4, 0, 0.05%, 0, 0, 12, 541.04
1747410673, 11, 4, 39, 3, 0, 0.05%, 0, 0, 12, 804.13
1747410678, 12, 4, 39, 3, 0, 0.05%, 0, 0, 12, 831.45
1747410683, 12, 30, 39, 3, 0, 0.05%, 0, 0, 12, 751.07
1747410709, 13, 11, 39, 2, 0, 0.05%, 0, 0, 12, 845.60
1747410714, 14, 10, 39, 2, 0, 0.05%, 0, 0, 12, 862.28
1747410719, 14, 32, 39, 2, 0, 0.05%, 0, 0, 12, 829.48
1747410724, 14, 36, 39, 2, 0, 0.05%, 0, 0, 12, 492.86
1747410770, 14, 36, 40, 3, 0, 0.05%, 0, 0, 13, 610.14
1747410785, 15, 1, 40, 2, 0, 0.05%, 0, 0, 13, 766.11
1747410790, 15, 10, 40, 2, 0, 0.05%, 0, 0, 13, 838.92
1747410795, 15, 15, 40, 2, 0, 0.05%, 0, 0, 13, 815.60
1747410800, 15, 21, 40, 1, 0, 0.05%, 0, 0, 13, 799.34
1747410806, 15, 26, 40, 1, 0, 0.05%, 0, 0, 13, 833.42
1747410811, 16, 10, 40, 1, 0, 0.05%, 0, 0, 13, 754.52
1747410816, 16, 25, 40, 1, 0, 0.05%, 0, 0, 13, 788.56
1747410821, 17, 10, 40, 1, 0, 0.05%, 0, 0, 13, 828.96
1747410826, 18, 10, 40, 1, 0, 0.05%, 0, 0, 13, 860.69
1747410831, 18, 13, 40, 1, 0, 0.05%, 0, 0, 13, 838.07
1747410836, 19, 4, 40, 1, 0, 0.05%, 0, 0, 13, 831.96
1747410841, 19, 38, 40, 1, 0, 0.05%, 0, 0, 13, 762.75
1747410846, 19, 38, 41, 2, 0, 0.05%, 0, 0, 13, 701.55
1747410851, 20, 4, 41, 2, 0, 0.05%, 0, 0, 13, 810.39
1747410856, 21, 2, 41, 2, 0, 0.05%, 0, 0, 13, 756.88
1747410862, 21, 33, 41, 2, 0, 0.05%, 0, 0, 13, 824.24
1747410867, 22, 4, 41, 2, 0, 0.05%, 0, 0, 13, 862.84
1747410872, 22, 15, 41, 2, 0, 0.05%, 0, 0, 13, 827.80
1747410877, 22, 33, 41, 2, 0, 0.05%, 0, 0, 13, 804.31
1747410882, 22, 39, 42, 3, 0, 0.05%, 0, 0, 14, 183.51
1747411025, 23, 3, 42, 2, 0, 0.05%, 0, 0, 14, 695.67
1747411030, 24, 2, 42, 2, 0, 0.05%, 0, 0, 14, 802.66
1747411035, 24, 28, 42, 2, 0, 0.05%, 0, 0, 14, 826.31
1747411040, 25, 3, 42, 2, 0, 0.05%, 0, 0, 14, 829.18
1747411045, 25, 27, 42, 2, 0, 0.05%, 0, 0, 14, 826.61
1747411050, 25, 41, 42, 2, 0, 0.05%, 0, 0, 14, 634.97
1747411162, 26, 4, 42, 1, 0, 0.05%, 0, 0, 14, 845.72
1747411167, 27, 4, 42, 1, 0, 0.05%, 0, 0, 14, 887.26
1747411172, 27, 28, 42, 1, 0, 0.05%, 0, 0, 14, 875.66
1747411178, 28, 4, 42, 1, 0, 0.05%, 0, 0, 14, 893.22
1747411183, 28, 32, 42, 1, 0, 0.05%, 0, 0, 14, 834.49
1747411188, 29, 27, 42, 1, 0, 0.05%, 0, 0, 14, 847.41
1747411193, 30, 4, 42, 1, 0, 0.05%, 0, 0, 14, 867.20
1747411198, 30, 26, 42, 1, 0, 0.05%, 0, 0, 14, 819.08
1747411203, 30, 40, 42, 1, 0, 0.05%, 0, 0, 14, 522.78
1747411264, 30, 40, 43, 2, 0, 0.05%, 0, 0, 14, 531.62
1747411285, 30, 41, 43, 1, 0, 0.05%, 0, 0, 14, 670.58
1747411290, 31, 0, 43, 1, 0, 0.05%, 0, 0, 14, 807.60
1747411295, 31, 16, 43, 1, 0, 0.05%, 0, 0, 14, 847.46
1747411300, 32, 3, 43, 1, 0, 0.05%, 0, 0, 14, 877.45
1747411305, 32, 17, 43, 1, 0, 0.05%, 0, 0, 14, 870.88
1747411310, 32, 39, 43, 1, 0, 0.05%, 0, 0, 14, 764.19
1747411315, 32, 41, 43, 1, 0, 0.05%, 0, 0, 14, 673.60
1747411320, 33, 3, 43, 1, 0, 0.05%, 0, 0, 14, 811.42
1747411325, 34, 2, 43, 1, 0, 0.05%, 0, 0, 14, 863.76
1747411330, 34, 41, 43, 1, 0, 0.05%, 0, 0, 14, 777.33
1747411341, 35, 10, 43, 1, 0, 0.05%, 0, 0, 14, 867.75
1747411346, 36, 2, 43, 1, 0, 0.05%, 0, 0, 14, 881.30
1747411351, 36, 42, 43, 1, 0, 0.05%, 0, 0, 14, 126.53
1747411514, 37, 10, 43, 0, 0, 0.05%, 0, 0, 14, 840.08
1747411519, 37, 19, 43, 0, 0, 0.05%, 0, 0, 14, 839.66
1747411524, 38, 23, 43, 0, 0, 0.05%, 0, 0, 14, 875.80
1747411529, 38, 38, 43, 0, 0, 0.05%, 0, 0, 14, 811.87
1747411534, 39, 4, 43, 0, 0, 0.05%, 0, 0, 14, 887.08
1747411539, 39, 24, 43, 0, 0, 0.05%, 0, 0, 14, 852.07
1747411544, 40, 3, 43, 0, 0, 0.05%, 0, 0, 14, 883.37
1747411550, 40, 24, 43, 0, 0, 0.05%, 0, 0, 14, 857.76
1747411555, 41, 4, 43, 0, 0, 0.05%, 0, 0, 14, 891.98
1747411560, 41, 39, 43, 0, 0, 0.05%, 0, 0, 14, 724.39
1747411565, 42, 8, 43, 0, 0, 0.05%, 0, 0, 14, 862.08
1747411570, 42, 40, 43, 0, 0, 0.05%, 0, 0, 14, 788.01
1747411575, 42, 41, 43, 0, 0, 0.05%, 0, 0, 14, 787.03
1747411586, 43, 4, 43, 0, 0, 0.05%, 0, 0, 14, 867.95
1747411591, 43, 40, 43, 0, 0, 0.05%, 0, 0, 14, 811.25
1747411596, 44, 2, 43, 0, 0, 0.05%, 0, 0, 14, 819.02
1747411601, 44, 24, 43, 0, 0, 0.05%, 0, 0, 14, 845.86
1747411606, 44, 42, 43, 0, 0, 0.05%, 0, 0, 14, 753.10
1747411611, 45, 10, 43, 0, 0, 0.05%, 0, 0, 14, 821.88
1747411616, 46, 3, 43, 0, 0, 0.05%, 0, 0, 14, 772.15
1747411621, 46, 26, 43, 0, 0, 0.05%, 0, 0, 14, 831.62
1747411626, 47, 10, 43, 0, 0, 0.05%, 0, 0, 14, 900.59
1747411631, 48, 3, 43, 0, 0, 0.05%, 0, 0, 14, 899.28
1747411636, 48, 21, 43, 0, 0, 0.05%, 0, 0, 14, 871.87
1747411642, 49, 10, 43, 0, 0, 0.05%, 0, 0, 14, 893.47
1747411647, 49, 32, 43, 0, 0, 0.05%, 0, 0, 14, 869.37
1747411652, 49, 34, 43, 0, 0, 0.05%, 0, 0, 14, 829.27
1747411657, 50, 10, 43, 0, 0, 0.05%, 0, 0, 14, 881.42
1747411662, 50, 32, 43, 0, 0, 0.05%, 0, 0, 14, 862.20
1747411667, 51, 7, 43, 0, 0, 0.05%, 0, 0, 14, 899.79
1747411672, 52, 2, 43, 0, 0, 0.05%, 0, 0, 14, 893.76
1747411677, 52, 29, 43, 0, 0, 0.05%, 0, 0, 14, 888.83
1747411682, 53, 10, 43, 0, 0, 0.05%, 0, 0, 14, 909.76
1747411687, 54, 17, 43, 0, 0, 0.05%, 0, 0, 14, 860.86
1747411692, 54, 36, 43, 0, 0, 0.05%, 0, 0, 14, 856.96
1747411698, 55, 5, 43, 0, 0, 0.05%, 0, 0, 14, 877.86
1747411703, 56, 2, 43, 0, 0, 0.05%, 0, 0, 14, 876.56
1747411708, 56, 22, 43, 0, 0, 0.05%, 0, 0, 14, 860.76
1747411713, 57, 24, 43, 0, 0, 0.05%, 0, 0, 14, 895.51
1747411718, 58, 2, 43, 0, 0, 0.05%, 0, 0, 14, 851.00
1747411723, 58, 17, 43, 0, 0, 0.05%, 0, 0, 14, 870.91
1747411728, 59, 4, 43, 0, 0, 0.05%, 0, 0, 14, 896.81
1747411733, 60, 3, 43, 0, 0, 0.05%, 0, 0, 14, 897.99
1747411738, 61, 4, 43, 0, 0, 0.05%, 0, 0, 14, 916.76
1747411744, 61, 31, 43, 0, 0, 0.05%, 0, 0, 14, 873.64
1747411749, 62, 25, 43, 0, 0, 0.05%, 0, 0, 14, 885.01
1747411754, 63, 4, 43, 0, 0, 0.05%, 0, 0, 14, 885.44
1747411759, 63, 31, 43, 0, 0, 0.05%, 0, 0, 14, 850.41
1747411764, 64, 22, 43, 0, 0, 0.05%, 0, 0, 14, 869.40
1747411769, 65, 10, 43, 0, 0, 0.05%, 0, 0, 14, 893.52
1747411774, 66, 4, 43, 0, 0, 0.05%, 0, 0, 14, 894.45
1747411779, 66, 14, 43, 0, 0, 0.05%, 0, 0, 14, 854.97
1747411784, 67, 4, 43, 0, 0, 0.05%, 0, 0, 14, 867.45
1747411790, 67, 42, 43, 0, 0, 0.05%, 0, 0, 14, 744.58
1747411795, 68, 2, 43, 0, 0, 0.05%, 0, 0, 14, 815.53
1747411800, 68, 24, 43, 0, 0, 0.05%, 0, 0, 14, 844.38
1747411805, 69, 11, 43, 0, 0, 0.05%, 0, 0, 14, 877.06
1747411810, 70, 3, 43, 0, 0, 0.05%, 0, 0, 14, 882.48
1747411815, 70, 15, 43, 0, 0, 0.05%, 0, 0, 14, 873.25
1747411820, 70, 41, 43, 0, 0, 0.05%, 0, 0, 14, 731.22
1747411825, 71, 9, 43, 0, 0, 0.05%, 0, 0, 14, 863.54
1747411830, 71, 21, 43, 0, 0, 0.05%, 0, 0, 14, 864.80
1747411835, 72, 3, 43, 0, 0, 0.05%, 0, 0, 14, 893.21
1747411840, 73, 2, 43, 0, 0, 0.05%, 0, 0, 14, 893.07
1747411845, 74, 3, 43, 0, 0, 0.05%, 0, 0, 14, 920.65
1747411850, 74, 21, 43, 0, 0, 0.05%, 0, 0, 14, 888.06
1747411856, 75, 11, 43, 0, 0, 0.05%, 0, 0, 14, 907.22
1747411861, 76, 0, 43, 0, 0, 0.05%, 0, 0, 14, 854.75
1747411866, 77, 3, 43, 0, 0, 0.05%, 0, 0, 14, 904.01
1747411871, 77, 23, 43, 0, 0, 0.05%, 0, 0, 14, 854.02
1747411876, 78, 10, 43, 0, 0, 0.05%, 0, 0, 14, 889.46
1747411881, 78, 41, 43, 0, 0, 0.05%, 0, 0, 14, 768.49
1747411886, 79, 4, 43, 0, 0, 0.05%, 0, 0, 14, 877.72
1747411892, 79, 25, 43, 0, 0, 0.05%, 0, 0, 14, 832.03
1747411897, 80, 3, 43, 0, 0, 0.05%, 0, 0, 14, 887.65
1747411902, 80, 15, 43, 0, 0, 0.05%, 0, 0, 14, 868.84
1747411907, 80, 38, 43, 0, 0, 0.05%, 0, 0, 14, 820.31
1747411912, 81, 3, 43, 0, 0, 0.05%, 0, 0, 14, 837.08
1747411917, 81, 22, 43, 0, 0, 0.05%, 0, 0, 14, 856.75
1747411922, 81, 39, 43, 0, 0, 0.05%, 0, 0, 14, 742.31
1747411927, 82, 4, 43, 0, 0, 0.05%, 0, 0, 14, 857.03
1747411932, 82, 36, 43, 0, 0, 0.05%, 0, 0, 14, 865.74
1747411937, 83, 10, 43, 0, 0, 0.05%, 0, 0, 14, 899.02
1747411942, 85, 2, 43, 0, 0, 0.05%, 0, 0, 14, 924.27
1747411948, 86, 0, 43, 0, 0, 0.05%, 0, 0, 14, 894.39
1747411953, 87, 2, 43, 0, 0, 0.05%, 0, 0, 14, 922.97
1747411958, 87, 41, 43, 0, 0, 0.05%, 0, 0, 14, 839.47
1747411963, 88, 10, 43, 0, 0, 0.05%, 0, 0, 14, 895.41
1747411968, 89, 4, 43, 0, 0, 0.05%, 0, 0, 14, 914.74
1747411973, 89, 29, 43, 0, 0, 0.05%, 0, 0, 14, 876.37
1747411978, 90, 2, 43, 0, 0, 0.05%, 0, 0, 14, 879.17
1747411983, 90, 41, 43, 0, 0, 0.05%, 0, 0, 14, 845.56
1747411988, 91, 10, 43, 0, 0, 0.05%, 0, 0, 14, 895.83
1747411993, 91, 34, 43, 0, 0, 0.05%, 0, 0, 14, 836.23
1747411998, 92, 17, 43, 0, 0, 0.05%, 0, 0, 14, 857.83
1747412003, 92, 36, 43, 0, 0, 0.05%, 0, 0, 14, 818.75
1747412008, 93, 14, 43, 0, 0, 0.05%, 0, 0, 14, 877.99
1747412013, 94, 4, 43, 0, 0, 0.05%, 0, 0, 14, 888.98
1747412018, 94, 37, 43, 0, 0, 0.05%, 0, 0, 14, 812.23
1747412023, 95, 10, 43, 0, 0, 0.05%, 0, 0, 14, 879.16
1747412029, 96, 1, 43, 0, 0, 0.05%, 0, 0, 14, 851.47
1747412034, 96, 9, 43, 0, 0, 0.05%, 0, 0, 14, 857.81
1747412039, 97, 10, 43, 0, 0, 0.05%, 0, 0, 14, 881.78
1747412044, 97, 39, 43, 0, 0, 0.05%, 0, 0, 14, 831.07
1747412049, 98, 10, 43, 0, 0, 0.05%, 0, 0, 14, 848.09
1747412054, 98, 35, 43, 0, 0, 0.05%, 0, 0, 14, 802.81
1747412059, 99, 8, 43, 0, 0, 0.05%, 0, 0, 14, 834.32
1747412064, 99, 34, 43, 0, 0, 0.05%, 0, 0, 14, 785.15
1747412069, 100, 3, 43, 0, 0, 0.05%, 0, 0, 14, 801.61
1747412075, 100, 16, 43, 0, 0, 0.05%, 0, 0, 14, 813.35
1747412080, 101, 2, 43, 0, 0, 0.05%, 0, 0, 14, 794.27
1747412085, 102, 2, 43, 0, 0, 0.05%, 0, 0, 14, 837.20
1747412090, 102, 10, 43, 0, 0, 0.05%, 0, 0, 14, 862.57
1747412095, 103, 0, 43, 0, 0, 0.05%, 0, 0, 14, 775.50
1747412100, 103, 15, 43, 0, 0, 0.05%, 0, 0, 14, 840.28
1747412105, 104, 1, 43, 0, 0, 0.05%, 0, 0, 14, 824.93
1747412110, 104, 11, 43, 0, 0, 0.05%, 0, 0, 14, 853.17
1747412115, 105, 3, 43, 0, 0, 0.05%, 0, 0, 14, 841.86
1747412120, 105, 40, 43, 0, 0, 0.05%, 0, 0, 14, 813.43
1747412130, 107, 0, 43, 0, 0, 0.05%, 0, 0, 14, 848.58
1747412135, 107, 11, 43, 0, 0, 0.05%, 0, 0, 14, 849.33
1747412141, 108, 3, 43, 0, 0, 0.05%, 0, 0, 14, 803.68
1747412146, 109, 3, 43, 0, 0, 0.05%, 0, 0, 14, 856.62
1747412151, 109, 25, 43, 0, 0, 0.05%, 0, 0, 14, 790.04
1747412156, 110, 4, 43, 0, 0, 0.05%, 0, 0, 14, 855.35
1747412161, 110, 29, 43, 0, 0, 0.05%, 0, 0, 14, 845.63
1747412166, 111, 4, 43, 0, 0, 0.05%, 0, 0, 14, 857.10
1747412171, 112, 2, 43, 0, 0, 0.05%, 0, 0, 14, 860.03
1747412176, 113, 3, 43, 0, 0, 0.05%, 0, 0, 14, 886.81
1747412181, 113, 28, 43, 0, 0, 0.05%, 0, 0, 14, 860.56
1747412186, 114, 4, 43, 0, 0, 0.05%, 0, 0, 14, 881.70
1747412191, 115, 3, 43, 0, 0, 0.05%, 0, 0, 14, 879.23
1747412196, 115, 19, 43, 0, 0, 0.05%, 0, 0, 14, 855.73
1747412201, 115, 39, 43, 0, 0, 0.05%, 0, 0, 14, 823.10
1747412207, 116, 10, 43, 0, 0, 0.05%, 0, 0, 14, 865.87
1747412212, 117, 4, 43, 0, 0, 0.05%, 0, 0, 14, 876.93
1747412217, 118, 2, 43, 0, 0, 0.05%, 0, 0, 14, 857.35
1747412222, 118, 13, 43, 0, 0, 0.05%, 0, 0, 14, 866.51
1747412227, 119, 2, 43, 0, 0, 0.05%, 0, 0, 14, 875.05
1747412232, 119, 32, 43, 0, 0, 0.05%, 0, 0, 14, 840.48
1747412237, 120, 4, 43, 0, 0, 0.05%, 0, 0, 14, 875.87
1747412242, 121, 0, 43, 0, 0, 0.05%, 0, 0, 14, 863.54
1747412247, 121, 10, 43, 0, 0, 0.05%, 0, 0, 14, 870.53
1747412252, 121, 17, 43, 0, 0, 0.05%, 0, 0, 14, 845.61
1747412257, 122, 3, 43, 0, 0, 0.05%, 0, 0, 14, 846.94
1747412262, 122, 22, 43, 0, 0, 0.05%, 0, 0, 14, 846.24
1747412267, 122, 31, 43, 0, 0, 0.05%, 0, 0, 14, 830.78
1747412272, 123, 10, 43, 0, 0, 0.05%, 0, 0, 14, 875.69
1747412277, 124, 3, 43, 0, 0, 0.05%, 0, 0, 14, 884.29
1747412282, 125, 3, 43, 0, 0, 0.05%, 0, 0, 14, 881.80
1747412287, 125, 28, 43, 0, 0, 0.05%, 0, 0, 14, 868.98
1747412293, 125, 41, 43, 0, 0, 0.05%, 0, 0, 14, 776.48
1747412298, 126, 23, 43, 0, 0, 0.05%, 0, 0, 14, 830.39
1747412303, 127, 10, 43, 0, 0, 0.05%, 0, 0, 14, 858.28
1747412308, 128, 0, 43, 0, 0, 0.05%, 0, 0, 14, 842.81
1747412313, 128, 19, 43, 0, 0, 0.05%, 0, 0, 14, 865.97
1747412318, 129, 3, 43, 0, 0, 0.05%, 0, 0, 14, 842.48
1747412323, 129, 28, 43, 0, 0, 0.05%, 0, 0, 14, 869.22
1747412328, 130, 10, 43, 0, 0, 0.05%, 0, 0, 14, 885.78
1747412333, 131, 10, 43, 0, 0, 0.05%, 0, 0, 14, 874.69
1747412338, 132, 2, 43, 0, 0, 0.05%, 0, 0, 14, 875.47
1747412343, 132, 15, 43, 0, 0, 0.05%, 0, 0, 14, 863.83
1747412348, 133, 10, 43, 0, 0, 0.05%, 0, 0, 14, 882.03
1747412353, 133, 24, 43, 0, 0, 0.05%, 0, 0, 14, 850.71
1747412359, 134, 0, 43, 0, 0, 0.05%, 0, 0, 14, 787.48
1747412364, 134, 42, 43, 0, 0, 0.05%, 0, 0, 14, 750.44
1747412369, 135, 0, 43, 0, 0, 0.05%, 0, 0, 14, 767.95
1747412374, 135, 10, 43, 0, 0, 0.05%, 0, 0, 14, 859.03
1747412379, 135, 35, 43, 0, 0, 0.05%, 0, 0, 14, 829.36
1747412384, 136, 10, 43, 0, 0, 0.05%, 0, 0, 14, 863.22
1747412389, 136, 30, 43, 0, 0, 0.05%, 0, 0, 14, 852.27
1747412394, 138, 0, 43, 0, 0, 0.05%, 0, 0, 14, 876.07
1747412399, 139, 2, 43, 0, 0, 0.05%, 0, 0, 14, 876.55
1747412404, 139, 42, 43, 0, 0, 0.05%, 0, 0, 14, 780.07
1747412414, 140, 10, 43, 0, 0, 0.05%, 0, 0, 14, 853.57
1747412419, 140, 27, 43, 0, 0, 0.05%, 0, 0, 14, 866.75
1747412424, 141, 2, 43, 0, 0, 0.05%, 0, 0, 14, 841.61
1747412429, 141, 42, 43, 0, 0, 0.05%, 0, 0, 14, 836.61
1747412439, 142, 20, 43, 0, 0, 0.05%, 0, 0, 14, 852.20
1747412444, 142, 37, 43, 0, 0, 0.05%, 0, 0, 14, 807.04
1747412449, 143, 29, 43, 0, 0, 0.05%, 0, 0, 14, 872.91
1747412454, 144, 4, 43, 0, 0, 0.05%, 0, 0, 14, 832.34
1747412459, 144, 17, 43, 0, 0, 0.05%, 0, 0, 14, 814.51
1747412465, 145, 2, 43, 0, 0, 0.05%, 0, 0, 14, 794.67
1747412470, 145, 35, 43, 0, 0, 0.05%, 0, 0, 14, 829.81
1747412475, 146, 10, 43, 0, 0, 0.05%, 0, 0, 14, 862.03
1747412480, 146, 32, 43, 0, 0, 0.05%, 0, 0, 14, 825.19
1747412485, 146, 42, 43, 0, 0, 0.05%, 0, 0, 14, 656.41
1747412490, 147, 3, 43, 0, 0, 0.05%, 0, 0, 14, 791.29
1747412495, 147, 29, 43, 0, 0, 0.05%, 0, 0, 14, 848.36
1747412500, 147, 35, 43, 0, 0, 0.05%, 0, 0, 14, 824.66
1747412505, 148, 5, 43, 0, 0, 0.05%, 0, 0, 14, 864.59
1747412510, 149, 0, 43, 0, 0, 0.05%, 0, 0, 14, 835.78
1747412515, 149, 13, 43, 0, 0, 0.05%, 0, 0, 14, 866.95
1747412520, 150, 10, 43, 0, 0, 0.05%, 0, 0, 14, 886.51
1747412525, 151, 10, 43, 0, 0, 0.05%, 0, 0, 14, 880.95
1747412531, 151, 38, 43, 0, 0, 0.05%, 0, 0, 14, 811.24
1747412536, 152, 4, 43, 0, 0, 0.05%, 0, 0, 14, 852.97
1747412541, 152, 40, 43, 0, 0, 0.05%, 0, 0, 14, 766.64
1747412546, 153, 9, 43, 0, 0, 0.05%, 0, 0, 14, 796.56
1747412551, 153, 34, 43, 0, 0, 0.05%, 0, 0, 14, 827.30
1747412556, 154, 4, 43, 0, 0, 0.05%, 0, 0, 14, 835.26
1747412561, 155, 10, 43, 0, 0, 0.05%, 0, 0, 14, 850.37
1747412566, 156, 9, 43, 0, 0, 0.05%, 0, 0, 14, 879.49
1747412571, 157, 4, 43, 0, 0, 0.05%, 0, 0, 14, 880.21
1747412576, 158, 6, 43, 0, 0, 0.05%, 0, 0, 14, 879.91
1747412581, 159, 4, 43, 0, 0, 0.05%, 0, 0, 14, 808.09
1747412586, 160, 4, 43, 0, 0, 0.05%, 0, 0, 14, 875.07
1747412592, 160, 29, 43, 0, 0, 0.05%, 0, 0, 14, 851.17
1747412597, 161, 10, 43, 0, 0, 0.05%, 0, 0, 14, 873.24
1747412602, 162, 10, 43, 0, 0, 0.05%, 0, 0, 14, 871.30
1747412607, 163, 4, 43, 0, 0, 0.05%, 0, 0, 14, 874.22
1747412612, 163, 19, 43, 0, 0, 0.05%, 0, 0, 14, 843.43
1747412617, 164, 3, 43, 0, 0, 0.05%, 0, 0, 14, 861.20
1747412622, 164, 10, 43, 0, 0, 0.05%, 0, 0, 14, 861.74
1747412627, 165, 4, 43, 0, 0, 0.05%, 0, 0, 14, 873.86
1747412632, 165, 26, 43, 0, 0, 0.05%, 0, 0, 14, 836.27
1747412637, 166, 5, 43, 0, 0, 0.05%, 0, 0, 14, 885.34
1747412642, 167, 10, 43, 0, 0, 0.05%, 0, 0, 14, 860.37
1747412647, 168, 10, 43, 0, 0, 0.05%, 0, 0, 14, 825.77
1747412652, 169, 0, 43, 0, 0, 0.05%, 0, 0, 14, 790.81
1747412657, 169, 15, 43, 0, 0, 0.05%, 0, 0, 14, 799.16
1747412662, 170, 2, 43, 0, 0, 0.05%, 0, 0, 14, 785.61
1747412667, 170, 13, 43, 0, 0, 0.05%, 0, 0, 14, 791.44
1747412673, 171, 0, 43, 0, 0, 0.05%, 0, 0, 14, 722.73
1747412678, 171, 16, 43, 0, 0, 0.05%, 0, 0, 14, 771.97
1747412683, 172, 3, 43, 0, 0, 0.05%, 0, 0, 14, 813.29
1747412688, 172, 15, 43, 0, 0, 0.05%, 0, 0, 14, 714.19
1747412693, 173, 10, 43, 0, 0, 0.05%, 0, 0, 14, 802.81
1747412698, 174, 0, 43, 0, 0, 0.05%, 0, 0, 14, 752.83
1747412703, 174, 13, 43, 0, 0, 0.05%, 0, 0, 14, 816.58
1747412708, 175, 1, 43, 0, 0, 0.05%, 0, 0, 14, 796.90
1747412713, 175, 20, 43, 0, 0, 0.05%, 0, 0, 14, 808.48
1747412718, 175, 41, 43, 0, 0, 0.05%, 0, 0, 14, 726.31
1747412723, 176, 10, 43, 0, 0, 0.05%, 0, 0, 14, 791.55
1747412728, 177, 0, 43, 0, 0, 0.05%, 0, 0, 14, 793.00
1747412733, 177, 10, 43, 0, 0, 0.05%, 0, 0, 14, 809.64
1747412738, 178, 3, 43, 0, 0, 0.05%, 0, 0, 14, 789.52
1747412743, 178, 32, 43, 0, 0, 0.05%, 0, 0, 14, 779.96
1747412749, 179, 4, 43, 0, 0, 0.05%, 0, 0, 14, 801.36
1747412754, 180, 10, 43, 0, 0, 0.05%, 0, 0, 14, 835.19
1747412759, 180, 32, 43, 0, 0, 0.05%, 0, 0, 14, 804.83
1747412764, 181, 10, 43, 0, 0, 0.05%, 0, 0, 14, 791.70
1747412769, 182, 9, 43, 0, 0, 0.05%, 0, 0, 14, 758.18
1747412774, 182, 23, 43, 0, 0, 0.05%, 0, 0, 14, 683.89
1747412779, 183, 4, 43, 0, 0, 0.05%, 0, 0, 14, 732.42
1747412784, 184, 3, 43, 0, 0, 0.05%, 0, 0, 14, 797.01
1747412789, 185, 0, 43, 0, 0, 0.05%, 0, 0, 14, 788.24
1747412794, 185, 21, 43, 0, 0, 0.05%, 0, 0, 14, 834.04
1747412799, 186, 2, 43, 0, 0, 0.05%, 0, 0, 14, 828.10
1747412804, 186, 30, 43, 0, 0, 0.05%, 0, 0, 14, 828.74
1747412809, 187, 3, 43, 0, 0, 0.05%, 0, 0, 14, 813.62
1747412814, 187, 11, 43, 0, 0, 0.05%, 0, 0, 14, 810.73
1747412820, 188, 4, 43, 0, 0, 0.05%, 0, 0, 14, 820.54
1747412825, 188, 40, 43, 0, 0, 0.05%, 0, 0, 14, 779.19
1747412830, 189, 12, 43, 0, 0, 0.05%, 0, 0, 14, 839.52
1747412835, 189, 34, 43, 0, 0, 0.05%, 0, 0, 14, 803.73
1747412840, 190, 32, 43, 0, 0, 0.05%, 0, 0, 14, 831.10
1747412845, 191, 4, 43, 0, 0, 0.05%, 0, 0, 14, 810.83
1747412850, 191, 31, 43, 0, 0, 0.05%, 0, 0, 14, 718.05
1747412855, 192, 3, 43, 0, 0, 0.05%, 0, 0, 14, 677.58
1747412860, 192, 27, 43, 0, 0, 0.05%, 0, 0, 14, 742.70
1747412866, 193, 10, 43, 0, 0, 0.05%, 0, 0, 14, 824.21
1747412871, 194, 4, 43, 0, 0, 0.05%, 0, 0, 14, 812.01
1747412876, 195, 10, 43, 0, 0, 0.05%, 0, 0, 14, 816.83
1747412881, 196, 2, 43, 0, 0, 0.05%, 0, 0, 14, 780.46
1747412886, 196, 25, 43, 0, 0, 0.05%, 0, 0, 14, 786.38
1747412891, 197, 10, 43, 0, 0, 0.05%, 0, 0, 14, 828.58
1747412896, 198, 0, 43, 0, 0, 0.05%, 0, 0, 14, 788.41
1747412901, 198, 40, 43, 0, 0, 0.05%, 0, 0, 14, 791.11
1747412906, 200, 0, 43, 0, 0, 0.05%, 0, 0, 14, 827.69
1747412911, 200, 31, 43, 0, 0, 0.05%, 0, 0, 14, 838.41
1747412917, 201, 4, 43, 0, 0, 0.05%, 0, 0, 14, 833.56
1747412922, 201, 30, 43, 0, 0, 0.05%, 0, 0, 14, 811.92
1747412927, 202, 4, 43, 0, 0, 0.05%, 0, 0, 14, 824.38
1747412932, 203, 2, 43, 0, 0, 0.05%, 0, 0, 14, 772.04
1747412937, 203, 15, 43, 0, 0, 0.05%, 0, 0, 14, 766.10
1747412942, 203, 19, 43, 0, 0, 0.05%, 0, 0, 14, 677.04
1747412947, 204, 41, 43, 0, 0, 0.05%, 0, 0, 14, 769.48
1747412952, 205, 4, 43, 0, 0, 0.05%, 0, 0, 14, 802.36
1747412957, 206, 10, 43, 0, 0, 0.05%, 0, 0, 14, 834.62
1747412962, 207, 3, 43, 0, 0, 0.05%, 0, 0, 14, 840.56
1747412967, 207, 34, 43, 0, 0, 0.05%, 0, 0, 14, 822.34
1747412972, 208, 2, 43, 0, 0, 0.05%, 0, 0, 14, 803.56
1747412978, 209, 2, 43, 0, 0, 0.05%, 0, 0, 14, 846.79
1747412983, 209, 26, 43, 0, 0, 0.05%, 0, 0, 14, 841.60
1747412988, 210, 2, 43, 0, 0, 0.05%, 0, 0, 14, 828.31
1747412993, 210, 13, 43, 0, 0, 0.05%, 0, 0, 14, 833.25
1747412998, 211, 3, 43, 0, 0, 0.05%, 0, 0, 14, 848.12
1747413003, 211, 30, 43, 0, 0, 0.05%, 0, 0, 14, 820.40
1747413008, 212, 2, 43, 0, 0, 0.05%, 0, 0, 14, 802.10
1747413013, 212, 10, 43, 0, 0, 0.05%, 0, 0, 14, 824.57
1747413019, 213, 10, 43, 0, 0, 0.05%, 0, 0, 14, 835.86
1747413024, 214, 0, 43, 0, 0, 0.05%, 0, 0, 14, 752.84
1747413029, 214, 27, 43, 0, 0, 0.05%, 0, 0, 14, 814.75
1747413034, 215, 2, 43, 0, 0, 0.05%, 0, 0, 14, 799.99
1747413039, 215, 10, 43, 0, 0, 0.05%, 0, 0, 14, 796.04
1747413044, 216, 14, 43, 0, 0, 0.05%, 0, 0, 14, 838.32
1747413049, 216, 37, 43, 0, 0, 0.05%, 0, 0, 14, 788.75
1747413054, 217, 4, 43, 0, 0, 0.05%, 0, 0, 14, 835.05
1747413059, 217, 21, 43, 0, 0, 0.05%, 0, 0, 14, 829.24
1747413064, 218, 3, 43, 0, 0, 0.05%, 0, 0, 14, 823.83
1747413069, 219, 2, 43, 0, 0, 0.05%, 0, 0, 14, 842.04
1747413074, 219, 10, 43, 0, 0, 0.05%, 0, 0, 14, 824.29
1747413080, 220, 5, 43, 0, 0, 0.05%, 0, 0, 14, 854.16
1747413085, 221, 2, 43, 0, 0, 0.05%, 0, 0, 14, 827.66
1747413090, 221, 29, 43, 0, 0, 0.05%, 0, 0, 14, 841.57
1747413095, 222, 4, 43, 0, 0, 0.05%, 0, 0, 14, 858.50
1747413100, 223, 2, 43, 0, 0, 0.05%, 0, 0, 14, 824.05
1747413105, 223, 15, 43, 0, 0, 0.05%, 0, 0, 14, 843.03
1747413110, 224, 0, 43, 0, 0, 0.05%, 0, 0, 14, 824.72
1747413115, 224, 11, 43, 0, 0, 0.05%, 0, 0, 14, 851.61
1747413120, 225, 2, 43, 0, 0, 0.05%, 0, 0, 14, 845.08
1747413125, 225, 10, 43, 0, 0, 0.05%, 0, 0, 14, 826.71
1747413131, 226, 3, 43, 0, 0, 0.05%, 0, 0, 14, 828.37
1747413136, 226, 18, 43, 0, 0, 0.05%, 0, 0, 14, 820.82
1747413141, 227, 10, 43, 0, 0, 0.05%, 0, 0, 14, 844.46
1747413146, 227, 35, 43, 0, 0, 0.05%, 0, 0, 14, 805.17
1747413151, 228, 4, 43, 0, 0, 0.05%, 0, 0, 14, 833.52
1747413156, 229, 0, 43, 0, 0, 0.05%, 0, 0, 14, 805.46
1747413161, 229, 10, 43, 0, 0, 0.05%, 0, 0, 14, 800.32
1747413166, 230, 10, 43, 0, 0, 0.05%, 0, 0, 14, 813.44
1747413171, 231, 3, 43, 0, 0, 0.05%, 0, 0, 14, 815.81
1747413176, 231, 30, 43, 0, 0, 0.05%, 0, 0, 14, 769.10
1747413181, 232, 8, 43, 0, 0, 0.05%, 0, 0, 14, 784.83
1747413186, 233, 0, 43, 0, 0, 0.05%, 0, 0, 14, 762.73
1747413191, 233, 14, 43, 0, 0, 0.05%, 0, 0, 14, 803.18
1747413196, 234, 2, 43, 0, 0, 0.05%, 0, 0, 14, 802.27
1747413201, 234, 14, 43, 0, 0, 0.05%, 0, 0, 14, 789.78
1747413206, 235, 10, 43, 0, 0, 0.05%, 0, 0, 14, 807.65
1747413211, 236, 3, 43, 0, 0, 0.05%, 0, 0, 14, 799.23
1747413217, 237, 0, 43, 0, 0, 0.05%, 0, 0, 14, 744.84
1747413222, 237, 20, 43, 0, 0, 0.05%, 0, 0, 14, 792.06
1747413227, 238, 0, 43, 0, 0, 0.05%, 0, 0, 14, 695.99
1747413232, 238, 8, 43, 0, 0, 0.05%, 0, 0, 14, 780.03
1747413237, 239, 10, 43, 0, 0, 0.05%, 0, 0, 14, 810.34
1747413242, 240, 3, 43, 0, 0, 0.05%, 0, 0, 14, 750.37
1747413247, 240, 33, 43, 0, 0, 0.05%, 0, 0, 14, 749.33
1747413252, 241, 3, 43, 0, 0, 0.05%, 0, 0, 14, 775.84
1747413257, 241, 33, 43, 0, 0, 0.05%, 0, 0, 14, 752.07
1747413263, 242, 40, 43, 0, 0, 0.05%, 0, 0, 14, 771.45
1747413268, 243, 10, 43, 0, 0, 0.05%, 0, 0, 14, 805.17
1747413273, 243, 27, 43, 0, 0, 0.05%, 0, 0, 14, 782.20
1747413278, 244, 4, 43, 0, 0, 0.05%, 0, 0, 14, 814.01
1747413283, 245, 10, 43, 0, 0, 0.05%, 0, 0, 14, 824.90
1747413288, 245, 31, 43, 0, 0, 0.05%, 0, 0, 14, 787.46
1747413293, 246, 3, 43, 0, 0, 0.05%, 0, 0, 14, 787.68
1747413298, 247, 2, 43, 0, 0, 0.05%, 0, 0, 14, 810.26
1747413303, 247, 12, 43, 0, 0, 0.05%, 0, 0, 14, 810.57
1747413308, 248, 15, 43, 0, 0, 0.05%, 0, 0, 14, 808.44
1747413313, 249, 4, 43, 0, 0, 0.05%, 0, 0, 14, 802.20
1747413318, 250, 0, 43, 0, 0, 0.05%, 0, 0, 14, 770.82
1747413323, 250, 10, 43, 0, 0, 0.05%, 0, 0, 14, 814.23
1747413328, 251, 2, 43, 0, 0, 0.05%, 0, 0, 14, 802.96
1747413334, 252, 2, 43, 0, 0, 0.05%, 0, 0, 14, 832.88
1747413339, 252, 30, 43, 0, 0, 0.05%, 0, 0, 14, 778.19
1747413344, 253, 2, 43, 0, 0, 0.05%, 0, 0, 14, 780.12
1747413349, 253, 35, 43, 0, 0, 0.05%, 0, 0, 14, 792.58
1747413354, 254, 10, 43, 0, 0, 0.05%, 0, 0, 14, 823.70
1747413359, 254, 42, 43, 0, 0, 0.05%, 0, 0, 14, 700.04
1747413364, 255, 10, 43, 0, 0, 0.05%, 0, 0, 14, 800.11
1747413369, 255, 23, 43, 0, 0, 0.05%, 0, 0, 14, 768.93
1747413374, 256, 10, 43, 0, 0, 0.05%, 0, 0, 14, 812.28
1747413379, 257, 3, 43, 0, 0, 0.05%, 0, 0, 14, 797.83
1747413384, 257, 17, 43, 0, 0, 0.05%, 0, 0, 14, 801.86
1747413389, 257, 32, 43, 0, 0, 0.05%, 0, 0, 14, 788.15
1747413394, 258, 5, 43, 0, 0, 0.05%, 0, 0, 14, 818.71
1747413399, 258, 25, 43, 0, 0, 0.05%, 0, 0, 14, 766.38
1747413404, 259, 8, 43, 0, 0, 0.05%, 0, 0, 14, 808.37
1747413409, 259, 22, 43, 0, 0, 0.05%, 0, 0, 14, 763.56
1747413414, 260, 2, 43, 0, 0, 0.05%, 0, 0, 14, 797.30
1747413419, 260, 30, 43, 0, 0, 0.05%, 0, 0, 14, 792.01
1747413424, 261, 3, 43, 0, 0, 0.05%, 0, 0, 14, 783.03
1747413429, 262, 3, 43, 0, 0, 0.05%, 0, 0, 14, 816.68
1747413434, 262, 23, 43, 0, 0, 0.05%, 0, 0, 14, 763.56
1747413439, 263, 2, 43, 0, 0, 0.05%, 0, 0, 14, 778.58
1747413445, 263, 13, 43, 0, 0, 0.05%, 0, 0, 14, 795.81
1747413450, 264, 3, 43, 0, 0, 0.05%, 0, 0, 14, 798.86
1747413455, 265, 2, 43, 0, 0, 0.05%, 0, 0, 14, 799.74
1747413460, 265, 11, 43, 0, 0, 0.05%, 0, 0, 14, 802.95
1747413465, 266, 4, 43, 0, 0, 0.05%, 0, 0, 14, 795.10
1747413470, 267, 2, 43, 0, 0, 0.05%, 0, 0, 14, 802.21
1747413475, 267, 23, 43, 0, 0, 0.05%, 0, 0, 14, 781.63
1747413480, 268, 4, 43, 0, 0, 0.05%, 0, 0, 14, 775.96
1747413485, 269, 3, 43, 0, 0, 0.05%, 0, 0, 14, 816.90
1747413490, 269, 29, 43, 0, 0, 0.05%, 0, 0, 14, 820.64
1747413495, 270, 4, 43, 0, 0, 0.05%, 0, 0, 14, 832.05
1747413501, 271, 3, 43, 0, 0, 0.05%, 0, 0, 14, 830.64
1747413506, 271, 19, 43, 0, 0, 0.05%, 0, 0, 14, 827.69
1747413511, 271, 32, 43, 0, 0, 0.05%, 0, 0, 14, 809.30
1747413516, 272, 10, 43, 0, 0, 0.05%, 0, 0, 14, 854.59
1747413521, 272, 36, 43, 0, 0, 0.05%, 0, 0, 14, 800.66
1747413526, 273, 6, 43, 0, 0, 0.05%, 0, 0, 14, 848.67
1747413531, 274, 4, 43, 0, 0, 0.05%, 0, 0, 14, 856.61
1747413536, 275, 8, 43, 0, 0, 0.05%, 0, 0, 14, 856.37
1747413541, 276, 2, 43, 0, 0, 0.05%, 0, 0, 14, 828.87
1747413546, 277, 2, 43, 0, 0, 0.05%, 0, 0, 14, 838.01
1747413552, 278, 2, 43, 0, 0, 0.05%, 0, 0, 14, 845.10
1747413557, 279, 0, 43, 0, 0, 0.05%, 0, 0, 14, 796.68
1747413562, 279, 27, 43, 0, 0, 0.05%, 0, 0, 14, 838.11
1747413567, 280, 2, 43, 0, 0, 0.05%, 0, 0, 14, 836.85
1747413572, 280, 10, 43, 0, 0, 0.05%, 0, 0, 14, 830.41
1747413577, 281, 10, 43, 0, 0, 0.05%, 0, 0, 14, 852.40
1747413582, 282, 2, 43, 0, 0, 0.05%, 0, 0, 14, 823.50
1747413587, 282, 15, 43, 0, 0, 0.05%, 0, 0, 14, 840.46
1747413592, 282, 35, 43, 0, 0, 0.05%, 0, 0, 14, 801.36
1747413598, 283, 5, 43, 0, 0, 0.05%, 0, 0, 14, 836.14
1747413603, 283, 34, 43, 0, 0, 0.05%, 0, 0, 14, 812.37
1747413608, 285, 0, 43, 0, 0, 0.05%, 0, 0, 14, 868.38
1747413613, 285, 19, 43, 0, 0, 0.05%, 0, 0, 14, 874.27
1747413618, 286, 4, 43, 0, 0, 0.05%, 0, 0, 14, 867.89
1747413623, 287, 0, 43, 0, 0, 0.05%, 0, 0, 14, 829.65
1747413628, 287, 10, 43, 0, 0, 0.05%, 0, 0, 14, 845.83
