# unix_time, cycles_done, cur_path, paths_total, pending_total, pending_favs, map_size, unique_crashes, unique_hangs, max_depth, execs_per_sec
1746785259, 0, 0, 1, 1, 1, 3.79%, 0, 0, 1, 137.93
1746785264, 0, 0, 46, 46, 1, 5.47%, 0, 0, 2, 145.45
1746785269, 0, 0, 79, 79, 1, 5.56%, 0, 0, 2, 139.89
1746785274, 0, 0, 100, 100, 1, 5.58%, 0, 0, 2, 143.30
1746785279, 0, 0, 114, 114, 1, 5.58%, 0, 0, 2, 151.43
1746785284, 0, 0, 129, 129, 1, 5.58%, 0, 0, 2, 152.06
1746785289, 0, 0, 140, 140, 1, 5.59%, 0, 0, 2, 151.40
1746785295, 0, 0, 145, 145, 1, 5.59%, 0, 0, 2, 156.77
1746785300, 0, 0, 158, 158, 1, 5.60%, 0, 0, 2, 149.48
1746785305, 0, 0, 167, 167, 1, 5.60%, 0, 0, 2, 154.74
1746785310, 0, 0, 175, 175, 1, 5.64%, 0, 0, 2, 152.64
1746785315, 0, 0, 179, 179, 1, 5.64%, 0, 0, 2, 155.54
1746785320, 0, 0, 188, 188, 1, 5.64%, 0, 0, 2, 151.50
1746785325, 0, 0, 199, 199, 1, 5.64%, 0, 0, 2, 149.94
1746785330, 0, 0, 204, 204, 1, 5.64%, 0, 0, 2, 154.73
1746785336, 0, 0, 211, 211, 1, 5.64%, 0, 0, 2, 154.76
1746785341, 0, 0, 215, 215, 1, 5.64%, 0, 0, 2, 151.17
1746785346, 0, 0, 219, 219, 1, 5.65%, 0, 0, 2, 140.31
1746785351, 0, 0, 223, 223, 1, 5.65%, 0, 0, 2, 137.37
1746785356, 0, 0, 229, 229, 1, 5.65%, 0, 0, 2, 135.87
1746785361, 0, 0, 232, 232, 1, 5.76%, 0, 0, 2, 132.49
1746785366, 0, 0, 235, 235, 1, 5.76%, 0, 0, 2, 137.02
1746785371, 0, 0, 238, 238, 1, 5.76%, 0, 0, 2, 135.86
1746785377, 0, 0, 242, 242, 1, 6.02%, 0, 0, 2, 133.42
1746785382, 0, 0, 245, 245, 1, 6.02%, 0, 0, 2, 136.99
1746785387, 0, 0, 247, 247, 1, 6.02%, 0, 0, 2, 135.57
1746785392, 0, 0, 249, 249, 1, 6.28%, 0, 0, 2, 137.59
1746785397, 0, 0, 251, 251, 1, 6.28%, 0, 0, 2, 138.07
1746785402, 0, 0, 254, 254, 1, 6.28%, 0, 0, 2, 133.57
1746785408, 0, 0, 256, 256, 1, 6.28%, 0, 0, 2, 135.52
1746785413, 0, 0, 260, 260, 1, 6.28%, 0, 0, 2, 135.02
1746785418, 0, 0, 261, 261, 1, 6.28%, 0, 0, 2, 137.45
1746785423, 0, 0, 266, 266, 1, 6.29%, 0, 0, 2, 133.47
1746785433, 0, 0, 268, 268, 1, 6.29%, 0, 0, 2, 138.54
1746785438, 0, 0, 273, 273, 1, 6.29%, 0, 0, 2, 134.23
1746785444, 0, 0, 276, 276, 1, 6.29%, 0, 0, 2, 135.59
1746785449, 0, 0, 277, 277, 1, 6.29%, 0, 0, 2, 136.29
1746785454, 0, 0, 279, 279, 1, 6.29%, 0, 0, 2, 136.53
1746785459, 0, 0, 280, 280, 1, 6.29%, 0, 0, 2, 137.14
1746785464, 0, 0, 282, 282, 1, 6.29%, 0, 0, 2, 136.85
1746785469, 0, 0, 284, 284, 1, 6.35%, 0, 0, 2, 136.91
1746785474, 0, 0, 286, 286, 1, 6.35%, 0, 0, 2, 137.51
1746785479, 0, 0, 289, 289, 1, 6.35%, 0, 0, 2, 137.17
1746785485, 0, 0, 290, 290, 1, 6.35%, 0, 0, 2, 137.53
1746785490, 0, 0, 291, 291, 1, 6.35%, 0, 0, 2, 138.20
1746785495, 0, 0, 293, 293, 1, 6.35%, 0, 0, 2, 138.29
1746785500, 0, 0, 295, 295, 1, 6.35%, 0, 0, 2, 136.49
1746785510, 0, 2, 295, 294, 11, 6.35%, 0, 0, 2, 140.08
1746785521, 0, 51, 295, 293, 10, 6.35%, 0, 0, 2, 106.36
1746785623, 0, 51, 299, 297, 10, 6.35%, 0, 0, 3, 98.57
1746785628, 0, 51, 304, 302, 10, 6.35%, 0, 0, 3, 100.70
1746785633, 0, 51, 305, 303, 10, 6.35%, 0, 0, 3, 104.14
1746785638, 0, 51, 314, 312, 10, 6.35%, 0, 0, 3, 97.04
1746785644, 0, 51, 320, 318, 10, 6.35%, 0, 0, 3, 101.05
1746785649, 0, 51, 323, 321, 10, 6.35%, 0, 0, 3, 102.56
1746785654, 0, 51, 327, 325, 10, 6.35%, 0, 0, 3, 101.66
1746785659, 0, 51, 331, 329, 10, 6.35%, 0, 0, 3, 100.91
1746785664, 0, 51, 334, 332, 10, 6.35%, 0, 0, 3, 102.81
1746785669, 0, 51, 339, 337, 10, 6.35%, 0, 0, 3, 101.25
1746785674, 0, 51, 342, 340, 10, 6.36%, 0, 0, 3, 102.82
1746785679, 0, 51, 344, 342, 10, 6.36%, 0, 0, 3, 102.43
1746785684, 0, 51, 346, 344, 10, 6.36%, 0, 0, 3, 104.65
1746785690, 0, 51, 350, 348, 10, 6.36%, 0, 0, 3, 103.30
1746785695, 0, 51, 351, 349, 10, 6.36%, 0, 0, 3, 104.03
1746785700, 0, 51, 352, 350, 10, 6.36%, 0, 0, 3, 104.13
1746785705, 0, 51, 353, 351, 10, 6.36%, 0, 0, 3, 106.03
1746785710, 0, 51, 354, 352, 10, 6.36%, 0, 0, 3, 104.98
1746785720, 0, 51, 358, 356, 10, 6.36%, 0, 0, 3, 100.33
1746785725, 0, 51, 361, 359, 10, 6.39%, 0, 0, 3, 101.46
1746785730, 0, 51, 363, 361, 10, 6.39%, 0, 0, 3, 104.02
1746785735, 0, 51, 364, 362, 10, 6.39%, 0, 0, 3, 105.67
1746785740, 0, 51, 367, 365, 10, 6.39%, 0, 0, 3, 104.16
1746785745, 0, 51, 368, 366, 10, 6.39%, 0, 0, 3, 103.75
1746785750, 0, 51, 369, 367, 10, 6.39%, 0, 0, 3, 105.46
1746785755, 0, 51, 370, 368, 10, 6.39%, 0, 0, 3, 105.58
1746785760, 0, 51, 371, 369, 10, 6.39%, 0, 0, 3, 104.19
1746785766, 0, 51, 375, 373, 10, 6.39%, 0, 0, 3, 100.74
1746785776, 0, 51, 378, 376, 10, 6.39%, 0, 0, 3, 103.64
1746785781, 0, 51, 382, 380, 10, 6.39%, 0, 0, 3, 101.61
1746785786, 0, 51, 383, 381, 10, 6.39%, 0, 0, 3, 102.61
1746785806, 0, 51, 385, 383, 10, 6.39%, 0, 0, 3, 104.04
1746785816, 0, 51, 387, 385, 10, 6.39%, 0, 0, 3, 103.07
1746785821, 0, 51, 388, 386, 10, 6.39%, 0, 0, 3, 104.05
1746785826, 0, 51, 391, 389, 10, 6.39%, 0, 0, 3, 102.02
1746785842, 0, 51, 392, 390, 10, 6.39%, 0, 0, 3, 104.63
1746785847, 0, 51, 394, 392, 10, 6.39%, 0, 0, 3, 103.19
1746785852, 0, 51, 395, 393, 10, 6.39%, 0, 0, 3, 104.90
1746785857, 0, 51, 396, 394, 10, 6.39%, 0, 0, 3, 103.03
1746785862, 0, 51, 397, 395, 10, 6.39%, 0, 0, 3, 104.03
1746785878, 0, 51, 398, 396, 10, 6.39%, 0, 0, 3, 104.99
1746785888, 0, 51, 399, 397, 10, 6.39%, 0, 0, 3, 104.54
1746785893, 0, 51, 400, 398, 10, 6.39%, 0, 0, 3, 103.92
1746785903, 0, 51, 402, 400, 10, 6.39%, 0, 0, 3, 100.64
1746785908, 0, 51, 403, 401, 10, 6.39%, 0, 0, 3, 103.89
1746785918, 0, 51, 405, 403, 10, 6.45%, 0, 0, 3, 101.84
1746785923, 0, 51, 407, 405, 10, 6.45%, 0, 0, 3, 102.35
1746785938, 0, 51, 408, 406, 10, 6.45%, 0, 0, 3, 104.06
1746785943, 0, 51, 409, 407, 10, 6.45%, 0, 0, 3, 102.84
1746785949, 0, 55, 409, 406, 10, 6.45%, 0, 0, 3, 108.49
1746786005, 0, 55, 410, 407, 10, 6.45%, 0, 0, 3, 114.56
1746786015, 0, 55, 411, 408, 10, 6.45%, 0, 0, 3, 119.16
1746786020, 0, 55, 412, 409, 10, 6.45%, 0, 0, 3, 119.07
1746786066, 0, 55, 413, 410, 10, 6.45%, 0, 0, 3, 119.25
1746786071, 0, 55, 414, 411, 10, 6.45%, 0, 0, 3, 116.05
1746786077, 0, 55, 415, 412, 10, 6.45%, 0, 0, 3, 113.13
1746786108, 0, 55, 416, 413, 10, 6.45%, 0, 0, 3, 119.79
1746786123, 0, 55, 418, 415, 10, 6.45%, 0, 0, 3, 120.13
1746786138, 0, 55, 419, 416, 10, 6.45%, 0, 0, 3, 117.97
1746786149, 0, 55, 420, 417, 10, 6.45%, 0, 0, 3, 119.17
1746786164, 0, 55, 421, 418, 10, 6.45%, 0, 0, 3, 118.23
1746786246, 0, 55, 422, 419, 10, 6.45%, 0, 0, 3, 118.95
1746786261, 0, 55, 424, 421, 10, 6.45%, 0, 0, 3, 118.06
1746786282, 0, 91, 424, 420, 10, 6.45%, 0, 0, 3, 99.83
1746786393, 0, 112, 424, 419, 9, 6.45%, 0, 0, 3, 102.76
1746786484, 0, 140, 424, 418, 9, 6.45%, 0, 0, 3, 106.43
1746786555, 0, 282, 424, 417, 9, 6.45%, 0, 0, 3, 109.12
1746786560, 0, 282, 426, 419, 9, 6.45%, 0, 0, 3, 64.80
1746786565, 0, 282, 433, 426, 9, 6.45%, 0, 0, 3, 55.84
1746786581, 0, 282, 435, 428, 9, 6.45%, 0, 0, 3, 52.91
1746786591, 0, 282, 437, 430, 9, 6.45%, 0, 0, 3, 53.58
1746786601, 0, 282, 438, 431, 9, 6.45%, 0, 0, 3, 53.59
1746786606, 0, 282, 439, 432, 9, 6.45%, 0, 0, 3, 53.62
1746786612, 0, 282, 440, 433, 9, 6.45%, 0, 0, 3, 53.60
1746786637, 0, 282, 441, 434, 9, 6.45%, 0, 0, 3, 53.62
1746786642, 0, 282, 444, 437, 9, 6.45%, 0, 0, 3, 53.65
1746786950, 0, 282, 445, 438, 9, 6.45%, 0, 0, 3, 53.96
1746786955, 0, 282, 446, 439, 9, 6.45%, 0, 0, 3, 53.71
1746787068, 0, 282, 467, 460, 9, 6.47%, 0, 0, 3, 55.64
1746787073, 0, 282, 488, 481, 9, 6.47%, 0, 0, 3, 53.56
1746787078, 0, 282, 504, 497, 9, 6.47%, 0, 0, 3, 53.23
1746787083, 0, 282, 519, 512, 9, 6.48%, 0, 0, 3, 54.30
1746787089, 0, 282, 531, 524, 9, 6.48%, 0, 0, 3, 59.02
1746787094, 0, 282, 543, 536, 9, 6.48%, 0, 0, 3, 57.15
1746787099, 0, 282, 553, 546, 9, 6.48%, 0, 0, 3, 57.92
1746787104, 0, 282, 561, 554, 9, 6.49%, 0, 0, 3, 58.21
1746787109, 0, 282, 566, 559, 9, 6.49%, 0, 0, 3, 59.75
1746787114, 0, 282, 574, 567, 9, 6.49%, 0, 0, 3, 58.21
1746787119, 0, 282, 578, 571, 9, 6.49%, 0, 0, 3, 60.53
1746787124, 0, 282, 585, 578, 9, 6.49%, 0, 0, 3, 59.71
1746787130, 0, 282, 590, 583, 9, 6.49%, 0, 0, 3, 60.62
1746787135, 0, 282, 596, 589, 9, 6.49%, 0, 0, 3, 58.78
1746787140, 0, 282, 602, 595, 9, 6.49%, 0, 0, 3, 59.69
1746787145, 0, 282, 609, 602, 9, 6.50%, 0, 0, 3, 58.33
1746787150, 0, 282, 613, 606, 9, 6.50%, 0, 0, 3, 61.22
1746787155, 0, 282, 618, 611, 9, 6.50%, 0, 0, 3, 59.83
1746787160, 0, 282, 622, 615, 9, 6.50%, 0, 0, 3, 61.18
1746787165, 0, 282, 628, 621, 9, 6.51%, 0, 0, 3, 58.64
1746787170, 0, 282, 632, 625, 9, 6.51%, 0, 0, 3, 59.70
1746787175, 0, 282, 636, 629, 9, 6.51%, 0, 0, 3, 60.00
1746787180, 0, 282, 639, 632, 9, 6.54%, 0, 0, 3, 61.14
1746787185, 0, 282, 643, 636, 9, 6.54%, 0, 0, 3, 61.19
1746787190, 0, 282, 644, 637, 9, 6.54%, 0, 0, 3, 60.85
1746787196, 0, 282, 646, 639, 9, 6.54%, 0, 0, 3, 60.97
1746787201, 0, 282, 647, 640, 9, 6.54%, 0, 0, 3, 62.07
1746787206, 0, 282, 648, 641, 9, 6.54%, 0, 0, 3, 61.61
1746787211, 0, 282, 649, 642, 9, 6.54%, 0, 0, 3, 61.35
1746787216, 0, 282, 651, 644, 9, 6.54%, 0, 0, 3, 62.16
1746787221, 0, 282, 655, 648, 9, 6.54%, 0, 0, 3, 60.95
1746787226, 0, 282, 660, 653, 9, 6.54%, 0, 0, 3, 59.63
1746787232, 0, 282, 662, 655, 9, 6.54%, 0, 0, 3, 60.54
1746787237, 0, 282, 664, 657, 9, 6.55%, 0, 0, 3, 59.74
1746787242, 0, 282, 666, 659, 9, 6.55%, 0, 0, 3, 59.78
1746787247, 0, 282, 667, 660, 9, 6.82%, 0, 0, 3, 61.62
1746787252, 0, 282, 669, 662, 9, 6.82%, 0, 0, 3, 61.76
1746787268, 0, 282, 672, 665, 9, 6.82%, 0, 0, 3, 60.78
1746787273, 0, 282, 673, 666, 9, 6.82%, 0, 0, 3, 61.80
1746787278, 0, 282, 675, 668, 9, 6.82%, 0, 0, 3, 60.99
1746787293, 0, 282, 676, 669, 9, 6.82%, 0, 0, 3, 62.14
1746787303, 0, 282, 677, 670, 9, 6.82%, 0, 0, 3, 61.95
1746787308, 0, 282, 678, 671, 9, 6.82%, 0, 0, 3, 62.24
1746787313, 0, 282, 680, 673, 9, 6.82%, 0, 0, 3, 58.35
1746787318, 0, 282, 682, 675, 9, 6.82%, 0, 0, 3, 58.07
1746787323, 0, 282, 683, 676, 9, 6.82%, 0, 0, 3, 59.88
1746787328, 0, 282, 684, 677, 9, 6.82%, 0, 0, 3, 61.05
1746787339, 0, 282, 687, 680, 9, 6.82%, 0, 0, 3, 62.16
1746787354, 0, 282, 688, 681, 9, 6.82%, 0, 0, 3, 60.53
1746787364, 0, 282, 689, 682, 9, 6.82%, 0, 0, 3, 61.41
1746787369, 0, 282, 690, 683, 9, 6.82%, 0, 0, 3, 61.62
1746787375, 0, 282, 692, 685, 9, 6.82%, 0, 0, 3, 61.29
1746787390, 0, 282, 694, 687, 9, 6.82%, 0, 0, 3, 62.67
1746787400, 0, 282, 695, 688, 9, 6.82%, 0, 0, 3, 60.96
1746787420, 0, 282, 696, 689, 9, 6.82%, 0, 0, 3, 60.66
1746787426, 0, 282, 697, 690, 9, 6.82%, 0, 0, 3, 60.87
1746787446, 0, 282, 698, 691, 9, 6.82%, 0, 0, 3, 62.77
1746787456, 0, 282, 700, 693, 9, 6.82%, 0, 0, 3, 61.03
1746787461, 0, 282, 701, 694, 9, 6.82%, 0, 0, 3, 62.43
1746787467, 0, 282, 702, 695, 9, 6.82%, 0, 0, 3, 60.89
1746787477, 0, 282, 703, 696, 9, 6.82%, 0, 0, 3, 61.16
1746787482, 0, 282, 704, 697, 9, 6.82%, 0, 0, 3, 62.25
1746787487, 0, 282, 705, 698, 9, 6.82%, 0, 0, 3, 60.75
1746787497, 0, 282, 706, 699, 9, 6.82%, 0, 0, 3, 61.08
1746787503, 0, 282, 707, 700, 9, 6.82%, 0, 0, 3, 61.00
1746787508, 0, 300, 707, 699, 10, 6.82%, 0, 0, 3, 76.72
1746787674, 0, 312, 707, 698, 9, 6.82%, 0, 0, 3, 80.88
1746788029, 0, 312, 708, 699, 9, 6.82%, 0, 0, 4, 72.88
1746788055, 0, 315, 708, 698, 9, 6.82%, 0, 0, 4, 69.88
1746788336, 0, 315, 709, 699, 9, 6.82%, 0, 0, 4, 78.41
1746788347, 0, 315, 710, 700, 9, 6.82%, 0, 0, 4, 79.21
1746788378, 0, 315, 711, 701, 9, 6.82%, 0, 0, 4, 79.26
1746788393, 0, 315, 712, 702, 9, 6.82%, 0, 0, 4, 77.94
1746788537, 0, 360, 712, 701, 8, 6.82%, 0, 0, 4, 69.95
1746789036, 0, 360, 713, 702, 8, 6.82%, 0, 0, 4, 64.49
1746789047, 0, 360, 714, 703, 8, 6.82%, 0, 0, 4, 62.31
1746789077, 0, 360, 715, 704, 8, 6.82%, 0, 0, 4, 64.17
1746789098, 0, 360, 716, 705, 8, 6.82%, 0, 0, 4, 62.50
1746789134, 0, 360, 718, 707, 8, 6.82%, 0, 0, 4, 64.12
1746789155, 0, 360, 719, 708, 8, 6.82%, 0, 0, 4, 63.65
1746789196, 0, 360, 720, 709, 8, 6.82%, 0, 0, 4, 65.78
1746789206, 0, 360, 721, 710, 8, 6.82%, 0, 0, 4, 63.78
1746789324, 0, 360, 722, 711, 8, 6.82%, 0, 0, 4, 64.25
1746789334, 0, 360, 723, 712, 8, 6.82%, 0, 0, 4, 64.63
1746789385, 0, 360, 724, 713, 8, 6.82%, 0, 0, 4, 63.18
1746789411, 0, 360, 725, 714, 8, 6.82%, 0, 0, 4, 63.49
1746789534, 0, 371, 725, 713, 8, 6.82%, 0, 0, 4, 72.34
1746789736, 0, 371, 726, 714, 8, 6.82%, 0, 0, 4, 86.10
1746789756, 0, 374, 726, 713, 7, 6.82%, 0, 0, 4, 78.88
1746789983, 0, 439, 726, 712, 7, 6.82%, 0, 0, 4, 70.02
1746790536, 0, 439, 727, 713, 7, 6.82%, 0, 0, 4, 62.46
1746790562, 0, 513, 727, 712, 6, 6.82%, 0, 0, 4, 56.11
1746791077, 0, 513, 728, 713, 6, 6.87%, 0, 0, 4, 57.00
1746791087, 0, 513, 729, 714, 6, 6.87%, 0, 0, 4, 64.03
1746791108, 0, 513, 730, 715, 6, 6.87%, 0, 0, 4, 64.88
1746791133, 0, 513, 731, 716, 6, 6.87%, 0, 0, 4, 65.48
1746791231, 0, 513, 732, 717, 6, 6.87%, 0, 0, 4, 64.47
1746791247, 0, 513, 733, 718, 6, 6.87%, 0, 0, 4, 64.25
1746791267, 0, 513, 734, 719, 6, 6.88%, 0, 0, 4, 63.88
1746791298, 0, 513, 735, 720, 6, 6.88%, 0, 0, 4, 65.03
1746791314, 0, 513, 737, 722, 6, 6.88%, 0, 0, 4, 65.17
1746791339, 0, 513, 738, 723, 6, 6.88%, 0, 0, 4, 64.38
1746791442, 0, 513, 739, 724, 6, 6.88%, 0, 0, 4, 64.65
1746791581, 0, 546, 739, 723, 7, 6.88%, 0, 0, 4, 63.92
1746792392, 0, 606, 739, 722, 7, 6.88%, 0, 0, 4, 53.30
1746792407, 0, 606, 740, 723, 7, 6.88%, 0, 0, 4, 53.86
1746792902, 0, 606, 743, 726, 7, 6.90%, 0, 0, 4, 59.99
1746792918, 0, 606, 744, 727, 7, 6.90%, 0, 0, 4, 62.19
1746792943, 0, 606, 745, 728, 7, 6.90%, 0, 0, 4, 62.75
1746792964, 0, 606, 746, 729, 7, 6.90%, 0, 0, 4, 58.42
1746793010, 0, 606, 747, 730, 7, 6.90%, 0, 0, 4, 62.56
1746793021, 0, 606, 748, 731, 7, 6.90%, 0, 0, 4, 61.50
1746793052, 0, 606, 749, 732, 7, 6.90%, 0, 0, 4, 61.57
1746793149, 0, 606, 750, 733, 7, 6.90%, 0, 0, 4, 60.35
1746793159, 0, 606, 751, 734, 7, 6.90%, 0, 0, 4, 62.58
1746793216, 0, 606, 752, 735, 7, 6.90%, 0, 0, 4, 62.02
1746793272, 0, 606, 753, 736, 7, 6.90%, 0, 0, 4, 62.29
1746793339, 0, 606, 754, 737, 7, 6.90%, 0, 0, 4, 61.16
1746793364, 0, 606, 755, 738, 7, 6.90%, 0, 0, 4, 61.71
1746793380, 0, 606, 756, 739, 7, 6.90%, 0, 0, 4, 61.54
1746793416, 0, 606, 757, 740, 7, 6.90%, 0, 0, 4, 59.42
1746793421, 0, 637, 757, 739, 8, 6.90%, 0, 0, 4, 40.25
1746793431, 0, 637, 758, 740, 8, 6.90%, 0, 0, 4, 31.20
1746793457, 0, 637, 759, 741, 8, 6.90%, 0, 0, 4, 30.93
1746793462, 0, 637, 760, 742, 8, 6.90%, 0, 0, 4, 30.94
1746793679, 0, 637, 763, 745, 8, 6.90%, 0, 0, 4, 31.18
1746793684, 0, 637, 764, 746, 8, 6.90%, 0, 0, 4, 31.27
1746793689, 0, 637, 765, 747, 8, 6.90%, 0, 0, 4, 31.18
1746795211, 0, 637, 769, 751, 8, 6.90%, 0, 0, 4, 33.80
1746795216, 0, 637, 771, 753, 8, 6.90%, 0, 0, 4, 34.86
1746795221, 0, 637, 773, 755, 8, 6.90%, 0, 0, 4, 34.78
1746795226, 0, 637, 774, 756, 8, 6.90%, 0, 0, 4, 35.05
1746795231, 0, 637, 775, 757, 8, 6.90%, 0, 0, 4, 35.20
1746795252, 0, 637, 776, 758, 8, 6.90%, 0, 0, 4, 36.35
1746795257, 0, 637, 779, 761, 8, 6.90%, 0, 0, 4, 34.69
1746795262, 0, 637, 780, 762, 8, 6.92%, 0, 0, 4, 34.58
1746795267, 0, 637, 784, 766, 8, 7.18%, 0, 0, 4, 34.08
1746795293, 0, 637, 785, 767, 8, 7.18%, 0, 0, 4, 36.19
1746795303, 0, 637, 786, 768, 8, 7.18%, 0, 0, 4, 35.76
1746795308, 0, 637, 787, 769, 8, 7.18%, 0, 0, 4, 35.92
1746795313, 0, 637, 788, 770, 8, 7.18%, 0, 0, 4, 35.90
1746795318, 0, 637, 789, 771, 8, 7.18%, 0, 0, 4, 35.00
1746795329, 0, 637, 790, 772, 8, 7.18%, 0, 0, 4, 36.71
1746795334, 0, 637, 791, 773, 8, 7.18%, 0, 0, 4, 34.53
1746795344, 0, 637, 792, 774, 8, 7.18%, 0, 0, 4, 35.89
1746795349, 0, 637, 795, 777, 8, 7.28%, 0, 0, 4, 36.12
1746795365, 0, 637, 796, 778, 8, 7.28%, 0, 0, 4, 35.93
1746795406, 0, 637, 797, 779, 8, 7.28%, 0, 0, 4, 35.15
1746795421, 0, 637, 798, 780, 8, 7.28%, 0, 0, 4, 35.47
1746795436, 0, 637, 800, 782, 8, 7.28%, 0, 0, 4, 34.87
1746795442, 0, 637, 801, 783, 8, 7.29%, 0, 0, 4, 35.21
1746795447, 0, 637, 802, 784, 8, 7.29%, 0, 0, 4, 34.26
1746795462, 0, 637, 803, 785, 8, 7.29%, 0, 0, 4, 35.05
1746795467, 0, 637, 804, 786, 8, 7.29%, 0, 0, 4, 35.48
1746795498, 0, 637, 805, 787, 8, 7.29%, 0, 0, 4, 35.31
1746795503, 0, 637, 806, 788, 8, 7.29%, 0, 0, 4, 35.45
1746795513, 0, 637, 807, 789, 8, 7.29%, 0, 0, 4, 36.10
1746795523, 0, 637, 808, 790, 8, 7.29%, 0, 0, 4, 35.59
1746795528, 0, 637, 809, 791, 8, 7.29%, 0, 0, 4, 35.78
1746795534, 0, 637, 810, 792, 8, 7.29%, 0, 0, 4, 34.88
1746795539, 0, 637, 811, 793, 8, 7.29%, 0, 0, 4, 35.06
1746795564, 0, 637, 812, 794, 8, 7.29%, 0, 0, 4, 34.67
1746795605, 0, 637, 813, 795, 8, 7.29%, 0, 0, 4, 35.34
1746795616, 0, 637, 814, 796, 8, 7.29%, 0, 0, 4, 35.63
1746795626, 0, 637, 815, 797, 8, 7.29%, 0, 0, 4, 34.85
1746795636, 0, 637, 816, 798, 8, 7.29%, 0, 0, 4, 35.37
1746795667, 0, 637, 818, 800, 8, 7.29%, 0, 0, 4, 34.91
1746795682, 0, 637, 819, 801, 8, 7.29%, 0, 0, 4, 34.32
1746795703, 0, 637, 820, 802, 8, 7.29%, 0, 0, 4, 35.17
1746795739, 0, 637, 821, 803, 8, 7.29%, 0, 0, 4, 35.76
1746795754, 0, 637, 822, 804, 8, 7.29%, 0, 0, 4, 35.37
1746795769, 0, 637, 824, 806, 8, 7.29%, 0, 0, 4, 35.78
1746795780, 0, 637, 826, 808, 8, 7.30%, 0, 0, 4, 35.61
1746795816, 0, 637, 827, 809, 8, 7.30%, 0, 0, 4, 35.06
1746795831, 0, 637, 828, 810, 8, 7.30%, 0, 0, 4, 35.88
1746795836, 0, 637, 829, 811, 8, 7.30%, 0, 0, 4, 35.70
1746795862, 0, 637, 830, 812, 8, 7.30%, 0, 0, 4, 35.13
1746795898, 0, 637, 831, 813, 8, 7.30%, 0, 0, 4, 36.11
1746795913, 0, 639, 831, 812, 21, 7.30%, 0, 0, 4, 45.92
1746796260, 0, 666, 831, 811, 20, 7.30%, 0, 0, 4, 50.43
1746796270, 0, 666, 832, 812, 20, 7.30%, 0, 0, 4, 33.12
1746796301, 0, 666, 833, 813, 20, 7.30%, 0, 0, 4, 32.22
1746796317, 0, 666, 834, 814, 20, 7.30%, 0, 0, 4, 32.39
1746796327, 0, 666, 835, 815, 20, 7.30%, 0, 0, 4, 32.34
1746796426, 0, 666, 836, 816, 20, 7.30%, 0, 0, 4, 32.28
1746797790, 0, 666, 837, 817, 20, 7.30%, 0, 0, 4, 32.40
1746797821, 0, 666, 839, 819, 20, 7.30%, 0, 0, 4, 32.29
1746797858, 0, 666, 841, 821, 20, 7.30%, 0, 0, 4, 34.45
1746797863, 0, 666, 844, 824, 20, 7.30%, 0, 0, 4, 36.42
1746797868, 0, 666, 846, 826, 20, 7.30%, 0, 0, 4, 37.26
1746797873, 0, 666, 848, 828, 20, 7.30%, 0, 0, 4, 36.84
1746797878, 0, 666, 850, 830, 20, 7.30%, 0, 0, 4, 36.68
1746797883, 0, 666, 852, 832, 20, 7.30%, 0, 0, 4, 36.44
1746797888, 0, 666, 855, 835, 20, 7.30%, 0, 0, 4, 36.44
1746797894, 0, 666, 857, 837, 20, 7.30%, 0, 0, 4, 36.29
1746797899, 0, 666, 858, 838, 20, 7.30%, 0, 0, 4, 36.64
1746797904, 0, 666, 859, 839, 20, 7.30%, 0, 0, 4, 37.00
1746797909, 0, 666, 860, 840, 20, 7.30%, 0, 0, 4, 36.43
1746797919, 0, 666, 862, 842, 20, 7.30%, 0, 0, 4, 36.51
1746797924, 0, 666, 863, 843, 20, 7.30%, 0, 0, 4, 37.59
1746797929, 0, 666, 866, 846, 20, 7.30%, 0, 0, 4, 36.74
1746797935, 0, 666, 867, 847, 20, 7.30%, 0, 0, 4, 37.68
1746797945, 0, 666, 869, 849, 20, 7.30%, 0, 0, 4, 38.27
1746797950, 0, 666, 871, 851, 20, 7.30%, 0, 0, 4, 37.79
1746797955, 0, 666, 872, 852, 20, 7.30%, 0, 0, 4, 37.35
1746798026, 0, 666, 873, 853, 20, 7.31%, 0, 0, 4, 36.66
1746798032, 0, 666, 875, 855, 20, 7.31%, 0, 0, 4, 36.48
1746798037, 0, 666, 876, 856, 20, 7.31%, 0, 0, 4, 36.61
1746798098, 0, 666, 877, 857, 20, 7.31%, 0, 0, 4, 36.93
1746798103, 0, 666, 878, 858, 20, 7.31%, 0, 0, 4, 37.20
1746798108, 0, 666, 879, 859, 20, 7.31%, 0, 0, 4, 36.36
1746798124, 0, 666, 881, 861, 20, 7.31%, 0, 0, 4, 36.91
1746798150, 0, 666, 882, 862, 20, 7.31%, 0, 0, 4, 36.85
1746798155, 0, 666, 883, 863, 20, 7.31%, 0, 0, 4, 37.36
1746798211, 0, 666, 884, 864, 20, 7.31%, 0, 0, 4, 36.71
1746798242, 0, 666, 885, 865, 20, 7.31%, 0, 0, 4, 37.29
1746798247, 0, 666, 886, 866, 20, 7.31%, 0, 0, 4, 36.89
1746798273, 0, 666, 887, 867, 20, 7.31%, 0, 0, 4, 37.82
1746798278, 0, 666, 890, 870, 20, 7.31%, 0, 0, 4, 37.00
1746798288, 0, 666, 891, 871, 20, 7.31%, 0, 0, 4, 36.82
1746798298, 0, 666, 892, 872, 20, 7.31%, 0, 0, 4, 37.53
1746798339, 0, 666, 894, 874, 20, 7.31%, 0, 0, 4, 35.65
1746798406, 0, 666, 895, 875, 20, 7.31%, 0, 0, 4, 36.88
1746798421, 0, 666, 896, 876, 20, 7.31%, 0, 0, 4, 36.98
1746798426, 0, 666, 897, 877, 20, 7.31%, 0, 0, 4, 36.85
1746798519, 0, 666, 898, 878, 20, 7.31%, 0, 0, 4, 36.55
1746798529, 0, 728, 898, 877, 20, 7.31%, 0, 0, 4, 38.77
1746799131, 0, 730, 898, 876, 19, 7.31%, 0, 0, 4, 55.52
1746799806, 0, 733, 898, 875, 19, 7.31%, 0, 0, 4, 51.93
1746799857, 0, 733, 899, 876, 19, 7.31%, 0, 0, 5, 39.06
1746800891, 0, 733, 900, 877, 19, 7.31%, 0, 0, 5, 41.31
1746800956, 0, 733, 901, 878, 19, 7.31%, 0, 0, 5, 46.67
1746801007, 0, 733, 902, 879, 19, 7.31%, 0, 0, 5, 45.69
1746801073, 0, 733, 903, 880, 19, 7.31%, 0, 0, 5, 45.83
1746801180, 0, 733, 904, 881, 19, 7.31%, 0, 0, 5, 45.32
1746801322, 0, 733, 905, 882, 19, 7.31%, 0, 0, 5, 45.86
1746801362, 0, 733, 906, 883, 19, 7.31%, 0, 0, 5, 45.32
1746801368, 0, 733, 907, 884, 19, 7.31%, 0, 0, 5, 45.25
1746801388, 0, 733, 908, 885, 19, 7.31%, 0, 0, 5, 45.38
1746801398, 0, 733, 909, 886, 19, 7.31%, 0, 0, 5, 44.83
1746801428, 0, 740, 909, 885, 21, 7.31%, 0, 0, 5, 45.66
1746801439, 0, 740, 910, 886, 21, 7.31%, 0, 0, 5, 41.45
1746801464, 0, 740, 911, 887, 21, 7.31%, 0, 0, 5, 41.53
1746802338, 0, 740, 912, 888, 21, 7.31%, 0, 0, 5, 48.65
1746802368, 0, 740, 913, 889, 21, 7.37%, 0, 0, 5, 48.80
1746802419, 0, 740, 914, 890, 21, 7.37%, 0, 0, 5, 48.31
1746802424, 0, 740, 915, 891, 21, 7.38%, 0, 0, 5, 49.26
1746802444, 0, 740, 916, 892, 21, 7.38%, 0, 0, 5, 48.37
1746802459, 0, 740, 917, 893, 21, 7.38%, 0, 0, 5, 49.21
1746802469, 0, 740, 918, 894, 21, 7.38%, 0, 0, 5, 48.36
1746802489, 0, 740, 919, 895, 21, 7.38%, 0, 0, 5, 48.04
1746802505, 0, 740, 920, 896, 21, 7.38%, 0, 0, 5, 48.65
1746802520, 0, 740, 921, 897, 21, 7.41%, 0, 0, 5, 49.05
1746802570, 0, 740, 922, 898, 21, 7.41%, 0, 0, 5, 49.78
1746802661, 0, 740, 923, 899, 21, 7.41%, 0, 0, 5, 49.57
1746802747, 0, 740, 924, 900, 21, 7.42%, 0, 0, 5, 47.31
1746802768, 0, 740, 925, 901, 21, 7.42%, 0, 0, 5, 48.33
1746802874, 0, 740, 926, 902, 21, 7.42%, 0, 0, 5, 48.77
1746802991, 0, 742, 926, 901, 21, 7.42%, 0, 0, 5, 41.54
1746804462, 0, 742, 927, 902, 21, 7.42%, 0, 0, 5, 39.51
1746804467, 0, 742, 928, 903, 21, 7.42%, 0, 0, 5, 40.13
1746804473, 0, 742, 929, 904, 21, 7.42%, 0, 0, 5, 39.89
1746804503, 0, 742, 930, 905, 21, 7.42%, 0, 0, 5, 39.12
1746804529, 0, 742, 931, 906, 21, 7.42%, 0, 0, 5, 40.00
1746804554, 0, 742, 932, 907, 21, 7.42%, 0, 0, 5, 39.34
1746804570, 0, 742, 933, 908, 21, 7.42%, 0, 0, 5, 38.80
1746804636, 0, 742, 934, 909, 21, 7.42%, 0, 0, 5, 39.02
1746804687, 0, 742, 935, 910, 21, 7.42%, 0, 0, 5, 39.72
1746804728, 0, 742, 936, 911, 21, 7.42%, 0, 0, 5, 39.27
1746804754, 0, 742, 937, 912, 21, 7.42%, 0, 0, 5, 39.75
1746804759, 0, 742, 938, 913, 21, 7.42%, 0, 0, 5, 39.45
1746804769, 0, 742, 939, 914, 21, 7.42%, 0, 0, 5, 38.96
1746804784, 0, 742, 940, 915, 21, 7.42%, 0, 0, 5, 38.43
1746804876, 0, 742, 941, 916, 21, 7.42%, 0, 0, 5, 39.28
1746804897, 0, 742, 942, 917, 21, 7.42%, 0, 0, 5, 38.97
1746804968, 0, 742, 943, 918, 21, 7.42%, 0, 0, 5, 40.53
1746804974, 0, 742, 944, 919, 21, 7.42%, 0, 0, 5, 38.73
1746805004, 0, 742, 945, 920, 21, 7.42%, 0, 0, 5, 39.06
1746805035, 0, 742, 946, 921, 21, 7.42%, 0, 0, 5, 40.02
1746805060, 0, 742, 947, 922, 21, 7.42%, 0, 0, 5, 39.42
1746805071, 0, 753, 947, 921, 22, 7.42%, 0, 0, 5, 48.21
1746805586, 0, 776, 947, 920, 21, 7.42%, 0, 0, 5, 44.72
1746805606, 0, 776, 949, 922, 21, 7.43%, 0, 0, 5, 29.41
1746805612, 0, 776, 950, 923, 21, 7.43%, 0, 0, 5, 29.35
1746805637, 0, 776, 951, 924, 21, 7.43%, 0, 0, 5, 29.36
1746805846, 0, 776, 952, 925, 21, 7.43%, 0, 0, 5, 29.54
1746805897, 0, 776, 953, 926, 21, 7.43%, 0, 0, 5, 29.58
1746807611, 0, 776, 954, 927, 21, 7.43%, 0, 0, 5, 29.72
1746807738, 0, 776, 956, 929, 21, 7.43%, 0, 0, 5, 33.20
1746807744, 0, 776, 957, 930, 21, 7.43%, 0, 0, 5, 32.81
1746807749, 0, 776, 958, 931, 21, 7.44%, 0, 0, 5, 33.80
1746807759, 0, 776, 959, 932, 21, 7.44%, 0, 0, 5, 32.62
1746807780, 0, 776, 960, 933, 21, 7.44%, 0, 0, 5, 33.74
1746807785, 0, 776, 961, 934, 21, 7.44%, 0, 0, 5, 32.86
1746807795, 0, 776, 962, 935, 21, 7.44%, 0, 0, 5, 32.94
1746807815, 0, 776, 963, 936, 21, 7.44%, 0, 0, 5, 33.14
1746807851, 0, 776, 964, 937, 21, 7.44%, 0, 0, 5, 33.71
1746807862, 0, 776, 965, 938, 21, 7.44%, 0, 0, 5, 33.16
1746807867, 0, 776, 966, 939, 21, 7.44%, 0, 0, 5, 32.26
1746807882, 0, 776, 967, 940, 21, 7.45%, 0, 0, 5, 32.79
1746807903, 0, 776, 968, 941, 21, 7.45%, 0, 0, 5, 32.45
1746807908, 0, 776, 969, 942, 21, 7.45%, 0, 0, 5, 33.33
1746807929, 0, 776, 970, 943, 21, 7.45%, 0, 0, 5, 32.51
1746807975, 0, 776, 972, 945, 21, 7.45%, 0, 0, 5, 33.47
1746808001, 0, 776, 973, 946, 21, 7.45%, 0, 0, 5, 33.83
1746808006, 0, 776, 974, 947, 21, 7.45%, 0, 0, 5, 33.24
1746808042, 0, 776, 975, 948, 21, 7.45%, 0, 0, 5, 32.45
1746808073, 0, 776, 976, 949, 21, 7.45%, 0, 0, 5, 33.39
1746808088, 0, 776, 977, 950, 21, 7.45%, 0, 0, 5, 33.06
1746808103, 0, 776, 978, 951, 21, 7.45%, 0, 0, 5, 32.37
1746808160, 0, 776, 979, 952, 21, 7.45%, 0, 0, 5, 33.18
1746808185, 0, 776, 980, 953, 21, 7.45%, 0, 0, 5, 33.10
1746808278, 0, 776, 981, 954, 21, 7.45%, 0, 0, 5, 32.92
1746808365, 0, 776, 983, 956, 21, 7.45%, 0, 0, 5, 33.80
1746808437, 0, 776, 984, 957, 21, 7.45%, 0, 0, 5, 33.80
1746808478, 0, 824, 984, 956, 23, 7.45%, 0, 0, 5, 32.36
1746810320, 0, 824, 985, 957, 23, 7.45%, 0, 0, 5, 35.03
1746810331, 0, 824, 986, 958, 23, 7.45%, 0, 0, 5, 36.10
1746810367, 0, 824, 987, 959, 23, 7.45%, 0, 0, 5, 35.48
1746810382, 0, 824, 988, 960, 23, 7.45%, 0, 0, 5, 35.47
1746810439, 0, 824, 989, 961, 23, 7.45%, 0, 0, 5, 35.51
1746810495, 0, 824, 990, 962, 23, 7.45%, 0, 0, 5, 35.93
1746810557, 0, 824, 991, 963, 23, 7.53%, 0, 0, 5, 34.88
1746810567, 0, 824, 992, 964, 23, 7.53%, 0, 0, 5, 36.20
1746810751, 0, 824, 993, 965, 23, 7.53%, 0, 0, 5, 35.76
1746810757, 0, 824, 994, 966, 23, 7.53%, 0, 0, 5, 35.79
1746810787, 0, 824, 995, 967, 23, 7.53%, 0, 0, 5, 35.64
1746810925, 0, 824, 996, 968, 23, 7.53%, 0, 0, 5, 35.76
1746810941, 0, 824, 997, 969, 23, 7.53%, 0, 0, 5, 35.33
1746810946, 0, 824, 998, 970, 23, 7.53%, 0, 0, 5, 35.12
1746810956, 0, 824, 999, 971, 23, 7.53%, 0, 0, 5, 35.67
1746810976, 0, 824, 1000, 972, 23, 7.53%, 0, 0, 5, 36.03
1746811002, 0, 829, 1000, 971, 22, 7.53%, 0, 0, 5, 34.04
1746813124, 0, 829, 1001, 972, 22, 7.53%, 0, 0, 5, 33.52
1746813145, 0, 829, 1002, 973, 22, 7.53%, 0, 0, 5, 33.43
1746813170, 0, 829, 1003, 974, 22, 7.53%, 0, 0, 5, 32.66
1746813222, 0, 829, 1004, 975, 22, 7.53%, 0, 0, 5, 33.92
1746813309, 0, 829, 1005, 976, 22, 7.53%, 0, 0, 5, 33.55
1746813848, 0, 838, 1005, 975, 22, 7.53%, 0, 0, 5, 33.73
1746815492, 0, 871, 1005, 974, 21, 7.53%, 0, 0, 5, 36.29
1746816864, 0, 881, 1005, 973, 20, 7.53%, 0, 0, 5, 39.90
1746817107, 0, 881, 1006, 974, 20, 7.53%, 0, 0, 5, 32.43
1746818486, 0, 896, 1006, 973, 20, 7.53%, 0, 0, 5, 37.61
1746820820, 0, 900, 1006, 972, 19, 7.53%, 0, 0, 5, 37.78
1746821896, 0, 901, 1006, 971, 18, 7.53%, 0, 0, 5, 44.42
1746822043, 0, 901, 1007, 972, 18, 7.53%, 0, 0, 6, 40.66
1746822932, 0, 919, 1007, 971, 17, 7.53%, 0, 0, 6, 43.15
1746822953, 0, 919, 1008, 972, 17, 7.53%, 0, 0, 6, 39.70
1746824023, 0, 920, 1008, 971, 17, 7.53%, 0, 0, 6, 41.14
1746824070, 0, 920, 1009, 972, 17, 7.53%, 0, 0, 6, 32.38
1746824075, 0, 920, 1010, 973, 17, 7.53%, 0, 0, 6, 32.30
1746824086, 0, 920, 1013, 976, 17, 7.53%, 0, 0, 6, 32.26
1746824096, 0, 920, 1014, 977, 17, 7.53%, 0, 0, 6, 32.21
1746824163, 0, 920, 1015, 978, 17, 7.53%, 0, 0, 6, 32.22
1746824673, 0, 920, 1017, 980, 17, 7.53%, 0, 0, 6, 32.17
1746824678, 0, 920, 1018, 981, 17, 7.53%, 0, 0, 6, 32.15
1746824688, 0, 920, 1019, 982, 17, 7.53%, 0, 0, 6, 32.24
1746825565, 0, 920, 1020, 983, 17, 7.53%, 0, 0, 6, 36.90
1746825596, 0, 920, 1021, 984, 17, 7.54%, 0, 0, 6, 37.44
1746825601, 0, 920, 1022, 985, 17, 7.54%, 0, 0, 6, 37.40
1746825616, 0, 920, 1023, 986, 17, 7.54%, 0, 0, 6, 38.27
1746825683, 0, 920, 1024, 987, 17, 7.54%, 0, 0, 6, 37.53
1746825703, 0, 920, 1025, 988, 17, 7.54%, 0, 0, 6, 38.13
1746825729, 0, 920, 1026, 989, 17, 7.54%, 0, 0, 6, 37.55
1746825754, 0, 920, 1027, 990, 17, 7.54%, 0, 0, 6, 36.92
1746825800, 0, 920, 1028, 991, 17, 7.54%, 0, 0, 6, 38.12
1746825882, 0, 920, 1029, 992, 17, 7.54%, 0, 0, 6, 38.27
1746825908, 0, 920, 1030, 993, 17, 7.54%, 0, 0, 6, 36.71
1746825913, 0, 920, 1031, 994, 17, 7.54%, 0, 0, 6, 37.07
1746825918, 0, 920, 1032, 995, 17, 7.54%, 0, 0, 6, 37.56
1746825954, 0, 920, 1033, 996, 17, 7.54%, 0, 0, 6, 36.69
1746825979, 0, 920, 1034, 997, 17, 7.54%, 0, 0, 6, 38.13
1746825984, 0, 920, 1035, 998, 17, 7.54%, 0, 0, 6, 37.46
1746826061, 0, 920, 1036, 999, 17, 7.54%, 0, 0, 6, 37.56
1746826082, 0, 920, 1038, 1001, 17, 7.54%, 0, 0, 6, 37.39
1746826112, 0, 920, 1039, 1002, 17, 7.54%, 0, 0, 6, 37.09
1746826133, 0, 920, 1040, 1003, 17, 7.54%, 0, 0, 6, 37.77
1746826194, 0, 925, 1040, 1002, 18, 7.54%, 0, 0, 6, 38.78
1746827404, 0, 931, 1040, 1001, 17, 7.54%, 0, 0, 6, 39.66
1746827425, 0, 931, 1041, 1002, 17, 7.54%, 0, 0, 6, 32.37
1746827430, 0, 931, 1042, 1003, 17, 7.54%, 0, 0, 6, 32.16
1746827475, 0, 931, 1044, 1005, 17, 7.54%, 0, 0, 6, 32.06
1746828339, 0, 931, 1045, 1006, 17, 7.54%, 0, 0, 6, 32.52
