# unix_time, cycles_done, cur_path, paths_total, pending_total, pending_favs, map_size, unique_crashes, unique_hangs, max_depth, execs_per_sec
1746612043, 0, 0, 1, 1, 1, 3.78%, 0, 0, 1, 87.91
1746612049, 0, 0, 43, 43, 1, 4.97%, 0, 0, 2, 115.89
1746612054, 0, 0, 70, 70, 1, 5.01%, 0, 0, 2, 126.00
1746612059, 0, 0, 90, 90, 1, 5.01%, 0, 0, 2, 126.58
1746612064, 0, 0, 101, 101, 1, 5.01%, 0, 0, 2, 132.36
1746612069, 0, 0, 117, 117, 1, 5.06%, 0, 0, 2, 127.47
1746612074, 0, 0, 127, 127, 1, 5.07%, 0, 0, 2, 130.86
1746612079, 0, 0, 138, 138, 1, 5.07%, 0, 0, 2, 131.89
1746612084, 0, 0, 152, 152, 1, 5.07%, 0, 0, 2, 129.50
1746612090, 0, 0, 157, 157, 1, 5.07%, 0, 0, 2, 136.07
1746612095, 0, 0, 166, 166, 1, 5.07%, 0, 0, 2, 132.58
1746612100, 0, 0, 177, 177, 1, 5.07%, 0, 0, 2, 133.27
1746612105, 0, 0, 181, 181, 1, 5.07%, 0, 0, 2, 136.39
1746612110, 0, 0, 186, 186, 1, 5.07%, 0, 0, 2, 137.71
1746612115, 0, 0, 194, 194, 1, 5.07%, 0, 0, 2, 131.28
1746612120, 0, 0, 199, 199, 1, 5.08%, 0, 0, 2, 135.93
1746612125, 0, 0, 204, 204, 1, 5.08%, 0, 0, 2, 135.12
1746612130, 0, 0, 212, 212, 1, 5.10%, 0, 0, 2, 133.15
1746612135, 0, 0, 219, 219, 1, 5.10%, 0, 0, 2, 133.71
1746612141, 0, 0, 223, 223, 1, 5.10%, 0, 0, 2, 136.32
1746612146, 0, 0, 227, 227, 1, 5.10%, 0, 0, 2, 134.70
1746612151, 0, 0, 229, 229, 1, 5.10%, 0, 0, 2, 137.20
1746612156, 0, 0, 230, 230, 1, 5.10%, 0, 0, 2, 139.48
1746612161, 0, 0, 232, 232, 1, 5.10%, 0, 0, 2, 138.29
1746612166, 0, 0, 238, 238, 1, 5.10%, 0, 0, 2, 135.06
1746612171, 0, 0, 241, 241, 1, 5.11%, 0, 0, 2, 137.44
1746612177, 0, 0, 246, 246, 1, 5.11%, 0, 0, 2, 136.26
1746612182, 0, 1, 249, 248, 16, 5.11%, 0, 0, 2, 137.49
1746612187, 0, 1, 251, 250, 16, 5.11%, 0, 0, 3, 136.90
1746612192, 0, 1, 254, 253, 16, 5.13%, 0, 0, 3, 134.64
1746612197, 0, 1, 256, 255, 16, 5.13%, 0, 0, 3, 137.16
1746612202, 0, 1, 259, 258, 16, 5.13%, 0, 0, 3, 135.43
1746612208, 0, 1, 262, 261, 16, 5.13%, 0, 0, 3, 134.35
1746612213, 0, 1, 263, 262, 16, 5.13%, 0, 0, 3, 137.66
1746612218, 0, 1, 266, 265, 16, 5.13%, 0, 0, 3, 138.48
1746612223, 0, 1, 269, 268, 16, 5.13%, 0, 0, 3, 137.76
1746612228, 0, 1, 271, 270, 16, 5.13%, 0, 0, 3, 137.99
1746612233, 0, 1, 273, 272, 16, 5.13%, 0, 0, 3, 137.99
1746612238, 0, 1, 275, 274, 16, 5.13%, 0, 0, 3, 136.82
1746612244, 0, 1, 278, 277, 16, 5.13%, 0, 0, 3, 136.70
1746612249, 0, 1, 279, 278, 16, 5.13%, 0, 0, 3, 139.08
1746612269, 0, 1, 281, 280, 16, 5.13%, 0, 0, 3, 137.00
1746612274, 0, 1, 282, 281, 16, 5.13%, 0, 0, 3, 137.56
1746612285, 0, 1, 283, 282, 16, 5.13%, 0, 0, 3, 139.87
1746612290, 0, 1, 284, 283, 16, 5.13%, 0, 0, 3, 139.41
1746612295, 0, 1, 286, 285, 16, 5.13%, 0, 0, 3, 137.61
1746612306, 0, 5, 287, 285, 12, 5.13%, 0, 0, 3, 126.46
1746612342, 0, 5, 288, 286, 12, 5.13%, 0, 0, 3, 121.13
1746612347, 0, 5, 292, 290, 12, 5.13%, 0, 0, 3, 121.61
1746612352, 0, 5, 293, 291, 12, 5.13%, 0, 0, 3, 123.55
1746612357, 0, 5, 296, 294, 12, 5.13%, 0, 0, 3, 123.08
1746612362, 0, 5, 298, 296, 12, 5.13%, 0, 0, 3, 122.32
1746612367, 0, 5, 299, 297, 12, 5.13%, 0, 0, 3, 125.27
1746612372, 0, 5, 301, 299, 12, 5.13%, 0, 0, 3, 124.17
1746612378, 0, 5, 302, 300, 12, 5.13%, 0, 0, 3, 124.75
1746612383, 0, 5, 307, 305, 12, 5.13%, 0, 0, 3, 119.75
1746612388, 0, 5, 310, 308, 12, 5.13%, 0, 0, 3, 120.39
1746612393, 0, 5, 313, 311, 12, 5.13%, 0, 0, 3, 120.23
1746612398, 0, 5, 315, 313, 12, 5.13%, 0, 0, 3, 124.72
1746612403, 0, 5, 316, 314, 12, 5.13%, 0, 0, 3, 124.45
1746612408, 0, 5, 318, 316, 12, 5.13%, 0, 0, 3, 122.52
1746612419, 0, 5, 319, 317, 12, 5.13%, 0, 0, 3, 124.98
1746612429, 0, 5, 320, 318, 12, 5.13%, 0, 0, 3, 123.21
1746612434, 0, 5, 324, 322, 12, 5.13%, 0, 0, 3, 120.51
1746612444, 0, 5, 326, 324, 12, 5.13%, 0, 0, 3, 119.79
1746612455, 0, 5, 328, 326, 12, 5.13%, 0, 0, 3, 122.85
1746612470, 0, 5, 329, 327, 12, 5.13%, 0, 0, 3, 126.27
1746612475, 0, 46, 329, 326, 11, 5.13%, 0, 0, 3, 120.97
1746612526, 0, 49, 331, 327, 10, 5.13%, 0, 0, 3, 103.62
1746612531, 0, 49, 335, 331, 10, 5.13%, 0, 0, 3, 94.29
1746612547, 0, 49, 336, 332, 10, 5.13%, 0, 0, 3, 92.22
1746612645, 0, 49, 343, 339, 10, 5.13%, 0, 0, 3, 93.78
1746612650, 0, 49, 351, 347, 10, 5.13%, 0, 0, 3, 95.60
1746612655, 0, 49, 353, 349, 10, 5.13%, 0, 0, 3, 100.18
1746612660, 0, 49, 358, 354, 10, 5.13%, 0, 0, 3, 98.66
1746612665, 0, 49, 359, 355, 10, 5.13%, 0, 0, 3, 103.26
1746612670, 0, 49, 360, 356, 10, 5.13%, 0, 0, 3, 104.67
1746612675, 0, 49, 363, 359, 10, 5.13%, 0, 0, 3, 102.76
1746612680, 0, 49, 365, 361, 10, 5.13%, 0, 0, 3, 102.26
1746612685, 0, 49, 367, 363, 10, 5.13%, 0, 0, 3, 102.87
1746612695, 0, 49, 369, 365, 10, 5.13%, 0, 0, 3, 102.68
1746612700, 0, 49, 370, 366, 10, 5.13%, 0, 0, 3, 103.38
1746612706, 0, 49, 372, 368, 10, 5.13%, 0, 0, 3, 103.75
1746612711, 0, 49, 373, 369, 10, 5.13%, 0, 0, 3, 102.22
1746612721, 0, 49, 375, 371, 10, 5.13%, 0, 0, 3, 101.97
1746612726, 0, 49, 376, 372, 10, 5.13%, 0, 0, 3, 103.16
1746612731, 0, 49, 377, 373, 10, 5.13%, 0, 0, 3, 102.21
1746612736, 0, 49, 379, 375, 10, 5.13%, 0, 0, 3, 103.87
1746612741, 0, 49, 380, 376, 10, 5.13%, 0, 0, 3, 101.85
1746612746, 0, 49, 381, 377, 10, 5.13%, 0, 0, 3, 102.32
1746612751, 0, 49, 383, 379, 10, 5.13%, 0, 0, 3, 100.88
1746612756, 0, 49, 384, 380, 10, 5.13%, 0, 0, 3, 103.08
1746612761, 0, 49, 385, 381, 10, 5.13%, 0, 0, 3, 103.56
1746612772, 0, 49, 386, 382, 10, 5.14%, 0, 0, 3, 102.92
1746612777, 0, 49, 387, 383, 10, 5.14%, 0, 0, 3, 104.80
1746612787, 0, 49, 388, 384, 10, 5.14%, 0, 0, 3, 103.28
1746612797, 0, 49, 389, 385, 10, 5.14%, 0, 0, 3, 103.53
1746612807, 0, 93, 389, 384, 10, 5.14%, 0, 0, 3, 100.72
1746612942, 0, 93, 391, 386, 10, 5.14%, 0, 0, 3, 104.68
1746612947, 0, 93, 393, 388, 10, 5.14%, 0, 0, 3, 106.10
1746612953, 0, 93, 395, 390, 10, 5.22%, 0, 0, 3, 103.37
1746612958, 0, 93, 398, 393, 10, 5.22%, 0, 0, 3, 103.20
1746612963, 0, 93, 399, 394, 10, 5.22%, 0, 0, 3, 106.51
1746612973, 0, 93, 400, 395, 10, 5.22%, 0, 0, 3, 105.02
1746612978, 0, 93, 401, 396, 10, 5.22%, 0, 0, 3, 104.49
1746612988, 0, 93, 403, 398, 10, 5.22%, 0, 0, 3, 105.11
1746613003, 0, 93, 406, 401, 10, 5.22%, 0, 0, 3, 104.12
1746613008, 0, 93, 407, 402, 10, 5.22%, 0, 0, 3, 104.84
1746613013, 0, 93, 408, 403, 10, 5.23%, 0, 0, 3, 105.85
1746613018, 0, 93, 411, 406, 10, 5.23%, 0, 0, 3, 104.84
1746613028, 0, 93, 412, 407, 10, 5.23%, 0, 0, 3, 104.76
1746613038, 0, 93, 413, 408, 10, 5.23%, 0, 0, 3, 104.93
1746613044, 0, 93, 414, 409, 10, 5.23%, 0, 0, 3, 106.79
1746613049, 0, 93, 415, 410, 10, 5.23%, 0, 0, 3, 106.35
1746613064, 0, 93, 416, 411, 10, 5.23%, 0, 0, 3, 105.04
1746613080, 0, 93, 417, 412, 10, 5.23%, 0, 0, 3, 105.32
1746613085, 0, 93, 418, 413, 10, 5.23%, 0, 0, 3, 105.19
1746613095, 0, 95, 419, 413, 12, 5.23%, 0, 0, 3, 104.21
1746613187, 0, 112, 419, 412, 12, 5.23%, 0, 0, 3, 82.67
1746613555, 0, 112, 426, 419, 12, 5.23%, 0, 0, 3, 69.80
1746613560, 0, 112, 432, 425, 12, 5.23%, 0, 0, 3, 73.35
1746613565, 0, 112, 439, 432, 12, 5.23%, 0, 0, 3, 73.11
1746613570, 0, 112, 444, 437, 12, 5.23%, 0, 0, 3, 72.05
1746613575, 0, 112, 448, 441, 12, 5.23%, 0, 0, 3, 74.73
1746613581, 0, 112, 453, 446, 12, 5.23%, 0, 0, 3, 75.08
1746613586, 0, 112, 458, 451, 12, 5.23%, 0, 0, 3, 73.36
1746613591, 0, 112, 460, 453, 12, 5.23%, 0, 0, 3, 74.55
1746613596, 0, 112, 463, 456, 12, 5.90%, 0, 0, 3, 75.99
1746613601, 0, 112, 465, 458, 12, 5.90%, 0, 0, 3, 76.27
1746613606, 0, 112, 468, 461, 12, 5.90%, 0, 0, 3, 73.87
1746613611, 0, 112, 470, 463, 12, 5.90%, 0, 0, 3, 77.48
1746613617, 0, 112, 472, 465, 12, 5.90%, 0, 0, 3, 75.25
1746613627, 0, 112, 474, 467, 12, 5.90%, 0, 0, 3, 76.16
1746613632, 0, 112, 475, 468, 12, 5.90%, 0, 0, 3, 76.24
1746613637, 0, 112, 479, 472, 12, 5.90%, 0, 0, 3, 73.67
1746613642, 0, 112, 483, 476, 12, 5.90%, 0, 0, 3, 72.14
1746613648, 0, 112, 487, 480, 12, 5.90%, 0, 0, 3, 73.66
1746613653, 0, 112, 488, 481, 12, 5.90%, 0, 0, 3, 77.05
1746613658, 0, 112, 491, 484, 12, 5.90%, 0, 0, 3, 75.66
1746613663, 0, 112, 494, 487, 12, 5.90%, 0, 0, 3, 75.53
1746613668, 0, 112, 495, 488, 12, 5.90%, 0, 0, 3, 75.01
1746613679, 0, 112, 496, 489, 12, 5.90%, 0, 0, 3, 76.50
1746613684, 0, 112, 498, 491, 12, 5.90%, 0, 0, 3, 75.78
1746613689, 0, 112, 500, 493, 12, 5.90%, 0, 0, 3, 74.60
1746613694, 0, 112, 502, 495, 12, 5.90%, 0, 0, 3, 76.00
1746613709, 0, 112, 503, 496, 12, 5.90%, 0, 0, 3, 76.00
1746613720, 0, 112, 505, 498, 12, 5.90%, 0, 0, 3, 75.98
1746613725, 0, 112, 507, 500, 12, 5.90%, 0, 0, 3, 74.81
1746613735, 0, 112, 509, 502, 12, 5.90%, 0, 0, 3, 75.48
1746613745, 0, 112, 512, 505, 12, 5.90%, 0, 0, 3, 74.43
1746613756, 0, 112, 513, 506, 12, 5.90%, 0, 0, 3, 74.82
1746613761, 0, 112, 514, 507, 12, 6.01%, 0, 0, 3, 76.22
1746613766, 0, 112, 515, 508, 12, 6.01%, 0, 0, 3, 76.84
1746613771, 0, 112, 516, 509, 12, 6.08%, 0, 0, 3, 78.11
1746613781, 0, 130, 516, 508, 8, 6.08%, 0, 0, 3, 105.06
1746613832, 0, 217, 516, 507, 7, 6.08%, 0, 0, 3, 113.34
1746613924, 0, 225, 516, 506, 7, 6.08%, 0, 0, 3, 94.76
1746614233, 0, 225, 518, 508, 7, 6.08%, 0, 0, 3, 75.19
1746614238, 0, 225, 519, 509, 7, 6.08%, 0, 0, 3, 81.94
1746614284, 0, 249, 519, 508, 6, 6.08%, 0, 0, 3, 94.57
1746614380, 0, 329, 519, 507, 5, 6.08%, 0, 0, 3, 98.46
1746614504, 0, 446, 519, 506, 4, 6.08%, 0, 0, 3, 71.29
1746615081, 0, 446, 521, 508, 4, 6.08%, 0, 0, 4, 65.54
1746615086, 0, 446, 524, 511, 4, 6.08%, 0, 0, 4, 64.46
1746615091, 0, 446, 527, 514, 4, 6.08%, 0, 0, 4, 64.62
1746615102, 0, 446, 530, 517, 4, 6.08%, 0, 0, 4, 65.69
1746615107, 0, 446, 532, 519, 4, 6.08%, 0, 0, 4, 65.77
1746615112, 0, 446, 534, 521, 4, 6.09%, 0, 0, 4, 65.57
1746615117, 0, 446, 535, 522, 4, 6.09%, 0, 0, 4, 65.39
1746615122, 0, 446, 536, 523, 4, 6.09%, 0, 0, 4, 66.86
1746615127, 0, 446, 538, 525, 4, 6.09%, 0, 0, 4, 66.78
1746615132, 0, 446, 539, 526, 4, 6.09%, 0, 0, 4, 64.46
1746615137, 0, 446, 540, 527, 4, 6.09%, 0, 0, 4, 66.42
1746615142, 0, 446, 543, 530, 4, 6.09%, 0, 0, 4, 64.85
1746615148, 0, 446, 546, 533, 4, 6.09%, 0, 0, 4, 63.87
1746615153, 0, 446, 550, 537, 4, 6.09%, 0, 0, 4, 64.10
1746615158, 0, 446, 551, 538, 4, 6.09%, 0, 0, 4, 65.27
1746615163, 0, 446, 552, 539, 4, 6.09%, 0, 0, 4, 65.65
1746615168, 0, 446, 553, 540, 4, 6.09%, 0, 0, 4, 65.45
1746615179, 0, 446, 554, 541, 4, 6.09%, 0, 0, 4, 66.23
1746615184, 0, 446, 555, 542, 4, 6.09%, 0, 0, 4, 66.50
1746615189, 0, 446, 556, 543, 4, 6.09%, 0, 0, 4, 66.17
1746615194, 0, 446, 557, 544, 4, 6.09%, 0, 0, 4, 64.76
1746615225, 0, 446, 558, 545, 4, 6.09%, 0, 0, 4, 66.83
1746615235, 0, 446, 561, 548, 4, 6.09%, 0, 0, 4, 63.95
1746615241, 0, 446, 564, 551, 4, 6.09%, 0, 0, 4, 64.80
1746615246, 0, 446, 568, 555, 4, 6.09%, 0, 0, 4, 63.84
1746615251, 0, 446, 570, 557, 4, 6.09%, 0, 0, 4, 65.74
1746615256, 0, 446, 571, 558, 4, 6.09%, 0, 0, 4, 63.62
1746615266, 0, 446, 573, 560, 4, 6.09%, 0, 0, 4, 67.32
1746615271, 0, 446, 574, 561, 4, 6.09%, 0, 0, 4, 66.02
1746615277, 0, 446, 576, 563, 4, 6.09%, 0, 0, 4, 65.53
1746615282, 0, 446, 577, 564, 4, 6.09%, 0, 0, 4, 66.07
1746615287, 0, 446, 578, 565, 4, 6.09%, 0, 0, 4, 65.57
1746615292, 0, 446, 579, 566, 4, 6.09%, 0, 0, 4, 67.50
1746615297, 0, 446, 580, 567, 4, 6.09%, 0, 0, 4, 66.55
1746615308, 0, 446, 581, 568, 4, 6.09%, 0, 0, 4, 67.91
1746615313, 0, 446, 582, 569, 4, 6.09%, 0, 0, 4, 67.68
1746615333, 0, 462, 583, 569, 6, 6.09%, 0, 0, 4, 64.80
1746615785, 0, 513, 583, 568, 6, 6.09%, 0, 0, 4, 69.53
1746615796, 0, 513, 586, 571, 6, 6.09%, 0, 0, 4, 49.35
1746615801, 0, 513, 587, 572, 6, 6.10%, 0, 0, 4, 48.44
1746615806, 0, 513, 595, 580, 6, 6.10%, 0, 0, 4, 50.00
1746615811, 0, 513, 598, 583, 6, 6.10%, 0, 0, 4, 48.50
1746615816, 0, 513, 600, 585, 6, 6.10%, 0, 0, 4, 47.71
1746615821, 0, 513, 602, 587, 6, 6.10%, 0, 0, 4, 48.08
1746615842, 0, 513, 603, 588, 6, 6.10%, 0, 0, 4, 48.92
1746615847, 0, 513, 604, 589, 6, 6.10%, 0, 0, 4, 49.13
1746615878, 0, 513, 605, 590, 6, 6.10%, 0, 0, 4, 49.29
1746615883, 0, 513, 606, 591, 6, 6.10%, 0, 0, 4, 49.49
1746615888, 0, 513, 607, 592, 6, 6.10%, 0, 0, 4, 48.42
1746615904, 0, 513, 608, 593, 6, 6.10%, 0, 0, 4, 49.06
1746615909, 0, 513, 609, 594, 6, 6.10%, 0, 0, 4, 49.90
1746615914, 0, 513, 611, 596, 6, 6.10%, 0, 0, 4, 48.56
1746616414, 0, 513, 612, 597, 6, 6.10%, 0, 0, 4, 48.30
1746616497, 0, 513, 614, 599, 6, 6.10%, 0, 0, 4, 51.09
1746616502, 0, 513, 615, 600, 6, 6.10%, 0, 0, 4, 53.29
1746616548, 0, 513, 616, 601, 6, 6.10%, 0, 0, 4, 48.23
1746616568, 0, 513, 617, 602, 6, 6.10%, 0, 0, 4, 48.23
1746616610, 0, 513, 619, 604, 6, 6.10%, 0, 0, 4, 50.10
1746616615, 0, 513, 629, 614, 6, 6.10%, 0, 0, 4, 54.50
1746616620, 0, 513, 635, 620, 6, 6.10%, 0, 0, 4, 55.89
1746616625, 0, 513, 644, 629, 6, 6.14%, 0, 0, 4, 56.82
1746616630, 0, 513, 651, 636, 6, 6.14%, 0, 0, 4, 57.09
1746616635, 0, 513, 655, 640, 6, 6.14%, 0, 0, 4, 57.34
1746616640, 0, 513, 656, 641, 6, 6.14%, 0, 0, 4, 56.67
1746616646, 0, 513, 661, 646, 6, 6.14%, 0, 0, 4, 57.11
1746616651, 0, 513, 665, 650, 6, 6.14%, 0, 0, 4, 56.49
1746616656, 0, 513, 666, 651, 6, 6.14%, 0, 0, 4, 57.72
1746616661, 0, 513, 670, 655, 6, 6.14%, 0, 0, 4, 56.26
1746616666, 0, 513, 673, 658, 6, 6.14%, 0, 0, 4, 57.42
1746616671, 0, 513, 676, 661, 6, 6.14%, 0, 0, 4, 56.73
1746616681, 0, 513, 679, 664, 6, 6.15%, 0, 0, 4, 57.03
1746616686, 0, 513, 680, 665, 6, 6.15%, 0, 0, 4, 58.49
1746616697, 0, 513, 681, 666, 6, 6.15%, 0, 0, 4, 57.95
1746616707, 0, 513, 683, 668, 6, 6.15%, 0, 0, 4, 57.51
1746616727, 0, 513, 686, 671, 6, 6.15%, 0, 0, 4, 57.14
1746616732, 0, 513, 688, 673, 6, 6.15%, 0, 0, 4, 58.12
1746616737, 0, 513, 689, 674, 6, 6.15%, 0, 0, 4, 58.27
1746616742, 0, 513, 690, 675, 6, 6.15%, 0, 0, 4, 57.01
1746616752, 0, 513, 692, 677, 6, 6.15%, 0, 0, 4, 57.86
1746616757, 0, 513, 693, 678, 6, 6.15%, 0, 0, 4, 56.86
1746616763, 0, 513, 694, 679, 6, 6.15%, 0, 0, 4, 58.81
1746616773, 0, 513, 695, 680, 6, 6.15%, 0, 0, 4, 57.21
1746616783, 0, 513, 696, 681, 6, 6.15%, 0, 0, 4, 58.37
1746616788, 0, 513, 697, 682, 6, 6.15%, 0, 0, 4, 57.00
1746616793, 0, 513, 699, 684, 6, 6.15%, 0, 0, 4, 56.68
1746616803, 0, 513, 700, 685, 6, 6.15%, 0, 0, 4, 57.22
1746616813, 0, 513, 702, 687, 6, 6.15%, 0, 0, 4, 57.77
1746616829, 0, 513, 703, 688, 6, 6.15%, 0, 0, 4, 58.42
1746616839, 0, 526, 703, 687, 9, 6.15%, 0, 0, 4, 47.83
1746618111, 0, 526, 704, 688, 9, 6.15%, 0, 0, 5, 45.16
1746618116, 0, 526, 706, 690, 9, 6.15%, 0, 0, 5, 47.58
1746618121, 0, 526, 708, 692, 9, 6.15%, 0, 0, 5, 47.65
1746618126, 0, 526, 709, 693, 9, 6.15%, 0, 0, 5, 48.68
1746618131, 0, 526, 711, 695, 9, 6.15%, 0, 0, 5, 47.97
1746618136, 0, 526, 712, 696, 9, 6.15%, 0, 0, 5, 48.57
1746618146, 0, 526, 713, 697, 9, 6.15%, 0, 0, 5, 47.65
1746618182, 0, 526, 714, 698, 9, 6.15%, 0, 0, 5, 48.58
1746618197, 0, 526, 715, 699, 9, 6.15%, 0, 0, 5, 48.84
1746618207, 0, 526, 717, 701, 9, 6.15%, 0, 0, 5, 48.41
1746618247, 0, 526, 718, 702, 9, 6.15%, 0, 0, 5, 49.01
1746618283, 0, 526, 719, 703, 9, 6.15%, 0, 0, 5, 48.37
1746618308, 0, 526, 720, 704, 9, 6.15%, 0, 0, 5, 49.62
1746618329, 0, 526, 722, 706, 9, 6.15%, 0, 0, 5, 47.41
1746618339, 0, 526, 723, 707, 9, 6.15%, 0, 0, 5, 48.08
1746618369, 0, 540, 723, 706, 10, 6.15%, 0, 0, 5, 46.57
1746619450, 0, 546, 723, 705, 10, 6.15%, 0, 0, 5, 49.53
1746620435, 0, 583, 723, 704, 9, 6.15%, 0, 0, 5, 54.28
1746621076, 0, 583, 724, 705, 9, 6.15%, 0, 0, 5, 62.23
1746621096, 0, 594, 724, 704, 9, 6.15%, 0, 0, 5, 58.24
1746621741, 0, 610, 724, 703, 8, 6.15%, 0, 0, 5, 58.96
1746622559, 0, 610, 725, 704, 8, 6.15%, 0, 0, 5, 55.14
1746622574, 0, 610, 726, 705, 8, 6.15%, 0, 0, 5, 56.94
1746622584, 0, 610, 727, 706, 8, 6.15%, 0, 0, 5, 58.19
1746622630, 0, 610, 728, 707, 8, 6.15%, 0, 0, 5, 57.53
1746622692, 0, 610, 729, 708, 8, 6.15%, 0, 0, 5, 57.63
1746622732, 0, 610, 730, 709, 8, 6.15%, 0, 0, 5, 57.72
1746622752, 0, 610, 731, 710, 8, 6.15%, 0, 0, 5, 57.17
1746622768, 0, 610, 732, 711, 8, 6.15%, 0, 0, 5, 57.27
1746622839, 0, 620, 732, 710, 9, 6.15%, 0, 0, 5, 58.24
1746623423, 0, 631, 732, 709, 8, 6.15%, 0, 0, 5, 57.43
1746624102, 0, 641, 732, 708, 7, 6.15%, 0, 0, 5, 60.40
1746624618, 0, 643, 732, 707, 6, 6.15%, 0, 0, 5, 57.26
1746624628, 0, 643, 735, 710, 6, 6.16%, 0, 0, 5, 41.90
1746624648, 0, 643, 736, 711, 6, 6.16%, 0, 0, 5, 41.07
1746624658, 0, 643, 737, 712, 6, 6.16%, 0, 0, 5, 40.81
1746624663, 0, 643, 738, 713, 6, 6.20%, 0, 0, 5, 40.76
1746624785, 0, 643, 739, 714, 6, 6.20%, 0, 0, 5, 43.14
1746624790, 0, 643, 740, 715, 6, 6.27%, 0, 0, 5, 42.37
1746625468, 0, 643, 741, 716, 6, 6.27%, 0, 0, 5, 41.27
1746625697, 0, 643, 742, 717, 6, 6.27%, 0, 0, 5, 43.71
1746625733, 0, 643, 744, 719, 6, 6.29%, 0, 0, 5, 40.69
1746625783, 0, 643, 747, 722, 6, 6.29%, 0, 0, 5, 47.55
1746625788, 0, 643, 748, 723, 6, 6.29%, 0, 0, 5, 49.95
1746625794, 0, 643, 750, 725, 6, 6.41%, 0, 0, 5, 51.14
1746625799, 0, 643, 752, 727, 6, 6.44%, 0, 0, 5, 50.37
1746625804, 0, 643, 753, 728, 6, 6.44%, 0, 0, 5, 51.98
1746625814, 0, 643, 754, 729, 6, 6.44%, 0, 0, 5, 52.27
1746625819, 0, 643, 756, 731, 6, 6.44%, 0, 0, 5, 50.49
1746625824, 0, 643, 758, 733, 6, 6.44%, 0, 0, 5, 51.01
1746625829, 0, 643, 761, 736, 6, 6.44%, 0, 0, 5, 50.35
1746625839, 0, 643, 764, 739, 6, 6.44%, 0, 0, 5, 50.77
1746625844, 0, 643, 765, 740, 6, 6.44%, 0, 0, 5, 51.59
1746625849, 0, 643, 766, 741, 6, 6.44%, 0, 0, 5, 52.14
1746625854, 0, 643, 770, 745, 6, 6.44%, 0, 0, 5, 49.22
1746625859, 0, 643, 772, 747, 6, 6.44%, 0, 0, 5, 50.64
1746625869, 0, 643, 773, 748, 6, 6.44%, 0, 0, 5, 51.11
1746625875, 0, 643, 774, 749, 6, 6.44%, 0, 0, 5, 50.73
1746625885, 0, 643, 776, 751, 6, 6.44%, 0, 0, 5, 51.42
1746625895, 0, 643, 777, 752, 6, 6.44%, 0, 0, 5, 51.37
1746625900, 0, 643, 778, 753, 6, 6.44%, 0, 0, 5, 51.53
1746625910, 0, 643, 780, 755, 6, 6.44%, 0, 0, 5, 51.16
1746625930, 0, 643, 781, 756, 6, 6.44%, 0, 0, 5, 51.37
1746625940, 0, 643, 783, 758, 6, 6.44%, 0, 0, 5, 51.61
1746625970, 0, 643, 784, 759, 6, 6.44%, 0, 0, 5, 52.74
1746625991, 0, 643, 786, 761, 6, 6.44%, 0, 0, 5, 50.89
1746626001, 0, 643, 788, 763, 6, 6.44%, 0, 0, 5, 52.04
1746626016, 0, 643, 789, 764, 6, 6.44%, 0, 0, 5, 51.11
1746626026, 0, 708, 789, 763, 10, 6.44%, 0, 0, 5, 49.28
1746627527, 0, 708, 790, 764, 10, 6.44%, 0, 0, 6, 42.90
1746627548, 0, 708, 791, 765, 10, 6.44%, 0, 0, 6, 43.56
1746627573, 0, 708, 792, 766, 10, 6.44%, 0, 0, 6, 44.54
1746627583, 0, 708, 793, 767, 10, 6.44%, 0, 0, 6, 44.82
1746627679, 0, 708, 794, 768, 10, 6.44%, 0, 0, 6, 43.58
1746627689, 0, 708, 795, 769, 10, 6.47%, 0, 0, 6, 44.80
1746627735, 0, 708, 796, 770, 10, 6.47%, 0, 0, 6, 44.44
1746627801, 0, 715, 797, 770, 11, 6.47%, 0, 0, 6, 45.23
1746628882, 0, 715, 798, 771, 11, 6.47%, 0, 0, 6, 45.27
1746628917, 0, 725, 798, 770, 11, 6.47%, 0, 0, 6, 51.16
1746628928, 0, 725, 799, 771, 11, 6.47%, 0, 0, 6, 49.54
1746629035, 0, 725, 800, 772, 11, 6.47%, 0, 0, 6, 49.43
1746629511, 0, 725, 801, 773, 11, 6.47%, 0, 0, 6, 52.13
1746629664, 0, 739, 801, 772, 11, 6.47%, 0, 0, 6, 57.76
1746630851, 0, 743, 801, 771, 10, 6.47%, 0, 0, 6, 44.61
1746632032, 0, 743, 803, 773, 10, 6.47%, 0, 0, 6, 49.31
1746632037, 0, 743, 804, 774, 10, 6.49%, 0, 0, 6, 49.98
1746632042, 0, 743, 805, 775, 10, 6.49%, 0, 0, 6, 50.87
1746632047, 0, 743, 807, 777, 10, 6.50%, 0, 0, 6, 50.67
1746632052, 0, 743, 808, 778, 10, 6.50%, 0, 0, 6, 52.57
1746632067, 0, 743, 811, 781, 10, 6.50%, 0, 0, 6, 50.91
1746632078, 0, 743, 812, 782, 10, 6.50%, 0, 0, 6, 51.56
1746632093, 0, 743, 813, 783, 10, 6.50%, 0, 0, 6, 52.42
1746632113, 0, 743, 814, 784, 10, 6.50%, 0, 0, 6, 51.67
1746632128, 0, 743, 815, 785, 10, 6.50%, 0, 0, 6, 50.86
1746632138, 0, 743, 816, 786, 10, 6.50%, 0, 0, 6, 51.00
1746632159, 0, 743, 817, 787, 10, 6.50%, 0, 0, 6, 51.35
1746632174, 0, 743, 818, 788, 10, 6.50%, 0, 0, 6, 52.14
1746632179, 0, 743, 820, 790, 10, 6.50%, 0, 0, 6, 51.11
1746632199, 0, 743, 821, 791, 10, 6.50%, 0, 0, 6, 51.31
1746632245, 0, 743, 822, 792, 10, 6.50%, 0, 0, 6, 50.44
1746632255, 0, 743, 823, 793, 10, 6.50%, 0, 0, 6, 50.78
1746632270, 0, 772, 823, 792, 8, 6.50%, 0, 0, 6, 48.18
1746632438, 0, 772, 824, 793, 8, 6.50%, 0, 0, 6, 37.98
1746633625, 0, 772, 826, 795, 8, 6.50%, 0, 0, 6, 45.34
1746633630, 0, 772, 828, 797, 8, 6.50%, 0, 0, 6, 47.46
1746633635, 0, 772, 829, 798, 8, 6.50%, 0, 0, 6, 49.28
1746633650, 0, 772, 831, 800, 8, 6.50%, 0, 0, 6, 48.47
1746633656, 0, 772, 833, 802, 8, 6.50%, 0, 0, 6, 48.10
1746633686, 0, 772, 834, 803, 8, 6.50%, 0, 0, 6, 48.22
1746633711, 0, 772, 835, 804, 8, 6.50%, 0, 0, 6, 47.96
1746633732, 0, 772, 836, 805, 8, 6.50%, 0, 0, 6, 48.38
1746633737, 0, 772, 837, 806, 8, 6.50%, 0, 0, 6, 48.88
1746633742, 0, 772, 838, 807, 8, 6.50%, 0, 0, 6, 49.63
1746633747, 0, 772, 839, 808, 8, 6.50%, 0, 0, 6, 48.77
1746633757, 0, 772, 840, 809, 8, 6.50%, 0, 0, 6, 49.01
1746633767, 0, 772, 841, 810, 8, 6.50%, 0, 0, 6, 49.03
1746633802, 0, 772, 842, 811, 8, 6.50%, 0, 0, 6, 48.77
1746633812, 0, 772, 843, 812, 8, 6.50%, 0, 0, 6, 50.14
1746633843, 0, 772, 844, 813, 8, 6.50%, 0, 0, 6, 49.56
1746633878, 0, 797, 844, 812, 7, 6.50%, 0, 0, 6, 46.35
1746634960, 0, 797, 845, 813, 7, 6.50%, 0, 0, 7, 45.20
1746635000, 0, 805, 845, 812, 6, 6.50%, 0, 0, 7, 45.02
1746635056, 0, 805, 846, 813, 6, 6.50%, 0, 0, 7, 36.50
1746635569, 0, 805, 847, 814, 6, 6.50%, 0, 0, 7, 36.57
1746636425, 0, 805, 848, 815, 6, 6.50%, 0, 0, 7, 42.08
1746636431, 0, 805, 849, 816, 6, 6.50%, 0, 0, 7, 46.89
1746636441, 0, 805, 850, 817, 6, 6.50%, 0, 0, 7, 48.01
1746636446, 0, 805, 852, 819, 6, 6.50%, 0, 0, 7, 47.16
1746636456, 0, 805, 854, 821, 6, 6.50%, 0, 0, 7, 47.42
1746636461, 0, 805, 855, 822, 6, 6.50%, 0, 0, 7, 47.90
1746636476, 0, 805, 856, 823, 6, 6.50%, 0, 0, 7, 47.71
1746636491, 0, 805, 858, 825, 6, 6.50%, 0, 0, 7, 48.77
1746636512, 0, 805, 859, 826, 6, 6.50%, 0, 0, 7, 49.43
1746636517, 0, 805, 861, 828, 6, 6.50%, 0, 0, 7, 47.37
1746636532, 0, 805, 862, 829, 6, 6.50%, 0, 0, 7, 49.15
1746636552, 0, 805, 863, 830, 6, 6.50%, 0, 0, 7, 47.31
1746636582, 0, 805, 864, 831, 6, 6.50%, 0, 0, 7, 47.93
1746636613, 0, 805, 865, 832, 6, 6.50%, 0, 0, 7, 49.00
1746636623, 0, 805, 866, 833, 6, 6.50%, 0, 0, 7, 49.18
1746636679, 0, 809, 866, 832, 6, 6.50%, 0, 0, 7, 48.28
1746637489, 0, 809, 867, 833, 6, 6.50%, 0, 0, 7, 36.59
1746638123, 0, 815, 867, 832, 5, 6.50%, 0, 0, 7, 48.03
1746639119, 0, 821, 867, 831, 4, 6.50%, 0, 0, 7, 49.59
1746640089, 0, 829, 867, 830, 3, 6.50%, 0, 0, 7, 44.59
1746641644, 0, 829, 868, 831, 3, 6.51%, 0, 0, 7, 44.68
1746641650, 0, 829, 869, 832, 3, 6.51%, 0, 0, 7, 46.79
1746641655, 0, 829, 871, 834, 3, 6.77%, 0, 0, 7, 46.44
1746641690, 0, 829, 874, 837, 3, 6.77%, 0, 0, 7, 46.35
1746641695, 0, 829, 875, 838, 3, 6.77%, 0, 0, 7, 45.49
1746641705, 0, 829, 876, 839, 3, 6.77%, 0, 0, 7, 47.83
1746641730, 0, 829, 877, 840, 3, 6.77%, 0, 0, 7, 48.29
1746641771, 0, 829, 878, 841, 3, 6.77%, 0, 0, 7, 48.20
1746641781, 0, 829, 879, 842, 3, 6.77%, 0, 0, 7, 47.14
1746641822, 0, 829, 880, 843, 3, 6.77%, 0, 0, 7, 47.57
1746641842, 0, 829, 881, 844, 3, 6.77%, 0, 0, 7, 46.46
1746641862, 0, 829, 882, 845, 3, 6.77%, 0, 0, 7, 47.39
1746641903, 0, 839, 883, 845, 4, 6.77%, 0, 0, 7, 44.50
1746641959, 0, 839, 885, 847, 4, 7.02%, 0, 0, 7, 31.23
1746642134, 0, 839, 886, 848, 4, 7.02%, 0, 0, 7, 31.58
1746642988, 0, 839, 887, 849, 4, 7.02%, 0, 0, 7, 31.08
1746643349, 0, 839, 888, 850, 4, 7.02%, 0, 0, 7, 31.24
1746643920, 0, 839, 889, 851, 4, 7.02%, 0, 0, 7, 37.69
1746643925, 0, 839, 890, 852, 4, 7.02%, 0, 0, 7, 41.36
1746643931, 0, 839, 891, 853, 4, 7.02%, 0, 0, 7, 43.69
1746643936, 0, 839, 894, 856, 4, 7.02%, 0, 0, 7, 41.38
1746643941, 0, 839, 895, 857, 4, 7.02%, 0, 0, 7, 44.28
1746643961, 0, 839, 896, 858, 4, 7.02%, 0, 0, 7, 44.17
1746643981, 0, 839, 897, 859, 4, 7.02%, 0, 0, 7, 43.78
1746644007, 0, 839, 898, 860, 4, 7.15%, 0, 0, 7, 43.58
1746644027, 0, 839, 899, 861, 4, 7.15%, 0, 0, 7, 43.48
1746644037, 0, 839, 901, 863, 4, 7.17%, 0, 0, 7, 44.15
1746644047, 0, 839, 903, 865, 4, 7.17%, 0, 0, 7, 44.01
1746644053, 0, 839, 904, 866, 4, 7.17%, 0, 0, 7, 44.60
1746644073, 0, 839, 905, 867, 4, 7.17%, 0, 0, 7, 43.92
1746644088, 0, 839, 906, 868, 4, 7.23%, 0, 0, 7, 44.44
1746644103, 0, 839, 907, 869, 4, 7.23%, 0, 0, 7, 44.64
1746644149, 0, 839, 908, 870, 4, 7.23%, 0, 0, 7, 43.88
1746644200, 0, 844, 908, 869, 5, 7.23%, 0, 0, 7, 45.83
1746644246, 0, 844, 909, 870, 5, 7.23%, 0, 0, 8, 45.31
1746645328, 0, 871, 909, 869, 5, 7.23%, 0, 0, 8, 41.52
1746645374, 0, 871, 910, 870, 5, 7.23%, 0, 0, 8, 35.96
1746645379, 0, 871, 911, 871, 5, 7.23%, 0, 0, 8, 36.19
1746645384, 0, 871, 912, 872, 5, 7.23%, 0, 0, 8, 35.89
1746645440, 0, 871, 913, 873, 5, 7.23%, 0, 0, 8, 36.43
1746645516, 0, 871, 914, 874, 5, 7.24%, 0, 0, 8, 36.28
1746645521, 0, 871, 915, 875, 5, 7.24%, 0, 0, 8, 35.88
1746645557, 0, 871, 917, 877, 5, 7.24%, 0, 0, 8, 37.23
1746646469, 0, 871, 918, 878, 5, 7.24%, 0, 0, 8, 35.86
1746646817, 0, 871, 919, 879, 5, 7.24%, 0, 0, 8, 36.59
1746646904, 0, 871, 920, 880, 5, 7.24%, 0, 0, 8, 41.63
1746646909, 0, 871, 921, 881, 5, 7.24%, 0, 0, 8, 45.83
1746646919, 0, 871, 922, 882, 5, 7.24%, 0, 0, 8, 46.64
1746646929, 0, 871, 924, 884, 5, 7.24%, 0, 0, 8, 45.96
1746646934, 0, 871, 926, 886, 5, 7.24%, 0, 0, 8, 46.40
1746646950, 0, 871, 927, 887, 5, 7.24%, 0, 0, 8, 47.16
1746646955, 0, 871, 929, 889, 5, 7.24%, 0, 0, 8, 46.57
1746646965, 0, 871, 930, 890, 5, 7.24%, 0, 0, 8, 47.08
1746646985, 0, 871, 931, 891, 5, 7.24%, 0, 0, 8, 47.14
1746646990, 0, 871, 932, 892, 5, 7.24%, 0, 0, 8, 47.85
1746647005, 0, 871, 933, 893, 5, 7.24%, 0, 0, 8, 47.26
1746647015, 0, 871, 934, 894, 5, 7.24%, 0, 0, 8, 49.15
1746647056, 0, 871, 935, 895, 5, 7.24%, 0, 0, 8, 47.15
1746647061, 0, 871, 936, 896, 5, 7.24%, 0, 0, 8, 46.11
1746647066, 0, 871, 937, 897, 5, 7.24%, 0, 0, 8, 46.76
1746647096, 0, 871, 938, 898, 5, 7.24%, 0, 0, 8, 47.69
1746647107, 0, 871, 941, 901, 5, 7.24%, 0, 0, 8, 46.06
1746647117, 0, 871, 942, 902, 5, 7.24%, 0, 0, 8, 47.67
1746647122, 0, 871, 943, 903, 5, 7.24%, 0, 0, 8, 46.56
1746647132, 0, 871, 944, 904, 5, 7.24%, 0, 0, 8, 46.88
1746647142, 0, 871, 945, 905, 5, 7.24%, 0, 0, 8, 46.52
1746647167, 0, 896, 945, 904, 8, 7.24%, 0, 0, 8, 44.38
1746647234, 0, 896, 946, 905, 8, 7.24%, 0, 0, 8, 32.32
1746648014, 0, 896, 947, 906, 8, 7.24%, 0, 0, 8, 32.33
1746648894, 0, 896, 948, 907, 8, 7.24%, 0, 0, 8, 32.93
1746649012, 0, 896, 949, 908, 8, 7.24%, 0, 0, 8, 32.29
1746649099, 0, 896, 950, 909, 8, 7.24%, 0, 0, 8, 44.50
1746649105, 0, 896, 951, 910, 8, 7.24%, 0, 0, 8, 44.01
1746649120, 0, 896, 952, 911, 8, 7.24%, 0, 0, 8, 45.17
1746649130, 0, 896, 953, 912, 8, 7.24%, 0, 0, 8, 44.80
1746649135, 0, 896, 954, 913, 8, 7.24%, 0, 0, 8, 43.96
1746649155, 0, 896, 955, 914, 8, 7.24%, 0, 0, 8, 44.77
1746649170, 0, 896, 956, 915, 8, 7.24%, 0, 0, 8, 45.24
1746649186, 0, 896, 957, 916, 8, 7.24%, 0, 0, 8, 46.15
1746649191, 0, 896, 958, 917, 8, 7.24%, 0, 0, 8, 45.29
1746649222, 0, 896, 959, 918, 8, 7.24%, 0, 0, 8, 44.55
1746649273, 0, 896, 960, 919, 8, 7.24%, 0, 0, 8, 44.35
1746649288, 0, 896, 961, 920, 8, 7.24%, 0, 0, 8, 44.47
1746649308, 0, 896, 962, 921, 8, 7.24%, 0, 0, 8, 44.77
1746649333, 0, 896, 963, 922, 8, 7.24%, 0, 0, 8, 42.72
1746649344, 0, 896, 964, 923, 8, 7.24%, 0, 0, 8, 45.02
1746649364, 0, 899, 964, 922, 9, 7.24%, 0, 0, 8, 42.68
1746649390, 0, 899, 965, 923, 9, 7.24%, 0, 0, 8, 31.44
1746649410, 0, 899, 966, 924, 9, 7.24%, 0, 0, 8, 30.15
1746649420, 0, 899, 967, 925, 9, 7.24%, 0, 0, 8, 29.85
1746649441, 0, 899, 968, 926, 9, 7.25%, 0, 0, 8, 29.50
1746649451, 0, 899, 970, 928, 9, 7.26%, 0, 0, 8, 29.54
1746649686, 0, 899, 971, 929, 9, 7.26%, 0, 0, 8, 31.00
1746650237, 0, 899, 972, 930, 9, 7.26%, 0, 0, 8, 29.53
1746650962, 0, 899, 973, 931, 9, 7.26%, 0, 0, 8, 29.59
1746651289, 0, 899, 974, 932, 9, 7.26%, 0, 0, 8, 30.63
1746651305, 0, 899, 975, 933, 9, 7.26%, 0, 0, 8, 29.76
1746651340, 0, 899, 976, 934, 9, 7.26%, 0, 0, 8, 30.96
1746651417, 0, 899, 978, 936, 9, 7.26%, 0, 0, 8, 29.62
1746651534, 0, 899, 979, 937, 9, 7.26%, 0, 0, 8, 41.99
1746651539, 0, 899, 980, 938, 9, 7.26%, 0, 0, 8, 43.99
1746651555, 0, 899, 983, 941, 9, 7.26%, 0, 0, 8, 41.23
1746651560, 0, 899, 984, 942, 9, 7.26%, 0, 0, 8, 41.70
1746651575, 0, 899, 985, 943, 9, 7.26%, 0, 0, 8, 43.84
1746651580, 0, 899, 986, 944, 9, 7.26%, 0, 0, 8, 42.09
1746651595, 0, 899, 987, 945, 9, 7.26%, 0, 0, 8, 44.59
1746651611, 0, 899, 988, 946, 9, 7.26%, 0, 0, 8, 44.52
1746651621, 0, 899, 989, 947, 9, 7.26%, 0, 0, 8, 42.95
1746651651, 0, 899, 990, 948, 9, 7.26%, 0, 0, 8, 43.71
1746651682, 0, 899, 991, 949, 9, 7.26%, 0, 0, 8, 43.45
1746651692, 0, 899, 992, 950, 9, 7.26%, 0, 0, 8, 43.93
1746651733, 0, 899, 993, 951, 9, 7.26%, 0, 0, 8, 43.19
1746651778, 0, 899, 994, 952, 9, 7.26%, 0, 0, 8, 42.83
1746651783, 0, 899, 995, 953, 9, 7.26%, 0, 0, 8, 43.53
1746651794, 0, 899, 996, 954, 9, 7.26%, 0, 0, 8, 43.62
1746651814, 0, 904, 996, 953, 13, 7.26%, 0, 0, 8, 43.54
1746653800, 0, 904, 998, 955, 13, 7.26%, 0, 0, 8, 43.39
1746653846, 0, 904, 999, 956, 13, 7.26%, 0, 0, 8, 44.15
1746653866, 0, 904, 1000, 957, 13, 7.26%, 0, 0, 8, 44.07
1746653881, 0, 904, 1001, 958, 13, 7.26%, 0, 0, 8, 44.56
1746653886, 0, 904, 1002, 959, 13, 7.26%, 0, 0, 8, 44.89
1746653947, 0, 904, 1003, 960, 13, 7.26%, 0, 0, 8, 44.19
1746653972, 0, 904, 1004, 961, 13, 7.26%, 0, 0, 8, 45.23
1746654064, 0, 909, 1004, 960, 11, 7.26%, 0, 0, 8, 45.53
1746654074, 0, 909, 1005, 961, 11, 7.26%, 0, 0, 9, 44.12
1746654212, 0, 909, 1006, 962, 11, 7.26%, 0, 0, 9, 44.78
1746655125, 0, 910, 1006, 961, 10, 7.26%, 0, 0, 9, 47.93
1746655166, 0, 910, 1007, 962, 10, 7.26%, 0, 0, 9, 49.78
