# unix_time, cycles_done, cur_path, paths_total, pending_total, pending_favs, map_size, unique_crashes, unique_hangs, max_depth, execs_per_sec
1748451289, 0, 0, 1, 1, 1, 0.03%, 0, 0, 1, 800.00
1748451294, 0, 0, 22, 22, 1, 0.04%, 0, 0, 2, 1150.26
1748451299, 0, 0, 24, 24, 1, 0.04%, 0, 0, 2, 1231.98
1748451304, 0, 0, 25, 25, 1, 0.04%, 0, 0, 2, 1246.95
1748451309, 0, 0, 27, 27, 1, 0.04%, 0, 0, 2, 1246.56
1748451319, 0, 3, 28, 25, 2, 0.04%, 0, 0, 3, 1181.40
1748451324, 0, 4, 31, 27, 1, 0.04%, 0, 0, 3, 1235.77
1748451329, 1, 16, 31, 25, 0, 0.04%, 0, 0, 3, 1247.08
1748451334, 1, 21, 32, 24, 0, 0.04%, 0, 0, 3, 1235.86
1748451339, 1, 26, 32, 22, 0, 0.04%, 0, 0, 3, 1170.22
1748451345, 2, 4, 32, 20, 0, 0.04%, 0, 0, 3, 1195.24
1748451350, 3, 27, 33, 18, 0, 0.04%, 0, 0, 4, 1212.70
1748451360, 4, 11, 33, 17, 0, 0.04%, 0, 0, 4, 1160.17
1748451365, 4, 18, 33, 15, 0, 0.04%, 0, 0, 4, 1172.48
1748451370, 5, 9, 33, 13, 0, 0.04%, 0, 0, 4, 1226.33
1748451375, 5, 19, 33, 12, 0, 0.04%, 0, 0, 4, 1227.40
1748451380, 6, 29, 33, 10, 0, 0.04%, 0, 0, 4, 1167.17
1748451385, 6, 32, 33, 9, 0, 0.04%, 0, 0, 4, 1125.65
1748451396, 7, 2, 34, 9, 0, 0.04%, 0, 0, 5, 1129.72
1748451401, 8, 1, 34, 7, 0, 0.04%, 0, 0, 5, 1165.23
1748451406, 9, 30, 34, 7, 0, 0.04%, 0, 0, 5, 1099.71
1748451416, 11, 10, 34, 5, 0, 0.04%, 0, 0, 5, 1140.56
1748451421, 12, 7, 34, 4, 0, 0.04%, 0, 0, 5, 1172.41
1748451426, 12, 12, 34, 4, 0, 0.04%, 0, 0, 5, 1014.33
1748451431, 14, 1, 34, 3, 0, 0.04%, 0, 0, 5, 1066.12
1748451436, 17, 0, 34, 3, 0, 0.04%, 0, 0, 5, 1083.78
1748451441, 19, 1, 34, 2, 0, 0.04%, 0, 0, 5, 1098.97
1748451446, 21, 4, 34, 2, 0, 0.04%, 0, 0, 5, 1094.33
1748451451, 21, 31, 34, 2, 0, 0.04%, 0, 0, 5, 994.60
1748451461, 24, 28, 34, 1, 0, 0.04%, 0, 0, 5, 1006.10
1748451466, 27, 0, 34, 1, 0, 0.04%, 0, 0, 5, 1015.23
1748451471, 29, 1, 34, 1, 0, 0.04%, 0, 0, 5, 1020.02
1748451476, 31, 19, 34, 1, 0, 0.04%, 0, 0, 5, 1031.36
1748451481, 33, 33, 34, 1, 0, 0.04%, 0, 0, 5, 972.34
1748451497, 34, 0, 34, 0, 0, 0.04%, 0, 0, 5, 987.44
1748451502, 34, 34, 35, 1, 0, 0.04%, 0, 0, 5, 937.97
1748451507, 34, 34, 36, 2, 0, 0.04%, 0, 0, 5, 916.47
1748451522, 35, 4, 36, 1, 0, 0.04%, 0, 0, 5, 1028.09
1748451527, 35, 35, 36, 1, 0, 0.04%, 0, 0, 5, 892.19
1748451553, 38, 28, 36, 0, 0, 0.04%, 0, 0, 5, 1040.12
1748451558, 40, 12, 36, 0, 0, 0.04%, 0, 0, 5, 1067.51
1748451563, 42, 17, 36, 0, 0, 0.04%, 0, 0, 5, 1083.76
1748451568, 45, 0, 36, 0, 0, 0.04%, 0, 0, 5, 1072.56
1748451573, 46, 0, 36, 0, 0, 0.04%, 0, 0, 5, 1051.68
1748451578, 47, 2, 36, 0, 0, 0.04%, 0, 0, 5, 996.10
1748451583, 48, 33, 36, 0, 0, 0.04%, 0, 0, 5, 984.49
1748451588, 50, 4, 36, 0, 0, 0.04%, 0, 0, 5, 993.48
1748451593, 52, 4, 36, 0, 0, 0.04%, 0, 0, 5, 1004.51
1748451598, 53, 34, 36, 0, 0, 0.04%, 0, 0, 5, 997.43
1748451603, 54, 34, 36, 0, 0, 0.04%, 0, 0, 5, 996.74
1748451608, 55, 2, 36, 0, 0, 0.04%, 0, 0, 5, 1004.17
1748451613, 57, 11, 36, 0, 0, 0.04%, 0, 0, 5, 1009.48
1748451618, 60, 23, 36, 0, 0, 0.04%, 0, 0, 5, 1028.52
1748451623, 62, 18, 36, 0, 0, 0.04%, 0, 0, 5, 1037.49
1748451629, 65, 1, 36, 0, 0, 0.04%, 0, 0, 5, 1053.85
1748451634, 68, 0, 36, 0, 0, 0.04%, 0, 0, 5, 1041.24
1748451639, 70, 0, 36, 0, 0, 0.04%, 0, 0, 5, 1033.79
1748451644, 72, 2, 36, 0, 0, 0.04%, 0, 0, 5, 1046.00
1748451649, 74, 0, 36, 0, 0, 0.04%, 0, 0, 5, 1034.73
1748451654, 75, 1, 36, 0, 0, 0.04%, 0, 0, 5, 1039.39
1748451659, 77, 27, 36, 0, 0, 0.04%, 0, 0, 5, 1034.49
1748451665, 78, 32, 36, 0, 0, 0.04%, 0, 0, 5, 1012.55
1748451670, 79, 3, 36, 0, 0, 0.04%, 0, 0, 5, 1019.63
1748451675, 80, 34, 36, 0, 0, 0.04%, 0, 0, 5, 1025.23
1748451680, 82, 9, 36, 0, 0, 0.04%, 0, 0, 5, 1028.95
1748451685, 84, 2, 36, 0, 0, 0.04%, 0, 0, 5, 1032.23
1748451690, 87, 3, 36, 0, 0, 0.04%, 0, 0, 5, 1044.77
1748451695, 88, 35, 36, 0, 0, 0.04%, 0, 0, 5, 993.19
1748451700, 89, 11, 36, 0, 0, 0.04%, 0, 0, 5, 1014.47
1748451705, 91, 1, 36, 0, 0, 0.04%, 0, 0, 5, 1019.05
1748451710, 93, 2, 36, 0, 0, 0.04%, 0, 0, 5, 1011.19
1748451715, 95, 4, 36, 0, 0, 0.04%, 0, 0, 5, 1005.82
1748451720, 96, 34, 36, 0, 0, 0.04%, 0, 0, 5, 998.69
1748451725, 98, 33, 36, 0, 0, 0.04%, 0, 0, 5, 1003.57
1748451730, 100, 1, 36, 0, 0, 0.04%, 0, 0, 5, 997.97
1748451735, 101, 3, 36, 0, 0, 0.04%, 0, 0, 5, 994.40
1748451741, 103, 30, 36, 0, 0, 0.04%, 0, 0, 5, 966.18
1748451746, 104, 34, 36, 0, 0, 0.04%, 0, 0, 5, 956.55
1748451751, 106, 19, 36, 0, 0, 0.04%, 0, 0, 5, 993.06
1748451756, 107, 35, 36, 0, 0, 0.04%, 0, 0, 5, 993.98
1748451761, 108, 21, 36, 0, 0, 0.04%, 0, 0, 5, 1013.14
1748451766, 110, 29, 36, 0, 0, 0.04%, 0, 0, 5, 1021.14
1748451771, 112, 9, 36, 0, 0, 0.04%, 0, 0, 5, 1020.40
1748451776, 115, 1, 36, 0, 0, 0.04%, 0, 0, 5, 1027.96
1748451781, 115, 34, 36, 0, 0, 0.04%, 0, 0, 5, 1008.77
1748451786, 117, 2, 36, 0, 0, 0.04%, 0, 0, 5, 1005.24
1748451791, 119, 2, 36, 0, 0, 0.04%, 0, 0, 5, 985.32
1748451796, 121, 29, 36, 0, 0, 0.04%, 0, 0, 5, 992.72
1748451802, 121, 34, 36, 0, 0, 0.04%, 0, 0, 5, 963.65
1748451807, 124, 2, 36, 0, 0, 0.04%, 0, 0, 5, 982.16
1748451812, 126, 18, 36, 0, 0, 0.04%, 0, 0, 5, 987.02
1748451817, 128, 9, 36, 0, 0, 0.04%, 0, 0, 5, 990.54
1748451822, 130, 2, 36, 0, 0, 0.04%, 0, 0, 5, 1009.86
1748451827, 132, 1, 36, 0, 0, 0.04%, 0, 0, 5, 976.52
1748451832, 132, 35, 36, 0, 0, 0.04%, 0, 0, 5, 910.53
1748451837, 134, 4, 36, 0, 0, 0.04%, 0, 0, 5, 956.82
1748451842, 136, 3, 36, 0, 0, 0.04%, 0, 0, 5, 940.04
1748451848, 138, 2, 36, 0, 0, 0.04%, 0, 0, 5, 937.28
1748451853, 140, 18, 36, 0, 0, 0.04%, 0, 0, 5, 959.35
1748451858, 142, 3, 36, 0, 0, 0.04%, 0, 0, 5, 982.52
1748451863, 142, 35, 36, 0, 0, 0.04%, 0, 0, 5, 971.81
1748451868, 144, 27, 36, 0, 0, 0.04%, 0, 0, 5, 980.41
1748451873, 147, 1, 36, 0, 0, 0.04%, 0, 0, 5, 988.49
1748451878, 148, 14, 36, 0, 0, 0.04%, 0, 0, 5, 985.79
1748451883, 151, 0, 36, 0, 0, 0.04%, 0, 0, 5, 988.84
1748451888, 153, 1, 36, 0, 0, 0.04%, 0, 0, 5, 986.87
1748451894, 153, 36, 43, 7, 1, 0.04%, 0, 0, 5, 343.78
1748451899, 153, 36, 44, 8, 1, 0.04%, 0, 0, 5, 287.25
1748452190, 153, 37, 45, 8, 1, 0.04%, 0, 0, 5, 389.70
1748452491, 153, 37, 46, 9, 1, 0.04%, 0, 0, 5, 550.71
1748452501, 153, 38, 46, 8, 0, 0.04%, 0, 0, 5, 674.85
1748452536, 153, 38, 47, 9, 0, 0.04%, 0, 0, 5, 865.53
1748452551, 153, 43, 47, 8, 0, 0.04%, 0, 0, 5, 731.54
1748452622, 154, 4, 47, 7, 0, 0.04%, 0, 0, 5, 826.34
1748452627, 154, 37, 47, 7, 0, 0.04%, 0, 0, 5, 741.61
1748452632, 154, 39, 47, 7, 0, 0.04%, 0, 0, 5, 650.04
1748452683, 154, 41, 47, 6, 0, 0.04%, 0, 0, 5, 634.92
1748452729, 154, 43, 47, 5, 0, 0.04%, 0, 0, 5, 780.62
1748452734, 154, 44, 47, 5, 0, 0.04%, 0, 0, 5, 611.07
1748453034, 155, 4, 47, 4, 0, 0.04%, 0, 0, 5, 812.89
1748453039, 155, 37, 47, 4, 0, 0.04%, 0, 0, 5, 751.44
1748453044, 155, 39, 47, 4, 0, 0.04%, 0, 0, 5, 905.21
1748453049, 155, 40, 47, 4, 0, 0.04%, 0, 0, 5, 653.46
1748453095, 155, 42, 47, 3, 0, 0.04%, 0, 0, 5, 797.37
1748453151, 156, 37, 47, 2, 0, 0.04%, 0, 0, 5, 813.95
1748453157, 156, 40, 47, 2, 0, 0.04%, 0, 0, 5, 655.93
1748453162, 157, 3, 47, 2, 0, 0.04%, 0, 0, 5, 810.95
1748453167, 157, 37, 47, 2, 0, 0.04%, 0, 0, 5, 793.50
1748453172, 158, 35, 47, 2, 0, 0.04%, 0, 0, 5, 876.21
1748453177, 158, 37, 47, 2, 0, 0.04%, 0, 0, 5, 849.29
1748453182, 158, 40, 47, 2, 0, 0.04%, 0, 0, 5, 818.19
1748453187, 159, 3, 47, 2, 0, 0.04%, 0, 0, 5, 946.49
1748453192, 159, 37, 47, 2, 0, 0.04%, 0, 0, 5, 815.80
1748453197, 160, 37, 47, 2, 0, 0.04%, 0, 0, 5, 827.72
1748453202, 160, 39, 47, 2, 0, 0.04%, 0, 0, 5, 820.62
1748453212, 161, 37, 47, 2, 0, 0.04%, 0, 0, 5, 819.25
1748453217, 161, 39, 47, 2, 0, 0.04%, 0, 0, 5, 842.05
1748453222, 162, 1, 47, 2, 0, 0.04%, 0, 0, 5, 851.61
1748453227, 162, 37, 47, 2, 0, 0.04%, 0, 0, 5, 749.93
1748453232, 162, 46, 47, 2, 0, 0.04%, 0, 0, 5, 574.64
1748453533, 163, 0, 47, 1, 0, 0.04%, 0, 0, 5, 713.87
1748453538, 163, 37, 47, 1, 0, 0.04%, 0, 0, 5, 805.29
1748453543, 164, 4, 47, 1, 0, 0.04%, 0, 0, 5, 898.00
1748453548, 164, 37, 47, 1, 0, 0.04%, 0, 0, 5, 788.34
1748453553, 165, 37, 47, 1, 0, 0.04%, 0, 0, 5, 819.43
1748453559, 165, 44, 47, 1, 0, 0.04%, 0, 0, 5, 734.90
1748453564, 165, 45, 47, 1, 0, 0.04%, 0, 0, 5, 514.48
1748453844, 166, 1, 47, 0, 0, 0.04%, 0, 0, 5, 758.15
1748453849, 166, 37, 47, 0, 0, 0.04%, 0, 0, 5, 796.53
1748453854, 167, 34, 47, 0, 0, 0.04%, 0, 0, 5, 908.68
1748453859, 167, 37, 47, 0, 0, 0.04%, 0, 0, 5, 789.59
1748453864, 167, 43, 47, 0, 0, 0.04%, 0, 0, 5, 842.44
1748453869, 168, 33, 47, 0, 0, 0.04%, 0, 0, 5, 884.04
1748453874, 169, 1, 47, 0, 0, 0.04%, 0, 0, 5, 893.25
1748453879, 169, 35, 47, 0, 0, 0.04%, 0, 0, 5, 892.58
1748453885, 169, 37, 47, 0, 0, 0.04%, 0, 0, 5, 828.73
1748453890, 170, 37, 47, 0, 0, 0.04%, 0, 0, 5, 864.18
1748453895, 170, 44, 47, 0, 0, 0.04%, 0, 0, 5, 734.73
1748453900, 171, 37, 47, 0, 0, 0.04%, 0, 0, 5, 817.50
1748453905, 172, 14, 47, 0, 0, 0.04%, 0, 0, 5, 911.11
1748453910, 172, 37, 47, 0, 0, 0.04%, 0, 0, 5, 816.73
1748453915, 173, 37, 47, 0, 0, 0.04%, 0, 0, 5, 871.84
1748453920, 174, 3, 47, 0, 0, 0.04%, 0, 0, 5, 897.55
1748453925, 174, 37, 47, 0, 0, 0.04%, 0, 0, 5, 773.40
1748453930, 175, 15, 47, 0, 0, 0.04%, 0, 0, 5, 898.49
1748453935, 175, 37, 47, 0, 0, 0.04%, 0, 0, 5, 806.84
1748453940, 176, 4, 47, 0, 0, 0.04%, 0, 0, 5, 882.81
1748453945, 176, 37, 47, 0, 0, 0.04%, 0, 0, 5, 818.48
1748453950, 177, 36, 47, 0, 0, 0.04%, 0, 0, 5, 819.78
1748453955, 177, 37, 47, 0, 0, 0.04%, 0, 0, 5, 788.91
1748453960, 178, 37, 47, 0, 0, 0.04%, 0, 0, 5, 793.14
1748453965, 178, 42, 47, 0, 0, 0.04%, 0, 0, 5, 829.86
1748453970, 179, 2, 47, 0, 0, 0.04%, 0, 0, 5, 850.94
1748453975, 179, 37, 47, 0, 0, 0.04%, 0, 0, 5, 835.23
1748453980, 180, 37, 47, 0, 0, 0.04%, 0, 0, 5, 851.92
1748453986, 180, 42, 47, 0, 0, 0.04%, 0, 0, 5, 833.53
1748453991, 180, 43, 47, 0, 0, 0.04%, 0, 0, 5, 850.50
1748453996, 181, 37, 47, 0, 0, 0.04%, 0, 0, 5, 899.51
1748454001, 181, 39, 47, 0, 0, 0.04%, 0, 0, 5, 844.79
1748454006, 182, 1, 47, 0, 0, 0.04%, 0, 0, 5, 896.46
1748454011, 182, 37, 47, 0, 0, 0.04%, 0, 0, 5, 808.63
1748454016, 183, 37, 47, 0, 0, 0.04%, 0, 0, 5, 802.09
1748454021, 184, 29, 47, 0, 0, 0.04%, 0, 0, 5, 915.28
1748454026, 184, 40, 47, 0, 0, 0.04%, 0, 0, 5, 827.86
1748454031, 185, 2, 47, 0, 0, 0.04%, 0, 0, 5, 917.56
1748454036, 186, 0, 47, 0, 0, 0.04%, 0, 0, 5, 868.47
1748454041, 186, 37, 47, 0, 0, 0.04%, 0, 0, 5, 819.17
1748454046, 187, 37, 47, 0, 0, 0.04%, 0, 0, 5, 800.81
1748454052, 188, 15, 47, 0, 0, 0.04%, 0, 0, 5, 910.82
1748454057, 188, 39, 47, 0, 0, 0.04%, 0, 0, 5, 830.04
1748454062, 188, 41, 47, 0, 0, 0.04%, 0, 0, 5, 834.06
1748454072, 189, 37, 47, 0, 0, 0.04%, 0, 0, 5, 869.48
1748454077, 190, 3, 47, 0, 0, 0.04%, 0, 0, 5, 890.99
1748454082, 191, 0, 47, 0, 0, 0.04%, 0, 0, 5, 843.15
1748454087, 191, 37, 47, 0, 0, 0.04%, 0, 0, 5, 845.07
1748454092, 192, 37, 47, 0, 0, 0.04%, 0, 0, 5, 883.27
1748454097, 193, 37, 47, 0, 0, 0.04%, 0, 0, 5, 877.90
1748454102, 193, 40, 47, 0, 0, 0.04%, 0, 0, 5, 901.10
1748454107, 194, 28, 47, 0, 0, 0.04%, 0, 0, 5, 909.87
1748454112, 194, 45, 47, 0, 0, 0.04%, 0, 0, 5, 783.63
1748454117, 196, 1, 47, 0, 0, 0.04%, 0, 0, 5, 898.40
1748454122, 197, 1, 47, 0, 0, 0.04%, 0, 0, 5, 884.70
1748454127, 198, 1, 47, 0, 0, 0.04%, 0, 0, 5, 909.39
1748454132, 198, 36, 47, 0, 0, 0.04%, 0, 0, 5, 896.75
1748454137, 198, 38, 47, 0, 0, 0.04%, 0, 0, 5, 890.91
1748454142, 199, 4, 47, 0, 0, 0.04%, 0, 0, 5, 917.25
1748454147, 199, 39, 47, 0, 0, 0.04%, 0, 0, 5, 858.06
1748454153, 200, 0, 47, 0, 0, 0.04%, 0, 0, 5, 890.78
1748454158, 200, 39, 47, 0, 0, 0.04%, 0, 0, 5, 880.25
1748454163, 201, 1, 47, 0, 0, 0.04%, 0, 0, 5, 889.08
1748454168, 201, 45, 47, 0, 0, 0.04%, 0, 0, 5, 792.85
1748454173, 202, 37, 47, 0, 0, 0.04%, 0, 0, 5, 863.26
1748454178, 202, 40, 47, 0, 0, 0.04%, 0, 0, 5, 880.17
1748454183, 203, 31, 47, 0, 0, 0.04%, 0, 0, 5, 946.96
1748454188, 204, 37, 47, 0, 0, 0.04%, 0, 0, 5, 895.96
1748454193, 205, 37, 47, 0, 0, 0.04%, 0, 0, 5, 859.70
1748454198, 205, 38, 47, 0, 0, 0.04%, 0, 0, 5, 892.96
1748454203, 205, 46, 47, 0, 0, 0.04%, 0, 0, 5, 768.71
1748454208, 206, 15, 47, 0, 0, 0.04%, 0, 0, 5, 900.83
1748454213, 207, 37, 47, 0, 0, 0.04%, 0, 0, 5, 920.72
1748454219, 209, 1, 47, 0, 0, 0.04%, 0, 0, 5, 910.18
1748454224, 209, 39, 47, 0, 0, 0.04%, 0, 0, 5, 883.55
1748454229, 210, 0, 47, 0, 0, 0.04%, 0, 0, 5, 813.98
1748454234, 210, 37, 47, 0, 0, 0.04%, 0, 0, 5, 819.26
1748454239, 212, 2, 47, 0, 0, 0.04%, 0, 0, 5, 911.46
1748454244, 213, 9, 47, 0, 0, 0.04%, 0, 0, 5, 936.86
1748454249, 213, 42, 47, 0, 0, 0.04%, 0, 0, 5, 885.26
1748454254, 214, 4, 47, 0, 0, 0.04%, 0, 0, 5, 947.99
1748454259, 215, 2, 47, 0, 0, 0.04%, 0, 0, 5, 926.23
1748454264, 215, 44, 47, 0, 0, 0.04%, 0, 0, 5, 770.59
1748454270, 216, 32, 47, 0, 0, 0.04%, 0, 0, 5, 914.08
1748454275, 217, 11, 47, 0, 0, 0.04%, 0, 0, 5, 937.51
1748454280, 217, 38, 47, 0, 0, 0.04%, 0, 0, 5, 917.65
1748454285, 219, 1, 47, 0, 0, 0.04%, 0, 0, 5, 939.65
1748454290, 220, 34, 47, 0, 0, 0.04%, 0, 0, 5, 959.91
1748454295, 220, 45, 47, 0, 0, 0.04%, 0, 0, 5, 830.62
1748454300, 221, 30, 47, 0, 0, 0.04%, 0, 0, 5, 940.29
1748454305, 222, 11, 47, 0, 0, 0.04%, 0, 0, 5, 949.07
1748454310, 222, 46, 47, 0, 0, 0.04%, 0, 0, 5, 858.81
1748454315, 224, 1, 47, 0, 0, 0.04%, 0, 0, 5, 917.79
1748454320, 224, 46, 47, 0, 0, 0.04%, 0, 0, 5, 823.21
1748454325, 226, 0, 47, 0, 0, 0.04%, 0, 0, 5, 912.98
1748454330, 227, 2, 47, 0, 0, 0.04%, 0, 0, 5, 942.48
1748454335, 228, 37, 47, 0, 0, 0.04%, 0, 0, 5, 939.06
1748454340, 229, 37, 47, 0, 0, 0.04%, 0, 0, 5, 906.11
1748454345, 230, 1, 47, 0, 0, 0.04%, 0, 0, 5, 900.02
1748454350, 231, 2, 47, 0, 0, 0.04%, 0, 0, 5, 930.33
1748454355, 232, 4, 47, 0, 0, 0.04%, 0, 0, 5, 956.68
1748454361, 232, 43, 47, 0, 0, 0.04%, 0, 0, 5, 919.03
1748454366, 233, 36, 47, 0, 0, 0.04%, 0, 0, 5, 904.04
1748454371, 234, 16, 47, 0, 0, 0.04%, 0, 0, 5, 940.84
1748454376, 235, 37, 47, 0, 0, 0.04%, 0, 0, 5, 901.65
1748454381, 236, 1, 47, 0, 0, 0.04%, 0, 0, 5, 930.69
1748454386, 237, 2, 47, 0, 0, 0.04%, 0, 0, 5, 935.69
1748454391, 238, 20, 47, 0, 0, 0.04%, 0, 0, 5, 933.96
1748454396, 238, 38, 47, 0, 0, 0.04%, 0, 0, 5, 911.23
1748454401, 238, 43, 47, 0, 0, 0.04%, 0, 0, 5, 918.20
1748454406, 239, 32, 47, 0, 0, 0.04%, 0, 0, 5, 933.14
1748454411, 239, 37, 47, 0, 0, 0.04%, 0, 0, 5, 859.43
1748454416, 241, 1, 47, 0, 0, 0.04%, 0, 0, 5, 916.67
1748454421, 242, 3, 47, 0, 0, 0.04%, 0, 0, 5, 938.55
1748454426, 242, 38, 47, 0, 0, 0.04%, 0, 0, 5, 882.19
1748454431, 243, 0, 47, 0, 0, 0.04%, 0, 0, 5, 862.91
1748454436, 243, 37, 47, 0, 0, 0.04%, 0, 0, 5, 834.60
1748454441, 244, 37, 47, 0, 0, 0.04%, 0, 0, 5, 876.63
1748454446, 245, 1, 47, 0, 0, 0.04%, 0, 0, 5, 934.27
1748454451, 246, 1, 47, 0, 0, 0.04%, 0, 0, 5, 877.54
1748454457, 247, 1, 47, 0, 0, 0.04%, 0, 0, 5, 911.85
1748454462, 247, 42, 47, 0, 0, 0.04%, 0, 0, 5, 863.91
1748454472, 248, 1, 47, 0, 0, 0.04%, 0, 0, 5, 921.64
1748454477, 248, 43, 47, 0, 0, 0.04%, 0, 0, 5, 858.99
1748454482, 249, 4, 47, 0, 0, 0.04%, 0, 0, 5, 939.46
1748454487, 250, 32, 47, 0, 0, 0.04%, 0, 0, 5, 937.68
1748454492, 251, 18, 47, 0, 0, 0.04%, 0, 0, 5, 940.83
1748454497, 251, 41, 47, 0, 0, 0.04%, 0, 0, 5, 903.89
1748454503, 252, 37, 47, 0, 0, 0.04%, 0, 0, 5, 916.58
1748454508, 253, 2, 47, 0, 0, 0.04%, 0, 0, 5, 906.07
1748454513, 253, 38, 47, 0, 0, 0.04%, 0, 0, 5, 882.75
1748454518, 254, 1, 47, 0, 0, 0.04%, 0, 0, 5, 917.21
1748454523, 255, 4, 47, 0, 0, 0.04%, 0, 0, 5, 928.06
1748454528, 255, 38, 47, 0, 0, 0.04%, 0, 0, 5, 893.75
1748454533, 256, 4, 47, 0, 0, 0.04%, 0, 0, 5, 957.05
1748454538, 256, 38, 47, 0, 0, 0.04%, 0, 0, 5, 905.89
1748454544, 257, 25, 47, 0, 0, 0.04%, 0, 0, 5, 943.14
1748454549, 258, 10, 47, 0, 0, 0.04%, 0, 0, 5, 935.70
1748454554, 258, 37, 47, 0, 0, 0.04%, 0, 0, 5, 889.99
1748454559, 259, 37, 47, 0, 0, 0.04%, 0, 0, 5, 891.68
1748454564, 260, 38, 47, 0, 0, 0.04%, 0, 0, 5, 894.37
1748454569, 260, 44, 47, 0, 0, 0.04%, 0, 0, 5, 911.60
1748454574, 261, 3, 47, 0, 0, 0.04%, 0, 0, 5, 917.00
1748454579, 262, 32, 47, 0, 0, 0.04%, 0, 0, 5, 947.37
1748454584, 262, 46, 47, 0, 0, 0.04%, 0, 0, 5, 807.45
1748454589, 263, 36, 47, 0, 0, 0.04%, 0, 0, 5, 875.35
1748454594, 264, 38, 47, 0, 0, 0.04%, 0, 0, 5, 898.08
1748454605, 265, 42, 47, 0, 0, 0.04%, 0, 0, 5, 896.57
1748454610, 266, 1, 47, 0, 0, 0.04%, 0, 0, 5, 943.37
1748454615, 267, 1, 47, 0, 0, 0.04%, 0, 0, 5, 926.05
1748454620, 267, 37, 47, 0, 0, 0.04%, 0, 0, 5, 885.14
1748454625, 267, 41, 47, 0, 0, 0.04%, 0, 0, 5, 897.96
1748454630, 268, 18, 47, 0, 0, 0.04%, 0, 0, 5, 927.66
1748454635, 269, 29, 47, 0, 0, 0.04%, 0, 0, 5, 947.34
1748454640, 270, 37, 47, 0, 0, 0.04%, 0, 0, 5, 920.60
1748454645, 272, 0, 47, 0, 0, 0.04%, 0, 0, 5, 912.53
1748454650, 272, 39, 47, 0, 0, 0.04%, 0, 0, 5, 895.83
1748454660, 273, 32, 47, 0, 0, 0.04%, 0, 0, 5, 880.77
1748454665, 273, 39, 47, 0, 0, 0.04%, 0, 0, 5, 861.65
1748454670, 274, 37, 47, 0, 0, 0.04%, 0, 0, 5, 898.22
1748454675, 276, 2, 47, 0, 0, 0.04%, 0, 0, 5, 920.03
1748454680, 276, 43, 47, 0, 0, 0.04%, 0, 0, 5, 852.16
1748454686, 277, 1, 47, 0, 0, 0.04%, 0, 0, 5, 889.64
1748454691, 277, 41, 47, 0, 0, 0.04%, 0, 0, 5, 853.08
1748454696, 278, 2, 47, 0, 0, 0.04%, 0, 0, 5, 909.03
1748454701, 278, 40, 47, 0, 0, 0.04%, 0, 0, 5, 865.74
1748454711, 280, 2, 47, 0, 0, 0.04%, 0, 0, 5, 914.11
1748454716, 281, 4, 47, 0, 0, 0.04%, 0, 0, 5, 936.09
1748454721, 282, 17, 47, 0, 0, 0.04%, 0, 0, 5, 934.47
1748454726, 283, 12, 47, 0, 0, 0.04%, 0, 0, 5, 939.06
1748454731, 284, 28, 47, 0, 0, 0.04%, 0, 0, 5, 917.54
1748454736, 285, 22, 47, 0, 0, 0.04%, 0, 0, 5, 941.26
1748454741, 286, 2, 47, 0, 0, 0.04%, 0, 0, 5, 902.42
1748454746, 287, 33, 47, 0, 0, 0.04%, 0, 0, 5, 929.06
1748454751, 288, 37, 47, 0, 0, 0.04%, 0, 0, 5, 887.00
1748454756, 290, 1, 47, 0, 0, 0.04%, 0, 0, 5, 905.53
1748454761, 290, 40, 47, 0, 0, 0.04%, 0, 0, 5, 884.08
1748454766, 291, 1, 47, 0, 0, 0.04%, 0, 0, 5, 926.17
1748454771, 291, 46, 47, 0, 0, 0.04%, 0, 0, 5, 850.35
1748454776, 293, 1, 47, 0, 0, 0.04%, 0, 0, 5, 925.75
1748454781, 293, 37, 47, 0, 0, 0.04%, 0, 0, 5, 850.74
1748454786, 294, 30, 47, 0, 0, 0.04%, 0, 0, 5, 904.31
1748454792, 296, 1, 47, 0, 0, 0.04%, 0, 0, 5, 932.72
1748454797, 296, 37, 47, 0, 0, 0.04%, 0, 0, 5, 854.09
1748454802, 298, 1, 47, 0, 0, 0.04%, 0, 0, 5, 928.48
1748454807, 298, 43, 47, 0, 0, 0.04%, 0, 0, 5, 883.84
1748454812, 299, 3, 47, 0, 0, 0.04%, 0, 0, 5, 936.34
1748454817, 300, 37, 47, 0, 0, 0.04%, 0, 0, 5, 903.76
1748454822, 300, 38, 47, 0, 0, 0.04%, 0, 0, 5, 932.56
1748454827, 301, 37, 47, 0, 0, 0.04%, 0, 0, 5, 893.09
1748454832, 301, 39, 47, 0, 0, 0.04%, 0, 0, 5, 914.87
1748454837, 302, 41, 47, 0, 0, 0.04%, 0, 0, 5, 906.45
1748454847, 303, 39, 47, 0, 0, 0.04%, 0, 0, 5, 901.51
1748454852, 304, 2, 47, 0, 0, 0.04%, 0, 0, 5, 955.96
1748454858, 305, 3, 47, 0, 0, 0.04%, 0, 0, 5, 951.70
1748454863, 306, 22, 47, 0, 0, 0.04%, 0, 0, 5, 948.46
1748454868, 306, 40, 47, 0, 0, 0.04%, 0, 0, 5, 903.25
1748454873, 307, 17, 47, 0, 0, 0.04%, 0, 0, 5, 946.70
1748454878, 308, 32, 47, 0, 0, 0.04%, 0, 0, 5, 926.02
1748454883, 309, 37, 47, 0, 0, 0.04%, 0, 0, 5, 905.02
1748454888, 311, 1, 47, 0, 0, 0.04%, 0, 0, 5, 937.47
