# unix_time, cycles_done, cur_path, paths_total, pending_total, pending_favs, map_size, unique_crashes, unique_hangs, max_depth, execs_per_sec
1746785259, 0, 0, 1, 1, 1, 3.78%, 0, 0, 1, 137.93
1746785264, 0, 0, 43, 43, 1, 4.90%, 0, 0, 2, 145.15
1746785269, 0, 0, 71, 71, 1, 4.94%, 0, 0, 2, 148.22
1746785274, 0, 0, 97, 97, 1, 4.96%, 0, 0, 2, 146.80
1746785279, 0, 0, 114, 114, 1, 4.97%, 0, 0, 2, 150.41
1746785284, 0, 0, 126, 126, 1, 4.98%, 0, 0, 2, 156.03
1746785289, 0, 0, 140, 140, 1, 4.98%, 0, 0, 2, 152.94
1746785294, 0, 0, 154, 154, 1, 4.98%, 0, 0, 2, 153.00
1746785299, 0, 0, 166, 166, 1, 4.98%, 0, 0, 2, 152.50
1746785305, 0, 0, 176, 176, 1, 4.98%, 0, 0, 2, 155.59
1746785310, 0, 0, 187, 187, 1, 4.98%, 0, 0, 2, 155.39
1746785315, 0, 0, 194, 194, 1, 4.98%, 0, 0, 2, 157.63
1746785320, 0, 0, 204, 204, 1, 4.98%, 0, 0, 2, 154.75
1746785325, 0, 0, 214, 214, 1, 4.98%, 0, 0, 2, 153.35
1746785330, 0, 0, 219, 219, 1, 4.98%, 0, 0, 2, 155.29
1746785335, 0, 0, 223, 223, 1, 4.99%, 0, 0, 2, 157.42
1746785341, 0, 0, 225, 225, 1, 4.99%, 0, 0, 2, 159.37
1746785346, 0, 0, 233, 233, 1, 4.99%, 0, 0, 2, 137.74
1746785351, 0, 0, 234, 234, 1, 4.99%, 0, 0, 2, 140.29
1746785356, 0, 0, 235, 235, 1, 4.99%, 0, 0, 2, 140.04
1746785361, 0, 0, 238, 238, 1, 4.99%, 0, 0, 2, 139.49
1746785366, 0, 0, 242, 242, 1, 5.60%, 0, 0, 2, 137.45
1746785371, 0, 0, 245, 245, 1, 5.60%, 0, 0, 2, 136.18
1746785377, 0, 0, 246, 246, 1, 5.60%, 0, 0, 2, 137.45
1746785382, 0, 0, 249, 249, 1, 5.60%, 0, 0, 2, 137.91
1746785387, 0, 0, 252, 252, 1, 5.60%, 0, 0, 2, 136.84
1746785392, 0, 0, 254, 254, 1, 5.61%, 0, 0, 2, 137.48
1746785397, 0, 0, 256, 256, 1, 5.61%, 0, 0, 2, 136.97
1746785407, 0, 0, 257, 257, 1, 5.61%, 0, 0, 2, 138.90
1746785413, 0, 0, 259, 259, 1, 5.61%, 0, 0, 2, 139.14
1746785418, 0, 0, 262, 262, 1, 5.61%, 0, 0, 2, 137.87
1746785423, 0, 0, 266, 266, 1, 5.61%, 0, 0, 2, 136.75
1746785428, 0, 0, 268, 268, 1, 5.61%, 0, 0, 2, 137.24
1746785438, 0, 0, 270, 270, 1, 5.61%, 0, 0, 2, 138.32
1746785443, 0, 0, 272, 272, 1, 5.61%, 0, 0, 2, 138.56
1746785448, 0, 0, 274, 274, 1, 5.61%, 0, 0, 2, 138.07
1746785454, 0, 0, 275, 275, 1, 5.61%, 0, 0, 2, 136.76
1746785459, 0, 0, 276, 276, 1, 5.61%, 0, 0, 2, 138.64
1746785464, 0, 0, 279, 279, 1, 5.61%, 0, 0, 2, 137.31
1746785469, 0, 0, 280, 280, 1, 5.61%, 0, 0, 2, 136.90
1746785474, 0, 0, 283, 283, 1, 5.61%, 0, 0, 2, 135.62
1746785479, 0, 0, 285, 285, 1, 5.61%, 0, 0, 2, 134.29
1746785485, 0, 0, 287, 287, 1, 5.61%, 0, 0, 2, 137.14
1746785490, 0, 0, 288, 288, 1, 5.61%, 0, 0, 2, 139.41
1746785495, 0, 0, 290, 290, 1, 5.61%, 0, 0, 2, 136.50
1746785500, 0, 0, 293, 293, 1, 5.75%, 0, 0, 2, 135.82
1746785505, 0, 2, 294, 293, 11, 5.75%, 0, 0, 2, 136.87
1746785510, 0, 2, 295, 294, 11, 5.75%, 0, 0, 3, 138.74
1746785521, 0, 16, 295, 293, 10, 5.75%, 0, 0, 3, 134.57
1746785628, 0, 16, 298, 296, 10, 5.75%, 0, 0, 3, 101.49
1746785633, 0, 16, 303, 301, 10, 5.75%, 0, 0, 3, 106.39
1746785638, 0, 16, 306, 304, 10, 5.75%, 0, 0, 3, 105.42
1746785643, 0, 16, 313, 311, 10, 5.75%, 0, 0, 3, 104.47
1746785648, 0, 16, 319, 317, 10, 5.75%, 0, 0, 3, 107.66
1746785653, 0, 16, 322, 320, 10, 5.75%, 0, 0, 3, 108.58
1746785659, 0, 16, 325, 323, 10, 5.75%, 0, 0, 3, 108.78
1746785664, 0, 16, 331, 329, 10, 5.75%, 0, 0, 3, 104.46
1746785669, 0, 16, 335, 333, 10, 5.75%, 0, 0, 3, 105.94
1746785679, 0, 16, 338, 336, 10, 5.75%, 0, 0, 3, 108.32
1746785684, 0, 16, 339, 337, 10, 5.75%, 0, 0, 3, 109.03
1746785689, 0, 16, 340, 338, 10, 5.75%, 0, 0, 3, 107.92
1746785694, 0, 16, 343, 341, 10, 5.75%, 0, 0, 3, 107.37
1746785699, 0, 16, 345, 343, 10, 5.75%, 0, 0, 3, 106.99
1746785709, 0, 16, 347, 345, 10, 5.76%, 0, 0, 3, 107.64
1746785715, 0, 16, 348, 346, 10, 5.76%, 0, 0, 3, 109.30
1746785720, 0, 16, 349, 347, 10, 5.76%, 0, 0, 3, 109.58
1746785725, 0, 16, 350, 348, 10, 5.76%, 0, 0, 3, 111.15
1746785730, 0, 16, 352, 350, 10, 5.76%, 0, 0, 3, 108.93
1746785735, 0, 16, 354, 352, 10, 5.76%, 0, 0, 3, 108.34
1746785740, 0, 16, 355, 353, 10, 5.76%, 0, 0, 3, 107.34
1746785745, 0, 16, 359, 357, 10, 5.76%, 0, 0, 3, 104.78
1746785755, 0, 16, 364, 362, 10, 5.76%, 0, 0, 3, 107.41
1746785760, 0, 16, 366, 364, 10, 5.76%, 0, 0, 3, 105.30
1746785765, 0, 16, 368, 366, 10, 5.76%, 0, 0, 3, 109.75
1746785786, 0, 16, 370, 368, 10, 5.76%, 0, 0, 3, 108.10
1746785796, 0, 16, 371, 369, 10, 5.76%, 0, 0, 3, 110.39
1746785801, 0, 16, 373, 371, 10, 5.76%, 0, 0, 3, 107.02
1746785806, 0, 16, 374, 372, 10, 5.76%, 0, 0, 3, 109.44
1746785811, 0, 16, 375, 373, 10, 5.76%, 0, 0, 3, 108.69
1746785816, 0, 16, 377, 375, 10, 5.76%, 0, 0, 3, 108.69
1746785832, 0, 16, 378, 376, 10, 5.76%, 0, 0, 3, 108.34
1746785837, 0, 16, 380, 378, 10, 5.76%, 0, 0, 3, 109.25
1746785842, 0, 16, 381, 379, 10, 5.76%, 0, 0, 3, 109.01
1746785847, 0, 16, 382, 380, 10, 5.76%, 0, 0, 3, 108.28
1746785852, 0, 16, 384, 382, 10, 5.76%, 0, 0, 3, 107.82
1746785857, 0, 16, 385, 383, 10, 5.76%, 0, 0, 3, 108.59
1746785867, 0, 16, 386, 384, 10, 5.76%, 0, 0, 3, 107.69
1746785882, 0, 16, 387, 385, 10, 5.76%, 0, 0, 3, 111.36
1746785888, 0, 16, 388, 386, 10, 5.76%, 0, 0, 3, 109.36
1746785893, 0, 16, 389, 387, 10, 5.76%, 0, 0, 3, 107.68
1746785908, 0, 16, 390, 388, 10, 5.76%, 0, 0, 3, 108.05
1746785913, 0, 16, 391, 389, 10, 5.76%, 0, 0, 3, 110.25
1746785923, 0, 16, 392, 390, 10, 5.76%, 0, 0, 3, 109.55
1746785938, 0, 29, 392, 389, 16, 5.76%, 0, 0, 3, 111.97
1746785994, 0, 94, 392, 388, 15, 5.76%, 0, 0, 3, 115.32
1746786055, 0, 99, 392, 387, 15, 5.76%, 0, 0, 3, 120.71
1746786111, 0, 107, 392, 386, 14, 5.76%, 0, 0, 3, 108.33
1746786202, 0, 107, 393, 387, 14, 5.76%, 0, 0, 3, 110.59
1746786207, 0, 107, 394, 388, 14, 5.76%, 0, 0, 3, 110.03
1746786222, 0, 107, 396, 390, 14, 5.76%, 0, 0, 3, 109.63
1746786227, 0, 107, 398, 392, 14, 5.76%, 0, 0, 3, 109.77
1746786232, 0, 107, 399, 393, 14, 5.76%, 0, 0, 3, 112.38
1746786237, 0, 107, 401, 395, 14, 5.76%, 0, 0, 3, 109.51
1746786248, 0, 107, 402, 396, 14, 5.76%, 0, 0, 3, 111.47
1746786258, 0, 107, 404, 398, 14, 5.76%, 0, 0, 3, 105.75
1746786273, 0, 107, 405, 399, 14, 5.76%, 0, 0, 3, 108.35
1746786299, 0, 107, 406, 400, 14, 5.76%, 0, 0, 3, 109.80
1746786314, 0, 107, 407, 401, 14, 5.76%, 0, 0, 3, 110.79
1746786324, 0, 107, 408, 402, 14, 5.76%, 0, 0, 3, 110.32
1746786329, 0, 107, 409, 403, 14, 5.76%, 0, 0, 3, 109.57
1746786334, 0, 107, 410, 404, 14, 5.76%, 0, 0, 3, 109.95
1746786359, 0, 107, 411, 405, 14, 5.83%, 0, 0, 3, 109.79
1746786364, 0, 107, 413, 407, 14, 5.83%, 0, 0, 3, 107.99
1746786370, 0, 107, 414, 408, 14, 5.83%, 0, 0, 3, 109.28
1746786380, 0, 107, 415, 409, 14, 5.83%, 0, 0, 3, 111.13
1746786390, 0, 107, 416, 410, 14, 5.83%, 0, 0, 3, 112.34
1746786395, 0, 107, 418, 412, 14, 5.83%, 0, 0, 3, 110.55
1746786420, 0, 107, 419, 413, 14, 5.83%, 0, 0, 3, 112.97
1746786431, 0, 107, 420, 414, 14, 5.83%, 0, 0, 3, 109.96
1746786441, 0, 107, 421, 415, 14, 5.83%, 0, 0, 3, 110.06
1746786446, 0, 107, 423, 417, 14, 5.83%, 0, 0, 3, 108.93
1746786451, 0, 107, 424, 418, 14, 5.83%, 0, 0, 3, 107.75
1746786466, 0, 107, 426, 420, 14, 5.83%, 0, 0, 3, 108.29
1746786471, 0, 107, 427, 421, 14, 5.83%, 0, 0, 3, 109.07
1746786491, 0, 107, 428, 422, 14, 5.83%, 0, 0, 3, 109.26
1746786497, 0, 114, 428, 421, 12, 5.83%, 0, 0, 3, 105.61
1746786593, 0, 119, 428, 420, 11, 5.83%, 0, 0, 3, 94.72
1746786771, 0, 119, 431, 423, 11, 5.83%, 0, 0, 3, 90.91
1746786781, 0, 119, 433, 425, 11, 5.83%, 0, 0, 3, 91.64
1746786787, 0, 119, 435, 427, 11, 5.83%, 0, 0, 3, 93.40
1746786792, 0, 119, 436, 428, 11, 5.83%, 0, 0, 3, 94.90
1746786802, 0, 119, 437, 429, 11, 5.83%, 0, 0, 3, 95.87
1746786812, 0, 119, 439, 431, 11, 5.83%, 0, 0, 3, 94.30
1746786817, 0, 119, 440, 432, 11, 5.83%, 0, 0, 3, 93.73
1746786848, 0, 119, 442, 434, 11, 5.83%, 0, 0, 3, 92.34
1746786858, 0, 119, 443, 435, 11, 5.83%, 0, 0, 3, 95.63
1746786863, 0, 119, 444, 436, 11, 5.83%, 0, 0, 3, 94.81
1746786868, 0, 119, 446, 438, 11, 5.83%, 0, 0, 3, 93.48
1746786884, 0, 119, 448, 440, 11, 5.83%, 0, 0, 3, 94.23
1746786889, 0, 119, 449, 441, 11, 5.83%, 0, 0, 3, 94.59
1746786894, 0, 119, 450, 442, 11, 5.83%, 0, 0, 3, 93.89
1746786899, 0, 119, 452, 444, 11, 5.83%, 0, 0, 3, 93.34
1746786915, 0, 119, 453, 445, 11, 5.83%, 0, 0, 3, 94.80
1746786925, 0, 119, 454, 446, 11, 5.83%, 0, 0, 3, 94.48
1746786930, 0, 119, 455, 447, 11, 5.83%, 0, 0, 3, 94.24
1746786935, 0, 119, 456, 448, 11, 5.83%, 0, 0, 3, 95.66
1746786940, 0, 119, 457, 449, 11, 5.83%, 0, 0, 3, 93.54
1746786945, 0, 119, 458, 450, 11, 5.83%, 0, 0, 3, 93.95
1746786950, 0, 119, 459, 451, 11, 5.83%, 0, 0, 3, 94.51
1746786956, 0, 119, 460, 452, 11, 5.83%, 0, 0, 3, 95.10
1746786961, 0, 119, 461, 453, 11, 5.83%, 0, 0, 3, 94.99
1746786976, 0, 119, 462, 454, 11, 5.83%, 0, 0, 3, 93.31
1746786981, 0, 119, 463, 455, 11, 5.83%, 0, 0, 3, 94.77
1746786986, 0, 119, 464, 456, 11, 5.83%, 0, 0, 3, 92.75
1746786992, 0, 119, 466, 458, 11, 5.83%, 0, 0, 3, 93.49
1746786997, 0, 119, 467, 459, 11, 5.83%, 0, 0, 3, 94.00
1746787022, 0, 119, 468, 460, 11, 5.83%, 0, 0, 3, 93.17
1746787053, 0, 119, 469, 461, 11, 5.83%, 0, 0, 3, 95.28
1746787094, 0, 119, 470, 462, 11, 5.83%, 0, 0, 3, 95.05
1746787099, 0, 119, 472, 464, 11, 5.83%, 0, 0, 3, 93.07
1746787115, 0, 119, 473, 465, 11, 5.83%, 0, 0, 3, 96.00
1746787120, 0, 151, 473, 464, 10, 5.83%, 0, 0, 3, 92.78
1746787249, 0, 175, 473, 463, 9, 5.83%, 0, 0, 3, 99.44
1746787351, 0, 195, 473, 462, 8, 5.83%, 0, 0, 3, 100.33
1746787480, 0, 195, 474, 463, 8, 5.83%, 0, 0, 3, 97.89
1746787500, 0, 254, 474, 462, 7, 5.83%, 0, 0, 3, 88.92
1746787683, 0, 254, 475, 463, 7, 5.83%, 0, 0, 3, 91.89
1746787688, 0, 254, 477, 465, 7, 5.83%, 0, 0, 3, 93.98
1746787694, 0, 254, 478, 466, 7, 5.83%, 0, 0, 3, 95.07
1746787699, 0, 254, 479, 467, 7, 5.83%, 0, 0, 3, 94.39
1746787704, 0, 254, 480, 468, 7, 5.83%, 0, 0, 3, 92.10
1746787714, 0, 254, 482, 470, 7, 6.12%, 0, 0, 3, 91.59
1746787719, 0, 254, 484, 472, 7, 6.12%, 0, 0, 3, 92.92
1746787724, 0, 254, 485, 473, 7, 6.12%, 0, 0, 3, 94.75
1746787729, 0, 254, 487, 475, 7, 6.12%, 0, 0, 3, 93.44
1746787734, 0, 254, 490, 478, 7, 6.12%, 0, 0, 3, 91.83
1746787745, 0, 254, 491, 479, 7, 6.12%, 0, 0, 3, 94.96
1746787750, 0, 254, 492, 480, 7, 6.12%, 0, 0, 3, 95.66
1746787770, 0, 254, 493, 481, 7, 6.12%, 0, 0, 3, 93.32
1746787781, 0, 254, 496, 484, 7, 6.12%, 0, 0, 3, 94.09
1746787796, 0, 254, 498, 486, 7, 6.12%, 0, 0, 3, 95.24
1746787801, 0, 254, 500, 488, 7, 6.12%, 0, 0, 3, 94.11
1746787806, 0, 254, 501, 489, 7, 6.12%, 0, 0, 3, 94.34
1746787811, 0, 254, 503, 491, 7, 6.12%, 0, 0, 3, 94.76
1746787816, 0, 254, 505, 493, 7, 6.12%, 0, 0, 3, 94.17
1746787827, 0, 254, 507, 495, 7, 6.12%, 0, 0, 3, 94.75
1746787832, 0, 254, 509, 497, 7, 6.12%, 0, 0, 3, 94.94
1746787847, 0, 254, 510, 498, 7, 6.12%, 0, 0, 3, 95.23
1746787857, 0, 254, 511, 499, 7, 6.12%, 0, 0, 3, 92.19
1746787863, 0, 254, 512, 500, 7, 6.12%, 0, 0, 3, 93.86
1746787883, 0, 254, 515, 503, 7, 6.12%, 0, 0, 3, 92.67
1746787888, 0, 254, 517, 505, 7, 6.12%, 0, 0, 3, 92.73
1746787893, 0, 254, 519, 507, 7, 6.12%, 0, 0, 3, 93.03
1746787904, 0, 254, 521, 509, 7, 6.12%, 0, 0, 3, 93.28
1746787924, 0, 254, 522, 510, 7, 6.12%, 0, 0, 3, 94.24
1746787934, 0, 254, 523, 511, 7, 6.12%, 0, 0, 3, 94.19
1746787975, 0, 254, 526, 514, 7, 6.12%, 0, 0, 3, 90.67
1746787980, 0, 254, 527, 515, 7, 6.12%, 0, 0, 3, 92.22
1746788001, 0, 254, 528, 516, 7, 6.12%, 0, 0, 3, 93.05
1746788011, 0, 254, 529, 517, 7, 6.12%, 0, 0, 3, 94.53
1746788027, 0, 254, 530, 518, 7, 6.15%, 0, 0, 3, 94.97
1746788032, 0, 268, 530, 517, 9, 6.15%, 0, 0, 3, 86.16
1746788245, 0, 271, 530, 516, 8, 6.15%, 0, 0, 3, 101.14
1746788316, 0, 300, 530, 515, 8, 6.15%, 0, 0, 3, 92.24
1746788595, 0, 300, 531, 516, 8, 6.15%, 0, 0, 4, 79.59
1746788610, 0, 300, 534, 519, 8, 6.15%, 0, 0, 4, 81.70
1746788652, 0, 300, 535, 520, 8, 6.15%, 0, 0, 4, 86.46
1746788657, 0, 300, 536, 521, 8, 6.15%, 0, 0, 4, 84.79
1746788662, 0, 300, 537, 522, 8, 6.15%, 0, 0, 4, 83.05
1746788693, 0, 300, 538, 523, 8, 6.15%, 0, 0, 4, 83.30
1746788703, 0, 300, 539, 524, 8, 6.15%, 0, 0, 4, 86.12
1746788718, 0, 300, 540, 525, 8, 6.15%, 0, 0, 4, 84.90
1746788729, 0, 300, 541, 526, 8, 6.15%, 0, 0, 4, 82.63
1746788734, 0, 300, 542, 527, 8, 6.15%, 0, 0, 4, 83.10
1746788744, 0, 300, 544, 529, 8, 6.15%, 0, 0, 4, 82.71
1746788749, 0, 300, 546, 531, 8, 6.15%, 0, 0, 4, 83.92
1746788754, 0, 300, 547, 532, 8, 6.15%, 0, 0, 4, 84.29
1746788775, 0, 300, 548, 533, 8, 6.15%, 0, 0, 4, 84.98
1746788780, 0, 300, 550, 535, 8, 6.15%, 0, 0, 4, 83.26
1746788826, 0, 300, 551, 536, 8, 6.15%, 0, 0, 4, 85.92
1746788831, 0, 300, 553, 538, 8, 6.15%, 0, 0, 4, 83.59
1746788872, 0, 300, 554, 539, 8, 6.15%, 0, 0, 4, 83.65
1746788888, 0, 300, 556, 541, 8, 6.15%, 0, 0, 4, 83.06
1746788919, 0, 300, 558, 543, 8, 6.70%, 0, 0, 4, 82.77
1746788939, 0, 300, 559, 544, 8, 6.70%, 0, 0, 4, 83.77
1746788949, 0, 300, 560, 545, 8, 6.70%, 0, 0, 4, 82.47
1746788985, 0, 338, 560, 544, 5, 6.70%, 0, 0, 4, 75.20
1746788991, 0, 338, 561, 545, 5, 6.70%, 0, 0, 4, 68.89
1746789161, 0, 338, 562, 546, 5, 6.70%, 0, 0, 4, 66.75
1746789347, 0, 338, 567, 551, 5, 6.70%, 0, 0, 4, 73.56
1746789352, 0, 338, 573, 557, 5, 6.76%, 0, 0, 4, 71.64
1746789358, 0, 338, 578, 562, 5, 6.77%, 0, 0, 4, 73.44
1746789363, 0, 338, 579, 563, 5, 6.77%, 0, 0, 4, 74.40
1746789368, 0, 338, 581, 565, 5, 6.77%, 0, 0, 4, 74.48
1746789373, 0, 338, 584, 568, 5, 6.77%, 0, 0, 4, 74.51
1746789378, 0, 338, 588, 572, 5, 6.77%, 0, 0, 4, 71.01
1746789383, 0, 338, 592, 576, 5, 6.77%, 0, 0, 4, 73.61
1746789389, 0, 338, 597, 581, 5, 6.77%, 0, 0, 4, 74.10
1746789394, 0, 338, 600, 584, 5, 6.77%, 0, 0, 4, 74.88
1746789399, 0, 338, 601, 585, 5, 6.77%, 0, 0, 4, 75.59
1746789420, 0, 338, 602, 586, 5, 6.77%, 0, 0, 4, 76.80
1746789430, 0, 338, 604, 588, 5, 6.77%, 0, 0, 4, 77.78
1746789435, 0, 338, 606, 590, 5, 6.77%, 0, 0, 4, 75.07
1746789440, 0, 338, 607, 591, 5, 6.79%, 0, 0, 4, 75.51
1746789450, 0, 338, 609, 593, 5, 6.79%, 0, 0, 4, 74.69
1746789456, 0, 338, 612, 596, 5, 6.82%, 0, 0, 4, 73.34
1746789461, 0, 338, 614, 598, 5, 6.82%, 0, 0, 4, 75.00
1746789466, 0, 338, 615, 599, 5, 6.82%, 0, 0, 4, 74.96
1746789471, 0, 338, 616, 600, 5, 6.82%, 0, 0, 4, 75.15
1746789476, 0, 338, 619, 603, 5, 6.84%, 0, 0, 4, 73.41
1746789481, 0, 338, 620, 604, 5, 6.84%, 0, 0, 4, 77.43
1746789487, 0, 338, 622, 606, 5, 6.84%, 0, 0, 4, 74.50
1746789492, 0, 338, 623, 607, 5, 6.85%, 0, 0, 4, 74.05
1746789502, 0, 338, 626, 610, 5, 6.85%, 0, 0, 4, 74.18
1746789507, 0, 338, 627, 611, 5, 6.85%, 0, 0, 4, 75.02
1746789517, 0, 338, 628, 612, 5, 6.85%, 0, 0, 4, 76.25
1746789523, 0, 338, 629, 613, 5, 6.85%, 0, 0, 4, 74.53
1746789543, 0, 338, 630, 614, 5, 6.88%, 0, 0, 4, 76.13
1746789549, 0, 338, 631, 615, 5, 6.88%, 0, 0, 4, 74.84
1746789554, 0, 338, 632, 616, 5, 6.88%, 0, 0, 4, 75.70
1746789564, 0, 338, 634, 618, 5, 6.88%, 0, 0, 4, 73.14
1746789569, 0, 338, 636, 620, 5, 6.88%, 0, 0, 4, 73.27
1746789590, 0, 338, 638, 622, 5, 6.88%, 0, 0, 4, 76.11
1746789605, 0, 338, 639, 623, 5, 6.88%, 0, 0, 4, 76.19
1746789610, 0, 338, 641, 625, 5, 6.88%, 0, 0, 4, 74.12
1746789616, 0, 338, 643, 627, 5, 7.03%, 0, 0, 4, 75.46
1746789652, 0, 338, 644, 628, 5, 7.03%, 0, 0, 4, 75.55
1746789667, 0, 338, 645, 629, 5, 7.03%, 0, 0, 4, 75.88
1746789678, 0, 338, 646, 630, 5, 7.03%, 0, 0, 4, 77.14
1746789683, 0, 338, 647, 631, 5, 7.03%, 0, 0, 4, 75.22
1746789693, 0, 338, 649, 633, 5, 7.03%, 0, 0, 4, 76.60
1746789703, 0, 338, 650, 634, 5, 7.03%, 0, 0, 4, 76.10
1746789708, 0, 338, 651, 635, 5, 7.03%, 0, 0, 4, 74.93
1746789724, 0, 338, 653, 637, 5, 7.04%, 0, 0, 4, 74.53
1746789734, 0, 338, 654, 638, 5, 7.04%, 0, 0, 4, 74.47
1746789739, 0, 338, 655, 639, 5, 7.04%, 0, 0, 4, 75.71
1746789745, 0, 338, 656, 640, 5, 7.04%, 0, 0, 4, 75.59
1746789750, 0, 338, 657, 641, 5, 7.04%, 0, 0, 4, 77.00
1746789765, 0, 338, 658, 642, 5, 7.04%, 0, 0, 4, 74.74
1746789776, 0, 338, 659, 643, 5, 7.04%, 0, 0, 4, 74.82
1746789786, 0, 383, 659, 642, 17, 7.04%, 0, 0, 4, 72.13
1746789874, 0, 383, 660, 643, 17, 7.04%, 0, 0, 4, 58.14
1746790353, 0, 383, 662, 645, 17, 7.04%, 0, 0, 4, 61.12
1746790364, 0, 383, 664, 647, 17, 7.04%, 0, 0, 4, 64.06
1746790374, 0, 383, 666, 649, 17, 7.04%, 0, 0, 4, 64.72
1746790384, 0, 383, 667, 650, 17, 7.04%, 0, 0, 4, 66.06
1746790389, 0, 383, 669, 652, 17, 7.04%, 0, 0, 4, 64.67
1746790400, 0, 383, 670, 653, 17, 7.04%, 0, 0, 4, 64.77
1746790415, 0, 383, 671, 654, 17, 7.04%, 0, 0, 4, 64.65
1746790420, 0, 383, 673, 656, 17, 7.04%, 0, 0, 4, 62.86
1746790441, 0, 383, 674, 657, 17, 7.04%, 0, 0, 4, 65.38
1746790446, 0, 383, 676, 659, 17, 7.04%, 0, 0, 4, 64.39
1746790451, 0, 383, 677, 660, 17, 7.04%, 0, 0, 4, 65.41
1746790466, 0, 383, 678, 661, 17, 7.04%, 0, 0, 4, 64.68
1746790477, 0, 383, 679, 662, 17, 7.04%, 0, 0, 4, 64.89
1746790482, 0, 383, 680, 663, 17, 7.04%, 0, 0, 4, 65.17
1746790487, 0, 383, 681, 664, 17, 7.04%, 0, 0, 4, 65.57
1746790533, 0, 383, 682, 665, 17, 7.04%, 0, 0, 4, 63.84
1746790539, 0, 383, 684, 667, 17, 7.04%, 0, 0, 4, 63.08
1746790549, 0, 383, 685, 668, 17, 7.04%, 0, 0, 4, 65.24
1746790585, 0, 383, 686, 669, 17, 7.04%, 0, 0, 4, 65.47
1746790631, 0, 383, 687, 670, 17, 7.04%, 0, 0, 4, 65.32
1746790688, 0, 383, 688, 671, 17, 7.04%, 0, 0, 4, 64.85
1746790703, 0, 383, 689, 672, 17, 7.04%, 0, 0, 4, 64.37
1746790765, 0, 383, 690, 673, 17, 7.04%, 0, 0, 4, 63.79
1746790785, 0, 383, 691, 674, 17, 7.04%, 0, 0, 4, 65.18
1746790806, 0, 383, 692, 675, 17, 7.04%, 0, 0, 4, 63.96
1746790811, 0, 383, 693, 676, 17, 7.04%, 0, 0, 4, 64.36
1746790816, 0, 383, 694, 677, 17, 7.04%, 0, 0, 4, 63.78
1746790853, 0, 383, 696, 679, 17, 7.04%, 0, 0, 4, 63.84
1746790858, 0, 484, 696, 678, 19, 7.04%, 0, 0, 4, 61.06
1746791457, 0, 484, 697, 679, 19, 7.04%, 0, 0, 4, 62.18
1746791467, 0, 484, 698, 680, 19, 7.04%, 0, 0, 4, 62.23
1746791518, 0, 557, 698, 679, 19, 7.04%, 0, 0, 4, 51.12
1746791529, 0, 557, 700, 681, 19, 7.04%, 0, 0, 5, 39.53
1746791534, 0, 557, 708, 689, 19, 7.04%, 0, 0, 5, 39.13
1746791539, 0, 557, 710, 691, 19, 7.04%, 0, 0, 5, 38.91
1746791554, 0, 557, 711, 692, 19, 7.04%, 0, 0, 5, 38.91
1746791559, 0, 557, 713, 694, 19, 7.06%, 0, 0, 5, 38.87
1746791570, 0, 557, 714, 695, 19, 7.06%, 0, 0, 5, 38.73
1746791657, 0, 557, 715, 696, 19, 7.06%, 0, 0, 5, 38.82
1746791709, 0, 557, 719, 700, 19, 7.06%, 0, 0, 5, 39.15
1746791714, 0, 557, 721, 702, 19, 7.06%, 0, 0, 5, 38.94
1746791868, 0, 557, 722, 703, 19, 7.07%, 0, 0, 5, 38.85
1746792312, 0, 557, 724, 705, 19, 7.07%, 0, 0, 5, 38.72
1746792322, 0, 557, 725, 706, 19, 7.07%, 0, 0, 5, 39.22
1746792368, 0, 557, 726, 707, 19, 7.07%, 0, 0, 5, 38.76
1746792507, 0, 557, 728, 709, 19, 7.07%, 0, 0, 5, 38.64
1746792837, 0, 557, 734, 715, 19, 7.07%, 0, 0, 5, 40.03
1746792842, 0, 557, 744, 725, 19, 7.07%, 0, 0, 5, 42.59
1746792848, 0, 557, 755, 736, 19, 7.07%, 0, 0, 5, 41.66
1746792853, 0, 557, 762, 743, 19, 7.08%, 0, 0, 5, 42.75
1746792858, 0, 557, 768, 749, 19, 7.08%, 0, 0, 5, 44.02
1746792863, 0, 557, 774, 755, 19, 7.08%, 0, 0, 5, 43.00
1746792868, 0, 557, 782, 763, 19, 7.08%, 0, 0, 5, 42.21
1746792873, 0, 557, 786, 767, 19, 7.08%, 0, 0, 5, 43.66
1746792878, 0, 557, 790, 771, 19, 7.08%, 0, 0, 5, 43.59
1746792883, 0, 557, 797, 778, 19, 7.19%, 0, 0, 5, 42.61
1746792888, 0, 557, 801, 782, 19, 7.19%, 0, 0, 5, 43.83
1746792893, 0, 557, 804, 785, 19, 7.19%, 0, 0, 5, 43.25
1746792898, 0, 557, 809, 790, 19, 7.19%, 0, 0, 5, 43.40
1746792903, 0, 557, 811, 792, 19, 7.19%, 0, 0, 5, 44.56
1746792908, 0, 557, 813, 794, 19, 7.19%, 0, 0, 5, 44.38
1746792913, 0, 557, 815, 796, 19, 7.19%, 0, 0, 5, 44.18
1746792919, 0, 557, 817, 798, 19, 7.19%, 0, 0, 5, 44.43
1746792924, 0, 557, 819, 800, 19, 7.19%, 0, 0, 5, 45.07
1746792929, 0, 557, 821, 802, 19, 7.19%, 0, 0, 5, 44.98
1746792934, 0, 557, 823, 804, 19, 7.19%, 0, 0, 5, 43.85
1746792939, 0, 557, 824, 805, 19, 7.19%, 0, 0, 5, 44.51
1746792944, 0, 557, 826, 807, 19, 7.19%, 0, 0, 5, 44.55
1746792949, 0, 557, 827, 808, 19, 7.19%, 0, 0, 5, 44.97
1746792959, 0, 557, 828, 809, 19, 7.19%, 0, 0, 5, 44.26
1746792964, 0, 557, 829, 810, 19, 7.19%, 0, 0, 5, 45.57
1746792969, 0, 557, 831, 812, 19, 7.19%, 0, 0, 5, 45.05
1746792980, 0, 557, 834, 815, 19, 7.19%, 0, 0, 5, 43.12
1746792990, 0, 557, 836, 817, 19, 7.19%, 0, 0, 5, 44.78
1746792995, 0, 557, 837, 818, 19, 7.19%, 0, 0, 5, 45.37
1746793000, 0, 557, 839, 820, 19, 7.19%, 0, 0, 5, 46.11
1746793010, 0, 557, 840, 821, 19, 7.19%, 0, 0, 5, 45.89
1746793015, 0, 557, 841, 822, 19, 7.19%, 0, 0, 5, 45.75
1746793041, 0, 557, 842, 823, 19, 7.19%, 0, 0, 5, 44.90
1746793046, 0, 557, 843, 824, 19, 7.19%, 0, 0, 5, 44.53
1746793051, 0, 557, 845, 826, 19, 7.19%, 0, 0, 5, 43.69
1746793056, 0, 557, 847, 828, 19, 7.19%, 0, 0, 5, 45.08
1746793071, 0, 557, 849, 830, 19, 7.19%, 0, 0, 5, 43.00
1746793076, 0, 557, 850, 831, 19, 7.19%, 0, 0, 5, 44.05
1746793086, 0, 557, 851, 832, 19, 7.19%, 0, 0, 5, 44.29
1746793091, 0, 557, 852, 833, 19, 7.19%, 0, 0, 5, 44.12
1746793096, 0, 557, 853, 834, 19, 7.19%, 0, 0, 5, 45.48
1746793106, 0, 557, 854, 835, 19, 7.19%, 0, 0, 5, 45.34
1746793111, 0, 557, 855, 836, 19, 7.19%, 0, 0, 5, 44.34
1746793121, 0, 557, 856, 837, 19, 7.19%, 0, 0, 5, 44.41
1746793127, 0, 557, 857, 838, 19, 7.19%, 0, 0, 5, 45.17
1746793132, 0, 557, 858, 839, 19, 7.19%, 0, 0, 5, 44.33
1746793137, 0, 557, 859, 840, 19, 7.19%, 0, 0, 5, 44.62
1746793157, 0, 557, 860, 841, 19, 7.19%, 0, 0, 5, 44.71
1746793177, 0, 557, 861, 842, 19, 7.19%, 0, 0, 5, 45.39
1746793187, 0, 557, 862, 843, 19, 7.19%, 0, 0, 5, 44.65
1746793203, 0, 557, 864, 845, 19, 7.19%, 0, 0, 5, 45.32
1746793213, 0, 557, 865, 846, 19, 7.19%, 0, 0, 5, 45.63
1746793233, 0, 557, 867, 848, 19, 7.19%, 0, 0, 5, 45.62
1746793248, 0, 557, 868, 849, 19, 7.19%, 0, 0, 5, 44.89
1746793304, 0, 557, 869, 850, 19, 7.19%, 0, 0, 5, 45.23
1746793325, 0, 557, 870, 851, 19, 7.19%, 0, 0, 5, 44.85
1746793370, 0, 557, 872, 853, 19, 7.19%, 0, 0, 5, 44.86
1746793385, 0, 557, 873, 854, 19, 7.19%, 0, 0, 5, 45.22
1746793411, 0, 567, 873, 853, 22, 7.19%, 0, 0, 5, 51.18
1746793951, 0, 569, 873, 852, 21, 7.19%, 0, 0, 5, 56.84
1746794654, 0, 577, 873, 851, 20, 7.19%, 0, 0, 5, 58.24
1746795283, 0, 601, 873, 850, 19, 7.19%, 0, 0, 5, 58.76
1746796037, 0, 601, 874, 851, 19, 7.19%, 0, 0, 5, 57.05
1746796083, 0, 601, 875, 852, 19, 7.19%, 0, 0, 5, 56.42
1746796103, 0, 601, 876, 853, 19, 7.19%, 0, 0, 5, 56.11
1746796123, 0, 601, 877, 854, 19, 7.19%, 0, 0, 5, 56.40
1746796149, 0, 601, 878, 855, 19, 7.19%, 0, 0, 5, 55.83
1746796220, 0, 601, 879, 856, 19, 7.19%, 0, 0, 5, 56.49
1746796597, 0, 615, 879, 855, 19, 7.19%, 0, 0, 5, 54.49
1746797458, 0, 622, 879, 854, 18, 7.19%, 0, 0, 5, 46.88
1746798430, 0, 636, 879, 853, 17, 7.19%, 0, 0, 5, 49.53
1746799243, 0, 644, 879, 852, 16, 7.19%, 0, 0, 5, 58.91
1746799703, 0, 646, 879, 851, 15, 7.19%, 0, 0, 5, 67.40
1746800230, 0, 652, 879, 850, 14, 7.19%, 0, 0, 5, 53.66
1746800250, 0, 652, 880, 851, 14, 7.19%, 0, 0, 5, 49.74
1746800331, 0, 652, 881, 852, 14, 7.19%, 0, 0, 5, 49.88
1746800918, 0, 652, 882, 853, 14, 7.19%, 0, 0, 5, 58.12
1746800979, 0, 664, 882, 852, 14, 7.19%, 0, 0, 5, 50.63
1746802144, 0, 729, 882, 851, 14, 7.19%, 0, 0, 5, 44.79
1746803387, 0, 738, 882, 850, 13, 7.19%, 0, 0, 5, 44.70
1746803567, 0, 738, 883, 851, 13, 7.19%, 0, 0, 6, 39.06
1746804637, 0, 738, 884, 852, 13, 7.19%, 0, 0, 6, 45.45
1746804672, 0, 738, 885, 853, 13, 7.19%, 0, 0, 6, 46.22
1746804707, 0, 738, 886, 854, 13, 7.19%, 0, 0, 6, 45.25
1746804758, 0, 738, 887, 855, 13, 7.19%, 0, 0, 6, 46.19
1746804778, 0, 738, 888, 856, 13, 7.19%, 0, 0, 6, 46.61
1746804814, 0, 738, 889, 857, 13, 7.19%, 0, 0, 6, 46.34
1746804819, 0, 738, 890, 858, 13, 7.19%, 0, 0, 6, 46.09
1746804936, 0, 738, 891, 859, 13, 7.19%, 0, 0, 6, 46.13
1746804941, 0, 738, 892, 860, 13, 7.19%, 0, 0, 6, 45.29
1746804946, 0, 738, 893, 861, 13, 7.19%, 0, 0, 6, 44.38
1746805022, 0, 738, 894, 862, 13, 7.19%, 0, 0, 6, 45.32
1746805088, 0, 738, 895, 863, 13, 7.19%, 0, 0, 6, 45.89
1746805164, 0, 820, 895, 862, 13, 7.19%, 0, 0, 6, 44.07
1746806233, 0, 823, 895, 861, 12, 7.19%, 0, 0, 6, 49.49
1746807346, 0, 823, 896, 862, 12, 7.19%, 0, 0, 6, 48.74
1746807401, 0, 825, 896, 861, 11, 7.19%, 0, 0, 6, 47.97
1746808483, 0, 857, 896, 860, 10, 7.19%, 0, 0, 6, 49.66
1746808499, 0, 857, 897, 861, 10, 7.19%, 0, 0, 6, 34.75
1746808524, 0, 857, 898, 862, 10, 7.19%, 0, 0, 6, 34.78
1746809850, 0, 857, 899, 863, 10, 7.19%, 0, 0, 6, 36.42
1746810201, 0, 857, 900, 864, 10, 7.19%, 0, 0, 6, 39.92
1746810206, 0, 857, 902, 866, 10, 7.19%, 0, 0, 6, 38.22
1746810216, 0, 857, 903, 867, 10, 7.19%, 0, 0, 6, 39.34
1746810242, 0, 857, 904, 868, 10, 7.19%, 0, 0, 6, 39.92
1746810247, 0, 857, 905, 869, 10, 7.19%, 0, 0, 6, 40.92
1746810252, 0, 857, 907, 871, 10, 7.19%, 0, 0, 6, 40.24
1746810257, 0, 857, 908, 872, 10, 7.19%, 0, 0, 6, 39.95
1746810263, 0, 857, 909, 873, 10, 7.19%, 0, 0, 6, 40.03
1746810293, 0, 857, 910, 874, 10, 7.19%, 0, 0, 6, 39.53
1746810303, 0, 857, 911, 875, 10, 7.19%, 0, 0, 6, 38.81
1746810323, 0, 857, 912, 876, 10, 7.19%, 0, 0, 6, 39.67
1746810339, 0, 857, 913, 877, 10, 7.19%, 0, 0, 6, 40.17
1746810344, 0, 857, 915, 879, 10, 7.19%, 0, 0, 6, 38.10
1746810349, 0, 857, 916, 880, 10, 7.19%, 0, 0, 6, 40.32
1746810359, 0, 857, 918, 882, 10, 7.19%, 0, 0, 6, 38.52
1746810369, 0, 857, 919, 883, 10, 7.19%, 0, 0, 6, 39.77
1746810379, 0, 857, 920, 884, 10, 7.19%, 0, 0, 6, 40.95
1746810420, 0, 857, 921, 885, 10, 7.19%, 0, 0, 6, 39.82
1746810425, 0, 857, 922, 886, 10, 7.19%, 0, 0, 6, 40.49
1746810451, 0, 857, 923, 887, 10, 7.19%, 0, 0, 6, 40.93
1746810456, 0, 857, 924, 888, 10, 7.19%, 0, 0, 6, 39.79
1746810502, 0, 857, 925, 889, 10, 7.19%, 0, 0, 6, 39.29
1746810512, 0, 857, 926, 890, 10, 7.19%, 0, 0, 6, 39.46
1746810517, 0, 857, 927, 891, 10, 7.19%, 0, 0, 6, 39.25
1746810532, 0, 857, 928, 892, 10, 7.19%, 0, 0, 6, 39.84
1746810543, 0, 857, 929, 893, 10, 7.19%, 0, 0, 6, 39.77
1746810568, 0, 857, 930, 894, 10, 7.19%, 0, 0, 6, 38.94
1746810629, 0, 857, 931, 895, 10, 7.19%, 0, 0, 6, 38.37
1746810660, 0, 857, 932, 896, 10, 7.19%, 0, 0, 6, 38.32
1746810675, 0, 857, 933, 897, 10, 7.28%, 0, 0, 6, 39.75
1746810680, 0, 857, 934, 898, 10, 7.28%, 0, 0, 6, 39.01
1746810726, 0, 857, 935, 899, 10, 7.28%, 0, 0, 6, 40.47
1746810818, 0, 862, 935, 898, 11, 7.28%, 0, 0, 6, 39.66
1746812127, 0, 870, 935, 897, 10, 7.28%, 0, 0, 6, 47.09
1746813478, 0, 877, 935, 896, 9, 7.28%, 0, 0, 6, 47.24
1746814265, 0, 877, 936, 897, 9, 7.28%, 0, 0, 6, 53.70
1746814311, 0, 879, 936, 896, 8, 7.28%, 0, 0, 6, 52.14
1746815026, 0, 881, 936, 895, 7, 7.28%, 0, 0, 6, 55.22
1746815062, 0, 881, 937, 896, 7, 7.28%, 0, 0, 6, 47.89
1746815147, 0, 881, 938, 897, 7, 7.28%, 0, 0, 6, 47.97
1746815787, 0, 881, 939, 898, 7, 7.28%, 0, 0, 6, 53.54
1746815858, 0, 882, 939, 897, 7, 7.28%, 0, 0, 6, 45.74
1746817110, 0, 882, 940, 898, 7, 7.28%, 0, 0, 7, 46.02
1746817141, 0, 882, 941, 899, 7, 7.28%, 0, 0, 7, 46.80
1746817207, 0, 882, 942, 900, 7, 7.28%, 0, 0, 7, 44.16
1746817272, 0, 882, 943, 901, 7, 7.28%, 0, 0, 7, 44.99
1746817617, 0, 882, 944, 902, 7, 7.28%, 0, 0, 7, 45.56
1746817637, 0, 883, 944, 901, 6, 7.28%, 0, 0, 7, 42.00
1746818958, 0, 889, 944, 900, 5, 7.28%, 0, 0, 7, 41.62
1746820130, 0, 932, 944, 899, 4, 7.28%, 0, 0, 7, 43.20
1746820145, 0, 932, 945, 900, 4, 7.28%, 0, 0, 7, 28.76
1746820150, 0, 932, 946, 901, 4, 7.28%, 0, 0, 7, 28.69
1746820176, 0, 932, 947, 902, 4, 7.28%, 0, 0, 7, 28.86
1746820347, 0, 932, 948, 903, 4, 7.28%, 0, 0, 7, 28.54
1746821858, 0, 932, 949, 904, 4, 7.28%, 0, 0, 7, 28.53
1746822736, 0, 932, 950, 905, 4, 7.28%, 0, 0, 7, 32.52
1746822741, 0, 932, 951, 906, 4, 7.28%, 0, 0, 7, 33.98
1746822746, 0, 932, 953, 908, 4, 7.28%, 0, 0, 7, 33.56
1746822751, 0, 932, 956, 911, 4, 7.28%, 0, 0, 7, 32.79
1746822767, 0, 932, 957, 912, 4, 7.28%, 0, 0, 7, 34.60
1746822782, 0, 932, 958, 913, 4, 7.28%, 0, 0, 7, 33.47
1746822787, 0, 932, 959, 914, 4, 7.28%, 0, 0, 7, 33.16
1746822808, 0, 932, 961, 916, 4, 7.28%, 0, 0, 7, 33.57
1746822818, 0, 932, 962, 917, 4, 7.28%, 0, 0, 7, 33.88
1746822839, 0, 932, 963, 918, 4, 7.28%, 0, 0, 7, 33.62
1746822844, 0, 932, 964, 919, 4, 7.28%, 0, 0, 7, 33.81
1746822849, 0, 932, 965, 920, 4, 7.28%, 0, 0, 7, 34.51
1746822854, 0, 932, 966, 921, 4, 7.28%, 0, 0, 7, 34.30
1746822869, 0, 932, 967, 922, 4, 7.42%, 0, 0, 7, 33.24
1746822880, 0, 932, 968, 923, 4, 7.45%, 0, 0, 7, 34.44
1746822905, 0, 932, 969, 924, 4, 7.45%, 0, 0, 7, 32.98
1746822936, 0, 932, 970, 925, 4, 7.45%, 0, 0, 7, 33.54
1746822977, 0, 932, 971, 926, 4, 7.47%, 0, 0, 7, 34.39
1746822993, 0, 932, 972, 927, 4, 7.47%, 0, 0, 7, 32.99
1746823013, 0, 932, 973, 928, 4, 7.47%, 0, 0, 7, 33.85
1746823079, 0, 932, 974, 929, 4, 7.47%, 0, 0, 7, 33.57
1746823084, 0, 932, 975, 930, 4, 7.47%, 0, 0, 7, 33.63
1746823146, 0, 932, 976, 931, 4, 7.47%, 0, 0, 7, 33.71
1746823162, 0, 932, 977, 932, 4, 7.47%, 0, 0, 7, 33.68
1746823187, 0, 932, 978, 933, 4, 7.47%, 0, 0, 7, 33.99
1746823239, 0, 932, 979, 934, 4, 7.47%, 0, 0, 7, 33.75
1746823433, 0, 932, 980, 935, 4, 7.48%, 0, 0, 7, 33.96
1746823444, 0, 932, 981, 936, 4, 7.48%, 0, 0, 7, 34.56
1746823464, 0, 938, 981, 935, 8, 7.48%, 0, 0, 7, 36.94
1746823500, 0, 938, 982, 936, 8, 7.48%, 0, 0, 7, 48.55
1746824230, 0, 949, 982, 935, 7, 7.48%, 0, 0, 7, 40.65
1746826605, 0, 949, 983, 936, 7, 7.48%, 0, 0, 8, 33.59
1746826610, 0, 949, 984, 937, 7, 7.48%, 0, 0, 8, 33.83
1746826641, 0, 949, 985, 938, 7, 7.48%, 0, 0, 8, 34.35
1746826877, 0, 949, 986, 939, 7, 7.48%, 0, 0, 8, 34.51
1746826918, 0, 949, 987, 940, 7, 7.48%, 0, 0, 8, 35.45
1746827046, 0, 949, 988, 941, 7, 7.48%, 0, 0, 8, 34.65
1746827123, 0, 949, 989, 942, 7, 7.53%, 0, 0, 8, 35.87
1746827292, 0, 967, 989, 941, 7, 7.53%, 0, 0, 8, 32.52
