# unix_time, cycles_done, cur_path, paths_total, pending_total, pending_favs, map_size, unique_crashes, unique_hangs, max_depth, execs_per_sec
1746712264, 0, 0, 1, 1, 1, 3.79%, 0, 0, 1, 135.59
1746712269, 0, 0, 45, 45, 1, 5.06%, 0, 0, 2, 144.35
1746712274, 0, 0, 74, 74, 1, 5.10%, 0, 0, 2, 148.11
1746712279, 0, 0, 91, 91, 1, 5.80%, 0, 0, 2, 150.99
1746712284, 0, 0, 108, 108, 1, 5.80%, 0, 0, 2, 153.28
1746712290, 0, 0, 125, 125, 1, 5.80%, 0, 0, 2, 153.54
1746712295, 0, 0, 142, 142, 1, 5.82%, 0, 0, 2, 149.51
1746712300, 0, 0, 158, 158, 1, 6.15%, 0, 0, 2, 150.21
1746712305, 0, 0, 169, 169, 1, 6.15%, 0, 0, 2, 153.56
1746712310, 0, 0, 179, 179, 1, 6.16%, 0, 0, 2, 155.13
1746712315, 0, 0, 186, 186, 1, 6.16%, 0, 0, 2, 158.12
1746712320, 0, 0, 197, 197, 1, 6.17%, 0, 0, 2, 154.57
1746712325, 0, 0, 207, 207, 1, 6.17%, 0, 0, 2, 156.76
1746712330, 0, 0, 215, 215, 1, 6.17%, 0, 0, 2, 157.59
1746712335, 0, 0, 221, 221, 1, 6.17%, 0, 0, 2, 158.60
1746712340, 0, 0, 227, 227, 1, 6.28%, 0, 0, 2, 157.52
1746712345, 0, 0, 238, 238, 1, 6.28%, 0, 0, 2, 154.33
1746712350, 0, 0, 245, 245, 1, 6.28%, 0, 0, 2, 156.52
1746712356, 0, 0, 249, 249, 1, 6.28%, 0, 0, 2, 158.68
1746712361, 0, 0, 252, 252, 1, 6.28%, 0, 0, 2, 160.21
1746712366, 0, 0, 258, 258, 1, 6.28%, 0, 0, 2, 159.18
1746712371, 0, 0, 260, 260, 1, 6.28%, 0, 0, 2, 160.23
1746712376, 0, 0, 263, 263, 1, 6.28%, 0, 0, 2, 161.53
1746712381, 0, 0, 266, 266, 1, 6.28%, 0, 0, 2, 160.12
1746712387, 0, 0, 271, 271, 1, 6.28%, 0, 0, 2, 154.82
1746712392, 0, 0, 275, 275, 1, 6.30%, 0, 0, 2, 154.09
1746712397, 0, 0, 280, 280, 1, 6.30%, 0, 0, 2, 157.68
1746712402, 0, 0, 282, 282, 1, 6.30%, 0, 0, 2, 159.07
1746712407, 0, 0, 285, 285, 1, 6.30%, 0, 0, 2, 159.93
1746712412, 0, 0, 287, 287, 1, 6.30%, 0, 0, 2, 160.33
1746712418, 0, 0, 290, 290, 1, 6.30%, 0, 0, 2, 160.53
1746712423, 0, 0, 294, 294, 1, 6.30%, 0, 0, 2, 159.07
1746712428, 0, 0, 297, 297, 1, 6.30%, 0, 0, 2, 160.52
1746712433, 0, 0, 298, 298, 1, 6.30%, 0, 0, 2, 161.72
1746712438, 0, 0, 301, 301, 1, 6.30%, 0, 0, 2, 158.57
1746712443, 0, 0, 302, 302, 1, 6.30%, 0, 0, 2, 162.03
1746712448, 0, 0, 303, 303, 1, 6.30%, 0, 0, 2, 160.19
1746712453, 0, 0, 305, 305, 1, 6.30%, 0, 0, 2, 161.09
1746712459, 0, 0, 306, 306, 1, 6.30%, 0, 0, 2, 147.97
1746712464, 0, 0, 307, 307, 1, 6.30%, 0, 0, 2, 146.93
1746712474, 0, 0, 308, 308, 1, 6.30%, 0, 0, 2, 150.84
1746712484, 0, 0, 309, 309, 1, 6.30%, 0, 0, 2, 151.55
1746712489, 0, 0, 310, 310, 1, 6.30%, 0, 0, 2, 150.63
1746712494, 0, 2, 312, 311, 10, 6.30%, 0, 0, 3, 151.12
1746712504, 0, 2, 314, 313, 10, 6.30%, 0, 0, 3, 146.75
1746712509, 0, 2, 316, 315, 10, 6.30%, 0, 0, 3, 146.38
1746712514, 0, 2, 317, 316, 10, 6.30%, 0, 0, 3, 145.30
1746712525, 0, 2, 318, 317, 10, 6.30%, 0, 0, 3, 148.78
1746712535, 0, 2, 320, 319, 10, 6.30%, 0, 0, 3, 149.33
1746712545, 0, 2, 321, 320, 10, 6.30%, 0, 0, 3, 147.64
1746712555, 0, 2, 322, 321, 10, 6.30%, 0, 0, 3, 150.70
1746712561, 0, 2, 324, 323, 10, 6.30%, 0, 0, 3, 146.82
1746712566, 0, 2, 326, 325, 10, 6.30%, 0, 0, 3, 146.37
1746712571, 0, 2, 327, 326, 10, 6.30%, 0, 0, 3, 146.16
1746712581, 0, 2, 328, 327, 10, 6.30%, 0, 0, 3, 145.50
1746712586, 0, 2, 331, 330, 10, 6.30%, 0, 0, 3, 143.77
1746712592, 0, 2, 332, 331, 10, 6.30%, 0, 0, 3, 146.61
1746712597, 0, 2, 335, 334, 10, 6.30%, 0, 0, 3, 143.98
1746712617, 0, 2, 336, 335, 10, 6.30%, 0, 0, 3, 152.95
1746712622, 0, 2, 337, 336, 10, 6.31%, 0, 0, 3, 147.43
1746712638, 0, 2, 338, 337, 10, 6.31%, 0, 0, 3, 146.48
1746712653, 0, 2, 339, 338, 10, 6.31%, 0, 0, 3, 147.66
1746712679, 0, 2, 340, 339, 10, 6.31%, 0, 0, 3, 150.64
1746712684, 0, 2, 341, 340, 10, 6.31%, 0, 0, 3, 151.86
1746712689, 0, 2, 342, 341, 10, 6.34%, 0, 0, 3, 149.60
1746712699, 0, 2, 343, 342, 10, 6.34%, 0, 0, 3, 148.48
1746712709, 0, 2, 344, 343, 10, 6.34%, 0, 0, 3, 148.02
1746712714, 0, 76, 344, 342, 9, 6.34%, 0, 0, 3, 144.75
1746712761, 0, 76, 346, 344, 9, 6.34%, 0, 0, 3, 129.14
1746712766, 0, 76, 347, 345, 9, 6.34%, 0, 0, 3, 130.30
1746712771, 0, 76, 348, 346, 9, 6.34%, 0, 0, 3, 132.22
1746712781, 0, 76, 350, 348, 9, 6.34%, 0, 0, 3, 131.50
1746712797, 0, 76, 352, 350, 9, 6.34%, 0, 0, 3, 133.78
1746712807, 0, 76, 353, 351, 9, 6.34%, 0, 0, 3, 135.16
1746712812, 0, 76, 355, 353, 9, 6.34%, 0, 0, 3, 128.17
1746712817, 0, 76, 357, 355, 9, 6.38%, 0, 0, 3, 129.05
1746712828, 0, 76, 358, 356, 9, 6.38%, 0, 0, 3, 130.24
1746712833, 0, 76, 360, 358, 9, 6.38%, 0, 0, 3, 129.48
1746712843, 0, 76, 361, 359, 9, 6.38%, 0, 0, 3, 129.70
1746712858, 0, 76, 363, 361, 9, 6.38%, 0, 0, 3, 126.62
1746712863, 0, 76, 364, 362, 9, 6.38%, 0, 0, 3, 133.59
1746712869, 0, 76, 365, 363, 9, 6.39%, 0, 0, 3, 132.57
1746712884, 0, 76, 366, 364, 9, 6.39%, 0, 0, 3, 134.66
1746712905, 0, 76, 367, 365, 9, 6.39%, 0, 0, 3, 136.29
1746712910, 0, 76, 368, 366, 9, 6.39%, 0, 0, 3, 135.76
1746712915, 0, 76, 370, 368, 9, 6.39%, 0, 0, 3, 134.50
1746712920, 0, 76, 371, 369, 9, 6.39%, 0, 0, 3, 131.14
1746712930, 0, 76, 373, 371, 9, 6.39%, 0, 0, 3, 125.64
1746712946, 0, 76, 376, 374, 9, 6.39%, 0, 0, 3, 121.80
1746712951, 0, 76, 377, 375, 9, 6.39%, 0, 0, 3, 125.31
1746712956, 0, 76, 378, 376, 9, 6.39%, 0, 0, 3, 122.84
1746712961, 0, 76, 380, 378, 9, 6.39%, 0, 0, 3, 123.30
1746712972, 0, 76, 382, 380, 9, 6.39%, 0, 0, 3, 122.68
1746712977, 0, 76, 383, 381, 9, 6.39%, 0, 0, 3, 122.24
1746712982, 0, 76, 384, 382, 9, 6.39%, 0, 0, 3, 122.05
1746712987, 0, 76, 385, 383, 9, 6.39%, 0, 0, 3, 123.78
1746712992, 0, 76, 386, 384, 9, 6.39%, 0, 0, 3, 122.10
1746712997, 0, 76, 387, 385, 9, 6.39%, 0, 0, 3, 123.46
1746713007, 0, 76, 388, 386, 9, 6.39%, 0, 0, 3, 122.08
1746713013, 0, 179, 389, 386, 8, 6.39%, 0, 0, 3, 122.06
1746713115, 0, 179, 391, 388, 8, 6.39%, 0, 0, 3, 108.79
1746713120, 0, 179, 392, 389, 8, 6.39%, 0, 0, 3, 108.95
1746713125, 0, 179, 393, 390, 8, 6.39%, 0, 0, 3, 110.15
1746713130, 0, 179, 395, 392, 8, 6.39%, 0, 0, 3, 111.21
1746713135, 0, 179, 396, 393, 8, 6.39%, 0, 0, 3, 111.32
1746713145, 0, 179, 397, 394, 8, 6.39%, 0, 0, 3, 109.83
1746713150, 0, 179, 399, 396, 8, 6.39%, 0, 0, 3, 110.16
1746713160, 0, 179, 401, 398, 8, 6.39%, 0, 0, 3, 110.52
1746713166, 0, 179, 403, 400, 8, 6.40%, 0, 0, 3, 110.43
1746713176, 0, 179, 404, 401, 8, 6.40%, 0, 0, 3, 112.49
1746713181, 0, 179, 406, 403, 8, 6.40%, 0, 0, 3, 110.05
1746713186, 0, 179, 407, 404, 8, 6.40%, 0, 0, 3, 112.58
1746713191, 0, 179, 408, 405, 8, 6.40%, 0, 0, 3, 112.64
1746713196, 0, 179, 410, 407, 8, 6.40%, 0, 0, 3, 111.10
1746713211, 0, 179, 413, 410, 8, 6.40%, 0, 0, 3, 111.73
1746713247, 0, 179, 414, 411, 8, 6.40%, 0, 0, 3, 110.91
1746713252, 0, 179, 415, 412, 8, 6.40%, 0, 0, 3, 112.55
1746713257, 0, 179, 416, 413, 8, 6.40%, 0, 0, 3, 111.28
1746713272, 0, 179, 417, 414, 8, 6.40%, 0, 0, 3, 111.40
1746713277, 0, 179, 421, 418, 8, 6.40%, 0, 0, 3, 110.19
1746713293, 0, 179, 422, 419, 8, 6.40%, 0, 0, 3, 114.45
1746713303, 0, 179, 423, 420, 8, 6.40%, 0, 0, 3, 114.07
1746713308, 0, 179, 424, 421, 8, 6.40%, 0, 0, 3, 112.99
1746713313, 0, 179, 426, 423, 8, 6.40%, 0, 0, 3, 111.38
1746713328, 0, 179, 427, 424, 8, 6.40%, 0, 0, 3, 111.80
1746713339, 0, 179, 428, 425, 8, 6.40%, 0, 0, 3, 113.76
1746713349, 0, 179, 430, 427, 8, 6.40%, 0, 0, 3, 112.19
1746713354, 0, 179, 431, 428, 8, 6.40%, 0, 0, 3, 111.38
1746713364, 0, 179, 432, 429, 8, 6.40%, 0, 0, 3, 112.64
1746713374, 0, 179, 434, 431, 8, 6.40%, 0, 0, 3, 111.38
1746713389, 0, 179, 436, 433, 8, 6.40%, 0, 0, 3, 109.67
1746713410, 0, 223, 440, 436, 10, 6.40%, 0, 0, 3, 79.20
1746713415, 0, 223, 449, 445, 10, 6.40%, 0, 0, 3, 68.94
1746713420, 0, 223, 453, 449, 10, 6.40%, 0, 0, 3, 67.14
1746713425, 0, 223, 454, 450, 10, 6.40%, 0, 0, 3, 67.31
1746713430, 0, 223, 455, 451, 10, 6.40%, 0, 0, 3, 67.47
1746713435, 0, 223, 456, 452, 10, 6.40%, 0, 0, 3, 67.47
1746713445, 0, 223, 457, 453, 10, 6.40%, 0, 0, 3, 66.32
1746713450, 0, 223, 459, 455, 10, 6.40%, 0, 0, 3, 66.94
1746713456, 0, 223, 460, 456, 10, 6.40%, 0, 0, 3, 67.61
1746713461, 0, 223, 468, 464, 10, 6.40%, 0, 0, 3, 67.83
1746713486, 0, 223, 469, 465, 10, 6.40%, 0, 0, 3, 66.04
1746713619, 0, 223, 470, 466, 10, 6.40%, 0, 0, 3, 66.28
1746713629, 0, 223, 472, 468, 10, 6.40%, 0, 0, 3, 67.87
1746713649, 0, 223, 473, 469, 10, 6.40%, 0, 0, 3, 66.69
1746713695, 0, 223, 474, 470, 10, 6.40%, 0, 0, 3, 68.45
1746713721, 0, 223, 475, 471, 10, 6.40%, 0, 0, 3, 66.34
1746713736, 0, 223, 476, 472, 10, 6.40%, 0, 0, 3, 66.09
1746713741, 0, 223, 484, 480, 10, 6.40%, 0, 0, 3, 67.58
1746713746, 0, 223, 505, 501, 10, 6.42%, 0, 0, 3, 69.13
1746713751, 0, 223, 521, 517, 10, 6.42%, 0, 0, 3, 72.54
1746713756, 0, 223, 537, 533, 10, 6.43%, 0, 0, 3, 71.34
1746713762, 0, 223, 550, 546, 10, 6.46%, 0, 0, 3, 68.43
1746713767, 0, 223, 557, 553, 10, 6.46%, 0, 0, 3, 73.44
1746713772, 0, 223, 567, 563, 10, 6.46%, 0, 0, 3, 71.95
1746713777, 0, 223, 573, 569, 10, 6.46%, 0, 0, 3, 75.81
1746713782, 0, 223, 581, 577, 10, 6.56%, 0, 0, 3, 74.12
1746713787, 0, 223, 586, 582, 10, 6.56%, 0, 0, 3, 73.83
1746713792, 0, 223, 590, 586, 10, 6.57%, 0, 0, 3, 77.22
1746713797, 0, 223, 595, 591, 10, 6.57%, 0, 0, 3, 77.87
1746713803, 0, 223, 599, 595, 10, 6.57%, 0, 0, 3, 72.68
1746713808, 0, 223, 603, 599, 10, 6.57%, 0, 0, 3, 74.07
1746713813, 0, 223, 605, 601, 10, 6.57%, 0, 0, 3, 77.37
1746713818, 0, 223, 608, 604, 10, 6.57%, 0, 0, 3, 77.37
1746713823, 0, 223, 609, 605, 10, 6.57%, 0, 0, 3, 79.71
1746713828, 0, 223, 612, 608, 10, 6.57%, 0, 0, 3, 77.37
1746713834, 0, 223, 615, 611, 10, 6.57%, 0, 0, 3, 75.53
1746713839, 0, 223, 616, 612, 10, 6.57%, 0, 0, 3, 79.49
1746713844, 0, 223, 619, 615, 10, 6.57%, 0, 0, 3, 78.11
1746713849, 0, 223, 620, 616, 10, 6.57%, 0, 0, 3, 77.77
1746713854, 0, 223, 621, 617, 10, 6.57%, 0, 0, 3, 78.79
1746713859, 0, 223, 624, 620, 10, 6.57%, 0, 0, 3, 74.65
1746713864, 0, 223, 626, 622, 10, 6.57%, 0, 0, 3, 75.40
1746713870, 0, 223, 627, 623, 10, 6.57%, 0, 0, 3, 75.93
1746713875, 0, 223, 630, 626, 10, 6.57%, 0, 0, 3, 73.84
1746713890, 0, 223, 632, 628, 10, 6.57%, 0, 0, 3, 76.72
1746713895, 0, 223, 635, 631, 10, 6.58%, 0, 0, 3, 75.22
1746713901, 0, 223, 639, 635, 10, 6.62%, 0, 0, 3, 73.62
1746713911, 0, 223, 640, 636, 10, 6.62%, 0, 0, 3, 78.02
1746713916, 0, 223, 641, 637, 10, 6.62%, 0, 0, 3, 77.18
1746713921, 0, 223, 643, 639, 10, 6.62%, 0, 0, 3, 76.45
1746713926, 0, 223, 644, 640, 10, 6.62%, 0, 0, 3, 78.12
1746713932, 0, 223, 645, 641, 10, 6.62%, 0, 0, 3, 76.20
1746713937, 0, 223, 647, 643, 10, 6.62%, 0, 0, 3, 76.33
1746713942, 0, 223, 649, 645, 10, 6.62%, 0, 0, 3, 75.29
1746713947, 0, 223, 650, 646, 10, 6.62%, 0, 0, 3, 78.66
1746713952, 0, 223, 651, 647, 10, 6.68%, 0, 0, 3, 77.66
1746713957, 0, 223, 652, 648, 10, 6.68%, 0, 0, 3, 79.10
1746713962, 0, 223, 653, 649, 10, 6.68%, 0, 0, 3, 77.50
1746713978, 0, 223, 655, 651, 10, 6.83%, 0, 0, 3, 78.37
1746713983, 0, 223, 656, 652, 10, 6.83%, 0, 0, 3, 75.39
1746713988, 0, 223, 659, 655, 10, 6.83%, 0, 0, 3, 75.53
1746713993, 0, 223, 660, 656, 10, 6.83%, 0, 0, 3, 77.97
1746713999, 0, 223, 664, 660, 10, 6.83%, 0, 0, 3, 74.97
1746714004, 0, 223, 665, 661, 10, 6.83%, 0, 0, 3, 78.49
1746714014, 0, 223, 668, 664, 10, 6.83%, 0, 0, 3, 76.35
1746714019, 0, 223, 669, 665, 10, 6.83%, 0, 0, 3, 77.10
1746714029, 0, 223, 670, 666, 10, 6.83%, 0, 0, 3, 76.21
1746714035, 0, 223, 672, 668, 10, 6.83%, 0, 0, 3, 75.03
1746714040, 0, 223, 673, 669, 10, 6.83%, 0, 0, 3, 75.72
1746714045, 0, 223, 674, 670, 10, 6.83%, 0, 0, 3, 76.45
1746714050, 0, 223, 676, 672, 10, 6.83%, 0, 0, 3, 78.51
1746714055, 0, 223, 677, 673, 10, 6.83%, 0, 0, 3, 77.72
1746714066, 0, 223, 678, 674, 10, 6.83%, 0, 0, 3, 77.26
1746714071, 0, 223, 679, 675, 10, 6.83%, 0, 0, 3, 77.45
1746714102, 0, 223, 681, 677, 10, 6.83%, 0, 0, 3, 74.76
1746714107, 0, 223, 682, 678, 10, 6.83%, 0, 0, 3, 76.13
1746714117, 0, 223, 684, 680, 10, 6.83%, 0, 0, 3, 75.65
1746714127, 0, 223, 685, 681, 10, 6.83%, 0, 0, 3, 78.67
1746714143, 0, 223, 686, 682, 10, 6.83%, 0, 0, 3, 78.53
1746714153, 0, 223, 688, 684, 10, 6.84%, 0, 0, 3, 77.45
1746714164, 0, 223, 690, 686, 10, 6.84%, 0, 0, 3, 76.77
1746714179, 0, 223, 691, 687, 10, 6.84%, 0, 0, 3, 78.83
1746714184, 0, 223, 693, 689, 10, 6.84%, 0, 0, 3, 76.71
1746714189, 0, 244, 694, 689, 13, 6.84%, 0, 0, 3, 80.35
1746714395, 0, 270, 694, 688, 13, 6.84%, 0, 0, 3, 87.42
1746714677, 0, 270, 696, 690, 13, 6.84%, 0, 0, 3, 74.02
1746714682, 0, 270, 698, 692, 13, 6.84%, 0, 0, 3, 78.96
1746714687, 0, 270, 699, 693, 13, 6.84%, 0, 0, 3, 81.98
1746714692, 0, 270, 700, 694, 13, 6.84%, 0, 0, 3, 80.37
1746714713, 0, 270, 701, 695, 13, 6.84%, 0, 0, 3, 83.26
1746714718, 0, 270, 702, 696, 13, 6.84%, 0, 0, 3, 81.64
1746714728, 0, 270, 704, 698, 13, 6.84%, 0, 0, 3, 80.06
1746714749, 0, 270, 705, 699, 13, 6.84%, 0, 0, 3, 81.85
1746714759, 0, 270, 706, 700, 13, 6.84%, 0, 0, 3, 80.48
1746714785, 0, 270, 707, 701, 13, 6.84%, 0, 0, 3, 79.87
1746714805, 0, 270, 708, 702, 13, 6.84%, 0, 0, 3, 81.32
1746714821, 0, 270, 709, 703, 13, 6.84%, 0, 0, 3, 81.19
1746714862, 0, 270, 710, 704, 13, 6.84%, 0, 0, 3, 81.18
1746714888, 0, 270, 711, 705, 13, 6.84%, 0, 0, 3, 81.99
1746714898, 0, 270, 712, 706, 13, 6.84%, 0, 0, 3, 82.05
1746714919, 0, 270, 713, 707, 13, 6.84%, 0, 0, 3, 81.68
1746714965, 0, 270, 714, 708, 13, 6.84%, 0, 0, 3, 80.04
1746714970, 0, 270, 715, 709, 13, 6.84%, 0, 0, 3, 75.75
1746715006, 0, 270, 716, 710, 13, 6.84%, 0, 0, 3, 80.10
1746715083, 0, 277, 716, 709, 13, 6.84%, 0, 0, 3, 73.51
1746715466, 0, 277, 718, 711, 13, 6.84%, 0, 0, 3, 72.25
1746715487, 0, 277, 719, 712, 13, 6.84%, 0, 0, 3, 74.10
1746715497, 0, 277, 720, 713, 13, 6.84%, 0, 0, 3, 72.71
1746715502, 0, 277, 721, 714, 13, 6.84%, 0, 0, 3, 71.67
1746715507, 0, 277, 722, 715, 13, 6.84%, 0, 0, 3, 73.24
1746715513, 0, 277, 723, 716, 13, 6.84%, 0, 0, 3, 72.17
1746715518, 0, 277, 724, 717, 13, 6.84%, 0, 0, 3, 71.57
1746715538, 0, 277, 725, 718, 13, 6.84%, 0, 0, 3, 72.54
1746715554, 0, 277, 727, 720, 13, 6.84%, 0, 0, 3, 71.88
1746715564, 0, 277, 729, 722, 13, 6.84%, 0, 0, 3, 71.15
1746715626, 0, 277, 730, 723, 13, 6.84%, 0, 0, 3, 73.10
1746715631, 0, 277, 731, 724, 13, 6.84%, 0, 0, 3, 73.64
1746715662, 0, 277, 732, 725, 13, 6.84%, 0, 0, 3, 71.54
1746715688, 0, 277, 733, 726, 13, 6.84%, 0, 0, 3, 71.38
1746715802, 0, 277, 734, 727, 13, 6.84%, 0, 0, 3, 73.71
1746715812, 0, 277, 735, 728, 13, 6.84%, 0, 0, 3, 71.03
1746715827, 0, 277, 736, 729, 13, 6.84%, 0, 0, 3, 71.92
1746715838, 0, 277, 737, 730, 13, 6.84%, 0, 0, 3, 72.64
1746715864, 0, 277, 738, 731, 13, 6.84%, 0, 0, 3, 73.96
1746715910, 0, 301, 738, 730, 13, 6.84%, 0, 0, 3, 76.08
1746716063, 0, 303, 738, 729, 12, 6.84%, 0, 0, 3, 94.94
1746716185, 0, 308, 738, 728, 11, 6.84%, 0, 0, 3, 91.10
1746716335, 0, 446, 738, 727, 11, 6.84%, 0, 0, 3, 83.16
1746716624, 0, 446, 739, 728, 11, 6.84%, 0, 0, 4, 73.55
1746716650, 0, 544, 739, 727, 12, 6.84%, 0, 0, 4, 62.16
1746716660, 0, 544, 740, 728, 12, 6.84%, 0, 0, 4, 42.92
1746716670, 0, 544, 742, 730, 12, 6.84%, 0, 0, 4, 42.23
1746716675, 0, 544, 744, 732, 12, 6.84%, 0, 0, 4, 42.15
1746716680, 0, 544, 746, 734, 12, 6.94%, 0, 0, 4, 42.15
1746716685, 0, 544, 749, 737, 12, 6.95%, 0, 0, 4, 42.19
1746716691, 0, 544, 750, 738, 12, 6.97%, 0, 0, 4, 41.87
1746716696, 0, 544, 751, 739, 12, 6.97%, 0, 0, 4, 41.58
1746716748, 0, 544, 752, 740, 12, 6.97%, 0, 0, 4, 41.49
1746716768, 0, 544, 753, 741, 12, 6.97%, 0, 0, 4, 41.48
1746716789, 0, 544, 754, 742, 12, 6.97%, 0, 0, 4, 41.54
1746716794, 0, 544, 760, 748, 12, 7.04%, 0, 0, 4, 41.52
1746716805, 0, 544, 762, 750, 12, 7.04%, 0, 0, 4, 41.51
1746717272, 0, 544, 763, 751, 12, 7.04%, 0, 0, 4, 41.81
1746717318, 0, 544, 764, 752, 12, 7.04%, 0, 0, 4, 41.50
1746717432, 0, 544, 765, 753, 12, 7.05%, 0, 0, 4, 42.13
1746717495, 0, 544, 766, 754, 12, 7.05%, 0, 0, 4, 41.53
1746717521, 0, 544, 767, 755, 12, 7.05%, 0, 0, 4, 41.60
1746717598, 0, 544, 772, 760, 12, 7.05%, 0, 0, 4, 41.46
1746717619, 0, 544, 777, 765, 12, 7.12%, 0, 0, 4, 42.99
1746717624, 0, 544, 780, 768, 12, 7.26%, 0, 0, 4, 47.26
1746717629, 0, 544, 786, 774, 12, 7.26%, 0, 0, 4, 45.57
1746717634, 0, 544, 790, 778, 12, 7.27%, 0, 0, 4, 47.15
1746717640, 0, 544, 794, 782, 12, 7.27%, 0, 0, 4, 47.26
1746717645, 0, 544, 800, 788, 12, 7.27%, 0, 0, 4, 47.33
1746717650, 0, 544, 802, 790, 12, 7.27%, 0, 0, 4, 47.16
1746717655, 0, 544, 807, 795, 12, 7.27%, 0, 0, 4, 46.88
1746717660, 0, 544, 810, 798, 12, 7.27%, 0, 0, 4, 46.81
1746717665, 0, 544, 812, 800, 12, 7.27%, 0, 0, 4, 48.00
1746717670, 0, 544, 814, 802, 12, 7.29%, 0, 0, 4, 49.71
1746717675, 0, 544, 815, 803, 12, 7.29%, 0, 0, 4, 48.79
1746717680, 0, 544, 816, 804, 12, 7.29%, 0, 0, 4, 47.70
1746717685, 0, 544, 817, 805, 12, 7.29%, 0, 0, 4, 47.26
1746717695, 0, 544, 819, 807, 12, 7.29%, 0, 0, 4, 49.63
1746717710, 0, 544, 821, 809, 12, 7.29%, 0, 0, 4, 49.30
1746717721, 0, 544, 823, 811, 12, 7.29%, 0, 0, 4, 49.50
1746717726, 0, 544, 824, 812, 12, 7.29%, 0, 0, 4, 49.02
1746717731, 0, 544, 828, 816, 12, 7.29%, 0, 0, 4, 47.60
1746717736, 0, 544, 832, 820, 12, 7.29%, 0, 0, 4, 46.64
1746717741, 0, 544, 833, 821, 12, 7.29%, 0, 0, 4, 47.06
1746717746, 0, 544, 835, 823, 12, 7.30%, 0, 0, 4, 48.19
1746717751, 0, 544, 836, 824, 12, 7.30%, 0, 0, 4, 48.57
1746717761, 0, 544, 837, 825, 12, 7.30%, 0, 0, 4, 48.74
1746717766, 0, 544, 838, 826, 12, 7.30%, 0, 0, 4, 48.40
1746717776, 0, 544, 839, 827, 12, 7.30%, 0, 0, 4, 48.98
1746717781, 0, 544, 842, 830, 12, 7.30%, 0, 0, 4, 48.25
1746717786, 0, 544, 843, 831, 12, 7.30%, 0, 0, 4, 48.10
1746717792, 0, 544, 844, 832, 12, 7.30%, 0, 0, 4, 49.20
1746717797, 0, 544, 845, 833, 12, 7.30%, 0, 0, 4, 50.59
1746717802, 0, 544, 846, 834, 12, 7.30%, 0, 0, 4, 48.58
1746717817, 0, 544, 847, 835, 12, 7.30%, 0, 0, 4, 48.53
1746717827, 0, 544, 849, 837, 12, 7.33%, 0, 0, 4, 48.95
1746717832, 0, 544, 850, 838, 12, 7.33%, 0, 0, 4, 49.09
1746717837, 0, 544, 851, 839, 12, 7.33%, 0, 0, 4, 49.14
1746717842, 0, 544, 853, 841, 12, 7.33%, 0, 0, 4, 48.89
1746717847, 0, 544, 854, 842, 12, 7.33%, 0, 0, 4, 47.90
1746717852, 0, 544, 856, 844, 12, 7.33%, 0, 0, 4, 49.23
1746717862, 0, 544, 857, 845, 12, 7.33%, 0, 0, 4, 48.64
1746717872, 0, 544, 858, 846, 12, 7.33%, 0, 0, 4, 48.86
1746717877, 0, 544, 859, 847, 12, 7.33%, 0, 0, 4, 48.97
1746717882, 0, 544, 860, 848, 12, 7.33%, 0, 0, 4, 48.66
1746717887, 0, 544, 862, 850, 12, 7.33%, 0, 0, 4, 49.25
1746717892, 0, 544, 863, 851, 12, 7.33%, 0, 0, 4, 48.17
1746717923, 0, 544, 864, 852, 12, 7.33%, 0, 0, 4, 50.53
1746717928, 0, 544, 866, 854, 12, 7.33%, 0, 0, 4, 50.51
1746717943, 0, 544, 867, 855, 12, 7.33%, 0, 0, 4, 48.63
1746717948, 0, 544, 869, 857, 12, 7.33%, 0, 0, 4, 48.56
1746717953, 0, 544, 870, 858, 12, 7.33%, 0, 0, 4, 48.98
1746717969, 0, 544, 871, 859, 12, 7.33%, 0, 0, 4, 50.06
1746717979, 0, 544, 873, 861, 12, 7.34%, 0, 0, 4, 46.59
1746718009, 0, 544, 876, 864, 12, 7.34%, 0, 0, 4, 48.28
1746718039, 0, 544, 877, 865, 12, 7.36%, 0, 0, 4, 50.33
1746718044, 0, 544, 878, 866, 12, 7.36%, 0, 0, 4, 48.73
1746718049, 0, 544, 879, 867, 12, 7.36%, 0, 0, 4, 48.02
1746718055, 0, 544, 880, 868, 12, 7.36%, 0, 0, 4, 48.73
1746718090, 0, 544, 882, 870, 12, 7.36%, 0, 0, 4, 47.64
1746718115, 0, 544, 883, 871, 12, 7.37%, 0, 0, 4, 50.11
1746718120, 0, 544, 885, 873, 12, 7.37%, 0, 0, 4, 47.06
1746718130, 0, 544, 886, 874, 12, 7.37%, 0, 0, 4, 49.17
1746718135, 0, 544, 887, 875, 12, 7.37%, 0, 0, 4, 47.40
1746718140, 0, 576, 888, 875, 23, 7.42%, 0, 0, 4, 49.82
1746718618, 0, 582, 888, 874, 22, 7.42%, 0, 0, 4, 65.61
1746719058, 0, 636, 888, 873, 22, 7.42%, 0, 0, 4, 57.92
1746719068, 0, 636, 889, 874, 22, 7.42%, 0, 0, 4, 41.89
1746719088, 0, 636, 890, 875, 22, 7.42%, 0, 0, 4, 41.00
1746719098, 0, 636, 891, 876, 22, 7.42%, 0, 0, 4, 41.03
1746719209, 0, 636, 892, 877, 22, 7.42%, 0, 0, 4, 41.47
1746719850, 0, 636, 893, 878, 22, 7.42%, 0, 0, 4, 41.59
1746719881, 0, 636, 893, 878, 22, 7.42%, 0, 1, 4, 39.73
1746720146, 0, 636, 894, 879, 22, 7.42%, 0, 1, 4, 44.41
1746720151, 0, 636, 896, 881, 22, 7.42%, 0, 1, 4, 46.41
1746720171, 0, 636, 897, 882, 22, 7.42%, 0, 1, 4, 48.39
1746720176, 0, 636, 898, 883, 22, 7.42%, 0, 1, 4, 47.31
1746720186, 0, 636, 900, 885, 22, 7.42%, 0, 1, 4, 45.89
1746720191, 0, 636, 902, 887, 22, 7.42%, 0, 1, 4, 45.42
1746720206, 0, 636, 903, 888, 22, 7.42%, 0, 1, 4, 46.12
1746720217, 0, 636, 904, 889, 22, 7.42%, 0, 1, 4, 46.24
1746720222, 0, 636, 905, 890, 22, 7.42%, 0, 1, 4, 46.84
1746720227, 0, 636, 906, 891, 22, 7.42%, 0, 1, 4, 47.48
1746720237, 0, 636, 907, 892, 22, 7.42%, 0, 1, 4, 47.18
1746720242, 0, 636, 908, 893, 22, 7.42%, 0, 1, 4, 46.89
1746720262, 0, 636, 910, 895, 22, 7.42%, 0, 1, 4, 46.18
1746720283, 0, 636, 911, 896, 22, 7.42%, 0, 1, 4, 46.54
1746720303, 0, 636, 912, 897, 22, 7.42%, 0, 1, 4, 45.90
1746720308, 0, 636, 913, 898, 22, 7.42%, 0, 1, 4, 45.39
1746720318, 0, 636, 914, 899, 22, 7.42%, 0, 1, 4, 48.29
1746720323, 0, 636, 915, 900, 22, 7.43%, 0, 1, 4, 47.23
1746720333, 0, 636, 917, 902, 22, 7.43%, 0, 1, 4, 45.51
1746720369, 0, 636, 918, 903, 22, 7.43%, 0, 1, 4, 47.41
1746720394, 0, 636, 920, 905, 22, 7.43%, 0, 1, 4, 46.19
1746720404, 0, 636, 921, 906, 22, 7.43%, 0, 1, 4, 47.50
1746720409, 0, 636, 922, 907, 22, 7.43%, 0, 1, 4, 46.31
1746720430, 0, 636, 924, 909, 22, 7.43%, 0, 1, 4, 49.12
1746720435, 0, 636, 925, 910, 22, 7.43%, 0, 1, 4, 48.03
1746720455, 0, 636, 926, 911, 22, 7.43%, 0, 1, 4, 46.49
1746720475, 0, 636, 927, 912, 22, 7.43%, 0, 1, 4, 45.31
1746720490, 0, 636, 928, 913, 22, 7.43%, 0, 1, 4, 47.31
1746720505, 0, 636, 929, 914, 22, 7.43%, 0, 1, 4, 47.18
1746720521, 0, 636, 930, 915, 22, 7.43%, 0, 1, 4, 46.94
1746720541, 0, 636, 931, 916, 22, 7.43%, 0, 1, 4, 46.53
1746720551, 0, 636, 932, 917, 22, 7.43%, 0, 1, 4, 45.66
1746720556, 0, 636, 933, 918, 22, 7.43%, 0, 1, 4, 46.99
1746720662, 0, 636, 934, 919, 22, 7.43%, 0, 1, 4, 46.70
1746720672, 0, 643, 934, 918, 24, 7.43%, 0, 1, 4, 52.43
1746721044, 0, 650, 934, 917, 23, 7.43%, 0, 1, 4, 70.24
1746721375, 0, 670, 934, 916, 22, 7.43%, 0, 1, 4, 60.76
1746722517, 0, 686, 934, 915, 22, 7.43%, 0, 1, 4, 52.63
1746722995, 0, 738, 934, 914, 21, 7.43%, 0, 1, 4, 62.29
1746723512, 0, 738, 935, 915, 21, 7.43%, 0, 1, 5, 67.43
1746723558, 0, 764, 935, 914, 20, 7.43%, 0, 1, 5, 65.70
1746724482, 0, 764, 936, 915, 20, 7.43%, 0, 1, 5, 50.94
1746724497, 0, 764, 937, 916, 20, 7.43%, 0, 1, 5, 49.20
1746724502, 0, 764, 938, 917, 20, 7.43%, 0, 1, 5, 51.09
1746724573, 0, 764, 939, 918, 20, 7.43%, 0, 1, 5, 48.82
1746724619, 0, 764, 940, 919, 20, 7.43%, 0, 1, 5, 49.83
1746724639, 0, 764, 941, 920, 20, 7.43%, 0, 1, 5, 49.51
1746724740, 0, 764, 942, 921, 20, 7.43%, 0, 1, 5, 49.30
1746724781, 0, 764, 943, 922, 20, 7.59%, 0, 1, 5, 49.20
1746724963, 0, 775, 943, 921, 19, 7.59%, 0, 1, 5, 46.60
1746725542, 0, 775, 944, 922, 19, 7.59%, 0, 1, 5, 43.84
1746725840, 0, 789, 944, 921, 18, 7.59%, 0, 1, 5, 52.25
1746726773, 0, 789, 945, 922, 18, 7.59%, 0, 1, 5, 49.91
1746726824, 0, 789, 946, 923, 18, 7.59%, 0, 1, 5, 48.73
1746726890, 0, 795, 946, 922, 17, 7.59%, 0, 1, 5, 51.32
1746727540, 0, 805, 946, 921, 17, 7.59%, 0, 1, 5, 53.03
1746728401, 0, 805, 947, 922, 17, 7.59%, 0, 1, 5, 52.79
1746728446, 0, 805, 948, 923, 17, 7.59%, 0, 1, 5, 51.64
1746728552, 0, 812, 948, 922, 16, 7.59%, 0, 1, 5, 49.19
1746729295, 0, 812, 949, 923, 16, 7.59%, 0, 1, 5, 56.52
1746729341, 0, 822, 949, 922, 15, 7.59%, 0, 1, 5, 51.61
1746730068, 0, 822, 950, 923, 15, 7.59%, 0, 1, 5, 57.70
1746730109, 0, 827, 950, 922, 14, 7.59%, 0, 1, 5, 48.66
1746730966, 0, 827, 951, 923, 14, 7.59%, 0, 1, 5, 53.02
1746731007, 0, 827, 952, 924, 14, 7.59%, 0, 1, 5, 52.70
1746731037, 0, 827, 953, 925, 14, 7.59%, 0, 1, 5, 53.05
1746731108, 0, 827, 954, 926, 14, 7.59%, 0, 1, 5, 52.27
1746731128, 0, 827, 955, 927, 14, 7.59%, 0, 1, 5, 51.85
1746731144, 0, 827, 956, 928, 14, 7.59%, 0, 1, 5, 53.89
1746731169, 0, 827, 957, 929, 14, 7.59%, 0, 1, 5, 52.35
1746731204, 0, 827, 958, 930, 14, 7.59%, 0, 1, 5, 51.12
1746731295, 0, 827, 959, 931, 14, 7.59%, 0, 1, 5, 52.38
1746731361, 0, 827, 960, 932, 14, 7.59%, 0, 1, 5, 51.52
1746731432, 0, 836, 960, 931, 14, 7.59%, 0, 1, 5, 38.94
1746733500, 0, 836, 962, 933, 14, 7.59%, 0, 1, 5, 33.67
1746733505, 0, 836, 964, 935, 14, 7.59%, 0, 1, 5, 35.04
1746733510, 0, 836, 965, 936, 14, 7.59%, 0, 1, 5, 34.98
1746733526, 0, 836, 966, 937, 14, 7.59%, 0, 1, 5, 35.05
1746733531, 0, 836, 967, 938, 14, 7.59%, 0, 1, 5, 35.58
1746733536, 0, 836, 968, 939, 14, 7.59%, 0, 1, 5, 34.81
1746733551, 0, 836, 969, 940, 14, 7.59%, 0, 1, 5, 34.80
1746733556, 0, 836, 970, 941, 14, 7.59%, 0, 1, 5, 35.11
1746733567, 0, 836, 971, 942, 14, 7.59%, 0, 1, 5, 35.39
1746733587, 0, 836, 973, 944, 14, 7.59%, 0, 1, 5, 33.74
1746733608, 0, 836, 974, 945, 14, 7.59%, 0, 1, 5, 34.91
1746733618, 0, 836, 976, 947, 14, 7.59%, 0, 1, 5, 34.46
1746733623, 0, 836, 977, 948, 14, 7.59%, 0, 1, 5, 33.82
1746733628, 0, 836, 978, 949, 14, 7.59%, 0, 1, 5, 34.25
1746733675, 0, 836, 979, 950, 14, 7.59%, 0, 1, 5, 35.00
1746733716, 0, 836, 980, 951, 14, 7.59%, 0, 1, 5, 35.43
1746733726, 0, 836, 981, 952, 14, 7.59%, 0, 1, 5, 35.42
1746733741, 0, 836, 982, 953, 14, 7.59%, 0, 1, 5, 34.75
1746733772, 0, 836, 985, 956, 14, 7.59%, 0, 1, 5, 33.19
1746733777, 0, 836, 986, 957, 14, 7.59%, 0, 1, 5, 34.08
1746733813, 0, 836, 987, 958, 14, 7.59%, 0, 1, 5, 34.50
1746733895, 0, 836, 988, 959, 14, 7.59%, 0, 1, 5, 33.65
1746733906, 0, 836, 989, 960, 14, 7.93%, 0, 1, 5, 34.39
1746733936, 0, 836, 990, 961, 14, 7.93%, 0, 1, 5, 34.06
1746734029, 0, 836, 991, 962, 14, 7.93%, 0, 1, 5, 35.77
1746734049, 0, 836, 992, 963, 14, 7.93%, 0, 1, 5, 35.01
1746734096, 0, 836, 994, 965, 14, 7.93%, 0, 1, 5, 34.38
1746734203, 0, 837, 994, 964, 13, 7.93%, 0, 1, 5, 35.22
1746734429, 0, 837, 995, 965, 13, 7.93%, 0, 1, 5, 29.71
1746736322, 0, 837, 997, 967, 13, 7.93%, 0, 1, 5, 31.33
1746736327, 0, 837, 998, 968, 13, 7.93%, 0, 1, 5, 32.46
1746736332, 0, 837, 999, 969, 13, 7.93%, 0, 1, 5, 32.45
1746736352, 0, 837, 1001, 971, 13, 7.93%, 0, 1, 5, 32.90
1746736363, 0, 837, 1003, 973, 13, 7.93%, 0, 1, 5, 31.80
1746736368, 0, 837, 1005, 975, 13, 7.93%, 0, 1, 5, 33.05
1746736373, 0, 837, 1007, 977, 13, 7.93%, 0, 1, 5, 32.77
1746736378, 0, 837, 1008, 978, 13, 7.93%, 0, 1, 5, 32.89
1746736388, 0, 837, 1010, 980, 13, 7.93%, 0, 1, 5, 32.93
1746736403, 0, 837, 1011, 981, 13, 7.93%, 0, 1, 5, 32.62
1746736409, 0, 837, 1012, 982, 13, 7.93%, 0, 1, 5, 33.33
1746736440, 0, 837, 1013, 983, 13, 7.93%, 0, 1, 5, 33.49
1746736450, 0, 837, 1014, 984, 13, 7.93%, 0, 1, 5, 33.14
1746736455, 0, 837, 1015, 985, 13, 7.93%, 0, 1, 5, 32.88
1746736475, 0, 837, 1016, 986, 13, 7.94%, 0, 1, 5, 33.52
1746736480, 0, 837, 1018, 988, 13, 7.94%, 0, 1, 5, 32.18
1746736486, 0, 837, 1020, 990, 13, 7.94%, 0, 1, 5, 31.51
1746736491, 0, 837, 1021, 991, 13, 7.94%, 0, 1, 5, 31.54
1746736496, 0, 837, 1023, 993, 13, 7.94%, 0, 1, 5, 32.32
1746736506, 0, 837, 1024, 994, 13, 7.94%, 0, 1, 5, 33.37
1746736532, 0, 837, 1025, 995, 13, 7.94%, 0, 1, 5, 32.33
1746736542, 0, 837, 1026, 996, 13, 7.94%, 0, 1, 5, 32.75
1746736557, 0, 837, 1027, 997, 13, 7.94%, 0, 1, 5, 32.66
1746736563, 0, 837, 1028, 998, 13, 7.95%, 0, 1, 5, 33.61
1746736573, 0, 837, 1030, 1000, 13, 7.95%, 0, 1, 5, 32.56
1746736578, 0, 837, 1031, 1001, 13, 7.95%, 0, 1, 5, 33.64
1746736594, 0, 837, 1032, 1002, 13, 7.96%, 0, 1, 5, 33.46
1746736599, 0, 837, 1033, 1003, 13, 7.96%, 0, 1, 5, 33.37
1746736604, 0, 837, 1034, 1004, 13, 8.16%, 0, 1, 5, 33.57
1746736624, 0, 837, 1035, 1005, 13, 8.16%, 0, 1, 5, 32.88
1746736635, 0, 837, 1036, 1006, 13, 8.16%, 0, 1, 5, 33.15
1746736645, 0, 837, 1037, 1007, 13, 8.16%, 0, 1, 5, 32.63
1746736655, 0, 837, 1038, 1008, 13, 8.16%, 0, 1, 5, 32.33
1746736660, 0, 837, 1039, 1009, 13, 8.16%, 0, 1, 5, 32.69
1746736681, 0, 837, 1040, 1010, 13, 8.16%, 0, 1, 5, 32.86
1746736706, 0, 837, 1041, 1011, 13, 8.16%, 0, 1, 5, 33.28
1746736722, 0, 837, 1044, 1014, 13, 8.16%, 0, 1, 5, 30.89
1746736727, 0, 837, 1045, 1015, 13, 8.17%, 0, 1, 5, 31.87
1746736732, 0, 837, 1046, 1016, 13, 8.17%, 0, 1, 5, 31.78
1746736737, 0, 837, 1047, 1017, 13, 8.17%, 0, 1, 5, 33.12
1746736747, 0, 837, 1048, 1018, 13, 8.17%, 0, 1, 5, 32.77
1746736768, 0, 837, 1049, 1019, 13, 8.17%, 0, 1, 5, 32.04
1746736798, 0, 837, 1050, 1020, 13, 8.17%, 0, 1, 5, 33.27
1746736804, 0, 837, 1052, 1022, 13, 8.17%, 0, 1, 5, 32.92
1746736809, 0, 837, 1053, 1023, 13, 8.17%, 0, 1, 5, 32.87
1746736819, 0, 837, 1054, 1024, 13, 8.17%, 0, 1, 5, 32.23
1746736875, 0, 837, 1055, 1025, 13, 8.17%, 0, 1, 5, 33.36
1746736886, 0, 837, 1056, 1026, 13, 8.17%, 0, 1, 5, 32.48
1746736896, 0, 837, 1057, 1027, 13, 8.17%, 0, 1, 5, 32.89
1746736901, 0, 837, 1058, 1028, 13, 8.17%, 0, 1, 5, 31.71
1746736917, 0, 837, 1059, 1029, 13, 8.17%, 0, 1, 5, 33.39
1746736922, 0, 837, 1060, 1030, 13, 8.17%, 0, 1, 5, 33.64
1746736937, 0, 837, 1061, 1031, 13, 8.17%, 0, 1, 5, 32.95
1746736968, 0, 837, 1062, 1032, 13, 8.17%, 0, 1, 5, 33.28
1746736973, 0, 837, 1063, 1033, 13, 8.17%, 0, 1, 5, 32.98
1746736989, 0, 837, 1065, 1035, 13, 8.18%, 0, 1, 5, 31.78
1746737009, 0, 837, 1066, 1036, 13, 8.18%, 0, 1, 5, 32.79
1746737020, 0, 837, 1067, 1037, 13, 8.18%, 0, 1, 5, 33.01
1746737030, 0, 837, 1069, 1039, 13, 8.18%, 0, 1, 5, 32.81
1746737045, 0, 837, 1070, 1040, 13, 8.21%, 0, 1, 5, 33.10
1746737050, 0, 837, 1071, 1041, 13, 8.21%, 0, 1, 5, 32.02
1746737056, 0, 837, 1072, 1042, 13, 8.21%, 0, 1, 5, 32.55
1746737081, 0, 838, 1072, 1041, 17, 8.21%, 0, 1, 5, 34.60
1746738207, 0, 850, 1072, 1040, 17, 8.21%, 0, 1, 5, 32.77
1746738507, 0, 850, 1073, 1041, 17, 8.21%, 0, 1, 5, 27.05
1746740495, 0, 850, 1074, 1042, 17, 8.21%, 0, 1, 5, 26.87
1746740857, 0, 850, 1076, 1044, 17, 8.33%, 0, 1, 5, 29.49
1746740862, 0, 850, 1077, 1045, 17, 8.33%, 0, 1, 5, 30.21
1746740872, 0, 850, 1078, 1046, 17, 8.33%, 0, 1, 5, 30.56
1746740882, 0, 850, 1079, 1047, 17, 8.33%, 0, 1, 5, 31.17
1746740893, 0, 850, 1080, 1048, 17, 8.33%, 0, 1, 5, 30.69
1746740903, 0, 850, 1081, 1049, 17, 8.33%, 0, 1, 5, 30.89
1746740908, 0, 850, 1083, 1051, 17, 8.38%, 0, 1, 5, 29.12
1746740923, 0, 850, 1085, 1053, 17, 8.39%, 0, 1, 5, 30.37
1746740939, 0, 850, 1086, 1054, 17, 8.39%, 0, 1, 5, 29.87
1746740944, 0, 850, 1087, 1055, 17, 8.39%, 0, 1, 5, 29.97
1746740964, 0, 850, 1088, 1056, 17, 8.39%, 0, 1, 5, 29.49
1746740970, 0, 850, 1089, 1057, 17, 8.39%, 0, 1, 5, 29.56
1746740975, 0, 850, 1090, 1058, 17, 8.39%, 0, 1, 5, 30.29
1746740985, 0, 850, 1092, 1060, 17, 8.39%, 0, 1, 5, 29.19
1746741001, 0, 850, 1093, 1061, 17, 8.39%, 0, 1, 5, 29.86
1746741016, 0, 850, 1094, 1062, 17, 8.39%, 0, 1, 5, 30.05
1746741021, 0, 850, 1095, 1063, 17, 8.39%, 0, 1, 5, 30.86
1746741031, 0, 850, 1096, 1064, 17, 8.39%, 0, 1, 5, 30.33
1746741046, 0, 850, 1098, 1066, 17, 8.39%, 0, 1, 5, 29.32
1746741051, 0, 850, 1099, 1067, 17, 8.39%, 0, 1, 5, 29.32
1746741062, 0, 850, 1100, 1068, 17, 8.39%, 0, 1, 5, 31.25
1746741077, 0, 850, 1101, 1069, 17, 8.40%, 0, 1, 5, 30.06
1746741087, 0, 850, 1103, 1071, 17, 8.40%, 0, 1, 5, 30.30
1746741093, 0, 850, 1104, 1072, 17, 8.41%, 0, 1, 5, 30.41
1746741098, 0, 850, 1105, 1073, 17, 8.41%, 0, 1, 5, 30.52
1746741108, 0, 850, 1106, 1074, 17, 8.41%, 0, 1, 5, 29.49
1746741123, 0, 850, 1107, 1075, 17, 8.51%, 0, 1, 5, 30.70
1746741128, 0, 850, 1108, 1076, 17, 8.51%, 0, 1, 5, 30.55
1746741159, 0, 850, 1109, 1077, 17, 8.51%, 0, 1, 5, 29.82
1746741205, 0, 850, 1111, 1079, 17, 8.51%, 0, 1, 5, 30.26
1746741215, 0, 850, 1112, 1080, 17, 8.51%, 0, 1, 5, 30.17
1746741220, 0, 850, 1113, 1081, 17, 8.51%, 0, 1, 5, 30.64
1746741236, 0, 850, 1115, 1083, 17, 8.51%, 0, 1, 5, 29.99
1746741261, 0, 850, 1116, 1084, 17, 8.51%, 0, 1, 5, 30.46
1746741287, 0, 850, 1117, 1085, 17, 8.51%, 0, 1, 5, 30.76
1746741292, 0, 850, 1118, 1086, 17, 8.51%, 0, 1, 5, 30.57
1746741323, 0, 850, 1119, 1087, 17, 8.51%, 0, 1, 5, 30.98
1746741328, 0, 850, 1120, 1088, 17, 8.51%, 0, 1, 5, 30.96
1746741333, 0, 850, 1121, 1089, 17, 8.51%, 0, 1, 5, 30.48
1746741348, 0, 850, 1122, 1090, 17, 8.51%, 0, 1, 5, 29.68
1746741389, 0, 850, 1124, 1092, 17, 8.51%, 0, 1, 5, 30.23
1746741405, 0, 850, 1125, 1093, 17, 8.51%, 0, 1, 5, 31.19
1746741415, 0, 850, 1126, 1094, 17, 8.51%, 0, 1, 5, 29.80
1746741441, 0, 850, 1127, 1095, 17, 8.51%, 0, 1, 5, 29.58
1746741446, 0, 850, 1128, 1096, 17, 8.51%, 0, 1, 5, 29.79
1746741492, 0, 850, 1129, 1097, 17, 8.51%, 0, 1, 5, 30.38
1746741523, 0, 850, 1130, 1098, 17, 8.51%, 0, 1, 5, 29.96
1746741590, 0, 850, 1131, 1099, 17, 8.51%, 0, 1, 5, 29.99
1746741631, 0, 850, 1132, 1100, 17, 8.51%, 0, 1, 5, 29.54
1746741641, 0, 850, 1133, 1101, 17, 8.51%, 0, 1, 5, 30.83
1746741667, 0, 850, 1134, 1102, 17, 8.51%, 0, 1, 5, 30.06
1746741672, 0, 850, 1135, 1103, 17, 8.51%, 0, 1, 5, 30.92
1746741677, 0, 887, 1135, 1102, 22, 8.51%, 0, 1, 5, 36.56
1746742810, 0, 914, 1135, 1101, 21, 8.51%, 0, 1, 5, 46.08
1746743020, 0, 914, 1136, 1102, 21, 8.51%, 0, 1, 5, 37.33
1746744127, 0, 914, 1137, 1103, 21, 8.51%, 0, 1, 5, 37.30
1746744132, 0, 914, 1138, 1104, 21, 8.51%, 0, 1, 5, 37.40
1746744198, 0, 915, 1138, 1103, 20, 8.51%, 0, 1, 5, 39.92
1746745415, 0, 929, 1138, 1102, 20, 8.51%, 0, 1, 5, 44.95
1746746349, 0, 953, 1138, 1101, 19, 8.51%, 0, 1, 5, 51.59
1746747183, 0, 962, 1138, 1100, 18, 8.51%, 0, 1, 5, 43.62
1746749617, 0, 962, 1139, 1101, 18, 8.51%, 0, 1, 6, 31.28
1746749637, 0, 962, 1140, 1102, 18, 8.51%, 0, 1, 6, 32.90
1746749699, 0, 962, 1141, 1103, 18, 8.51%, 0, 1, 6, 31.83
1746749941, 0, 962, 1142, 1104, 18, 8.51%, 0, 1, 6, 31.69
1746750002, 0, 962, 1143, 1105, 18, 8.51%, 0, 1, 6, 33.10
1746750146, 0, 962, 1144, 1106, 18, 8.51%, 0, 1, 6, 32.39
1746750167, 0, 962, 1145, 1107, 18, 8.51%, 0, 1, 6, 31.85
1746750213, 0, 962, 1146, 1108, 18, 8.51%, 0, 1, 6, 31.13
1746750366, 0, 988, 1146, 1107, 18, 8.51%, 0, 1, 6, 28.54
1746750381, 0, 988, 1147, 1108, 18, 8.51%, 0, 1, 6, 26.21
1746750386, 0, 988, 1149, 1110, 18, 8.51%, 0, 1, 6, 26.35
1746750391, 0, 988, 1150, 1111, 18, 8.51%, 0, 1, 6, 26.22
1746750452, 0, 988, 1151, 1112, 18, 8.52%, 0, 1, 6, 26.42
1746750457, 0, 988, 1152, 1113, 18, 8.52%, 0, 1, 6, 26.41
1746750468, 0, 988, 1153, 1114, 18, 8.52%, 0, 1, 6, 26.07
1746750692, 0, 988, 1154, 1115, 18, 8.52%, 0, 1, 6, 26.22
1746750697, 0, 988, 1155, 1116, 18, 8.52%, 0, 1, 6, 26.29
1746750707, 0, 988, 1156, 1117, 18, 8.52%, 0, 1, 6, 26.08
1746750747, 0, 988, 1157, 1118, 18, 8.52%, 0, 1, 6, 26.16
1746750758, 0, 988, 1158, 1119, 18, 8.52%, 0, 1, 6, 26.40
1746750778, 0, 988, 1159, 1120, 18, 8.52%, 0, 1, 6, 26.33
1746752272, 0, 988, 1160, 1121, 18, 8.52%, 0, 1, 6, 26.43
1746752666, 0, 988, 1162, 1123, 18, 8.52%, 0, 1, 6, 26.51
1746752830, 0, 988, 1163, 1124, 18, 8.52%, 0, 1, 6, 26.50
1746752978, 0, 988, 1164, 1125, 18, 8.52%, 0, 1, 6, 25.76
1746752999, 0, 988, 1166, 1127, 18, 8.52%, 0, 1, 6, 29.05
1746753009, 0, 988, 1168, 1129, 18, 8.52%, 0, 1, 6, 29.26
1746753014, 0, 988, 1169, 1130, 18, 8.52%, 0, 1, 6, 30.44
1746753029, 0, 988, 1171, 1132, 18, 8.52%, 0, 1, 6, 30.61
1746753040, 0, 988, 1172, 1133, 18, 8.52%, 0, 1, 6, 31.25
1746753045, 0, 988, 1173, 1134, 18, 8.52%, 0, 1, 6, 30.62
1746753050, 0, 988, 1175, 1136, 18, 8.52%, 0, 1, 6, 30.55
1746753055, 0, 988, 1176, 1137, 18, 8.52%, 0, 1, 6, 29.97
1746753070, 0, 988, 1177, 1138, 18, 8.52%, 0, 1, 6, 30.36
1746753096, 0, 988, 1179, 1140, 18, 8.53%, 0, 1, 6, 30.37
1746753116, 0, 988, 1180, 1141, 18, 8.53%, 0, 1, 6, 30.44
1746753121, 0, 988, 1181, 1142, 18, 8.53%, 0, 1, 6, 30.92
1746753147, 0, 988, 1182, 1143, 18, 8.53%, 0, 1, 6, 30.76
1746753152, 0, 988, 1183, 1144, 18, 8.53%, 0, 1, 6, 30.98
1746753173, 0, 988, 1185, 1146, 18, 8.53%, 0, 1, 6, 31.36
1746753178, 0, 988, 1187, 1148, 18, 8.53%, 0, 1, 6, 30.02
1746753224, 0, 988, 1188, 1149, 18, 8.53%, 0, 1, 6, 31.01
1746753239, 0, 988, 1189, 1150, 18, 8.53%, 0, 1, 6, 31.41
1746753285, 0, 988, 1190, 1151, 18, 8.53%, 0, 1, 6, 30.87
1746753296, 0, 988, 1191, 1152, 18, 8.53%, 0, 1, 6, 30.83
1746753301, 0, 988, 1192, 1153, 18, 8.53%, 0, 1, 6, 30.39
1746753311, 0, 988, 1193, 1154, 18, 8.53%, 0, 1, 6, 31.36
1746753316, 0, 988, 1195, 1156, 18, 8.53%, 0, 1, 6, 30.37
1746753372, 0, 988, 1196, 1157, 18, 8.53%, 0, 1, 6, 32.02
1746753377, 0, 988, 1197, 1158, 18, 8.53%, 0, 1, 6, 30.09
1746753388, 0, 988, 1198, 1159, 18, 8.53%, 0, 1, 6, 30.14
1746753398, 0, 988, 1199, 1160, 18, 8.53%, 0, 1, 6, 30.76
1746753403, 0, 988, 1200, 1161, 18, 8.53%, 0, 1, 6, 31.35
1746753429, 0, 988, 1201, 1162, 18, 8.54%, 0, 1, 6, 30.32
1746753444, 0, 988, 1202, 1163, 18, 8.54%, 0, 1, 6, 31.14
1746753454, 0, 988, 1203, 1164, 18, 8.54%, 0, 1, 6, 31.19
1746753501, 0, 988, 1204, 1165, 18, 8.54%, 0, 1, 6, 31.13
1746753531, 0, 988, 1205, 1166, 18, 8.54%, 0, 1, 6, 30.54
1746753607, 0, 988, 1206, 1167, 18, 8.54%, 0, 1, 6, 31.30
1746753684, 0, 988, 1207, 1168, 18, 8.54%, 0, 1, 6, 30.07
1746753710, 0, 988, 1208, 1169, 18, 8.54%, 0, 1, 6, 30.56
1746753715, 0, 988, 1209, 1170, 18, 8.54%, 0, 1, 6, 30.55
1746753787, 0, 1011, 1210, 1170, 21, 8.54%, 0, 1, 6, 30.44
