# unix_time, cycles_done, cur_path, paths_total, pending_total, pending_favs, map_size, unique_crashes, unique_hangs, max_depth, execs_per_sec
1747410151, 0, 0, 1, 1, 1, 0.03%, 0, 0, 1, 800.00
1747410156, 0, 6, 9, 4, 2, 0.06%, 0, 0, 4, 2310.37
1747410161, 0, 11, 13, 4, 1, 0.06%, 0, 0, 7, 2553.57
1747410166, 1, 9, 17, 6, 0, 0.06%, 0, 0, 8, 2582.15
1747410171, 1, 16, 17, 4, 0, 0.06%, 0, 0, 8, 2560.72
1747410176, 3, 12, 17, 2, 0, 0.06%, 0, 0, 8, 2617.42
1747410181, 7, 11, 17, 1, 0, 0.06%, 0, 0, 8, 2489.56
1747410186, 12, 15, 17, 1, 0, 0.06%, 0, 0, 8, 2626.29
1747410191, 16, 4, 17, 0, 0, 0.06%, 0, 0, 8, 2643.18
1747410196, 22, 3, 17, 0, 0, 0.06%, 0, 0, 8, 2664.01
1747410201, 27, 12, 17, 0, 0, 0.06%, 0, 0, 8, 2633.89
1747410206, 33, 11, 17, 0, 0, 0.06%, 0, 0, 8, 2629.19
1747410211, 39, 3, 17, 0, 0, 0.06%, 0, 0, 8, 2648.83
1747410216, 44, 11, 17, 0, 0, 0.06%, 0, 0, 8, 2644.55
1747410221, 49, 12, 17, 0, 0, 0.06%, 0, 0, 8, 2636.18
1747410227, 55, 1, 17, 0, 0, 0.06%, 0, 0, 8, 2638.60
1747410232, 61, 0, 17, 0, 0, 0.06%, 0, 0, 8, 2636.91
1747410237, 65, 0, 17, 0, 0, 0.06%, 0, 0, 8, 2641.31
1747410242, 70, 11, 17, 0, 0, 0.06%, 0, 0, 8, 2643.89
1747410247, 75, 12, 17, 0, 0, 0.06%, 0, 0, 8, 2622.59
1747410252, 81, 1, 17, 0, 0, 0.06%, 0, 0, 8, 2628.22
1747410257, 86, 12, 17, 0, 0, 0.06%, 0, 0, 8, 2637.19
1747410262, 93, 1, 17, 0, 0, 0.06%, 0, 0, 8, 2628.65
1747410267, 99, 0, 17, 0, 0, 0.06%, 0, 0, 8, 2632.49
1747410272, 104, 11, 17, 0, 0, 0.06%, 0, 0, 8, 2628.18
1747410277, 109, 12, 17, 0, 0, 0.06%, 0, 0, 8, 2620.86
1747410282, 115, 4, 17, 0, 0, 0.06%, 0, 0, 8, 2627.85
1747410287, 117, 17, 19, 2, 1, 0.07%, 0, 0, 8, 2589.59
1747410293, 117, 18, 20, 2, 1, 0.07%, 0, 0, 8, 2581.66
1747410298, 117, 18, 21, 3, 1, 0.07%, 0, 0, 8, 2591.98
1747410303, 117, 19, 21, 2, 1, 0.07%, 0, 0, 8, 2584.39
1747410308, 117, 19, 22, 3, 1, 0.07%, 0, 0, 9, 2597.99
1747410318, 118, 19, 22, 2, 0, 0.07%, 0, 0, 9, 2596.39
1747410323, 120, 18, 23, 3, 0, 0.07%, 0, 0, 9, 2595.60
1747410328, 120, 23, 25, 5, 0, 0.07%, 0, 0, 10, 2532.30
1747410333, 120, 23, 26, 6, 0, 0.07%, 0, 0, 10, 2552.12
1747410338, 121, 4, 26, 5, 0, 0.07%, 0, 0, 10, 2568.27
1747410344, 121, 19, 27, 6, 0, 0.07%, 0, 0, 10, 2580.81
1747410349, 121, 26, 28, 7, 1, 0.07%, 0, 0, 10, 2572.28
1747410354, 121, 27, 30, 8, 1, 0.08%, 0, 0, 11, 2556.88
1747410364, 121, 27, 31, 9, 1, 0.08%, 0, 0, 11, 2569.83
1747410369, 121, 30, 33, 10, 1, 0.09%, 0, 0, 12, 2537.32
1747410385, 121, 32, 33, 9, 1, 0.09%, 0, 0, 12, 2482.27
1747410390, 122, 20, 33, 8, 0, 0.09%, 0, 0, 12, 2520.94
1747410395, 122, 21, 33, 7, 0, 0.09%, 0, 0, 12, 2567.37
1747410405, 122, 28, 33, 6, 0, 0.09%, 0, 0, 12, 2569.80
1747410410, 122, 32, 33, 5, 0, 0.09%, 0, 0, 12, 2557.61
1747410415, 123, 22, 33, 5, 0, 0.09%, 0, 0, 12, 2540.82
1747410421, 123, 24, 33, 4, 0, 0.09%, 0, 0, 12, 2490.33
1747410426, 123, 29, 33, 3, 0, 0.09%, 0, 0, 12, 2478.77
1747410436, 124, 10, 33, 2, 0, 0.09%, 0, 0, 12, 2551.98
1747410441, 124, 25, 33, 2, 0, 0.09%, 0, 0, 12, 2496.50
1747410446, 124, 25, 34, 3, 0, 0.09%, 0, 0, 12, 2453.84
1747410451, 124, 30, 35, 3, 0, 0.09%, 0, 0, 12, 2443.79
1747410456, 124, 31, 35, 3, 0, 0.09%, 0, 0, 12, 2456.34
1747410462, 124, 32, 35, 2, 0, 0.09%, 0, 0, 12, 2520.70
1747410467, 125, 28, 35, 2, 0, 0.09%, 0, 0, 12, 2565.90
1747410472, 126, 21, 35, 2, 0, 0.09%, 0, 0, 12, 2567.75
1747410477, 126, 32, 35, 2, 0, 0.09%, 0, 0, 12, 2512.62
1747410482, 126, 33, 36, 3, 0, 0.09%, 0, 0, 12, 2425.29
1747410492, 127, 30, 36, 2, 0, 0.09%, 0, 0, 12, 2492.04
1747410497, 128, 32, 36, 2, 0, 0.09%, 0, 0, 12, 2518.82
1747410502, 129, 28, 36, 2, 0, 0.09%, 0, 0, 12, 2526.23
1747410508, 130, 30, 36, 2, 0, 0.09%, 0, 0, 12, 2483.97
1747410513, 130, 35, 37, 3, 0, 0.09%, 0, 0, 13, 2365.06
1747410523, 131, 32, 37, 2, 0, 0.09%, 0, 0, 13, 2455.69
1747410528, 132, 30, 37, 2, 0, 0.09%, 0, 0, 13, 2492.61
1747410533, 133, 27, 37, 2, 0, 0.09%, 0, 0, 13, 2486.19
1747410538, 133, 32, 37, 2, 0, 0.09%, 0, 0, 13, 2488.67
1747410543, 133, 34, 37, 2, 0, 0.09%, 0, 0, 13, 2381.40
1747410548, 134, 20, 37, 1, 0, 0.09%, 0, 0, 13, 2457.46
1747410553, 134, 32, 37, 1, 0, 0.09%, 0, 0, 13, 2464.63
1747410558, 134, 36, 37, 1, 0, 0.09%, 1, 0, 13, 2303.15
1747410563, 134, 36, 38, 2, 0, 0.09%, 1, 0, 14, 2282.57
1747410573, 134, 37, 38, 1, 0, 0.09%, 1, 0, 14, 2207.77
1747410584, 135, 30, 38, 0, 0, 0.09%, 1, 0, 14, 2470.74
1747410589, 136, 30, 38, 0, 0, 0.09%, 1, 0, 14, 2511.42
1747410594, 137, 30, 38, 0, 0, 0.09%, 1, 0, 14, 2519.96
1747410599, 137, 37, 38, 0, 0, 0.09%, 1, 0, 14, 2434.45
1747410604, 138, 31, 38, 0, 0, 0.09%, 1, 0, 14, 2344.22
1747410609, 139, 30, 38, 0, 0, 0.09%, 1, 0, 14, 2458.18
1747410614, 140, 30, 38, 0, 0, 0.09%, 1, 0, 14, 2482.05
1747410619, 141, 30, 38, 0, 0, 0.09%, 1, 0, 14, 2416.11
1747410624, 141, 32, 39, 1, 0, 0.09%, 1, 0, 14, 2443.50
1747410629, 141, 38, 39, 1, 1, 0.09%, 1, 0, 14, 2374.20
1747410634, 142, 19, 39, 0, 0, 0.09%, 1, 0, 14, 2452.66
1747410639, 143, 18, 39, 0, 0, 0.09%, 1, 0, 14, 2481.84
1747410645, 144, 34, 39, 0, 0, 0.09%, 1, 0, 14, 2422.30
1747410650, 145, 38, 39, 0, 0, 0.09%, 1, 0, 14, 2366.68
1747410655, 147, 23, 39, 0, 0, 0.09%, 1, 0, 14, 2336.23
1747410660, 148, 11, 39, 0, 0, 0.09%, 1, 0, 14, 2448.09
1747410665, 149, 27, 39, 0, 0, 0.09%, 1, 0, 14, 2479.25
1747410670, 150, 38, 39, 0, 0, 0.09%, 1, 0, 14, 2491.86
1747410675, 151, 36, 39, 0, 0, 0.09%, 1, 0, 14, 2482.31
1747410680, 151, 38, 39, 0, 0, 0.09%, 1, 0, 14, 2410.30
1747410685, 153, 32, 39, 0, 0, 0.09%, 1, 0, 14, 2309.31
1747410690, 154, 29, 39, 0, 0, 0.09%, 1, 0, 14, 2469.26
1747410695, 155, 38, 39, 0, 0, 0.09%, 1, 0, 14, 2482.22
1747410700, 156, 38, 39, 0, 0, 0.09%, 1, 0, 14, 2499.44
1747410706, 157, 35, 39, 0, 0, 0.09%, 1, 0, 14, 2500.62
1747410711, 158, 23, 39, 0, 0, 0.09%, 1, 0, 14, 2511.62
1747410716, 159, 35, 39, 0, 0, 0.09%, 1, 0, 14, 2474.67
1747410721, 160, 38, 39, 0, 0, 0.09%, 1, 0, 14, 2416.39
1747410726, 162, 7, 39, 0, 0, 0.09%, 1, 0, 14, 2378.44
1747410731, 163, 21, 39, 0, 0, 0.09%, 1, 0, 14, 2494.91
1747410736, 164, 37, 39, 0, 0, 0.09%, 1, 0, 14, 2486.64
1747410741, 165, 38, 39, 0, 0, 0.09%, 1, 0, 14, 2380.09
1747410746, 166, 38, 39, 0, 0, 0.09%, 1, 0, 14, 2334.10
1747410751, 167, 38, 39, 0, 0, 0.09%, 1, 0, 14, 2205.05
1747410756, 168, 38, 39, 0, 0, 0.09%, 1, 0, 14, 2348.17
1747410762, 170, 21, 39, 0, 0, 0.09%, 1, 0, 14, 2332.26
1747410767, 170, 33, 39, 0, 0, 0.09%, 1, 0, 14, 2430.51
1747410772, 171, 29, 39, 0, 0, 0.09%, 1, 0, 14, 2446.54
1747410777, 172, 38, 39, 0, 0, 0.09%, 1, 0, 14, 2483.55
1747410782, 173, 38, 39, 0, 0, 0.09%, 1, 0, 14, 2512.71
1747410787, 175, 15, 39, 0, 0, 0.09%, 1, 0, 14, 2486.16
1747410792, 176, 34, 39, 0, 0, 0.09%, 1, 0, 14, 2508.39
1747410797, 177, 37, 39, 0, 0, 0.09%, 1, 0, 14, 2502.49
1747410802, 177, 39, 40, 1, 0, 0.09%, 1, 0, 15, 2366.91
1747410812, 177, 39, 41, 2, 0, 0.09%, 1, 0, 16, 2382.16
1747410818, 177, 39, 42, 3, 0, 0.09%, 1, 0, 16, 2402.86
1747410823, 177, 40, 42, 2, 0, 0.09%, 1, 0, 16, 2009.96
1747410838, 178, 32, 42, 1, 0, 0.09%, 1, 0, 16, 2313.07
1747410843, 178, 41, 42, 1, 0, 0.09%, 1, 0, 16, 2207.73
1747410858, 180, 39, 42, 0, 0, 0.09%, 1, 0, 16, 2415.93
1747410863, 182, 4, 42, 0, 0, 0.09%, 1, 0, 16, 2479.17
1747410868, 183, 30, 42, 0, 0, 0.09%, 1, 0, 16, 2514.22
1747410873, 186, 18, 42, 0, 0, 0.09%, 1, 0, 16, 2482.29
1747410879, 186, 30, 42, 0, 0, 0.09%, 1, 0, 16, 2486.00
1747410884, 187, 29, 42, 0, 0, 0.09%, 1, 0, 16, 2422.76
1747410889, 189, 28, 42, 0, 0, 0.09%, 1, 0, 16, 2512.18
1747410894, 190, 38, 42, 0, 0, 0.09%, 1, 0, 16, 2409.14
1747410899, 192, 38, 42, 0, 0, 0.09%, 1, 0, 16, 2497.44
1747410904, 194, 35, 42, 0, 0, 0.09%, 1, 0, 16, 2493.02
1747410909, 195, 25, 42, 0, 0, 0.09%, 1, 0, 16, 2501.03
1747410914, 197, 41, 42, 0, 0, 0.09%, 1, 0, 16, 2456.23
1747410919, 198, 38, 42, 0, 0, 0.09%, 1, 0, 16, 2506.77
1747410924, 200, 20, 42, 0, 0, 0.09%, 1, 0, 16, 2526.92
1747410929, 201, 38, 42, 0, 0, 0.09%, 1, 0, 16, 2528.85
1747410934, 204, 17, 42, 0, 0, 0.09%, 1, 0, 16, 2543.20
1747410939, 206, 26, 42, 0, 0, 0.09%, 1, 0, 16, 2521.76
1747410945, 208, 31, 42, 0, 0, 0.09%, 1, 0, 16, 2341.69
1747410950, 209, 29, 42, 0, 0, 0.09%, 1, 0, 16, 2333.75
1747410955, 210, 41, 42, 0, 0, 0.09%, 1, 0, 16, 2428.51
1747410960, 212, 24, 42, 0, 0, 0.09%, 1, 0, 16, 2462.87
1747410965, 213, 24, 42, 0, 0, 0.09%, 1, 0, 16, 2513.34
1747410970, 216, 35, 42, 0, 0, 0.09%, 1, 0, 16, 2376.90
1747410975, 218, 36, 42, 0, 0, 0.09%, 1, 0, 16, 2442.34
1747410980, 221, 4, 42, 0, 0, 0.09%, 1, 0, 16, 2409.72
1747410985, 222, 35, 42, 0, 0, 0.09%, 1, 0, 16, 2447.20
1747410990, 224, 20, 42, 0, 0, 0.09%, 1, 0, 16, 2475.05
1747410995, 225, 34, 42, 0, 0, 0.09%, 1, 0, 16, 2521.54
1747411000, 228, 18, 42, 0, 0, 0.09%, 1, 0, 16, 2472.80
1747411005, 230, 32, 42, 0, 0, 0.09%, 1, 0, 16, 2506.74
1747411011, 233, 24, 42, 0, 0, 0.09%, 1, 0, 16, 2521.06
1747411016, 234, 24, 42, 0, 0, 0.09%, 1, 0, 16, 2525.81
1747411021, 235, 21, 42, 0, 0, 0.09%, 1, 0, 16, 2528.31
1747411026, 237, 26, 42, 0, 0, 0.09%, 1, 0, 16, 2505.53
1747411031, 237, 38, 42, 0, 0, 0.09%, 1, 0, 16, 2484.28
1747411036, 239, 34, 42, 0, 0, 0.09%, 1, 0, 16, 2497.39
1747411041, 239, 40, 42, 0, 0, 0.09%, 1, 0, 16, 2271.73
1747411046, 241, 1, 42, 0, 0, 0.09%, 1, 0, 16, 2446.78
1747411051, 243, 38, 42, 0, 0, 0.09%, 1, 0, 16, 2494.61
1747411056, 246, 22, 42, 0, 0, 0.09%, 1, 0, 16, 2487.01
1747411061, 246, 38, 42, 0, 0, 0.09%, 1, 0, 16, 2466.02
1747411067, 248, 20, 42, 0, 0, 0.09%, 1, 0, 16, 2479.00
1747411072, 248, 37, 42, 0, 0, 0.09%, 1, 0, 16, 2464.02
1747411077, 249, 39, 42, 0, 0, 0.09%, 1, 0, 16, 2465.15
1747411082, 250, 40, 42, 0, 0, 0.09%, 1, 0, 16, 2438.50
1747411087, 251, 38, 42, 0, 0, 0.09%, 1, 0, 16, 2489.92
1747411092, 253, 21, 42, 0, 0, 0.09%, 1, 0, 16, 2501.79
1747411097, 254, 32, 42, 0, 0, 0.09%, 1, 0, 16, 2457.58
1747411102, 256, 20, 42, 0, 0, 0.09%, 1, 0, 16, 2460.97
1747411107, 258, 4, 42, 0, 0, 0.09%, 1, 0, 16, 2505.63
1747411112, 258, 38, 42, 0, 0, 0.09%, 1, 0, 16, 2521.91
1747411117, 261, 23, 42, 0, 0, 0.09%, 1, 0, 16, 2522.14
1747411122, 262, 29, 42, 0, 0, 0.09%, 1, 0, 16, 2525.91
1747411128, 263, 38, 43, 1, 0, 0.09%, 1, 0, 16, 2493.68
1747411133, 265, 38, 43, 1, 0, 0.09%, 1, 0, 16, 2483.59
1747411138, 266, 26, 43, 1, 0, 0.09%, 1, 0, 16, 2503.57
1747411143, 267, 22, 43, 1, 0, 0.09%, 1, 0, 16, 2485.03
1747411148, 267, 39, 43, 1, 0, 0.09%, 1, 0, 16, 2451.64
1747411153, 267, 42, 44, 2, 0, 0.09%, 1, 0, 16, 2394.18
1747411158, 267, 43, 45, 2, 0, 0.09%, 1, 0, 16, 2411.69
1747411168, 268, 26, 45, 1, 0, 0.09%, 1, 0, 16, 2385.82
1747411173, 268, 44, 45, 1, 0, 0.09%, 1, 0, 16, 2190.98
1747411183, 269, 40, 45, 0, 0, 0.09%, 1, 0, 16, 2335.01
1747411188, 270, 28, 45, 0, 0, 0.09%, 1, 0, 16, 2457.33
1747411194, 271, 25, 45, 0, 0, 0.09%, 1, 0, 16, 2449.40
1747411199, 272, 35, 45, 0, 0, 0.09%, 1, 0, 16, 2453.89
1747411204, 273, 40, 45, 0, 0, 0.09%, 1, 0, 16, 2389.55
1747411209, 274, 37, 45, 0, 0, 0.09%, 1, 0, 16, 2407.02
1747411214, 275, 38, 45, 0, 0, 0.09%, 1, 0, 16, 2450.73
1747411219, 277, 22, 45, 0, 0, 0.09%, 1, 0, 16, 2477.87
1747411224, 278, 24, 45, 0, 0, 0.09%, 1, 0, 16, 2474.34
1747411229, 278, 38, 45, 0, 0, 0.09%, 1, 0, 16, 2455.83
1747411234, 279, 27, 45, 0, 0, 0.09%, 1, 0, 16, 2457.41
1747411239, 281, 24, 45, 0, 0, 0.09%, 1, 0, 16, 2467.99
1747411244, 281, 41, 45, 0, 0, 0.09%, 1, 0, 16, 2421.99
1747411249, 284, 13, 45, 0, 0, 0.09%, 1, 0, 16, 2463.69
1747411254, 285, 29, 45, 0, 0, 0.09%, 1, 0, 16, 2405.35
1747411260, 286, 37, 45, 0, 0, 0.09%, 1, 0, 16, 2411.80
1747411265, 287, 35, 45, 0, 0, 0.09%, 1, 0, 16, 2429.38
1747411270, 288, 40, 45, 0, 0, 0.09%, 1, 0, 16, 2386.76
1747411275, 290, 37, 45, 0, 0, 0.09%, 1, 0, 16, 2424.54
1747411280, 292, 20, 45, 0, 0, 0.09%, 1, 0, 16, 2415.90
1747411285, 293, 44, 45, 0, 0, 0.09%, 1, 0, 16, 2392.21
1747411290, 295, 38, 45, 0, 0, 0.09%, 1, 0, 16, 2458.80
1747411295, 297, 19, 45, 0, 0, 0.09%, 1, 0, 16, 2403.84
1747411300, 299, 36, 45, 0, 0, 0.09%, 1, 0, 16, 2295.88
1747411305, 302, 39, 45, 0, 0, 0.09%, 1, 0, 16, 2322.50
1747411310, 305, 38, 45, 0, 0, 0.09%, 1, 0, 16, 2431.76
1747411315, 306, 44, 45, 0, 0, 0.09%, 1, 0, 16, 2391.34
1747411320, 309, 29, 45, 0, 0, 0.09%, 1, 0, 16, 2481.29
1747411325, 309, 32, 45, 0, 0, 0.09%, 1, 0, 16, 2483.63
1747411331, 310, 27, 45, 0, 0, 0.09%, 1, 0, 16, 2497.00
1747411336, 312, 38, 45, 0, 0, 0.09%, 1, 0, 16, 2510.46
1747411341, 314, 38, 45, 0, 0, 0.09%, 1, 0, 16, 2466.51
1747411346, 316, 19, 45, 0, 0, 0.09%, 1, 0, 16, 2474.38
1747411351, 317, 27, 45, 0, 0, 0.09%, 1, 0, 16, 2502.05
1747411356, 318, 29, 45, 0, 0, 0.09%, 1, 0, 16, 2512.35
1747411361, 319, 39, 45, 0, 0, 0.09%, 1, 0, 16, 2490.52
1747411366, 323, 26, 45, 0, 0, 0.09%, 1, 0, 16, 2490.27
1747411371, 323, 37, 45, 0, 0, 0.09%, 1, 0, 16, 2470.34
1747411376, 324, 38, 45, 0, 0, 0.09%, 1, 0, 16, 2438.29
1747411382, 325, 38, 45, 0, 0, 0.09%, 1, 0, 16, 2470.00
1747411387, 327, 0, 45, 0, 0, 0.09%, 1, 0, 16, 2423.56
1747411392, 329, 20, 45, 0, 0, 0.09%, 1, 0, 16, 2494.67
1747411397, 329, 43, 45, 0, 0, 0.09%, 1, 0, 16, 2482.56
1747411402, 331, 28, 45, 0, 0, 0.09%, 1, 0, 16, 2489.07
1747411407, 332, 32, 45, 0, 0, 0.09%, 1, 0, 16, 2506.52
1747411413, 335, 24, 45, 0, 0, 0.09%, 1, 0, 16, 2456.18
1747411418, 336, 38, 45, 0, 0, 0.09%, 1, 0, 16, 2484.43
1747411423, 338, 22, 45, 0, 0, 0.09%, 1, 0, 16, 2479.20
1747411428, 341, 4, 45, 0, 0, 0.09%, 1, 0, 16, 2507.91
1747411433, 342, 24, 45, 0, 0, 0.09%, 1, 0, 16, 2521.28
1747411438, 343, 28, 45, 0, 0, 0.09%, 1, 0, 16, 2417.50
1747411443, 345, 39, 45, 0, 0, 0.09%, 1, 0, 16, 2391.54
1747411448, 346, 21, 45, 0, 0, 0.09%, 1, 0, 16, 2248.11
1747411453, 346, 39, 45, 0, 0, 0.09%, 1, 0, 16, 2098.13
1747411458, 347, 38, 45, 0, 0, 0.09%, 1, 0, 16, 2374.72
1747411463, 350, 18, 45, 0, 0, 0.09%, 1, 0, 16, 2335.81
1747411468, 351, 42, 45, 0, 0, 0.09%, 1, 0, 16, 2336.07
1747411473, 352, 38, 45, 0, 0, 0.09%, 1, 0, 16, 2420.92
1747411478, 354, 38, 45, 0, 0, 0.09%, 1, 0, 16, 2365.22
1747411483, 356, 20, 45, 0, 0, 0.09%, 1, 0, 16, 2412.78
1747411488, 357, 33, 45, 0, 0, 0.09%, 1, 0, 16, 2392.61
1747411493, 358, 22, 45, 0, 0, 0.09%, 1, 0, 16, 2420.25
1747411499, 358, 31, 45, 0, 0, 0.09%, 1, 0, 16, 2326.40
1747411504, 359, 34, 45, 0, 0, 0.09%, 1, 0, 16, 2288.64
1747411509, 361, 38, 45, 0, 0, 0.09%, 1, 0, 16, 2358.46
1747411514, 363, 38, 45, 0, 0, 0.09%, 1, 0, 16, 2441.31
1747411519, 367, 28, 45, 0, 0, 0.09%, 1, 0, 16, 2486.84
1747411524, 369, 38, 45, 0, 0, 0.09%, 1, 0, 16, 2493.09
1747411529, 371, 33, 45, 0, 0, 0.09%, 1, 0, 16, 2358.82
1747411534, 374, 31, 45, 0, 0, 0.09%, 1, 0, 16, 2442.11
1747411539, 375, 31, 45, 0, 0, 0.09%, 1, 0, 16, 2488.60
1747411544, 378, 21, 45, 0, 0, 0.09%, 1, 0, 16, 2473.55
1747411549, 381, 23, 45, 0, 0, 0.09%, 1, 0, 16, 2487.28
1747411554, 381, 41, 45, 0, 0, 0.09%, 1, 0, 16, 2435.37
1747411559, 382, 44, 45, 0, 0, 0.09%, 1, 0, 16, 2442.87
1747411564, 383, 38, 45, 0, 0, 0.09%, 1, 0, 16, 2434.00
1747411569, 385, 4, 45, 0, 0, 0.09%, 1, 0, 16, 2398.37
1747411574, 386, 40, 45, 0, 0, 0.09%, 1, 0, 16, 2355.74
1747411579, 388, 29, 45, 0, 0, 0.09%, 1, 0, 16, 2297.08
1747411585, 389, 40, 45, 0, 0, 0.09%, 1, 0, 16, 2316.00
1747411590, 392, 33, 45, 0, 0, 0.09%, 1, 0, 16, 2403.75
1747411595, 393, 21, 45, 0, 0, 0.09%, 1, 0, 16, 2478.54
1747411600, 394, 26, 45, 0, 0, 0.09%, 1, 0, 16, 2399.29
1747411605, 395, 38, 45, 0, 0, 0.09%, 1, 0, 16, 2456.96
1747411610, 397, 25, 45, 0, 0, 0.09%, 1, 0, 16, 2469.87
1747411615, 398, 14, 45, 0, 0, 0.09%, 1, 0, 16, 2469.76
1747411620, 400, 38, 45, 0, 0, 0.09%, 1, 0, 16, 2472.75
1747411625, 402, 37, 45, 0, 0, 0.09%, 1, 0, 16, 2476.48
1747411631, 404, 21, 45, 0, 0, 0.09%, 1, 0, 16, 2479.06
1747411636, 405, 44, 45, 0, 0, 0.09%, 1, 0, 16, 2422.29
1747411641, 407, 38, 45, 0, 0, 0.09%, 1, 0, 16, 2473.52
1747411646, 409, 23, 45, 0, 0, 0.09%, 1, 0, 16, 2457.03
1747411651, 410, 20, 45, 0, 0, 0.09%, 1, 0, 16, 2446.08
1747411656, 411, 24, 45, 0, 0, 0.09%, 1, 0, 16, 2457.88
1747411661, 412, 34, 45, 0, 0, 0.09%, 1, 0, 16, 2175.24
1747411666, 414, 4, 45, 0, 0, 0.09%, 1, 0, 16, 2276.24
1747411671, 414, 37, 45, 0, 0, 0.09%, 1, 0, 16, 2363.97
1747411676, 416, 28, 45, 0, 0, 0.09%, 1, 0, 16, 2455.05
1747411681, 417, 38, 45, 0, 0, 0.09%, 1, 0, 16, 2434.63
1747411686, 420, 29, 45, 0, 0, 0.09%, 1, 0, 16, 2367.66
1747411691, 421, 38, 45, 0, 0, 0.09%, 1, 0, 16, 2439.13
1747411697, 424, 36, 45, 0, 0, 0.09%, 1, 0, 16, 2472.10
1747411702, 425, 41, 45, 0, 0, 0.09%, 1, 0, 16, 2420.74
1747411707, 427, 22, 45, 0, 0, 0.09%, 1, 0, 16, 2402.18
1747411712, 429, 0, 45, 0, 0, 0.09%, 1, 0, 16, 2470.13
1747411717, 431, 38, 45, 0, 0, 0.09%, 1, 0, 16, 2445.49
1747411722, 432, 42, 45, 0, 0, 0.09%, 1, 0, 16, 2280.54
1747411727, 433, 36, 45, 0, 0, 0.09%, 1, 0, 16, 2394.21
1747411732, 434, 38, 45, 0, 0, 0.09%, 1, 0, 16, 2442.97
1747411737, 436, 38, 45, 0, 0, 0.09%, 1, 0, 16, 2350.49
1747411742, 439, 22, 45, 0, 0, 0.09%, 1, 0, 16, 2465.37
1747411747, 441, 38, 45, 0, 0, 0.09%, 1, 0, 16, 2455.54
1747411752, 444, 38, 45, 0, 0, 0.09%, 1, 0, 16, 2402.72
1747411757, 447, 33, 45, 0, 0, 0.09%, 1, 0, 16, 2459.37
1747411762, 448, 34, 45, 0, 0, 0.09%, 1, 0, 16, 2423.92
1747411767, 449, 25, 45, 0, 0, 0.09%, 1, 0, 16, 2380.54
1747411773, 452, 23, 45, 0, 0, 0.09%, 1, 0, 16, 2436.31
1747411778, 453, 40, 45, 0, 0, 0.09%, 1, 0, 16, 2423.70
1747411783, 454, 34, 45, 0, 0, 0.09%, 1, 0, 16, 2450.30
1747411788, 456, 44, 45, 0, 0, 0.09%, 1, 0, 16, 2340.11
1747411793, 458, 22, 45, 0, 0, 0.09%, 1, 0, 16, 2395.76
1747411798, 458, 38, 45, 0, 0, 0.09%, 1, 0, 16, 2462.00
1747411803, 460, 37, 45, 0, 0, 0.09%, 1, 0, 16, 2415.06
1747411808, 461, 20, 45, 0, 0, 0.09%, 1, 0, 16, 2489.52
1747411813, 461, 41, 45, 0, 0, 0.09%, 1, 0, 16, 2342.72
1747411818, 463, 8, 45, 0, 0, 0.09%, 1, 0, 16, 2459.11
1747411823, 464, 35, 45, 0, 0, 0.09%, 1, 0, 16, 2480.64
1747411828, 465, 44, 45, 0, 0, 0.09%, 1, 0, 16, 2450.71
1747411833, 468, 38, 45, 0, 0, 0.09%, 1, 0, 16, 2472.52
1747411838, 470, 27, 45, 0, 0, 0.09%, 1, 0, 16, 2374.90
1747411843, 471, 38, 45, 0, 0, 0.09%, 1, 0, 16, 2336.21
1747411848, 473, 35, 45, 0, 0, 0.09%, 1, 0, 16, 2321.91
1747411853, 475, 15, 45, 0, 0, 0.09%, 1, 0, 16, 2408.01
1747411858, 477, 38, 45, 0, 0, 0.09%, 1, 0, 16, 2419.05
1747411864, 478, 41, 45, 0, 0, 0.09%, 1, 0, 16, 2355.41
1747411869, 481, 39, 45, 0, 0, 0.09%, 1, 0, 16, 2450.11
1747411874, 484, 23, 45, 0, 0, 0.09%, 1, 0, 16, 2491.88
1747411879, 486, 19, 45, 0, 0, 0.09%, 1, 0, 16, 2511.22
1747411884, 488, 36, 45, 0, 0, 0.09%, 1, 0, 16, 2487.14
1747411889, 489, 20, 45, 0, 0, 0.09%, 1, 0, 16, 2426.72
1747411894, 490, 32, 45, 0, 0, 0.09%, 1, 0, 16, 2417.82
1747411899, 492, 22, 45, 0, 0, 0.09%, 1, 0, 16, 2401.16
1747411904, 492, 38, 45, 0, 0, 0.09%, 1, 0, 16, 2461.42
1747411909, 493, 41, 45, 0, 0, 0.09%, 1, 0, 16, 2385.78
1747411914, 496, 41, 45, 0, 0, 0.09%, 1, 0, 16, 2458.96
1747411920, 499, 24, 45, 0, 0, 0.09%, 1, 0, 16, 2336.26
1747411925, 500, 21, 45, 0, 0, 0.09%, 1, 0, 16, 2446.15
1747411930, 502, 31, 45, 0, 0, 0.09%, 1, 0, 16, 2490.86
1747411935, 503, 21, 45, 0, 0, 0.09%, 1, 0, 16, 2522.12
1747411940, 503, 40, 45, 0, 0, 0.09%, 1, 0, 16, 2484.41
1747411945, 505, 4, 45, 0, 0, 0.09%, 1, 0, 16, 2511.64
1747411950, 506, 8, 45, 0, 0, 0.09%, 1, 0, 16, 2516.83
1747411955, 506, 39, 45, 0, 0, 0.09%, 1, 0, 16, 2443.94
1747411960, 508, 36, 45, 0, 0, 0.09%, 1, 0, 16, 2472.70
1747411966, 510, 22, 45, 0, 0, 0.09%, 1, 0, 16, 2498.92
1747411971, 511, 31, 45, 0, 0, 0.09%, 1, 0, 16, 2484.05
1747411976, 513, 31, 45, 0, 0, 0.09%, 1, 0, 16, 2496.09
1747411981, 517, 29, 45, 0, 0, 0.09%, 1, 0, 16, 2489.18
1747411986, 518, 38, 45, 0, 0, 0.09%, 1, 0, 16, 2520.05
1747411991, 520, 35, 45, 0, 0, 0.09%, 1, 0, 16, 2511.83
1747411996, 521, 38, 45, 0, 0, 0.09%, 1, 0, 16, 2527.08
1747412001, 522, 44, 45, 0, 0, 0.09%, 1, 0, 16, 2480.90
1747412006, 523, 41, 45, 0, 0, 0.09%, 1, 0, 16, 2453.16
1747412011, 525, 31, 45, 0, 0, 0.09%, 1, 0, 16, 2460.32
1747412016, 526, 38, 45, 0, 0, 0.09%, 1, 0, 16, 2477.30
1747412021, 527, 31, 45, 0, 0, 0.09%, 1, 0, 16, 2475.70
1747412026, 528, 38, 45, 0, 0, 0.09%, 1, 0, 16, 2475.00
1747412031, 531, 22, 45, 0, 0, 0.09%, 1, 0, 16, 2520.57
1747412036, 533, 27, 45, 0, 0, 0.09%, 1, 0, 16, 2534.05
1747412041, 536, 38, 45, 0, 0, 0.09%, 1, 0, 16, 2514.13
1747412047, 537, 38, 45, 0, 0, 0.09%, 1, 0, 16, 2521.69
1747412052, 538, 40, 45, 0, 0, 0.09%, 1, 0, 16, 2453.66
1747412057, 540, 29, 45, 0, 0, 0.09%, 1, 0, 16, 2518.53
1747412062, 541, 23, 45, 0, 0, 0.09%, 1, 0, 16, 2516.56
1747412067, 543, 19, 45, 0, 0, 0.09%, 1, 0, 16, 2526.64
1747412072, 544, 42, 45, 0, 0, 0.09%, 1, 0, 16, 2471.44
1747412077, 547, 30, 45, 0, 0, 0.09%, 1, 0, 16, 2526.35
1747412082, 549, 42, 45, 0, 0, 0.09%, 1, 0, 16, 2529.99
1747412087, 551, 38, 45, 0, 0, 0.09%, 1, 0, 16, 2448.26
1747412092, 554, 38, 45, 0, 0, 0.09%, 1, 0, 16, 2476.89
1747412098, 556, 36, 45, 0, 0, 0.09%, 1, 0, 16, 2455.12
1747412103, 558, 19, 45, 0, 0, 0.09%, 1, 0, 16, 2500.00
1747412108, 560, 43, 45, 0, 0, 0.09%, 1, 0, 16, 2359.50
1747412113, 562, 26, 45, 0, 0, 0.09%, 1, 0, 16, 2446.30
1747412118, 564, 23, 45, 0, 0, 0.09%, 1, 0, 16, 2402.40
1747412123, 565, 26, 45, 0, 0, 0.09%, 1, 0, 16, 2377.38
1747412128, 566, 40, 45, 0, 0, 0.09%, 1, 0, 16, 2373.57
1747412133, 568, 33, 45, 0, 0, 0.09%, 1, 0, 16, 2436.37
1747412138, 568, 40, 45, 0, 0, 0.09%, 1, 0, 16, 2418.12
1747412143, 570, 38, 45, 0, 0, 0.09%, 1, 0, 16, 2484.93
1747412148, 572, 38, 45, 0, 0, 0.09%, 1, 0, 16, 2499.36
1747412153, 575, 8, 45, 0, 0, 0.09%, 1, 0, 16, 2458.53
1747412158, 576, 35, 45, 0, 0, 0.09%, 1, 0, 16, 2494.92
1747412163, 577, 36, 45, 0, 0, 0.09%, 1, 0, 16, 2311.15
1747412168, 578, 38, 45, 0, 0, 0.09%, 1, 0, 16, 2421.06
1747412174, 579, 29, 45, 0, 0, 0.09%, 1, 0, 16, 2430.17
1747412179, 580, 38, 45, 0, 0, 0.09%, 1, 0, 16, 2482.78
1747412184, 583, 17, 45, 0, 0, 0.09%, 1, 0, 16, 2286.24
1747412189, 584, 44, 45, 0, 0, 0.09%, 1, 0, 16, 2406.25
1747412194, 586, 26, 45, 0, 0, 0.09%, 1, 0, 16, 2492.89
1747412199, 588, 38, 45, 0, 0, 0.09%, 1, 0, 16, 2436.69
1747412204, 590, 21, 45, 0, 0, 0.09%, 1, 0, 16, 2481.56
1747412209, 593, 29, 45, 0, 0, 0.09%, 1, 0, 16, 2458.36
1747412214, 595, 34, 45, 0, 0, 0.09%, 1, 0, 16, 2486.91
1747412219, 597, 22, 45, 0, 0, 0.09%, 1, 0, 16, 2498.29
1747412224, 597, 37, 45, 0, 0, 0.09%, 1, 0, 16, 2478.09
1747412229, 598, 38, 45, 0, 0, 0.09%, 1, 0, 16, 2515.81
1747412234, 599, 39, 45, 0, 0, 0.09%, 1, 0, 16, 2493.74
1747412239, 602, 19, 45, 0, 0, 0.09%, 1, 0, 16, 2473.98
1747412244, 604, 25, 45, 0, 0, 0.09%, 1, 0, 16, 2492.34
1747412249, 605, 43, 45, 0, 0, 0.09%, 1, 0, 16, 2358.12
1747412255, 608, 33, 45, 0, 0, 0.09%, 1, 0, 16, 2397.34
1747412260, 608, 42, 45, 0, 0, 0.09%, 1, 0, 16, 2462.75
1747412265, 611, 44, 45, 0, 0, 0.09%, 1, 0, 16, 2473.99
1747412270, 613, 40, 45, 0, 0, 0.09%, 1, 0, 16, 2447.84
1747412275, 615, 4, 45, 0, 0, 0.09%, 1, 0, 16, 2390.06
1747412280, 616, 37, 45, 0, 0, 0.09%, 1, 0, 16, 2436.50
1747412285, 617, 41, 45, 0, 0, 0.09%, 1, 0, 16, 2421.17
1747412290, 621, 38, 45, 0, 0, 0.09%, 1, 0, 16, 2509.71
1747412295, 624, 38, 45, 0, 0, 0.09%, 1, 0, 16, 2442.27
1747412300, 625, 28, 45, 0, 0, 0.09%, 1, 0, 16, 2452.17
1747412305, 626, 44, 45, 0, 0, 0.09%, 1, 0, 16, 2469.72
1747412310, 627, 31, 45, 0, 0, 0.09%, 1, 0, 16, 2502.71
1747412316, 629, 40, 45, 0, 0, 0.09%, 1, 0, 16, 2468.01
1747412321, 630, 35, 45, 0, 0, 0.09%, 1, 0, 16, 2469.90
1747412326, 631, 23, 45, 0, 0, 0.09%, 1, 0, 16, 2469.67
1747412331, 634, 38, 45, 0, 0, 0.09%, 1, 0, 16, 2390.86
1747412336, 636, 24, 45, 0, 0, 0.09%, 1, 0, 16, 2481.20
1747412341, 637, 38, 45, 0, 0, 0.09%, 1, 0, 16, 2469.89
1747412346, 639, 19, 45, 0, 0, 0.09%, 1, 0, 16, 2477.57
1747412351, 641, 38, 45, 0, 0, 0.09%, 1, 0, 16, 2500.12
1747412356, 643, 10, 45, 0, 0, 0.09%, 1, 0, 16, 2469.06
1747412361, 645, 34, 45, 0, 0, 0.09%, 1, 0, 16, 2425.32
1747412366, 647, 31, 45, 0, 0, 0.09%, 1, 0, 16, 2470.40
1747412371, 648, 41, 45, 0, 0, 0.09%, 1, 0, 16, 2461.84
1747412377, 651, 29, 45, 0, 0, 0.09%, 1, 0, 16, 2399.67
1747412382, 655, 2, 45, 0, 0, 0.09%, 1, 0, 16, 2454.14
1747412387, 657, 28, 45, 0, 0, 0.09%, 1, 0, 16, 2442.57
1747412392, 660, 32, 45, 0, 0, 0.09%, 1, 0, 16, 2458.19
1747412397, 661, 41, 45, 0, 0, 0.09%, 1, 0, 16, 2418.30
1747412402, 665, 4, 45, 0, 0, 0.09%, 1, 0, 16, 2440.24
1747412407, 667, 31, 45, 0, 0, 0.09%, 1, 0, 16, 2471.88
1747412412, 671, 26, 45, 0, 0, 0.09%, 1, 0, 16, 2474.43
1747412417, 673, 38, 45, 0, 0, 0.09%, 1, 0, 16, 2492.19
1747412422, 675, 38, 45, 0, 0, 0.09%, 1, 0, 16, 2493.88
1747412427, 676, 38, 45, 0, 0, 0.09%, 1, 0, 16, 2488.12
1747412432, 679, 38, 45, 0, 0, 0.09%, 1, 0, 16, 2470.88
1747412437, 681, 38, 45, 0, 0, 0.09%, 1, 0, 16, 2502.06
1747412443, 685, 38, 45, 0, 0, 0.09%, 1, 0, 16, 2510.52
1747412448, 687, 44, 45, 0, 0, 0.09%, 1, 0, 16, 2444.73
1747412453, 689, 39, 45, 0, 0, 0.09%, 1, 0, 16, 2498.38
1747412458, 693, 13, 45, 0, 0, 0.09%, 1, 0, 16, 2521.70
1747412463, 694, 38, 45, 0, 0, 0.09%, 1, 0, 16, 2536.64
1747412468, 696, 38, 45, 0, 0, 0.09%, 1, 0, 16, 2481.82
1747412473, 699, 38, 45, 0, 0, 0.09%, 1, 0, 16, 2430.80
1747412478, 702, 17, 45, 0, 0, 0.09%, 1, 0, 16, 2442.03
1747412483, 703, 30, 45, 0, 0, 0.09%, 1, 0, 16, 2455.84
1747412488, 704, 38, 45, 0, 0, 0.09%, 1, 0, 16, 2463.82
1747412493, 707, 25, 45, 0, 0, 0.09%, 1, 0, 16, 2494.36
1747412498, 708, 4, 45, 0, 0, 0.09%, 1, 0, 16, 2462.17
1747412503, 709, 38, 45, 0, 0, 0.09%, 1, 0, 16, 2478.00
1747412508, 712, 5, 45, 0, 0, 0.09%, 1, 0, 16, 2503.17
1747412513, 715, 38, 45, 0, 0, 0.09%, 1, 0, 16, 2499.51
1747412518, 717, 40, 45, 0, 0, 0.09%, 1, 0, 16, 2480.91
1747412523, 717, 45, 47, 2, 0, 0.09%, 1, 0, 18, 1956.86
1747412543, 719, 38, 47, 1, 0, 0.09%, 1, 0, 18, 2174.32
1747412549, 719, 44, 47, 1, 0, 0.09%, 1, 0, 18, 2191.32
1747412554, 721, 38, 47, 1, 0, 0.09%, 1, 0, 18, 2377.44
1747412559, 721, 46, 47, 1, 0, 0.09%, 1, 0, 18, 1966.98
1747412574, 722, 26, 47, 0, 0, 0.09%, 1, 0, 18, 2348.17
1747412579, 724, 44, 47, 0, 0, 0.09%, 1, 0, 18, 2429.63
1747412584, 727, 26, 47, 0, 0, 0.09%, 1, 0, 18, 2454.22
1747412589, 730, 41, 47, 0, 0, 0.09%, 1, 0, 18, 2447.56
1747412595, 732, 38, 47, 0, 0, 0.09%, 1, 0, 18, 2369.99
1747412600, 736, 42, 47, 0, 0, 0.09%, 1, 0, 18, 2239.91
1747412605, 739, 37, 47, 0, 0, 0.09%, 1, 0, 18, 2432.20
1747412610, 741, 41, 47, 0, 0, 0.09%, 1, 0, 18, 2438.42
1747412615, 744, 39, 47, 0, 0, 0.09%, 1, 0, 18, 2475.39
1747412620, 746, 2, 47, 0, 0, 0.09%, 1, 0, 18, 2434.36
1747412625, 748, 19, 47, 0, 0, 0.09%, 1, 0, 18, 2455.70
1747412630, 749, 41, 47, 0, 0, 0.09%, 1, 0, 18, 2440.46
1747412635, 752, 38, 47, 0, 0, 0.09%, 1, 0, 18, 2494.57
1747412640, 756, 38, 47, 0, 0, 0.09%, 1, 0, 18, 2494.99
1747412645, 757, 45, 47, 0, 0, 0.09%, 1, 0, 18, 2352.90
1747412650, 761, 38, 47, 0, 0, 0.09%, 1, 0, 18, 2429.94
1747412655, 764, 38, 47, 0, 0, 0.09%, 1, 0, 18, 2440.04
1747412660, 766, 46, 47, 0, 0, 0.09%, 1, 0, 18, 2342.77
1747412665, 767, 41, 47, 0, 0, 0.09%, 1, 0, 18, 2354.68
1747412670, 769, 45, 47, 0, 0, 0.09%, 1, 0, 18, 2394.84
1747412676, 769, 47, 48, 1, 0, 0.09%, 1, 0, 18, 1835.98
1747412696, 769, 47, 49, 2, 0, 0.09%, 1, 0, 19, 1377.63
1747412701, 769, 47, 50, 3, 0, 0.09%, 1, 0, 19, 1861.16
1747412716, 770, 49, 50, 2, 0, 0.09%, 1, 0, 19, 1681.70
1747412762, 771, 44, 50, 1, 0, 0.09%, 1, 0, 19, 2156.50
1747412767, 771, 48, 50, 1, 0, 0.09%, 1, 0, 19, 1407.21
1747412808, 773, 38, 50, 0, 0, 0.09%, 1, 0, 19, 2242.39
1747412813, 774, 38, 50, 0, 0, 0.09%, 1, 0, 19, 2334.11
1747412818, 777, 38, 50, 0, 0, 0.09%, 1, 0, 19, 2442.13
1747412823, 779, 6, 50, 0, 0, 0.09%, 1, 0, 19, 2357.76
1747412828, 780, 41, 50, 0, 0, 0.09%, 1, 0, 19, 2406.33
1747412833, 783, 25, 50, 0, 0, 0.09%, 1, 0, 19, 2441.71
1747412838, 785, 22, 50, 0, 0, 0.09%, 1, 0, 19, 2410.16
1747412843, 787, 38, 50, 0, 0, 0.09%, 1, 0, 19, 2477.82
1747412848, 790, 38, 50, 0, 0, 0.09%, 1, 0, 19, 2486.39
1747412854, 792, 38, 50, 0, 0, 0.09%, 1, 0, 19, 2495.84
1747412859, 794, 39, 50, 0, 0, 0.09%, 1, 0, 19, 2352.76
1747412864, 796, 40, 50, 0, 0, 0.09%, 1, 0, 19, 2350.67
1747412869, 798, 38, 50, 0, 0, 0.09%, 1, 0, 19, 2472.79
1747412874, 800, 46, 50, 0, 0, 0.09%, 1, 0, 19, 2452.94
1747412879, 801, 38, 50, 0, 0, 0.09%, 1, 0, 19, 2451.57
1747412884, 804, 17, 50, 0, 0, 0.09%, 1, 0, 19, 2438.18
1747412889, 806, 37, 50, 0, 0, 0.09%, 1, 0, 19, 2453.39
1747412894, 808, 32, 50, 0, 0, 0.09%, 1, 0, 19, 2425.39
1747412899, 810, 23, 50, 0, 0, 0.09%, 1, 0, 19, 2381.75
1747412904, 813, 41, 50, 0, 0, 0.09%, 1, 0, 19, 2312.29
1747412909, 815, 13, 50, 0, 0, 0.09%, 1, 0, 19, 2413.62
1747412914, 816, 4, 50, 0, 0, 0.09%, 1, 0, 19, 2304.40
1747412919, 817, 38, 50, 0, 0, 0.09%, 1, 0, 19, 2359.28
1747412924, 818, 47, 50, 0, 0, 0.09%, 1, 0, 19, 2306.63
1747412929, 819, 38, 50, 0, 0, 0.09%, 1, 0, 19, 2421.82
1747412934, 820, 41, 50, 0, 0, 0.09%, 1, 0, 19, 2410.83
1747412939, 822, 38, 50, 0, 0, 0.09%, 1, 0, 19, 2399.62
1747412944, 825, 48, 50, 0, 0, 0.09%, 1, 0, 19, 2411.46
1747412950, 827, 40, 50, 0, 0, 0.09%, 1, 0, 19, 2350.63
1747412955, 828, 39, 50, 0, 0, 0.09%, 1, 0, 19, 2225.89
1747412960, 829, 44, 50, 0, 0, 0.09%, 1, 0, 19, 2365.72
1747412965, 831, 38, 50, 0, 0, 0.09%, 1, 0, 19, 2463.38
1747412970, 834, 38, 50, 0, 0, 0.09%, 1, 0, 19, 2498.11
1747412975, 836, 21, 50, 0, 0, 0.09%, 1, 0, 19, 2371.32
1747412980, 836, 44, 50, 0, 0, 0.09%, 1, 0, 19, 2398.87
1747412985, 839, 38, 50, 0, 0, 0.09%, 1, 0, 19, 2426.26
1747412990, 841, 39, 50, 0, 0, 0.09%, 1, 0, 19, 2439.99
1747412995, 844, 41, 50, 0, 0, 0.09%, 1, 0, 19, 2444.06
1747413000, 845, 40, 50, 0, 0, 0.09%, 1, 0, 19, 2361.51
1747413005, 848, 29, 50, 0, 0, 0.09%, 1, 0, 19, 2408.89
1747413010, 851, 38, 50, 0, 0, 0.09%, 1, 0, 19, 2437.07
1747413016, 852, 39, 50, 0, 0, 0.09%, 1, 0, 19, 2424.63
1747413021, 855, 9, 50, 0, 0, 0.09%, 1, 0, 19, 2419.51
1747413026, 858, 9, 50, 0, 0, 0.09%, 1, 0, 19, 2377.25
1747413031, 862, 38, 50, 0, 0, 0.09%, 1, 0, 19, 2432.98
1747413036, 865, 47, 50, 0, 0, 0.09%, 1, 0, 19, 2293.66
1747413041, 867, 22, 50, 0, 0, 0.09%, 1, 0, 19, 2380.54
1747413046, 869, 44, 50, 0, 0, 0.09%, 1, 0, 19, 2393.17
1747413051, 872, 49, 50, 0, 0, 0.09%, 1, 0, 19, 2441.24
1747413056, 874, 44, 50, 0, 0, 0.09%, 1, 0, 19, 2397.51
1747413061, 876, 47, 50, 0, 0, 0.09%, 1, 0, 19, 2300.80
1747413066, 878, 41, 50, 0, 0, 0.09%, 1, 0, 19, 2340.98
1747413072, 880, 41, 50, 0, 0, 0.09%, 1, 0, 19, 2386.07
1747413077, 882, 38, 50, 0, 0, 0.09%, 1, 0, 19, 2452.87
1747413082, 884, 4, 50, 0, 0, 0.09%, 1, 0, 19, 2451.28
1747413087, 885, 44, 50, 0, 0, 0.09%, 1, 0, 19, 2413.89
1747413092, 888, 38, 50, 0, 0, 0.09%, 1, 0, 19, 2471.65
1747413097, 890, 38, 50, 0, 0, 0.09%, 1, 0, 19, 2460.01
1747413102, 891, 39, 50, 0, 0, 0.09%, 1, 0, 19, 2390.12
1747413108, 892, 49, 50, 0, 0, 0.09%, 1, 0, 19, 2356.63
1747413113, 893, 41, 50, 0, 0, 0.09%, 1, 0, 19, 2384.09
1747413118, 895, 41, 50, 0, 0, 0.09%, 1, 0, 19, 2429.72
1747413123, 899, 16, 50, 0, 0, 0.09%, 1, 0, 19, 2482.48
1747413128, 901, 18, 50, 0, 0, 0.09%, 1, 0, 19, 2364.85
1747413133, 904, 22, 50, 0, 0, 0.09%, 1, 0, 19, 2358.46
1747413138, 907, 13, 50, 0, 0, 0.09%, 1, 0, 19, 2418.60
1747413143, 909, 39, 50, 0, 0, 0.09%, 1, 0, 19, 2432.52
1747413148, 910, 47, 50, 0, 0, 0.09%, 1, 0, 19, 2362.57
1747413153, 911, 41, 50, 0, 0, 0.09%, 1, 0, 19, 2313.31
1747413158, 913, 38, 50, 0, 0, 0.09%, 1, 0, 19, 2372.98
1747413164, 916, 38, 50, 0, 0, 0.09%, 1, 0, 19, 2440.04
1747413169, 917, 43, 50, 0, 0, 0.09%, 1, 0, 19, 2283.52
1747413174, 921, 4, 50, 0, 0, 0.09%, 1, 0, 19, 2424.78
1747413179, 924, 36, 50, 0, 0, 0.09%, 1, 0, 19, 2472.94
1747413184, 926, 49, 50, 0, 0, 0.09%, 1, 0, 19, 2407.99
1747413189, 927, 48, 50, 0, 0, 0.09%, 1, 0, 19, 2296.20
1747413194, 931, 23, 50, 0, 0, 0.09%, 1, 0, 19, 2430.30
1747413199, 933, 34, 50, 0, 0, 0.09%, 1, 0, 19, 2396.18
1747413204, 936, 39, 50, 0, 0, 0.09%, 1, 0, 19, 2459.46
1747413209, 938, 39, 50, 0, 0, 0.09%, 1, 0, 19, 2441.26
1747413214, 941, 36, 50, 0, 0, 0.09%, 1, 0, 19, 2411.38
1747413219, 943, 42, 50, 0, 0, 0.09%, 1, 0, 19, 2477.97
1747413224, 945, 39, 50, 0, 0, 0.09%, 1, 0, 19, 2462.31
1747413229, 948, 48, 50, 0, 0, 0.09%, 1, 0, 19, 2265.78
1747413234, 952, 10, 50, 0, 0, 0.09%, 1, 0, 19, 2416.36
1747413239, 955, 21, 50, 0, 0, 0.09%, 1, 0, 19, 2484.52
1747413244, 957, 24, 50, 0, 0, 0.09%, 1, 0, 19, 2444.67
1747413250, 959, 42, 50, 0, 0, 0.09%, 1, 0, 19, 2425.78
1747413255, 961, 13, 50, 0, 0, 0.09%, 1, 0, 19, 2388.12
1747413260, 963, 42, 50, 0, 0, 0.09%, 1, 0, 19, 2435.02
1747413265, 966, 42, 50, 0, 0, 0.09%, 1, 0, 19, 2477.60
1747413270, 968, 31, 50, 0, 0, 0.09%, 1, 0, 19, 2468.18
1747413275, 970, 45, 50, 0, 0, 0.09%, 1, 0, 19, 2390.05
1747413280, 972, 30, 50, 0, 0, 0.09%, 1, 0, 19, 2390.73
1747413285, 975, 38, 50, 0, 0, 0.09%, 1, 0, 19, 2469.21
1747413290, 980, 38, 50, 0, 0, 0.09%, 1, 0, 19, 2478.65
1747413295, 983, 47, 50, 0, 0, 0.09%, 1, 0, 19, 2480.57
1747413300, 985, 39, 50, 0, 0, 0.09%, 1, 0, 19, 2410.21
1747413305, 987, 45, 50, 0, 0, 0.09%, 1, 0, 19, 2396.49
1747413310, 988, 49, 50, 0, 0, 0.09%, 1, 0, 19, 2306.41
1747413316, 990, 24, 50, 0, 0, 0.09%, 1, 0, 19, 2329.31
1747413321, 993, 38, 50, 0, 0, 0.09%, 1, 0, 19, 2447.96
1747413326, 994, 44, 50, 0, 0, 0.09%, 1, 0, 19, 2435.23
1747413331, 995, 46, 50, 0, 0, 0.09%, 1, 0, 19, 2331.83
1747413336, 996, 39, 50, 0, 0, 0.09%, 1, 0, 19, 2379.26
1747413341, 998, 27, 50, 0, 0, 0.09%, 1, 0, 19, 2449.34
1747413346, 999, 38, 50, 0, 0, 0.09%, 1, 0, 19, 2400.86
1747413351, 1001, 42, 50, 0, 0, 0.09%, 1, 0, 19, 2370.67
1747413356, 1003, 38, 50, 0, 0, 0.09%, 1, 0, 19, 2498.49
1747413361, 1004, 38, 50, 0, 0, 0.09%, 1, 0, 19, 2332.28
1747413367, 1006, 38, 50, 0, 0, 0.09%, 1, 0, 19, 2347.85
1747413372, 1011, 19, 50, 0, 0, 0.09%, 1, 0, 19, 2466.34
1747413377, 1014, 36, 50, 0, 0, 0.09%, 1, 0, 19, 2488.69
1747413382, 1016, 38, 50, 0, 0, 0.09%, 1, 0, 19, 2474.75
1747413387, 1019, 39, 50, 0, 0, 0.09%, 1, 0, 19, 2462.58
1747413392, 1021, 47, 50, 0, 0, 0.09%, 1, 0, 19, 2348.20
1747413397, 1024, 39, 50, 0, 0, 0.09%, 1, 0, 19, 2465.62
1747413402, 1027, 38, 50, 0, 0, 0.09%, 1, 0, 19, 2449.71
1747413408, 1028, 43, 50, 0, 0, 0.09%, 1, 0, 19, 2440.54
1747413413, 1031, 38, 50, 0, 0, 0.09%, 1, 0, 19, 2476.61
1747413418, 1033, 43, 50, 0, 0, 0.09%, 1, 0, 19, 2390.01
1747413423, 1037, 38, 50, 0, 0, 0.09%, 1, 0, 19, 2467.78
1747413428, 1039, 38, 50, 0, 0, 0.09%, 1, 0, 19, 2406.56
1747413433, 1042, 39, 50, 0, 0, 0.09%, 1, 0, 19, 2448.38
1747413438, 1044, 25, 50, 0, 0, 0.09%, 1, 0, 19, 2425.51
1747413443, 1045, 44, 50, 0, 0, 0.09%, 1, 0, 19, 2409.49
1747413448, 1049, 22, 50, 0, 0, 0.09%, 1, 0, 19, 2477.58
1747413453, 1051, 48, 50, 0, 0, 0.09%, 1, 0, 19, 2371.77
1747413458, 1053, 42, 50, 0, 0, 0.09%, 1, 0, 19, 2455.38
1747413463, 1055, 45, 50, 0, 0, 0.09%, 1, 0, 19, 2428.94
1747413468, 1058, 48, 50, 0, 0, 0.09%, 1, 0, 19, 2421.16
1747413473, 1060, 42, 50, 0, 0, 0.09%, 1, 0, 19, 2444.00
1747413479, 1063, 20, 50, 0, 0, 0.09%, 1, 0, 19, 2413.95
1747413484, 1064, 47, 50, 0, 0, 0.09%, 1, 0, 19, 2334.33
1747413489, 1067, 15, 50, 0, 0, 0.09%, 1, 0, 19, 2490.31
1747413494, 1069, 38, 50, 0, 0, 0.09%, 1, 0, 19, 2520.37
1747413499, 1072, 31, 50, 0, 0, 0.09%, 1, 0, 19, 2450.60
1747413504, 1073, 45, 50, 0, 0, 0.09%, 1, 0, 19, 2361.26
1747413509, 1078, 19, 50, 0, 0, 0.09%, 1, 0, 19, 2532.85
1747413514, 1079, 32, 50, 0, 0, 0.09%, 1, 0, 19, 2462.76
1747413519, 1080, 44, 50, 0, 0, 0.09%, 1, 0, 19, 2501.53
1747413524, 1084, 18, 50, 0, 0, 0.09%, 1, 0, 19, 2537.24
1747413530, 1086, 44, 50, 0, 0, 0.09%, 1, 0, 19, 2518.44
1747413535, 1088, 21, 50, 0, 0, 0.09%, 1, 0, 19, 2540.78
1747413540, 1091, 38, 50, 0, 0, 0.09%, 1, 0, 19, 2548.78
1747413545, 1094, 38, 50, 0, 0, 0.09%, 1, 0, 19, 2485.76
1747413550, 1096, 45, 50, 0, 0, 0.09%, 1, 0, 19, 2457.09
1747413555, 1098, 38, 50, 0, 0, 0.09%, 1, 0, 19, 2499.29
1747413560, 1100, 38, 50, 0, 0, 0.09%, 1, 0, 19, 2543.43
1747413565, 1103, 25, 50, 0, 0, 0.09%, 1, 0, 19, 2404.38
1747413570, 1104, 49, 50, 0, 0, 0.09%, 1, 0, 19, 2277.44
1747413575, 1106, 38, 50, 0, 0, 0.09%, 1, 0, 19, 2504.81
1747413580, 1110, 14, 50, 0, 0, 0.09%, 1, 0, 19, 2622.10
1747413585, 1112, 49, 50, 0, 0, 0.09%, 1, 0, 19, 2476.68
1747413590, 1113, 45, 50, 0, 0, 0.09%, 1, 0, 19, 2471.23
1747413595, 1115, 47, 50, 0, 0, 0.09%, 1, 0, 19, 2537.17
1747413600, 1118, 38, 50, 0, 0, 0.09%, 1, 0, 19, 2517.61
1747413605, 1120, 38, 50, 0, 0, 0.09%, 1, 0, 19, 2430.20
1747413610, 1122, 38, 50, 0, 0, 0.09%, 1, 0, 19, 2562.81
1747413615, 1124, 48, 50, 0, 0, 0.09%, 1, 0, 19, 2453.33
1747413620, 1127, 43, 50, 0, 0, 0.09%, 1, 0, 19, 2523.62
1747413625, 1131, 45, 50, 0, 0, 0.09%, 1, 0, 19, 2549.17
1747413630, 1132, 23, 50, 0, 0, 0.09%, 1, 0, 19, 2400.51
1747413636, 1134, 14, 50, 0, 0, 0.09%, 1, 0, 19, 2549.80
1747413641, 1136, 38, 50, 0, 0, 0.09%, 1, 0, 19, 2593.89
1747413646, 1138, 39, 50, 0, 0, 0.09%, 1, 0, 19, 2624.00
1747413651, 1140, 38, 50, 0, 0, 0.09%, 1, 0, 19, 2613.77
1747413656, 1144, 19, 50, 0, 0, 0.09%, 1, 0, 19, 2574.19
1747413661, 1146, 38, 50, 0, 0, 0.09%, 1, 0, 19, 2443.67
1747413666, 1148, 44, 50, 0, 0, 0.09%, 1, 0, 19, 2521.92
1747413671, 1151, 32, 50, 0, 0, 0.09%, 1, 0, 19, 2556.65
1747413676, 1152, 11, 50, 0, 0, 0.09%, 1, 0, 19, 2526.53
1747413681, 1152, 49, 50, 0, 0, 0.09%, 1, 0, 19, 2410.47
1747413686, 1156, 38, 50, 0, 0, 0.09%, 1, 0, 19, 2590.19
1747413691, 1160, 38, 50, 0, 0, 0.09%, 1, 0, 19, 2618.72
1747413696, 1162, 42, 50, 0, 0, 0.09%, 1, 0, 19, 2575.02
1747413701, 1166, 25, 50, 0, 0, 0.09%, 1, 0, 19, 2648.87
1747413706, 1169, 41, 50, 0, 0, 0.09%, 1, 0, 19, 2649.00
1747413711, 1172, 10, 50, 0, 0, 0.09%, 1, 0, 19, 2592.75
1747413716, 1174, 45, 50, 0, 0, 0.09%, 1, 0, 19, 2518.61
1747413721, 1176, 45, 50, 0, 0, 0.09%, 1, 0, 19, 2577.00
1747413726, 1178, 41, 50, 0, 0, 0.09%, 1, 0, 19, 2546.19
1747413731, 1180, 32, 50, 0, 0, 0.09%, 1, 0, 19, 2528.63
1747413736, 1181, 38, 50, 0, 0, 0.09%, 1, 0, 19, 2590.61
1747413742, 1185, 9, 50, 0, 0, 0.09%, 1, 0, 19, 2656.54
1747413747, 1188, 38, 50, 0, 0, 0.09%, 1, 0, 19, 2652.70
