# unix_time, cycles_done, cur_path, paths_total, pending_total, pending_favs, map_size, unique_crashes, unique_hangs, max_depth, execs_per_sec
1746611932, 0, 0, 1, 1, 1, 4.90%, 0, 0, 1, 42.55
1746611937, 0, 0, 25, 25, 1, 5.76%, 0, 0, 2, 41.79
1746611942, 0, 0, 50, 50, 1, 5.76%, 0, 0, 2, 43.19
1746611947, 0, 0, 74, 74, 1, 5.76%, 0, 0, 2, 43.03
1746611952, 0, 0, 93, 93, 1, 5.97%, 0, 0, 2, 38.05
1746611958, 0, 0, 110, 110, 1, 5.99%, 0, 0, 2, 39.97
1746611963, 0, 0, 129, 129, 1, 6.00%, 0, 0, 2, 41.51
1746611968, 0, 0, 143, 143, 1, 6.02%, 0, 0, 2, 39.51
1746611973, 0, 0, 157, 157, 1, 6.02%, 0, 0, 2, 39.07
1746611978, 0, 0, 169, 169, 1, 6.02%, 0, 0, 2, 39.74
1746611983, 0, 0, 183, 183, 1, 6.02%, 0, 0, 2, 36.67
1746611988, 0, 0, 192, 192, 1, 6.20%, 0, 0, 2, 36.40
1746611993, 0, 0, 204, 204, 1, 6.20%, 0, 0, 2, 34.53
1746611999, 0, 0, 215, 215, 1, 6.20%, 0, 0, 2, 36.71
1746612004, 0, 0, 223, 223, 1, 6.20%, 0, 0, 2, 38.33
1746612009, 0, 0, 230, 230, 1, 6.20%, 0, 0, 2, 37.30
1746612014, 0, 0, 238, 238, 1, 6.20%, 0, 0, 2, 38.07
1746612019, 0, 0, 245, 245, 1, 6.20%, 0, 0, 2, 36.34
1746612024, 0, 0, 255, 255, 1, 6.20%, 0, 0, 2, 35.74
1746612029, 0, 0, 262, 262, 1, 6.20%, 0, 0, 2, 36.73
1746612035, 0, 0, 273, 273, 1, 6.20%, 0, 0, 2, 37.10
1746612040, 0, 0, 279, 279, 1, 6.20%, 0, 0, 2, 36.30
1746612045, 0, 0, 280, 280, 1, 6.20%, 0, 0, 2, 34.28
1746612050, 0, 0, 285, 285, 1, 6.20%, 0, 0, 2, 36.10
1746612055, 0, 0, 289, 289, 1, 6.20%, 0, 0, 2, 33.78
1746612060, 0, 0, 293, 293, 1, 6.20%, 0, 0, 2, 31.76
1746612065, 0, 0, 299, 299, 1, 6.20%, 0, 0, 2, 33.05
1746612071, 0, 0, 303, 303, 1, 6.20%, 0, 0, 2, 35.12
1746612076, 0, 0, 307, 307, 1, 6.20%, 0, 0, 2, 34.16
1746612081, 0, 0, 308, 308, 1, 6.20%, 0, 0, 2, 35.82
1746612086, 0, 0, 313, 313, 1, 6.20%, 0, 0, 2, 35.43
1746612091, 0, 0, 315, 315, 1, 6.20%, 0, 0, 2, 34.37
1746612096, 0, 0, 317, 317, 1, 6.20%, 0, 0, 2, 35.97
1746612107, 0, 0, 319, 319, 1, 6.20%, 0, 0, 2, 34.64
1746612112, 0, 0, 322, 322, 1, 6.20%, 0, 0, 2, 34.94
1746612117, 0, 0, 324, 324, 1, 6.20%, 0, 0, 2, 35.13
1746612122, 0, 0, 326, 326, 1, 6.20%, 0, 0, 2, 36.50
1746612127, 0, 0, 328, 328, 1, 6.20%, 0, 0, 2, 35.74
1746612132, 0, 0, 332, 332, 1, 6.20%, 0, 0, 2, 33.48
1746612137, 0, 0, 333, 333, 1, 6.20%, 0, 0, 2, 33.77
1746612142, 0, 0, 335, 335, 1, 6.20%, 0, 0, 2, 33.91
1746612148, 0, 0, 336, 336, 1, 6.36%, 0, 0, 2, 34.02
1746612153, 0, 0, 338, 338, 1, 6.36%, 0, 0, 2, 35.13
1746612158, 0, 0, 341, 341, 1, 6.36%, 0, 0, 2, 35.16
1746612163, 0, 0, 343, 343, 1, 6.36%, 0, 0, 2, 35.06
1746612168, 0, 0, 345, 345, 1, 6.36%, 0, 0, 2, 34.60
1746612173, 0, 0, 346, 346, 1, 6.36%, 0, 0, 2, 36.59
1746612179, 0, 0, 348, 348, 1, 6.36%, 0, 0, 2, 34.53
1746612184, 0, 0, 352, 352, 1, 6.36%, 0, 0, 2, 34.08
1746612189, 0, 0, 355, 355, 1, 6.36%, 0, 0, 2, 32.61
1746612194, 0, 10, 357, 356, 12, 6.36%, 0, 0, 2, 35.91
1746612199, 0, 10, 358, 357, 12, 6.36%, 0, 0, 3, 36.14
1746612204, 0, 10, 359, 358, 12, 6.65%, 0, 0, 3, 34.85
1746612209, 0, 10, 360, 359, 12, 6.65%, 0, 0, 3, 34.65
1746612215, 0, 10, 361, 360, 12, 6.65%, 0, 0, 3, 35.32
1746612220, 0, 10, 362, 361, 12, 6.65%, 0, 0, 3, 36.23
1746612225, 0, 10, 363, 362, 12, 6.65%, 0, 0, 3, 36.50
1746612230, 0, 10, 364, 363, 12, 6.65%, 0, 0, 3, 36.51
1746612235, 0, 10, 367, 366, 12, 6.65%, 0, 0, 3, 35.23
1746612245, 0, 10, 369, 368, 12, 6.65%, 0, 0, 3, 37.64
1746612250, 0, 10, 371, 370, 12, 6.65%, 0, 0, 3, 36.19
1746612256, 0, 10, 372, 371, 12, 6.65%, 0, 0, 3, 37.14
1746612261, 0, 10, 374, 373, 12, 6.65%, 0, 0, 3, 36.76
1746612271, 0, 10, 375, 374, 12, 6.65%, 0, 0, 3, 37.29
1746612276, 0, 10, 377, 376, 12, 6.65%, 0, 0, 3, 37.27
1746612281, 0, 10, 378, 377, 12, 6.65%, 0, 0, 3, 37.69
1746612286, 0, 10, 379, 378, 12, 6.65%, 0, 0, 3, 36.43
1746612292, 0, 10, 382, 381, 12, 6.65%, 0, 0, 3, 36.82
1746612302, 0, 10, 385, 384, 12, 6.65%, 0, 0, 3, 36.03
1746612307, 0, 10, 386, 385, 12, 6.65%, 0, 0, 3, 33.97
1746612322, 0, 10, 388, 387, 12, 6.65%, 0, 0, 3, 37.21
1746612327, 0, 10, 389, 388, 12, 6.65%, 0, 0, 3, 38.26
1746612333, 0, 10, 390, 389, 12, 6.65%, 0, 0, 3, 37.39
1746612338, 0, 32, 390, 388, 12, 6.65%, 0, 0, 3, 38.49
1746612348, 0, 55, 390, 387, 12, 6.65%, 0, 0, 3, 36.27
1746612353, 0, 55, 391, 388, 12, 6.65%, 0, 0, 3, 36.79
1746612358, 0, 55, 392, 389, 12, 6.65%, 0, 0, 3, 34.62
1746612363, 0, 55, 394, 391, 12, 6.65%, 0, 0, 3, 32.17
1746612368, 0, 55, 396, 393, 12, 6.65%, 0, 0, 3, 33.08
1746612374, 0, 55, 397, 394, 12, 6.65%, 0, 0, 3, 33.80
1746612389, 0, 55, 398, 395, 12, 6.65%, 0, 0, 3, 35.29
1746612394, 0, 55, 399, 396, 12, 6.65%, 0, 0, 3, 35.49
1746612399, 0, 55, 401, 398, 12, 6.65%, 0, 0, 3, 33.29
1746612415, 0, 55, 403, 400, 12, 6.65%, 0, 0, 3, 34.16
1746612435, 0, 55, 404, 401, 12, 6.65%, 0, 0, 3, 35.29
1746612446, 0, 55, 405, 402, 12, 6.65%, 0, 0, 3, 35.77
1746612461, 0, 55, 406, 403, 12, 6.65%, 0, 0, 3, 34.56
1746612466, 0, 55, 407, 404, 12, 6.65%, 0, 0, 3, 34.32
1746612471, 0, 55, 408, 405, 12, 6.66%, 0, 0, 3, 34.50
1746612482, 0, 55, 410, 407, 12, 6.66%, 0, 0, 3, 34.44
1746612487, 0, 55, 411, 408, 12, 6.66%, 0, 0, 3, 35.22
1746612492, 0, 55, 412, 409, 12, 6.66%, 0, 0, 3, 34.98
1746612507, 0, 55, 413, 410, 12, 6.66%, 0, 0, 3, 33.62
1746612512, 0, 55, 414, 411, 12, 6.66%, 0, 0, 3, 34.85
1746612517, 0, 55, 415, 412, 12, 6.66%, 0, 0, 3, 35.26
1746612543, 0, 58, 415, 411, 14, 6.66%, 0, 0, 3, 35.52
1746612548, 0, 110, 415, 410, 14, 6.66%, 0, 0, 3, 34.73
1746612558, 0, 110, 417, 412, 14, 6.66%, 0, 0, 3, 29.67
1746612563, 0, 110, 418, 413, 14, 6.66%, 0, 0, 3, 29.23
1746612568, 0, 110, 420, 415, 14, 6.66%, 0, 0, 3, 28.95
1746612584, 0, 110, 421, 416, 14, 6.66%, 0, 0, 3, 28.82
1746612589, 0, 110, 422, 417, 14, 6.66%, 0, 0, 3, 29.77
1746612594, 0, 110, 423, 418, 14, 6.66%, 0, 0, 3, 31.64
1746612604, 0, 110, 424, 419, 14, 6.66%, 0, 0, 3, 32.55
1746612609, 0, 125, 425, 419, 13, 6.66%, 0, 0, 3, 32.00
1746612620, 0, 125, 426, 420, 13, 6.66%, 0, 0, 3, 34.67
1746612625, 0, 151, 426, 419, 12, 6.66%, 0, 0, 3, 34.78
1746612635, 0, 160, 428, 420, 12, 6.66%, 0, 0, 3, 31.60
1746612640, 0, 160, 431, 423, 12, 6.66%, 0, 0, 3, 28.71
1746612645, 0, 160, 437, 429, 12, 6.66%, 0, 0, 3, 27.74
1746612650, 0, 160, 439, 431, 12, 6.66%, 0, 0, 3, 28.14
1746612656, 0, 160, 441, 433, 12, 6.66%, 0, 0, 3, 27.95
1746612661, 0, 160, 442, 434, 12, 6.66%, 0, 0, 3, 28.57
1746612666, 0, 160, 444, 436, 12, 6.66%, 0, 0, 3, 28.48
1746612671, 0, 160, 445, 437, 12, 6.66%, 0, 0, 3, 28.67
1746612717, 0, 160, 446, 438, 12, 6.66%, 0, 0, 3, 28.37
1746612881, 0, 160, 447, 439, 12, 6.66%, 0, 0, 3, 27.36
1746612891, 0, 160, 448, 440, 12, 6.66%, 0, 0, 3, 29.43
1746612906, 0, 160, 449, 441, 12, 6.66%, 0, 0, 3, 30.29
1746612911, 0, 160, 451, 443, 12, 6.66%, 0, 0, 3, 30.26
1746612927, 0, 160, 452, 444, 12, 6.66%, 0, 0, 3, 30.94
1746612932, 0, 160, 453, 445, 12, 6.66%, 0, 0, 3, 30.78
1746612937, 0, 160, 454, 446, 12, 6.66%, 0, 0, 3, 31.28
1746612942, 0, 160, 455, 447, 12, 6.66%, 0, 0, 3, 31.55
1746612957, 0, 160, 456, 448, 12, 6.66%, 0, 0, 3, 31.15
1746612973, 0, 160, 457, 449, 12, 6.66%, 0, 0, 3, 31.64
1746612978, 0, 160, 459, 451, 12, 6.77%, 0, 0, 3, 29.21
1746612983, 0, 160, 461, 453, 12, 6.77%, 0, 0, 3, 30.07
1746613003, 0, 160, 462, 454, 12, 6.77%, 0, 0, 3, 30.50
1746613019, 0, 160, 464, 456, 12, 6.77%, 0, 0, 3, 31.18
1746613075, 0, 160, 465, 457, 12, 6.77%, 0, 0, 3, 30.50
1746613086, 0, 160, 466, 458, 12, 6.77%, 0, 0, 3, 30.34
1746613106, 0, 160, 467, 459, 12, 6.77%, 0, 0, 3, 31.26
1746613122, 0, 188, 467, 458, 9, 6.77%, 0, 0, 3, 36.65
1746613127, 0, 188, 468, 459, 9, 6.77%, 0, 0, 3, 35.79
1746613137, 0, 191, 468, 458, 8, 6.77%, 0, 0, 3, 39.56
1746613142, 0, 219, 468, 457, 8, 6.77%, 0, 0, 3, 34.11
1746613147, 0, 219, 469, 458, 8, 6.77%, 0, 0, 3, 30.97
1746613152, 0, 219, 471, 460, 8, 6.77%, 0, 0, 3, 30.37
1746613168, 0, 219, 472, 461, 8, 6.77%, 0, 0, 3, 32.35
1746613178, 0, 234, 472, 460, 8, 6.77%, 0, 0, 3, 32.61
1746613188, 0, 248, 472, 459, 7, 6.77%, 0, 0, 3, 36.92
1746613193, 0, 248, 473, 460, 7, 6.77%, 0, 0, 3, 34.90
1746613203, 0, 303, 474, 460, 6, 6.77%, 0, 0, 3, 30.56
1746613214, 0, 303, 477, 463, 6, 6.77%, 0, 0, 3, 24.91
1746613219, 0, 303, 478, 464, 6, 6.77%, 0, 0, 3, 25.23
1746613234, 0, 303, 481, 467, 6, 6.78%, 0, 0, 3, 26.10
1746613249, 0, 303, 482, 468, 6, 6.78%, 0, 0, 3, 31.35
1746613260, 0, 346, 482, 467, 6, 6.78%, 0, 0, 3, 30.00
1746613321, 0, 393, 490, 474, 5, 6.78%, 0, 0, 4, 24.85
1746613326, 0, 393, 495, 479, 5, 6.78%, 0, 0, 4, 23.58
1746613331, 0, 393, 500, 484, 5, 6.78%, 0, 0, 4, 24.56
1746613336, 0, 393, 504, 488, 5, 6.78%, 0, 0, 4, 25.31
1746613341, 0, 393, 509, 493, 5, 6.78%, 0, 0, 4, 23.12
1746613346, 0, 393, 517, 501, 5, 6.78%, 0, 0, 4, 21.48
1746613357, 0, 393, 518, 502, 5, 6.78%, 0, 0, 4, 27.71
1746613367, 0, 407, 518, 501, 7, 6.78%, 0, 0, 4, 31.29
1746613388, 0, 429, 518, 500, 6, 6.78%, 0, 0, 4, 30.32
1746613398, 0, 429, 519, 501, 6, 6.78%, 0, 0, 4, 27.57
1746613413, 0, 429, 520, 502, 6, 6.78%, 0, 0, 4, 27.68
1746613659, 0, 437, 520, 501, 6, 6.78%, 0, 0, 4, 27.71
1746613690, 0, 437, 521, 502, 6, 6.78%, 0, 0, 4, 27.70
1746613925, 0, 437, 522, 503, 6, 6.78%, 0, 0, 4, 28.50
1746613941, 0, 447, 522, 502, 6, 6.78%, 0, 0, 4, 30.58
1746613951, 0, 447, 523, 503, 6, 6.78%, 0, 0, 4, 29.68
1746613956, 0, 447, 524, 504, 6, 6.78%, 0, 0, 4, 29.72
1746614012, 0, 447, 525, 505, 6, 6.78%, 0, 0, 4, 28.92
1746614206, 0, 458, 527, 506, 6, 6.78%, 0, 0, 4, 26.33
1746614211, 0, 458, 534, 513, 6, 6.82%, 0, 0, 4, 20.31
1746614216, 0, 458, 539, 518, 6, 7.04%, 0, 0, 4, 19.11
1746614221, 0, 458, 541, 520, 6, 7.04%, 0, 0, 4, 18.55
1746614226, 0, 458, 545, 524, 6, 7.04%, 0, 0, 4, 17.06
1746614231, 0, 458, 551, 530, 6, 7.05%, 0, 0, 4, 16.69
1746614236, 0, 458, 553, 532, 6, 7.05%, 0, 0, 4, 20.19
1746614242, 0, 458, 555, 534, 6, 7.05%, 0, 0, 4, 17.33
1746614247, 0, 458, 557, 536, 6, 7.05%, 0, 0, 4, 18.99
1746614252, 0, 458, 559, 538, 6, 7.05%, 0, 0, 4, 20.18
1746614257, 0, 458, 562, 541, 6, 7.05%, 0, 0, 4, 17.41
1746614262, 0, 458, 564, 543, 6, 7.05%, 0, 0, 4, 19.31
1746614267, 0, 458, 567, 546, 6, 7.05%, 0, 0, 4, 21.19
1746614272, 0, 458, 569, 548, 6, 7.05%, 0, 0, 4, 24.59
1746614277, 0, 458, 572, 551, 6, 7.05%, 0, 0, 4, 23.38
1746614282, 0, 458, 574, 553, 6, 7.05%, 0, 0, 4, 24.55
1746614287, 0, 458, 575, 554, 6, 7.05%, 0, 0, 4, 25.37
1746614292, 0, 458, 576, 555, 6, 7.05%, 0, 0, 4, 25.81
1746614308, 0, 458, 577, 556, 6, 7.05%, 0, 0, 4, 19.49
1746614313, 0, 458, 578, 557, 6, 7.05%, 0, 0, 4, 17.62
1746614328, 0, 458, 583, 562, 6, 7.05%, 0, 0, 4, 16.51
1746614333, 0, 458, 587, 566, 6, 7.05%, 0, 0, 4, 15.80
1746614338, 0, 458, 590, 569, 6, 7.05%, 0, 0, 4, 15.66
1746614410, 0, 458, 591, 570, 6, 7.05%, 0, 0, 4, 16.95
1746614415, 0, 458, 592, 571, 6, 7.05%, 0, 0, 4, 19.35
1746614425, 0, 458, 594, 573, 6, 7.05%, 0, 0, 4, 24.95
1746614445, 0, 458, 595, 574, 6, 7.05%, 0, 0, 4, 17.39
1746614456, 0, 458, 598, 577, 6, 7.07%, 0, 0, 4, 19.93
1746614461, 0, 458, 600, 579, 6, 7.07%, 0, 0, 4, 22.96
1746614487, 0, 458, 601, 580, 6, 7.07%, 0, 0, 4, 20.87
1746614502, 0, 458, 603, 582, 6, 7.07%, 0, 0, 4, 18.11
1746614507, 0, 458, 604, 583, 6, 7.07%, 0, 0, 4, 19.44
1746614512, 0, 485, 604, 582, 10, 7.07%, 0, 0, 4, 27.89
1746614517, 0, 485, 605, 583, 10, 7.07%, 0, 0, 5, 26.28
1746614553, 0, 491, 607, 584, 11, 7.07%, 0, 0, 5, 26.80
1746614564, 0, 491, 608, 585, 11, 7.07%, 0, 0, 5, 24.82
1746614574, 0, 491, 609, 586, 11, 7.07%, 0, 0, 5, 26.59
1746614589, 0, 497, 610, 586, 11, 7.07%, 0, 0, 5, 28.20
1746614605, 0, 497, 612, 588, 11, 7.07%, 0, 0, 5, 24.65
1746614631, 0, 523, 612, 587, 10, 7.07%, 0, 0, 5, 32.01
1746614661, 0, 523, 613, 588, 10, 7.07%, 0, 0, 5, 29.90
1746614902, 0, 530, 613, 587, 9, 7.07%, 0, 0, 5, 24.92
1746614907, 0, 530, 614, 588, 9, 7.07%, 0, 0, 5, 18.76
1746614918, 0, 530, 615, 589, 9, 7.07%, 0, 0, 5, 17.87
1746614928, 0, 530, 617, 591, 9, 7.07%, 0, 0, 5, 18.71
1746614953, 0, 530, 619, 593, 9, 7.07%, 0, 0, 5, 22.15
1746614959, 0, 530, 621, 595, 9, 7.07%, 0, 0, 5, 17.92
1746614974, 0, 530, 623, 597, 9, 7.07%, 0, 0, 5, 18.04
1746614979, 0, 530, 625, 599, 9, 7.07%, 0, 0, 5, 16.62
1746615067, 0, 530, 626, 600, 9, 7.07%, 0, 0, 5, 22.75
1746615072, 0, 530, 627, 601, 9, 7.07%, 0, 0, 5, 24.75
1746615097, 0, 530, 628, 602, 9, 7.07%, 0, 0, 5, 18.39
1746615103, 0, 530, 629, 603, 9, 7.07%, 0, 0, 5, 24.08
1746615118, 0, 530, 631, 605, 9, 7.08%, 0, 0, 5, 19.44
1746615123, 0, 530, 632, 606, 9, 7.08%, 0, 0, 5, 18.38
1746615128, 0, 530, 633, 607, 9, 7.08%, 0, 0, 5, 17.81
1746615144, 0, 530, 634, 608, 9, 7.08%, 0, 0, 5, 17.82
1746615154, 0, 530, 636, 610, 9, 7.08%, 0, 0, 5, 26.80
1746615174, 0, 530, 637, 611, 9, 7.08%, 0, 0, 5, 28.51
1746615184, 0, 530, 638, 612, 9, 7.09%, 0, 0, 5, 26.31
1746615194, 0, 530, 639, 613, 9, 7.09%, 0, 0, 5, 27.48
1746615204, 0, 530, 640, 614, 9, 7.14%, 0, 0, 5, 27.24
1746615235, 0, 530, 641, 615, 9, 7.14%, 0, 0, 5, 29.10
1746615265, 0, 530, 642, 616, 9, 7.14%, 0, 0, 5, 28.21
1746615316, 0, 557, 642, 615, 7, 7.14%, 0, 0, 5, 28.18
1746615332, 0, 557, 644, 617, 7, 7.14%, 0, 0, 5, 18.09
1746615357, 0, 557, 645, 618, 7, 7.14%, 0, 0, 5, 20.43
1746615367, 0, 557, 647, 620, 7, 7.14%, 0, 0, 5, 21.00
1746615372, 0, 557, 648, 621, 7, 7.14%, 0, 0, 5, 22.53
1746615418, 0, 557, 650, 623, 7, 7.14%, 0, 0, 5, 16.57
1746615423, 0, 557, 651, 624, 7, 7.14%, 0, 0, 5, 16.93
1746615535, 0, 557, 652, 625, 7, 7.14%, 0, 0, 5, 20.59
1746615571, 0, 557, 653, 626, 7, 7.14%, 0, 0, 5, 18.35
1746615597, 0, 619, 653, 625, 7, 7.14%, 0, 0, 5, 23.89
1746615602, 0, 619, 656, 628, 7, 7.14%, 0, 0, 6, 17.75
1746615607, 0, 619, 658, 630, 7, 7.14%, 0, 0, 6, 15.77
1746615618, 0, 619, 660, 632, 7, 7.14%, 0, 0, 6, 16.32
1746615628, 0, 619, 661, 633, 7, 7.14%, 0, 0, 6, 17.48
1746615664, 0, 619, 663, 635, 7, 7.14%, 0, 0, 6, 16.21
1746615669, 0, 619, 664, 636, 7, 7.14%, 0, 0, 6, 15.97
1746615675, 0, 619, 665, 637, 7, 7.14%, 0, 0, 6, 15.66
1746615690, 0, 619, 666, 638, 7, 7.14%, 0, 0, 6, 16.01
1746615772, 0, 619, 668, 640, 7, 7.14%, 0, 0, 6, 20.63
1746615803, 0, 619, 671, 643, 7, 7.14%, 0, 0, 6, 15.01
1746615828, 0, 619, 672, 644, 7, 7.14%, 0, 0, 6, 17.98
1746615833, 0, 619, 673, 645, 7, 7.14%, 0, 0, 6, 17.12
1746615849, 0, 619, 674, 646, 7, 7.14%, 0, 0, 6, 16.54
1746615854, 0, 619, 675, 647, 7, 7.14%, 0, 0, 6, 19.59
1746615864, 0, 621, 675, 646, 9, 7.14%, 0, 0, 6, 27.96
1746616053, 0, 624, 675, 645, 9, 7.14%, 0, 0, 6, 29.84
1746616063, 0, 624, 676, 646, 9, 7.14%, 0, 0, 6, 17.45
1746616078, 0, 624, 678, 648, 9, 7.22%, 0, 0, 6, 20.33
1746616083, 0, 624, 679, 649, 9, 7.22%, 0, 0, 6, 17.43
1746616248, 0, 624, 681, 651, 9, 7.22%, 0, 0, 6, 15.82
1746616310, 0, 630, 681, 650, 8, 7.22%, 0, 0, 6, 27.82
1746616417, 0, 630, 682, 651, 8, 7.22%, 0, 0, 6, 23.44
1746616437, 0, 630, 683, 652, 8, 7.22%, 0, 0, 6, 22.21
1746616453, 0, 637, 683, 651, 7, 7.22%, 0, 0, 6, 28.09
1746616458, 0, 637, 686, 654, 7, 7.23%, 0, 0, 6, 20.41
1746616463, 0, 637, 687, 655, 7, 7.23%, 0, 0, 6, 16.41
1746616468, 0, 637, 693, 661, 7, 7.23%, 0, 0, 6, 14.17
1746616473, 0, 637, 694, 662, 7, 7.23%, 0, 0, 6, 18.49
1746616478, 0, 637, 695, 663, 7, 7.23%, 0, 0, 6, 16.77
1746616483, 0, 637, 696, 664, 7, 7.23%, 0, 0, 6, 15.86
1746616493, 0, 637, 699, 667, 7, 7.25%, 0, 0, 6, 15.07
1746616498, 0, 637, 700, 668, 7, 7.25%, 0, 0, 6, 17.57
1746616509, 0, 637, 702, 670, 7, 7.25%, 0, 0, 6, 23.94
1746616514, 0, 637, 703, 671, 7, 7.25%, 0, 0, 6, 24.05
1746616544, 0, 637, 704, 672, 7, 7.25%, 0, 0, 6, 15.42
1746616555, 0, 637, 707, 675, 7, 7.25%, 0, 0, 6, 14.41
1746616560, 0, 637, 710, 678, 7, 7.25%, 0, 0, 6, 13.44
1746616565, 0, 637, 711, 679, 7, 7.25%, 0, 0, 6, 14.69
1746616570, 0, 637, 712, 680, 7, 7.25%, 0, 0, 6, 13.51
1746616580, 0, 637, 715, 683, 7, 7.25%, 0, 0, 6, 13.25
1746616642, 0, 637, 716, 684, 7, 7.26%, 0, 0, 6, 19.84
1746616667, 0, 637, 717, 685, 7, 7.26%, 0, 0, 6, 14.99
1746616672, 0, 637, 718, 686, 7, 7.26%, 0, 0, 6, 14.77
1746616677, 0, 637, 719, 687, 7, 7.26%, 0, 0, 6, 18.29
1746616723, 0, 637, 723, 691, 7, 7.26%, 0, 0, 6, 16.22
1746616728, 0, 637, 725, 693, 7, 7.26%, 0, 0, 6, 17.59
1746616734, 0, 637, 726, 694, 7, 7.26%, 0, 0, 6, 23.70
1746616754, 0, 638, 726, 693, 13, 7.26%, 0, 0, 6, 24.02
1746616831, 0, 638, 727, 694, 13, 7.26%, 0, 0, 6, 17.10
1746616846, 0, 638, 731, 698, 13, 7.26%, 0, 0, 6, 14.83
1746616943, 0, 638, 732, 699, 13, 7.26%, 0, 0, 6, 17.24
1746617010, 0, 639, 732, 698, 13, 7.26%, 0, 0, 6, 24.65
1746617020, 0, 639, 735, 701, 13, 7.26%, 0, 0, 6, 14.23
1746617030, 0, 639, 736, 702, 13, 7.26%, 0, 0, 6, 15.41
1746617035, 0, 639, 737, 703, 13, 7.26%, 0, 0, 6, 20.71
1746617045, 0, 639, 738, 704, 13, 7.26%, 0, 0, 6, 17.14
1746617112, 0, 639, 740, 706, 13, 7.26%, 0, 0, 6, 12.88
1746617179, 0, 639, 741, 707, 13, 7.26%, 0, 0, 6, 16.10
1746617184, 0, 639, 744, 710, 13, 7.26%, 0, 0, 6, 21.35
1746617215, 0, 639, 745, 711, 13, 7.26%, 0, 0, 6, 14.27
1746617281, 0, 651, 747, 712, 14, 7.26%, 0, 0, 6, 22.91
1746617286, 0, 651, 748, 713, 14, 7.26%, 0, 0, 6, 19.99
1746617302, 0, 651, 749, 714, 14, 7.26%, 0, 0, 6, 18.80
1746617379, 0, 651, 750, 715, 14, 7.26%, 0, 0, 6, 17.35
1746617547, 0, 651, 751, 716, 14, 7.26%, 0, 0, 6, 27.78
1746617568, 0, 674, 751, 715, 13, 7.26%, 0, 0, 6, 28.23
1746617844, 0, 685, 751, 714, 12, 7.26%, 0, 0, 6, 22.59
1746617859, 0, 685, 752, 715, 12, 7.26%, 0, 0, 7, 16.29
1746618074, 0, 685, 753, 716, 12, 7.26%, 0, 0, 7, 15.80
1746618095, 0, 688, 753, 715, 11, 7.26%, 0, 0, 7, 25.90
1746618105, 0, 688, 757, 719, 11, 7.32%, 0, 0, 7, 14.00
1746618120, 0, 688, 760, 722, 11, 7.32%, 0, 0, 7, 13.35
1746618131, 0, 688, 761, 723, 11, 7.32%, 0, 0, 7, 14.89
1746618136, 0, 688, 764, 726, 11, 7.33%, 0, 0, 7, 14.41
1746618192, 0, 688, 765, 727, 11, 7.33%, 0, 0, 7, 14.08
1746618197, 0, 688, 767, 729, 11, 7.33%, 0, 0, 7, 13.24
1746618202, 0, 688, 769, 731, 11, 7.33%, 0, 0, 7, 12.90
1746618207, 0, 688, 771, 733, 11, 7.33%, 0, 0, 7, 11.78
1746618212, 0, 688, 772, 734, 11, 7.33%, 0, 0, 7, 12.13
1746618279, 0, 688, 774, 736, 11, 7.38%, 0, 0, 7, 13.42
1746618315, 0, 688, 776, 738, 11, 7.38%, 0, 0, 7, 13.11
1746618320, 0, 688, 778, 740, 11, 7.38%, 0, 0, 7, 20.51
1746618366, 0, 688, 780, 742, 11, 7.38%, 0, 0, 7, 13.41
1746618381, 0, 688, 781, 743, 11, 7.38%, 0, 0, 7, 26.04
1746618396, 0, 717, 782, 743, 9, 7.38%, 0, 0, 7, 23.75
1746618652, 0, 717, 783, 744, 9, 7.38%, 0, 0, 7, 24.38
1746618673, 0, 720, 783, 743, 8, 7.38%, 0, 0, 7, 24.12
1746618683, 0, 720, 785, 745, 8, 7.38%, 0, 0, 7, 20.92
1746618693, 0, 720, 786, 746, 8, 7.38%, 0, 0, 7, 20.53
1746618760, 0, 720, 788, 748, 8, 7.38%, 0, 0, 7, 15.90
1746618765, 0, 720, 789, 749, 8, 7.38%, 0, 0, 7, 15.49
1746618770, 0, 720, 791, 751, 8, 7.38%, 0, 0, 7, 14.99
1746618944, 0, 726, 791, 750, 8, 7.38%, 0, 0, 7, 23.09
1746619154, 0, 726, 792, 751, 8, 7.40%, 0, 0, 7, 19.26
1746619195, 0, 727, 792, 750, 7, 7.40%, 0, 0, 7, 22.64
1746619226, 0, 727, 793, 751, 7, 7.40%, 0, 0, 7, 18.22
1746619293, 0, 727, 794, 752, 7, 7.40%, 0, 0, 7, 13.96
1746619451, 0, 728, 794, 751, 6, 7.40%, 0, 0, 7, 21.97
1746619461, 0, 728, 796, 753, 6, 7.40%, 0, 0, 7, 18.00
1746619553, 0, 728, 798, 755, 6, 7.40%, 0, 0, 7, 13.54
1746619707, 0, 772, 798, 754, 5, 7.40%, 0, 0, 7, 26.41
1746619717, 0, 772, 801, 757, 5, 7.40%, 0, 0, 8, 13.27
1746619722, 0, 772, 805, 761, 5, 7.40%, 0, 0, 8, 10.65
1746619732, 0, 772, 806, 762, 5, 7.40%, 0, 0, 8, 14.76
1746619748, 0, 772, 809, 765, 5, 7.40%, 0, 0, 8, 12.91
1746619815, 0, 772, 810, 766, 5, 7.40%, 0, 0, 8, 12.27
1746619820, 0, 772, 811, 767, 5, 7.40%, 0, 0, 8, 11.19
1746619830, 0, 772, 815, 771, 5, 7.40%, 0, 0, 8, 10.04
1746619835, 0, 772, 816, 772, 5, 7.40%, 0, 0, 8, 9.88
1746619897, 0, 772, 817, 773, 5, 7.40%, 0, 0, 8, 21.09
1746619927, 0, 772, 818, 774, 5, 7.40%, 0, 0, 8, 12.32
1746619933, 0, 772, 819, 775, 5, 7.40%, 0, 0, 8, 18.10
1746619994, 0, 791, 819, 774, 6, 7.40%, 0, 0, 8, 22.19
1746619999, 0, 791, 822, 777, 6, 7.40%, 0, 0, 8, 18.59
1746620020, 0, 791, 823, 778, 6, 7.40%, 0, 0, 8, 18.58
1746620071, 0, 791, 825, 780, 6, 7.49%, 0, 0, 8, 18.89
1746620076, 0, 791, 826, 781, 6, 7.49%, 0, 0, 8, 16.80
1746620091, 0, 791, 827, 782, 6, 7.49%, 0, 0, 8, 19.18
1746620158, 0, 791, 828, 783, 6, 7.49%, 0, 0, 8, 21.31
1746620178, 0, 791, 831, 786, 6, 7.49%, 0, 0, 8, 19.12
1746620219, 0, 791, 835, 790, 6, 7.49%, 0, 0, 8, 20.48
1746620244, 0, 793, 835, 789, 8, 7.49%, 0, 0, 8, 23.78
1746620501, 0, 796, 835, 788, 7, 7.49%, 0, 0, 8, 22.00
1746620752, 0, 802, 835, 787, 6, 7.49%, 0, 0, 8, 26.82
1746620957, 0, 802, 836, 788, 6, 7.49%, 0, 0, 9, 13.13
1746621029, 0, 809, 836, 787, 5, 7.49%, 0, 0, 9, 21.69
1746621050, 0, 809, 837, 788, 5, 7.49%, 0, 0, 9, 15.14
1746621117, 0, 809, 838, 789, 5, 7.49%, 0, 0, 9, 14.14
1746621305, 0, 818, 838, 788, 4, 7.49%, 0, 0, 9, 23.11
1746621310, 0, 818, 839, 789, 4, 7.49%, 0, 0, 9, 17.18
1746621316, 0, 818, 842, 792, 4, 7.49%, 0, 0, 9, 12.60
1746621331, 0, 818, 843, 793, 4, 7.49%, 0, 0, 9, 17.46
1746621408, 0, 818, 844, 794, 4, 7.49%, 0, 0, 9, 11.76
1746621480, 0, 818, 845, 795, 4, 7.49%, 0, 0, 9, 13.93
1746621511, 0, 818, 846, 796, 4, 7.49%, 0, 0, 9, 13.73
1746621516, 0, 818, 847, 797, 4, 7.49%, 0, 0, 9, 11.97
1746621582, 0, 825, 847, 796, 3, 7.49%, 0, 0, 9, 24.21
1746621587, 0, 825, 849, 798, 3, 7.49%, 0, 0, 9, 19.18
1746621607, 0, 825, 850, 799, 3, 7.49%, 0, 0, 9, 19.95
1746621663, 0, 825, 851, 800, 3, 7.49%, 0, 0, 9, 17.40
1746621796, 0, 825, 852, 801, 3, 7.49%, 0, 0, 9, 20.23
1746621827, 0, 832, 852, 800, 2, 7.49%, 0, 0, 9, 29.85
1746621837, 0, 832, 854, 802, 2, 7.49%, 0, 0, 9, 21.18
1746621847, 0, 832, 855, 803, 2, 7.49%, 0, 0, 9, 22.84
1746621852, 0, 832, 856, 804, 2, 7.49%, 0, 0, 9, 21.67
1746621858, 0, 832, 857, 805, 2, 7.49%, 0, 0, 9, 20.74
1746621909, 0, 832, 858, 806, 2, 7.49%, 0, 0, 9, 18.62
1746622016, 0, 832, 860, 808, 2, 7.49%, 0, 0, 9, 19.82
1746622052, 0, 832, 862, 810, 2, 7.49%, 0, 0, 9, 20.21
1746622057, 0, 832, 863, 811, 2, 7.49%, 0, 0, 9, 21.34
1746622082, 0, 854, 864, 811, 2, 7.49%, 0, 0, 10, 23.89
1746622087, 0, 854, 865, 812, 2, 7.49%, 0, 0, 10, 21.55
1746622164, 0, 854, 866, 813, 2, 7.49%, 0, 0, 10, 18.70
1746622327, 0, 859, 866, 812, 1, 7.49%, 0, 0, 10, 27.37
1746622577, 0, 861, 866, 811, 0, 7.49%, 0, 0, 10, 24.08
1746622602, 0, 861, 867, 812, 0, 7.50%, 0, 0, 10, 20.81
1746622761, 0, 861, 868, 813, 0, 7.50%, 0, 0, 10, 20.78
1746622822, 0, 866, 868, 812, 1, 7.50%, 0, 0, 10, 23.49
1746622838, 0, 866, 870, 814, 1, 7.50%, 0, 0, 11, 17.30
1746622889, 0, 866, 871, 815, 1, 7.50%, 0, 0, 11, 19.51
1746623068, 0, 870, 871, 814, 0, 7.50%, 0, 0, 11, 27.65
1746623078, 0, 870, 873, 816, 0, 7.50%, 0, 0, 12, 17.37
1746623236, 0, 870, 874, 817, 0, 7.50%, 0, 0, 12, 22.26
1746623257, 0, 870, 875, 818, 0, 7.50%, 0, 0, 12, 17.52
1746623318, 1, 8, 875, 817, 0, 7.50%, 0, 0, 12, 34.03
1746623328, 1, 11, 875, 816, 0, 7.50%, 0, 0, 12, 34.35
1746623344, 1, 15, 875, 815, 0, 7.50%, 0, 0, 12, 35.52
1746623354, 1, 17, 875, 814, 0, 7.50%, 0, 0, 12, 37.68
1746623364, 1, 20, 875, 813, 0, 7.50%, 0, 0, 12, 36.44
1746623370, 1, 27, 875, 812, 0, 7.50%, 0, 0, 12, 36.30
1746623380, 1, 28, 875, 811, 0, 7.50%, 0, 0, 12, 33.75
1746623390, 1, 30, 875, 810, 0, 7.50%, 0, 0, 12, 37.78
1746623400, 1, 35, 875, 809, 0, 7.50%, 0, 0, 12, 35.63
1746623411, 1, 38, 875, 808, 0, 7.50%, 0, 0, 12, 36.12
1746623421, 1, 41, 875, 807, 0, 7.50%, 0, 0, 12, 35.88
1746623426, 1, 41, 876, 808, 0, 7.50%, 0, 0, 12, 33.06
1746623436, 1, 45, 876, 807, 0, 7.50%, 0, 0, 12, 34.71
1746623441, 1, 46, 876, 806, 0, 7.50%, 0, 0, 12, 34.97
1746623457, 1, 49, 876, 805, 0, 7.50%, 0, 0, 12, 35.03
1746623462, 1, 54, 876, 804, 0, 7.50%, 0, 0, 12, 37.44
1746623472, 1, 56, 876, 803, 0, 7.50%, 0, 0, 12, 37.42
1746623482, 1, 68, 876, 802, 0, 7.50%, 0, 0, 12, 36.51
1746623493, 1, 69, 876, 801, 0, 7.50%, 0, 0, 12, 34.93
1746623503, 1, 77, 876, 800, 0, 7.50%, 0, 0, 12, 38.59
1746623513, 1, 83, 876, 799, 0, 7.50%, 0, 0, 12, 37.08
1746623523, 1, 88, 876, 798, 0, 7.50%, 0, 0, 12, 34.13
1746623579, 1, 89, 876, 797, 0, 7.50%, 0, 0, 12, 28.25
1746623600, 1, 90, 876, 796, 0, 7.50%, 0, 0, 12, 31.35
1746623610, 1, 91, 876, 795, 0, 7.50%, 0, 0, 12, 35.89
1746623636, 1, 91, 877, 796, 0, 7.50%, 0, 0, 12, 32.95
1746623646, 1, 97, 877, 795, 0, 7.50%, 0, 0, 12, 39.03
1746623656, 1, 101, 877, 794, 0, 7.50%, 0, 0, 12, 36.75
1746623707, 1, 105, 877, 793, 0, 7.50%, 0, 0, 12, 32.96
1746623713, 1, 120, 877, 792, 0, 7.50%, 0, 0, 12, 37.65
1746623728, 1, 126, 877, 791, 0, 7.50%, 0, 0, 12, 34.81
1746623738, 1, 127, 877, 790, 0, 7.50%, 0, 0, 12, 30.20
1746623763, 1, 132, 877, 789, 0, 7.50%, 0, 0, 12, 30.42
1746623774, 1, 137, 877, 788, 0, 7.50%, 0, 0, 12, 32.66
1746623784, 1, 146, 877, 787, 0, 7.50%, 0, 0, 12, 32.61
1746623809, 1, 147, 877, 786, 0, 7.50%, 0, 0, 12, 32.81
1746623820, 1, 149, 877, 785, 0, 7.50%, 0, 0, 12, 33.70
1746623825, 1, 150, 877, 784, 0, 7.50%, 0, 0, 12, 33.55
1746623875, 1, 153, 877, 783, 0, 7.50%, 0, 0, 12, 34.34
1746623891, 1, 161, 877, 782, 0, 7.50%, 0, 0, 12, 32.91
1746623911, 1, 165, 877, 781, 0, 7.50%, 0, 0, 12, 33.62
1746623926, 1, 171, 877, 780, 0, 7.50%, 0, 0, 12, 31.07
1746623937, 1, 173, 877, 779, 0, 7.50%, 0, 0, 12, 33.14
1746623942, 1, 173, 878, 780, 0, 7.50%, 0, 0, 12, 33.17
1746623952, 1, 174, 878, 779, 0, 7.50%, 0, 0, 12, 38.89
1746623967, 1, 176, 878, 778, 0, 7.50%, 0, 0, 12, 33.25
1746623978, 1, 177, 878, 777, 0, 7.50%, 0, 0, 12, 35.44
1746623988, 1, 183, 878, 776, 0, 7.50%, 0, 0, 12, 34.35
1746623998, 1, 184, 878, 775, 0, 7.50%, 0, 0, 12, 32.75
1746624019, 1, 186, 878, 774, 0, 7.50%, 0, 0, 12, 37.28
1746624029, 1, 187, 878, 773, 0, 7.50%, 0, 0, 12, 31.02
1746624054, 1, 195, 878, 772, 0, 7.50%, 0, 0, 12, 30.37
1746624065, 1, 195, 879, 773, 0, 7.50%, 0, 0, 12, 33.47
1746624070, 1, 196, 879, 772, 0, 7.50%, 0, 0, 12, 33.22
1746624085, 1, 198, 879, 771, 0, 7.50%, 0, 0, 12, 31.06
1746624111, 1, 201, 879, 770, 0, 7.50%, 0, 0, 12, 37.55
1746624121, 1, 202, 879, 769, 0, 7.50%, 0, 0, 12, 32.18
1746624131, 1, 204, 879, 768, 0, 7.50%, 0, 0, 12, 31.73
1746624249, 1, 206, 879, 767, 0, 7.50%, 0, 0, 12, 35.16
1746624260, 1, 210, 879, 766, 0, 7.50%, 0, 0, 12, 35.74
1746624275, 1, 213, 879, 765, 0, 7.50%, 0, 0, 12, 30.11
1746624300, 1, 224, 879, 764, 0, 7.50%, 0, 0, 12, 33.22
1746624306, 1, 226, 879, 763, 0, 7.50%, 0, 0, 12, 33.18
1746624321, 1, 230, 879, 762, 0, 7.50%, 0, 0, 12, 33.52
1746624341, 1, 235, 879, 761, 0, 7.50%, 0, 0, 12, 32.48
1746624382, 1, 240, 879, 760, 0, 7.50%, 0, 0, 12, 30.97
1746624393, 1, 245, 879, 759, 0, 7.50%, 0, 0, 12, 31.17
1746624449, 1, 254, 879, 758, 0, 7.50%, 0, 0, 12, 31.01
1746624474, 1, 258, 879, 757, 0, 7.50%, 0, 0, 12, 31.89
1746624485, 1, 260, 879, 756, 0, 7.50%, 0, 0, 12, 33.68
1746624490, 1, 260, 880, 757, 0, 7.50%, 0, 0, 12, 33.22
1746624500, 1, 264, 880, 756, 0, 7.50%, 0, 0, 12, 32.89
1746624515, 1, 268, 880, 755, 0, 7.50%, 0, 0, 12, 36.82
1746624526, 1, 269, 880, 754, 0, 7.50%, 0, 0, 12, 28.68
1746624541, 1, 272, 880, 753, 0, 7.50%, 0, 0, 12, 32.89
1746624556, 1, 276, 880, 752, 0, 7.50%, 0, 0, 12, 34.43
1746624566, 1, 287, 880, 751, 0, 7.50%, 0, 0, 12, 32.02
1746624592, 1, 289, 880, 750, 0, 7.50%, 0, 0, 12, 28.00
1746624679, 1, 294, 880, 749, 0, 7.50%, 0, 0, 12, 38.08
1746624694, 1, 295, 880, 748, 0, 7.50%, 0, 0, 12, 28.51
1746624745, 1, 297, 880, 747, 0, 7.50%, 0, 0, 12, 28.44
1746624807, 1, 310, 880, 746, 0, 7.50%, 0, 0, 12, 27.48
1746624832, 1, 313, 880, 745, 0, 7.50%, 0, 0, 12, 30.39
1746624858, 1, 323, 880, 744, 0, 7.50%, 0, 0, 12, 31.87
1746624873, 1, 324, 880, 743, 0, 7.50%, 0, 0, 12, 34.80
1746624889, 1, 327, 880, 742, 0, 7.50%, 0, 0, 12, 34.05
1746624904, 1, 329, 880, 741, 0, 7.50%, 0, 0, 12, 29.35
1746625027, 1, 332, 880, 740, 0, 7.50%, 0, 0, 12, 27.45
1746625052, 1, 335, 880, 739, 0, 7.50%, 0, 0, 12, 26.35
1746625155, 1, 336, 880, 738, 0, 7.50%, 0, 0, 12, 27.25
1746625303, 1, 337, 880, 737, 0, 7.50%, 0, 0, 12, 30.17
1746625350, 1, 338, 880, 736, 0, 7.50%, 0, 0, 12, 32.69
1746625375, 1, 339, 880, 735, 0, 7.50%, 0, 0, 12, 29.32
1746625400, 1, 346, 880, 734, 0, 7.50%, 0, 0, 12, 32.08
1746625406, 1, 351, 880, 734, 0, 7.50%, 0, 0, 12, 29.65
1746625421, 1, 352, 880, 733, 0, 7.50%, 0, 0, 12, 31.26
1746625446, 1, 357, 880, 732, 0, 7.50%, 0, 0, 12, 31.41
1746625467, 1, 359, 880, 731, 0, 7.50%, 0, 0, 12, 25.87
1746625666, 1, 362, 880, 730, 0, 7.50%, 0, 0, 12, 26.62
1746625692, 1, 364, 880, 729, 0, 7.50%, 0, 0, 12, 28.86
1746625707, 1, 365, 880, 728, 0, 7.50%, 0, 0, 12, 30.18
1746625768, 1, 366, 880, 727, 0, 7.50%, 0, 0, 12, 29.38
1746625794, 1, 367, 880, 726, 0, 7.50%, 0, 0, 12, 39.66
1746625901, 1, 368, 880, 725, 0, 7.50%, 0, 0, 12, 32.25
1746625948, 1, 372, 880, 724, 0, 7.50%, 0, 0, 12, 17.29
1746625968, 1, 374, 880, 723, 0, 7.50%, 0, 0, 12, 16.69
1746626604, 1, 375, 880, 722, 0, 7.50%, 0, 0, 12, 17.66
1746626864, 1, 376, 880, 721, 0, 7.50%, 0, 0, 12, 18.41
1746627205, 1, 382, 880, 720, 0, 7.50%, 0, 0, 12, 15.68
1746627440, 1, 382, 881, 721, 0, 7.50%, 0, 0, 12, 9.25
1746627533, 1, 384, 881, 720, 0, 7.50%, 0, 0, 12, 16.36
1746627548, 1, 384, 882, 721, 0, 7.50%, 0, 0, 12, 18.88
1746627579, 1, 385, 882, 720, 0, 7.50%, 0, 0, 12, 15.43
1746628039, 1, 388, 882, 719, 0, 7.50%, 0, 0, 12, 26.17
1746628156, 1, 388, 884, 721, 0, 7.50%, 0, 0, 12, 23.20
1746628197, 1, 391, 884, 720, 0, 7.50%, 0, 0, 12, 29.64
1746628253, 1, 398, 884, 719, 0, 7.50%, 0, 0, 12, 29.53
1746628304, 1, 399, 884, 718, 0, 7.50%, 0, 0, 12, 29.79
1746628366, 1, 400, 884, 717, 0, 7.50%, 0, 0, 12, 27.20
1746628452, 1, 402, 884, 716, 0, 7.50%, 0, 0, 12, 30.15
1746628473, 1, 403, 884, 715, 0, 7.50%, 0, 0, 12, 29.99
1746628488, 1, 405, 884, 714, 0, 7.50%, 0, 0, 12, 32.80
1746628514, 1, 407, 884, 713, 0, 7.50%, 0, 0, 12, 32.15
1746628519, 1, 410, 884, 713, 0, 7.50%, 0, 0, 12, 28.98
1746628570, 1, 411, 884, 712, 0, 7.50%, 0, 0, 12, 29.89
1746628673, 1, 412, 884, 711, 0, 7.50%, 0, 0, 12, 15.14
1746628837, 1, 412, 885, 712, 0, 7.50%, 0, 0, 12, 15.56
1746628857, 1, 412, 886, 713, 0, 7.50%, 0, 0, 12, 16.42
1746628883, 1, 413, 886, 712, 0, 7.50%, 0, 0, 12, 15.25
1746628924, 1, 420, 886, 711, 0, 7.50%, 0, 0, 12, 16.40
1746629041, 1, 425, 886, 710, 0, 7.50%, 0, 0, 12, 16.07
1746629072, 1, 427, 886, 709, 0, 7.50%, 0, 0, 12, 16.75
1746629368, 1, 428, 886, 708, 0, 7.50%, 0, 0, 12, 29.77
1746629648, 1, 431, 886, 707, 0, 7.50%, 0, 0, 12, 29.60
1746629904, 1, 434, 886, 706, 0, 7.50%, 0, 0, 12, 29.86
1746630180, 1, 436, 886, 705, 0, 7.50%, 0, 0, 12, 30.40
1746630455, 1, 436, 887, 706, 0, 7.50%, 0, 0, 12, 29.39
1746630465, 1, 444, 887, 705, 0, 7.50%, 0, 0, 12, 29.67
1746630752, 1, 452, 887, 704, 0, 7.50%, 0, 0, 12, 28.61
1746630946, 1, 459, 887, 703, 0, 7.50%, 0, 0, 12, 28.33
1746631002, 1, 467, 887, 702, 0, 7.50%, 0, 0, 12, 27.56
1746631094, 1, 469, 887, 701, 0, 7.50%, 0, 0, 12, 28.73
1746631130, 1, 473, 887, 700, 0, 7.50%, 0, 0, 12, 30.03
1746631186, 1, 484, 887, 699, 0, 7.50%, 0, 0, 12, 28.63
1746631227, 1, 493, 887, 698, 0, 7.50%, 0, 0, 12, 29.63
1746631268, 1, 495, 887, 697, 0, 7.50%, 0, 0, 12, 31.34
1746631314, 1, 496, 887, 696, 0, 7.50%, 0, 0, 12, 26.60
1746631355, 1, 499, 887, 695, 0, 7.50%, 0, 0, 12, 26.88
1746631396, 1, 499, 888, 696, 0, 7.50%, 0, 0, 12, 32.71
1746631406, 1, 503, 888, 695, 0, 7.50%, 0, 0, 12, 30.16
1746631447, 1, 504, 888, 694, 0, 7.50%, 0, 0, 12, 31.57
1746631493, 1, 507, 888, 693, 0, 7.50%, 0, 0, 12, 26.37
1746631534, 1, 507, 889, 694, 0, 7.50%, 0, 0, 12, 30.50
1746631545, 1, 508, 889, 693, 0, 7.50%, 0, 0, 12, 29.78
1746631586, 1, 512, 889, 692, 0, 7.50%, 0, 0, 12, 32.02
1746631632, 1, 513, 889, 691, 0, 7.50%, 0, 0, 12, 27.36
1746631673, 1, 516, 889, 690, 0, 7.50%, 0, 0, 12, 27.85
1746631714, 1, 519, 889, 689, 0, 7.50%, 0, 0, 12, 29.08
1746632005, 1, 520, 889, 688, 0, 7.50%, 0, 0, 12, 28.32
1746632286, 1, 520, 890, 689, 0, 7.50%, 0, 0, 12, 31.11
1746632306, 1, 524, 890, 688, 0, 7.50%, 0, 0, 12, 30.53
1746632591, 1, 525, 890, 687, 0, 7.50%, 0, 0, 12, 30.62
1746632672, 1, 525, 891, 688, 0, 7.50%, 0, 0, 12, 15.44
1746632898, 1, 526, 891, 687, 0, 7.50%, 0, 0, 12, 23.93
1746633210, 1, 528, 891, 686, 0, 7.50%, 0, 0, 12, 26.46
1746633506, 1, 530, 891, 685, 0, 7.50%, 0, 0, 12, 29.80
1746633511, 1, 531, 891, 685, 0, 7.50%, 0, 0, 12, 22.44
1746633609, 1, 531, 892, 686, 0, 7.50%, 0, 0, 12, 15.99
1746633820, 1, 581, 892, 685, 1, 7.50%, 0, 0, 12, 24.61
1746634110, 1, 784, 892, 684, 1, 7.50%, 0, 0, 12, 24.30
1746634387, 1, 790, 892, 683, 1, 7.50%, 0, 0, 12, 24.40
1746634663, 1, 849, 892, 682, 1, 7.50%, 0, 0, 12, 25.65
1746634884, 1, 849, 893, 683, 1, 7.50%, 0, 0, 12, 20.40
1746634889, 1, 849, 894, 684, 1, 7.50%, 0, 0, 12, 18.04
1746634904, 1, 849, 896, 686, 1, 7.50%, 0, 0, 12, 19.51
1746634925, 1, 891, 896, 685, 1, 7.50%, 0, 0, 12, 24.61
1746635241, 2, 1, 896, 684, 0, 7.50%, 0, 0, 12, 29.15
1746635251, 2, 7, 896, 683, 0, 7.50%, 0, 0, 12, 36.32
1746635262, 2, 9, 896, 682, 0, 7.50%, 0, 0, 12, 32.96
1746635272, 2, 13, 896, 681, 0, 7.50%, 0, 0, 12, 35.23
1746635282, 2, 22, 896, 680, 0, 7.50%, 0, 0, 12, 36.40
1746635293, 2, 23, 896, 679, 0, 7.50%, 0, 0, 12, 37.66
1746635303, 2, 24, 896, 678, 0, 7.50%, 0, 0, 12, 36.09
1746635313, 2, 33, 896, 677, 0, 7.50%, 0, 0, 12, 36.04
1746635318, 2, 42, 896, 676, 0, 7.50%, 0, 0, 12, 36.18
1746635333, 2, 53, 896, 675, 0, 7.50%, 0, 0, 12, 34.83
1746635339, 2, 53, 897, 676, 0, 7.50%, 0, 0, 12, 32.06
1746635344, 2, 53, 898, 677, 0, 7.50%, 0, 0, 12, 32.05
1746635359, 2, 64, 898, 676, 0, 7.50%, 0, 0, 12, 34.41
1746635369, 2, 66, 898, 675, 0, 7.50%, 0, 0, 12, 34.47
1746635380, 2, 67, 898, 674, 0, 7.50%, 0, 0, 12, 36.18
1746635390, 2, 73, 898, 673, 0, 7.50%, 0, 0, 12, 36.82
1746635400, 2, 75, 899, 673, 0, 7.50%, 0, 0, 12, 36.40
1746635410, 2, 75, 900, 674, 0, 7.50%, 0, 0, 12, 32.68
1746635436, 2, 81, 900, 673, 0, 7.50%, 0, 0, 12, 33.19
1746635462, 2, 82, 900, 672, 0, 7.50%, 0, 0, 12, 30.21
1746635472, 2, 84, 900, 671, 0, 7.50%, 0, 0, 12, 31.16
1746635492, 2, 84, 901, 672, 0, 7.50%, 0, 0, 12, 31.43
1746635503, 2, 94, 901, 671, 0, 7.50%, 0, 0, 12, 38.15
1746635508, 2, 94, 902, 672, 0, 7.50%, 0, 0, 12, 34.24
1746635523, 2, 102, 902, 671, 0, 7.50%, 0, 0, 12, 32.25
1746635605, 2, 102, 904, 673, 0, 7.50%, 0, 0, 12, 31.01
1746635621, 2, 102, 905, 674, 0, 7.50%, 0, 0, 12, 30.79
1746635631, 2, 102, 906, 675, 0, 7.50%, 0, 0, 12, 4.09
1746635657, 2, 102, 907, 676, 0, 7.50%, 0, 0, 12, 32.54
1746635683, 2, 102, 908, 677, 0, 7.50%, 0, 0, 12, 4.97
1746635693, 2, 102, 909, 678, 0, 7.50%, 0, 0, 12, 31.68
1746635770, 2, 102, 910, 679, 0, 7.50%, 0, 0, 12, 3.56
1746635785, 2, 102, 911, 680, 0, 7.50%, 0, 0, 12, 30.12
1746635821, 2, 137, 912, 680, 1, 7.58%, 0, 0, 12, 4.13
1746635832, 2, 182, 912, 680, 2, 7.58%, 0, 0, 12, 27.80
1746635888, 2, 257, 912, 679, 2, 7.58%, 0, 0, 12, 28.11
1746635898, 2, 257, 913, 680, 2, 7.58%, 0, 0, 12, 29.54
1746635903, 2, 257, 914, 681, 2, 7.58%, 0, 0, 12, 28.63
1746635924, 2, 383, 914, 680, 2, 7.58%, 0, 0, 12, 32.07
1746635944, 2, 533, 914, 679, 2, 7.58%, 0, 0, 12, 27.57
1746636235, 2, 533, 915, 680, 2, 7.58%, 0, 0, 12, 24.97
1746636255, 2, 648, 915, 679, 2, 7.58%, 0, 0, 12, 24.36
1746636265, 2, 648, 916, 680, 2, 7.58%, 0, 0, 12, 16.87
1746636552, 2, 755, 916, 679, 2, 7.58%, 0, 0, 12, 25.63
1746636573, 2, 755, 917, 680, 2, 7.58%, 0, 0, 12, 14.02
1746636665, 2, 755, 918, 681, 2, 7.58%, 0, 0, 12, 11.34
1746636824, 2, 755, 919, 682, 2, 7.58%, 0, 0, 12, 14.57
1746636835, 2, 755, 920, 683, 2, 7.58%, 0, 0, 12, 26.58
1746636845, 2, 755, 921, 684, 2, 7.61%, 0, 0, 12, 25.29
1746636870, 2, 830, 921, 683, 4, 7.61%, 0, 0, 12, 27.82
1746636953, 2, 830, 922, 684, 4, 7.61%, 0, 0, 12, 18.57
1746637131, 2, 884, 922, 683, 4, 7.61%, 0, 0, 12, 30.03
1746637136, 2, 884, 924, 685, 4, 7.61%, 0, 0, 12, 26.14
1746637213, 2, 884, 925, 686, 4, 7.61%, 0, 0, 12, 27.37
1746637249, 2, 884, 926, 687, 4, 7.61%, 0, 0, 12, 29.18
1746637279, 2, 884, 927, 688, 4, 7.61%, 0, 0, 12, 26.80
1746637300, 2, 884, 928, 689, 4, 7.61%, 0, 0, 12, 30.06
1746637310, 2, 884, 929, 690, 4, 7.61%, 0, 0, 12, 32.61
1746637346, 2, 884, 930, 691, 4, 7.61%, 0, 0, 12, 27.08
1746637382, 2, 911, 930, 690, 4, 7.61%, 0, 0, 12, 1.24
1746638922, 2, 911, 930, 690, 4, 7.61%, 0, 5, 12, 1.07
1746638927, 2, 911, 930, 690, 4, 7.61%, 0, 9, 12, 1.14
1746638932, 2, 911, 930, 690, 4, 7.61%, 0, 13, 12, 1.19
1746638937, 2, 911, 930, 690, 4, 7.61%, 0, 15, 12, 1.24
1746638942, 2, 911, 930, 690, 4, 7.61%, 0, 18, 12, 1.28
1746638947, 2, 911, 930, 690, 4, 7.61%, 0, 20, 12, 1.20
1746638953, 2, 911, 930, 690, 4, 7.61%, 0, 23, 12, 1.22
1746638958, 2, 911, 930, 690, 4, 7.61%, 0, 25, 12, 1.25
1746638963, 2, 911, 930, 690, 4, 7.61%, 0, 28, 12, 1.27
1746638968, 2, 911, 930, 690, 4, 7.61%, 0, 30, 12, 1.29
1746638978, 2, 911, 930, 690, 4, 7.61%, 0, 31, 12, 1.23
1746638983, 2, 911, 931, 691, 4, 7.61%, 0, 33, 12, 2.24
1746638988, 2, 911, 931, 691, 4, 7.61%, 0, 36, 12, 2.02
1746638994, 2, 911, 932, 692, 4, 7.61%, 0, 37, 12, 1.69
1746638999, 2, 911, 932, 692, 4, 7.61%, 0, 40, 12, 1.62
1746639010, 2, 911, 933, 693, 4, 7.61%, 0, 44, 12, 2.91
1746639016, 2, 911, 933, 693, 4, 7.61%, 0, 46, 12, 2.50
1746639021, 2, 911, 933, 693, 4, 7.61%, 0, 47, 12, 2.21
1746639026, 2, 911, 933, 693, 4, 7.61%, 0, 49, 12, 2.00
1746639031, 2, 911, 933, 693, 4, 7.61%, 0, 51, 12, 1.85
1746639036, 2, 911, 933, 693, 4, 7.61%, 0, 52, 12, 1.73
1746639047, 2, 911, 933, 693, 4, 7.61%, 0, 55, 12, 1.60
1746639052, 2, 911, 933, 693, 4, 7.61%, 0, 56, 12, 1.55
1746639057, 2, 911, 933, 693, 4, 7.61%, 0, 59, 12, 1.52
1746639068, 2, 911, 933, 693, 4, 7.61%, 0, 61, 12, 1.00
1746639073, 2, 911, 933, 693, 4, 7.61%, 0, 62, 12, 1.00
1746639079, 2, 911, 933, 693, 4, 7.61%, 0, 63, 12, 0.99
1746639084, 2, 911, 933, 693, 4, 7.61%, 0, 65, 12, 0.99
1746639089, 2, 911, 933, 693, 4, 7.61%, 0, 66, 12, 0.99
1746639095, 2, 911, 933, 693, 4, 7.61%, 0, 70, 12, 1.00
1746639100, 2, 911, 933, 693, 4, 7.61%, 0, 73, 12, 0.99
1746639111, 2, 911, 933, 693, 4, 7.61%, 0, 75, 12, 1.00
1746639116, 2, 911, 933, 693, 4, 7.61%, 0, 76, 12, 0.99
1746639122, 2, 911, 933, 693, 4, 7.61%, 0, 78, 12, 0.99
1746639132, 2, 911, 933, 693, 4, 7.61%, 0, 82, 12, 0.99
1746639138, 2, 911, 933, 693, 4, 7.61%, 0, 85, 12, 0.99
1746639148, 2, 911, 933, 693, 4, 7.61%, 0, 86, 12, 0.99
1746639154, 2, 911, 933, 693, 4, 7.61%, 0, 87, 12, 0.99
1746639159, 2, 911, 933, 693, 4, 7.61%, 0, 88, 12, 1.00
1746639165, 2, 911, 933, 693, 4, 7.61%, 0, 89, 12, 0.99
1746639170, 2, 911, 933, 693, 4, 7.61%, 0, 91, 12, 1.00
1746639181, 2, 911, 933, 693, 4, 7.61%, 0, 94, 12, 0.99
1746639192, 2, 911, 933, 693, 4, 7.61%, 0, 95, 12, 1.00
1746639203, 2, 911, 933, 693, 4, 7.61%, 0, 96, 12, 0.99
1746639208, 2, 911, 933, 693, 4, 7.61%, 0, 97, 12, 1.00
1746639213, 2, 911, 933, 693, 4, 7.61%, 0, 98, 12, 1.00
1746639224, 2, 911, 933, 693, 4, 7.61%, 0, 99, 12, 1.81
1746639235, 2, 911, 933, 693, 4, 7.61%, 0, 101, 12, 1.71
1746639251, 2, 911, 933, 693, 4, 7.61%, 0, 102, 12, 1.75
1746639256, 2, 911, 933, 693, 4, 7.61%, 0, 104, 12, 1.00
1746639267, 2, 911, 933, 693, 4, 7.61%, 0, 105, 12, 1.80
1746639283, 2, 911, 933, 693, 4, 7.61%, 0, 106, 12, 0.99
1746639305, 2, 911, 933, 693, 4, 7.61%, 0, 107, 12, 1.66
1746639311, 2, 911, 933, 693, 4, 7.61%, 0, 108, 12, 1.81
1746639316, 2, 911, 933, 693, 4, 7.61%, 0, 109, 12, 1.00
1746639321, 2, 911, 933, 693, 4, 7.61%, 0, 111, 12, 1.69
1746639343, 2, 911, 933, 693, 4, 7.61%, 0, 112, 12, 0.99
1746639365, 2, 911, 933, 693, 4, 7.61%, 0, 113, 12, 1.69
1746639375, 2, 911, 934, 694, 4, 7.61%, 0, 114, 12, 1.65
1746639392, 2, 911, 934, 694, 4, 7.61%, 0, 115, 12, 1.70
1746639408, 2, 911, 934, 694, 4, 7.61%, 0, 117, 12, 1.73
1746639419, 2, 911, 935, 695, 4, 7.61%, 0, 118, 12, 1.65
1746639424, 2, 911, 936, 696, 4, 7.61%, 0, 119, 12, 15.78
1746639430, 2, 911, 936, 696, 4, 7.61%, 0, 120, 12, 1.80
1746639479, 2, 911, 937, 697, 4, 7.61%, 0, 120, 12, 0.99
1746639506, 2, 911, 938, 698, 4, 7.61%, 0, 120, 12, 0.99
1746639511, 2, 911, 938, 698, 4, 7.61%, 0, 122, 12, 1.70
1746639522, 2, 911, 938, 698, 4, 7.61%, 0, 123, 12, 1.79
1746639544, 2, 911, 938, 698, 4, 7.61%, 0, 124, 12, 1.80
1746639565, 2, 911, 939, 699, 4, 7.61%, 0, 124, 12, 12.95
1746639571, 2, 911, 940, 700, 4, 7.61%, 0, 125, 12, 13.98
1746639576, 2, 911, 942, 702, 4, 7.61%, 0, 125, 12, 14.45
1746639581, 2, 911, 943, 703, 4, 7.61%, 0, 125, 12, 14.27
1746639586, 2, 911, 944, 704, 4, 7.61%, 0, 125, 12, 14.26
1746639592, 2, 911, 945, 705, 4, 7.61%, 0, 125, 12, 1.00
1746639613, 2, 911, 946, 706, 4, 7.61%, 0, 125, 12, 12.45
1746639618, 2, 911, 947, 707, 4, 7.61%, 0, 126, 12, 12.91
1746639635, 2, 911, 948, 708, 4, 7.61%, 0, 126, 12, 1.73
1746639640, 2, 911, 948, 708, 4, 7.61%, 0, 127, 12, 1.69
1746639645, 2, 911, 949, 709, 4, 7.61%, 0, 127, 12, 1.68
1746639662, 2, 911, 949, 709, 4, 7.61%, 0, 128, 12, 1.73
1746639667, 2, 911, 950, 710, 4, 7.61%, 0, 129, 12, 1.73
1746639672, 2, 911, 950, 710, 4, 7.61%, 0, 130, 12, 1.69
1746639684, 2, 911, 950, 710, 4, 7.61%, 0, 131, 12, 1.79
1746639700, 2, 911, 951, 711, 4, 7.61%, 0, 131, 12, 0.98
1746639711, 2, 911, 951, 711, 4, 7.61%, 0, 132, 12, 1.78
1746639722, 2, 911, 951, 711, 4, 7.61%, 0, 133, 12, 1.68
1746639738, 2, 911, 951, 711, 4, 7.61%, 0, 134, 12, 1.74
1746639744, 2, 911, 954, 714, 4, 7.61%, 0, 134, 12, 1.00
1746639749, 2, 911, 954, 714, 4, 7.61%, 0, 135, 12, 1.73
1746639755, 2, 911, 957, 717, 4, 7.61%, 0, 135, 12, 0.99
1746639766, 2, 911, 959, 719, 4, 7.61%, 0, 135, 12, 0.99
1746639776, 2, 911, 960, 720, 4, 7.61%, 0, 135, 12, 0.99
1746639782, 2, 911, 960, 720, 4, 7.61%, 0, 136, 12, 1.69
1746639787, 2, 911, 961, 721, 4, 7.61%, 0, 136, 12, 1.67
1746639804, 2, 911, 962, 722, 4, 7.61%, 0, 136, 12, 1.76
1746639814, 2, 911, 963, 723, 4, 7.61%, 0, 136, 12, 1.72
1746639820, 2, 911, 964, 724, 4, 7.61%, 0, 136, 12, 1.72
1746639825, 2, 911, 965, 725, 4, 7.61%, 0, 136, 12, 1.71
1746639831, 2, 911, 966, 726, 4, 7.61%, 0, 136, 12, 1.25
1746639836, 2, 911, 968, 728, 4, 7.61%, 0, 136, 12, 2.77
1746639841, 2, 911, 969, 729, 4, 7.61%, 0, 136, 12, 1.25
1746639847, 2, 911, 970, 730, 4, 7.61%, 0, 136, 12, 2.90
1746639862, 2, 911, 971, 731, 4, 7.61%, 0, 136, 12, 14.79
1746639878, 2, 911, 973, 733, 4, 7.61%, 0, 136, 12, 1.25
1746639884, 2, 911, 974, 734, 4, 7.61%, 0, 136, 12, 1.23
1746639889, 2, 911, 976, 736, 4, 7.61%, 0, 136, 12, 18.51
1746639894, 2, 911, 977, 737, 4, 7.61%, 0, 136, 12, 1.24
1746639900, 2, 911, 978, 738, 4, 7.61%, 0, 136, 12, 1.25
1746639906, 2, 911, 979, 739, 4, 7.61%, 0, 136, 12, 1.25
1746639916, 2, 911, 980, 740, 4, 7.61%, 0, 136, 12, 13.81
1746639947, 2, 911, 981, 741, 4, 7.61%, 0, 136, 12, 15.38
1746640172, 2, 911, 982, 742, 4, 7.61%, 0, 136, 12, 1.25
1746640177, 2, 911, 983, 743, 4, 7.61%, 0, 136, 12, 1.25
1746640193, 2, 911, 984, 744, 4, 7.61%, 0, 136, 12, 1.25
1746640198, 2, 911, 985, 745, 4, 7.61%, 0, 136, 12, 13.77
1746640245, 2, 911, 986, 746, 4, 7.61%, 0, 136, 12, 2.24
1746640569, 2, 911, 987, 747, 4, 7.61%, 0, 136, 12, 2.12
1746640778, 2, 911, 988, 748, 4, 7.61%, 0, 136, 12, 1.25
1746640956, 2, 911, 989, 749, 4, 7.61%, 0, 136, 12, 10.57
1746641385, 2, 911, 990, 750, 4, 7.61%, 0, 136, 12, 9.24
1746641533, 2, 911, 991, 751, 4, 7.61%, 0, 136, 12, 1.25
1746641725, 2, 911, 992, 752, 4, 7.61%, 0, 136, 12, 8.51
1746641758, 2, 911, 993, 753, 4, 7.61%, 0, 136, 12, 1.24
1746642363, 2, 911, 994, 754, 4, 7.61%, 0, 136, 12, 1.25
1746642533, 2, 911, 995, 755, 4, 7.61%, 0, 136, 12, 1.24
1746642538, 2, 911, 996, 756, 4, 7.61%, 0, 136, 12, 7.09
1746642729, 2, 911, 997, 757, 4, 7.61%, 0, 136, 12, 6.83
1746643229, 2, 911, 998, 758, 4, 7.61%, 0, 136, 12, 6.31
1746643378, 2, 911, 999, 759, 4, 7.61%, 0, 136, 12, 3.05
1746644624, 2, 911, 1000, 760, 4, 7.61%, 0, 136, 12, 3.23
1746644721, 2, 911, 1001, 761, 4, 7.61%, 0, 136, 12, 3.54
1746645073, 2, 911, 1002, 762, 4, 7.61%, 0, 136, 12, 3.31
1746645105, 2, 911, 1003, 763, 4, 7.61%, 0, 136, 12, 3.60
1746645138, 2, 911, 1004, 764, 4, 7.61%, 0, 136, 12, 3.28
1746645176, 2, 911, 1005, 765, 4, 7.61%, 0, 136, 12, 3.30
1746646360, 2, 911, 1006, 766, 4, 7.61%, 0, 136, 12, 2.81
1746646407, 2, 911, 1007, 767, 4, 7.61%, 0, 136, 12, 3.05
1746646443, 2, 911, 1008, 768, 4, 7.61%, 0, 136, 12, 3.04
1746646748, 2, 911, 1009, 769, 4, 7.61%, 0, 136, 12, 2.83
1746646891, 2, 911, 1010, 770, 4, 7.61%, 0, 136, 12, 2.63
1746647034, 2, 911, 1011, 771, 4, 7.61%, 0, 136, 12, 2.93
1746647143, 2, 911, 1012, 772, 4, 7.61%, 0, 136, 12, 2.58
1746647185, 2, 911, 1013, 773, 4, 7.61%, 0, 136, 12, 2.90
1746647247, 2, 911, 1014, 774, 4, 7.61%, 0, 136, 12, 2.90
1746647355, 2, 911, 1015, 775, 4, 7.61%, 0, 136, 12, 2.64
1746647770, 2, 911, 1016, 776, 4, 7.61%, 0, 136, 12, 2.84
1746648825, 2, 911, 1017, 777, 4, 7.61%, 0, 136, 12, 2.36
1746648940, 2, 911, 1018, 778, 4, 7.61%, 0, 136, 12, 2.37
1746649050, 2, 911, 1019, 779, 4, 7.61%, 0, 136, 12, 2.36
1746649479, 2, 911, 1020, 780, 4, 7.61%, 0, 136, 12, 2.35
1746650030, 2, 911, 1021, 781, 4, 7.61%, 0, 136, 12, 2.37
1746652571, 2, 911, 1021, 781, 4, 7.61%, 0, 137, 12, 1.59
1746652641, 2, 911, 1022, 782, 4, 7.61%, 0, 137, 12, 1.45
1746652657, 2, 911, 1022, 782, 4, 7.61%, 0, 138, 12, 1.33
1746652690, 2, 911, 1022, 782, 4, 7.61%, 0, 139, 12, 1.31
1746652716, 2, 911, 1022, 782, 4, 7.61%, 0, 140, 12, 1.29
1746652727, 2, 911, 1022, 782, 4, 7.61%, 0, 141, 12, 1.33
1746652733, 2, 911, 1022, 782, 4, 7.61%, 0, 142, 12, 1.35
1746652899, 2, 911, 1022, 782, 4, 7.61%, 0, 143, 12, 1.36
1746652920, 2, 911, 1022, 782, 4, 7.61%, 0, 144, 12, 1.31
1746652990, 2, 911, 1022, 782, 4, 7.61%, 0, 145, 12, 1.34
1746653006, 2, 911, 1022, 782, 4, 7.61%, 0, 146, 12, 1.28
1746653049, 2, 911, 1022, 782, 4, 7.61%, 0, 147, 12, 1.32
1746653152, 2, 911, 1022, 782, 4, 7.61%, 0, 148, 12, 1.34
1746653200, 2, 911, 1022, 782, 4, 7.61%, 0, 149, 12, 1.27
1746653292, 2, 911, 1022, 782, 4, 7.61%, 0, 150, 12, 1.32
1746653351, 2, 911, 1022, 782, 4, 7.61%, 0, 151, 12, 1.35
1746653405, 2, 911, 1022, 782, 4, 7.61%, 0, 152, 12, 1.30
1746653486, 2, 911, 1022, 782, 4, 7.61%, 0, 153, 12, 1.31
1746653508, 2, 911, 1022, 782, 4, 7.61%, 0, 154, 12, 1.32
1746653714, 2, 911, 1022, 782, 4, 7.61%, 0, 155, 12, 1.31
1746653872, 2, 911, 1022, 782, 4, 7.61%, 0, 156, 12, 1.33
1746653910, 2, 911, 1022, 782, 4, 7.61%, 0, 157, 12, 1.30
1746654189, 2, 911, 1022, 782, 4, 7.61%, 0, 158, 12, 1.28
1746654200, 2, 911, 1023, 783, 4, 7.61%, 0, 158, 12, 1.32
1746654276, 2, 911, 1023, 783, 4, 7.61%, 0, 159, 12, 1.29
1746654446, 2, 911, 1023, 783, 4, 7.61%, 0, 160, 12, 1.24
1746654518, 2, 911, 1023, 783, 4, 7.61%, 0, 161, 12, 1.25
1746654557, 2, 911, 1023, 783, 4, 7.61%, 0, 162, 12, 1.27
1746654584, 2, 911, 1023, 783, 4, 7.61%, 0, 163, 12, 1.24
1746654656, 2, 911, 1023, 783, 4, 7.61%, 0, 164, 12, 1.26
1746654844, 2, 911, 1023, 783, 4, 7.61%, 0, 165, 12, 1.22
1746654894, 2, 911, 1023, 783, 4, 7.61%, 0, 166, 12, 1.27
1746654933, 2, 911, 1023, 783, 4, 7.61%, 0, 167, 12, 1.29
1746654994, 2, 911, 1023, 783, 4, 7.61%, 0, 168, 12, 1.27
1746655038, 2, 911, 1023, 783, 4, 7.61%, 0, 169, 12, 1.28
1746655043, 2, 911, 1023, 783, 4, 7.61%, 0, 171, 12, 1.24
1746655060, 2, 911, 1023, 783, 4, 7.61%, 0, 172, 12, 1.32
1746655065, 2, 911, 1023, 783, 4, 7.61%, 0, 173, 12, 1.34
1746655076, 2, 911, 1023, 783, 4, 7.61%, 0, 174, 12, 1.27
1746655103, 2, 911, 1023, 783, 4, 7.61%, 0, 177, 12, 1.30
1746655114, 2, 911, 1023, 783, 4, 7.61%, 0, 178, 12, 1.27
1746655131, 2, 911, 1023, 783, 4, 7.61%, 0, 179, 12, 1.31
